model,num_irrelevant,max_allowed_features,target_feature,dataset,year_start,year_end,splitsize,max_lag,init_lag,max_forecast,mae_score,corr_score,n_total_features,selected_feature_list,feature_importances,selected_features
LRforcedPSO,0,10,shSICmar,slow,1514.5,2005.5,0.8,15,1,1,14.990414081231908,-0.0005485914470238547,1755,"['4_lag_mhfATL45', '7_lag_ormenSSTjfm', '1_lag_14_median_eapPSLjfm', '1_lag_5_median_amo2', '10_lag_nhSICjfm', '1_lag_10_median_scpPSLjfm', '1_lag_9_median_nhTSjfm', '1_lag_14_median_nhSICsep', '1_lag_2_median_traDS', '6_lag_atlSICjfm']","[0.9885282550876049, 0.6688713194335438, 7.728625837713118, 2.8767592803769038, 9.038559249491202, 4.718768322501422, 5.371499084679822, 3.1290961119983107, 2.3397533348181128, 0.9609793785845415]","4_lag_mhfATL45, 7_lag_ormenSSTjfm, 1_lag_14_median_eapPSLjfm, 1_lag_5_median_amo2, 10_lag_nhSICjfm, 1_lag_10_median_scpPSLjfm, 1_lag_9_median_nhTSjfm, 1_lag_14_median_nhSICsep, 1_lag_2_median_traDS, 6_lag_atlSICjfm_1755_1"
LRforcedPSO,1,10,shSICmar,slow,1515.5,2005.5,0.8,16,1,1,23.95294369436669,-0.32097381017124643,1885,"['1_lag_2_median_traEC', '1_lag_11_median_shSICsep', '10_lag_nchinaPRjja', '1_lag_2_median_traTLS', '6_lag_nhSICsep', '1_lag_13_median_ginwSSTjfm', '1_lag_5_median_solFORC', '1_lag_6_median_AMOCann', '1_lag_15_median_stratZ50ndj03', '1_lag_tripol2']","[3.0130671327654674, 6.553460682749126, 0.7360708894873298, 6.755001223038146, 5.292149611853565, 5.130738792856253, 0.08550135605561593, 0.6813146549736757, 0.34856023264673475, 3.212753671818051]","1_lag_2_median_traEC, 1_lag_11_median_shSICsep, 10_lag_nchinaPRjja, 1_lag_2_median_traTLS, 6_lag_nhSICsep, 1_lag_13_median_ginwSSTjfm, 1_lag_5_median_solFORC, 1_lag_6_median_AMOCann, 1_lag_15_median_stratZ50ndj03, 1_lag_tripol2_1885_1"
LRforcedPSO,2,10,shSICmar,slow,1516.5,2005.5,0.8,17,1,1,16.867245319953476,-0.05118627538420147,2015,"['1_lag_6_median_nhSICjfm', '9_lag_traBS', '9_lag_scpPSLjfm', '1_lag_2_median_stratZ50ndj03', '2_lag_amo2', '16_lag_eapPSLjfm', '1_lag_16_median_amo1', '7_lag_amo2', '1_lag_6_median_nppc2SSTjfm', '1_lag_5_median_tripol2']","[3.002229776985194, 0.5996208225242334, 9.221467198888567, 2.0070852491646214, 3.755859674954749, 4.678877735110212, 1.9375505719882398, 2.3344326367679926, 1.7398810671926874, 4.027370251616329]","1_lag_6_median_nhSICjfm, 9_lag_traBS, 9_lag_scpPSLjfm, 1_lag_2_median_stratZ50ndj03, 2_lag_amo2, 16_lag_eapPSLjfm, 1_lag_16_median_amo1, 7_lag_amo2, 1_lag_6_median_nppc2SSTjfm, 1_lag_5_median_tripol2_2015_1"
LRforcedPSO,3,10,shSICmar,slow,1517.5,2005.5,0.8,18,1,1,18.736662929715884,-0.20977081077212392,2145,"['1_lag_7_median_amo1', '4_lag_ginwSSTjfm', '1_lag_13_median_mhfATL45', '13_lag_wnorPRjfm', '14_lag_alpi', '9_lag_ginwSSTjfm', '1_lag_14_median_tripol1', '1_lag_4_median_stratZ50ndj01', '2_lag_ginwSSTjfm', '1_lag_4_median_traFB']","[0.4866235451869301, 0.29971347090453015, 5.700933090190152, 2.766333758820143, 1.726858050237416, 6.589037420977316, 4.28398642286991, 4.387990871601925, 0.4353909180989213, 6.829188879397474]","1_lag_7_median_amo1, 4_lag_ginwSSTjfm, 1_lag_13_median_mhfATL45, 13_lag_wnorPRjfm, 14_lag_alpi, 9_lag_ginwSSTjfm, 1_lag_14_median_tripol1, 1_lag_4_median_stratZ50ndj01, 2_lag_ginwSSTjfm, 1_lag_4_median_traFB_2145_1"
LRforcedPSO,4,10,shSICmar,slow,1518.5,2005.5,0.8,19,1,1,14.609969720883873,0.1132170994859513,2275,"['12_lag_ismPRjja', '9_lag_ensoSSTjfm', '1_lag_10_median_mhfATL30', '11_lag_glTSjfm', '12_lag_satlSSTjfm', '1_lag_4_median_amo3', '10_lag_ismPRjja', '5_lag_seurTSjfm', '13_lag_nhTSjfm', '11_lag_shSICmar']","[1.009814722526393, 3.0827933784003854, 5.856774427507007, 1.0764663138769848, 4.755916759914502, 6.6054733057551696, 0.2889575476559987, 4.629121834631853, 0.6840669869259841, 4.605926886090717]","12_lag_ismPRjja, 9_lag_ensoSSTjfm, 1_lag_10_median_mhfATL30, 11_lag_glTSjfm, 12_lag_satlSSTjfm, 1_lag_4_median_amo3, 10_lag_ismPRjja, 5_lag_seurTSjfm, 13_lag_nhTSjfm, 11_lag_shSICmar_2275_1"
LRforcedPSO,5,10,shSICmar,slow,1519.5,2005.5,0.8,20,1,1,15.723560323018912,0.03938817951175734,2405,"['17_lag_traWP', '19_lag_nchinaPRjja', '5_lag_traIFC', '1_lag_12_median_traEC', '2_lag_traWP', '1_lag_4_median_neurTSjfm', '3_lag_stratZ50ndj01', '1_lag_7_median_nhSICjfm', '16_lag_traEU', '1_lag_nppc3SSTjfm']","[0.832136349968815, 0.2919250674392977, 1.0829352962626348, 6.286321846867439, 1.9160600897245423, 4.128732800605679, 0.8051576327486121, 4.177619379681946, 3.7241580510404013, 5.810178290364531]","17_lag_traWP, 19_lag_nchinaPRjja, 5_lag_traIFC, 1_lag_12_median_traEC, 2_lag_traWP, 1_lag_4_median_neurTSjfm, 3_lag_stratZ50ndj01, 1_lag_7_median_nhSICjfm, 16_lag_traEU, 1_lag_nppc3SSTjfm_2405_1"
LRforcedPSO,6,10,shSICmar,slow,1520.5,2005.5,0.8,21,1,1,19.813214963070667,0.14741352112582237,2535,"['1_lag_6_median_glomaSSTjfm', '13_lag_atlSICsep', '19_lag_glTSjfm', '8_lag_alpi', '18_lag_nppc2SSTjfm', '20_lag_traBS', '1_lag_17_median_satlSSTjfm', '1_lag_10_median_seurTSjfm', '1_lag_nppc3SSTjfm', '7_lag_satlSSTjfm']","[1.6391989840633077, 6.056043653787807, 1.0908200310368326, 6.746949843352279, 1.43305693031661, 6.151269132398298, 5.047101502096458, 0.43979669534702026, 2.993636519647783, 0.8127955629991881]","1_lag_6_median_glomaSSTjfm, 13_lag_atlSICsep, 19_lag_glTSjfm, 8_lag_alpi, 18_lag_nppc2SSTjfm, 20_lag_traBS, 1_lag_17_median_satlSSTjfm, 1_lag_10_median_seurTSjfm, 1_lag_nppc3SSTjfm, 7_lag_satlSSTjfm_2535_1"
LRforcedPSO,7,10,shSICmar,slow,1521.5,2005.5,0.8,22,1,1,12.526502439141067,0.26023565691981854,2665,"['20_lag_naoPSLjfm', '16_lag_stratZ50ndj04', '1_lag_7_median_mhfATL45', '1_lag_16_median_gyreSSTjfm', '16_lag_tripol2', '15_lag_nhSICjfm', '1_lag_4_median_cetTSjfm', '16_lag_traTLS', '1_lag_eurPSLjfm', '1_lag_12_median_stratZ50ndj01']","[3.4358523961582854, 0.933316554633608, 4.796797926434582, 0.2062135564528571, 2.058641299464952, 0.6989719133845753, 3.2039143674294444, 5.439607537461109, 7.458929148264259, 1.5668855280100829]","20_lag_naoPSLjfm, 16_lag_stratZ50ndj04, 1_lag_7_median_mhfATL45, 1_lag_16_median_gyreSSTjfm, 16_lag_tripol2, 15_lag_nhSICjfm, 1_lag_4_median_cetTSjfm, 16_lag_traTLS, 1_lag_eurPSLjfm, 1_lag_12_median_stratZ50ndj01_2665_1"
LRforcedPSO,8,10,shSICmar,slow,1522.5,2005.5,0.8,23,1,1,17.75127609269968,0.33913869464074664,2795,"['1_lag_18_median_stratZ50ndj01', '1_lag_18_median_cetTSjfm', '14_lag_stratZ50ndj04', '10_lag_nchinaPRjja', '20_lag_ismPRjja', '1_lag_14_median_solFORC', '2_lag_stratZ50ndj03', '1_lag_16_median_tripol1', '1_lag_4_median_stratZ50ndj04', '10_lag_shTSjfm']","[8.405621308255078, 2.234403609773974, 1.2765172842045978, 4.334658865234374, 1.9627085564615587, 6.86966251409023, 0.9924478021473924, 5.950472458229057, 4.975321878219724, 1.6947660847716186]","1_lag_18_median_stratZ50ndj01, 1_lag_18_median_cetTSjfm, 14_lag_stratZ50ndj04, 10_lag_nchinaPRjja, 20_lag_ismPRjja, 1_lag_14_median_solFORC, 2_lag_stratZ50ndj03, 1_lag_16_median_tripol1, 1_lag_4_median_stratZ50ndj04, 10_lag_shTSjfm_2795_1"
LRforcedPSO,9,10,shSICmar,slow,1523.5,2005.5,0.8,24,1,1,14.853610218590582,0.07247293818655809,2925,"['10_lag_mhfIP30', '1_lag_5_median_mhfIP30', '1_lag_9_median_atlSICjfm', '1_lag_13_median_nhSICsep', '18_lag_seurTSjfm', '1_lag_22_median_satlSSTjfm', '1_lag_4_median_nchinaPRjja', '1_lag_18_median_amo1', '21_lag_traIFC', '1_lag_4_median_mhfATL45']","[2.36929635696635, 3.167456619133395, 5.424871716680364, 2.790424335673068, 0.7577243236706579, 1.6409937530463736, 3.6683632145812473, 5.849301158573709, 9.061682384365941, 0.5994131396160007]","10_lag_mhfIP30, 1_lag_5_median_mhfIP30, 1_lag_9_median_atlSICjfm, 1_lag_13_median_nhSICsep, 18_lag_seurTSjfm, 1_lag_22_median_satlSSTjfm, 1_lag_4_median_nchinaPRjja, 1_lag_18_median_amo1, 21_lag_traIFC, 1_lag_4_median_mhfATL45_2925_1"
LRforcedPSO,10,10,shSICmar,slow,1524.5,2005.5,0.8,25,1,1,29.674704431507315,-0.24119192267768144,3055,"['1_lag_6_median_nppc2SSTjfm', '10_lag_pdoSSTjfm', '17_lag_pdoSSTjfm', '1_lag_8_median_mhfATL60', '1_lag_16_median_stratZ50ndj04', '3_lag_traWP', '1_lag_11_median_traDP', '6_lag_satlSSTjfm', '5_lag_nppc3SSTjfm', '1_lag_16_median_traBO']","[1.5440131652948157, 1.006746075102015, 3.6889569115168763, 2.7672841383760236, 2.200801459571613, 5.076815138460542, 7.5622417863038045, 1.1557339597030243, 0.5817525568188451, 0.7088222730345155]","1_lag_6_median_nppc2SSTjfm, 10_lag_pdoSSTjfm, 17_lag_pdoSSTjfm, 1_lag_8_median_mhfATL60, 1_lag_16_median_stratZ50ndj04, 3_lag_traWP, 1_lag_11_median_traDP, 6_lag_satlSSTjfm, 5_lag_nppc3SSTjfm, 1_lag_16_median_traBO_3055_1"
LRforcedPSO,11,10,shSICmar,slow,1525.5,2005.5,0.8,26,1,1,27.65743164307183,0.0830242464295102,3185,"['1_lag_2_median_traEC', '1_lag_5_median_samPSLann', '1_lag_4_median_eapPSLjfm', '15_lag_stratZ50ndj01', '1_lag_7_median_shTSjfm', '6_lag_traDS', '10_lag_eapPSLjfm', '3_lag_satlSSTjfm', '1_lag_15_median_AMOCann', '1_lag_24_median_ensoSSTjfm']","[3.904701110791473, 1.6136010452250709, 1.563182040812027, 2.1776754777219605, 3.1860702135510692, 6.389661454410307, 0.6242868931509538, 3.705471719557507, 4.209845891463431, 0.7091698209157222]","1_lag_2_median_traEC, 1_lag_5_median_samPSLann, 1_lag_4_median_eapPSLjfm, 15_lag_stratZ50ndj01, 1_lag_7_median_shTSjfm, 6_lag_traDS, 10_lag_eapPSLjfm, 3_lag_satlSSTjfm, 1_lag_15_median_AMOCann, 1_lag_24_median_ensoSSTjfm_3185_1"
LRforcedPSO,12,10,shSICmar,slow,1526.5,2005.5,0.8,27,1,1,16.199593885887825,-0.10729187695047229,3315,"['1_lag_6_median_wnorPRjfm', '1_lag_6_median_satlSSTjfm', '3_lag_gyreSSTjfm', '26_lag_traFB', '1_lag_26_median_naoPSLjfm', '1_lag_5_median_arcTSjfm', '1_lag_8_median_traFSC', '21_lag_mhfATL60', '1_lag_24_median_traDS', '1_lag_2_median_samPSLann']","[5.208315468853161, 5.7824782753555715, 0.3076461238708834, 5.246819910043385, 0.5567860135682139, 3.0273355849830086, 2.194983001050792, 3.086291062493821, 2.5651425802626076, 4.196505557155225]","1_lag_6_median_wnorPRjfm, 1_lag_6_median_satlSSTjfm, 3_lag_gyreSSTjfm, 26_lag_traFB, 1_lag_26_median_naoPSLjfm, 1_lag_5_median_arcTSjfm, 1_lag_8_median_traFSC, 21_lag_mhfATL60, 1_lag_24_median_traDS, 1_lag_2_median_samPSLann_3315_1"
LRforcedPSO,13,10,shSICmar,slow,1527.5,2005.5,0.8,28,1,1,24.54903872423142,-0.10902795886326688,3445,"['1_lag_2_median_tripol2', '1_lag_26_median_tripol3', '11_lag_wnorPRjfm', '1_lag_17_median_amo2', '1_lag_4_median_mhfATL60', '1_lag_14_median_shTSjfm', '1_lag_18_median_gyreSSTjfm', '11_lag_shTSjfm', '26_lag_traTLS', '1_lag_25_median_yrvPRjja']","[1.3015283363460757, 0.13312620866600966, 0.5143899142665891, 0.45406832761047156, 2.6073451260933105, 4.408955526189258, 5.248960758433139, 0.5338603112004154, 4.025377436867142, 2.440615902417031]","1_lag_2_median_tripol2, 1_lag_26_median_tripol3, 11_lag_wnorPRjfm, 1_lag_17_median_amo2, 1_lag_4_median_mhfATL60, 1_lag_14_median_shTSjfm, 1_lag_18_median_gyreSSTjfm, 11_lag_shTSjfm, 26_lag_traTLS, 1_lag_25_median_yrvPRjja_3445_1"
LRforcedPSO,14,10,shSICmar,slow,1528.5,2005.5,0.8,29,1,1,14.781984316293736,0.07466324406031873,3575,"['2_lag_nppc3SSTjfm', '1_lag_28_median_eurPSLjfm', '24_lag_mhfATL45', '11_lag_nhSICsep', '23_lag_traIFC', '1_lag_20_median_alpi', '3_lag_mhfATL45', '1_lag_21_median_AMOCann', '1_lag_14_median_ormenSSTjfm', '1_lag_9_median_amo2']","[2.2064162505349465, 2.1546711080183396, 0.49941427185559206, 2.7077411026266045, 0.8687736259555905, 2.9696103686659825, 2.265233500642612, 7.9495963065385356, 8.534646720872292, 2.7926666066847243]","2_lag_nppc3SSTjfm, 1_lag_28_median_eurPSLjfm, 24_lag_mhfATL45, 11_lag_nhSICsep, 23_lag_traIFC, 1_lag_20_median_alpi, 3_lag_mhfATL45, 1_lag_21_median_AMOCann, 1_lag_14_median_ormenSSTjfm, 1_lag_9_median_amo2_3575_1"
LRforcedPSO,15,10,shSICmar,slow,1529.5,2005.5,0.8,30,1,1,16.0245913038658,-0.04080019875928971,3705,"['10_lag_nhTSjfm', '3_lag_mhfATL45', '1_lag_13_median_mhfATL45', '1_lag_10_median_traFS', '1_lag_16_median_stratZ50ndj02', '23_lag_traBS', '1_lag_17_median_tripol2', '1_lag_29_median_nhTSjfm', '28_lag_glomaSSTjfm', '1_lag_18_median_nppc2SSTjfm']","[4.4899510415331605, 1.3820646643079577, 1.1148245505580974, 2.159136939523984, 1.5232107356852254, 4.508148685412863, 1.0882150926191514, 0.029979903407340913, 0.07575581712853108, 1.7316883335899327]","10_lag_nhTSjfm, 3_lag_mhfATL45, 1_lag_13_median_mhfATL45, 1_lag_10_median_traFS, 1_lag_16_median_stratZ50ndj02, 23_lag_traBS, 1_lag_17_median_tripol2, 1_lag_29_median_nhTSjfm, 28_lag_glomaSSTjfm, 1_lag_18_median_nppc2SSTjfm_3705_1"
LRforcedPSO,16,10,shSICmar,slow,1530.5,2005.5,0.8,31,1,1,18.587405605964523,0.13932912064261252,3835,"['4_lag_ensoSSTjfm', '29_lag_ginwSSTjfm', '13_lag_amo1', '1_lag_6_median_amoSSTmjjaso', '1_lag_13_median_mhfATL30', '1_lag_18_median_alpi', '9_lag_seurTSjfm', '2_lag_traFB', '1_lag_13_median_ginwSSTjfm', '1_lag_18_median_traFB']","[3.234145948252234, 5.2512712965914154, 1.5996844682999996, 1.8086999989793302, 2.7125188100865234, 4.812926866225414, 2.0261128431438618, 4.224095936364947, 4.682133538758926, 4.0668474842031515]","4_lag_ensoSSTjfm, 29_lag_ginwSSTjfm, 13_lag_amo1, 1_lag_6_median_amoSSTmjjaso, 1_lag_13_median_mhfATL30, 1_lag_18_median_alpi, 9_lag_seurTSjfm, 2_lag_traFB, 1_lag_13_median_ginwSSTjfm, 1_lag_18_median_traFB_3835_1"
LRforcedPSO,17,10,shSICmar,slow,1531.5,2005.5,0.8,32,2,2,12.011958451076067,0.32883155389282137,3835,"['9_lag_traEU', '3_lag_atlSICjfm', '21_lag_nhSICjfm', '18_lag_tripol2', '2_lag_6_median_AMOCann', '2_lag_7_median_tripol2', '11_lag_nppc2SSTjfm', '24_lag_AMOCann', '18_lag_ginwSSTjfm', '2_lag_21_median_gyreSSTjfm']","[0.5461486598417604, 4.528854055159325, 0.7752530795657275, 1.8976147519766666, 1.9555329825560008, 4.276145817873003, 3.2036298986067173, 0.1725084836321873, 1.5094261759059702, 0.13619121823825964]","9_lag_traEU, 3_lag_atlSICjfm, 21_lag_nhSICjfm, 18_lag_tripol2, 2_lag_6_median_AMOCann, 2_lag_7_median_tripol2, 11_lag_nppc2SSTjfm, 24_lag_AMOCann, 18_lag_ginwSSTjfm, 2_lag_21_median_gyreSSTjfm_3835_2"
LRforcedPSO,18,10,shSICmar,slow,1532.5,2005.5,0.8,33,3,3,14.710716725524223,0.1411510192507912,3835,"['12_lag_traEC', '3_lag_14_median_ismPRjja', '3_lag_24_median_traFS', '9_lag_atlSICjfm', '7_lag_traDP', '3_lag_32_median_glomaSSTjfm', '29_lag_traDS', '3_lag_31_median_scpPSLjfm', '16_lag_tripol2', '3_lag_27_median_shTSjfm']","[5.09263177490099, 3.953713042242164, 3.1566322641515843, 2.7485622163174472, 0.6701196590899663, 4.20545423740257, 0.49613251727134866, 1.6851590884293, 4.454766829842477, 7.888987970547929]","12_lag_traEC, 3_lag_14_median_ismPRjja, 3_lag_24_median_traFS, 9_lag_atlSICjfm, 7_lag_traDP, 3_lag_32_median_glomaSSTjfm, 29_lag_traDS, 3_lag_31_median_scpPSLjfm, 16_lag_tripol2, 3_lag_27_median_shTSjfm_3835_3"
LRforcedPSO,19,10,shSICmar,slow,1533.5,2005.5,0.8,34,4,4,13.404798089191926,0.02599986001045617,3835,"['4_lag_8_median_nhTSjfm', '4_lag_13_median_shTSjfm', '4_lag_11_median_ginwSSTjfm', '4_lag_14_median_yrvPRjja', '4_lag_5_median_traIT', '6_lag_satlSSTjfm', '10_lag_shSICmar', '4_lag_17_median_arcTSjfm', '4_lag_30_median_tripol2', '4_lag_28_median_solFORC']","[0.9120313324616696, 0.21245340943247015, 0.41148278619096423, 2.58422696644274, 3.0489394189137737, 5.425980122371272, 4.781688205268004, 0.7119717647775392, 2.022142287888066, 2.0740928450866285]","4_lag_8_median_nhTSjfm, 4_lag_13_median_shTSjfm, 4_lag_11_median_ginwSSTjfm, 4_lag_14_median_yrvPRjja, 4_lag_5_median_traIT, 6_lag_satlSSTjfm, 10_lag_shSICmar, 4_lag_17_median_arcTSjfm, 4_lag_30_median_tripol2, 4_lag_28_median_solFORC_3835_4"
LRforcedPSO,20,10,shSICmar,slow,1534.5,2005.5,0.8,35,5,5,18.845622338568138,-0.09676858483876632,3835,"['22_lag_nchinaPRjja', '10_lag_traWP', '5_lag_19_median_labSSTjfm', '5_lag_28_median_mhfATL60', '24_lag_traCA', '5_lag_10_median_glTSjfm', '5_lag_11_median_AMOCann', '5_lag_27_median_gyreSSTjfm', '12_lag_amoSSTmjjaso', '5_lag_20_median_traIT']","[4.53036674927932, 3.4671942879386624, 4.506112399211963, 4.520223477217648, 3.6487843272829945, 1.9944679543780843, 0.8441352103490232, 5.044640199522451, 2.7493291475280435, 4.357948920606624]","22_lag_nchinaPRjja, 10_lag_traWP, 5_lag_19_median_labSSTjfm, 5_lag_28_median_mhfATL60, 24_lag_traCA, 5_lag_10_median_glTSjfm, 5_lag_11_median_AMOCann, 5_lag_27_median_gyreSSTjfm, 12_lag_amoSSTmjjaso, 5_lag_20_median_traIT_3835_5"
LRforcedPSO,21,10,shSICmar,slow,1535.5,2005.5,0.8,36,6,6,21.29936367209296,-0.2592291415975904,3835,"['6_lag_14_median_traIT', '34_lag_solFORC', '6_lag_17_median_solFORC', '30_lag_labSSTjfm', '14_lag_ginwSSTjfm', '6_lag_11_median_arcTSjfm', '6_lag_23_median_atlSICsep', '6_lag_32_median_traEC', '6_lag_27_median_traFB', '14_lag_traEC']","[1.9718551203753698, 4.027192915226671, 2.214706802707469, 4.073898537408938, 3.155397490989966, 0.09341919169345836, 4.8928354553756765, 0.5532597706970659, 4.358974960444687, 3.9661972491846633]","6_lag_14_median_traIT, 34_lag_solFORC, 6_lag_17_median_solFORC, 30_lag_labSSTjfm, 14_lag_ginwSSTjfm, 6_lag_11_median_arcTSjfm, 6_lag_23_median_atlSICsep, 6_lag_32_median_traEC, 6_lag_27_median_traFB, 14_lag_traEC_3835_6"
LRforcedPSO,22,10,shSICmar,slow,1536.5,2005.5,0.8,37,7,7,40.83514750852393,0.06900380720721361,3835,"['30_lag_shTSjfm', '20_lag_traIT', '7_lag_26_median_traIT', '13_lag_shTSjfm', '18_lag_traTLS', '7_lag_13_median_ismPRjja', '7_lag_27_median_arcTSjfm', '7_lag_34_median_AMOCann', '7_lag_22_median_satlSSTjfm', '7_lag_33_median_nchinaPRjja']","[2.6276129446776295, 3.6385224092224213, 0.6835567439801942, 2.7672689458974133, 0.9494590928422415, 2.9557461279724118, 0.8588303696966175, 0.5244427690805473, 6.65023842513795, 6.266875946580866]","30_lag_shTSjfm, 20_lag_traIT, 7_lag_26_median_traIT, 13_lag_shTSjfm, 18_lag_traTLS, 7_lag_13_median_ismPRjja, 7_lag_27_median_arcTSjfm, 7_lag_34_median_AMOCann, 7_lag_22_median_satlSSTjfm, 7_lag_33_median_nchinaPRjja_3835_7"
LRforcedPSO,23,10,shSICmar,slow,1537.5,2005.5,0.8,38,8,8,20.78729829938094,0.10973628778688872,3835,"['26_lag_nppc2SSTjfm', '29_lag_cetTSjfm', '21_lag_shTSjfm', '8_lag_13_median_ismPRjja', '30_lag_traEC', '8_lag_32_median_arcTSjfm', '13_lag_amo1', '36_lag_stratZ50ndj03', '13_lag_glomaSSTjfm', '8_lag_9_median_traFSC']","[0.34625866780187486, 0.20893785943773402, 0.44654477943870674, 3.445644909973904, 0.7514213609231639, 5.240480318401206, 3.2766849246674408, 3.652787196937557, 5.3570160425608515, 7.167115311880221]","26_lag_nppc2SSTjfm, 29_lag_cetTSjfm, 21_lag_shTSjfm, 8_lag_13_median_ismPRjja, 30_lag_traEC, 8_lag_32_median_arcTSjfm, 13_lag_amo1, 36_lag_stratZ50ndj03, 13_lag_glomaSSTjfm, 8_lag_9_median_traFSC_3835_8"
LRforcedPSO,24,10,shSICmar,slow,1538.5,2005.5,0.8,39,9,9,12.850385231332586,0.2896239093108397,3835,"['14_lag_traFS', '14_lag_traDP', '25_lag_traIT', '9_lag_12_median_traBO', '9_lag_11_median_traDP', '36_lag_ensoSSTjfm', '14_lag_atlSICsep', '23_lag_tripol3', '26_lag_AMOCann', '38_lag_shSICmar']","[3.6276518213625675, 7.881149169770893, 6.399596707405348, 0.7090844870848692, 9.53240066631771, 6.819310868868422, 2.0369033395851037, 0.46145970314445073, 5.486082853904543, 2.383105732888593]","14_lag_traFS, 14_lag_traDP, 25_lag_traIT, 9_lag_12_median_traBO, 9_lag_11_median_traDP, 36_lag_ensoSSTjfm, 14_lag_atlSICsep, 23_lag_tripol3, 26_lag_AMOCann, 38_lag_shSICmar_3835_9"
LRforcedPSO,25,10,shSICmar,slow,1539.5,2005.5,0.8,40,10,10,27.790197833770367,-0.05292882240141263,3835,"['10_lag_15_median_tripol1', '10_lag_27_median_mhfATL45', '38_lag_AMOCann', '10_lag_11_median_traEC', '10_lag_11_median_mhfIP30', '10_lag_29_median_seurTSjfm', '10_lag_16_median_gyreSSTjfm', '10_lag_39_median_eapPSLjfm', '10_lag_17_median_glomaSSTjfm', '10_lag_21_median_solFORC']","[3.940205751432204, 3.4188724382926257, 4.420496410129631, 2.6806425568386842, 3.3121875758622954, 2.4495843282031675, 3.6833841224567143, 1.6375828247991855, 5.599987811237996, 4.250488334870919]","10_lag_15_median_tripol1, 10_lag_27_median_mhfATL45, 38_lag_AMOCann, 10_lag_11_median_traEC, 10_lag_11_median_mhfIP30, 10_lag_29_median_seurTSjfm, 10_lag_16_median_gyreSSTjfm, 10_lag_39_median_eapPSLjfm, 10_lag_17_median_glomaSSTjfm, 10_lag_21_median_solFORC_3835_10"
LRforcedPSO,26,10,shSICmar,slow,1540.5,2005.5,0.8,41,11,11,17.780420222582414,-0.17073115077355985,3835,"['11_lag_25_median_ismPRjja', '11_lag_40_median_traFSC', '19_lag_scpPSLjfm', '20_lag_amo2', '31_lag_traEU', '27_lag_satlSSTjfm', '11_lag_16_median_traDP', '11_lag_33_median_stratZ50ndj03', '11_lag_30_median_wnorPRjfm', '11_lag_traEU']","[1.603169823076927, 6.653032146606385, 0.45828655233783167, 0.08926844906656406, 6.857110211296109, 6.4684750366574795, 0.040057553652481204, 1.8046637556739764, 0.1451381715195481, 0.9368210436171349]","11_lag_25_median_ismPRjja, 11_lag_40_median_traFSC, 19_lag_scpPSLjfm, 20_lag_amo2, 31_lag_traEU, 27_lag_satlSSTjfm, 11_lag_16_median_traDP, 11_lag_33_median_stratZ50ndj03, 11_lag_30_median_wnorPRjfm, 11_lag_traEU_3835_11"
LRforcedPSO,27,10,shSICmar,slow,1541.5,2005.5,0.8,42,12,12,20.63237685950457,0.005113657191623086,3835,"['24_lag_glomaSSTjfm', '12_lag_20_median_nhSICjfm', '32_lag_tripol2', '25_lag_traTLS', '21_lag_traDS', '15_lag_traFS', '12_lag_30_median_traIT', '12_lag_14_median_amo1', '12_lag_16_median_solFORC', '22_lag_atlSICjfm']","[3.719026878548517, 5.979268402751279, 1.1731533392573894, 3.4483382602853085, 0.3618405349854381, 1.554427186256742, 0.5250478810647241, 1.8667669770445947, 1.8719053214440606, 7.6929272761310585]","24_lag_glomaSSTjfm, 12_lag_20_median_nhSICjfm, 32_lag_tripol2, 25_lag_traTLS, 21_lag_traDS, 15_lag_traFS, 12_lag_30_median_traIT, 12_lag_14_median_amo1, 12_lag_16_median_solFORC, 22_lag_atlSICjfm_3835_12"
LRforcedPSO,28,10,shSICmar,slow,1542.5,2005.5,0.8,43,13,13,18.333080330292702,-0.3490898089093128,3835,"['33_lag_traMC', '13_lag_17_median_traMC', '19_lag_nhSICsep', '27_lag_pdoSSTjfm', '13_lag_stratZ50ndj03', '32_lag_pdoSSTjfm', '30_lag_traBO', '16_lag_scpPSLjfm', '34_lag_traFB', '34_lag_shSICmar']","[0.8516634480935856, 7.690533853555095, 0.3304703563281244, 3.4941528059642213, 3.680477004618183, 1.3380397288143229, 0.9102589345415257, 1.7096264251976088, 9.161889159200694, 3.8213925462292853]","33_lag_traMC, 13_lag_17_median_traMC, 19_lag_nhSICsep, 27_lag_pdoSSTjfm, 13_lag_stratZ50ndj03, 32_lag_pdoSSTjfm, 30_lag_traBO, 16_lag_scpPSLjfm, 34_lag_traFB, 34_lag_shSICmar_3835_13"
LRforcedPSO,29,10,shSICmar,slow,1543.5,2005.5,0.8,44,14,14,29.246790332791434,-0.07937447666219724,3835,"['14_lag_31_median_shTSjfm', '14_lag_42_median_mhfIP30', '16_lag_ormenSSTjfm', '27_lag_traBS', '14_lag_39_median_AMOCann', '14_lag_19_median_cetTSjfm', '14_lag_16_median_AMOCann', '21_lag_stratZ50ndj02', '14_lag_24_median_stratZ50ndj04', '15_lag_shTSjfm']","[3.7930074966234635, 1.5401856504118072, 1.60221423965152, 4.7822719070310065, 4.783792046932012, 5.872240710160943, 6.436437530237022, 0.08071369135496909, 1.981298059389987, 4.84506297020761]","14_lag_31_median_shTSjfm, 14_lag_42_median_mhfIP30, 16_lag_ormenSSTjfm, 27_lag_traBS, 14_lag_39_median_AMOCann, 14_lag_19_median_cetTSjfm, 14_lag_16_median_AMOCann, 21_lag_stratZ50ndj02, 14_lag_24_median_stratZ50ndj04, 15_lag_shTSjfm_3835_14"
LRforcedPSO,30,10,shSICmar,slow,1544.5,2005.5,0.8,45,15,15,14.567099077536165,0.012960186149137985,3835,"['33_lag_traIFC', '15_lag_36_median_traCA', '18_lag_AMOCann', '31_lag_traCA', '35_lag_tripol1', '37_lag_mhfATL30', '15_lag_33_median_amo2', '33_lag_traCA', '43_lag_ensoSSTjfm', '15_lag_41_median_traDP']","[1.230452836879456, 8.113508357868518, 1.9641345984290286, 0.9621966746919526, 1.9134601472257415, 1.3746468510208985, 4.2978280904870525, 0.5234277951878532, 2.492967450220963, 4.246025428265828]","33_lag_traIFC, 15_lag_36_median_traCA, 18_lag_AMOCann, 31_lag_traCA, 35_lag_tripol1, 37_lag_mhfATL30, 15_lag_33_median_amo2, 33_lag_traCA, 43_lag_ensoSSTjfm, 15_lag_41_median_traDP_3835_15"
LRforcedPSO,31,10,shSICmar,slow,1545.5,2005.5,0.8,46,16,16,15.482659735449397,0.20477183356343615,3835,"['16_lag_21_median_neurTSjfm', '39_lag_tripol1', '16_lag_23_median_traTLS', '25_lag_ormenSSTjfm', '45_lag_AMOCann', '21_lag_pdoSSTjfm', '16_lag_39_median_amo1', '32_lag_gyreSSTjfm', '36_lag_scpPSLjfm', '16_lag_18_median_ismPRjja']","[4.723237142214325, 0.5121919580726146, 4.190191592936547, 1.9407305122418865, 1.2238308403380636, 6.246977677735554, 2.845866530598931, 3.397393840960113, 0.7738672045612578, 2.4333002138978284]","16_lag_21_median_neurTSjfm, 39_lag_tripol1, 16_lag_23_median_traTLS, 25_lag_ormenSSTjfm, 45_lag_AMOCann, 21_lag_pdoSSTjfm, 16_lag_39_median_amo1, 32_lag_gyreSSTjfm, 36_lag_scpPSLjfm, 16_lag_18_median_ismPRjja_3835_16"
LRforcedPSO,32,10,shSICmar,slow,1546.5,2005.5,0.8,47,17,17,14.693201166072537,0.17681703272312033,3835,"['33_lag_solFORC', '17_lag_19_median_stratZ50ndj03', '46_lag_atlSICsep', '17_lag_38_median_traIT', '22_lag_stratZ50ndj03', '19_lag_eapPSLjfm', '17_lag_21_median_traIFC', '32_lag_traMC', '17_lag_33_median_neurTSjfm', '17_lag_28_median_labSSTjfm']","[3.2375812933811776, 4.674595001680487, 5.796784366142978, 4.103144247932291, 3.791671957227173, 4.1070724574343735, 0.1258678141930769, 3.7032312693143155, 1.992604278558412, 3.741619363878872]","33_lag_solFORC, 17_lag_19_median_stratZ50ndj03, 46_lag_atlSICsep, 17_lag_38_median_traIT, 22_lag_stratZ50ndj03, 19_lag_eapPSLjfm, 17_lag_21_median_traIFC, 32_lag_traMC, 17_lag_33_median_neurTSjfm, 17_lag_28_median_labSSTjfm_3835_17"
LRforcedPSO,33,10,shSICmar,slow,1547.5,2005.5,0.8,48,18,18,19.107608656969088,-0.09717195083050209,3835,"['18_lag_28_median_solFORC', '27_lag_traEC', '32_lag_neurTSjfm', '38_lag_traDS', '27_lag_shTSjfm', '34_lag_mhfATL60', '43_lag_alpi', '20_lag_scpPSLjfm', '18_lag_31_median_arcTSjfm', '18_lag_39_median_traWP']","[3.0091928997873296, 3.379864240859658, 6.700742870775935, 1.9737331633889745, 0.830015894968037, 1.78247020376957, 5.633917209211463, 2.558184828651971, 3.9182507322916553, 2.142707724059713]","18_lag_28_median_solFORC, 27_lag_traEC, 32_lag_neurTSjfm, 38_lag_traDS, 27_lag_shTSjfm, 34_lag_mhfATL60, 43_lag_alpi, 20_lag_scpPSLjfm, 18_lag_31_median_arcTSjfm, 18_lag_39_median_traWP_3835_18"
LRforcedPSO,34,10,shSICmar,slow,1548.5,2005.5,0.8,49,19,19,13.725566375028606,-0.13249535849905444,3835,"['19_lag_34_median_nppc3SSTjfm', '19_lag_30_median_ismPRjja', '19_lag_45_median_ismPRjja', '19_lag_23_median_AMOCann', '25_lag_nhSICsep', '23_lag_shSICsep', '19_lag_35_median_amo2', '19_lag_41_median_yrvPRjja', '36_lag_solFORC', '23_lag_traDS']","[0.18686725067817278, 2.469080293486745, 3.2680125209370576, 2.557658629699855, 2.8082821038260235, 5.411247840381122, 1.0135761988149383, 0.935248035631302, 3.52438909788765, 1.002647044664343]","19_lag_34_median_nppc3SSTjfm, 19_lag_30_median_ismPRjja, 19_lag_45_median_ismPRjja, 19_lag_23_median_AMOCann, 25_lag_nhSICsep, 23_lag_shSICsep, 19_lag_35_median_amo2, 19_lag_41_median_yrvPRjja, 36_lag_solFORC, 23_lag_traDS_3835_19"
LRforcedPSO,35,10,shSICmar,slow,1549.5,2005.5,0.8,50,20,20,18.592436142389737,-0.04709740124773029,3835,"['32_lag_traDS', '20_lag_41_median_eurPSLjfm', '20_lag_24_median_neurTSjfm', '20_lag_47_median_mhfATL45', '38_lag_traFB', '20_lag_25_median_wnorPRjfm', '29_lag_amo3', '35_lag_traBO', '38_lag_stratZ50ndj01', '20_lag_28_median_shSICsep']","[1.7044349091074729, 1.9671602579560794, 5.685622075933484, 8.529286681357204, 0.47900411537053955, 1.3521308914653574, 6.789178807936885, 3.7474899396141375, 2.038277050387144, 0.131506005893808]","32_lag_traDS, 20_lag_41_median_eurPSLjfm, 20_lag_24_median_neurTSjfm, 20_lag_47_median_mhfATL45, 38_lag_traFB, 20_lag_25_median_wnorPRjfm, 29_lag_amo3, 35_lag_traBO, 38_lag_stratZ50ndj01, 20_lag_28_median_shSICsep_3835_20"
LRforcedPSO,36,10,shSICmar,slow,1550.5,2005.5,0.8,51,21,21,23.364443967912088,-0.08649372275668328,3835,"['35_lag_traDS', '49_lag_nchinaPRjja', '21_lag_33_median_eurPSLjfm', '21_lag_43_median_atlSICjfm', '21_lag_41_median_atlSICjfm', '21_lag_50_median_amo1', '21_lag_23_median_nhSICsep', '50_lag_stratZ50ndj04', '21_lag_37_median_traBS', '21_lag_49_median_tripol3']","[2.9401772668014754, 1.502583124338095, 4.202384336267089, 9.053913489668119, 8.539082998603845, 1.1530381896646702, 0.8967538458390418, 5.041304195638681, 2.2262522039854744, 2.9282747336288573]","35_lag_traDS, 49_lag_nchinaPRjja, 21_lag_33_median_eurPSLjfm, 21_lag_43_median_atlSICjfm, 21_lag_41_median_atlSICjfm, 21_lag_50_median_amo1, 21_lag_23_median_nhSICsep, 50_lag_stratZ50ndj04, 21_lag_37_median_traBS, 21_lag_49_median_tripol3_3835_21"
LRforcedPSO,37,10,shSICmar,slow,1551.5,2005.5,0.8,52,22,22,20.36731655049051,0.005821113700592576,3835,"['49_lag_traCA', '29_lag_eapPSLjfm', '39_lag_nhSICsep', '46_lag_traIT', '49_lag_eapPSLjfm', '22_lag_30_median_naoPSLjfm', '30_lag_stratZ50ndj04', '22_lag_30_median_shTSjfm', '22_lag_30_median_satlSSTjfm', '22_lag_45_median_gyreSSTjfm']","[2.771681482476488, 2.406886849421017, 0.6334296798966772, 1.401429651625918, 1.4038082207377194, 5.710298590642335, 0.2078606694587677, 6.619389467235006, 0.02563309891115395, 2.285273064306086]","49_lag_traCA, 29_lag_eapPSLjfm, 39_lag_nhSICsep, 46_lag_traIT, 49_lag_eapPSLjfm, 22_lag_30_median_naoPSLjfm, 30_lag_stratZ50ndj04, 22_lag_30_median_shTSjfm, 22_lag_30_median_satlSSTjfm, 22_lag_45_median_gyreSSTjfm_3835_22"
LRforcedPSO,38,10,shSICmar,slow,1552.5,2005.5,0.8,53,23,23,16.949403988535668,-0.19244009274093526,3835,"['23_lag_42_median_stratZ50ndj02', '30_lag_shTSjfm', '51_lag_nhTSjfm', '25_lag_stratZ50ndj02', '37_lag_shSICsep', '23_lag_48_median_stratZ50ndj04', '32_lag_amo2', '23_lag_34_median_traBO', '45_lag_nhSICjfm', '50_lag_stratZ50ndj02']","[3.700613083496213, 2.8090201740723213, 2.9122734520337517, 0.23866504012242373, 4.516107501900342, 0.6289353746216708, 3.8536367891542707, 7.773171946575439, 1.7315854144654992, 3.9377114354034077]","23_lag_42_median_stratZ50ndj02, 30_lag_shTSjfm, 51_lag_nhTSjfm, 25_lag_stratZ50ndj02, 37_lag_shSICsep, 23_lag_48_median_stratZ50ndj04, 32_lag_amo2, 23_lag_34_median_traBO, 45_lag_nhSICjfm, 50_lag_stratZ50ndj02_3835_23"
LRforcedPSO,39,10,shSICmar,slow,1553.5,2005.5,0.8,54,24,24,14.145905146811186,0.004421585685192797,3835,"['24_lag_48_median_amo2', '24_lag_38_median_ismPRjja', '28_lag_traDP', '36_lag_nppc2SSTjfm', '24_lag_49_median_nhSICsep', '50_lag_ormenSSTjfm', '44_lag_amo1', '43_lag_ensoSSTjfm', '50_lag_nhTSjfm', '24_lag_43_median_atlSICjfm']","[4.2492950264374585, 0.09954125284893323, 3.636179813542057, 6.9224798291675285, 5.393775324734298, 3.5055704389526436, 1.1616551076193673, 4.632842105244357, 5.255613257277984, 0.6464719555339382]","24_lag_48_median_amo2, 24_lag_38_median_ismPRjja, 28_lag_traDP, 36_lag_nppc2SSTjfm, 24_lag_49_median_nhSICsep, 50_lag_ormenSSTjfm, 44_lag_amo1, 43_lag_ensoSSTjfm, 50_lag_nhTSjfm, 24_lag_43_median_atlSICjfm_3835_24"
LRforcedPSO,40,10,shSICmar,slow,1554.5,2005.5,0.8,55,25,25,20.702865779035683,-0.17765310778401233,3835,"['53_lag_nchinaPRjja', '25_lag_traBO', '41_lag_nppc2SSTjfm', '25_lag_29_median_ginwSSTjfm', '35_lag_eurPSLjfm', '25_lag_49_median_arcTSjfm', '30_lag_traEU', '29_lag_traDP', '25_lag_47_median_traWP', '25_lag_37_median_gyreSSTjfm']","[1.8154547491594073, 0.25864108903995664, 4.714103854505048, 0.288097768925919, 5.794723501342112, 1.8137916469886939, 1.6895202364943067, 0.8595210466693164, 5.49543842609439, 3.8788489163039763]","53_lag_nchinaPRjja, 25_lag_traBO, 41_lag_nppc2SSTjfm, 25_lag_29_median_ginwSSTjfm, 35_lag_eurPSLjfm, 25_lag_49_median_arcTSjfm, 30_lag_traEU, 29_lag_traDP, 25_lag_47_median_traWP, 25_lag_37_median_gyreSSTjfm_3835_25"
LRforcedPSO,41,10,shSICmar,slow,1555.5,2005.5,0.8,56,26,26,17.2126800954487,-0.2553433346861311,3835,"['35_lag_pdoSSTjfm', '26_lag_38_median_solFORC', '52_lag_traFSC', '29_lag_cetTSjfm', '26_lag_47_median_traFB', '34_lag_traCA', '27_lag_tripol1', '36_lag_tripol2', '26_lag_39_median_mhfATL30', '26_lag_42_median_traTLS']","[3.3941559817539524, 0.05723133439008876, 1.3406175270316858, 4.432644311571947, 6.8868049517105305, 2.316599806112219, 3.2167792345221606, 1.6210199179715623, 9.025865439830842, 8.266362996265709]","35_lag_pdoSSTjfm, 26_lag_38_median_solFORC, 52_lag_traFSC, 29_lag_cetTSjfm, 26_lag_47_median_traFB, 34_lag_traCA, 27_lag_tripol1, 36_lag_tripol2, 26_lag_39_median_mhfATL30, 26_lag_42_median_traTLS_3835_26"
LRforcedPSO,42,10,shSICmar,slow,1556.5,2005.5,0.8,57,27,27,18.248529478436712,-0.13913149802581454,3835,"['50_lag_nppc3SSTjfm', '51_lag_AMOCann', '27_lag_35_median_traFB', '49_lag_amo3', '27_lag_49_median_amo1', '49_lag_amo2', '27_lag_33_median_seurTSjfm', '43_lag_mhfATL45', '28_lag_traWP', '38_lag_pdoSSTjfm']","[7.63806172197998, 2.480522708568742, 4.39359561566806, 4.209042551585814, 0.8246711531598052, 2.1798709669525884, 2.714725836082321, 2.4267187878192757, 1.8411115641737972, 3.096255610422041]","50_lag_nppc3SSTjfm, 51_lag_AMOCann, 27_lag_35_median_traFB, 49_lag_amo3, 27_lag_49_median_amo1, 49_lag_amo2, 27_lag_33_median_seurTSjfm, 43_lag_mhfATL45, 28_lag_traWP, 38_lag_pdoSSTjfm_3835_27"
LRforcedPSO,43,10,shSICmar,slow,1557.5,2005.5,0.8,58,28,28,15.371312818577833,0.04543488754053071,3835,"['43_lag_wnorPRjfm', '28_lag_35_median_seurTSjfm', '28_lag_39_median_nhTSjfm', '56_lag_shTSjfm', '34_lag_pdoSSTjfm', '28_lag_36_median_tripol1', '28_lag_29_median_scpPSLjfm', '38_lag_stratZ50ndj02', '52_lag_traCA', '28_lag_56_median_nchinaPRjja']","[0.8459251536735639, 1.5967958673374216, 1.211585012304699, 2.512718523428388, 2.4291096805173673, 1.5933546526686104, 2.0379332061677307, 4.319380607938136, 8.21959220001095, 3.0853667104382554]","43_lag_wnorPRjfm, 28_lag_35_median_seurTSjfm, 28_lag_39_median_nhTSjfm, 56_lag_shTSjfm, 34_lag_pdoSSTjfm, 28_lag_36_median_tripol1, 28_lag_29_median_scpPSLjfm, 38_lag_stratZ50ndj02, 52_lag_traCA, 28_lag_56_median_nchinaPRjja_3835_28"
LRforcedPSO,44,10,shSICmar,slow,1558.5,2005.5,0.8,59,29,29,15.523628005358923,0.11834886816083945,3835,"['29_lag_52_median_arcTSjfm', '29_lag_53_median_tripol3', '39_lag_tripol2', '29_lag_46_median_traWP', '53_lag_glTSjfm', '44_lag_traWP', '29_lag_53_median_ormenSSTjfm', '29_lag_33_median_mhfIP30', '29_lag_49_median_traFSC', '52_lag_tripol1']","[1.9897079896845167, 4.007753432611578, 2.326725332135984, 0.9345972798424071, 7.41378044352484, 2.701337267318773, 3.990330490586813, 0.6308615793224739, 3.5830830048125417, 5.301268242105623]","29_lag_52_median_arcTSjfm, 29_lag_53_median_tripol3, 39_lag_tripol2, 29_lag_46_median_traWP, 53_lag_glTSjfm, 44_lag_traWP, 29_lag_53_median_ormenSSTjfm, 29_lag_33_median_mhfIP30, 29_lag_49_median_traFSC, 52_lag_tripol1_3835_29"
LRforcedPSO,45,10,shSICmar,slow,1559.5,2005.5,0.8,60,30,30,18.07734981843302,-0.0017668697748655215,3835,"['38_lag_amo1', '30_lag_32_median_ginwSSTjfm', '47_lag_mhfATL30', '30_lag_39_median_traFB', '30_lag_45_median_traEC', '54_lag_traFS', '40_lag_gyreSSTjfm', '30_lag_37_median_traFSC', '30_lag_45_median_atlSICjfm', '30_lag_50_median_ensoSSTjfm']","[1.8706804803387573, 0.5470218948915786, 1.7197825587724846, 0.9090599945501072, 5.5430896441172255, 1.384219577177845, 0.31812009584272616, 1.2768977316662404, 2.866033511576078, 2.235973849454986]","38_lag_amo1, 30_lag_32_median_ginwSSTjfm, 47_lag_mhfATL30, 30_lag_39_median_traFB, 30_lag_45_median_traEC, 54_lag_traFS, 40_lag_gyreSSTjfm, 30_lag_37_median_traFSC, 30_lag_45_median_atlSICjfm, 30_lag_50_median_ensoSSTjfm_3835_30"
LRforcedPSO,46,10,shSICmar,slow,1560.5,2005.5,0.8,61,31,31,15.812071562379993,-0.20941393785686052,3835,"['31_lag_34_median_arcTSjfm', '33_lag_eurPSLjfm', '31_lag_41_median_tripol1', '31_lag_50_median_traEU', '31_lag_40_median_traBO', '31_lag_56_median_traIFC', '31_lag_49_median_yrvPRjja', '48_lag_stratZ50ndj03', '45_lag_shSICmar', '31_lag_32_median_samPSLann']","[1.071101358183224, 1.9383852470042129, 1.7316732173608962, 0.5814750260080874, 3.7952641212504057, 1.458260732935452, 5.080841865280883, 0.5756368042300757, 6.519471271541515, 5.0213256515559195]","31_lag_34_median_arcTSjfm, 33_lag_eurPSLjfm, 31_lag_41_median_tripol1, 31_lag_50_median_traEU, 31_lag_40_median_traBO, 31_lag_56_median_traIFC, 31_lag_49_median_yrvPRjja, 48_lag_stratZ50ndj03, 45_lag_shSICmar, 31_lag_32_median_samPSLann_3835_31"
LRforcedPSO,47,10,shSICmar,slow,1561.5,2005.5,0.8,62,32,32,15.026712669569157,0.10383668845432953,3835,"['52_lag_pdoSSTjfm', '42_lag_ismPRjja', '37_lag_traBS', '32_lag_57_median_tripol2', '58_lag_mhfATL60', '32_lag_52_median_traCA', '32_lag_36_median_arcTSjfm', '32_lag_34_median_amo2', '32_lag_53_median_traFSC', '57_lag_amo3']","[0.9128642259772839, 1.8219940422070096, 7.783121129264451, 2.14156551803568, 7.148968801918791, 6.330849071670237, 7.241914320622037, 4.92886492843597, 2.66618533189356, 0.9916405463231186]","52_lag_pdoSSTjfm, 42_lag_ismPRjja, 37_lag_traBS, 32_lag_57_median_tripol2, 58_lag_mhfATL60, 32_lag_52_median_traCA, 32_lag_36_median_arcTSjfm, 32_lag_34_median_amo2, 32_lag_53_median_traFSC, 57_lag_amo3_3835_32"
LRforcedPSO,48,10,shSICmar,slow,1562.5,2005.5,0.8,63,33,33,19.590324485201112,-0.0856318442933319,3835,"['51_lag_traBS', '58_lag_gyreSSTjfm', '62_lag_traCA', '61_lag_traEC', '56_lag_amoSSTmjjaso', '52_lag_traEC', '33_lag_45_median_yrvPRjja', '33_lag_41_median_tripol3', '47_lag_shSICsep', '39_lag_samPSLann']","[4.000659489255376, 3.0458233969676662, 3.6171671239470466, 0.20097233458020547, 3.489822704011832, 1.7158412642531662, 8.039806198119397, 1.408376314663741, 3.080987307218206, 0.8802735027410886]","51_lag_traBS, 58_lag_gyreSSTjfm, 62_lag_traCA, 61_lag_traEC, 56_lag_amoSSTmjjaso, 52_lag_traEC, 33_lag_45_median_yrvPRjja, 33_lag_41_median_tripol3, 47_lag_shSICsep, 39_lag_samPSLann_3835_33"
LRforcedPSO,49,10,shSICmar,slow,1563.5,2005.5,0.8,64,34,34,13.036715273605937,0.18835569509266029,3835,"['34_lag_41_median_solFORC', '52_lag_nhTSjfm', '41_lag_traMC', '56_lag_tripol1', '51_lag_eurPSLjfm', '52_lag_shSICsep', '54_lag_nppc3SSTjfm', '36_lag_traTLS', '53_lag_eurPSLjfm', '34_lag_35_median_atlSICsep']","[2.2440302749848184, 3.4372264007138202, 6.224193799666146, 3.093989758379843, 6.120732235906015, 0.7262627379157287, 2.8760956445814045, 1.2618817114754357, 0.0022746099345667403, 0.30244433583599317]","34_lag_41_median_solFORC, 52_lag_nhTSjfm, 41_lag_traMC, 56_lag_tripol1, 51_lag_eurPSLjfm, 52_lag_shSICsep, 54_lag_nppc3SSTjfm, 36_lag_traTLS, 53_lag_eurPSLjfm, 34_lag_35_median_atlSICsep_3835_34"
LRforcedPSO,50,10,shSICmar,slow,1564.5,2005.5,0.8,65,35,35,17.415777369391964,0.17857311832344375,3835,"['50_lag_traTLS', '55_lag_shTSjfm', '35_lag_glTSjfm', '35_lag_47_median_traFB', '35_lag_40_median_arcTSjfm', '35_lag_traDS', '35_lag_49_median_mhfATL60', '35_lag_63_median_stratZ50ndj03', '35_lag_56_median_traMC', '35_lag_56_median_traCA']","[7.426815297000253, 0.09981046577600594, 0.1027299790427545, 3.868613158307756, 2.107988657625743, 3.2654302894058684, 9.649030503389486, 1.6796932644777272, 2.3625536690330424, 0.8491460640393544]","50_lag_traTLS, 55_lag_shTSjfm, 35_lag_glTSjfm, 35_lag_47_median_traFB, 35_lag_40_median_arcTSjfm, 35_lag_traDS, 35_lag_49_median_mhfATL60, 35_lag_63_median_stratZ50ndj03, 35_lag_56_median_traMC, 35_lag_56_median_traCA_3835_35"
LRforcedPSO,51,10,shSICmar,slow,1565.5,2005.5,0.8,66,36,36,14.901689960198189,0.16398475679348548,3835,"['44_lag_tripol1', '38_lag_labSSTjfm', '46_lag_shSICsep', '57_lag_atlSICjfm', '43_lag_traDS', '36_lag_42_median_naoPSLjfm', '65_lag_tripol3', '36_lag_50_median_glTSjfm', '36_lag_54_median_shSICmar', '36_lag_48_median_tripol2']","[1.325405282457094, 4.021234585971767, 2.9125781493587137, 6.623928520592656, 7.458858264240575, 5.347709242375757, 4.182451265855985, 0.545877744144434, 1.331370952119391, 1.0532435771632649]","44_lag_tripol1, 38_lag_labSSTjfm, 46_lag_shSICsep, 57_lag_atlSICjfm, 43_lag_traDS, 36_lag_42_median_naoPSLjfm, 65_lag_tripol3, 36_lag_50_median_glTSjfm, 36_lag_54_median_shSICmar, 36_lag_48_median_tripol2_3835_36"
LRforcedPSO,52,10,shSICmar,slow,1566.5,2005.5,0.8,67,37,37,21.89822187615202,-0.3568327110958533,3835,"['61_lag_mhfIP30', '37_lag_40_median_scpPSLjfm', '37_lag_61_median_alpi', '48_lag_tripol1', '62_lag_glomaSSTjfm', '55_lag_stratZ50ndj04', '37_lag_52_median_nchinaPRjja', '37_lag_58_median_atlSICsep', '37_lag_45_median_satlSSTjfm', '37_lag_40_median_mhfATL45']","[5.408452834839503, 0.7671557202291197, 2.14727813918665, 4.577153220424231, 0.13671144900344423, 2.830184506151239, 3.407995525295262, 1.2248218829100654, 6.075767899351824, 4.226642723652709]","61_lag_mhfIP30, 37_lag_40_median_scpPSLjfm, 37_lag_61_median_alpi, 48_lag_tripol1, 62_lag_glomaSSTjfm, 55_lag_stratZ50ndj04, 37_lag_52_median_nchinaPRjja, 37_lag_58_median_atlSICsep, 37_lag_45_median_satlSSTjfm, 37_lag_40_median_mhfATL45_3835_37"
LRforcedPSO,53,10,shSICmar,slow,1567.5,2005.5,0.8,68,38,38,15.175824297230236,-0.02400450879889516,3835,"['47_lag_nchinaPRjja', '56_lag_amoSSTmjjaso', '38_lag_67_median_mhfATL45', '38_lag_45_median_amoSSTmjjaso', '58_lag_nhTSjfm', '38_lag_56_median_satlSSTjfm', '57_lag_atlSICjfm', '38_lag_53_median_nhSICjfm', '41_lag_traMC', '38_lag_56_median_traDP']","[5.00916163746145, 0.9359631034545899, 1.848188384990845, 1.9758118542458263, 5.169286395040524, 1.7254800819550749, 0.95092272163701, 3.7228446331178127, 2.435920282782181, 3.4594555311877535]","47_lag_nchinaPRjja, 56_lag_amoSSTmjjaso, 38_lag_67_median_mhfATL45, 38_lag_45_median_amoSSTmjjaso, 58_lag_nhTSjfm, 38_lag_56_median_satlSSTjfm, 57_lag_atlSICjfm, 38_lag_53_median_nhSICjfm, 41_lag_traMC, 38_lag_56_median_traDP_3835_38"
LRforcedPSO,54,10,shSICmar,slow,1568.5,2005.5,0.8,69,39,39,20.00038393607664,0.13660645074507002,3835,"['48_lag_arcTSjfm', '39_lag_nppc2SSTjfm', '58_lag_traTLS', '59_lag_nchinaPRjja', '49_lag_tripol2', '56_lag_atlSICsep', '39_lag_62_median_traEU', '49_lag_shSICsep', '39_lag_traTLS', '39_lag_48_median_traBO']","[6.058147045587983, 0.7802946570485503, 2.5292740566665444, 0.4673583608235088, 1.8122155463897922, 3.474612118465041, 6.921698459773578, 4.62948019881434, 0.47985272657841627, 6.605356402995146]","48_lag_arcTSjfm, 39_lag_nppc2SSTjfm, 58_lag_traTLS, 59_lag_nchinaPRjja, 49_lag_tripol2, 56_lag_atlSICsep, 39_lag_62_median_traEU, 49_lag_shSICsep, 39_lag_traTLS, 39_lag_48_median_traBO_3835_39"
LRforcedPSO,55,10,shSICmar,slow,1569.5,2005.5,0.8,70,40,40,15.187822500915688,0.15466105726677973,3835,"['61_lag_mhfATL30', '40_lag_47_median_scpPSLjfm', '50_lag_glomaSSTjfm', '57_lag_ensoSSTjfm', '68_lag_neurTSjfm', '52_lag_stratZ50ndj02', '57_lag_traBS', '46_lag_traFS', '40_lag_60_median_nhTSjfm', '48_lag_traFS']","[1.0136287986640866, 0.5346731614826936, 3.0766471794713883, 0.7796662845108742, 0.7119145400102163, 4.60751754914779, 7.88333839343316, 4.176019385282977, 0.889714445993171, 2.105162081453159]","61_lag_mhfATL30, 40_lag_47_median_scpPSLjfm, 50_lag_glomaSSTjfm, 57_lag_ensoSSTjfm, 68_lag_neurTSjfm, 52_lag_stratZ50ndj02, 57_lag_traBS, 46_lag_traFS, 40_lag_60_median_nhTSjfm, 48_lag_traFS_3835_40"
LRforcedPSO,56,10,shSICmar,slow,1570.5,2005.5,0.8,71,41,41,14.719850985971734,0.060795974087136814,3835,"['41_lag_44_median_AMOCann', '41_lag_51_median_mhfIP30', '41_lag_56_median_nppc3SSTjfm', '41_lag_63_median_shSICsep', '41_lag_69_median_arcTSjfm', '47_lag_traWP', '41_lag_43_median_ormenSSTjfm', '61_lag_pdoSSTjfm', '41_lag_70_median_yrvPRjja', '62_lag_mhfATL60']","[3.291955729981739, 2.262040589152221, 4.465341792722645, 4.3926260689323, 5.275070774360053, 5.517132678788627, 0.773994684749141, 1.5541214590629604, 5.344512832886487, 1.5354454988405166]","41_lag_44_median_AMOCann, 41_lag_51_median_mhfIP30, 41_lag_56_median_nppc3SSTjfm, 41_lag_63_median_shSICsep, 41_lag_69_median_arcTSjfm, 47_lag_traWP, 41_lag_43_median_ormenSSTjfm, 61_lag_pdoSSTjfm, 41_lag_70_median_yrvPRjja, 62_lag_mhfATL60_3835_41"
LRforcedPSO,57,10,shSICmar,slow,1571.5,2005.5,0.8,72,42,42,17.71034103540911,-0.27321189838085513,3835,"['60_lag_glTSjfm', '51_lag_gyreSSTjfm', '46_lag_ismPRjja', '42_lag_43_median_traFB', '64_lag_stratZ50ndj01', '43_lag_tripol2', '56_lag_nppc2SSTjfm', '57_lag_mhfATL45', '67_lag_glTSjfm', '42_lag_52_median_eurPSLjfm']","[1.5625104124849347, 3.3368805391343415, 2.697924069095915, 3.848885369166057, 1.0252068850591751, 6.610974505415637, 1.490000564025193, 0.09689643061119568, 4.559237517134795, 0.1596843249743074]","60_lag_glTSjfm, 51_lag_gyreSSTjfm, 46_lag_ismPRjja, 42_lag_43_median_traFB, 64_lag_stratZ50ndj01, 43_lag_tripol2, 56_lag_nppc2SSTjfm, 57_lag_mhfATL45, 67_lag_glTSjfm, 42_lag_52_median_eurPSLjfm_3835_42"
LRforcedPSO,58,10,shSICmar,slow,1572.5,2005.5,0.8,73,43,43,12.879743920773137,0.2884063534068201,3835,"['43_lag_55_median_shTSjfm', '43_lag_45_median_traFSC', '43_lag_63_median_arcTSjfm', '43_lag_51_median_amo1', '43_lag_58_median_AMOCann', '43_lag_65_median_traBS', '43_lag_65_median_alpi', '43_lag_69_median_tripol2', '52_lag_tripol2', '69_lag_shSICsep']","[1.4532205767035773, 4.772835283150528, 3.1588996605896433, 4.0904772817788615, 3.5091846749187017, 2.400567651414793, 3.7890790556714258, 5.726926153909728, 3.16365963617028, 5.778871940227428]","43_lag_55_median_shTSjfm, 43_lag_45_median_traFSC, 43_lag_63_median_arcTSjfm, 43_lag_51_median_amo1, 43_lag_58_median_AMOCann, 43_lag_65_median_traBS, 43_lag_65_median_alpi, 43_lag_69_median_tripol2, 52_lag_tripol2, 69_lag_shSICsep_3835_43"
LRforcedPSO,59,10,shSICmar,slow,1573.5,2005.5,0.8,74,44,44,13.256569862812078,0.25591260931674925,3835,"['44_lag_47_median_cetTSjfm', '44_lag_68_median_shSICmar', '44_lag_63_median_solFORC', '44_lag_45_median_stratZ50ndj03', '58_lag_traMC', '51_lag_tripol2', '44_lag_52_median_mhfIP30', '44_lag_59_median_traIFC', '63_lag_shSICmar', '44_lag_63_median_naoPSLjfm']","[0.7400553378104426, 4.509498670527668, 7.2628138648626095, 1.0399828433985991, 2.139031738886832, 0.8525741992327553, 3.1277446198178733, 7.146939084523862, 1.542745894489208, 1.8194982550156507]","44_lag_47_median_cetTSjfm, 44_lag_68_median_shSICmar, 44_lag_63_median_solFORC, 44_lag_45_median_stratZ50ndj03, 58_lag_traMC, 51_lag_tripol2, 44_lag_52_median_mhfIP30, 44_lag_59_median_traIFC, 63_lag_shSICmar, 44_lag_63_median_naoPSLjfm_3835_44"
LRforcedPSO,60,10,shSICmar,slow,1574.5,2005.5,0.8,75,45,45,13.889504809308715,0.09436851334248346,3835,"['45_lag_71_median_traFB', '59_lag_ensoSSTjfm', '71_lag_tripol1', '70_lag_yrvPRjja', '45_lag_66_median_traFB', '45_lag_50_median_nhSICsep', '69_lag_tripol1', '58_lag_traEU', '45_lag_55_median_gyreSSTjfm', '55_lag_ginwSSTjfm']","[4.557787399103699, 6.701289754362579, 0.234527121698056, 4.9635609469695785, 6.012083082702679, 2.388255303663362, 3.333849502701378, 1.844990162983315, 1.3486813729618916, 2.3966374951001645]","45_lag_71_median_traFB, 59_lag_ensoSSTjfm, 71_lag_tripol1, 70_lag_yrvPRjja, 45_lag_66_median_traFB, 45_lag_50_median_nhSICsep, 69_lag_tripol1, 58_lag_traEU, 45_lag_55_median_gyreSSTjfm, 55_lag_ginwSSTjfm_3835_45"
LRforcedPSO,61,10,shSICmar,slow,1575.5,2005.5,0.8,76,46,46,12.708307904088354,0.30834026610094767,3835,"['67_lag_traBO', '61_lag_satlSSTjfm', '70_lag_nhSICjfm', '46_lag_70_median_tripol1', '69_lag_nhSICsep', '62_lag_traDP', '66_lag_amo2', '46_lag_56_median_ensoSSTjfm', '54_lag_traFS', '46_lag_65_median_ginwSSTjfm']","[5.723311629900378, 2.1646151536288656, 0.24283157174209968, 4.934598593041466, 4.45028293460858, 1.058520087268704, 5.099832796871637, 2.7014123867006923, 0.23366964087790265, 1.8717337509410399]","67_lag_traBO, 61_lag_satlSSTjfm, 70_lag_nhSICjfm, 46_lag_70_median_tripol1, 69_lag_nhSICsep, 62_lag_traDP, 66_lag_amo2, 46_lag_56_median_ensoSSTjfm, 54_lag_traFS, 46_lag_65_median_ginwSSTjfm_3835_46"
LRforcedPSO,62,10,shSICmar,slow,1576.5,2005.5,0.8,77,47,47,14.79060063117341,0.23992170863934456,3835,"['67_lag_cetTSjfm', '60_lag_traBO', '47_lag_50_median_alpi', '47_lag_66_median_glomaSSTjfm', '47_lag_50_median_yrvPRjja', '47_lag_54_median_yrvPRjja', '47_lag_59_median_labSSTjfm', '50_lag_yrvPRjja', '55_lag_wnorPRjfm', '47_lag_60_median_mhfATL45']","[4.308561115218714, 2.747860753273759, 2.4908842189750207, 4.774169024001507, 0.19223678717631287, 1.5901053160256389, 4.298610330541841, 0.8098247073008213, 2.1746300531492366, 0.42327672912691305]","67_lag_cetTSjfm, 60_lag_traBO, 47_lag_50_median_alpi, 47_lag_66_median_glomaSSTjfm, 47_lag_50_median_yrvPRjja, 47_lag_54_median_yrvPRjja, 47_lag_59_median_labSSTjfm, 50_lag_yrvPRjja, 55_lag_wnorPRjfm, 47_lag_60_median_mhfATL45_3835_47"
LRforcedPSO,63,10,shSICmar,slow,1577.5,2005.5,0.8,78,48,48,13.235286782693482,0.26120299468496233,3835,"['77_lag_tripol2', '48_lag_53_median_wnorPRjfm', '60_lag_stratZ50ndj03', '59_lag_pdoSSTjfm', '48_lag_49_median_nppc2SSTjfm', '48_lag_59_median_solFORC', '48_lag_60_median_nppc2SSTjfm', '75_lag_tripol1', '66_lag_atlSICsep', '48_lag_61_median_ensoSSTjfm']","[4.67278360500104, 2.108614947828757, 0.4611770190465023, 3.3417473019836237, 0.8298749615143883, 3.6450633603471116, 2.314630069233221, 1.3097554762280073, 3.8753403104782524, 3.8096878866540234]","77_lag_tripol2, 48_lag_53_median_wnorPRjfm, 60_lag_stratZ50ndj03, 59_lag_pdoSSTjfm, 48_lag_49_median_nppc2SSTjfm, 48_lag_59_median_solFORC, 48_lag_60_median_nppc2SSTjfm, 75_lag_tripol1, 66_lag_atlSICsep, 48_lag_61_median_ensoSSTjfm_3835_48"
LRforcedPSO,64,10,shSICmar,slow,1578.5,2005.5,0.8,79,49,49,17.258637138023435,-0.32630033715656037,3835,"['49_lag_63_median_nhSICsep', '49_lag_66_median_mhfATL30', '49_lag_71_median_eurPSLjfm', '72_lag_satlSSTjfm', '49_lag_75_median_nppc2SSTjfm', '51_lag_shTSjfm', '49_lag_77_median_labSSTjfm', '49_lag_72_median_samPSLann', '76_lag_nchinaPRjja', '60_lag_cetTSjfm']","[3.8533626186058045, 5.879389627191703, 6.462126020735369, 2.1961538763001354, 1.8269512611162817, 0.9170062680430178, 4.473421230693242, 5.993893060764089, 2.543731426503242, 3.0928228944721603]","49_lag_63_median_nhSICsep, 49_lag_66_median_mhfATL30, 49_lag_71_median_eurPSLjfm, 72_lag_satlSSTjfm, 49_lag_75_median_nppc2SSTjfm, 51_lag_shTSjfm, 49_lag_77_median_labSSTjfm, 49_lag_72_median_samPSLann, 76_lag_nchinaPRjja, 60_lag_cetTSjfm_3835_49"
LRforcedPSO,65,10,shSICmar,slow,1579.5,2005.5,0.8,80,50,50,11.74667656836401,0.24043642373045193,3835,"['50_lag_69_median_gyreSSTjfm', '50_lag_56_median_wnorPRjfm', '62_lag_nppc3SSTjfm', '67_lag_stratZ50ndj01', '57_lag_ismPRjja', '50_lag_78_median_yrvPRjja', '70_lag_eurPSLjfm', '72_lag_satlSSTjfm', '50_lag_75_median_ensoSSTjfm', '50_lag_69_median_labSSTjfm']","[2.002852710549279, 3.207574669395063, 2.4408215368576123, 1.7199608294859097, 0.9199505984222789, 1.354176037156357, 3.23016007805456, 2.318279932888279, 1.9904336621835501, 1.5118704062512407]","50_lag_69_median_gyreSSTjfm, 50_lag_56_median_wnorPRjfm, 62_lag_nppc3SSTjfm, 67_lag_stratZ50ndj01, 57_lag_ismPRjja, 50_lag_78_median_yrvPRjja, 70_lag_eurPSLjfm, 72_lag_satlSSTjfm, 50_lag_75_median_ensoSSTjfm, 50_lag_69_median_labSSTjfm_3835_50"
LRforcedPSO,66,10,shSICmar,slow,1580.5,2005.5,0.8,81,51,51,19.730796288278746,-0.3291636393895626,3835,"['51_lag_64_median_stratZ50ndj01', '51_lag_73_median_traEU', '51_lag_56_median_traFSC', '51_lag_67_median_glTSjfm', '72_lag_amoSSTmjjaso', '51_lag_72_median_eurPSLjfm', '51_lag_58_median_mhfIP30', '66_lag_solFORC', '71_lag_nhTSjfm', '69_lag_ismPRjja']","[0.5416375533224098, 2.220886978540344, 1.1699890262378254, 1.7053564704740474, 3.832750444547731, 2.1708601545639965, 0.5049108020374717, 1.731397955196062, 1.0764140325775902, 2.67599512478764]","51_lag_64_median_stratZ50ndj01, 51_lag_73_median_traEU, 51_lag_56_median_traFSC, 51_lag_67_median_glTSjfm, 72_lag_amoSSTmjjaso, 51_lag_72_median_eurPSLjfm, 51_lag_58_median_mhfIP30, 66_lag_solFORC, 71_lag_nhTSjfm, 69_lag_ismPRjja_3835_51"
LRforcedPSO,67,10,shSICmar,slow,1581.5,2005.5,0.8,82,52,52,15.642268412743341,-0.06530678728708278,3835,"['52_lag_75_median_mhfATL30', '52_lag_59_median_traIFC', '52_lag_56_median_mhfATL45', '55_lag_glomaSSTjfm', '52_lag_67_median_glTSjfm', '52_lag_70_median_eurPSLjfm', '52_lag_73_median_traIFC', '80_lag_eurPSLjfm', '61_lag_tripol2', '52_lag_70_median_traDP']","[4.731282754270727, 1.2683670275657182, 4.652790738110522, 2.612314213886835, 1.5995309977099037, 3.961796025072733, 0.8892280018508814, 0.24813565370958024, 3.885573391015246, 3.552995787258004]","52_lag_75_median_mhfATL30, 52_lag_59_median_traIFC, 52_lag_56_median_mhfATL45, 55_lag_glomaSSTjfm, 52_lag_67_median_glTSjfm, 52_lag_70_median_eurPSLjfm, 52_lag_73_median_traIFC, 80_lag_eurPSLjfm, 61_lag_tripol2, 52_lag_70_median_traDP_3835_52"
LRforcedPSO,68,10,shSICmar,slow,1582.5,2005.5,0.8,83,53,53,17.207602355555164,0.17592182979008417,3835,"['53_lag_74_median_tripol3', '67_lag_traIFC', '80_lag_traMC', '82_lag_arcTSjfm', '53_lag_61_median_labSSTjfm', '53_lag_68_median_traIT', '53_lag_70_median_traBO', '60_lag_cetTSjfm', '53_lag_64_median_stratZ50ndj02', '81_lag_mhfATL30']","[0.15177475768639326, 2.8280055367865735, 2.1914984906638004, 1.6016098146391933, 7.570247239795586, 5.3073777246769005, 1.7567343148732597, 2.4112412441411557, 6.38578640634776, 2.210712324528612]","53_lag_74_median_tripol3, 67_lag_traIFC, 80_lag_traMC, 82_lag_arcTSjfm, 53_lag_61_median_labSSTjfm, 53_lag_68_median_traIT, 53_lag_70_median_traBO, 60_lag_cetTSjfm, 53_lag_64_median_stratZ50ndj02, 81_lag_mhfATL30_3835_53"
LRforcedPSO,69,10,shSICmar,slow,1583.5,2005.5,0.8,84,54,54,15.509494367946678,0.042916556515064375,3835,"['54_lag_59_median_stratZ50ndj03', '54_lag_76_median_nhSICsep', '55_lag_ginwSSTjfm', '62_lag_tripol2', '56_lag_satlSSTjfm', '60_lag_nhSICjfm', '81_lag_tripol1', '81_lag_stratZ50ndj04', '67_lag_traIT', '54_lag_65_median_solFORC']","[1.5738392486211712, 2.9272147761144414, 2.3872816090199933, 8.741315611632324, 0.32922921610749434, 6.498446911314655, 4.365017757039102, 2.305473482120979, 2.0155121702289636, 3.7315712957283367]","54_lag_59_median_stratZ50ndj03, 54_lag_76_median_nhSICsep, 55_lag_ginwSSTjfm, 62_lag_tripol2, 56_lag_satlSSTjfm, 60_lag_nhSICjfm, 81_lag_tripol1, 81_lag_stratZ50ndj04, 67_lag_traIT, 54_lag_65_median_solFORC_3835_54"
LRforcedPSO,70,10,shSICmar,slow,1584.5,2005.5,0.8,85,55,55,14.20636611216786,0.22819129707084587,3835,"['55_lag_59_median_shSICmar', '56_lag_traBO', '55_lag_64_median_nchinaPRjja', '57_lag_glomaSSTjfm', '68_lag_traIT', '84_lag_solFORC', '58_lag_cetTSjfm', '71_lag_alpi', '67_lag_solFORC', '71_lag_stratZ50ndj02']","[4.424336393552615, 0.06125600797427566, 8.26213761149546, 0.48362245146375216, 1.1430946248042098, 0.08730758229027202, 0.3383876179306178, 1.2341702246877837, 7.974681114259386, 2.1694056362691896]","55_lag_59_median_shSICmar, 56_lag_traBO, 55_lag_64_median_nchinaPRjja, 57_lag_glomaSSTjfm, 68_lag_traIT, 84_lag_solFORC, 58_lag_cetTSjfm, 71_lag_alpi, 67_lag_solFORC, 71_lag_stratZ50ndj02_3835_55"
LRforcedPSO,71,10,shSICmar,slow,1585.5,2005.5,0.8,86,56,56,21.642475591558174,-0.29941654978321475,3835,"['59_lag_atlSICsep', '65_lag_nhSICjfm', '56_lag_60_median_solFORC', '56_lag_80_median_stratZ50ndj01', '82_lag_alpi', '68_lag_traCA', '56_lag_70_median_nhSICsep', '56_lag_75_median_stratZ50ndj02', '63_lag_shSICsep', '72_lag_scpPSLjfm']","[4.255816541467484, 2.2721935131060604, 2.3556416901289428, 3.4467924156976455, 0.4509543923805097, 4.545160580769895, 7.191052927260307, 3.73539532683958, 2.112113079375579, 3.6024309127573133]","59_lag_atlSICsep, 65_lag_nhSICjfm, 56_lag_60_median_solFORC, 56_lag_80_median_stratZ50ndj01, 82_lag_alpi, 68_lag_traCA, 56_lag_70_median_nhSICsep, 56_lag_75_median_stratZ50ndj02, 63_lag_shSICsep, 72_lag_scpPSLjfm_3835_56"
LRforcedPSO,72,10,shSICmar,slow,1586.5,2005.5,0.8,87,57,57,13.218424045365609,0.12855141023166128,3835,"['57_lag_75_median_nchinaPRjja', '57_lag_66_median_traEC', '57_lag_58_median_samPSLann', '75_lag_ismPRjja', '71_lag_stratZ50ndj01', '57_lag_59_median_arcTSjfm', '57_lag_62_median_ensoSSTjfm', '67_lag_atlSICjfm', '57_lag_62_median_mhfATL60', '60_lag_traTLS']","[1.1044293658259523, 1.0259103940313796, 3.6846056933159694, 3.033355109921395, 2.380230444661313, 0.06559991707144874, 4.126824169384962, 5.193614488877108, 1.1733473640983014, 0.20158334125081012]","57_lag_75_median_nchinaPRjja, 57_lag_66_median_traEC, 57_lag_58_median_samPSLann, 75_lag_ismPRjja, 71_lag_stratZ50ndj01, 57_lag_59_median_arcTSjfm, 57_lag_62_median_ensoSSTjfm, 67_lag_atlSICjfm, 57_lag_62_median_mhfATL60, 60_lag_traTLS_3835_57"
LRforcedPSO,73,10,shSICmar,slow,1587.5,2005.5,0.8,88,58,58,11.854581749474658,0.3301480538207982,3835,"['58_lag_65_median_atlSICsep', '58_lag_69_median_nchinaPRjja', '85_lag_nppc3SSTjfm', '81_lag_amoSSTmjjaso', '61_lag_shSICmar', '58_lag_67_median_amo3', '58_lag_74_median_mhfATL60', '74_lag_traEC', '58_lag_78_median_atlSICjfm', '58_lag_87_median_mhfIP30']","[4.858946184753288, 0.4793666223071362, 5.950622730187476, 1.6212451011928781, 4.608490431809875, 0.9323137807689221, 3.532868080736515, 3.211528330476156, 0.08287373916042284, 1.521110497899894]","58_lag_65_median_atlSICsep, 58_lag_69_median_nchinaPRjja, 85_lag_nppc3SSTjfm, 81_lag_amoSSTmjjaso, 61_lag_shSICmar, 58_lag_67_median_amo3, 58_lag_74_median_mhfATL60, 74_lag_traEC, 58_lag_78_median_atlSICjfm, 58_lag_87_median_mhfIP30_3835_58"
LRforcedPSO,74,10,shSICmar,slow,1588.5,2005.5,0.8,89,59,59,15.966716195366422,-0.16486851832387964,3835,"['82_lag_glomaSSTjfm', '65_lag_pdoSSTjfm', '87_lag_mhfATL45', '59_lag_86_median_seurTSjfm', '83_lag_nhTSjfm', '80_lag_stratZ50ndj02', '59_lag_83_median_traEU', '59_lag_84_median_amo1', '59_lag_79_median_gyreSSTjfm', '64_lag_amo1']","[7.462586105158772, 5.674096599668772, 5.0056541582300635, 2.5289925795429937, 5.120019196144828, 0.7665288692688232, 0.49325710569930514, 3.2867328064961665, 0.8819916729298747, 2.6552269384095695]","82_lag_glomaSSTjfm, 65_lag_pdoSSTjfm, 87_lag_mhfATL45, 59_lag_86_median_seurTSjfm, 83_lag_nhTSjfm, 80_lag_stratZ50ndj02, 59_lag_83_median_traEU, 59_lag_84_median_amo1, 59_lag_79_median_gyreSSTjfm, 64_lag_amo1_3835_59"
LRforcedPSO,75,10,shSICmar,slow,1589.5,2005.5,0.8,90,60,60,15.073638766714629,0.030101701939199026,3835,"['60_lag_81_median_traFS', '86_lag_solFORC', '78_lag_wnorPRjfm', '88_lag_nchinaPRjja', '76_lag_amo1', '60_lag_66_median_shSICmar', '80_lag_mhfATL30', '73_lag_satlSSTjfm', '79_lag_nchinaPRjja', '71_lag_neurTSjfm']","[4.480024665327928, 2.2592566543783255, 2.559215934339778, 3.566492322767232, 4.499645919431437, 5.865001227646612, 0.29404764925070737, 1.7431746650616002, 1.9285004713531695, 5.4633894571071036]","60_lag_81_median_traFS, 86_lag_solFORC, 78_lag_wnorPRjfm, 88_lag_nchinaPRjja, 76_lag_amo1, 60_lag_66_median_shSICmar, 80_lag_mhfATL30, 73_lag_satlSSTjfm, 79_lag_nchinaPRjja, 71_lag_neurTSjfm_3835_60"
LRforcedPSO,76,10,shSICmar,slow,1590.5,2005.5,0.8,91,61,61,17.61019042912067,-0.05560335249425086,3835,"['84_lag_traFS', '61_lag_86_median_traMC', '61_lag_65_median_shSICsep', '61_lag_72_median_stratZ50ndj02', '68_lag_traFS', '61_lag_70_median_tripol2', '90_lag_traBO', '71_lag_eurPSLjfm', '80_lag_traFB', '89_lag_traTLS']","[5.201542386529425, 0.68763517014707, 6.25342874922477, 8.768187310265503, 2.125995599971782, 1.2743778192548643, 1.3115559989741659, 0.5368025547726987, 2.142902639613835, 2.920996545789052]","84_lag_traFS, 61_lag_86_median_traMC, 61_lag_65_median_shSICsep, 61_lag_72_median_stratZ50ndj02, 68_lag_traFS, 61_lag_70_median_tripol2, 90_lag_traBO, 71_lag_eurPSLjfm, 80_lag_traFB, 89_lag_traTLS_3835_61"
LRforcedPSO,77,10,shSICmar,slow,1591.5,2005.5,0.8,92,62,62,15.314767573453715,0.006773640942697289,3835,"['62_lag_66_median_mhfATL30', '62_lag_85_median_glomaSSTjfm', '62_lag_78_median_tripol3', '82_lag_stratZ50ndj02', '62_lag_75_median_traIFC', '65_lag_traFB', '62_lag_75_median_amo2', '62_lag_79_median_mhfATL30', '62_lag_77_median_mhfATL30', '83_lag_stratZ50ndj03']","[5.670576457560211, 1.1280447224715182, 1.7613397374675728, 2.7533199648727447, 2.844936882018672, 1.2348216126600882, 2.956591073902171, 7.6947866481064375, 0.12347018659003517, 3.9631752493765138]","62_lag_66_median_mhfATL30, 62_lag_85_median_glomaSSTjfm, 62_lag_78_median_tripol3, 82_lag_stratZ50ndj02, 62_lag_75_median_traIFC, 65_lag_traFB, 62_lag_75_median_amo2, 62_lag_79_median_mhfATL30, 62_lag_77_median_mhfATL30, 83_lag_stratZ50ndj03_3835_62"
LRforcedPSO,78,10,shSICmar,slow,1592.5,2005.5,0.8,93,63,63,13.333455648260225,0.016057922078432613,3835,"['63_lag_76_median_gyreSSTjfm', '63_lag_80_median_stratZ50ndj03', '69_lag_glomaSSTjfm', '63_lag_84_median_neurTSjfm', '63_lag_85_median_amo1', '71_lag_amo3', '73_lag_nhSICsep', '63_lag_91_median_traDP', '72_lag_ismPRjja', '63_lag_69_median_amo1']","[1.316863420464827, 2.4587004818934073, 1.16676130747571, 5.972004155351938, 2.2541217235253015, 4.64036140796922, 1.9323434264172796, 1.8873984808698943, 2.279791561134017, 7.287554192683878]","63_lag_76_median_gyreSSTjfm, 63_lag_80_median_stratZ50ndj03, 69_lag_glomaSSTjfm, 63_lag_84_median_neurTSjfm, 63_lag_85_median_amo1, 71_lag_amo3, 73_lag_nhSICsep, 63_lag_91_median_traDP, 72_lag_ismPRjja, 63_lag_69_median_amo1_3835_63"
LRforcedPSO,79,10,shSICmar,slow,1593.5,2005.5,0.8,94,64,64,13.441615108388588,0.1363626545587913,3835,"['80_lag_shTSjfm', '64_lag_68_median_neurTSjfm', '88_lag_ensoSSTjfm', '87_lag_neurTSjfm', '82_lag_traEU', '64_lag_81_median_tripol2', '64_lag_92_median_yrvPRjja', '86_lag_seurTSjfm', '64_lag_65_median_naoPSLjfm', '66_lag_amoSSTmjjaso']","[4.858906658326219, 0.6802292708435598, 1.1505956882461366, 6.245995277348918, 0.3976790532247385, 0.9301722658760685, 3.6477517729990083, 4.910856583139321, 0.05106691023144272, 4.1102965529621205]","80_lag_shTSjfm, 64_lag_68_median_neurTSjfm, 88_lag_ensoSSTjfm, 87_lag_neurTSjfm, 82_lag_traEU, 64_lag_81_median_tripol2, 64_lag_92_median_yrvPRjja, 86_lag_seurTSjfm, 64_lag_65_median_naoPSLjfm, 66_lag_amoSSTmjjaso_3835_64"
LRforcedPSO,80,10,shSICmar,slow,1594.5,2005.5,0.8,95,65,65,16.3688407673262,0.17107454168535374,3835,"['85_lag_solFORC', '65_lag_82_median_amo2', '65_lag_91_median_tripol3', '65_lag_71_median_traDP', '84_lag_ismPRjja', '81_lag_shSICsep', '86_lag_traDP', '65_lag_94_median_shSICmar', '65_lag_92_median_traBS', '82_lag_nppc3SSTjfm']","[2.5553225980722587, 3.879608061688775, 0.32605682674468994, 6.723907844379058, 4.5191237988586845, 2.808611036408779, 9.531356186590514, 4.878899979331736, 4.241883204706105, 0.5180073889126326]","85_lag_solFORC, 65_lag_82_median_amo2, 65_lag_91_median_tripol3, 65_lag_71_median_traDP, 84_lag_ismPRjja, 81_lag_shSICsep, 86_lag_traDP, 65_lag_94_median_shSICmar, 65_lag_92_median_traBS, 82_lag_nppc3SSTjfm_3835_65"
LRforcedPSO,81,10,shSICmar,slow,1595.5,2005.5,0.8,96,66,66,15.208231883575193,-0.06717060697580918,3835,"['80_lag_yrvPRjja', '79_lag_pdoSSTjfm', '66_lag_85_median_arcTSjfm', '72_lag_glTSjfm', '66_lag_69_median_amoSSTmjjaso', '66_lag_91_median_traWP', '71_lag_eapPSLjfm', '78_lag_atlSICsep', '66_lag_75_median_nppc2SSTjfm', '75_lag_atlSICsep']","[2.8709116197387914, 0.07562986288494677, 0.37538529814786337, 4.6931362030984545, 7.018027994521486, 2.449315007771604, 0.5794314999048567, 2.0416760115193267, 1.5140768602069308, 3.6109947243564804]","80_lag_yrvPRjja, 79_lag_pdoSSTjfm, 66_lag_85_median_arcTSjfm, 72_lag_glTSjfm, 66_lag_69_median_amoSSTmjjaso, 66_lag_91_median_traWP, 71_lag_eapPSLjfm, 78_lag_atlSICsep, 66_lag_75_median_nppc2SSTjfm, 75_lag_atlSICsep_3835_66"
LRforcedPSO,82,10,shSICmar,slow,1596.5,2005.5,0.8,97,67,67,13.739458718796259,-0.08363704999334928,3835,"['71_lag_atlSICsep', '67_lag_83_median_traBO', '67_lag_86_median_atlSICjfm', '95_lag_traBS', '72_lag_pdoSSTjfm', '67_lag_94_median_traEC', '67_lag_84_median_nhSICjfm', '77_lag_eurPSLjfm', '76_lag_amo3', '81_lag_shTSjfm']","[3.042800686734603, 6.339304435639745, 1.256682825605262, 3.457988356457607, 5.000365257095167, 1.4649909224198119, 0.8147362932679041, 5.659626516733535, 1.8504384966617042, 4.443910703551763]","71_lag_atlSICsep, 67_lag_83_median_traBO, 67_lag_86_median_atlSICjfm, 95_lag_traBS, 72_lag_pdoSSTjfm, 67_lag_94_median_traEC, 67_lag_84_median_nhSICjfm, 77_lag_eurPSLjfm, 76_lag_amo3, 81_lag_shTSjfm_3835_67"
LRforcedPSO,83,10,shSICmar,slow,1597.5,2005.5,0.8,98,68,68,15.02081965004549,0.15214541156736017,3835,"['86_lag_eapPSLjfm', '68_lag_94_median_mhfATL60', '68_lag_85_median_seurTSjfm', '88_lag_yrvPRjja', '97_lag_traEU', '79_lag_ismPRjja', '68_lag_82_median_ginwSSTjfm', '83_lag_traEU', '68_lag_73_median_traFS', '90_lag_amo2']","[6.417645491743173, 2.9867631595611748, 5.174971592412668, 6.171541322184133, 3.4852669627411554, 0.7908151920114257, 0.671486790905762, 7.246349390002598, 2.0264255319515243, 4.863449493875445]","86_lag_eapPSLjfm, 68_lag_94_median_mhfATL60, 68_lag_85_median_seurTSjfm, 88_lag_yrvPRjja, 97_lag_traEU, 79_lag_ismPRjja, 68_lag_82_median_ginwSSTjfm, 83_lag_traEU, 68_lag_73_median_traFS, 90_lag_amo2_3835_68"
LRforcedPSO,84,10,shSICmar,slow,1598.5,2005.5,0.8,99,69,69,13.300452770177928,0.2560824320467748,3835,"['96_lag_amoSSTmjjaso', '69_lag_94_median_stratZ50ndj03', '69_lag_96_median_traWP', '69_lag_93_median_tripol2', '87_lag_solFORC', '81_lag_nhSICjfm', '69_lag_84_median_traMC', '69_lag_93_median_traEU', '69_lag_77_median_arcTSjfm', '77_lag_amo1']","[4.648576664941954, 1.8943775183679605, 5.991011144013772, 4.2953665598808595, 9.074140867355844, 1.4284277661432867, 3.775828234582903, 0.7218952186894061, 2.451136886613283, 7.220905621716502]","96_lag_amoSSTmjjaso, 69_lag_94_median_stratZ50ndj03, 69_lag_96_median_traWP, 69_lag_93_median_tripol2, 87_lag_solFORC, 81_lag_nhSICjfm, 69_lag_84_median_traMC, 69_lag_93_median_traEU, 69_lag_77_median_arcTSjfm, 77_lag_amo1_3835_69"
LRforcedPSO,85,10,shSICmar,slow,1599.5,2005.5,0.8,100,70,70,25.620091894570407,0.004230009454649887,3835,"['70_lag_73_median_traIT', '87_lag_traBS', '96_lag_nhTSjfm', '96_lag_traEC', '91_lag_traIT', '86_lag_traTLS', '70_lag_73_median_amo2', '70_lag_90_median_traMC', '70_lag_mhfATL45', '70_lag_79_median_stratZ50ndj04']","[5.769151125590827, 3.346316009835151, 1.3955386646710206, 2.238103012632651, 1.8853320738464863, 0.6353407019301969, 4.002245260184596, 6.758158008829994, 2.3053877221053938, 2.968642374024082]","70_lag_73_median_traIT, 87_lag_traBS, 96_lag_nhTSjfm, 96_lag_traEC, 91_lag_traIT, 86_lag_traTLS, 70_lag_73_median_amo2, 70_lag_90_median_traMC, 70_lag_mhfATL45, 70_lag_79_median_stratZ50ndj04_3835_70"
