model,num_irrelevant,max_allowed_features,target_feature,dataset,year_start,year_end,splitsize,max_lag,init_lag,max_forecast,mae_score,corr_score,n_total_features,selected_feature_list,feature_importances,selected_features
LRforcedPSO,0,6,naoPSLjfm,slow,866.5,2005.5,0.8,15,1,1,17.6698391466628,-0.010460558806997058,594,"['4_lag_scpPSLjfm', '7_lag_amoSSTjfm', '5_lag_stratZ50ndj04', '1_lag_13_median_amo3', '2_lag_amo2', '9_lag_AMOCann']","[1.8684758780254875, 1.9621350210509294, 1.5225633806058283, 1.756588254879956, 1.4951059842435324, 1.9427071840571826]","4_lag_scpPSLjfm, 7_lag_amoSSTjfm, 5_lag_stratZ50ndj04, 1_lag_13_median_amo3, 2_lag_amo2, 9_lag_AMOCann_594_1"
LRforcedPSO,1,6,naoPSLjfm,slow,867.5,2005.5,0.8,16,1,1,15.380412051903791,-0.010380395609087541,638,"['11_lag_amoSSTmjjaso', '12_lag_amoSSTjfm', '1_lag_11_median_stratZ50ndj04', '1_lag_10_median_nhSICsep', '1_lag_4_median_stratZ50ndj01', '1_lag_3_median_stratZ50ndj03']","[1.6925833673158988, 2.2267251814628453, 2.1894277335493317, 1.6703466320275568, 1.741594941887633, 2.1049304353082285]","11_lag_amoSSTmjjaso, 12_lag_amoSSTjfm, 1_lag_11_median_stratZ50ndj04, 1_lag_10_median_nhSICsep, 1_lag_4_median_stratZ50ndj01, 1_lag_3_median_stratZ50ndj03_638_1"
LRforcedPSO,2,6,naoPSLjfm,slow,868.5,2005.5,0.8,17,1,1,14.839148063646805,0.00509490427825203,682,"['1_lag_14_median_shSICmar', '15_lag_atlSICjfm', '4_lag_stratZ50ndj02', '1_lag_15_median_shSICsep', '1_lag_14_median_amo1', '9_lag_stratZ50ndj03']","[1.466817778228888, 1.2039355673779635, 1.50676336703508, 1.6040749604293, 1.2193745434272798, 1.5867672908143482]","1_lag_14_median_shSICmar, 15_lag_atlSICjfm, 4_lag_stratZ50ndj02, 1_lag_15_median_shSICsep, 1_lag_14_median_amo1, 9_lag_stratZ50ndj03_682_1"
LRforcedPSO,3,6,naoPSLjfm,slow,869.5,2005.5,0.8,18,1,1,15.255286335858592,0.09883954926899381,726,"['1_lag_12_median_nppc2SSTjfm', '1_lag_9_median_stratZ50ndj03', '4_lag_nppc2SSTjfm', '1_lag_12_median_shSICsep', '15_lag_amoSSTmjjaso', '16_lag_scpPSLjfm']","[0.9885654173934633, 3.476267724663402, 1.2133347842079871, 1.5123749500322958, 1.3928427246169797, 0.40957324561477293]","1_lag_12_median_nppc2SSTjfm, 1_lag_9_median_stratZ50ndj03, 4_lag_nppc2SSTjfm, 1_lag_12_median_shSICsep, 15_lag_amoSSTmjjaso, 16_lag_scpPSLjfm_726_1"
LRforcedPSO,4,6,naoPSLjfm,slow,870.5,2005.5,0.8,19,1,1,16.536639042507446,-0.04431660574865739,770,"['8_lag_nppc2SSTjfm', '10_lag_shSICmar', '16_lag_naoPSLjfm', '1_lag_3_median_shSICmar', '1_lag_10_median_nppc2SSTjfm', '1_lag_9_median_amo1']","[1.1840212068192901, 2.565153956812587, 1.1415723241733282, 0.8101297732455031, 1.603505776402482, 2.9555752558702224]","8_lag_nppc2SSTjfm, 10_lag_shSICmar, 16_lag_naoPSLjfm, 1_lag_3_median_shSICmar, 1_lag_10_median_nppc2SSTjfm, 1_lag_9_median_amo1_770_1"
LRforcedPSO,5,6,naoPSLjfm,slow,871.5,2005.5,0.8,20,1,1,15.462852542746408,0.04305549245283311,814,"['1_lag_12_median_nhSICjfm', '1_lag_17_median_amo2', '5_lag_atlSICjfm', '19_lag_nppc2SSTjfm', '7_lag_amo3', '1_lag_3_median_naoPSLjfm']","[0.8837696273735922, 2.6273734945019944, 2.894353518476498, 3.6661797027040457, 4.669072414745594, 0.3873469445386526]","1_lag_12_median_nhSICjfm, 1_lag_17_median_amo2, 5_lag_atlSICjfm, 19_lag_nppc2SSTjfm, 7_lag_amo3, 1_lag_3_median_naoPSLjfm_814_1"
LRforcedPSO,6,6,naoPSLjfm,slow,872.5,2005.5,0.8,21,1,1,15.85456288981754,0.09310683513364314,858,"['13_lag_shSICmar', '1_lag_8_median_AMOCann', '1_lag_20_median_stratZ50ndj04', '1_lag_15_median_nhSICsep', '1_lag_11_median_amo1', '1_lag_11_median_nhSICjfm']","[2.5732416555036437, 1.8731967144103923, 2.802123554492997, 4.604095363366529, 2.0112825670576644, 3.2451049350711614]","13_lag_shSICmar, 1_lag_8_median_AMOCann, 1_lag_20_median_stratZ50ndj04, 1_lag_15_median_nhSICsep, 1_lag_11_median_amo1, 1_lag_11_median_nhSICjfm_858_1"
LRforcedPSO,7,6,naoPSLjfm,slow,873.5,2005.5,0.8,22,1,1,14.37658049131342,0.017433454314919238,902,"['1_lag_5_median_solFORC', '8_lag_amo1', '5_lag_amo1', '7_lag_amo3', '1_lag_15_median_atlSICjfm', '1_lag_20_median_amoSSTmjjaso']","[1.1853346811286432, 1.1881238965017558, 1.1847294909739756, 1.1860604273138553, 1.5773717696602463, 1.1852087052733111]","1_lag_5_median_solFORC, 8_lag_amo1, 5_lag_amo1, 7_lag_amo3, 1_lag_15_median_atlSICjfm, 1_lag_20_median_amoSSTmjjaso_902_1"
LRforcedPSO,8,6,naoPSLjfm,slow,874.5,2005.5,0.8,23,1,1,14.469842517712443,0.18303549877104888,946,"['1_lag_14_median_shSICsep', '5_lag_amoSSTjfm', '1_lag_11_median_amo1', '1_lag_2_median_stratZ50ndj04', '14_lag_stratZ50ndj02', '21_lag_stratZ50ndj01']","[3.425909933891578, 2.835878717427363, 0.6480077838625871, 3.105339379050842, 2.2859591447026624, 1.0941664427716802]","1_lag_14_median_shSICsep, 5_lag_amoSSTjfm, 1_lag_11_median_amo1, 1_lag_2_median_stratZ50ndj04, 14_lag_stratZ50ndj02, 21_lag_stratZ50ndj01_946_1"
LRforcedPSO,9,6,naoPSLjfm,slow,875.5,2005.5,0.8,24,1,1,16.318520784883813,0.033941382100167714,990,"['1_lag_4_median_amo1', '13_lag_amoSSTjfm', '9_lag_stratZ50ndj01', '1_lag_8_median_stratZ50ndj02', '1_lag_4_median_shSICmar', '22_lag_amoSSTjfm']","[2.346981736151015, 3.021848639130534, 2.8037231379292957, 2.8102413528515715, 2.2860511045673264, 2.413669954151801]","1_lag_4_median_amo1, 13_lag_amoSSTjfm, 9_lag_stratZ50ndj01, 1_lag_8_median_stratZ50ndj02, 1_lag_4_median_shSICmar, 22_lag_amoSSTjfm_990_1"
LRforcedPSO,10,6,naoPSLjfm,slow,876.5,2005.5,0.8,25,1,1,15.642130033094498,0.016144610105469272,1034,"['23_lag_stratZ50ndj02', '1_lag_4_median_solFORC', '1_lag_16_median_stratZ50ndj02', '16_lag_scpPSLjfm', '1_lag_8_median_scpPSLjfm', '1_lag_24_median_nhSICjfm']","[5.160388406545355, 0.21575478767057987, 0.2309874662737066, 1.6038364594480257, 4.340905054075606, 0.2999614349505446]","23_lag_stratZ50ndj02, 1_lag_4_median_solFORC, 1_lag_16_median_stratZ50ndj02, 16_lag_scpPSLjfm, 1_lag_8_median_scpPSLjfm, 1_lag_24_median_nhSICjfm_1034_1"
LRforcedPSO,11,6,naoPSLjfm,slow,877.5,2005.5,0.8,26,1,1,15.949057440658931,-0.01969891100288333,1078,"['1_lag_16_median_stratZ50ndj02', '1_lag_23_median_shSICmar', '16_lag_nhSICjfm', '1_lag_23_median_stratZ50ndj01', '1_lag_20_median_naoPSLjfm', '20_lag_amo3']","[1.812703581841548, 2.4133582789659833, 1.888157011084968, 2.3809588146415464, 1.982079421577967, 2.3177381821022687]","1_lag_16_median_stratZ50ndj02, 1_lag_23_median_shSICmar, 16_lag_nhSICjfm, 1_lag_23_median_stratZ50ndj01, 1_lag_20_median_naoPSLjfm, 20_lag_amo3_1078_1"
LRforcedPSO,12,6,naoPSLjfm,slow,878.5,2005.5,0.8,27,1,1,15.318540578399299,0.04913990778368371,1122,"['1_lag_26_median_shSICsep', '11_lag_amo3', '1_lag_15_median_shSICsep', '1_lag_21_median_amo2', '1_lag_17_median_stratZ50ndj04', '19_lag_amo3']","[2.0591530502977218, 1.8814482508285488, 2.0710693135398093, 1.5537270210876075, 1.5533938043491464, 1.5630484032250704]","1_lag_26_median_shSICsep, 11_lag_amo3, 1_lag_15_median_shSICsep, 1_lag_21_median_amo2, 1_lag_17_median_stratZ50ndj04, 19_lag_amo3_1122_1"
LRforcedPSO,13,6,naoPSLjfm,slow,879.5,2005.5,0.8,28,1,1,14.266568208321104,0.15503093374786003,1166,"['1_lag_16_median_stratZ50ndj02', '1_lag_18_median_amo3', '1_lag_26_median_nhSICjfm', '1_lag_18_median_stratZ50ndj01', '1_lag_14_median_scpPSLjfm', '12_lag_amo1']","[1.5253813621386947, 1.5246740326705888, 1.5245737620186262, 1.5682698385053717, 1.5243275247510084, 2.0324301928800375]","1_lag_16_median_stratZ50ndj02, 1_lag_18_median_amo3, 1_lag_26_median_nhSICjfm, 1_lag_18_median_stratZ50ndj01, 1_lag_14_median_scpPSLjfm, 12_lag_amo1_1166_1"
LRforcedPSO,14,6,naoPSLjfm,slow,880.5,2005.5,0.8,29,1,1,19.550918026300867,0.009953461162664686,1210,"['20_lag_amoSSTmjjaso', '1_lag_28_median_AMOCann', '1_lag_11_median_scpPSLjfm', '14_lag_stratZ50ndj01', '20_lag_eurPSLjfm', '1_lag_8_median_amoSSTjfm']","[2.241712002295076, 4.515948951426235, 0.05239805129589925, 2.583616453981799, 2.1067086923345997, 5.387044390628713]","20_lag_amoSSTmjjaso, 1_lag_28_median_AMOCann, 1_lag_11_median_scpPSLjfm, 14_lag_stratZ50ndj01, 20_lag_eurPSLjfm, 1_lag_8_median_amoSSTjfm_1210_1"
LRforcedPSO,15,6,naoPSLjfm,slow,881.5,2005.5,0.8,30,1,1,15.519096847987182,-0.02651088026380185,1254,"['25_lag_amoSSTjfm', '26_lag_AMOCann', '27_lag_amo2', '14_lag_amo2', '1_lag_16_median_naoPSLjfm', '10_lag_stratZ50ndj02']","[1.1659815855077191, 2.223922770644138, 0.40797050331069507, 1.371666665132219, 0.9288116953833452, 3.842914853227107]","25_lag_amoSSTjfm, 26_lag_AMOCann, 27_lag_amo2, 14_lag_amo2, 1_lag_16_median_naoPSLjfm, 10_lag_stratZ50ndj02_1254_1"
LRforcedPSO,16,6,naoPSLjfm,slow,882.5,2005.5,0.8,31,1,1,20.120110824840193,-0.04117577068980564,1298,"['1_lag_14_median_amo2', '12_lag_eapPSLjfm', '1_lag_4_median_stratZ50ndj03', '1_lag_20_median_solFORC', '2_lag_nhSICjfm', '1_lag_14_median_eapPSLjfm']","[3.3838555594921687, 3.09888194901151, 0.5372939100457224, 0.5720532354439261, 3.677215337218886, 0.21780202471079235]","1_lag_14_median_amo2, 12_lag_eapPSLjfm, 1_lag_4_median_stratZ50ndj03, 1_lag_20_median_solFORC, 2_lag_nhSICjfm, 1_lag_14_median_eapPSLjfm_1298_1"
LRforcedPSO,17,6,naoPSLjfm,slow,883.5,2005.5,0.8,32,2,12,15.161995629161938,0.015422051157200179,1298,"['17_lag_atlSICsep', '19_lag_shSICmar', '12_lag_shSICsep', '20_lag_scpPSLjfm', '24_lag_eurPSLjfm', '14_lag_nppc2SSTjfm']","[5.708916692708401, 0.9007363203618102, 2.878570043077586, 0.04371030709710766, 2.51198377188312, 1.0754830854370816]","17_lag_atlSICsep, 19_lag_shSICmar, 12_lag_shSICsep, 20_lag_scpPSLjfm, 24_lag_eurPSLjfm, 14_lag_nppc2SSTjfm_1298_12"
LRforcedPSO,18,6,naoPSLjfm,slow,884.5,2005.5,0.8,33,3,3,17.01830941922778,0.023370787969661015,1298,"['3_lag_18_median_naoPSLjfm', '3_lag_32_median_naoPSLjfm', '25_lag_amoSSTjfm', '29_lag_amoSSTmjjaso', '3_lag_15_median_stratZ50ndj02', '3_lag_30_median_amo2']","[2.3925936125164693, 2.882904705633122, 2.1640087737497744, 2.162232263103687, 2.1704665161465835, 2.1622317048407793]","3_lag_18_median_naoPSLjfm, 3_lag_32_median_naoPSLjfm, 25_lag_amoSSTjfm, 29_lag_amoSSTmjjaso, 3_lag_15_median_stratZ50ndj02, 3_lag_30_median_amo2_1298_3"
LRforcedPSO,19,6,naoPSLjfm,slow,885.5,2005.5,0.8,34,4,4,16.40537309431596,0.05988887011035682,1298,"['4_lag_16_median_nhSICsep', '11_lag_atlSICsep', '26_lag_stratZ50ndj02', '31_lag_nhSICsep', '4_lag_6_median_stratZ50ndj03', '22_lag_stratZ50ndj01']","[3.1304114154104465, 3.2592000148268787, 2.7146090578146294, 3.3640300205335336, 2.7754509818205606, 3.20237087834413]","4_lag_16_median_nhSICsep, 11_lag_atlSICsep, 26_lag_stratZ50ndj02, 31_lag_nhSICsep, 4_lag_6_median_stratZ50ndj03, 22_lag_stratZ50ndj01_1298_4"
LRforcedPSO,20,6,naoPSLjfm,slow,886.5,2005.5,0.8,35,5,5,14.617751391491845,0.09536589107714974,1298,"['5_lag_28_median_stratZ50ndj03', '5_lag_30_median_shSICmar', '5_lag_20_median_shSICsep', '5_lag_15_median_eapPSLjfm', '19_lag_amo3', '33_lag_stratZ50ndj01']","[0.2722834935398648, 0.9408216540976291, 3.6482171429825065, 2.4878692913651648, 0.3931967992328076, 0.7245149628479126]","5_lag_28_median_stratZ50ndj03, 5_lag_30_median_shSICmar, 5_lag_20_median_shSICsep, 5_lag_15_median_eapPSLjfm, 19_lag_amo3, 33_lag_stratZ50ndj01_1298_5"
LRforcedPSO,21,6,naoPSLjfm,slow,887.5,2005.5,0.8,36,6,6,15.227930110347605,0.05233812534622602,1298,"['6_lag_9_median_scpPSLjfm', '34_lag_nhSICsep', '7_lag_atlSICjfm', '6_lag_10_median_AMOCann', '8_lag_solFORC', '10_lag_stratZ50ndj04']","[0.26018397148020256, 0.7059523342824363, 0.617039859355291, 4.3663507289880465, 0.6940960144518655, 3.1708272650305]","6_lag_9_median_scpPSLjfm, 34_lag_nhSICsep, 7_lag_atlSICjfm, 6_lag_10_median_AMOCann, 8_lag_solFORC, 10_lag_stratZ50ndj04_1298_6"
LRforcedPSO,22,6,naoPSLjfm,slow,888.5,2005.5,0.8,37,7,7,16.250839230958107,-0.03383180155131198,1298,"['8_lag_eapPSLjfm', '29_lag_solFORC', '7_lag_23_median_stratZ50ndj01', '7_lag_20_median_naoPSLjfm', '7_lag_11_median_atlSICsep', '28_lag_stratZ50ndj04']","[3.114186321709255, 3.366847182222692, 3.0726897364556534, 3.700580258516088, 3.8275813193542554, 2.9015364374948223]","8_lag_eapPSLjfm, 29_lag_solFORC, 7_lag_23_median_stratZ50ndj01, 7_lag_20_median_naoPSLjfm, 7_lag_11_median_atlSICsep, 28_lag_stratZ50ndj04_1298_7"
LRforcedPSO,23,6,naoPSLjfm,slow,889.5,2005.5,0.8,38,8,8,15.7434657057111,0.0062742899349669855,1298,"['8_lag_23_median_naoPSLjfm', '36_lag_solFORC', '8_lag_naoPSLjfm', '25_lag_stratZ50ndj03', '9_lag_shSICmar', '34_lag_scpPSLjfm']","[2.928775128744448, 0.4756111354566439, 1.2419587723525325, 4.584120149192742, 4.998610298736995, 0.17541282191888108]","8_lag_23_median_naoPSLjfm, 36_lag_solFORC, 8_lag_naoPSLjfm, 25_lag_stratZ50ndj03, 9_lag_shSICmar, 34_lag_scpPSLjfm_1298_8"
LRforcedPSO,24,6,naoPSLjfm,slow,890.5,2005.5,0.8,39,9,9,15.484965677868544,-0.022547234359598312,1298,"['17_lag_stratZ50ndj03', '9_lag_16_median_shSICmar', '9_lag_20_median_stratZ50ndj02', '17_lag_naoPSLjfm', '29_lag_stratZ50ndj02', '11_lag_stratZ50ndj02']","[2.833709579138386, 0.9153995480879473, 4.789734404383079, 0.4894715841160373, 1.0737789950678174, 3.373542800360001]","17_lag_stratZ50ndj03, 9_lag_16_median_shSICmar, 9_lag_20_median_stratZ50ndj02, 17_lag_naoPSLjfm, 29_lag_stratZ50ndj02, 11_lag_stratZ50ndj02_1298_9"
LRforcedPSO,25,6,naoPSLjfm,slow,891.5,2005.5,0.8,40,10,10,14.755947503659076,0.05826433610820104,1298,"['37_lag_amoSSTmjjaso', '15_lag_stratZ50ndj04', '13_lag_stratZ50ndj03', '10_lag_18_median_nhSICjfm', '33_lag_amo2', '33_lag_naoPSLjfm']","[3.1639350375033644, 3.769564434403039, 2.619056429952554, 2.7097311150310137, 0.5360512381400042, 0.8926911969758518]","37_lag_amoSSTmjjaso, 15_lag_stratZ50ndj04, 13_lag_stratZ50ndj03, 10_lag_18_median_nhSICjfm, 33_lag_amo2, 33_lag_naoPSLjfm_1298_10"
LRforcedPSO,26,6,naoPSLjfm,slow,892.5,2005.5,0.8,41,11,11,14.563658565294975,0.10435980410826431,1298,"['20_lag_amoSSTmjjaso', '39_lag_amoSSTjfm', '32_lag_shSICmar', '11_lag_18_median_atlSICjfm', '11_lag_36_median_amoSSTjfm', '11_lag_32_median_eapPSLjfm']","[0.8445416779940995, 0.1862473355974963, 0.2289496801395412, 2.6746868815381504, 1.2037820682523908, 3.9410056170681678]","20_lag_amoSSTmjjaso, 39_lag_amoSSTjfm, 32_lag_shSICmar, 11_lag_18_median_atlSICjfm, 11_lag_36_median_amoSSTjfm, 11_lag_32_median_eapPSLjfm_1298_11"
LRforcedPSO,27,6,naoPSLjfm,slow,893.5,2005.5,0.8,42,12,12,15.261719398582471,0.049644135000200366,1298,"['12_lag_34_median_naoPSLjfm', '39_lag_eapPSLjfm', '12_lag_34_median_atlSICjfm', '12_lag_30_median_AMOCann', '12_lag_38_median_shSICmar', '35_lag_stratZ50ndj04']","[1.0711459858251366, 1.4457987828906749, 3.806986168273557, 3.08555846359305, 0.3848927669170301, 1.8150548351811189]","12_lag_34_median_naoPSLjfm, 39_lag_eapPSLjfm, 12_lag_34_median_atlSICjfm, 12_lag_30_median_AMOCann, 12_lag_38_median_shSICmar, 35_lag_stratZ50ndj04_1298_12"
LRforcedPSO,28,6,naoPSLjfm,slow,894.5,2005.5,0.8,43,13,13,16.49346568965759,-0.037024079751034174,1298,"['32_lag_AMOCann', '13_lag_22_median_shSICsep', '36_lag_amo1', '13_lag_16_median_naoPSLjfm', '28_lag_shSICsep', '28_lag_stratZ50ndj03']","[0.6797089324794818, 4.234535539798491, 3.033978081560498, 0.5551201642998027, 1.7263480890319336, 6.206625897795728]","32_lag_AMOCann, 13_lag_22_median_shSICsep, 36_lag_amo1, 13_lag_16_median_naoPSLjfm, 28_lag_shSICsep, 28_lag_stratZ50ndj03_1298_13"
LRforcedPSO,29,6,naoPSLjfm,slow,895.5,2005.5,0.8,44,14,14,14.526082714899628,0.10407928376931491,1298,"['14_lag_16_median_naoPSLjfm', '14_lag_37_median_amoSSTjfm', '41_lag_amo3', '36_lag_eapPSLjfm', '14_lag_27_median_amoSSTmjjaso', '14_lag_27_median_stratZ50ndj01']","[0.2754112810422349, 1.9961551982156784, 0.5284659095033142, 1.6428301472854905, 0.3454363981857149, 1.325855457912155]","14_lag_16_median_naoPSLjfm, 14_lag_37_median_amoSSTjfm, 41_lag_amo3, 36_lag_eapPSLjfm, 14_lag_27_median_amoSSTmjjaso, 14_lag_27_median_stratZ50ndj01_1298_14"
LRforcedPSO,30,6,naoPSLjfm,slow,896.5,2005.5,0.8,45,15,16,15.473299393049972,0.01082381782302608,1298,"['35_lag_amoSSTjfm', '26_lag_AMOCann', '39_lag_stratZ50ndj02', '25_lag_amoSSTjfm', '33_lag_stratZ50ndj03', '16_lag_atlSICjfm']","[0.34074093904118286, 4.560976623496991, 0.7527013843049257, 1.9193139151628476, 3.327718780402118, 2.512801379739493]","35_lag_amoSSTjfm, 26_lag_AMOCann, 39_lag_stratZ50ndj02, 25_lag_amoSSTjfm, 33_lag_stratZ50ndj03, 16_lag_atlSICjfm_1298_16"
LRforcedPSO,31,6,naoPSLjfm,slow,897.5,2005.5,0.8,46,16,16,15.075492213660835,0.047736497211807685,1298,"['19_lag_amo3', '30_lag_stratZ50ndj02', '22_lag_solFORC', '16_lag_39_median_atlSICsep', '31_lag_amo2', '19_lag_naoPSLjfm']","[1.9899562273864482, 1.9859298163405767, 2.647640636683464, 2.450667879842807, 2.185515625895172, 2.4833461713674905]","19_lag_amo3, 30_lag_stratZ50ndj02, 22_lag_solFORC, 16_lag_39_median_atlSICsep, 31_lag_amo2, 19_lag_naoPSLjfm_1298_16"
LRforcedPSO,32,6,naoPSLjfm,slow,898.5,2005.5,0.8,47,17,17,16.40473724957826,-0.030594459720887337,1298,"['17_lag_23_median_shSICsep', '17_lag_45_median_AMOCann', '17_lag_37_median_amoSSTmjjaso', '43_lag_solFORC', '17_lag_31_median_amo1', '43_lag_stratZ50ndj04']","[0.7250329263664668, 4.011489997930891, 4.1255972981536715, 1.227662763931539, 1.8722138680341658, 2.248170008025019]","17_lag_23_median_shSICsep, 17_lag_45_median_AMOCann, 17_lag_37_median_amoSSTmjjaso, 43_lag_solFORC, 17_lag_31_median_amo1, 43_lag_stratZ50ndj04_1298_17"
LRforcedPSO,33,6,naoPSLjfm,slow,899.5,2005.5,0.8,48,18,18,14.371576592039846,0.04315463275958079,1298,"['41_lag_shSICmar', '38_lag_eapPSLjfm', '42_lag_amo2', '18_lag_28_median_eurPSLjfm', '31_lag_shSICsep', '31_lag_eapPSLjfm']","[0.8118170221090644, 0.7999486021819884, 1.405218566676485, 2.168900273912392, 1.4283171395606953, 2.6312410554495536]","41_lag_shSICmar, 38_lag_eapPSLjfm, 42_lag_amo2, 18_lag_28_median_eurPSLjfm, 31_lag_shSICsep, 31_lag_eapPSLjfm_1298_18"
LRforcedPSO,34,6,naoPSLjfm,slow,900.5,2005.5,0.8,49,19,19,16.365806812879278,-0.04873515961908953,1298,"['38_lag_stratZ50ndj02', '19_lag_22_median_amo3', '19_lag_25_median_nhSICjfm', '19_lag_22_median_eurPSLjfm', '19_lag_44_median_amoSSTjfm', '22_lag_stratZ50ndj03']","[1.0083237771867442, 3.880122695815853, 3.3716061151812955, 0.4530965703565535, 3.473817993599562, 3.7718218801820154]","38_lag_stratZ50ndj02, 19_lag_22_median_amo3, 19_lag_25_median_nhSICjfm, 19_lag_22_median_eurPSLjfm, 19_lag_44_median_amoSSTjfm, 22_lag_stratZ50ndj03_1298_19"
LRforcedPSO,35,6,naoPSLjfm,slow,901.5,2005.5,0.8,50,20,20,14.912245215564958,-0.0690679234669141,1298,"['20_lag_47_median_nppc2SSTjfm', '41_lag_atlSICsep', '29_lag_atlSICjfm', '20_lag_23_median_stratZ50ndj02', '20_lag_31_median_stratZ50ndj03', '20_lag_35_median_eurPSLjfm']","[0.9366585595708092, 0.7148058958205364, 0.7073381155543902, 0.7220158177052451, 0.7072618246904285, 0.942876074228527]","20_lag_47_median_nppc2SSTjfm, 41_lag_atlSICsep, 29_lag_atlSICjfm, 20_lag_23_median_stratZ50ndj02, 20_lag_31_median_stratZ50ndj03, 20_lag_35_median_eurPSLjfm_1298_20"
LRforcedPSO,36,6,naoPSLjfm,slow,902.5,2005.5,0.8,51,21,21,15.271866183957759,0.0066342249103745745,1298,"['48_lag_shSICsep', '21_lag_27_median_solFORC', '28_lag_eurPSLjfm', '36_lag_scpPSLjfm', '27_lag_stratZ50ndj02', '31_lag_eurPSLjfm']","[2.3455636617378226, 2.7081664852539085, 2.0635472099948764, 2.510840078446589, 2.686687911887031, 2.527928358235493]","48_lag_shSICsep, 21_lag_27_median_solFORC, 28_lag_eurPSLjfm, 36_lag_scpPSLjfm, 27_lag_stratZ50ndj02, 31_lag_eurPSLjfm_1298_21"
LRforcedPSO,37,6,naoPSLjfm,slow,903.5,2005.5,0.8,52,22,22,15.563911665835873,-0.03834893887587249,1298,"['22_lag_37_median_AMOCann', '39_lag_nhSICjfm', '27_lag_nhSICsep', '22_lag_eurPSLjfm', '22_lag_50_median_naoPSLjfm', '31_lag_shSICmar']","[1.9062135315175688, 2.1429462422312406, 3.2877674745960626, 0.36427254036560797, 2.0635258574074697, 1.2581434736780182]","22_lag_37_median_AMOCann, 39_lag_nhSICjfm, 27_lag_nhSICsep, 22_lag_eurPSLjfm, 22_lag_50_median_naoPSLjfm, 31_lag_shSICmar_1298_22"
LRforcedPSO,38,6,naoPSLjfm,slow,904.5,2005.5,0.8,53,23,23,14.69388971818003,0.10113927738644272,1298,"['23_lag_33_median_stratZ50ndj03', '23_lag_46_median_eapPSLjfm', '35_lag_stratZ50ndj01', '39_lag_amo2', '23_lag_41_median_stratZ50ndj01', '42_lag_nhSICsep']","[1.8828832750033733, 1.9407594141717799, 2.471284618763492, 2.4212361626900902, 2.2217076170278176, 1.8534909630332006]","23_lag_33_median_stratZ50ndj03, 23_lag_46_median_eapPSLjfm, 35_lag_stratZ50ndj01, 39_lag_amo2, 23_lag_41_median_stratZ50ndj01, 42_lag_nhSICsep_1298_23"
LRforcedPSO,39,6,naoPSLjfm,slow,905.5,2005.5,0.8,54,24,24,16.59293055335808,-0.15740713236061488,1298,"['24_lag_50_median_nhSICjfm', '46_lag_eurPSLjfm', '44_lag_amoSSTmjjaso', '24_lag_26_median_solFORC', '50_lag_nhSICsep', '24_lag_35_median_amoSSTjfm']","[3.860425136695853, 2.4816466483208295, 1.4048434889194201, 0.4014204218119133, 0.7785405348656678, 1.4389050519985922]","24_lag_50_median_nhSICjfm, 46_lag_eurPSLjfm, 44_lag_amoSSTmjjaso, 24_lag_26_median_solFORC, 50_lag_nhSICsep, 24_lag_35_median_amoSSTjfm_1298_24"
LRforcedPSO,40,6,naoPSLjfm,slow,906.5,2005.5,0.8,55,25,25,15.091311083704932,0.08569509972745952,1298,"['25_lag_39_median_naoPSLjfm', '25_lag_43_median_nhSICsep', '26_lag_stratZ50ndj03', '46_lag_eapPSLjfm', '36_lag_stratZ50ndj01', '46_lag_solFORC']","[0.5815893649200472, 1.7008815733054377, 0.4282136747709657, 1.4793914235630758, 3.284866884619351, 4.825187491681163]","25_lag_39_median_naoPSLjfm, 25_lag_43_median_nhSICsep, 26_lag_stratZ50ndj03, 46_lag_eapPSLjfm, 36_lag_stratZ50ndj01, 46_lag_solFORC_1298_25"
LRforcedPSO,41,6,naoPSLjfm,slow,907.5,2005.5,0.8,56,26,26,16.281071932387633,-0.017368049682607523,1298,"['29_lag_amo3', '26_lag_35_median_nhSICsep', '30_lag_shSICsep', '49_lag_atlSICsep', '26_lag_38_median_eapPSLjfm', '55_lag_solFORC']","[3.522977506390138, 0.14333606482787253, 2.9776610530058853, 3.6604043854742034, 5.927776527810263, 1.5240192585805623]","29_lag_amo3, 26_lag_35_median_nhSICsep, 30_lag_shSICsep, 49_lag_atlSICsep, 26_lag_38_median_eapPSLjfm, 55_lag_solFORC_1298_26"
LRforcedPSO,42,6,naoPSLjfm,slow,908.5,2005.5,0.8,57,27,27,16.099105569224115,0.08434347611778645,1298,"['47_lag_amoSSTmjjaso', '36_lag_nhSICjfm', '27_lag_33_median_nppc2SSTjfm', '27_lag_35_median_stratZ50ndj04', '27_lag_33_median_nhSICjfm', '45_lag_amoSSTjfm']","[2.4999391306275953, 1.6683525289225685, 2.3208727636083246, 0.20586499163091965, 5.732419494616462, 3.256813497543334]","47_lag_amoSSTmjjaso, 36_lag_nhSICjfm, 27_lag_33_median_nppc2SSTjfm, 27_lag_35_median_stratZ50ndj04, 27_lag_33_median_nhSICjfm, 45_lag_amoSSTjfm_1298_27"
LRforcedPSO,43,6,naoPSLjfm,slow,909.5,2005.5,0.8,58,28,28,16.065624012342038,-0.0042037821123643146,1298,"['28_lag_33_median_nppc2SSTjfm', '28_lag_41_median_nhSICjfm', '57_lag_eurPSLjfm', '37_lag_atlSICsep', '55_lag_stratZ50ndj02', '37_lag_amo2']","[3.2588652346259224, 4.386246515362762, 0.5754535461964458, 0.3673554853865397, 4.694974984523011, 0.6392434854695352]","28_lag_33_median_nppc2SSTjfm, 28_lag_41_median_nhSICjfm, 57_lag_eurPSLjfm, 37_lag_atlSICsep, 55_lag_stratZ50ndj02, 37_lag_amo2_1298_28"
LRforcedPSO,44,6,naoPSLjfm,slow,910.5,2005.5,0.8,59,29,29,19.39234060989898,-0.10638364698878364,1298,"['38_lag_stratZ50ndj04', '29_lag_33_median_nhSICjfm', '33_lag_stratZ50ndj04', '53_lag_amoSSTmjjaso', '41_lag_amo1', '29_lag_57_median_stratZ50ndj02']","[0.05843906212957428, 0.4540322044689855, 2.086327814713254, 4.2247263555004935, 1.3360642383654486, 6.783022117011008]","38_lag_stratZ50ndj04, 29_lag_33_median_nhSICjfm, 33_lag_stratZ50ndj04, 53_lag_amoSSTmjjaso, 41_lag_amo1, 29_lag_57_median_stratZ50ndj02_1298_29"
LRforcedPSO,45,6,naoPSLjfm,slow,911.5,2005.5,0.8,60,30,30,15.725759025942669,0.08225849402917065,1298,"['30_lag_47_median_naoPSLjfm', '30_lag_57_median_shSICsep', '54_lag_amoSSTjfm', '30_lag_50_median_nhSICsep', '37_lag_shSICmar', '36_lag_nppc2SSTjfm']","[3.741430383671358, 2.514569588723803, 1.745435618936881, 4.156964306301834, 3.240539836026082, 2.18603687004844]","30_lag_47_median_naoPSLjfm, 30_lag_57_median_shSICsep, 54_lag_amoSSTjfm, 30_lag_50_median_nhSICsep, 37_lag_shSICmar, 36_lag_nppc2SSTjfm_1298_30"
LRforcedPSO,46,6,naoPSLjfm,slow,912.5,2005.5,0.8,61,31,31,15.570875414212082,0.0604488233677755,1298,"['35_lag_amo2', '31_lag_41_median_shSICmar', '41_lag_atlSICjfm', '60_lag_nhSICjfm', '58_lag_amo3', '45_lag_amoSSTjfm']","[2.546940770641162, 2.036802548599788, 2.036811817143611, 2.7157367304385844, 2.3997154869526693, 2.0368166620314687]","35_lag_amo2, 31_lag_41_median_shSICmar, 41_lag_atlSICjfm, 60_lag_nhSICjfm, 58_lag_amo3, 45_lag_amoSSTjfm_1298_31"
LRforcedPSO,47,6,naoPSLjfm,slow,913.5,2005.5,0.8,62,32,32,15.410965157250464,0.058517053275258676,1298,"['36_lag_nppc2SSTjfm', '32_lag_61_median_AMOCann', '49_lag_scpPSLjfm', '32_lag_45_median_amo1', '32_lag_53_median_amo1', '38_lag_stratZ50ndj03']","[1.7436175399731937, 4.210193448799922, 0.9835283828586938, 3.9347396409630964, 0.5928684290752635, 3.284740191010693]","36_lag_nppc2SSTjfm, 32_lag_61_median_AMOCann, 49_lag_scpPSLjfm, 32_lag_45_median_amo1, 32_lag_53_median_amo1, 38_lag_stratZ50ndj03_1298_32"
LRforcedPSO,48,6,naoPSLjfm,slow,914.5,2005.5,0.8,63,33,33,15.12999553094119,0.1547921138897398,1298,"['33_lag_49_median_stratZ50ndj04', '33_lag_54_median_shSICsep', '33_lag_46_median_stratZ50ndj03', '40_lag_stratZ50ndj02', '33_lag_38_median_scpPSLjfm', '33_lag_amo3']","[2.746620263594586, 2.0914163690303624, 4.027194281359703, 1.0310167162149355, 0.33340681815090356, 3.5440409038350555]","33_lag_49_median_stratZ50ndj04, 33_lag_54_median_shSICsep, 33_lag_46_median_stratZ50ndj03, 40_lag_stratZ50ndj02, 33_lag_38_median_scpPSLjfm, 33_lag_amo3_1298_33"
LRforcedPSO,49,6,naoPSLjfm,slow,915.5,2005.5,0.8,64,34,34,15.299162157860865,-0.006080865618236458,1298,"['42_lag_shSICsep', '36_lag_stratZ50ndj02', '38_lag_naoPSLjfm', '34_lag_44_median_amoSSTjfm', '46_lag_nhSICjfm', '34_lag_62_median_scpPSLjfm']","[2.676928375402845, 0.37617930249670906, 3.38926220943939, 2.2430657864400683, 2.148501830259497, 2.164369966057147]","42_lag_shSICsep, 36_lag_stratZ50ndj02, 38_lag_naoPSLjfm, 34_lag_44_median_amoSSTjfm, 46_lag_nhSICjfm, 34_lag_62_median_scpPSLjfm_1298_34"
LRforcedPSO,50,6,naoPSLjfm,slow,916.5,2005.5,0.8,65,35,35,14.758387949756125,0.036399689484985016,1298,"['35_lag_53_median_amoSSTmjjaso', '38_lag_naoPSLjfm', '35_lag_57_median_amo3', '53_lag_solFORC', '56_lag_amoSSTmjjaso', '35_lag_39_median_amo2']","[2.707000161412333, 2.4774475631629063, 2.032295977623272, 2.3596547281320057, 2.0616629298501468, 2.030992733657477]","35_lag_53_median_amoSSTmjjaso, 38_lag_naoPSLjfm, 35_lag_57_median_amo3, 53_lag_solFORC, 56_lag_amoSSTmjjaso, 35_lag_39_median_amo2_1298_35"
LRforcedPSO,51,6,naoPSLjfm,slow,917.5,2005.5,0.8,66,36,36,15.461805380977935,0.020650138086405836,1298,"['37_lag_eapPSLjfm', '45_lag_amo1', '36_lag_43_median_amo3', '39_lag_shSICmar', '36_lag_40_median_atlSICsep', '36_lag_45_median_stratZ50ndj03']","[3.538760300378854, 0.9306632836818256, 5.350270934902028, 3.681080612887474, 2.951216912778232, 0.16667006961132103]","37_lag_eapPSLjfm, 45_lag_amo1, 36_lag_43_median_amo3, 39_lag_shSICmar, 36_lag_40_median_atlSICsep, 36_lag_45_median_stratZ50ndj03_1298_36"
LRforcedPSO,52,6,naoPSLjfm,slow,918.5,2005.5,0.8,67,37,37,15.036232743069508,0.0019908316052340024,1298,"['49_lag_stratZ50ndj02', '66_lag_atlSICjfm', '52_lag_stratZ50ndj02', '39_lag_naoPSLjfm', '37_lag_eurPSLjfm', '66_lag_eapPSLjfm']","[0.7339367214442305, 0.18448679519875988, 3.518753168911136, 0.6514019024514042, 2.1407252521851596, 0.6718659591297289]","49_lag_stratZ50ndj02, 66_lag_atlSICjfm, 52_lag_stratZ50ndj02, 39_lag_naoPSLjfm, 37_lag_eurPSLjfm, 66_lag_eapPSLjfm_1298_37"
LRforcedPSO,53,6,naoPSLjfm,slow,919.5,2005.5,0.8,68,38,38,14.909785452111505,0.10282647959022617,1298,"['38_lag_46_median_amoSSTmjjaso', '63_lag_atlSICsep', '38_lag_52_median_eurPSLjfm', '63_lag_stratZ50ndj01', '38_lag_58_median_amoSSTjfm', '38_lag_stratZ50ndj04']","[2.300560261536894, 2.5250751255843635, 2.5574613080349007, 2.1238639203103173, 1.9563410616168906, 2.4580428849510603]","38_lag_46_median_amoSSTmjjaso, 63_lag_atlSICsep, 38_lag_52_median_eurPSLjfm, 63_lag_stratZ50ndj01, 38_lag_58_median_amoSSTjfm, 38_lag_stratZ50ndj04_1298_38"
LRforcedPSO,54,6,naoPSLjfm,slow,920.5,2005.5,0.8,69,39,39,17.333859790354605,-0.06514895799461116,1298,"['39_lag_52_median_amoSSTjfm', '57_lag_shSICsep', '63_lag_shSICsep', '39_lag_stratZ50ndj03', '39_lag_55_median_amoSSTmjjaso', '46_lag_stratZ50ndj01']","[0.9476669292035531, 1.700423286047787, 3.494139249349482, 3.4931140566538987, 2.3399804409283966, 1.0576080844432596]","39_lag_52_median_amoSSTjfm, 57_lag_shSICsep, 63_lag_shSICsep, 39_lag_stratZ50ndj03, 39_lag_55_median_amoSSTmjjaso, 46_lag_stratZ50ndj01_1298_39"
LRforcedPSO,55,6,naoPSLjfm,slow,921.5,2005.5,0.8,70,40,40,15.268418438048576,-0.07813930222271409,1298,"['40_lag_46_median_eurPSLjfm', '57_lag_eapPSLjfm', '45_lag_amoSSTmjjaso', '44_lag_amoSSTjfm', '40_lag_46_median_stratZ50ndj03', '68_lag_amo1']","[1.4319298177873143, 1.7862944526305686, 1.897813348511635, 1.5141601257440176, 1.5716939422719944, 1.4867706640701515]","40_lag_46_median_eurPSLjfm, 57_lag_eapPSLjfm, 45_lag_amoSSTmjjaso, 44_lag_amoSSTjfm, 40_lag_46_median_stratZ50ndj03, 68_lag_amo1_1298_40"
LRforcedPSO,56,6,naoPSLjfm,slow,922.5,2005.5,0.8,71,41,41,16.56212502155313,-0.10097598805367719,1298,"['41_lag_42_median_eurPSLjfm', '60_lag_eurPSLjfm', '41_lag_43_median_naoPSLjfm', '41_lag_58_median_amoSSTmjjaso', '67_lag_scpPSLjfm', '41_lag_52_median_stratZ50ndj03']","[1.8872529093842605, 3.291028428372684, 0.5883357405897893, 0.8154241720677398, 1.5418567557094782, 5.717477927861392]","41_lag_42_median_eurPSLjfm, 60_lag_eurPSLjfm, 41_lag_43_median_naoPSLjfm, 41_lag_58_median_amoSSTmjjaso, 67_lag_scpPSLjfm, 41_lag_52_median_stratZ50ndj03_1298_41"
LRforcedPSO,57,6,naoPSLjfm,slow,923.5,2005.5,0.8,72,42,42,16.262827854479365,-0.08342742905087812,1298,"['71_lag_amoSSTjfm', '42_lag_49_median_stratZ50ndj04', '69_lag_amoSSTmjjaso', '68_lag_AMOCann', '49_lag_nppc2SSTjfm', '48_lag_scpPSLjfm']","[1.3705710776074547, 3.800533700415187, 1.7031910026884773, 0.3593629864348369, 2.173451619098201, 1.9386333119784087]","71_lag_amoSSTjfm, 42_lag_49_median_stratZ50ndj04, 69_lag_amoSSTmjjaso, 68_lag_AMOCann, 49_lag_nppc2SSTjfm, 48_lag_scpPSLjfm_1298_42"
LRforcedPSO,58,6,naoPSLjfm,slow,924.5,2005.5,0.8,73,43,43,16.621644209585863,-0.014190746582431019,1298,"['43_lag_71_median_stratZ50ndj03', '43_lag_50_median_stratZ50ndj01', '69_lag_eurPSLjfm', '57_lag_solFORC', '43_lag_45_median_amoSSTmjjaso', '43_lag_70_median_stratZ50ndj02']","[0.2627912919181661, 2.0470687135724432, 4.746327835442528, 0.9514171515648666, 1.211289216010476, 4.897454847343749]","43_lag_71_median_stratZ50ndj03, 43_lag_50_median_stratZ50ndj01, 69_lag_eurPSLjfm, 57_lag_solFORC, 43_lag_45_median_amoSSTmjjaso, 43_lag_70_median_stratZ50ndj02_1298_43"
LRforcedPSO,59,6,naoPSLjfm,slow,925.5,2005.5,0.8,74,44,44,16.017328488138602,-0.02737715013934243,1298,"['44_lag_60_median_amoSSTmjjaso', '44_lag_59_median_solFORC', '53_lag_nhSICsep', '44_lag_59_median_eurPSLjfm', '44_lag_55_median_stratZ50ndj01', '44_lag_50_median_amoSSTmjjaso']","[1.3287540648118608, 3.433842459674505, 3.188507447977516, 1.9214375155883623, 1.679169827605154, 0.9045486372212412]","44_lag_60_median_amoSSTmjjaso, 44_lag_59_median_solFORC, 53_lag_nhSICsep, 44_lag_59_median_eurPSLjfm, 44_lag_55_median_stratZ50ndj01, 44_lag_50_median_amoSSTmjjaso_1298_44"
LRforcedPSO,60,6,naoPSLjfm,slow,926.5,2005.5,0.8,75,45,45,14.275843910830034,0.1981137264409035,1298,"['45_lag_66_median_scpPSLjfm', '69_lag_stratZ50ndj04', '48_lag_nppc2SSTjfm', '45_lag_56_median_stratZ50ndj01', '48_lag_amoSSTmjjaso', '45_lag_48_median_shSICmar']","[0.3623795695828598, 1.7877606235028036, 4.71516464532418, 1.607920763209167, 0.6319713891952983, 0.2526985516759126]","45_lag_66_median_scpPSLjfm, 69_lag_stratZ50ndj04, 48_lag_nppc2SSTjfm, 45_lag_56_median_stratZ50ndj01, 48_lag_amoSSTmjjaso, 45_lag_48_median_shSICmar_1298_45"
LRforcedPSO,61,6,naoPSLjfm,slow,927.5,2005.5,0.8,76,46,46,15.180700222311323,-0.05063036237823289,1298,"['46_lag_48_median_eapPSLjfm', '50_lag_amo3', '75_lag_eurPSLjfm', '52_lag_amo3', '46_lag_67_median_amo1', '68_lag_solFORC']","[2.1376880468863697, 1.7423107032532266, 1.603266035191227, 1.6370837376395138, 1.6509652907927086, 1.6375322814207962]","46_lag_48_median_eapPSLjfm, 50_lag_amo3, 75_lag_eurPSLjfm, 52_lag_amo3, 46_lag_67_median_amo1, 68_lag_solFORC_1298_46"
LRforcedPSO,62,6,naoPSLjfm,slow,928.5,2005.5,0.8,77,47,47,15.489784128307,0.024152296907004444,1298,"['68_lag_scpPSLjfm', '47_lag_53_median_solFORC', '47_lag_64_median_scpPSLjfm', '47_lag_56_median_stratZ50ndj03', '61_lag_atlSICsep', '47_lag_55_median_stratZ50ndj01']","[2.9834988760560943, 1.426821226275088, 1.677054742370661, 2.3817808046817053, 5.518790370983511, 1.7403699646571802]","68_lag_scpPSLjfm, 47_lag_53_median_solFORC, 47_lag_64_median_scpPSLjfm, 47_lag_56_median_stratZ50ndj03, 61_lag_atlSICsep, 47_lag_55_median_stratZ50ndj01_1298_47"
LRforcedPSO,63,6,naoPSLjfm,slow,929.5,2005.5,0.8,78,48,48,15.172960380952283,-0.05263917153654543,1298,"['64_lag_amo3', '63_lag_solFORC', '63_lag_AMOCann', '48_lag_60_median_atlSICjfm', '70_lag_nhSICjfm', '58_lag_stratZ50ndj01']","[1.8196718121342788, 1.9068344137819437, 1.8899418919249733, 2.1076733615786436, 2.107296753286109, 2.173127357812767]","64_lag_amo3, 63_lag_solFORC, 63_lag_AMOCann, 48_lag_60_median_atlSICjfm, 70_lag_nhSICjfm, 58_lag_stratZ50ndj01_1298_48"
LRforcedPSO,64,6,naoPSLjfm,slow,930.5,2005.5,0.8,79,49,49,14.727559120320747,-0.0731336729758831,1298,"['49_lag_57_median_eapPSLjfm', '49_lag_53_median_shSICsep', '56_lag_eurPSLjfm', '72_lag_AMOCann', '49_lag_55_median_eurPSLjfm', '76_lag_AMOCann']","[0.9529244695815862, 1.2705512562176453, 0.9529190599039886, 0.9622562149090376, 1.001026254280514, 0.9535443351846006]","49_lag_57_median_eapPSLjfm, 49_lag_53_median_shSICsep, 56_lag_eurPSLjfm, 72_lag_AMOCann, 49_lag_55_median_eurPSLjfm, 76_lag_AMOCann_1298_49"
LRforcedPSO,65,6,naoPSLjfm,slow,931.5,2005.5,0.8,80,50,50,15.657379866125188,-0.011848500999913272,1298,"['50_lag_51_median_nppc2SSTjfm', '50_lag_56_median_nhSICjfm', '58_lag_stratZ50ndj04', '50_lag_71_median_scpPSLjfm', '62_lag_nhSICjfm', '55_lag_naoPSLjfm']","[3.012904245611736, 1.4407350406723385, 3.8272206427821693, 1.3693135365169855, 1.2898204610165571, 5.072130859617674]","50_lag_51_median_nppc2SSTjfm, 50_lag_56_median_nhSICjfm, 58_lag_stratZ50ndj04, 50_lag_71_median_scpPSLjfm, 62_lag_nhSICjfm, 55_lag_naoPSLjfm_1298_50"
LRforcedPSO,66,6,naoPSLjfm,slow,932.5,2005.5,0.8,81,51,51,15.455920034742997,-0.005283676698016394,1298,"['51_lag_71_median_amoSSTjfm', '55_lag_stratZ50ndj02', '53_lag_shSICmar', '51_lag_73_median_eapPSLjfm', '57_lag_nhSICsep', '51_lag_55_median_amo3']","[1.4027675181210668, 1.316824903461575, 1.7523836280949243, 1.7268888082477256, 1.3616101980950488, 1.317602629542448]","51_lag_71_median_amoSSTjfm, 55_lag_stratZ50ndj02, 53_lag_shSICmar, 51_lag_73_median_eapPSLjfm, 57_lag_nhSICsep, 51_lag_55_median_amo3_1298_51"
LRforcedPSO,67,6,naoPSLjfm,slow,933.5,2005.5,0.8,82,52,52,15.812274073963737,0.03314248364562883,1298,"['52_lag_58_median_stratZ50ndj03', '52_lag_67_median_amo3', '58_lag_eurPSLjfm', '52_lag_55_median_stratZ50ndj02', '57_lag_stratZ50ndj01', '74_lag_shSICsep']","[2.9009166453124013, 4.347987833151093, 3.7472169663172643, 3.565597322339487, 0.7964737870286207, 0.6888072573223027]","52_lag_58_median_stratZ50ndj03, 52_lag_67_median_amo3, 58_lag_eurPSLjfm, 52_lag_55_median_stratZ50ndj02, 57_lag_stratZ50ndj01, 74_lag_shSICsep_1298_52"
LRforcedPSO,68,6,naoPSLjfm,slow,934.5,2005.5,0.8,83,53,53,15.284915306127388,-0.03562834876444918,1298,"['53_lag_70_median_nhSICjfm', '64_lag_eurPSLjfm', '53_lag_77_median_nhSICsep', '53_lag_72_median_nhSICsep', '58_lag_nhSICjfm', '53_lag_64_median_shSICmar']","[6.371286009127804, 1.4906933083290053, 0.24700079235879713, 1.7783381857228715, 6.708557301137297, 3.645225848986101]","53_lag_70_median_nhSICjfm, 64_lag_eurPSLjfm, 53_lag_77_median_nhSICsep, 53_lag_72_median_nhSICsep, 58_lag_nhSICjfm, 53_lag_64_median_shSICmar_1298_53"
LRforcedPSO,69,6,naoPSLjfm,slow,935.5,2005.5,0.8,84,54,54,14.642564467545231,0.08516188794479163,1298,"['66_lag_amo3', '54_lag_59_median_AMOCann', '54_lag_55_median_shSICmar', '54_lag_64_median_stratZ50ndj02', '69_lag_nppc2SSTjfm', '54_lag_55_median_atlSICsep']","[1.722498111719734, 1.8601985064309192, 2.2498563468415838, 2.102826933072407, 2.2770507764673216, 1.7812525367097052]","66_lag_amo3, 54_lag_59_median_AMOCann, 54_lag_55_median_shSICmar, 54_lag_64_median_stratZ50ndj02, 69_lag_nppc2SSTjfm, 54_lag_55_median_atlSICsep_1298_54"
LRforcedPSO,70,6,naoPSLjfm,slow,936.5,2005.5,0.8,85,55,55,15.492945508281464,0.016280093873288114,1298,"['74_lag_atlSICsep', '74_lag_nhSICjfm', '83_lag_stratZ50ndj03', '55_lag_78_median_stratZ50ndj01', '82_lag_AMOCann', '72_lag_amoSSTmjjaso']","[5.288961932509888, 2.6301408655157825, 1.757574777781219, 2.213599777624326, 2.26103478381283, 1.7187630634555706]","74_lag_atlSICsep, 74_lag_nhSICjfm, 83_lag_stratZ50ndj03, 55_lag_78_median_stratZ50ndj01, 82_lag_AMOCann, 72_lag_amoSSTmjjaso_1298_55"
LRforcedPSO,71,6,naoPSLjfm,slow,937.5,2005.5,0.8,86,56,56,15.416147099190985,0.058887840232985225,1298,"['82_lag_scpPSLjfm', '71_lag_naoPSLjfm', '71_lag_amo2', '56_lag_62_median_AMOCann', '68_lag_stratZ50ndj01', '62_lag_nhSICsep']","[2.225300398130363, 2.73478292581693, 0.3496683880208806, 0.33280011469000215, 4.368587197459249, 2.9918115975919672]","82_lag_scpPSLjfm, 71_lag_naoPSLjfm, 71_lag_amo2, 56_lag_62_median_AMOCann, 68_lag_stratZ50ndj01, 62_lag_nhSICsep_1298_56"
LRforcedPSO,72,6,naoPSLjfm,slow,938.5,2005.5,0.8,87,57,57,15.324287578226606,-0.20813396221361555,1298,"['57_lag_amo1', '57_lag_69_median_stratZ50ndj03', '59_lag_amo2', '57_lag_62_median_eurPSLjfm', '57_lag_74_median_amo2', '57_lag_64_median_amoSSTmjjaso']","[1.7164182268676251, 1.685715561159962, 2.0751630900137386, 1.6855630462402806, 2.2471458561945985, 1.9774734447811113]","57_lag_amo1, 57_lag_69_median_stratZ50ndj03, 59_lag_amo2, 57_lag_62_median_eurPSLjfm, 57_lag_74_median_amo2, 57_lag_64_median_amoSSTmjjaso_1298_57"
LRforcedPSO,73,6,naoPSLjfm,slow,939.5,2005.5,0.8,88,58,58,15.94657384055705,-0.060077806077732776,1298,"['58_lag_72_median_nppc2SSTjfm', '58_lag_86_median_nppc2SSTjfm', '70_lag_eapPSLjfm', '58_lag_73_median_atlSICjfm', '58_lag_70_median_amo2', '58_lag_70_median_stratZ50ndj03']","[5.141232365072524, 9.493200183443548, 0.5852800077832896, 1.3545451143761778, 1.3858571980149943, 0.5106199546275079]","58_lag_72_median_nppc2SSTjfm, 58_lag_86_median_nppc2SSTjfm, 70_lag_eapPSLjfm, 58_lag_73_median_atlSICjfm, 58_lag_70_median_amo2, 58_lag_70_median_stratZ50ndj03_1298_58"
LRforcedPSO,74,6,naoPSLjfm,slow,940.5,2005.5,0.8,89,59,59,15.109195671691744,-0.059217902296409136,1298,"['87_lag_stratZ50ndj01', '59_lag_84_median_amoSSTmjjaso', '71_lag_stratZ50ndj04', '59_lag_77_median_stratZ50ndj01', '72_lag_amoSSTmjjaso', '59_lag_79_median_shSICsep']","[0.904445202583064, 0.38235225813705576, 0.9933571490397881, 1.6792927592163203, 3.187596223963844, 0.31587522236650223]","87_lag_stratZ50ndj01, 59_lag_84_median_amoSSTmjjaso, 71_lag_stratZ50ndj04, 59_lag_77_median_stratZ50ndj01, 72_lag_amoSSTmjjaso, 59_lag_79_median_shSICsep_1298_59"
LRforcedPSO,75,6,naoPSLjfm,slow,941.5,2005.5,0.8,90,60,60,14.768185137248906,0.04166376408220555,1298,"['86_lag_shSICmar', '80_lag_amo2', '65_lag_atlSICjfm', '79_lag_nppc2SSTjfm', '60_lag_74_median_scpPSLjfm', '60_lag_82_median_stratZ50ndj04']","[1.625711130915696, 1.625698791531534, 1.6596814364651673, 1.9981931298187927, 1.6257088386438947, 2.166303548930247]","86_lag_shSICmar, 80_lag_amo2, 65_lag_atlSICjfm, 79_lag_nppc2SSTjfm, 60_lag_74_median_scpPSLjfm, 60_lag_82_median_stratZ50ndj04_1298_60"
LRforcedPSO,76,6,naoPSLjfm,slow,942.5,2005.5,0.8,91,61,61,14.86952056531394,-0.05258520277722859,1298,"['61_lag_66_median_stratZ50ndj04', '76_lag_shSICsep', '80_lag_shSICmar', '61_lag_66_median_amoSSTmjjaso', '61_lag_63_median_shSICsep', '88_lag_eapPSLjfm']","[1.9118050222564982, 4.105613238717735, 3.329123127464692, 0.10894067702852617, 0.014909970719809706, 0.7075645297289572]","61_lag_66_median_stratZ50ndj04, 76_lag_shSICsep, 80_lag_shSICmar, 61_lag_66_median_amoSSTmjjaso, 61_lag_63_median_shSICsep, 88_lag_eapPSLjfm_1298_61"
LRforcedPSO,77,6,naoPSLjfm,slow,943.5,2005.5,0.8,92,62,62,16.614705829110015,-0.07716042035088258,1298,"['62_lag_66_median_AMOCann', '79_lag_nhSICsep', '74_lag_shSICmar', '84_lag_stratZ50ndj01', '62_lag_76_median_naoPSLjfm', '84_lag_nppc2SSTjfm']","[1.475043602624238, 3.599742819601646, 2.397069732744825, 6.10385221939592, 1.2309818652935611, 1.4947151795199947]","62_lag_66_median_AMOCann, 79_lag_nhSICsep, 74_lag_shSICmar, 84_lag_stratZ50ndj01, 62_lag_76_median_naoPSLjfm, 84_lag_nppc2SSTjfm_1298_62"
LRforcedPSO,78,6,naoPSLjfm,slow,944.5,2005.5,0.8,93,63,63,16.29174131419352,-0.09855244720305713,1298,"['63_lag_83_median_naoPSLjfm', '63_lag_66_median_eapPSLjfm', '63_lag_71_median_amo2', '63_lag_79_median_amo1', '63_lag_90_median_solFORC', '74_lag_amoSSTmjjaso']","[2.940308962079129, 3.0474227555217723, 0.9290906021592669, 4.252260456911319, 0.43482950849096014, 2.2785207788661204]","63_lag_83_median_naoPSLjfm, 63_lag_66_median_eapPSLjfm, 63_lag_71_median_amo2, 63_lag_79_median_amo1, 63_lag_90_median_solFORC, 74_lag_amoSSTmjjaso_1298_63"
LRforcedPSO,79,6,naoPSLjfm,slow,945.5,2005.5,0.8,94,64,64,15.688682315930164,-0.02800580954655668,1298,"['77_lag_atlSICsep', '65_lag_stratZ50ndj04', '66_lag_stratZ50ndj04', '64_lag_92_median_shSICsep', '84_lag_scpPSLjfm', '64_lag_91_median_solFORC']","[2.54119644587651, 5.266815440280276, 0.6779845905118993, 1.6623030018537577, 1.6879456963578843, 6.123794316732896]","77_lag_atlSICsep, 65_lag_stratZ50ndj04, 66_lag_stratZ50ndj04, 64_lag_92_median_shSICsep, 84_lag_scpPSLjfm, 64_lag_91_median_solFORC_1298_64"
LRforcedPSO,80,6,naoPSLjfm,slow,946.5,2005.5,0.8,95,65,65,15.756975548185787,0.033194863416825295,1298,"['65_lag_86_median_stratZ50ndj01', '65_lag_75_median_shSICmar', '87_lag_amoSSTmjjaso', '65_lag_67_median_nppc2SSTjfm', '68_lag_amo2', '71_lag_atlSICsep']","[6.586939265215165, 0.20251497918804873, 0.8996942099596357, 0.8635947946908367, 2.058407223820491, 3.9832213782108656]","65_lag_86_median_stratZ50ndj01, 65_lag_75_median_shSICmar, 87_lag_amoSSTmjjaso, 65_lag_67_median_nppc2SSTjfm, 68_lag_amo2, 71_lag_atlSICsep_1298_65"
LRforcedPSO,81,6,naoPSLjfm,slow,947.5,2005.5,0.8,96,66,66,14.2282271136153,0.12032603056705761,1298,"['88_lag_shSICsep', '66_lag_91_median_amoSSTjfm', '95_lag_stratZ50ndj03', '66_lag_71_median_stratZ50ndj04', '66_lag_76_median_nhSICsep', '66_lag_91_median_stratZ50ndj03']","[2.0903292276990553, 1.70512201116865, 2.091355517918338, 1.5848717424163776, 2.001402065249409, 1.8948165031297568]","88_lag_shSICsep, 66_lag_91_median_amoSSTjfm, 95_lag_stratZ50ndj03, 66_lag_71_median_stratZ50ndj04, 66_lag_76_median_nhSICsep, 66_lag_91_median_stratZ50ndj03_1298_66"
LRforcedPSO,82,6,naoPSLjfm,slow,948.5,2005.5,0.8,97,67,67,14.648936460302275,0.04630048094768969,1298,"['83_lag_eapPSLjfm', '67_lag_89_median_naoPSLjfm', '86_lag_eapPSLjfm', '67_lag_82_median_AMOCann', '95_lag_naoPSLjfm', '76_lag_eurPSLjfm']","[0.42950453295984303, 1.5598602891009143, 0.5078884853686372, 3.3439279834092908, 4.601900896672181, 2.186932399167363]","83_lag_eapPSLjfm, 67_lag_89_median_naoPSLjfm, 86_lag_eapPSLjfm, 67_lag_82_median_AMOCann, 95_lag_naoPSLjfm, 76_lag_eurPSLjfm_1298_67"
LRforcedPSO,83,6,naoPSLjfm,slow,949.5,2005.5,0.8,98,68,68,14.580957565973126,0.00036340879286742185,1298,"['68_lag_80_median_atlSICjfm', '68_lag_97_median_nhSICjfm', '85_lag_amoSSTjfm', '68_lag_89_median_solFORC', '68_lag_97_median_nppc2SSTjfm', '88_lag_amo1']","[1.4125401008183691, 1.8317088009258233, 1.4516880123272962, 1.3737825932435583, 1.387454595228194, 1.3748743399786871]","68_lag_80_median_atlSICjfm, 68_lag_97_median_nhSICjfm, 85_lag_amoSSTjfm, 68_lag_89_median_solFORC, 68_lag_97_median_nppc2SSTjfm, 88_lag_amo1_1298_68"
LRforcedPSO,84,6,naoPSLjfm,slow,950.5,2005.5,0.8,99,69,69,15.374179452630392,0.029353184207375083,1298,"['81_lag_nhSICsep', '69_lag_71_median_eapPSLjfm', '79_lag_amoSSTjfm', '69_lag_88_median_stratZ50ndj04', '95_lag_eurPSLjfm', '69_lag_85_median_nppc2SSTjfm']","[1.3128487083211144, 0.2152981746514726, 4.546506637454895, 4.389669377769517, 2.042116261653404, 0.7000568633437148]","81_lag_nhSICsep, 69_lag_71_median_eapPSLjfm, 79_lag_amoSSTjfm, 69_lag_88_median_stratZ50ndj04, 95_lag_eurPSLjfm, 69_lag_85_median_nppc2SSTjfm_1298_69"
LRforcedPSO,85,6,naoPSLjfm,slow,951.5,2005.5,0.8,100,70,70,14.993322491210582,-0.012265744237862463,1298,"['88_lag_nhSICjfm', '70_lag_82_median_amo1', '90_lag_atlSICsep', '71_lag_amoSSTjfm', '70_lag_76_median_shSICmar', '70_lag_93_median_amo1']","[1.9117048516762996, 0.6135467501680854, 1.2952915005205448, 0.041279504593861205, 0.07348514864609967, 5.14229015557774]","88_lag_nhSICjfm, 70_lag_82_median_amo1, 90_lag_atlSICsep, 71_lag_amoSSTjfm, 70_lag_76_median_shSICmar, 70_lag_93_median_amo1_1298_70"
