model,num_irrelevant,max_allowed_features,target_feature,dataset,year_start,year_end,splitsize,max_lag,init_lag,max_forecast,mae_score,corr_score,n_total_features,selected_feature_list,feature_importances,selected_features
LRforcedPSO,0,10,naoPSLjfm,slow,866.5,2005.5,0.8,15,5,5,15.50524150166956,0.01781070448275235,1235,"['14_lag_traWP', '5_lag_9_median_mhfATL45', '5_lag_10_median_stratZ50ndj02', '13_lag_traDP', '5_lag_8_median_nppc3SSTjfm', '5_lag_9_median_shSICsep', '5_lag_10_median_traMC', '14_lag_nppc2SSTjfm', '14_lag_pdoSSTjfm', '7_lag_solFORC']","[3.0187619475090033, 2.0661820263843307, 1.6376777282890576, 0.790261816279882, 0.09338799700377542, 8.345355291430575, 2.3717690074186715, 7.720416567299463, 2.0245666305442356, 1.4098115730683443]","14_lag_traWP, 5_lag_9_median_mhfATL45, 5_lag_10_median_stratZ50ndj02, 13_lag_traDP, 5_lag_8_median_nppc3SSTjfm, 5_lag_9_median_shSICsep, 5_lag_10_median_traMC, 14_lag_nppc2SSTjfm, 14_lag_pdoSSTjfm, 7_lag_solFORC_1235_5"
LRforcedPSO,1,10,naoPSLjfm,slow,867.5,2005.5,0.8,16,6,6,24.384697710614276,-0.09184528480219663,1235,"['14_lag_traDS', '14_lag_shSICmar', '6_lag_15_median_solFORC', '6_lag_15_median_amo2', '10_lag_neurTSjfm', '6_lag_13_median_amoSSTmjjaso', '6_lag_12_median_scpPSLjfm', '8_lag_nhSICsep', '7_lag_nchinaPRjja', '14_lag_traEC']","[4.207959464050446, 6.877425272160572, 0.9888435026029274, 5.354299859987279, 1.0837630379011145, 0.1241319248100794, 1.6356558347942691, 5.2161204250613125, 6.374707952266929, 0.3091949197560222]","14_lag_traDS, 14_lag_shSICmar, 6_lag_15_median_solFORC, 6_lag_15_median_amo2, 10_lag_neurTSjfm, 6_lag_13_median_amoSSTmjjaso, 6_lag_12_median_scpPSLjfm, 8_lag_nhSICsep, 7_lag_nchinaPRjja, 14_lag_traEC_1235_6"
LRforcedPSO,2,10,naoPSLjfm,slow,868.5,2005.5,0.8,17,7,7,19.997640206321336,-0.046695586991079736,1235,"['7_lag_11_median_traTLS', '8_lag_amo3', '7_lag_12_median_ginwSSTjfm', '7_lag_14_median_stratZ50ndj01', '15_lag_amoSSTmjjaso', '7_lag_15_median_amo1', '7_lag_12_median_yrvPRjja', '7_lag_15_median_traCA', '16_lag_traFSC', '7_lag_12_median_neurTSjfm']","[0.24820495938667975, 0.04706661830271308, 1.3538932352946187, 3.3439698089913117, 2.7903733818773873, 4.734659719814845, 3.0964514402493393, 3.067195487073091, 5.936284090625481, 0.27699478407966716]","7_lag_11_median_traTLS, 8_lag_amo3, 7_lag_12_median_ginwSSTjfm, 7_lag_14_median_stratZ50ndj01, 15_lag_amoSSTmjjaso, 7_lag_15_median_amo1, 7_lag_12_median_yrvPRjja, 7_lag_15_median_traCA, 16_lag_traFSC, 7_lag_12_median_neurTSjfm_1235_7"
LRforcedPSO,3,10,naoPSLjfm,slow,869.5,2005.5,0.8,18,8,8,16.462204692735998,0.1136614951593059,1235,"['16_lag_traFB', '14_lag_wnorPRjfm', '8_lag_9_median_mhfIP30', '12_lag_traWP', '8_lag_13_median_shSICsep', '8_lag_17_median_eurPSLjfm', '8_lag_9_median_stratZ50ndj02', '9_lag_atlSICjfm', '15_lag_traFB', '14_lag_tripol1']","[0.5662998406568338, 0.4546346289968799, 6.366477350388987, 3.7847429687752694, 1.54087850059285, 6.071932542039919, 3.1636675407875163, 0.8326387862435496, 0.6274935606937326, 0.5683884199013178]","16_lag_traFB, 14_lag_wnorPRjfm, 8_lag_9_median_mhfIP30, 12_lag_traWP, 8_lag_13_median_shSICsep, 8_lag_17_median_eurPSLjfm, 8_lag_9_median_stratZ50ndj02, 9_lag_atlSICjfm, 15_lag_traFB, 14_lag_tripol1_1235_8"
LRforcedPSO,4,10,naoPSLjfm,slow,870.5,2005.5,0.8,19,9,9,20.835546667036567,0.03293234960669527,1235,"['12_lag_tripol3', '9_lag_14_median_arcTSjfm', '9_lag_11_median_mhfIP30', '9_lag_17_median_traDS', '14_lag_traTLS', '9_lag_14_median_traWP', '12_lag_atlSICsep', '13_lag_mhfIP30', '9_lag_11_median_atlSICsep', '11_lag_ginwSSTjfm']","[0.02326847759295525, 5.562358220091401, 0.441261432146403, 3.1438385622070406, 5.976985635243588, 3.0567275498848385, 4.421012662464092, 1.3844607022638051, 3.5242711909129874, 0.2998595716946202]","12_lag_tripol3, 9_lag_14_median_arcTSjfm, 9_lag_11_median_mhfIP30, 9_lag_17_median_traDS, 14_lag_traTLS, 9_lag_14_median_traWP, 12_lag_atlSICsep, 13_lag_mhfIP30, 9_lag_11_median_atlSICsep, 11_lag_ginwSSTjfm_1235_9"
LRforcedPSO,5,10,naoPSLjfm,slow,871.5,2005.5,0.8,20,10,10,17.700185906430285,-0.027352348618966293,1235,"['16_lag_amoSSTmjjaso', '10_lag_13_median_gyreSSTjfm', '12_lag_traDS', '10_lag_13_median_stratZ50ndj04', '10_lag_11_median_mhfIP30', '11_lag_ismPRjja', '10_lag_16_median_traDP', '10_lag_19_median_cetTSjfm', '18_lag_tripol2', '17_lag_alpi']","[0.02087796064820857, 4.326631655600382, 0.7450228073501073, 3.2826518834705887, 1.6167092772343423, 5.705975830733207, 0.0012280177959578253, 5.092629648392776, 2.072587626913174, 6.382378732501714]","16_lag_amoSSTmjjaso, 10_lag_13_median_gyreSSTjfm, 12_lag_traDS, 10_lag_13_median_stratZ50ndj04, 10_lag_11_median_mhfIP30, 11_lag_ismPRjja, 10_lag_16_median_traDP, 10_lag_19_median_cetTSjfm, 18_lag_tripol2, 17_lag_alpi_1235_10"
LRforcedPSO,6,10,naoPSLjfm,slow,872.5,2005.5,0.8,21,11,11,18.333726719019666,-0.07699483776456723,1235,"['16_lag_scpPSLjfm', '11_lag_18_median_ensoSSTjfm', '11_lag_20_median_amo1', '11_lag_14_median_nchinaPRjja', '11_lag_20_median_stratZ50ndj02', '11_lag_16_median_labSSTjfm', '19_lag_eurPSLjfm', '11_lag_15_median_amoSSTmjjaso', '16_lag_amo3', '11_lag_17_median_samPSLann']","[3.782745602166795, 6.490294051080355, 4.909463912178637, 4.376105420076936, 4.8081021736841585, 4.0134834019538665, 3.3788541746177074, 3.7153034468334507, 2.7100501976701725, 0.05457018549512149]","16_lag_scpPSLjfm, 11_lag_18_median_ensoSSTjfm, 11_lag_20_median_amo1, 11_lag_14_median_nchinaPRjja, 11_lag_20_median_stratZ50ndj02, 11_lag_16_median_labSSTjfm, 19_lag_eurPSLjfm, 11_lag_15_median_amoSSTmjjaso, 16_lag_amo3, 11_lag_17_median_samPSLann_1235_11"
LRforcedPSO,7,10,naoPSLjfm,slow,873.5,2005.5,0.8,22,12,12,17.499330159514468,-0.0238705745416879,1235,"['12_lag_17_median_atlSICjfm', '12_lag_21_median_AMOCann', '15_lag_amo3', '12_lag_15_median_traCA', '12_lag_18_median_shSICmar', '14_lag_mhfATL30', '15_lag_traEC', '16_lag_gyreSSTjfm', '12_lag_13_median_mhfATL60', '18_lag_traBS']","[7.894811537476688, 4.1904561086417225, 3.7105621519995076, 2.305785409105729, 5.554186439781844, 1.2746274012816272, 4.413044643144893, 3.723690197753797, 2.787633680488126, 0.1442754641084072]","12_lag_17_median_atlSICjfm, 12_lag_21_median_AMOCann, 15_lag_amo3, 12_lag_15_median_traCA, 12_lag_18_median_shSICmar, 14_lag_mhfATL30, 15_lag_traEC, 16_lag_gyreSSTjfm, 12_lag_13_median_mhfATL60, 18_lag_traBS_1235_12"
LRforcedPSO,8,10,naoPSLjfm,slow,874.5,2005.5,0.8,23,13,13,20.51875245981402,-0.00538257429495753,1235,"['13_lag_19_median_amo1', '13_lag_16_median_alpi', '13_lag_21_median_nhTSjfm', '13_lag_17_median_tripol1', '15_lag_glTSjfm', '13_lag_22_median_tripol3', '13_lag_21_median_naoPSLjfm', '21_lag_nppc2SSTjfm', '16_lag_satlSSTjfm', '14_lag_stratZ50ndj02']","[0.7271013296833821, 9.543149523261778, 1.7361946048549157, 2.0327083222129794, 3.2819854108528084, 5.222892062627537, 0.6738156600942204, 1.4819974991960283, 0.8880347636226116, 0.9951909521622238]","13_lag_19_median_amo1, 13_lag_16_median_alpi, 13_lag_21_median_nhTSjfm, 13_lag_17_median_tripol1, 15_lag_glTSjfm, 13_lag_22_median_tripol3, 13_lag_21_median_naoPSLjfm, 21_lag_nppc2SSTjfm, 16_lag_satlSSTjfm, 14_lag_stratZ50ndj02_1235_13"
LRforcedPSO,9,10,naoPSLjfm,slow,875.5,2005.5,0.8,24,14,14,16.091102682839402,-0.0358125223925157,1235,"['20_lag_scpPSLjfm', '20_lag_glomaSSTjfm', '18_lag_amo1', '22_lag_ginwSSTjfm', '14_lag_23_median_mhfATL60', '18_lag_mhfIP30', '14_lag_16_median_ginwSSTjfm', '21_lag_traBO', '16_lag_traDP', '14_lag_21_median_mhfATL45']","[3.41204642086203, 0.4427364767397357, 6.099153261768933, 2.9111585060571255, 3.0799555195871804, 0.0993167125565737, 0.7953931531008642, 2.012577209364011, 5.797246791426087, 0.25800656204330075]","20_lag_scpPSLjfm, 20_lag_glomaSSTjfm, 18_lag_amo1, 22_lag_ginwSSTjfm, 14_lag_23_median_mhfATL60, 18_lag_mhfIP30, 14_lag_16_median_ginwSSTjfm, 21_lag_traBO, 16_lag_traDP, 14_lag_21_median_mhfATL45_1235_14"
LRforcedPSO,10,10,naoPSLjfm,slow,876.5,2005.5,0.8,25,15,15,16.190480865622686,0.112622535823975,1235,"['17_lag_tripol3', '15_lag_19_median_yrvPRjja', '15_lag_21_median_AMOCann', '18_lag_cetTSjfm', '17_lag_nppc2SSTjfm', '15_lag_24_median_amo1', '19_lag_stratZ50ndj03', '15_lag_18_median_mhfATL60', '19_lag_glTSjfm', '15_lag_19_median_naoPSLjfm']","[1.2817389358817426, 1.4885913571700158, 0.49060711757289255, 5.115143902499053, 3.9933972805773665, 0.4698943632620427, 4.993277745424221, 5.444913055876652, 0.6140876348263333, 5.8706986279559725]","17_lag_tripol3, 15_lag_19_median_yrvPRjja, 15_lag_21_median_AMOCann, 18_lag_cetTSjfm, 17_lag_nppc2SSTjfm, 15_lag_24_median_amo1, 19_lag_stratZ50ndj03, 15_lag_18_median_mhfATL60, 19_lag_glTSjfm, 15_lag_19_median_naoPSLjfm_1235_15"
LRforcedPSO,11,10,naoPSLjfm,slow,877.5,2005.5,0.8,26,16,16,18.370267146936186,-0.029984734716698984,1235,"['25_lag_nchinaPRjja', '21_lag_gyreSSTjfm', '24_lag_AMOCann', '16_lag_21_median_atlSICjfm', '22_lag_solFORC', '17_lag_shSICmar', '16_lag_21_median_traCA', '16_lag_traTLS', '20_lag_cetTSjfm', '19_lag_stratZ50ndj04']","[6.297426362400721, 2.858084783605406, 0.9733083257146458, 5.777089940631493, 3.9996784679086534, 0.9223465505036259, 6.603869525938691, 0.5161926691366308, 0.6665324838781004, 2.664113467722098]","25_lag_nchinaPRjja, 21_lag_gyreSSTjfm, 24_lag_AMOCann, 16_lag_21_median_atlSICjfm, 22_lag_solFORC, 17_lag_shSICmar, 16_lag_21_median_traCA, 16_lag_traTLS, 20_lag_cetTSjfm, 19_lag_stratZ50ndj04_1235_16"
LRforcedPSO,12,10,naoPSLjfm,slow,878.5,2005.5,0.8,27,17,17,19.99690270536984,-0.1155238224530985,1235,"['17_lag_18_median_tripol1', '25_lag_traMC', '17_lag_23_median_samPSLann', '17_lag_19_median_traEC', '18_lag_neurTSjfm', '17_lag_20_median_shSICmar', '17_lag_eurPSLjfm', '24_lag_shTSjfm', '21_lag_ismPRjja', '26_lag_stratZ50ndj03']","[3.801572547190375, 1.581731346663089, 0.8508112506846661, 1.030930310885502, 4.66108573667556, 1.7986034968916957, 2.512277921474997, 3.4882176994048635, 1.3164355255184894, 8.553061964689547]","17_lag_18_median_tripol1, 25_lag_traMC, 17_lag_23_median_samPSLann, 17_lag_19_median_traEC, 18_lag_neurTSjfm, 17_lag_20_median_shSICmar, 17_lag_eurPSLjfm, 24_lag_shTSjfm, 21_lag_ismPRjja, 26_lag_stratZ50ndj03_1235_17"
LRforcedPSO,13,10,naoPSLjfm,slow,879.5,2005.5,0.8,28,18,18,19.67394590070866,0.04788012902318753,1235,"['18_lag_24_median_traWP', '18_lag_27_median_nhTSjfm', '18_lag_21_median_stratZ50ndj03', '23_lag_arcTSjfm', '18_lag_22_median_traBS', '18_lag_nhSICsep', '27_lag_shSICmar', '18_lag_23_median_samPSLann', '22_lag_nppc3SSTjfm', '25_lag_mhfIP30']","[0.765384893956977, 7.538137343783545, 6.507907414585306, 6.074503866412297, 4.158723431002156, 3.4008383697651787, 4.091516297415804, 0.7750051421483217, 3.3659902641913213, 2.371649203084683]","18_lag_24_median_traWP, 18_lag_27_median_nhTSjfm, 18_lag_21_median_stratZ50ndj03, 23_lag_arcTSjfm, 18_lag_22_median_traBS, 18_lag_nhSICsep, 27_lag_shSICmar, 18_lag_23_median_samPSLann, 22_lag_nppc3SSTjfm, 25_lag_mhfIP30_1235_18"
LRforcedPSO,14,10,naoPSLjfm,slow,880.5,2005.5,0.8,29,19,19,15.564556042434246,0.06224477032984768,1235,"['27_lag_traCA', '25_lag_ormenSSTjfm', '23_lag_mhfIP30', '23_lag_eapPSLjfm', '20_lag_mhfATL30', '19_lag_samPSLann', '24_lag_stratZ50ndj03', '21_lag_alpi', '26_lag_traCA', '19_lag_ginwSSTjfm']","[3.266110673096037, 0.3668335015161066, 0.8060532801352132, 2.5116149411580597, 2.3251797080891397, 5.984603326714566, 0.8482920569195862, 0.865110934993405, 3.951407877451631, 0.273814024189754]","27_lag_traCA, 25_lag_ormenSSTjfm, 23_lag_mhfIP30, 23_lag_eapPSLjfm, 20_lag_mhfATL30, 19_lag_samPSLann, 24_lag_stratZ50ndj03, 21_lag_alpi, 26_lag_traCA, 19_lag_ginwSSTjfm_1235_19"
LRforcedPSO,15,10,naoPSLjfm,slow,881.5,2005.5,0.8,30,20,20,18.472294639400417,-0.04620682788178256,1235,"['20_lag_29_median_nhTSjfm', '20_lag_23_median_samPSLann', '20_lag_21_median_nppc2SSTjfm', '29_lag_glomaSSTjfm', '23_lag_glomaSSTjfm', '24_lag_traBO', '24_lag_satlSSTjfm', '20_lag_25_median_traCA', '26_lag_traFS', '20_lag_25_median_solFORC']","[1.6681342342697913, 3.279049425489424, 4.767877364587003, 3.90701069672229, 3.651885110681345, 0.5487221524758219, 2.8423540287197397, 5.1982310614612, 4.597310489180241, 2.1454974646405205]","20_lag_29_median_nhTSjfm, 20_lag_23_median_samPSLann, 20_lag_21_median_nppc2SSTjfm, 29_lag_glomaSSTjfm, 23_lag_glomaSSTjfm, 24_lag_traBO, 24_lag_satlSSTjfm, 20_lag_25_median_traCA, 26_lag_traFS, 20_lag_25_median_solFORC_1235_20"
LRforcedPSO,16,10,naoPSLjfm,slow,882.5,2005.5,0.8,31,21,21,15.99739017260746,0.007136604635421916,1235,"['24_lag_mhfIP30', '30_lag_traBO', '26_lag_amo2', '24_lag_nhSICjfm', '27_lag_samPSLann', '30_lag_traWP', '21_lag_23_median_atlSICjfm', '24_lag_atlSICsep', '25_lag_traWP', '21_lag_25_median_traFS']","[1.51197312415405, 3.5198060226572565, 3.669588971459884, 0.9515557852786536, 1.078109855537745, 2.9323092841364264, 0.5745084975659154, 0.7432724405847537, 1.170108602701772, 5.2277183295396785]","24_lag_mhfIP30, 30_lag_traBO, 26_lag_amo2, 24_lag_nhSICjfm, 27_lag_samPSLann, 30_lag_traWP, 21_lag_23_median_atlSICjfm, 24_lag_atlSICsep, 25_lag_traWP, 21_lag_25_median_traFS_1235_21"
LRforcedPSO,17,10,naoPSLjfm,slow,883.5,2005.5,0.8,32,22,22,18.661195347157708,-0.04144245893631147,1235,"['22_lag_26_median_pdoSSTjfm', '22_lag_23_median_glTSjfm', '22_lag_25_median_stratZ50ndj03', '29_lag_cetTSjfm', '26_lag_amo2', '29_lag_stratZ50ndj04', '22_lag_25_median_traDP', '22_lag_29_median_shSICmar', '27_lag_amo2', '24_lag_traEU']","[0.9201789021985114, 2.267854798179158, 0.34274372690035015, 1.4493901001907599, 2.083743404465652, 1.5158431160529489, 1.2365772750689015, 1.2520330929492864, 7.361667992150785, 4.922168253574755]","22_lag_26_median_pdoSSTjfm, 22_lag_23_median_glTSjfm, 22_lag_25_median_stratZ50ndj03, 29_lag_cetTSjfm, 26_lag_amo2, 29_lag_stratZ50ndj04, 22_lag_25_median_traDP, 22_lag_29_median_shSICmar, 27_lag_amo2, 24_lag_traEU_1235_22"
LRforcedPSO,18,10,naoPSLjfm,slow,884.5,2005.5,0.8,33,23,23,18.198528756554932,-0.02320606837025465,1235,"['23_lag_30_median_glomaSSTjfm', '32_lag_traBS', '23_lag_32_median_alpi', '23_lag_27_median_labSSTjfm', '23_lag_ginwSSTjfm', '23_lag_26_median_ormenSSTjfm', '25_lag_ginwSSTjfm', '23_lag_28_median_amo1', '23_lag_seurTSjfm', '28_lag_ginwSSTjfm']","[1.1051430546960557, 7.956489009888287, 6.197306867249674, 1.5552927449552882, 1.4277310257974563, 1.8702085278203366, 1.1673056741796124, 2.364846510294603, 6.28982544844337, 0.23371956290260343]","23_lag_30_median_glomaSSTjfm, 32_lag_traBS, 23_lag_32_median_alpi, 23_lag_27_median_labSSTjfm, 23_lag_ginwSSTjfm, 23_lag_26_median_ormenSSTjfm, 25_lag_ginwSSTjfm, 23_lag_28_median_amo1, 23_lag_seurTSjfm, 28_lag_ginwSSTjfm_1235_23"
LRforcedPSO,19,10,naoPSLjfm,slow,885.5,2005.5,0.8,34,24,24,16.98947701095547,-0.0041187830255326454,1235,"['31_lag_labSSTjfm', '28_lag_seurTSjfm', '30_lag_traFS', '32_lag_satlSSTjfm', '24_lag_traEC', '27_lag_traDP', '24_lag_28_median_samPSLann', '33_lag_nhTSjfm', '24_lag_26_median_nppc3SSTjfm', '24_lag_33_median_shSICmar']","[1.393675860367118, 1.824932054788599, 9.39388837907979, 1.588386301199554, 2.372709616728379, 4.111489897041228, 2.1819658702254507, 3.6636274484040783, 3.2601203274559953, 0.8577090611771947]","31_lag_labSSTjfm, 28_lag_seurTSjfm, 30_lag_traFS, 32_lag_satlSSTjfm, 24_lag_traEC, 27_lag_traDP, 24_lag_28_median_samPSLann, 33_lag_nhTSjfm, 24_lag_26_median_nppc3SSTjfm, 24_lag_33_median_shSICmar_1235_24"
LRforcedPSO,20,10,naoPSLjfm,slow,886.5,2005.5,0.8,35,25,25,16.817066417948535,0.08832944767580923,1235,"['25_lag_26_median_traBO', '34_lag_nppc3SSTjfm', '28_lag_traFB', '26_lag_naoPSLjfm', '27_lag_atlSICjfm', '29_lag_ormenSSTjfm', '25_lag_31_median_traTLS', '25_lag_27_median_mhfATL45', '25_lag_27_median_nhTSjfm', '25_lag_29_median_traIFC']","[0.341005888623684, 1.3494218446022206, 3.988057110584256, 1.0409938094733562, 5.228597001040999, 5.845106143695475, 6.864380183359899, 3.7230063400515228, 4.133713307803575, 0.9407903916663773]","25_lag_26_median_traBO, 34_lag_nppc3SSTjfm, 28_lag_traFB, 26_lag_naoPSLjfm, 27_lag_atlSICjfm, 29_lag_ormenSSTjfm, 25_lag_31_median_traTLS, 25_lag_27_median_mhfATL45, 25_lag_27_median_nhTSjfm, 25_lag_29_median_traIFC_1235_25"
LRforcedPSO,21,10,naoPSLjfm,slow,887.5,2005.5,0.8,36,26,26,16.565584489830748,-0.01625295735764267,1235,"['26_lag_28_median_mhfIP30', '28_lag_traBO', '33_lag_nhTSjfm', '35_lag_stratZ50ndj04', '26_lag_32_median_pdoSSTjfm', '26_lag_33_median_stratZ50ndj04', '26_lag_34_median_mhfATL45', '32_lag_arcTSjfm', '33_lag_glomaSSTjfm', '26_lag_33_median_traDS']","[2.721861970667794, 0.0659457162311412, 6.602901309143618, 5.650371110530306, 3.6706788667102774, 2.7882688657766295, 0.3744704388426463, 1.431742818873925, 5.878354737340327, 0.47853911558257956]","26_lag_28_median_mhfIP30, 28_lag_traBO, 33_lag_nhTSjfm, 35_lag_stratZ50ndj04, 26_lag_32_median_pdoSSTjfm, 26_lag_33_median_stratZ50ndj04, 26_lag_34_median_mhfATL45, 32_lag_arcTSjfm, 33_lag_glomaSSTjfm, 26_lag_33_median_traDS_1235_26"
LRforcedPSO,22,10,naoPSLjfm,slow,888.5,2005.5,0.8,37,27,27,18.129384488188375,-0.0742409442172271,1235,"['27_lag_30_median_glomaSSTjfm', '36_lag_nppc2SSTjfm', '31_lag_traTLS', '27_lag_30_median_ismPRjja', '30_lag_AMOCann', '27_lag_eapPSLjfm', '27_lag_32_median_traFS', '27_lag_33_median_pdoSSTjfm', '35_lag_traBS', '30_lag_ormenSSTjfm']","[3.1494205383026186, 3.7356056190445575, 8.117022274474824, 4.50215379654029, 2.7994528782606753, 1.1011124104927745, 1.2745796074806552, 2.382132823044012, 3.3324864232327966, 3.019506248077594]","27_lag_30_median_glomaSSTjfm, 36_lag_nppc2SSTjfm, 31_lag_traTLS, 27_lag_30_median_ismPRjja, 30_lag_AMOCann, 27_lag_eapPSLjfm, 27_lag_32_median_traFS, 27_lag_33_median_pdoSSTjfm, 35_lag_traBS, 30_lag_ormenSSTjfm_1235_27"
LRforcedPSO,23,10,naoPSLjfm,slow,889.5,2005.5,0.8,38,28,28,24.302386484885698,-0.012695656920081986,1235,"['33_lag_traBO', '33_lag_ormenSSTjfm', '31_lag_amo1', '28_lag_34_median_ismPRjja', '32_lag_mhfIP30', '34_lag_yrvPRjja', '28_lag_35_median_traEC', '28_lag_37_median_shTSjfm', '28_lag_31_median_ismPRjja', '28_lag_36_median_traEU']","[3.7301886622254816, 4.016261315216367, 2.1041555965894094, 4.295426868062123, 3.431230445026376, 4.666102141581931, 1.6148560858732957, 9.56249917549071, 1.6474425243088007, 4.670486159749526]","33_lag_traBO, 33_lag_ormenSSTjfm, 31_lag_amo1, 28_lag_34_median_ismPRjja, 32_lag_mhfIP30, 34_lag_yrvPRjja, 28_lag_35_median_traEC, 28_lag_37_median_shTSjfm, 28_lag_31_median_ismPRjja, 28_lag_36_median_traEU_1235_28"
LRforcedPSO,24,10,naoPSLjfm,slow,890.5,2005.5,0.8,39,29,29,16.22943215597832,0.08649339746675876,1235,"['29_lag_32_median_traFSC', '29_lag_34_median_nhSICjfm', '34_lag_traEC', '29_lag_35_median_traFSC', '34_lag_arcTSjfm', '29_lag_35_median_pdoSSTjfm', '29_lag_amo2', '29_lag_32_median_neurTSjfm', '33_lag_shTSjfm', '29_lag_37_median_alpi']","[3.758750611931845, 1.6619190560000359, 6.264300980092101, 1.471032454721703, 3.120852080229925, 3.0400204648641065, 2.240068188965356, 6.031407815232653, 1.8131409705336132, 2.4582815334801182]","29_lag_32_median_traFSC, 29_lag_34_median_nhSICjfm, 34_lag_traEC, 29_lag_35_median_traFSC, 34_lag_arcTSjfm, 29_lag_35_median_pdoSSTjfm, 29_lag_amo2, 29_lag_32_median_neurTSjfm, 33_lag_shTSjfm, 29_lag_37_median_alpi_1235_29"
LRforcedPSO,25,10,naoPSLjfm,slow,891.5,2005.5,0.8,40,30,30,17.77629862332983,-0.01284446918984169,1235,"['39_lag_nppc3SSTjfm', '30_lag_35_median_AMOCann', '30_lag_33_median_traTLS', '30_lag_39_median_nppc3SSTjfm', '30_lag_38_median_atlSICjfm', '31_lag_traMC', '36_lag_traFB', '30_lag_33_median_alpi', '30_lag_37_median_tripol1', '33_lag_ormenSSTjfm']","[4.462468064124504, 8.460834516714467, 0.46478241852399904, 2.677062343067096, 1.0812550932416194, 1.3409415963263012, 6.215547760211555, 0.42908978889817817, 0.06930605658918232, 1.6207694055681348]","39_lag_nppc3SSTjfm, 30_lag_35_median_AMOCann, 30_lag_33_median_traTLS, 30_lag_39_median_nppc3SSTjfm, 30_lag_38_median_atlSICjfm, 31_lag_traMC, 36_lag_traFB, 30_lag_33_median_alpi, 30_lag_37_median_tripol1, 33_lag_ormenSSTjfm_1235_30"
LRforcedPSO,26,10,naoPSLjfm,slow,892.5,2005.5,0.8,41,31,31,18.921746953847567,-0.09650680929492574,1235,"['33_lag_nppc3SSTjfm', '38_lag_tripol3', '31_lag_eapPSLjfm', '31_lag_36_median_tripol3', '33_lag_wnorPRjfm', '35_lag_satlSSTjfm', '37_lag_satlSSTjfm', '35_lag_neurTSjfm', '31_lag_33_median_traDS', '31_lag_36_median_nhSICsep']","[2.371297204902511, 4.235641079847083, 5.452438247754909, 0.8050956202911905, 3.7347490362872744, 0.13639820251130352, 2.671882007734329, 1.922631765300757, 7.118404154583942, 3.980419905766956]","33_lag_nppc3SSTjfm, 38_lag_tripol3, 31_lag_eapPSLjfm, 31_lag_36_median_tripol3, 33_lag_wnorPRjfm, 35_lag_satlSSTjfm, 37_lag_satlSSTjfm, 35_lag_neurTSjfm, 31_lag_33_median_traDS, 31_lag_36_median_nhSICsep_1235_31"
LRforcedPSO,27,10,naoPSLjfm,slow,893.5,2005.5,0.8,42,32,32,16.000093873108455,-0.003986179758718257,1235,"['32_lag_36_median_traDP', '41_lag_ismPRjja', '32_lag_37_median_pdoSSTjfm', '40_lag_cetTSjfm', '32_lag_36_median_stratZ50ndj04', '40_lag_traDS', '39_lag_traCA', '32_lag_36_median_ormenSSTjfm', '34_lag_nppc3SSTjfm', '32_lag_34_median_nppc2SSTjfm']","[0.36939445519855063, 1.0916755921367933, 2.915693997723107, 4.49266994408455, 6.508400124147453, 1.0618122075738707, 1.3067851867944356, 0.7017005684495832, 0.7770004744292471, 2.284718012634091]","32_lag_36_median_traDP, 41_lag_ismPRjja, 32_lag_37_median_pdoSSTjfm, 40_lag_cetTSjfm, 32_lag_36_median_stratZ50ndj04, 40_lag_traDS, 39_lag_traCA, 32_lag_36_median_ormenSSTjfm, 34_lag_nppc3SSTjfm, 32_lag_34_median_nppc2SSTjfm_1235_32"
LRforcedPSO,28,10,naoPSLjfm,slow,894.5,2005.5,0.8,43,33,33,17.289548871453785,-0.03717153910937325,1235,"['33_lag_40_median_traBO', '33_lag_35_median_tripol2', '33_lag_35_median_naoPSLjfm', '33_lag_41_median_mhfATL30', '33_lag_38_median_traFS', '35_lag_pdoSSTjfm', '37_lag_ensoSSTjfm', '42_lag_seurTSjfm', '42_lag_samPSLann', '33_lag_39_median_amoSSTmjjaso']","[4.740273806056974, 3.079763965357241, 0.292203294622146, 1.4870663265053388, 3.0663300512789604, 1.8361207221625104, 4.557457065973731, 6.379938696532669, 4.1926626425255975, 3.653211969696841]","33_lag_40_median_traBO, 33_lag_35_median_tripol2, 33_lag_35_median_naoPSLjfm, 33_lag_41_median_mhfATL30, 33_lag_38_median_traFS, 35_lag_pdoSSTjfm, 37_lag_ensoSSTjfm, 42_lag_seurTSjfm, 42_lag_samPSLann, 33_lag_39_median_amoSSTmjjaso_1235_33"
LRforcedPSO,29,10,naoPSLjfm,slow,895.5,2005.5,0.8,44,34,34,16.753700972964328,-0.017169193219545572,1235,"['34_lag_41_median_traEC', '34_lag_yrvPRjja', '36_lag_AMOCann', '37_lag_traDS', '43_lag_shSICsep', '34_lag_35_median_solFORC', '38_lag_traWP', '41_lag_labSSTjfm', '36_lag_nchinaPRjja', '41_lag_amoSSTmjjaso']","[2.2748503319289393, 5.269129841449942, 1.7352879422188998, 0.32879997729381216, 4.357975763678697, 1.002409566960182, 5.028284238408169, 1.3921458114742453, 4.8639979861512455, 0.8349754948945005]","34_lag_41_median_traEC, 34_lag_yrvPRjja, 36_lag_AMOCann, 37_lag_traDS, 43_lag_shSICsep, 34_lag_35_median_solFORC, 38_lag_traWP, 41_lag_labSSTjfm, 36_lag_nchinaPRjja, 41_lag_amoSSTmjjaso_1235_34"
LRforcedPSO,30,10,naoPSLjfm,slow,896.5,2005.5,0.8,45,35,35,18.054740984219734,0.010787179048165016,1235,"['35_lag_39_median_traFS', '35_lag_mhfATL30', '35_lag_traTLS', '35_lag_41_median_seurTSjfm', '35_lag_42_median_stratZ50ndj04', '36_lag_amo2', '42_lag_nppc3SSTjfm', '42_lag_stratZ50ndj01', '36_lag_traBS', '35_lag_44_median_gyreSSTjfm']","[0.4987535511957901, 3.1953603491488654, 7.404914535814395, 1.7932230025545195, 2.1379173714812127, 4.590332541290749, 0.9494499522668427, 3.278406404738476, 1.5965197219832383, 2.502415805000018]","35_lag_39_median_traFS, 35_lag_mhfATL30, 35_lag_traTLS, 35_lag_41_median_seurTSjfm, 35_lag_42_median_stratZ50ndj04, 36_lag_amo2, 42_lag_nppc3SSTjfm, 42_lag_stratZ50ndj01, 36_lag_traBS, 35_lag_44_median_gyreSSTjfm_1235_35"
LRforcedPSO,31,10,naoPSLjfm,slow,897.5,2005.5,0.8,46,36,36,16.954001375436302,0.04317612514473009,1235,"['36_lag_44_median_nppc2SSTjfm', '36_lag_amoSSTmjjaso', '36_lag_eapPSLjfm', '39_lag_amo2', '44_lag_traMC', '36_lag_39_median_ensoSSTjfm', '40_lag_traBO', '41_lag_traBS', '36_lag_45_median_ensoSSTjfm', '38_lag_solFORC']","[0.8581217234403411, 3.1663690013537327, 1.2092059026622888, 4.284024393184039, 2.27359403017656, 2.3443410682578314, 4.570950557656531, 2.71201568173052, 2.116511018362779, 4.25671695091566]","36_lag_44_median_nppc2SSTjfm, 36_lag_amoSSTmjjaso, 36_lag_eapPSLjfm, 39_lag_amo2, 44_lag_traMC, 36_lag_39_median_ensoSSTjfm, 40_lag_traBO, 41_lag_traBS, 36_lag_45_median_ensoSSTjfm, 38_lag_solFORC_1235_36"
LRforcedPSO,32,10,naoPSLjfm,slow,898.5,2005.5,0.8,47,37,37,17.62971524747396,-0.128498306233074,1235,"['41_lag_traIT', '40_lag_tripol1', '37_lag_41_median_wnorPRjfm', '37_lag_mhfATL60', '46_lag_satlSSTjfm', '37_lag_46_median_mhfATL30', '37_lag_41_median_labSSTjfm', '37_lag_shSICmar', '37_lag_43_median_wnorPRjfm', '46_lag_traEC']","[0.529601456275195, 3.289647109075327, 4.709597103638914, 3.0423575212770277, 2.982808737979475, 3.4780437926204755, 1.6928346050256238, 3.1112234471855764, 0.6795994865710231, 6.644500537164998]","41_lag_traIT, 40_lag_tripol1, 37_lag_41_median_wnorPRjfm, 37_lag_mhfATL60, 46_lag_satlSSTjfm, 37_lag_46_median_mhfATL30, 37_lag_41_median_labSSTjfm, 37_lag_shSICmar, 37_lag_43_median_wnorPRjfm, 46_lag_traEC_1235_37"
LRforcedPSO,33,10,naoPSLjfm,slow,899.5,2005.5,0.8,48,38,38,16.57816639659149,0.06075118376031074,1235,"['44_lag_traEU', '38_lag_46_median_stratZ50ndj04', '38_lag_41_median_stratZ50ndj04', '42_lag_seurTSjfm', '41_lag_mhfATL60', '38_lag_45_median_eapPSLjfm', '38_lag_43_median_amo2', '38_lag_44_median_traMC', '38_lag_45_median_amo2', '44_lag_atlSICjfm']","[0.10135865841414393, 5.8362273471121, 8.256015631658046, 3.1699035595599074, 1.2397242719578632, 2.4843595952444346, 3.307360946073972, 1.5955815722087188, 0.08105452105554889, 5.908984073584658]","44_lag_traEU, 38_lag_46_median_stratZ50ndj04, 38_lag_41_median_stratZ50ndj04, 42_lag_seurTSjfm, 41_lag_mhfATL60, 38_lag_45_median_eapPSLjfm, 38_lag_43_median_amo2, 38_lag_44_median_traMC, 38_lag_45_median_amo2, 44_lag_atlSICjfm_1235_38"
LRforcedPSO,34,10,naoPSLjfm,slow,900.5,2005.5,0.8,49,39,39,17.927814269954204,-0.01949660652392058,1235,"['41_lag_nhSICjfm', '39_lag_41_median_traBO', '46_lag_stratZ50ndj01', '39_lag_40_median_nhSICsep', '44_lag_traEU', '39_lag_43_median_shSICsep', '39_lag_41_median_nppc2SSTjfm', '40_lag_nhTSjfm', '39_lag_42_median_ginwSSTjfm', '47_lag_traWP']","[2.822258869048042, 5.657326391155305, 1.8457355395523738, 5.305327664072459, 0.9371228980688162, 4.305899924487784, 7.1325818016436475, 1.34937037052919, 1.2438962145871315, 3.9338905340595893]","41_lag_nhSICjfm, 39_lag_41_median_traBO, 46_lag_stratZ50ndj01, 39_lag_40_median_nhSICsep, 44_lag_traEU, 39_lag_43_median_shSICsep, 39_lag_41_median_nppc2SSTjfm, 40_lag_nhTSjfm, 39_lag_42_median_ginwSSTjfm, 47_lag_traWP_1235_39"
LRforcedPSO,35,10,naoPSLjfm,slow,901.5,2005.5,0.8,50,40,40,16.10019228120563,0.03342145073470537,1235,"['40_lag_48_median_traTLS', '46_lag_traDS', '40_lag_47_median_seurTSjfm', '40_lag_47_median_amo1', '40_lag_45_median_wnorPRjfm', '46_lag_traCA', '40_lag_44_median_atlSICsep', '45_lag_traIFC', '42_lag_nhSICsep', '41_lag_traDS']","[4.351957007058083, 0.25136447243119875, 3.5214549562608095, 0.5202143037866875, 4.459351648736831, 4.268360687067705, 0.4628081875523513, 3.9516586052376077, 3.121041303512996, 1.7368267698642832]","40_lag_48_median_traTLS, 46_lag_traDS, 40_lag_47_median_seurTSjfm, 40_lag_47_median_amo1, 40_lag_45_median_wnorPRjfm, 46_lag_traCA, 40_lag_44_median_atlSICsep, 45_lag_traIFC, 42_lag_nhSICsep, 41_lag_traDS_1235_40"
LRforcedPSO,36,10,naoPSLjfm,slow,902.5,2005.5,0.8,51,41,41,17.838020281946132,-0.03055823076951138,1235,"['43_lag_traIFC', '41_lag_44_median_wnorPRjfm', '47_lag_labSSTjfm', '41_lag_46_median_amoSSTmjjaso', '44_lag_seurTSjfm', '41_lag_50_median_samPSLann', '41_lag_44_median_traFB', '41_lag_49_median_shTSjfm', '41_lag_48_median_arcTSjfm', '42_lag_amoSSTmjjaso']","[4.542324603205761, 0.7301201736525726, 7.1434523195454, 0.6898649769122329, 0.3816152340369854, 1.8730949198364435, 1.1241927345259057, 5.409821362402882, 1.7286233413843597, 5.5725297899512904]","43_lag_traIFC, 41_lag_44_median_wnorPRjfm, 47_lag_labSSTjfm, 41_lag_46_median_amoSSTmjjaso, 44_lag_seurTSjfm, 41_lag_50_median_samPSLann, 41_lag_44_median_traFB, 41_lag_49_median_shTSjfm, 41_lag_48_median_arcTSjfm, 42_lag_amoSSTmjjaso_1235_41"
LRforcedPSO,37,10,naoPSLjfm,slow,903.5,2005.5,0.8,52,42,42,17.39909791052903,-0.04643814229028644,1235,"['50_lag_labSSTjfm', '42_lag_44_median_cetTSjfm', '42_lag_47_median_traEU', '49_lag_stratZ50ndj02', '45_lag_mhfATL60', '42_lag_49_median_shSICsep', '42_lag_46_median_traEC', '42_lag_47_median_nppc3SSTjfm', '46_lag_traDS', '42_lag_49_median_traWP']","[0.582510064310588, 2.429336455662499, 2.440149548137981, 4.588908725597401, 1.9760048904845071, 3.229684038546374, 1.0503558312676304, 0.3129733504891785, 5.863247471080907, 5.327599583856301]","50_lag_labSSTjfm, 42_lag_44_median_cetTSjfm, 42_lag_47_median_traEU, 49_lag_stratZ50ndj02, 45_lag_mhfATL60, 42_lag_49_median_shSICsep, 42_lag_46_median_traEC, 42_lag_47_median_nppc3SSTjfm, 46_lag_traDS, 42_lag_49_median_traWP_1235_42"
LRforcedPSO,38,10,naoPSLjfm,slow,904.5,2005.5,0.8,53,43,43,16.342828471343278,0.014663249815223257,1235,"['43_lag_49_median_traBO', '45_lag_traFB', '43_lag_50_median_shTSjfm', '43_lag_49_median_amoSSTmjjaso', '49_lag_traCA', '45_lag_traFS', '52_lag_mhfIP30', '43_lag_46_median_traMC', '49_lag_samPSLann', '43_lag_49_median_yrvPRjja']","[4.077889378604024, 3.521743161214239, 4.046436276082512, 0.019439675718423644, 5.429209422247492, 1.2839559752019838, 0.6601420963913469, 1.6079872077123447, 7.962853603938374, 2.0194367367722954]","43_lag_49_median_traBO, 45_lag_traFB, 43_lag_50_median_shTSjfm, 43_lag_49_median_amoSSTmjjaso, 49_lag_traCA, 45_lag_traFS, 52_lag_mhfIP30, 43_lag_46_median_traMC, 49_lag_samPSLann, 43_lag_49_median_yrvPRjja_1235_43"
LRforcedPSO,39,10,naoPSLjfm,slow,905.5,2005.5,0.8,54,44,44,17.47677309828165,-0.08248467504344567,1235,"['49_lag_AMOCann', '44_lag_46_median_neurTSjfm', '44_lag_46_median_tripol1', '44_lag_45_median_yrvPRjja', '48_lag_labSSTjfm', '45_lag_nppc3SSTjfm', '45_lag_tripol1', '44_lag_45_median_ginwSSTjfm', '44_lag_47_median_nppc3SSTjfm', '44_lag_52_median_eurPSLjfm']","[5.50730265275601, 4.066236149484947, 3.8228968686130465, 0.7444952566189382, 2.528212318310528, 0.514355689773776, 2.24556653121361, 1.6865974065686409, 5.391873556354982, 0.28473669424411163]","49_lag_AMOCann, 44_lag_46_median_neurTSjfm, 44_lag_46_median_tripol1, 44_lag_45_median_yrvPRjja, 48_lag_labSSTjfm, 45_lag_nppc3SSTjfm, 45_lag_tripol1, 44_lag_45_median_ginwSSTjfm, 44_lag_47_median_nppc3SSTjfm, 44_lag_52_median_eurPSLjfm_1235_44"
LRforcedPSO,40,10,naoPSLjfm,slow,906.5,2005.5,0.8,55,45,45,15.632202409725892,0.03353427858947569,1235,"['45_lag_53_median_glTSjfm', '45_lag_51_median_mhfATL30', '52_lag_labSSTjfm', '45_lag_50_median_alpi', '45_lag_49_median_ensoSSTjfm', '45_lag_52_median_ensoSSTjfm', '50_lag_nhSICsep', '46_lag_tripol1', '45_lag_49_median_nppc3SSTjfm', '45_lag_51_median_solFORC']","[0.4284889041090594, 0.18630172034660397, 1.7748394129833311, 3.1817622488222437, 6.41813347321844, 3.1307091632459683, 3.630698227404765, 1.1296059005945018, 2.456523236387042, 3.7651321931743613]","45_lag_53_median_glTSjfm, 45_lag_51_median_mhfATL30, 52_lag_labSSTjfm, 45_lag_50_median_alpi, 45_lag_49_median_ensoSSTjfm, 45_lag_52_median_ensoSSTjfm, 50_lag_nhSICsep, 46_lag_tripol1, 45_lag_49_median_nppc3SSTjfm, 45_lag_51_median_solFORC_1235_45"
LRforcedPSO,41,10,naoPSLjfm,slow,907.5,2005.5,0.8,56,46,46,15.882970686218933,0.1323436665894535,1235,"['46_lag_54_median_nhTSjfm', '46_lag_50_median_traFB', '49_lag_nppc3SSTjfm', '46_lag_55_median_amo1', '46_lag_53_median_glomaSSTjfm', '46_lag_glTSjfm', '47_lag_arcTSjfm', '46_lag_48_median_naoPSLjfm', '46_lag_52_median_glTSjfm', '46_lag_47_median_mhfATL45']","[5.90173463424005, 1.1451168654510457, 5.173482457693861, 0.19688900360084105, 6.1705032576802346, 2.0680178387000776, 6.229489422794881, 4.635978780683681, 2.1526932243896546, 1.7872817428776582]","46_lag_54_median_nhTSjfm, 46_lag_50_median_traFB, 49_lag_nppc3SSTjfm, 46_lag_55_median_amo1, 46_lag_53_median_glomaSSTjfm, 46_lag_glTSjfm, 47_lag_arcTSjfm, 46_lag_48_median_naoPSLjfm, 46_lag_52_median_glTSjfm, 46_lag_47_median_mhfATL45_1235_46"
LRforcedPSO,42,10,naoPSLjfm,slow,908.5,2005.5,0.8,57,47,47,17.271857295987644,-0.09792990170359955,1235,"['47_lag_49_median_neurTSjfm', '48_lag_mhfIP30', '50_lag_tripol2', '49_lag_naoPSLjfm', '56_lag_AMOCann', '52_lag_nhTSjfm', '52_lag_pdoSSTjfm', '55_lag_solFORC', '47_lag_48_median_ismPRjja', '47_lag_56_median_nhSICsep']","[5.264813256801668, 1.5557870666845837, 4.0402573550461085, 3.289793865070944, 7.852466183905145, 3.2355725649687823, 1.5410384771194785, 2.0411907643876965, 2.0363779651365377, 5.981250392210566]","47_lag_49_median_neurTSjfm, 48_lag_mhfIP30, 50_lag_tripol2, 49_lag_naoPSLjfm, 56_lag_AMOCann, 52_lag_nhTSjfm, 52_lag_pdoSSTjfm, 55_lag_solFORC, 47_lag_48_median_ismPRjja, 47_lag_56_median_nhSICsep_1235_47"
LRforcedPSO,43,10,naoPSLjfm,slow,909.5,2005.5,0.8,58,48,48,16.567740031739607,0.1165863254497568,1235,"['56_lag_stratZ50ndj01', '48_lag_51_median_arcTSjfm', '50_lag_nchinaPRjja', '48_lag_49_median_nchinaPRjja', '52_lag_pdoSSTjfm', '51_lag_traEU', '48_lag_55_median_stratZ50ndj03', '48_lag_56_median_traEC', '52_lag_samPSLann', '48_lag_54_median_amo2']","[3.205166570334285, 7.068152732145469, 1.3284390159658148, 1.450029232680727, 1.5890018294461186, 2.9977775332400913, 1.7879832665414774, 2.514482700851886, 4.443524275497197, 1.051950892920976]","56_lag_stratZ50ndj01, 48_lag_51_median_arcTSjfm, 50_lag_nchinaPRjja, 48_lag_49_median_nchinaPRjja, 52_lag_pdoSSTjfm, 51_lag_traEU, 48_lag_55_median_stratZ50ndj03, 48_lag_56_median_traEC, 52_lag_samPSLann, 48_lag_54_median_amo2_1235_48"
LRforcedPSO,44,10,naoPSLjfm,slow,910.5,2005.5,0.8,59,49,49,16.49136910900685,0.13729573909077553,1235,"['49_lag_55_median_traBS', '52_lag_tripol1', '49_lag_52_median_yrvPRjja', '49_lag_55_median_amo1', '49_lag_57_median_traTLS', '54_lag_eurPSLjfm', '50_lag_AMOCann', '49_lag_52_median_wnorPRjfm', '54_lag_ormenSSTjfm', '50_lag_nhSICjfm']","[2.806706950303596, 2.1054889161614803, 9.704705758597278, 0.2722722168424969, 1.2884592430295463, 2.9588134570975715, 4.416171633513272, 2.9735423075568583, 4.764551092003588, 4.298045182827854]","49_lag_55_median_traBS, 52_lag_tripol1, 49_lag_52_median_yrvPRjja, 49_lag_55_median_amo1, 49_lag_57_median_traTLS, 54_lag_eurPSLjfm, 50_lag_AMOCann, 49_lag_52_median_wnorPRjfm, 54_lag_ormenSSTjfm, 50_lag_nhSICjfm_1235_49"
LRforcedPSO,45,10,naoPSLjfm,slow,911.5,2005.5,0.8,60,50,50,17.61125328175544,0.026301159134608072,1235,"['50_lag_52_median_traCA', '50_lag_55_median_scpPSLjfm', '58_lag_scpPSLjfm', '50_lag_57_median_nppc3SSTjfm', '58_lag_gyreSSTjfm', '50_lag_54_median_ginwSSTjfm', '50_lag_54_median_scpPSLjfm', '52_lag_traIT', '50_lag_55_median_traMC', '50_lag_58_median_cetTSjfm']","[2.6675781295748138, 3.0896274855334793, 2.972272977727817, 7.080650330762557, 1.539440444609303, 7.394143573880562, 1.7572236450429273, 1.9197386183386378, 5.031927014333593, 0.6682424555946742]","50_lag_52_median_traCA, 50_lag_55_median_scpPSLjfm, 58_lag_scpPSLjfm, 50_lag_57_median_nppc3SSTjfm, 58_lag_gyreSSTjfm, 50_lag_54_median_ginwSSTjfm, 50_lag_54_median_scpPSLjfm, 52_lag_traIT, 50_lag_55_median_traMC, 50_lag_58_median_cetTSjfm_1235_50"
LRforcedPSO,46,10,naoPSLjfm,slow,912.5,2005.5,0.8,61,51,51,17.015491689476114,0.012667731250456515,1235,"['51_lag_57_median_labSSTjfm', '51_lag_57_median_nppc2SSTjfm', '59_lag_stratZ50ndj01', '51_lag_52_median_glomaSSTjfm', '51_lag_59_median_stratZ50ndj03', '51_lag_58_median_nchinaPRjja', '51_lag_53_median_traIFC', '51_lag_58_median_samPSLann', '58_lag_stratZ50ndj01', '57_lag_nppc3SSTjfm']","[5.703148122079478, 0.1304893192376433, 5.386361307965942, 3.002195662517469, 4.017652783075029, 3.4240023934621906, 3.7933622406072374, 1.7867100258593709, 5.104961029519326, 4.682626900087358]","51_lag_57_median_labSSTjfm, 51_lag_57_median_nppc2SSTjfm, 59_lag_stratZ50ndj01, 51_lag_52_median_glomaSSTjfm, 51_lag_59_median_stratZ50ndj03, 51_lag_58_median_nchinaPRjja, 51_lag_53_median_traIFC, 51_lag_58_median_samPSLann, 58_lag_stratZ50ndj01, 57_lag_nppc3SSTjfm_1235_51"
LRforcedPSO,47,10,naoPSLjfm,slow,913.5,2005.5,0.8,62,52,52,16.98703263161007,-0.008011329844750142,1235,"['58_lag_shSICmar', '55_lag_eurPSLjfm', '52_lag_54_median_traDS', '59_lag_nhSICjfm', '52_lag_56_median_shSICmar', '52_lag_mhfATL45', '52_lag_58_median_neurTSjfm', '52_lag_53_median_stratZ50ndj01', '53_lag_traTLS', '52_lag_53_median_neurTSjfm']","[0.46898043099387543, 0.9176109133635002, 1.9450165816889164, 1.2977730100497098, 3.158700292621514, 4.585500518344794, 7.992549378226251, 3.4095523658941973, 4.916405785752856, 0.6067936533910014]","58_lag_shSICmar, 55_lag_eurPSLjfm, 52_lag_54_median_traDS, 59_lag_nhSICjfm, 52_lag_56_median_shSICmar, 52_lag_mhfATL45, 52_lag_58_median_neurTSjfm, 52_lag_53_median_stratZ50ndj01, 53_lag_traTLS, 52_lag_53_median_neurTSjfm_1235_52"
LRforcedPSO,48,10,naoPSLjfm,slow,914.5,2005.5,0.8,63,53,53,17.468399867825642,-0.02824655052369326,1235,"['53_lag_57_median_wnorPRjfm', '53_lag_scpPSLjfm', '56_lag_traBO', '61_lag_shTSjfm', '53_lag_62_median_shSICmar', '53_lag_62_median_pdoSSTjfm', '53_lag_60_median_wnorPRjfm', '53_lag_55_median_mhfATL30', '55_lag_traBO', '59_lag_traEC']","[1.560800962918833, 0.9798975007210213, 2.3768570365602564, 5.968073362565036, 1.1283993058342645, 3.0272495306114156, 3.927233581304497, 0.1093233470710846, 7.686206186826892, 2.2878740567520772]","53_lag_57_median_wnorPRjfm, 53_lag_scpPSLjfm, 56_lag_traBO, 61_lag_shTSjfm, 53_lag_62_median_shSICmar, 53_lag_62_median_pdoSSTjfm, 53_lag_60_median_wnorPRjfm, 53_lag_55_median_mhfATL30, 55_lag_traBO, 59_lag_traEC_1235_53"
LRforcedPSO,49,10,naoPSLjfm,slow,915.5,2005.5,0.8,64,54,54,17.493440796916953,-0.000565135228310059,1235,"['56_lag_eapPSLjfm', '54_lag_63_median_traEU', '56_lag_cetTSjfm', '63_lag_naoPSLjfm', '60_lag_stratZ50ndj04', '54_lag_63_median_atlSICsep', '54_lag_60_median_traFS', '54_lag_60_median_cetTSjfm', '54_lag_55_median_arcTSjfm', '54_lag_63_median_tripol3']","[2.8589084432429335, 4.056164613412683, 6.043104586396858, 3.5357648258537306, 1.4388554017896578, 2.4088534904824215, 5.243986086089983, 1.9342732258574742, 6.59815828323838, 1.2466694196033306]","56_lag_eapPSLjfm, 54_lag_63_median_traEU, 56_lag_cetTSjfm, 63_lag_naoPSLjfm, 60_lag_stratZ50ndj04, 54_lag_63_median_atlSICsep, 54_lag_60_median_traFS, 54_lag_60_median_cetTSjfm, 54_lag_55_median_arcTSjfm, 54_lag_63_median_tripol3_1235_54"
LRforcedPSO,50,10,naoPSLjfm,slow,916.5,2005.5,0.8,65,55,55,17.373693940760244,-0.021850490838794506,1235,"['55_lag_64_median_traFS', '55_lag_62_median_traFB', '55_lag_56_median_solFORC', '55_lag_stratZ50ndj04', '55_lag_57_median_nppc3SSTjfm', '55_lag_64_median_eapPSLjfm', '55_lag_traEC', '58_lag_amo3', '64_lag_solFORC', '57_lag_AMOCann']","[0.7830184224483148, 4.168403503608116, 8.06758161965397, 8.307169004537684, 2.9383832994084518, 0.2906038227703114, 1.517580824705684, 1.8559299171671562, 9.572933318182827, 6.4829976249460195]","55_lag_64_median_traFS, 55_lag_62_median_traFB, 55_lag_56_median_solFORC, 55_lag_stratZ50ndj04, 55_lag_57_median_nppc3SSTjfm, 55_lag_64_median_eapPSLjfm, 55_lag_traEC, 58_lag_amo3, 64_lag_solFORC, 57_lag_AMOCann_1235_55"
LRforcedPSO,51,10,naoPSLjfm,slow,917.5,2005.5,0.8,66,56,56,14.638757408640746,0.12149191584875536,1235,"['56_lag_65_median_satlSSTjfm', '56_lag_65_median_amo1', '56_lag_65_median_shTSjfm', '56_lag_60_median_traDP', '56_lag_57_median_traWP', '56_lag_60_median_amo1', '56_lag_57_median_traBO', '65_lag_amo1', '56_lag_63_median_mhfATL45', '62_lag_ismPRjja']","[3.109036676453229, 0.6578352793409223, 1.0306048333915907, 1.2191539701852854, 0.8619337289429119, 1.8854934229059968, 0.8919905763103166, 0.8213291655021848, 0.6911698781836151, 4.463658610570123]","56_lag_65_median_satlSSTjfm, 56_lag_65_median_amo1, 56_lag_65_median_shTSjfm, 56_lag_60_median_traDP, 56_lag_57_median_traWP, 56_lag_60_median_amo1, 56_lag_57_median_traBO, 65_lag_amo1, 56_lag_63_median_mhfATL45, 62_lag_ismPRjja_1235_56"
LRforcedPSO,52,10,naoPSLjfm,slow,918.5,2005.5,0.8,67,57,57,18.38727204241799,-0.016299930406209844,1235,"['57_lag_61_median_traEC', '65_lag_traEC', '57_lag_63_median_satlSSTjfm', '57_lag_60_median_shTSjfm', '57_lag_62_median_amo3', '63_lag_wnorPRjfm', '57_lag_62_median_traBS', '57_lag_59_median_stratZ50ndj04', '57_lag_63_median_nhSICjfm', '57_lag_62_median_tripol1']","[5.65751100609031, 0.20008488916666423, 2.7637133479270464, 3.281687715034465, 6.50017393062917, 1.1700633833521152, 2.1345090333577392, 4.879525817049558, 7.130138537928836, 5.538774584414757]","57_lag_61_median_traEC, 65_lag_traEC, 57_lag_63_median_satlSSTjfm, 57_lag_60_median_shTSjfm, 57_lag_62_median_amo3, 63_lag_wnorPRjfm, 57_lag_62_median_traBS, 57_lag_59_median_stratZ50ndj04, 57_lag_63_median_nhSICjfm, 57_lag_62_median_tripol1_1235_57"
LRforcedPSO,53,10,naoPSLjfm,slow,919.5,2005.5,0.8,68,58,58,16.092009178349524,0.04767692882593307,1235,"['58_lag_65_median_ginwSSTjfm', '58_lag_66_median_yrvPRjja', '59_lag_nppc2SSTjfm', '58_lag_59_median_traWP', '58_lag_stratZ50ndj04', '58_lag_62_median_eurPSLjfm', '65_lag_nhSICjfm', '59_lag_naoPSLjfm', '63_lag_traBS', '58_lag_neurTSjfm']","[2.3356693890755658, 2.6082691239524003, 3.5354778463170184, 3.280543267554986, 1.4023889028893244, 1.0099375559170998, 3.186034386934253, 1.2801776790234776, 6.2810629504932045, 0.4291633068825558]","58_lag_65_median_ginwSSTjfm, 58_lag_66_median_yrvPRjja, 59_lag_nppc2SSTjfm, 58_lag_59_median_traWP, 58_lag_stratZ50ndj04, 58_lag_62_median_eurPSLjfm, 65_lag_nhSICjfm, 59_lag_naoPSLjfm, 63_lag_traBS, 58_lag_neurTSjfm_1235_58"
LRforcedPSO,54,10,naoPSLjfm,slow,920.5,2005.5,0.8,69,59,59,18.44174343492576,-0.13369683547421526,1235,"['67_lag_traDS', '67_lag_seurTSjfm', '59_lag_68_median_traMC', '59_lag_64_median_labSSTjfm', '67_lag_pdoSSTjfm', '59_lag_65_median_scpPSLjfm', '65_lag_eurPSLjfm', '59_lag_60_median_satlSSTjfm', '61_lag_amo2', '59_lag_68_median_ismPRjja']","[0.7980123032279796, 2.5604733849154897, 0.7119083133305573, 3.9051595075054344, 0.4040045026948711, 1.766483155262348, 5.916874479753426, 6.321993734103273, 1.483963662714764, 1.981048455936845]","67_lag_traDS, 67_lag_seurTSjfm, 59_lag_68_median_traMC, 59_lag_64_median_labSSTjfm, 67_lag_pdoSSTjfm, 59_lag_65_median_scpPSLjfm, 65_lag_eurPSLjfm, 59_lag_60_median_satlSSTjfm, 61_lag_amo2, 59_lag_68_median_ismPRjja_1235_59"
LRforcedPSO,55,10,naoPSLjfm,slow,921.5,2005.5,0.8,70,60,60,18.398058941088404,-0.02419619593642858,1235,"['65_lag_tripol2', '60_lag_66_median_stratZ50ndj01', '60_lag_64_median_tripol2', '66_lag_mhfIP30', '60_lag_63_median_amo3', '60_lag_66_median_traFSC', '60_lag_68_median_solFORC', '60_lag_62_median_traWP', '60_lag_66_median_eurPSLjfm', '66_lag_traIT']","[7.160332365817542, 5.373312576220439, 0.7825502547736178, 0.8404546547545877, 3.8526023476102385, 6.2631976013894395, 2.7810848204254786, 4.405065655824214, 2.6485066945692743, 6.566000674866579]","65_lag_tripol2, 60_lag_66_median_stratZ50ndj01, 60_lag_64_median_tripol2, 66_lag_mhfIP30, 60_lag_63_median_amo3, 60_lag_66_median_traFSC, 60_lag_68_median_solFORC, 60_lag_62_median_traWP, 60_lag_66_median_eurPSLjfm, 66_lag_traIT_1235_60"
LRforcedPSO,56,10,naoPSLjfm,slow,922.5,2005.5,0.8,71,61,61,14.480200572785105,0.09558767756523899,1235,"['65_lag_atlSICjfm', '62_lag_samPSLann', '62_lag_gyreSSTjfm', '61_lag_64_median_traFB', '61_lag_65_median_nchinaPRjja', '61_lag_69_median_shSICsep', '69_lag_traBO', '64_lag_satlSSTjfm', '69_lag_nhSICjfm', '67_lag_shSICsep']","[1.8053765805095452, 3.827601331032797, 1.123257760325112, 0.9035914332947215, 4.450454377114495, 0.15560440094950323, 1.1782171500500844, 2.3216515266116104, 2.5207813509470123, 2.3784486886569685]","65_lag_atlSICjfm, 62_lag_samPSLann, 62_lag_gyreSSTjfm, 61_lag_64_median_traFB, 61_lag_65_median_nchinaPRjja, 61_lag_69_median_shSICsep, 69_lag_traBO, 64_lag_satlSSTjfm, 69_lag_nhSICjfm, 67_lag_shSICsep_1235_61"
LRforcedPSO,57,10,naoPSLjfm,slow,923.5,2005.5,0.8,72,62,62,17.27874836484152,-0.09619034636383773,1235,"['62_lag_69_median_pdoSSTjfm', '62_lag_65_median_traFS', '62_lag_70_median_neurTSjfm', '68_lag_seurTSjfm', '62_lag_68_median_traFS', '69_lag_traIT', '62_lag_shSICsep', '62_lag_69_median_amo1', '62_lag_68_median_mhfATL45', '69_lag_traDP']","[6.682737306588034, 9.844777210242032, 4.694309260603131, 1.8094755678695016, 4.582780959118424, 3.4044848306604525, 0.0696416245039071, 0.4842582661126382, 1.549472040840147, 2.685273391761158]","62_lag_69_median_pdoSSTjfm, 62_lag_65_median_traFS, 62_lag_70_median_neurTSjfm, 68_lag_seurTSjfm, 62_lag_68_median_traFS, 69_lag_traIT, 62_lag_shSICsep, 62_lag_69_median_amo1, 62_lag_68_median_mhfATL45, 69_lag_traDP_1235_62"
LRforcedPSO,58,10,naoPSLjfm,slow,924.5,2005.5,0.8,73,63,63,17.792852905182183,0.04579423468677276,1235,"['63_lag_69_median_nhSICsep', '70_lag_traMC', '63_lag_71_median_alpi', '63_lag_72_median_traIT', '68_lag_shSICsep', '63_lag_67_median_shTSjfm', '63_lag_69_median_traBO', '64_lag_traBO', '71_lag_atlSICsep', '63_lag_70_median_nppc3SSTjfm']","[1.228101243052679, 3.184410558141879, 9.332969036234832, 1.304252311665092, 3.35842938271508, 0.6083926468370766, 0.8525013986430743, 0.7879442089253708, 3.324842938995811, 2.2531134301773186]","63_lag_69_median_nhSICsep, 70_lag_traMC, 63_lag_71_median_alpi, 63_lag_72_median_traIT, 68_lag_shSICsep, 63_lag_67_median_shTSjfm, 63_lag_69_median_traBO, 64_lag_traBO, 71_lag_atlSICsep, 63_lag_70_median_nppc3SSTjfm_1235_63"
LRforcedPSO,59,10,naoPSLjfm,slow,925.5,2005.5,0.8,74,64,64,17.096494890421972,0.09133690173490441,1235,"['64_lag_65_median_shSICsep', '67_lag_seurTSjfm', '64_lag_66_median_ismPRjja', '64_lag_65_median_yrvPRjja', '72_lag_nhSICsep', '64_lag_shTSjfm', '64_lag_68_median_alpi', '64_lag_73_median_labSSTjfm', '64_lag_68_median_amoSSTmjjaso', '64_lag_69_median_traMC']","[3.1373447509834884, 3.104111145168263, 3.1322594849615637, 5.497307615750067, 2.3092159062046624, 1.7104680821618494, 3.3148740051136887, 0.9363048544270836, 3.804743506415269, 0.43647415579911986]","64_lag_65_median_shSICsep, 67_lag_seurTSjfm, 64_lag_66_median_ismPRjja, 64_lag_65_median_yrvPRjja, 72_lag_nhSICsep, 64_lag_shTSjfm, 64_lag_68_median_alpi, 64_lag_73_median_labSSTjfm, 64_lag_68_median_amoSSTmjjaso, 64_lag_69_median_traMC_1235_64"
LRforcedPSO,60,10,naoPSLjfm,slow,926.5,2005.5,0.8,75,65,65,15.99581555602898,0.029192952849173077,1235,"['65_lag_72_median_shSICmar', '72_lag_traFSC', '69_lag_ensoSSTjfm', '65_lag_73_median_mhfATL60', '65_lag_71_median_solFORC', '72_lag_amo1', '74_lag_traEC', '65_lag_68_median_traIFC', '66_lag_yrvPRjja', '65_lag_66_median_nchinaPRjja']","[1.496246716699691, 0.7230187394857328, 2.9924441540504176, 3.754798559179216, 3.0418007890509413, 5.161341667667195, 1.4161899282592945, 5.767613991399683, 0.2638231330323819, 0.4953396611064136]","65_lag_72_median_shSICmar, 72_lag_traFSC, 69_lag_ensoSSTjfm, 65_lag_73_median_mhfATL60, 65_lag_71_median_solFORC, 72_lag_amo1, 74_lag_traEC, 65_lag_68_median_traIFC, 66_lag_yrvPRjja, 65_lag_66_median_nchinaPRjja_1235_65"
LRforcedPSO,61,10,naoPSLjfm,slow,927.5,2005.5,0.8,76,66,66,16.53645925872558,0.034396058035231464,1235,"['66_lag_70_median_mhfATL45', '68_lag_gyreSSTjfm', '75_lag_shSICmar', '66_lag_73_median_gyreSSTjfm', '69_lag_shTSjfm', '66_lag_68_median_traEU', '66_lag_70_median_seurTSjfm', '66_lag_67_median_traCA', '72_lag_stratZ50ndj01', '66_lag_73_median_traMC']","[3.1518221581673433, 0.19653153575953297, 3.9754378592462114, 0.3493558509384336, 5.337994432900686, 0.10681120033639147, 1.2544336167333086, 1.4115227325568735, 4.7377746652802735, 3.0068041947797486]","66_lag_70_median_mhfATL45, 68_lag_gyreSSTjfm, 75_lag_shSICmar, 66_lag_73_median_gyreSSTjfm, 69_lag_shTSjfm, 66_lag_68_median_traEU, 66_lag_70_median_seurTSjfm, 66_lag_67_median_traCA, 72_lag_stratZ50ndj01, 66_lag_73_median_traMC_1235_66"
LRforcedPSO,62,10,naoPSLjfm,slow,928.5,2005.5,0.8,77,67,67,16.950686185753373,0.018876899832584067,1235,"['67_lag_69_median_mhfIP30', '67_lag_70_median_glomaSSTjfm', '75_lag_traMC', '67_lag_68_median_traWP', '71_lag_alpi', '67_lag_69_median_traBS', '67_lag_76_median_mhfIP30', '67_lag_70_median_amo2', '73_lag_seurTSjfm', '69_lag_traIFC']","[6.0836024350254085, 1.180218015687629, 0.387630571770039, 4.492864192222374, 1.5986727905332536, 1.1924608774876866, 2.750081675350751, 6.041797221275054, 1.7199355498622744, 2.644932943717997]","67_lag_69_median_mhfIP30, 67_lag_70_median_glomaSSTjfm, 75_lag_traMC, 67_lag_68_median_traWP, 71_lag_alpi, 67_lag_69_median_traBS, 67_lag_76_median_mhfIP30, 67_lag_70_median_amo2, 73_lag_seurTSjfm, 69_lag_traIFC_1235_67"
LRforcedPSO,63,10,naoPSLjfm,slow,929.5,2005.5,0.8,78,68,68,16.00110592838328,0.03494095292401533,1235,"['68_lag_77_median_atlSICsep', '70_lag_AMOCann', '73_lag_eurPSLjfm', '68_lag_74_median_shSICsep', '68_lag_75_median_arcTSjfm', '74_lag_nhSICjfm', '68_lag_77_median_traWP', '68_lag_76_median_ormenSSTjfm', '77_lag_glomaSSTjfm', '70_lag_naoPSLjfm']","[4.078488883727934, 3.4522748824772513, 5.582783665388604, 0.4451244010681865, 1.8575730568683042, 3.1702905578540204, 3.300882983455322, 1.440857529509847, 5.0432134812271485, 3.9055562365322256]","68_lag_77_median_atlSICsep, 70_lag_AMOCann, 73_lag_eurPSLjfm, 68_lag_74_median_shSICsep, 68_lag_75_median_arcTSjfm, 74_lag_nhSICjfm, 68_lag_77_median_traWP, 68_lag_76_median_ormenSSTjfm, 77_lag_glomaSSTjfm, 70_lag_naoPSLjfm_1235_68"
LRforcedPSO,64,10,naoPSLjfm,slow,930.5,2005.5,0.8,79,69,69,17.365159386190193,-0.08214488351249724,1235,"['77_lag_nhTSjfm', '69_lag_eurPSLjfm', '69_lag_nppc2SSTjfm', '69_lag_73_median_alpi', '69_lag_74_median_stratZ50ndj02', '69_lag_77_median_traEU', '75_lag_glTSjfm', '74_lag_traDS', '69_lag_73_median_stratZ50ndj03', '76_lag_AMOCann']","[4.62538105509803, 2.1149736482607313, 4.360874305933098, 0.5965343781702401, 0.5863702732142038, 3.5624801870285143, 6.145893734601837, 5.028410880035674, 0.3333700469973788, 0.9853032846167586]","77_lag_nhTSjfm, 69_lag_eurPSLjfm, 69_lag_nppc2SSTjfm, 69_lag_73_median_alpi, 69_lag_74_median_stratZ50ndj02, 69_lag_77_median_traEU, 75_lag_glTSjfm, 74_lag_traDS, 69_lag_73_median_stratZ50ndj03, 76_lag_AMOCann_1235_69"
LRforcedPSO,65,10,naoPSLjfm,slow,931.5,2005.5,0.8,80,70,70,17.502900796078986,-0.021770441184267093,1235,"['70_lag_73_median_traDP', '70_lag_75_median_alpi', '70_lag_77_median_traCA', '75_lag_mhfIP30', '70_lag_72_median_pdoSSTjfm', '73_lag_shTSjfm', '70_lag_77_median_mhfIP30', '70_lag_73_median_naoPSLjfm', '70_lag_traEC', '77_lag_arcTSjfm']","[5.973187301523463, 3.134962494357829, 6.345062066745356, 3.708093171462412, 1.0222004286576887, 3.6520604659333955, 1.0873363588514113, 4.1825630498542825, 2.666369633542274, 1.9283837346824129]","70_lag_73_median_traDP, 70_lag_75_median_alpi, 70_lag_77_median_traCA, 75_lag_mhfIP30, 70_lag_72_median_pdoSSTjfm, 73_lag_shTSjfm, 70_lag_77_median_mhfIP30, 70_lag_73_median_naoPSLjfm, 70_lag_traEC, 77_lag_arcTSjfm_1235_70"
LRforcedPSO,66,10,naoPSLjfm,slow,932.5,2005.5,0.8,81,71,71,17.112673668327634,-0.039025683920499925,1235,"['71_lag_76_median_mhfATL60', '76_lag_cetTSjfm', '71_lag_74_median_traEU', '71_lag_75_median_glTSjfm', '71_lag_73_median_stratZ50ndj03', '71_lag_79_median_atlSICjfm', '75_lag_atlSICjfm', '71_lag_72_median_tripol1', '71_lag_80_median_arcTSjfm', '71_lag_satlSSTjfm']","[6.6988485156179545, 1.9976315356373924, 4.310436237339772, 1.4883465426655444, 0.15531078235629714, 4.886275723984932, 6.851876115229594, 0.29418433894027274, 6.689053676252502, 2.8008180234707725]","71_lag_76_median_mhfATL60, 76_lag_cetTSjfm, 71_lag_74_median_traEU, 71_lag_75_median_glTSjfm, 71_lag_73_median_stratZ50ndj03, 71_lag_79_median_atlSICjfm, 75_lag_atlSICjfm, 71_lag_72_median_tripol1, 71_lag_80_median_arcTSjfm, 71_lag_satlSSTjfm_1235_71"
LRforcedPSO,67,10,naoPSLjfm,slow,933.5,2005.5,0.8,82,72,72,18.302637673198145,-0.023083976988238414,1235,"['72_lag_74_median_solFORC', '72_lag_80_median_traEC', '72_lag_80_median_traBS', '72_lag_78_median_traTLS', '74_lag_shTSjfm', '72_lag_73_median_glomaSSTjfm', '74_lag_mhfATL30', '72_lag_77_median_nhSICsep', '72_lag_77_median_traEC', '72_lag_73_median_naoPSLjfm']","[0.2512707372592953, 3.4888039125496597, 0.4620412510385776, 4.84796607505422, 7.852192998351326, 2.4444701973523753, 8.683226555505874, 4.324466311422077, 6.10819950656855, 5.272629338642636]","72_lag_74_median_solFORC, 72_lag_80_median_traEC, 72_lag_80_median_traBS, 72_lag_78_median_traTLS, 74_lag_shTSjfm, 72_lag_73_median_glomaSSTjfm, 74_lag_mhfATL30, 72_lag_77_median_nhSICsep, 72_lag_77_median_traEC, 72_lag_73_median_naoPSLjfm_1235_72"
LRforcedPSO,68,10,naoPSLjfm,slow,934.5,2005.5,0.8,83,73,73,18.23975734421782,-0.07835162794740975,1235,"['73_lag_82_median_ensoSSTjfm', '74_lag_eapPSLjfm', '77_lag_nhTSjfm', '79_lag_stratZ50ndj03', '78_lag_nppc3SSTjfm', '73_lag_77_median_samPSLann', '76_lag_traFSC', '79_lag_traMC', '78_lag_stratZ50ndj02', '76_lag_traEC']","[1.6452214926788464, 3.7358295552480065, 5.7336661571265495, 0.37381501835844055, 3.2591038546275435, 3.059418784675847, 1.5689372639214625, 0.1247309579462037, 5.523284005126765, 1.1757537230533686]","73_lag_82_median_ensoSSTjfm, 74_lag_eapPSLjfm, 77_lag_nhTSjfm, 79_lag_stratZ50ndj03, 78_lag_nppc3SSTjfm, 73_lag_77_median_samPSLann, 76_lag_traFSC, 79_lag_traMC, 78_lag_stratZ50ndj02, 76_lag_traEC_1235_73"
LRforcedPSO,69,10,naoPSLjfm,slow,935.5,2005.5,0.8,84,74,74,17.112304923963773,-0.06469764290366314,1235,"['74_lag_ensoSSTjfm', '81_lag_traTLS', '82_lag_amo1', '74_lag_83_median_wnorPRjfm', '78_lag_ormenSSTjfm', '74_lag_78_median_solFORC', '74_lag_mhfIP30', '79_lag_glomaSSTjfm', '74_lag_75_median_nchinaPRjja', '74_lag_76_median_stratZ50ndj04']","[9.54809208441615, 0.29404021790989, 4.836539351747373, 3.3260235139110828, 0.8867702590462017, 2.9032259424537283, 3.4297529432870277, 0.16685976772102862, 1.8259424891932081, 1.749821460007805]","74_lag_ensoSSTjfm, 81_lag_traTLS, 82_lag_amo1, 74_lag_83_median_wnorPRjfm, 78_lag_ormenSSTjfm, 74_lag_78_median_solFORC, 74_lag_mhfIP30, 79_lag_glomaSSTjfm, 74_lag_75_median_nchinaPRjja, 74_lag_76_median_stratZ50ndj04_1235_74"
LRforcedPSO,70,10,naoPSLjfm,slow,936.5,2005.5,0.8,85,75,75,17.12325933067454,-0.011080203483718734,1235,"['75_lag_81_median_satlSSTjfm', '75_lag_76_median_nppc2SSTjfm', '84_lag_traIFC', '75_lag_78_median_traTLS', '75_lag_76_median_glTSjfm', '75_lag_76_median_pdoSSTjfm', '80_lag_traEU', '83_lag_nhSICsep', '75_lag_80_median_tripol3', '82_lag_amo1']","[3.127482867058543, 0.9206550845783124, 2.5009819013101975, 2.110430609829077, 3.908979040807994, 1.3515184991016227, 4.554289285201049, 7.448941544001638, 1.2611133067186913, 2.469253251428089]","75_lag_81_median_satlSSTjfm, 75_lag_76_median_nppc2SSTjfm, 84_lag_traIFC, 75_lag_78_median_traTLS, 75_lag_76_median_glTSjfm, 75_lag_76_median_pdoSSTjfm, 80_lag_traEU, 83_lag_nhSICsep, 75_lag_80_median_tripol3, 82_lag_amo1_1235_75"
LRforcedPSO,71,10,naoPSLjfm,slow,937.5,2005.5,0.8,86,76,76,18.07423174038425,0.02796064786392695,1235,"['76_lag_ormenSSTjfm', '76_lag_80_median_scpPSLjfm', '76_lag_82_median_ensoSSTjfm', '76_lag_85_median_shTSjfm', '76_lag_83_median_nchinaPRjja', '76_lag_81_median_tripol1', '76_lag_82_median_nppc2SSTjfm', '79_lag_traFSC', '76_lag_77_median_neurTSjfm', '78_lag_cetTSjfm']","[1.9059948026029652, 0.5950752295117177, 4.372428301284717, 8.136518831899874, 4.782645262245357, 0.778190263579031, 4.028844173326879, 2.425736878312037, 5.7213112267599815, 1.7014716741419313]","76_lag_ormenSSTjfm, 76_lag_80_median_scpPSLjfm, 76_lag_82_median_ensoSSTjfm, 76_lag_85_median_shTSjfm, 76_lag_83_median_nchinaPRjja, 76_lag_81_median_tripol1, 76_lag_82_median_nppc2SSTjfm, 79_lag_traFSC, 76_lag_77_median_neurTSjfm, 78_lag_cetTSjfm_1235_76"
LRforcedPSO,72,10,naoPSLjfm,slow,938.5,2005.5,0.8,87,77,77,15.423606300545876,0.04452966398556168,1235,"['77_lag_82_median_scpPSLjfm', '77_lag_shSICsep', '77_lag_82_median_traEC', '77_lag_79_median_traEC', '77_lag_83_median_atlSICsep', '77_lag_80_median_traIT', '77_lag_78_median_traBS', '78_lag_labSSTjfm', '85_lag_traMC', '83_lag_seurTSjfm']","[3.624842358421123, 5.15798231739347, 2.0627171930363115, 5.289211631269861, 1.222564352849174, 2.606345351906752, 1.9084931023320273, 2.358112680138264, 2.0474761238781003, 1.8040416593332669]","77_lag_82_median_scpPSLjfm, 77_lag_shSICsep, 77_lag_82_median_traEC, 77_lag_79_median_traEC, 77_lag_83_median_atlSICsep, 77_lag_80_median_traIT, 77_lag_78_median_traBS, 78_lag_labSSTjfm, 85_lag_traMC, 83_lag_seurTSjfm_1235_77"
LRforcedPSO,73,10,naoPSLjfm,slow,939.5,2005.5,0.8,88,78,78,17.978967893895824,0.01262583990317014,1235,"['78_lag_79_median_mhfATL60', '84_lag_gyreSSTjfm', '78_lag_81_median_scpPSLjfm', '78_lag_80_median_traDS', '78_lag_83_median_traFSC', '78_lag_80_median_nppc3SSTjfm', '78_lag_84_median_traBO', '87_lag_traBS', '80_lag_tripol2', '78_lag_traIT']","[5.657635053579689, 6.050464651057606, 2.351112836698799, 1.8601318765130603, 1.0234351519379299, 5.095604134106486, 1.0502307420103758, 1.754856978158914, 2.225217797694672, 5.901170978473084]","78_lag_79_median_mhfATL60, 84_lag_gyreSSTjfm, 78_lag_81_median_scpPSLjfm, 78_lag_80_median_traDS, 78_lag_83_median_traFSC, 78_lag_80_median_nppc3SSTjfm, 78_lag_84_median_traBO, 87_lag_traBS, 80_lag_tripol2, 78_lag_traIT_1235_78"
LRforcedPSO,74,10,naoPSLjfm,slow,940.5,2005.5,0.8,89,79,79,16.639280189707495,0.008809355868223352,1235,"['87_lag_mhfATL30', '87_lag_nppc3SSTjfm', '82_lag_atlSICjfm', '79_lag_87_median_ginwSSTjfm', '82_lag_mhfATL30', '79_lag_82_median_atlSICsep', '79_lag_80_median_cetTSjfm', '79_lag_83_median_nchinaPRjja', '86_lag_traTLS', '81_lag_shSICmar']","[0.8059681620169812, 3.6723082075437183, 2.1861414094254865, 1.3933920701598463, 3.265666692387059, 2.6935701843823683, 4.250459278574306, 6.984977909895406, 1.3767446560960188, 0.3399445644327628]","87_lag_mhfATL30, 87_lag_nppc3SSTjfm, 82_lag_atlSICjfm, 79_lag_87_median_ginwSSTjfm, 82_lag_mhfATL30, 79_lag_82_median_atlSICsep, 79_lag_80_median_cetTSjfm, 79_lag_83_median_nchinaPRjja, 86_lag_traTLS, 81_lag_shSICmar_1235_79"
LRforcedPSO,75,10,naoPSLjfm,slow,941.5,2005.5,0.8,90,80,80,15.314526367908027,0.027312430649802398,1235,"['80_lag_81_median_traBO', '80_lag_84_median_alpi', '89_lag_traBO', '88_lag_wnorPRjfm', '87_lag_shSICmar', '86_lag_AMOCann', '80_lag_87_median_tripol3', '82_lag_traIFC', '86_lag_eapPSLjfm', '87_lag_mhfATL45']","[4.271554868741664, 0.12310276095764472, 0.6096639397061523, 4.729805697822716, 2.0451670967451125, 1.7691257499728827, 1.2516540938811342, 0.9200423411498004, 1.5886751873198968, 1.9961479552795218]","80_lag_81_median_traBO, 80_lag_84_median_alpi, 89_lag_traBO, 88_lag_wnorPRjfm, 87_lag_shSICmar, 86_lag_AMOCann, 80_lag_87_median_tripol3, 82_lag_traIFC, 86_lag_eapPSLjfm, 87_lag_mhfATL45_1235_80"
LRforcedPSO,76,10,naoPSLjfm,slow,942.5,2005.5,0.8,91,81,81,17.027518407090295,-0.04734243403329414,1235,"['81_lag_88_median_mhfATL45', '81_lag_84_median_samPSLann', '82_lag_scpPSLjfm', '81_lag_89_median_atlSICjfm', '81_lag_85_median_traFS', '81_lag_84_median_shSICmar', '81_lag_88_median_traCA', '83_lag_traCA', '83_lag_traFSC', '82_lag_shSICsep']","[1.4319579663299127, 0.4497377087373451, 2.828917004596793, 1.2168288344226745, 6.412446717618945, 1.8627107497305282, 6.258421686616256, 7.506593848631397, 3.458456363171196, 1.1437573980942943]","81_lag_88_median_mhfATL45, 81_lag_84_median_samPSLann, 82_lag_scpPSLjfm, 81_lag_89_median_atlSICjfm, 81_lag_85_median_traFS, 81_lag_84_median_shSICmar, 81_lag_88_median_traCA, 83_lag_traCA, 83_lag_traFSC, 82_lag_shSICsep_1235_81"
LRforcedPSO,77,10,naoPSLjfm,slow,943.5,2005.5,0.8,92,82,82,16.00253250609489,0.021962293009582752,1235,"['82_lag_85_median_seurTSjfm', '82_lag_84_median_mhfATL30', '90_lag_ormenSSTjfm', '84_lag_wnorPRjfm', '83_lag_yrvPRjja', '89_lag_eurPSLjfm', '82_lag_87_median_ismPRjja', '86_lag_traFS', '83_lag_traEU', '82_lag_86_median_traCA']","[3.3961911511956533, 1.4487670203298997, 7.526622371861347, 1.9016683134223946, 1.5805464246586727, 1.0658987185042967, 3.7007180311170593, 0.009996896584350878, 3.4312964858957073, 4.387207515856266]","82_lag_85_median_seurTSjfm, 82_lag_84_median_mhfATL30, 90_lag_ormenSSTjfm, 84_lag_wnorPRjfm, 83_lag_yrvPRjja, 89_lag_eurPSLjfm, 82_lag_87_median_ismPRjja, 86_lag_traFS, 83_lag_traEU, 82_lag_86_median_traCA_1235_82"
LRforcedPSO,78,10,naoPSLjfm,slow,944.5,2005.5,0.8,93,83,83,15.77237787524784,0.08207748107857554,1235,"['91_lag_nppc3SSTjfm', '83_lag_91_median_arcTSjfm', '83_lag_90_median_solFORC', '83_lag_traCA', '83_lag_89_median_nppc3SSTjfm', '87_lag_traDP', '83_lag_naoPSLjfm', '83_lag_90_median_mhfATL45', '83_lag_91_median_alpi', '83_lag_tripol3']","[3.6674783384802474, 0.6395431209646638, 4.508573597451216, 5.120942292781945, 2.3023169745340244, 1.5203826222248438, 3.7814952309276926, 3.5242429374720796, 4.14558328044464, 5.075738826304088]","91_lag_nppc3SSTjfm, 83_lag_91_median_arcTSjfm, 83_lag_90_median_solFORC, 83_lag_traCA, 83_lag_89_median_nppc3SSTjfm, 87_lag_traDP, 83_lag_naoPSLjfm, 83_lag_90_median_mhfATL45, 83_lag_91_median_alpi, 83_lag_tripol3_1235_83"
LRforcedPSO,79,10,naoPSLjfm,slow,945.5,2005.5,0.8,94,84,84,15.750847821100734,0.13778973646293016,1235,"['93_lag_mhfATL60', '84_lag_90_median_solFORC', '88_lag_nchinaPRjja', '84_lag_92_median_tripol2', '89_lag_tripol3', '91_lag_glomaSSTjfm', '88_lag_traIFC', '86_lag_traDS', '88_lag_eapPSLjfm', '91_lag_scpPSLjfm']","[1.124394675671736, 0.9268916260008027, 5.872309210519797, 0.5668191214604974, 2.006324330460836, 3.398400628613384, 0.9035136523655058, 3.5455082742975303, 0.7909201873286804, 5.532891260304322]","93_lag_mhfATL60, 84_lag_90_median_solFORC, 88_lag_nchinaPRjja, 84_lag_92_median_tripol2, 89_lag_tripol3, 91_lag_glomaSSTjfm, 88_lag_traIFC, 86_lag_traDS, 88_lag_eapPSLjfm, 91_lag_scpPSLjfm_1235_84"
LRforcedPSO,80,10,naoPSLjfm,slow,946.5,2005.5,0.8,95,85,85,17.11735355917317,-0.10034730024976433,1235,"['88_lag_nhTSjfm', '85_lag_93_median_mhfATL60', '85_lag_88_median_nhTSjfm', '85_lag_92_median_glTSjfm', '90_lag_stratZ50ndj03', '90_lag_cetTSjfm', '85_lag_86_median_satlSSTjfm', '87_lag_mhfIP30', '88_lag_solFORC', '88_lag_satlSSTjfm']","[0.5245660249709481, 3.792783721072195, 0.5364930781299044, 2.311723449642617, 5.230636247783469, 4.505859253243094, 8.221077243815973, 0.688904012042741, 2.513734911267629, 0.11476588412047128]","88_lag_nhTSjfm, 85_lag_93_median_mhfATL60, 85_lag_88_median_nhTSjfm, 85_lag_92_median_glTSjfm, 90_lag_stratZ50ndj03, 90_lag_cetTSjfm, 85_lag_86_median_satlSSTjfm, 87_lag_mhfIP30, 88_lag_solFORC, 88_lag_satlSSTjfm_1235_85"
LRforcedPSO,81,10,naoPSLjfm,slow,947.5,2005.5,0.8,96,86,86,15.19915169954325,0.14524911150546624,1235,"['86_lag_90_median_shSICmar', '95_lag_glomaSSTjfm', '86_lag_92_median_alpi', '91_lag_atlSICjfm', '86_lag_92_median_traBO', '86_lag_91_median_traFB', '86_lag_87_median_amo2', '86_lag_88_median_shTSjfm', '90_lag_stratZ50ndj02', '90_lag_ensoSSTjfm']","[0.5187664643952665, 2.4622764747099364, 2.3208199632109245, 5.7242515261493505, 0.16711954108071225, 0.4224165105332549, 1.8450343093325152, 2.294541670605774, 4.43423932918906, 2.825139082919012]","86_lag_90_median_shSICmar, 95_lag_glomaSSTjfm, 86_lag_92_median_alpi, 91_lag_atlSICjfm, 86_lag_92_median_traBO, 86_lag_91_median_traFB, 86_lag_87_median_amo2, 86_lag_88_median_shTSjfm, 90_lag_stratZ50ndj02, 90_lag_ensoSSTjfm_1235_86"
LRforcedPSO,82,10,naoPSLjfm,slow,948.5,2005.5,0.8,97,87,87,16.088628251358724,0.0812052859879846,1235,"['88_lag_yrvPRjja', '91_lag_wnorPRjfm', '87_lag_88_median_AMOCann', '96_lag_wnorPRjfm', '94_lag_traBS', '95_lag_nppc2SSTjfm', '87_lag_96_median_traEU', '87_lag_ginwSSTjfm', '91_lag_labSSTjfm', '87_lag_93_median_mhfATL45']","[2.474345312240218, 4.250373637097482, 2.261795301785437, 0.25708575420046387, 0.6525882473426297, 4.001742294393205, 3.187187728241236, 1.4384489745500577, 1.6803627490483954, 7.830348538532181]","88_lag_yrvPRjja, 91_lag_wnorPRjfm, 87_lag_88_median_AMOCann, 96_lag_wnorPRjfm, 94_lag_traBS, 95_lag_nppc2SSTjfm, 87_lag_96_median_traEU, 87_lag_ginwSSTjfm, 91_lag_labSSTjfm, 87_lag_93_median_mhfATL45_1235_87"
LRforcedPSO,83,10,naoPSLjfm,slow,949.5,2005.5,0.8,98,88,88,17.1334715641565,-0.10835543913276369,1235,"['92_lag_neurTSjfm', '89_lag_nhSICjfm', '95_lag_shSICsep', '88_lag_92_median_mhfATL45', '97_lag_tripol2', '88_lag_97_median_alpi', '88_lag_93_median_stratZ50ndj01', '88_lag_95_median_traDP', '97_lag_amo2', '88_lag_91_median_mhfATL45']","[1.3972159262851882, 5.278578933056284, 2.209793503737279, 3.1153928265976134, 1.422528370102448, 4.330341014762318, 0.8741418517941408, 2.9953635935966982, 3.4980459070240606, 3.507775919728595]","92_lag_neurTSjfm, 89_lag_nhSICjfm, 95_lag_shSICsep, 88_lag_92_median_mhfATL45, 97_lag_tripol2, 88_lag_97_median_alpi, 88_lag_93_median_stratZ50ndj01, 88_lag_95_median_traDP, 97_lag_amo2, 88_lag_91_median_mhfATL45_1235_88"
LRforcedPSO,84,10,naoPSLjfm,slow,950.5,2005.5,0.8,99,89,89,16.982088585256527,-0.11262913881731705,1235,"['89_lag_90_median_shTSjfm', '93_lag_shSICmar', '89_lag_93_median_traCA', '97_lag_nppc3SSTjfm', '89_lag_96_median_amo3', '93_lag_traBS', '92_lag_tripol1', '89_lag_96_median_arcTSjfm', '93_lag_arcTSjfm', '94_lag_AMOCann']","[5.3077861630462175, 4.420992075526671, 2.6908203429233684, 3.1750305762994113, 5.10025953117728, 3.6266922582864725, 3.47780154975273, 4.989207673443827, 0.8690093880448302, 2.11888761270804]","89_lag_90_median_shTSjfm, 93_lag_shSICmar, 89_lag_93_median_traCA, 97_lag_nppc3SSTjfm, 89_lag_96_median_amo3, 93_lag_traBS, 92_lag_tripol1, 89_lag_96_median_arcTSjfm, 93_lag_arcTSjfm, 94_lag_AMOCann_1235_89"
LRforcedPSO,85,10,naoPSLjfm,slow,951.5,2005.5,0.8,100,90,90,16.010836994288976,-0.0003008110831543122,1235,"['92_lag_stratZ50ndj02', '98_lag_shTSjfm', '96_lag_shSICmar', '95_lag_eapPSLjfm', '90_lag_tripol2', '98_lag_traDP', '98_lag_traWP', '90_lag_99_median_nchinaPRjja', '95_lag_traBO', '99_lag_AMOCann']","[1.1580213576908065, 0.5199171545762127, 5.225025177878022, 5.191660912718952, 1.5186044202957039, 0.8640483147769711, 4.137597365149452, 4.137446876306081, 3.3518923704338714, 2.8066457101186266]","92_lag_stratZ50ndj02, 98_lag_shTSjfm, 96_lag_shSICmar, 95_lag_eapPSLjfm, 90_lag_tripol2, 98_lag_traDP, 98_lag_traWP, 90_lag_99_median_nchinaPRjja, 95_lag_traBO, 99_lag_AMOCann_1235_90"
