model,num_irrelevant,max_allowed_features,target_feature,dataset,year_start,year_end,splitsize,max_lag,init_lag,max_forecast,mae_score,corr_score,n_total_features,selected_feature_list,feature_importances,selected_features
RandomForestRegressor,0,6,nhSICjfm,slow,866.5,2005.5,0.4,15,5,5,12.88911723183873,0.06559391481625543,1235,"['5_lag_7_median_mhfATL60', '5_lag_14_median_traFB', '5_lag_12_median_nhSICsep', '5_lag_14_median_mhfATL30', '5_lag_14_median_traTLS', '5_lag_14_median_AMOCann']","[0.15604461166063296, 0.21646398713550424, 0.16642943114490616, 0.14328373194279256, 0.1541424715831028, 0.16363576653306142]","5_lag_7_median_mhfATL60, 5_lag_14_median_traFB, 5_lag_12_median_nhSICsep, 5_lag_14_median_mhfATL30, 5_lag_14_median_traTLS, 5_lag_14_median_AMOCann_1235_5"
RandomForestRegressor,1,6,nhSICjfm,slow,867.5,2005.5,0.4,16,6,6,13.377845792847156,-0.06110893562723129,1235,"['6_lag_13_median_nchinaPRjja', '6_lag_14_median_nchinaPRjja', '6_lag_12_median_nhSICsep', '6_lag_15_median_cetTSjfm', '6_lag_15_median_traFB', '6_lag_12_median_AMOCann']","[0.15160221413338879, 0.13968431204076023, 0.17382840077443343, 0.17371505877879523, 0.15768523619646116, 0.20348477807616117]","6_lag_13_median_nchinaPRjja, 6_lag_14_median_nchinaPRjja, 6_lag_12_median_nhSICsep, 6_lag_15_median_cetTSjfm, 6_lag_15_median_traFB, 6_lag_12_median_AMOCann_1235_6"
RandomForestRegressor,2,6,nhSICjfm,slow,868.5,2005.5,0.4,17,7,7,13.451327815137436,-0.003566652074795471,1235,"['7_lag_16_median_mhfATL30', '7_lag_16_median_eurPSLjfm', '7_lag_11_median_AMOCann', '7_lag_15_median_nchinaPRjja', '7_lag_11_median_nchinaPRjja', '7_lag_12_median_AMOCann']","[0.14090860848176964, 0.18389680033397687, 0.17159550104054405, 0.16356088571633418, 0.17754805692802172, 0.1624901474993536]","7_lag_16_median_mhfATL30, 7_lag_16_median_eurPSLjfm, 7_lag_11_median_AMOCann, 7_lag_15_median_nchinaPRjja, 7_lag_11_median_nchinaPRjja, 7_lag_12_median_AMOCann_1235_7"
RandomForestRegressor,3,6,nhSICjfm,slow,869.5,2005.5,0.4,18,8,8,13.363221222963338,-0.0035942851586702636,1235,"['8_lag_12_median_nchinaPRjja', '8_lag_17_median_eurPSLjfm', '8_lag_15_median_traFB', '8_lag_17_median_mhfATL30', '8_lag_16_median_eurPSLjfm', '8_lag_12_median_AMOCann']","[0.17195879818393645, 0.11999468296824353, 0.16732563399927308, 0.16876860457061485, 0.16365654964611306, 0.208295730631819]","8_lag_12_median_nchinaPRjja, 8_lag_17_median_eurPSLjfm, 8_lag_15_median_traFB, 8_lag_17_median_mhfATL30, 8_lag_16_median_eurPSLjfm, 8_lag_12_median_AMOCann_1235_8"
RandomForestRegressor,4,6,nhSICjfm,slow,870.5,2005.5,0.4,19,9,9,13.364767648808353,0.0011108230298054033,1235,"['9_lag_18_median_scpPSLjfm', '9_lag_15_median_nchinaPRjja', '9_lag_14_median_nchinaPRjja', '9_lag_17_median_eurPSLjfm', '9_lag_12_median_mhfATL30', '9_lag_18_median_mhfATL30']","[0.16294957989572512, 0.13122526408570323, 0.15992380195923925, 0.19360989663427408, 0.16178578841885397, 0.19050566900620441]","9_lag_18_median_scpPSLjfm, 9_lag_15_median_nchinaPRjja, 9_lag_14_median_nchinaPRjja, 9_lag_17_median_eurPSLjfm, 9_lag_12_median_mhfATL30, 9_lag_18_median_mhfATL30_1235_9"
RandomForestRegressor,5,6,nhSICjfm,slow,871.5,2005.5,0.4,20,10,10,13.123392405714615,-0.05897702510646273,1235,"['10_lag_19_median_scpPSLjfm', '10_lag_17_median_mhfATL30', '10_lag_18_median_eurPSLjfm', '10_lag_17_median_traWP', '10_lag_18_median_traDS', '10_lag_19_median_pdoSSTjfm']","[0.15703456045852102, 0.13566693784047204, 0.17569322157429604, 0.14131283668944286, 0.19444157787328487, 0.19585086556398326]","10_lag_19_median_scpPSLjfm, 10_lag_17_median_mhfATL30, 10_lag_18_median_eurPSLjfm, 10_lag_17_median_traWP, 10_lag_18_median_traDS, 10_lag_19_median_pdoSSTjfm_1235_10"
RandomForestRegressor,6,6,nhSICjfm,slow,872.5,2005.5,0.4,21,11,11,13.714352997328374,-0.12359456681321497,1235,"['11_lag_19_median_stratZ50ndj03', '11_lag_17_median_eurPSLjfm', '11_lag_18_median_traWP', '11_lag_18_median_arcTSjfm', '11_lag_20_median_stratZ50ndj04', '11_lag_18_median_eurPSLjfm']","[0.16337615265763505, 0.1442196913201213, 0.1713749460340686, 0.1940977473915491, 0.16025611127073563, 0.16667535132589034]","11_lag_19_median_stratZ50ndj03, 11_lag_17_median_eurPSLjfm, 11_lag_18_median_traWP, 11_lag_18_median_arcTSjfm, 11_lag_20_median_stratZ50ndj04, 11_lag_18_median_eurPSLjfm_1235_11"
RandomForestRegressor,7,6,nhSICjfm,slow,873.5,2005.5,0.4,22,12,12,13.000511369701583,0.034229930227298186,1235,"['12_lag_19_median_arcTSjfm', '12_lag_20_median_stratZ50ndj03', '12_lag_21_median_ismPRjja', '12_lag_17_median_eurPSLjfm', '12_lag_19_median_pdoSSTjfm', '12_lag_21_median_stratZ50ndj04']","[0.165367937318855, 0.1331079949480698, 0.16181319381923615, 0.16492944164688456, 0.17848859934734265, 0.19629283291961183]","12_lag_19_median_arcTSjfm, 12_lag_20_median_stratZ50ndj03, 12_lag_21_median_ismPRjja, 12_lag_17_median_eurPSLjfm, 12_lag_19_median_pdoSSTjfm, 12_lag_21_median_stratZ50ndj04_1235_12"
RandomForestRegressor,8,6,nhSICjfm,slow,874.5,2005.5,0.4,23,13,13,13.184460848389442,0.125835617337238,1235,"['21_lag_traMC', '13_lag_18_median_eurPSLjfm', '13_lag_22_median_ismPRjja', '13_lag_22_median_traBS', '13_lag_22_median_stratZ50ndj04', '13_lag_21_median_stratZ50ndj04']","[0.16220287555302437, 0.1521342514443235, 0.18686911345817986, 0.17579661216394388, 0.13998907205100616, 0.1830080753295224]","21_lag_traMC, 13_lag_18_median_eurPSLjfm, 13_lag_22_median_ismPRjja, 13_lag_22_median_traBS, 13_lag_22_median_stratZ50ndj04, 13_lag_21_median_stratZ50ndj04_1235_13"
RandomForestRegressor,9,6,nhSICjfm,slow,875.5,2005.5,0.4,24,14,14,13.099022625476026,0.10640073616169161,1235,"['14_lag_18_median_eurPSLjfm', '14_lag_20_median_mhfIP30', '14_lag_21_median_stratZ50ndj04', '14_lag_17_median_eurPSLjfm', '14_lag_23_median_traBS', '14_lag_22_median_stratZ50ndj04']","[0.14441815167249603, 0.17337889471755918, 0.11647386284520207, 0.1692057843913894, 0.18210333535615447, 0.21441997101719895]","14_lag_18_median_eurPSLjfm, 14_lag_20_median_mhfIP30, 14_lag_21_median_stratZ50ndj04, 14_lag_17_median_eurPSLjfm, 14_lag_23_median_traBS, 14_lag_22_median_stratZ50ndj04_1235_14"
RandomForestRegressor,10,6,nhSICjfm,slow,876.5,2005.5,0.4,25,15,15,12.571487976461093,0.16355905866579187,1235,"['15_lag_21_median_stratZ50ndj04', '15_lag_24_median_wnorPRjfm', '15_lag_20_median_stratZ50ndj04', '15_lag_23_median_traBS', '15_lag_24_median_traBS', '15_lag_22_median_stratZ50ndj04']","[0.1359710388301528, 0.190077848776353, 0.1569323033825694, 0.16396716199041372, 0.1674209090348059, 0.18563073798570537]","15_lag_21_median_stratZ50ndj04, 15_lag_24_median_wnorPRjfm, 15_lag_20_median_stratZ50ndj04, 15_lag_23_median_traBS, 15_lag_24_median_traBS, 15_lag_22_median_stratZ50ndj04_1235_15"
RandomForestRegressor,11,6,nhSICjfm,slow,877.5,2005.5,0.4,26,16,16,13.207951524771445,0.05589290645557947,1235,"['16_lag_22_median_stratZ50ndj04', '16_lag_23_median_traBS', '16_lag_25_median_samPSLann', '16_lag_25_median_traBS', '16_lag_24_median_traBS', '16_lag_21_median_stratZ50ndj04']","[0.15607439736495188, 0.12906398406729064, 0.21747646338518717, 0.1467280209020165, 0.15588773278075246, 0.19476940149980135]","16_lag_22_median_stratZ50ndj04, 16_lag_23_median_traBS, 16_lag_25_median_samPSLann, 16_lag_25_median_traBS, 16_lag_24_median_traBS, 16_lag_21_median_stratZ50ndj04_1235_16"
RandomForestRegressor,12,6,nhSICjfm,slow,878.5,2005.5,0.4,27,17,17,13.227256270539938,0.04346053903739312,1235,"['17_lag_24_median_traBS', '17_lag_26_median_samPSLann', '17_lag_26_median_traBS', '17_lag_25_median_traBS', '17_lag_22_median_stratZ50ndj04', '17_lag_20_median_stratZ50ndj04']","[0.14920176284630873, 0.21799460959889141, 0.1397649717454222, 0.14791523924823635, 0.17382243558581092, 0.1713009809753304]","17_lag_24_median_traBS, 17_lag_26_median_samPSLann, 17_lag_26_median_traBS, 17_lag_25_median_traBS, 17_lag_22_median_stratZ50ndj04, 17_lag_20_median_stratZ50ndj04_1235_17"
RandomForestRegressor,13,6,nhSICjfm,slow,879.5,2005.5,0.4,28,18,18,13.483617300606477,-0.0405034722766289,1235,"['18_lag_26_median_traBS', '18_lag_27_median_traFS', '18_lag_24_median_traBS', '18_lag_27_median_shTSjfm', '18_lag_22_median_stratZ50ndj04', '18_lag_21_median_stratZ50ndj04']","[0.14750790644093967, 0.1652931766853205, 0.20028546781517634, 0.19310468302639916, 0.13358314576993627, 0.16022562026222814]","18_lag_26_median_traBS, 18_lag_27_median_traFS, 18_lag_24_median_traBS, 18_lag_27_median_shTSjfm, 18_lag_22_median_stratZ50ndj04, 18_lag_21_median_stratZ50ndj04_1235_18"
RandomForestRegressor,14,6,nhSICjfm,slow,880.5,2005.5,0.4,29,19,19,13.782710413147518,-0.18508004651914817,1235,"['19_lag_22_median_traMC', '19_lag_27_median_traBS', '19_lag_27_median_traEU', '19_lag_26_median_traBS', '19_lag_28_median_satlSSTjfm', '19_lag_28_median_shTSjfm']","[0.1557370825013404, 0.15251460003783124, 0.16496412563954124, 0.14214964454000617, 0.1964305665480631, 0.18820398073321776]","19_lag_22_median_traMC, 19_lag_27_median_traBS, 19_lag_27_median_traEU, 19_lag_26_median_traBS, 19_lag_28_median_satlSSTjfm, 19_lag_28_median_shTSjfm_1235_19"
RandomForestRegressor,15,6,nhSICjfm,slow,881.5,2005.5,0.4,30,20,20,13.939250220076858,-0.22898219566849368,1235,"['20_lag_26_median_traBS', '20_lag_29_median_traFSC', '20_lag_29_median_tripol3', '20_lag_29_median_satlSSTjfm', '20_lag_29_median_shTSjfm', '20_lag_29_median_mhfIP30']","[0.20476409257288522, 0.14845556421769956, 0.15165891560753084, 0.17231097338841353, 0.16903837460659885, 0.1537720796068719]","20_lag_26_median_traBS, 20_lag_29_median_traFSC, 20_lag_29_median_tripol3, 20_lag_29_median_satlSSTjfm, 20_lag_29_median_shTSjfm, 20_lag_29_median_mhfIP30_1235_20"
RandomForestRegressor,16,6,nhSICjfm,slow,882.5,2005.5,0.4,31,21,21,13.46551797875869,0.00023353957840523284,1235,"['21_lag_28_median_tripol3', '21_lag_traMC', '21_lag_30_median_neurTSjfm', '21_lag_30_median_tripol3', '21_lag_30_median_mhfIP30', '21_lag_30_median_shTSjfm']","[0.12955515526057887, 0.18424323426160694, 0.1720879510408186, 0.15075325828702268, 0.16351880404435712, 0.19984159710561586]","21_lag_28_median_tripol3, 21_lag_traMC, 21_lag_30_median_neurTSjfm, 21_lag_30_median_tripol3, 21_lag_30_median_mhfIP30, 21_lag_30_median_shTSjfm_1235_21"
RandomForestRegressor,17,6,nhSICjfm,slow,883.5,2005.5,0.4,32,22,22,13.60793220521258,-0.08965850168349108,1235,"['22_lag_31_median_traTLS', '22_lag_29_median_tripol3', '22_lag_31_median_neurTSjfm', '22_lag_31_median_mhfIP30', '22_lag_30_median_neurTSjfm', '22_lag_31_median_shTSjfm']","[0.16460031075094814, 0.15914685023124775, 0.13796982150344156, 0.15539736150325498, 0.17755262649107129, 0.20533302952003632]","22_lag_31_median_traTLS, 22_lag_29_median_tripol3, 22_lag_31_median_neurTSjfm, 22_lag_31_median_mhfIP30, 22_lag_30_median_neurTSjfm, 22_lag_31_median_shTSjfm_1235_22"
RandomForestRegressor,18,6,nhSICjfm,slow,884.5,2005.5,0.4,33,23,23,13.710482878026326,-0.05005621851868559,1235,"['23_lag_32_median_neurTSjfm', '23_lag_28_median_tripol3', '23_lag_27_median_satlSSTjfm', '23_lag_30_median_neurTSjfm', '23_lag_32_median_mhfIP30', '23_lag_32_median_shTSjfm']","[0.12140137671787019, 0.15250460990361192, 0.18016870759611806, 0.16047432050801982, 0.17329493029548884, 0.21215605497889134]","23_lag_32_median_neurTSjfm, 23_lag_28_median_tripol3, 23_lag_27_median_satlSSTjfm, 23_lag_30_median_neurTSjfm, 23_lag_32_median_mhfIP30, 23_lag_32_median_shTSjfm_1235_23"
RandomForestRegressor,19,6,nhSICjfm,slow,885.5,2005.5,0.4,34,24,24,13.591310186066025,-0.05914378777445287,1235,"['24_lag_31_median_mhfIP30', '24_lag_33_median_neurTSjfm', '24_lag_31_median_traIFC', '24_lag_27_median_tripol3', '24_lag_31_median_neurTSjfm', '24_lag_33_median_shTSjfm']","[0.1894206078798708, 0.1349422797579902, 0.1625613066160744, 0.18982172745307546, 0.13206792706278572, 0.19118615123020344]","24_lag_31_median_mhfIP30, 24_lag_33_median_neurTSjfm, 24_lag_31_median_traIFC, 24_lag_27_median_tripol3, 24_lag_31_median_neurTSjfm, 24_lag_33_median_shTSjfm_1235_24"
RandomForestRegressor,20,6,nhSICjfm,slow,886.5,2005.5,0.4,35,25,25,13.42372231002723,0.05967170238900138,1235,"['25_lag_34_median_neurTSjfm', '25_lag_34_median_satlSSTjfm', '34_lag_traDP', '25_lag_33_median_traIFC', '25_lag_34_median_ormenSSTjfm', '25_lag_34_median_shTSjfm']","[0.1253387876447794, 0.14864007491694606, 0.18171376119465563, 0.18988680699283292, 0.17636386437526186, 0.1780567048755242]","25_lag_34_median_neurTSjfm, 25_lag_34_median_satlSSTjfm, 34_lag_traDP, 25_lag_33_median_traIFC, 25_lag_34_median_ormenSSTjfm, 25_lag_34_median_shTSjfm_1235_25"
RandomForestRegressor,21,6,nhSICjfm,slow,887.5,2005.5,0.4,36,26,26,13.755093932801973,-0.04188401043452304,1235,"['26_lag_35_median_neurTSjfm', '26_lag_34_median_ormenSSTjfm', '26_lag_35_median_satlSSTjfm', '26_lag_34_median_traIFC', '26_lag_35_median_ormenSSTjfm', '26_lag_35_median_shTSjfm']","[0.14910673609567887, 0.14838075291266883, 0.1552156210368108, 0.2213699383778431, 0.14320591188552134, 0.18272103969147707]","26_lag_35_median_neurTSjfm, 26_lag_34_median_ormenSSTjfm, 26_lag_35_median_satlSSTjfm, 26_lag_34_median_traIFC, 26_lag_35_median_ormenSSTjfm, 26_lag_35_median_shTSjfm_1235_26"
RandomForestRegressor,22,6,nhSICjfm,slow,888.5,2005.5,0.4,37,27,27,14.145285942931496,-0.12062787605870402,1235,"['27_lag_35_median_tripol1', '27_lag_35_median_shTSjfm', '27_lag_34_median_traEC', '27_lag_34_median_traIFC', '27_lag_36_median_ormenSSTjfm', '27_lag_36_median_satlSSTjfm']","[0.15525985335770434, 0.16395985617514358, 0.17862841804071677, 0.181216996341726, 0.17014487366381423, 0.15079000242089513]","27_lag_35_median_tripol1, 27_lag_35_median_shTSjfm, 27_lag_34_median_traEC, 27_lag_34_median_traIFC, 27_lag_36_median_ormenSSTjfm, 27_lag_36_median_satlSSTjfm_1235_27"
RandomForestRegressor,23,6,nhSICjfm,slow,889.5,2005.5,0.4,38,28,28,13.549557462792064,0.07413317190591646,1235,"['28_lag_37_median_traDP', '28_lag_34_median_traIFC', '28_lag_34_median_traEC', '28_lag_35_median_traIFC', '28_lag_37_median_satlSSTjfm', '28_lag_36_median_satlSSTjfm']","[0.19225976387025173, 0.1602219211067024, 0.18975299649392852, 0.12905087128047737, 0.1504318905445668, 0.17828255670407325]","28_lag_37_median_traDP, 28_lag_34_median_traIFC, 28_lag_34_median_traEC, 28_lag_35_median_traIFC, 28_lag_37_median_satlSSTjfm, 28_lag_36_median_satlSSTjfm_1235_28"
RandomForestRegressor,24,6,nhSICjfm,slow,890.5,2005.5,0.4,39,29,29,13.816440406152655,-0.054757445257493396,1235,"['29_lag_34_median_traIFC', '29_lag_34_median_ormenSSTjfm', '29_lag_35_median_traIFC', '29_lag_38_median_traEC', '29_lag_37_median_satlSSTjfm', '29_lag_37_median_traEC']","[0.14323225677334273, 0.16905005623806277, 0.16512008485201066, 0.12091894781794096, 0.2349906727792103, 0.16668798153943254]","29_lag_34_median_traIFC, 29_lag_34_median_ormenSSTjfm, 29_lag_35_median_traIFC, 29_lag_38_median_traEC, 29_lag_37_median_satlSSTjfm, 29_lag_37_median_traEC_1235_29"
RandomForestRegressor,25,6,nhSICjfm,slow,891.5,2005.5,0.4,40,30,30,13.003685325168648,0.1765062911481762,1235,"['30_lag_39_median_nhSICjfm', '30_lag_39_median_traEC', '30_lag_33_median_traEC', '30_lag_35_median_ormenSSTjfm', '30_lag_33_median_traIFC', '30_lag_38_median_traEC']","[0.16434520721543516, 0.12362387853528123, 0.17146827703947745, 0.18785970578597042, 0.20460524706357439, 0.1480976843602613]","30_lag_39_median_nhSICjfm, 30_lag_39_median_traEC, 30_lag_33_median_traEC, 30_lag_35_median_ormenSSTjfm, 30_lag_33_median_traIFC, 30_lag_38_median_traEC_1235_30"
RandomForestRegressor,26,6,nhSICjfm,slow,892.5,2005.5,0.4,41,31,31,12.812941184647034,0.13714699405533812,1235,"['31_lag_36_median_satlSSTjfm', '31_lag_37_median_traEC', '34_lag_traDP', '31_lag_38_median_nppc2SSTjfm', '31_lag_40_median_atlSICjfm', '31_lag_39_median_traEC']","[0.17778342753784396, 0.14493318597699778, 0.18792109158233103, 0.14887137313487797, 0.17472221164331553, 0.16576871012463365]","31_lag_36_median_satlSSTjfm, 31_lag_37_median_traEC, 34_lag_traDP, 31_lag_38_median_nppc2SSTjfm, 31_lag_40_median_atlSICjfm, 31_lag_39_median_traEC_1235_31"
RandomForestRegressor,27,6,nhSICjfm,slow,893.5,2005.5,0.4,42,32,32,13.742416765141934,0.06969631063489287,1235,"['32_lag_39_median_traEU', '32_lag_39_median_nppc2SSTjfm', '32_lag_40_median_traEU', '32_lag_40_median_atlSICjfm', '34_lag_traDP', '32_lag_41_median_atlSICjfm']","[0.13708957096673333, 0.19711379947729152, 0.14865002749973855, 0.12680593324490205, 0.24756561781719463, 0.14277505099413998]","32_lag_39_median_traEU, 32_lag_39_median_nppc2SSTjfm, 32_lag_40_median_traEU, 32_lag_40_median_atlSICjfm, 34_lag_traDP, 32_lag_41_median_atlSICjfm_1235_32"
RandomForestRegressor,28,6,nhSICjfm,slow,894.5,2005.5,0.4,43,33,33,14.15034395866155,-0.04352530274305788,1235,"['33_lag_36_median_mhfIP30', '33_lag_37_median_traMC', '33_lag_40_median_traEU', '33_lag_42_median_stratZ50ndj03', '33_lag_40_median_atlSICjfm', '33_lag_42_median_atlSICjfm']","[0.15417541511413876, 0.15428639284832718, 0.1945733487943114, 0.20564352888774362, 0.15033462525245583, 0.14098668910302314]","33_lag_36_median_mhfIP30, 33_lag_37_median_traMC, 33_lag_40_median_traEU, 33_lag_42_median_stratZ50ndj03, 33_lag_40_median_atlSICjfm, 33_lag_42_median_atlSICjfm_1235_33"
RandomForestRegressor,29,6,nhSICjfm,slow,895.5,2005.5,0.4,44,34,34,11.938730059654565,0.2603670256811611,1235,"['34_lag_39_median_atlSICjfm', '34_lag_42_median_nhSICsep', '34_lag_39_median_traEC', '34_lag_41_median_nhSICsep', '34_lag_43_median_shSICsep', '34_lag_traDP']","[0.17214274228362741, 0.13823419654643818, 0.1755167262060501, 0.131411010773384, 0.19563563767476153, 0.18705968651573882]","34_lag_39_median_atlSICjfm, 34_lag_42_median_nhSICsep, 34_lag_39_median_traEC, 34_lag_41_median_nhSICsep, 34_lag_43_median_shSICsep, 34_lag_traDP_1235_34"
RandomForestRegressor,30,6,nhSICjfm,slow,896.5,2005.5,0.4,45,35,35,12.711934977700691,0.15851302763336186,1235,"['43_lag_traCA', '35_lag_43_median_stratZ50ndj03', '35_lag_40_median_atlSICjfm', '35_lag_44_median_shSICsep', '35_lag_43_median_eapPSLjfm', '35_lag_42_median_nhSICsep']","[0.18446101263210682, 0.14523868315717342, 0.1431810229189983, 0.1517280173979257, 0.18460174200471513, 0.19078952188908058]","43_lag_traCA, 35_lag_43_median_stratZ50ndj03, 35_lag_40_median_atlSICjfm, 35_lag_44_median_shSICsep, 35_lag_43_median_eapPSLjfm, 35_lag_42_median_nhSICsep_1235_35"
RandomForestRegressor,31,6,nhSICjfm,slow,897.5,2005.5,0.4,46,36,36,12.681623949548943,0.12214803152684445,1235,"['36_lag_43_median_stratZ50ndj03', '36_lag_44_median_shSICsep', '36_lag_43_median_nhSICsep', '36_lag_45_median_ginwSSTjfm', '36_lag_45_median_shSICsep', '36_lag_44_median_stratZ50ndj03']","[0.15019503838885825, 0.1497670220146343, 0.16895998302467707, 0.17180305359087952, 0.16837350964197875, 0.19090139333897213]","36_lag_43_median_stratZ50ndj03, 36_lag_44_median_shSICsep, 36_lag_43_median_nhSICsep, 36_lag_45_median_ginwSSTjfm, 36_lag_45_median_shSICsep, 36_lag_44_median_stratZ50ndj03_1235_36"
RandomForestRegressor,32,6,nhSICjfm,slow,898.5,2005.5,0.4,47,37,37,12.81434912038364,0.09050199682872875,1235,"['37_lag_44_median_ginwSSTjfm', '37_lag_41_median_scpPSLjfm', '37_lag_46_median_atlSICjfm', '37_lag_40_median_traDP', '37_lag_44_median_stratZ50ndj03', '37_lag_46_median_shSICsep']","[0.150390459256355, 0.15626622651893649, 0.12621566159844566, 0.17395676897028797, 0.17194605166049517, 0.22122483199547968]","37_lag_44_median_ginwSSTjfm, 37_lag_41_median_scpPSLjfm, 37_lag_46_median_atlSICjfm, 37_lag_40_median_traDP, 37_lag_44_median_stratZ50ndj03, 37_lag_46_median_shSICsep_1235_37"
RandomForestRegressor,33,6,nhSICjfm,slow,899.5,2005.5,0.4,48,38,38,13.796683070201732,-0.09124917305612922,1235,"['38_lag_46_median_stratZ50ndj03', '47_lag_traDP', '38_lag_46_median_shSICmar', '38_lag_45_median_shSICsep', '38_lag_47_median_stratZ50ndj03', '38_lag_44_median_shSICsep']","[0.15657127243887536, 0.1952596245926687, 0.16683859932116707, 0.1555273800390364, 0.1551107128402627, 0.17069241076798966]","38_lag_46_median_stratZ50ndj03, 47_lag_traDP, 38_lag_46_median_shSICmar, 38_lag_45_median_shSICsep, 38_lag_47_median_stratZ50ndj03, 38_lag_44_median_shSICsep_1235_38"
RandomForestRegressor,34,6,nhSICjfm,slow,900.5,2005.5,0.4,49,39,39,13.60759567492966,-0.01955001992807547,1235,"['39_lag_48_median_traEU', '39_lag_46_median_nhSICjfm', '39_lag_48_median_nhSICsep', '39_lag_45_median_shSICsep', '39_lag_45_median_stratZ50ndj03', '39_lag_44_median_shSICsep']","[0.16767357038300143, 0.145782668595656, 0.1612128935104433, 0.15645562768319488, 0.18410061686721066, 0.18477462296049374]","39_lag_48_median_traEU, 39_lag_46_median_nhSICjfm, 39_lag_48_median_nhSICsep, 39_lag_45_median_shSICsep, 39_lag_45_median_stratZ50ndj03, 39_lag_44_median_shSICsep_1235_39"
RandomForestRegressor,35,6,nhSICjfm,slow,901.5,2005.5,0.4,50,40,40,13.380403853923353,0.008885170022149561,1235,"['47_lag_traDP', '40_lag_47_median_stratZ50ndj03', '40_lag_44_median_shSICsep', '40_lag_49_median_nhSICsep', '40_lag_49_median_traEU', '40_lag_45_median_shSICsep']","[0.18461508868015303, 0.1528886131140438, 0.18235904268142006, 0.16872085375966722, 0.164462341048784, 0.14695406071593198]","47_lag_traDP, 40_lag_47_median_stratZ50ndj03, 40_lag_44_median_shSICsep, 40_lag_49_median_nhSICsep, 40_lag_49_median_traEU, 40_lag_45_median_shSICsep_1235_40"
RandomForestRegressor,36,6,nhSICjfm,slow,902.5,2005.5,0.4,51,41,41,13.189302220069958,0.09936685442210641,1235,"['41_lag_50_median_alpi', '41_lag_46_median_shSICsep', '41_lag_50_median_seurTSjfm', '41_lag_47_median_nhSICsep', '41_lag_50_median_traEU', '41_lag_50_median_nhSICsep']","[0.16965109397237577, 0.16285876330632654, 0.16205554671680755, 0.16294768440447163, 0.17824984007491257, 0.16423707152510605]","41_lag_50_median_alpi, 41_lag_46_median_shSICsep, 41_lag_50_median_seurTSjfm, 41_lag_47_median_nhSICsep, 41_lag_50_median_traEU, 41_lag_50_median_nhSICsep_1235_41"
RandomForestRegressor,37,6,nhSICjfm,slow,903.5,2005.5,0.4,52,42,42,13.169741327124829,0.04715696046807261,1235,"['42_lag_45_median_shSICsep', '42_lag_50_median_nhSICsep', '42_lag_46_median_nhSICsep', '42_lag_48_median_nhSICsep', '42_lag_51_median_nhSICsep', '42_lag_51_median_traEU']","[0.2119825650818255, 0.1340070489954779, 0.16152202404716856, 0.1549116258962478, 0.13776335062749884, 0.19981338535178142]","42_lag_45_median_shSICsep, 42_lag_50_median_nhSICsep, 42_lag_46_median_nhSICsep, 42_lag_48_median_nhSICsep, 42_lag_51_median_nhSICsep, 42_lag_51_median_traEU_1235_42"
RandomForestRegressor,38,6,nhSICjfm,slow,904.5,2005.5,0.4,53,43,43,14.070201756798992,0.12006049401878263,1235,"['43_lag_50_median_neurTSjfm', '43_lag_49_median_neurTSjfm', '43_lag_45_median_atlSICsep', '43_lag_52_median_traEU', '52_lag_traDP', '43_lag_47_median_nhSICsep']","[0.1276433456255151, 0.14243597089623727, 0.1621566351994138, 0.16568948078912965, 0.21289965745934822, 0.1891749100303559]","43_lag_50_median_neurTSjfm, 43_lag_49_median_neurTSjfm, 43_lag_45_median_atlSICsep, 43_lag_52_median_traEU, 52_lag_traDP, 43_lag_47_median_nhSICsep_1235_43"
RandomForestRegressor,39,6,nhSICjfm,slow,905.5,2005.5,0.4,54,44,44,12.405676271943316,0.11390229583275771,1235,"['44_lag_51_median_traWP', '44_lag_51_median_eapPSLjfm', '44_lag_51_median_shSICsep', '52_lag_traDP', '44_lag_53_median_samPSLann', '44_lag_53_median_traMC']","[0.12817971497559535, 0.13681807562792622, 0.19032101003284974, 0.19251272781621437, 0.16547365612199258, 0.18669481542542193]","44_lag_51_median_traWP, 44_lag_51_median_eapPSLjfm, 44_lag_51_median_shSICsep, 52_lag_traDP, 44_lag_53_median_samPSLann, 44_lag_53_median_traMC_1235_44"
RandomForestRegressor,40,6,nhSICjfm,slow,906.5,2005.5,0.4,55,45,45,12.81576888992432,0.087205401347141,1235,"['45_lag_50_median_traEU', '45_lag_49_median_traEU', '45_lag_51_median_traWP', '52_lag_traDP', '45_lag_50_median_shSICsep', '45_lag_54_median_samPSLann']","[0.13475936241220407, 0.13538103556090486, 0.1829167251457861, 0.19377790596805147, 0.19057349560726292, 0.1625914753057905]","45_lag_50_median_traEU, 45_lag_49_median_traEU, 45_lag_51_median_traWP, 52_lag_traDP, 45_lag_50_median_shSICsep, 45_lag_54_median_samPSLann_1235_45"
RandomForestRegressor,41,6,nhSICjfm,slow,907.5,2005.5,0.4,56,46,46,12.670032219967206,0.01927536853538842,1235,"['46_lag_49_median_nchinaPRjja', '52_lag_traDP', '46_lag_51_median_eapPSLjfm', '46_lag_52_median_traWP', '46_lag_53_median_samPSLann', '46_lag_50_median_shSICsep']","[0.1408267583286963, 0.1777405921621661, 0.13567695345463382, 0.1815367743602081, 0.15924628628657683, 0.20497263540771876]","46_lag_49_median_nchinaPRjja, 52_lag_traDP, 46_lag_51_median_eapPSLjfm, 46_lag_52_median_traWP, 46_lag_53_median_samPSLann, 46_lag_50_median_shSICsep_1235_46"
RandomForestRegressor,42,6,nhSICjfm,slow,908.5,2005.5,0.4,57,47,47,12.615571923078738,0.028427212265558756,1235,"['52_lag_traDP', '47_lag_56_median_stratZ50ndj01', '47_lag_50_median_eapPSLjfm', '47_lag_56_median_traBO', '47_lag_56_median_seurTSjfm', '47_lag_56_median_traMC']","[0.18874550652867142, 0.1553674455505498, 0.16405928360102429, 0.18848154117094273, 0.15232750427867506, 0.15101871887013682]","52_lag_traDP, 47_lag_56_median_stratZ50ndj01, 47_lag_50_median_eapPSLjfm, 47_lag_56_median_traBO, 47_lag_56_median_seurTSjfm, 47_lag_56_median_traMC_1235_47"
RandomForestRegressor,43,6,nhSICjfm,slow,909.5,2005.5,0.4,58,48,48,13.043218774706558,0.05965049533927868,1235,"['52_lag_traDP', '48_lag_56_median_traBO', '48_lag_57_median_traMC', '48_lag_57_median_traBO', '48_lag_55_median_stratZ50ndj01', '48_lag_57_median_seurTSjfm']","[0.18922291635606733, 0.14602575303007514, 0.17449746060521515, 0.14981579240671114, 0.1576923344656682, 0.18274574313626296]","52_lag_traDP, 48_lag_56_median_traBO, 48_lag_57_median_traMC, 48_lag_57_median_traBO, 48_lag_55_median_stratZ50ndj01, 48_lag_57_median_seurTSjfm_1235_48"
RandomForestRegressor,44,6,nhSICjfm,slow,910.5,2005.5,0.4,59,49,49,12.185561081511059,0.2397316434717697,1235,"['58_lag_amo3', '49_lag_57_median_traBO', '49_lag_58_median_traMC', '49_lag_56_median_stratZ50ndj01', '52_lag_traDP', '49_lag_58_median_amo1']","[0.1697038019860871, 0.16031293811510883, 0.1530852686211542, 0.13678763186229326, 0.22116371329549941, 0.15894664611985718]","58_lag_amo3, 49_lag_57_median_traBO, 49_lag_58_median_traMC, 49_lag_56_median_stratZ50ndj01, 52_lag_traDP, 49_lag_58_median_amo1_1235_49"
RandomForestRegressor,45,6,nhSICjfm,slow,911.5,2005.5,0.4,60,50,50,12.766990153448042,0.08567856066703956,1235,"['52_lag_traDP', '59_lag_amo3', '50_lag_53_median_arcTSjfm', '50_lag_57_median_arcTSjfm', '59_lag_traDP', '50_lag_59_median_amo1']","[0.1681273976713629, 0.155534452732138, 0.15236257828888455, 0.1698964045474924, 0.18194508017346223, 0.17213408658665993]","52_lag_traDP, 59_lag_amo3, 50_lag_53_median_arcTSjfm, 50_lag_57_median_arcTSjfm, 59_lag_traDP, 50_lag_59_median_amo1_1235_50"
RandomForestRegressor,46,6,nhSICjfm,slow,912.5,2005.5,0.4,61,51,51,13.181456680848607,-0.0883958850532489,1235,"['51_lag_60_median_traMC', '51_lag_60_median_amo1', '51_lag_60_median_arcTSjfm', '59_lag_traDP', '51_lag_59_median_amo1', '51_lag_58_median_amo1']","[0.1544800243646805, 0.12696761226608455, 0.1968214111710577, 0.24161091516693076, 0.1340189785341326, 0.14610105849711397]","51_lag_60_median_traMC, 51_lag_60_median_amo1, 51_lag_60_median_arcTSjfm, 59_lag_traDP, 51_lag_59_median_amo1, 51_lag_58_median_amo1_1235_51"
RandomForestRegressor,47,6,nhSICjfm,slow,913.5,2005.5,0.4,62,52,52,12.657673868896254,0.16814286991788424,1235,"['52_lag_56_median_traBO', '52_lag_61_median_traMC', '52_lag_61_median_arcTSjfm', '59_lag_traDP', '52_lag_55_median_traBO', '52_lag_59_median_amo1']","[0.1400875324075032, 0.14501120051489905, 0.12251095749703238, 0.23142111760265413, 0.17194351913898087, 0.18902567283893046]","52_lag_56_median_traBO, 52_lag_61_median_traMC, 52_lag_61_median_arcTSjfm, 59_lag_traDP, 52_lag_55_median_traBO, 52_lag_59_median_amo1_1235_52"
RandomForestRegressor,48,6,nhSICjfm,slow,914.5,2005.5,0.4,63,53,53,12.528184190661051,0.16266022957017934,1235,"['61_lag_nppc2SSTjfm', '59_lag_amo3', '53_lag_60_median_amo1', '53_lag_62_median_amo1', '59_lag_traDP', '53_lag_62_median_stratZ50ndj01']","[0.17132574845599927, 0.1649266886255188, 0.1302725436913615, 0.14260177403743873, 0.20052260427131896, 0.19035064091836296]","61_lag_nppc2SSTjfm, 59_lag_amo3, 53_lag_60_median_amo1, 53_lag_62_median_amo1, 59_lag_traDP, 53_lag_62_median_stratZ50ndj01_1235_53"
RandomForestRegressor,49,6,nhSICjfm,slow,915.5,2005.5,0.4,64,54,54,12.619633119861062,0.08776872501205638,1235,"['54_lag_61_median_arcTSjfm', '54_lag_62_median_yrvPRjja', '54_lag_63_median_amo3', '59_lag_traDP', '54_lag_62_median_amo1', '54_lag_63_median_stratZ50ndj01']","[0.1485339639396088, 0.163597758160364, 0.1713374605574283, 0.19760883933427942, 0.1582168666580166, 0.1607051113503028]","54_lag_61_median_arcTSjfm, 54_lag_62_median_yrvPRjja, 54_lag_63_median_amo3, 59_lag_traDP, 54_lag_62_median_amo1, 54_lag_63_median_stratZ50ndj01_1235_54"
RandomForestRegressor,50,6,nhSICjfm,slow,916.5,2005.5,0.4,65,55,55,13.104214177241413,0.09150158162138279,1235,"['55_lag_62_median_yrvPRjja', '55_lag_64_median_traDP', '55_lag_61_median_stratZ50ndj04', '59_lag_traDP', '55_lag_64_median_yrvPRjja', '55_lag_64_median_stratZ50ndj01']","[0.15197856526403916, 0.17246426405579746, 0.1553020903318693, 0.1691199853677905, 0.149846605533432, 0.20128848944707164]","55_lag_62_median_yrvPRjja, 55_lag_64_median_traDP, 55_lag_61_median_stratZ50ndj04, 59_lag_traDP, 55_lag_64_median_yrvPRjja, 55_lag_64_median_stratZ50ndj01_1235_55"
RandomForestRegressor,51,6,nhSICjfm,slow,917.5,2005.5,0.4,66,56,56,12.946491861150797,0.2307091215848842,1235,"['56_lag_62_median_traDP', '56_lag_59_median_amo3', '56_lag_65_median_traDP', '56_lag_65_median_stratZ50ndj01', '56_lag_62_median_stratZ50ndj04', '56_lag_65_median_yrvPRjja']","[0.14334903223756928, 0.19882658866401726, 0.14718313182148468, 0.16433103802448698, 0.1589424986929998, 0.18736771055944207]","56_lag_62_median_traDP, 56_lag_59_median_amo3, 56_lag_65_median_traDP, 56_lag_65_median_stratZ50ndj01, 56_lag_62_median_stratZ50ndj04, 56_lag_65_median_yrvPRjja_1235_56"
RandomForestRegressor,52,6,nhSICjfm,slow,918.5,2005.5,0.4,67,57,57,13.613323346225735,0.04160249115602477,1235,"['57_lag_65_median_traIFC', '57_lag_63_median_traBS', '57_lag_66_median_yrvPRjja', '57_lag_63_median_stratZ50ndj04', '57_lag_64_median_yrvPRjja', '57_lag_66_median_traDP']","[0.14643661792521165, 0.1839965957127863, 0.11822232848092808, 0.159811146096842, 0.17594816628462645, 0.21558514549960564]","57_lag_65_median_traIFC, 57_lag_63_median_traBS, 57_lag_66_median_yrvPRjja, 57_lag_63_median_stratZ50ndj04, 57_lag_64_median_yrvPRjja, 57_lag_66_median_traDP_1235_57"
RandomForestRegressor,53,6,nhSICjfm,slow,919.5,2005.5,0.4,68,58,58,13.200301418317366,-0.09526036518862413,1235,"['58_lag_63_median_traBS', '58_lag_60_median_traDP', '58_lag_65_median_ismPRjja', '58_lag_62_median_ismPRjja', '58_lag_67_median_traDP', '58_lag_65_median_yrvPRjja']","[0.1552562820451117, 0.13944086489234864, 0.15248022578909923, 0.16164815732941018, 0.18794903722633124, 0.20322543271769916]","58_lag_63_median_traBS, 58_lag_60_median_traDP, 58_lag_65_median_ismPRjja, 58_lag_62_median_ismPRjja, 58_lag_67_median_traDP, 58_lag_65_median_yrvPRjja_1235_58"
RandomForestRegressor,54,6,nhSICjfm,slow,920.5,2005.5,0.4,69,59,59,13.258341587400542,0.24169592435685264,1235,"['59_lag_68_median_samPSLann', '59_lag_66_median_yrvPRjja', '59_lag_65_median_satlSSTjfm', '59_lag_amo3', '59_lag_64_median_yrvPRjja', '59_lag_68_median_traDP']","[0.14893679441006832, 0.10930785898415729, 0.18640843471140128, 0.19085397398396478, 0.1297490012384007, 0.23474393667200774]","59_lag_68_median_samPSLann, 59_lag_66_median_yrvPRjja, 59_lag_65_median_satlSSTjfm, 59_lag_amo3, 59_lag_64_median_yrvPRjja, 59_lag_68_median_traDP_1235_59"
RandomForestRegressor,55,6,nhSICjfm,slow,921.5,2005.5,0.4,70,60,60,13.757738305583507,0.2837314839994224,1235,"['60_lag_64_median_satlSSTjfm', '60_lag_66_median_satlSSTjfm', '60_lag_67_median_traDP', '60_lag_65_median_yrvPRjja', '60_lag_68_median_traDP', '60_lag_69_median_traDP']","[0.2042454074525253, 0.16639112095345332, 0.13275378198670118, 0.1861722942096266, 0.1258603472962495, 0.18457704810144407]","60_lag_64_median_satlSSTjfm, 60_lag_66_median_satlSSTjfm, 60_lag_67_median_traDP, 60_lag_65_median_yrvPRjja, 60_lag_68_median_traDP, 60_lag_69_median_traDP_1235_60"
RandomForestRegressor,56,6,nhSICjfm,slow,922.5,2005.5,0.4,71,61,61,13.259263098345503,0.28761216451952487,1235,"['61_lag_63_median_traTLS', '61_lag_nppc2SSTjfm', '61_lag_67_median_satlSSTjfm', '61_lag_67_median_stratZ50ndj03', '61_lag_65_median_satlSSTjfm', '61_lag_70_median_traDP']","[0.1583322929925013, 0.141061517373103, 0.12580508101289156, 0.1653419400802474, 0.13943043622343076, 0.2700287323178259]","61_lag_63_median_traTLS, 61_lag_nppc2SSTjfm, 61_lag_67_median_satlSSTjfm, 61_lag_67_median_stratZ50ndj03, 61_lag_65_median_satlSSTjfm, 61_lag_70_median_traDP_1235_61"
RandomForestRegressor,57,6,nhSICjfm,slow,923.5,2005.5,0.4,72,62,62,14.051697542665224,0.27162068944927376,1235,"['62_lag_66_median_traDP', '62_lag_69_median_traDP', '62_lag_66_median_satlSSTjfm', '62_lag_65_median_satlSSTjfm', '62_lag_71_median_traDP', '62_lag_70_median_traDP']","[0.20563286551257667, 0.1255922952884034, 0.1797697060627043, 0.18594367332194978, 0.13003425770467922, 0.1730272021096867]","62_lag_66_median_traDP, 62_lag_69_median_traDP, 62_lag_66_median_satlSSTjfm, 62_lag_65_median_satlSSTjfm, 62_lag_71_median_traDP, 62_lag_70_median_traDP_1235_62"
