model,num_irrelevant,max_allowed_features,target_feature,dataset,year_start,year_end,splitsize,max_lag,init_lag,max_forecast,mae_score,corr_score,n_total_features,selected_feature_list,feature_importances,selected_features
LinearRegression,0,30,traCA,picntrl,1514.5,2050.5,0.8,15,1,1,11.696666448514714,0.4227534412829553,1728,"['4_lag_stratZ50ndj03', '14_lag_arcTSjfm', '11_lag_mhfATL60', '3_lag_amo3', '1_lag_traCA', '1_lag_traDP', '3_lag_nhSICsep', '5_lag_amo2', '1_lag_AMOCann', '10_lag_traFB', '11_lag_satlSSTjfm', '12_lag_traMC', '7_lag_traBS', '13_lag_ismPRjja', '12_lag_stratZ50ndj03', '11_lag_traTLS', '11_lag_traBS', '12_lag_amo2', '13_lag_nhSICjfm', '10_lag_nppc3SSTjfm', '3_lag_scpPSLjfm', '3_lag_amo1', '1_lag_atlSICsep', '14_lag_mhfATL60', '1_lag_samPSLann', '1_lag_traIT', '5_lag_ormenSSTjfm', '8_lag_samPSLann', '10_lag_ginwSSTjfm', '13_lag_nhSICsep']","[0.0730975868531167, 0.03553921534572236, 0.03660300499075064, 0.020860514576305247, 0.47958218053339086, 0.01726020183369625, 0.037140601697307235, 0.06546974330467731, 0.09168089063704597, 0.13042229467967367, 0.04758512960992385, 0.049337479620940275, 0.06815508897477743, 0.022273959421287844, 0.051729595911842424, 0.12686492382139708, 0.11459647949971834, 0.08330521337587017, 0.08934840558453883, 0.08955268939954981, 0.08695704168883807, 0.05580177228536903, 0.19724818695939592, 0.074812972084354, 0.06905844579255428, 0.14446979896415074, 0.029099968746759738, 0.1474430789000507, 0.02298534788355895, 0.04937130565125711]","4_lag_stratZ50ndj03, 14_lag_arcTSjfm, 11_lag_mhfATL60, 3_lag_amo3, 1_lag_traCA, 1_lag_traDP, 3_lag_nhSICsep, 5_lag_amo2, 1_lag_AMOCann, 10_lag_traFB, 11_lag_satlSSTjfm, 12_lag_traMC, 7_lag_traBS, 13_lag_ismPRjja, 12_lag_stratZ50ndj03, 11_lag_traTLS, 11_lag_traBS, 12_lag_amo2, 13_lag_nhSICjfm, 10_lag_nppc3SSTjfm, 3_lag_scpPSLjfm, 3_lag_amo1, 1_lag_atlSICsep, 14_lag_mhfATL60, 1_lag_samPSLann, 1_lag_traIT, 5_lag_ormenSSTjfm, 8_lag_samPSLann, 10_lag_ginwSSTjfm, 13_lag_nhSICsep_1728_1"
LinearRegression,1,30,traCA,picntrl,1515.5,2050.5,0.8,16,1,1,12.573996383565635,0.3126606824172638,1856,"['1_lag_2_median_eapPSLjfm', '2_lag_eapPSLjfm', '3_lag_amo3', '11_lag_traBS', '14_lag_glomaSSTjfm', '15_lag_traWP', '13_lag_ismPRjja', '7_lag_traBS', '1_lag_AMOCann', '14_lag_arcTSjfm', '15_lag_amo1', '5_lag_amo2', '11_lag_mhfATL60', '13_lag_nhSICjfm', '12_lag_traMC', '11_lag_traTLS', '3_lag_scpPSLjfm', '14_lag_mhfATL60', '12_lag_amo2', '1_lag_samPSLann', '10_lag_ginwSSTjfm', '10_lag_traFB', '12_lag_stratZ50ndj03', '5_lag_ormenSSTjfm', '1_lag_atlSICsep', '3_lag_amo1', '1_lag_traIT', '10_lag_nppc3SSTjfm', '8_lag_samPSLann', '13_lag_nhSICsep']","[2534160112956.287, 2534160112956.173, 0.011239907874736886, 0.11640922242127734, 0.0011991578025156778, 0.03456955164496014, 0.003798862781641936, 0.09027411567708664, 0.29525400103497623, 0.001887597748385817, 0.10878788983918028, 0.06720013399606949, 0.00031622944824112413, 0.15071674827352166, 0.06873318891374085, 0.16128990830532153, 0.04800971746289519, 0.07625579833984375, 0.0984344482421875, 0.205230712890625, 0.0295562744140625, 0.1251373291015625, 0.0817108154296875, 0.0139923095703125, 0.211883544921875, 0.09918212890625, 0.12200927734375, 0.09453153610229492, 0.136199951171875, 0.0148773193359375]","1_lag_2_median_eapPSLjfm, 2_lag_eapPSLjfm, 3_lag_amo3, 11_lag_traBS, 14_lag_glomaSSTjfm, 15_lag_traWP, 13_lag_ismPRjja, 7_lag_traBS, 1_lag_AMOCann, 14_lag_arcTSjfm, 15_lag_amo1, 5_lag_amo2, 11_lag_mhfATL60, 13_lag_nhSICjfm, 12_lag_traMC, 11_lag_traTLS, 3_lag_scpPSLjfm, 14_lag_mhfATL60, 12_lag_amo2, 1_lag_samPSLann, 10_lag_ginwSSTjfm, 10_lag_traFB, 12_lag_stratZ50ndj03, 5_lag_ormenSSTjfm, 1_lag_atlSICsep, 3_lag_amo1, 1_lag_traIT, 10_lag_nppc3SSTjfm, 8_lag_samPSLann, 13_lag_nhSICsep_1856_1"
LinearRegression,2,30,traCA,picntrl,1516.5,2050.5,0.8,17,1,1,11.549584498886015,0.4398116481273569,1984,"['5_lag_atlSICsep', '13_lag_ismPRjja', '3_lag_amo3', '7_lag_traBS', '3_lag_nhSICsep', '11_lag_satlSSTjfm', '1_lag_traCA', '12_lag_stratZ50ndj03', '1_lag_AMOCann', '11_lag_mhfATL60', '11_lag_traTLS', '14_lag_glomaSSTjfm', '11_lag_traBS', '14_lag_arcTSjfm', '3_lag_scpPSLjfm', '5_lag_amo2', '13_lag_nhSICjfm', '12_lag_traMC', '12_lag_amo2', '1_lag_samPSLann', '3_lag_amo1', '10_lag_ginwSSTjfm', '14_lag_mhfATL60', '5_lag_ormenSSTjfm', '10_lag_traFB', '1_lag_atlSICsep', '8_lag_samPSLann', '1_lag_traIT', '10_lag_nppc3SSTjfm', '13_lag_nhSICsep']","[0.05963266242772807, 0.018992988278218936, 0.0203324349096338, 0.06024033879142924, 0.03500663941248359, 0.04590935132076818, 0.483010372169858, 0.05928795989343233, 0.08970456717972443, 0.036406438353016476, 0.12664091603965558, 0.02016683078509264, 0.10925841038902201, 0.02486977568584656, 0.08303412946671189, 0.05861526886983295, 0.0923857196549805, 0.047478683937225, 0.07765412631189876, 0.06238768996607233, 0.05270479713543036, 0.027181474301462113, 0.06942388461691734, 0.021603772068401986, 0.12981662374977931, 0.19806222884353247, 0.14725201703528756, 0.14861700058147584, 0.09101125287771406, 0.0302623878926581]","5_lag_atlSICsep, 13_lag_ismPRjja, 3_lag_amo3, 7_lag_traBS, 3_lag_nhSICsep, 11_lag_satlSSTjfm, 1_lag_traCA, 12_lag_stratZ50ndj03, 1_lag_AMOCann, 11_lag_mhfATL60, 11_lag_traTLS, 14_lag_glomaSSTjfm, 11_lag_traBS, 14_lag_arcTSjfm, 3_lag_scpPSLjfm, 5_lag_amo2, 13_lag_nhSICjfm, 12_lag_traMC, 12_lag_amo2, 1_lag_samPSLann, 3_lag_amo1, 10_lag_ginwSSTjfm, 14_lag_mhfATL60, 5_lag_ormenSSTjfm, 10_lag_traFB, 1_lag_atlSICsep, 8_lag_samPSLann, 1_lag_traIT, 10_lag_nppc3SSTjfm, 13_lag_nhSICsep_1984_1"
LinearRegression,3,30,traCA,picntrl,1517.5,2050.5,0.8,18,1,1,11.511727639471667,0.4391366189185003,2112,"['12_lag_stratZ50ndj03', '11_lag_satlSSTjfm', '3_lag_nhSICsep', '11_lag_mhfATL60', '13_lag_ismPRjja', '15_lag_amo1', '11_lag_traTLS', '7_lag_traBS', '3_lag_ginwSSTjfm', '1_lag_traCA', '1_lag_AMOCann', '17_lag_nhSICsep', '13_lag_nhSICjfm', '12_lag_traMC', '12_lag_amo2', '3_lag_amo1', '5_lag_amo2', '14_lag_mhfATL60', '14_lag_arcTSjfm', '3_lag_scpPSLjfm', '17_lag_ginwSSTjfm', '10_lag_traFB', '5_lag_ormenSSTjfm', '1_lag_samPSLann', '1_lag_atlSICsep', '10_lag_ginwSSTjfm', '10_lag_nppc3SSTjfm', '1_lag_traIT', '8_lag_samPSLann', '13_lag_nhSICsep']","[0.04634291512285212, 0.04218691912304934, 0.03264653124211222, 0.037484825616569385, 0.013760396923487343, 0.09142533591222168, 0.1030151529143665, 0.07244112348645916, 0.09805325320455605, 0.46531306591004507, 0.10139726021910223, 0.12428244620232896, 0.12394243318639159, 0.05037808012837006, 0.08389321738240983, 0.0648318062872193, 0.04893005640239752, 0.06015273331954846, 0.02460681261790441, 0.10609965061349481, 0.02940859823814352, 0.14808932741370773, 0.016012198399422084, 0.06672339340610806, 0.19253307020228988, 0.045890164131630315, 0.07056179378869437, 0.15646898611389637, 0.15262865792828814, 0.040422715052586926]","12_lag_stratZ50ndj03, 11_lag_satlSSTjfm, 3_lag_nhSICsep, 11_lag_mhfATL60, 13_lag_ismPRjja, 15_lag_amo1, 11_lag_traTLS, 7_lag_traBS, 3_lag_ginwSSTjfm, 1_lag_traCA, 1_lag_AMOCann, 17_lag_nhSICsep, 13_lag_nhSICjfm, 12_lag_traMC, 12_lag_amo2, 3_lag_amo1, 5_lag_amo2, 14_lag_mhfATL60, 14_lag_arcTSjfm, 3_lag_scpPSLjfm, 17_lag_ginwSSTjfm, 10_lag_traFB, 5_lag_ormenSSTjfm, 1_lag_samPSLann, 1_lag_atlSICsep, 10_lag_ginwSSTjfm, 10_lag_nppc3SSTjfm, 1_lag_traIT, 8_lag_samPSLann, 13_lag_nhSICsep_2112_1"
LinearRegression,4,30,traCA,picntrl,1518.5,2050.5,0.8,19,1,1,12.34162541918211,0.3685680109618751,2240,"['17_lag_ismPRjja', '7_lag_traBS', '1_lag_traWP', '1_lag_traFSC', '3_lag_nhSICsep', '5_lag_tripol3', '13_lag_traEC', '3_lag_amo1', '11_lag_traBS', '1_lag_AMOCann', '13_lag_nhSICjfm', '17_lag_nhSICsep', '11_lag_mhfATL60', '12_lag_traMC', '10_lag_traFB', '3_lag_scpPSLjfm', '17_lag_ginwSSTjfm', '3_lag_ginwSSTjfm', '10_lag_nppc3SSTjfm', '1_lag_traCA', '12_lag_amo2', '5_lag_ormenSSTjfm', '5_lag_amo2', '1_lag_samPSLann', '1_lag_atlSICsep', '10_lag_ginwSSTjfm', '14_lag_arcTSjfm', '13_lag_nhSICsep', '1_lag_traIT', '8_lag_samPSLann']","[0.0666585186379322, 0.0660071059306824, 0.007144152432533512, 0.07952645221376255, 0.015930921503831966, 0.06287975402778079, 0.022211151613332345, 0.0754823761533548, 0.11609903329107962, 0.10237464860121961, 0.1080142859461146, 0.13911582530335592, 0.05354963240067301, 0.06741236039203578, 0.13862310484881316, 0.12047271473235192, 0.04073907378125308, 0.15383098669860606, 0.09182859497336861, 0.4352257478404154, 0.06440894984575661, 0.005953413616686332, 0.07367920107566264, 0.05000027078252475, 0.19357816592674407, 0.045225636200825904, 0.0437694531946792, 0.04619502955963049, 0.13831978835700792, 0.1582937556382162]","17_lag_ismPRjja, 7_lag_traBS, 1_lag_traWP, 1_lag_traFSC, 3_lag_nhSICsep, 5_lag_tripol3, 13_lag_traEC, 3_lag_amo1, 11_lag_traBS, 1_lag_AMOCann, 13_lag_nhSICjfm, 17_lag_nhSICsep, 11_lag_mhfATL60, 12_lag_traMC, 10_lag_traFB, 3_lag_scpPSLjfm, 17_lag_ginwSSTjfm, 3_lag_ginwSSTjfm, 10_lag_nppc3SSTjfm, 1_lag_traCA, 12_lag_amo2, 5_lag_ormenSSTjfm, 5_lag_amo2, 1_lag_samPSLann, 1_lag_atlSICsep, 10_lag_ginwSSTjfm, 14_lag_arcTSjfm, 13_lag_nhSICsep, 1_lag_traIT, 8_lag_samPSLann_2240_1"
LinearRegression,5,30,traCA,picntrl,1519.5,2050.5,0.8,20,1,1,12.08965335373756,0.36408160539570444,2368,"['8_lag_wnorPRjfm', '9_lag_stratZ50ndj04', '3_lag_ginwSSTjfm', '13_lag_traEC', '12_lag_amo2', '11_lag_traBO', '1_lag_2_median_eapPSLjfm', '10_lag_nppc3SSTjfm', '17_lag_nhSICsep', '2_lag_eapPSLjfm', '5_lag_ormenSSTjfm', '13_lag_nhSICjfm', '11_lag_mhfATL60', '5_lag_tripol3', '7_lag_traBS', '3_lag_scpPSLjfm', '5_lag_amo2', '17_lag_ginwSSTjfm', '10_lag_traFB', '19_lag_nchinaPRjja', '14_lag_arcTSjfm', '11_lag_traBS', '19_lag_stratZ50ndj01', '1_lag_samPSLann', '8_lag_samPSLann', '13_lag_nhSICsep', '1_lag_traCA', '10_lag_ginwSSTjfm', '1_lag_atlSICsep', '1_lag_traIT']","[0.018519831745799176, 0.03561752121589404, 0.13855673881260128, 0.01393658844541065, 0.05803129365440226, 0.029867064611853306, 1300493216923.1487, 0.08014443022804046, 0.13761297731756975, 1300493216923.2131, 0.02502036823563823, 0.11161606503083964, 0.053329024388288786, 0.05088065507456232, 0.07161750110591425, 0.13592992229929815, 0.06453564412197464, 0.03347301463594658, 0.12460511827846586, 0.061362459136122184, 0.04411657957987613, 0.10303880696594127, 0.03186039394419665, 0.08418303137604358, 0.1381648047129572, 0.04904176787772793, 0.49322794333386943, 0.02993398123421211, 0.17047889595730362, 0.1503158804039844]","8_lag_wnorPRjfm, 9_lag_stratZ50ndj04, 3_lag_ginwSSTjfm, 13_lag_traEC, 12_lag_amo2, 11_lag_traBO, 1_lag_2_median_eapPSLjfm, 10_lag_nppc3SSTjfm, 17_lag_nhSICsep, 2_lag_eapPSLjfm, 5_lag_ormenSSTjfm, 13_lag_nhSICjfm, 11_lag_mhfATL60, 5_lag_tripol3, 7_lag_traBS, 3_lag_scpPSLjfm, 5_lag_amo2, 17_lag_ginwSSTjfm, 10_lag_traFB, 19_lag_nchinaPRjja, 14_lag_arcTSjfm, 11_lag_traBS, 19_lag_stratZ50ndj01, 1_lag_samPSLann, 8_lag_samPSLann, 13_lag_nhSICsep, 1_lag_traCA, 10_lag_ginwSSTjfm, 1_lag_atlSICsep, 1_lag_traIT_2368_1"
LinearRegression,6,30,traCA,picntrl,1520.5,2050.5,0.8,21,1,1,11.14821988834699,0.4378534681707254,2496,"['3_lag_nhSICsep', '5_lag_amo2', '11_lag_traBO', '5_lag_ormenSSTjfm', '17_lag_stratZ50ndj02', '12_lag_traMC', '17_lag_nhSICsep', '8_lag_wnorPRjfm', '10_lag_traFB', '14_lag_arcTSjfm', '13_lag_traEC', '9_lag_stratZ50ndj04', '20_lag_wnorPRjfm', '5_lag_tripol3', '7_lag_traBS', '19_lag_nchinaPRjja', '17_lag_traEC', '13_lag_nhSICjfm', '1_lag_samPSLann', '3_lag_scpPSLjfm', '8_lag_samPSLann', '1_lag_traFSC', '20_lag_amo1', '17_lag_ginwSSTjfm', '11_lag_traBS', '1_lag_atlSICsep', '1_lag_traIT', '13_lag_nhSICsep', '10_lag_ginwSSTjfm', '1_lag_traCA']","[0.021527383229411286, 0.05720212269853152, 0.03203456589485986, 0.011595286920695957, 0.01840565958626626, 0.057195615608455964, 0.1280091265345977, 0.006452371103379848, 0.12972844757066207, 0.03824589615423817, 0.028642289407585758, 0.052920060997202846, 0.06979215914923081, 0.027582354395915203, 0.0419585707642311, 0.05337128561250077, 0.0621748654699255, 0.0959728259663712, 0.03789411408160406, 0.09167906634109922, 0.1393808617870295, 0.07172208082054925, 0.04637964510967822, 0.04832801822747355, 0.09507875997838976, 0.20305257266564988, 0.15210189679270303, 0.03742696656576711, 0.022737483793996604, 0.5090974877052968]","3_lag_nhSICsep, 5_lag_amo2, 11_lag_traBO, 5_lag_ormenSSTjfm, 17_lag_stratZ50ndj02, 12_lag_traMC, 17_lag_nhSICsep, 8_lag_wnorPRjfm, 10_lag_traFB, 14_lag_arcTSjfm, 13_lag_traEC, 9_lag_stratZ50ndj04, 20_lag_wnorPRjfm, 5_lag_tripol3, 7_lag_traBS, 19_lag_nchinaPRjja, 17_lag_traEC, 13_lag_nhSICjfm, 1_lag_samPSLann, 3_lag_scpPSLjfm, 8_lag_samPSLann, 1_lag_traFSC, 20_lag_amo1, 17_lag_ginwSSTjfm, 11_lag_traBS, 1_lag_atlSICsep, 1_lag_traIT, 13_lag_nhSICsep, 10_lag_ginwSSTjfm, 1_lag_traCA_2496_1"
LinearRegression,7,30,traCA,picntrl,1521.5,2050.5,0.8,22,1,1,11.50295858434167,0.4669425032046101,2624,"['20_lag_traFSC', '18_lag_ismPRjja', '21_lag_eurPSLjfm', '14_lag_arcTSjfm', '17_lag_ginwSSTjfm', '5_lag_tripol3', '20_lag_amo1', '19_lag_nchinaPRjja', '12_lag_traMC', '5_lag_ormenSSTjfm', '10_lag_traFB', '3_lag_ginwSSTjfm', '1_lag_traTLS', '8_lag_wnorPRjfm', '21_lag_traMC', '20_lag_traBO', '7_lag_traBS', '3_lag_scpPSLjfm', '13_lag_nhSICjfm', '21_lag_stratZ50ndj04', '8_lag_samPSLann', '20_lag_wnorPRjfm', '11_lag_traBS', '1_lag_traFSC', '1_lag_samPSLann', '13_lag_nhSICsep', '1_lag_atlSICsep', '1_lag_traCA', '1_lag_traIT', '10_lag_ginwSSTjfm']","[0.06246249996124665, 0.06823783386628358, 0.09443659367171382, 0.0461168921115326, 0.03627648389076463, 0.026054778707878475, 0.044108737856210514, 0.09420783388151696, 0.05656563632677337, 0.051385318484377066, 0.14339306855763678, 0.1496163277521565, 0.014805933907068282, 0.005365620859188666, 0.08142128655391195, 0.07431087492251096, 0.0409649203667174, 0.16698962717881774, 0.05065988788518269, 0.07525484349484642, 0.14407029960706044, 0.07506171829253314, 0.07467760089920705, 0.0802204946620965, 0.0314747108915149, 0.053486281667540554, 0.16541629290082785, 0.48968700344439375, 0.14326240672374757, 0.049903212888901254]","20_lag_traFSC, 18_lag_ismPRjja, 21_lag_eurPSLjfm, 14_lag_arcTSjfm, 17_lag_ginwSSTjfm, 5_lag_tripol3, 20_lag_amo1, 19_lag_nchinaPRjja, 12_lag_traMC, 5_lag_ormenSSTjfm, 10_lag_traFB, 3_lag_ginwSSTjfm, 1_lag_traTLS, 8_lag_wnorPRjfm, 21_lag_traMC, 20_lag_traBO, 7_lag_traBS, 3_lag_scpPSLjfm, 13_lag_nhSICjfm, 21_lag_stratZ50ndj04, 8_lag_samPSLann, 20_lag_wnorPRjfm, 11_lag_traBS, 1_lag_traFSC, 1_lag_samPSLann, 13_lag_nhSICsep, 1_lag_atlSICsep, 1_lag_traCA, 1_lag_traIT, 10_lag_ginwSSTjfm_2624_1"
LinearRegression,8,30,traCA,picntrl,1522.5,2050.5,0.8,23,1,1,11.708919012706135,0.4253709424202757,2752,"['3_lag_amo1', '12_lag_stratZ50ndj03', '13_lag_nchinaPRjja', '8_lag_wnorPRjfm', '12_lag_traMC', '5_lag_tripol3', '19_lag_nchinaPRjja', '13_lag_nhSICjfm', '22_lag_mhfATL60', '5_lag_ormenSSTjfm', '14_lag_arcTSjfm', '3_lag_scpPSLjfm', '21_lag_stratZ50ndj04', '1_lag_traTLS', '17_lag_yrvPRjja', '22_lag_ginwSSTjfm', '7_lag_traBS', '3_lag_ginwSSTjfm', '1_lag_atlSICsep', '1_lag_samPSLann', '8_lag_samPSLann', '20_lag_wnorPRjfm', '22_lag_traFB', '22_lag_yrvPRjja', '11_lag_traBS', '10_lag_ginwSSTjfm', '1_lag_traFSC', '13_lag_nhSICsep', '1_lag_traIT', '1_lag_traCA']","[0.06448082902325064, 0.03707872422852246, 0.05869602007445424, 0.029662665542752542, 0.04217355150678498, 0.045031543216161145, 0.08896315027845952, 0.11637428150580109, 0.012576780260352282, 0.06534203682432767, 0.07204895749431611, 0.1229185283925764, 0.06905482203353003, 0.03641261392783444, 0.06401581529622015, 0.11827796986007608, 0.07667908399513174, 0.16093543149462244, 0.13645871622201305, 0.0566913955042885, 0.12336582073313822, 0.07987381989445204, 0.09038466558024802, 0.11021834086018903, 0.06760641425779366, 0.029576822522330123, 0.04984889893001683, 0.0060682933037851, 0.13248420029128757, 0.4753114575333866]","3_lag_amo1, 12_lag_stratZ50ndj03, 13_lag_nchinaPRjja, 8_lag_wnorPRjfm, 12_lag_traMC, 5_lag_tripol3, 19_lag_nchinaPRjja, 13_lag_nhSICjfm, 22_lag_mhfATL60, 5_lag_ormenSSTjfm, 14_lag_arcTSjfm, 3_lag_scpPSLjfm, 21_lag_stratZ50ndj04, 1_lag_traTLS, 17_lag_yrvPRjja, 22_lag_ginwSSTjfm, 7_lag_traBS, 3_lag_ginwSSTjfm, 1_lag_atlSICsep, 1_lag_samPSLann, 8_lag_samPSLann, 20_lag_wnorPRjfm, 22_lag_traFB, 22_lag_yrvPRjja, 11_lag_traBS, 10_lag_ginwSSTjfm, 1_lag_traFSC, 13_lag_nhSICsep, 1_lag_traIT, 1_lag_traCA_2752_1"
LinearRegression,9,30,traCA,picntrl,1523.5,2050.5,0.8,24,1,1,11.565802703204085,0.44431968365443597,2880,"['19_lag_nchinaPRjja', '14_lag_arcTSjfm', '12_lag_amo2', '5_lag_tripol3', '12_lag_traMC', '1_lag_traWP', '13_lag_nchinaPRjja', '13_lag_nhSICjfm', '7_lag_traBS', '22_lag_mhfATL60', '5_lag_ormenSSTjfm', '1_lag_atlSICsep', '8_lag_samPSLann', '3_lag_ginwSSTjfm', '20_lag_wnorPRjfm', '1_lag_traTLS', '1_lag_samPSLann', '22_lag_ginwSSTjfm', '3_lag_scpPSLjfm', '23_lag_traMC', '21_lag_stratZ50ndj04', '11_lag_traBS', '1_lag_traFSC', '13_lag_nhSICsep', '22_lag_traFB', '22_lag_yrvPRjja', '10_lag_ginwSSTjfm', '23_lag_ismPRjja', '1_lag_traCA', '1_lag_traIT']","[0.09044777404334672, 0.05512479737015261, 0.04853929714248126, 0.03892657579931795, 0.03163745414398203, 0.011997568156953221, 0.06705080454208875, 0.12043378361652435, 0.06731047405804341, 0.018100489065288633, 0.05509730282272941, 0.14270559165543603, 0.14425733887050413, 0.150530904426164, 0.06586561902935632, 0.02852644367699789, 0.060209135688691164, 0.12011706069710094, 0.14003796365769516, 0.025109905348468346, 0.06636563130432338, 0.06874651432546938, 0.04243807420541374, 0.0016917742830665904, 0.07775743137284881, 0.10795563136604105, 0.02063444218408385, 0.04735900893162661, 0.4804477778580973, 0.1403629043505435]","19_lag_nchinaPRjja, 14_lag_arcTSjfm, 12_lag_amo2, 5_lag_tripol3, 12_lag_traMC, 1_lag_traWP, 13_lag_nchinaPRjja, 13_lag_nhSICjfm, 7_lag_traBS, 22_lag_mhfATL60, 5_lag_ormenSSTjfm, 1_lag_atlSICsep, 8_lag_samPSLann, 3_lag_ginwSSTjfm, 20_lag_wnorPRjfm, 1_lag_traTLS, 1_lag_samPSLann, 22_lag_ginwSSTjfm, 3_lag_scpPSLjfm, 23_lag_traMC, 21_lag_stratZ50ndj04, 11_lag_traBS, 1_lag_traFSC, 13_lag_nhSICsep, 22_lag_traFB, 22_lag_yrvPRjja, 10_lag_ginwSSTjfm, 23_lag_ismPRjja, 1_lag_traCA, 1_lag_traIT_2880_1"
LinearRegression,10,30,traCA,picntrl,1524.5,2050.5,0.8,25,1,1,11.617331975724206,0.440204660555418,3008,"['5_lag_ormenSSTjfm', '7_lag_traBS', '3_lag_labSSTjfm', '12_lag_amo2', '24_lag_yrvPRjja', '24_lag_traFB', '1_lag_atlSICsep', '1_lag_traTLS', '10_lag_traFB', '13_lag_nhSICjfm', '3_lag_scpPSLjfm', '3_lag_ginwSSTjfm', '22_lag_mhfATL60', '8_lag_samPSLann', '21_lag_stratZ50ndj04', '23_lag_traMC', '1_lag_samPSLann', '20_lag_wnorPRjfm', '23_lag_ismPRjja', '22_lag_ginwSSTjfm', '22_lag_traFB', '22_lag_yrvPRjja', '13_lag_nhSICsep', '11_lag_traBS', '10_lag_ginwSSTjfm', '24_lag_tripol3', '1_lag_traFSC', '24_lag_shSICmar', '1_lag_traIT', '1_lag_traCA']","[0.06563258365158978, 0.06224333230865681, 0.21836376154573917, 0.10279581480206253, 0.010626730475272695, 0.06277477937054615, 0.16758172987522152, 0.005733181327393726, 0.1082719601139393, 0.07625930241699104, 0.1519955886981924, 0.11253234932542117, 0.02264969585819227, 0.13524113497961893, 0.07159093795821556, 0.04323873159102624, 0.08935904836927652, 0.06799620195424746, 0.05824714434030335, 0.11213298668529949, 0.10245483016998685, 0.11353838465380324, 0.02360490473986555, 0.05917516523074254, 0.04773305037580956, 0.05764212811035987, 0.023333335242173417, 0.1511426699073736, 0.10863135771626059, 0.44405578991128597]","5_lag_ormenSSTjfm, 7_lag_traBS, 3_lag_labSSTjfm, 12_lag_amo2, 24_lag_yrvPRjja, 24_lag_traFB, 1_lag_atlSICsep, 1_lag_traTLS, 10_lag_traFB, 13_lag_nhSICjfm, 3_lag_scpPSLjfm, 3_lag_ginwSSTjfm, 22_lag_mhfATL60, 8_lag_samPSLann, 21_lag_stratZ50ndj04, 23_lag_traMC, 1_lag_samPSLann, 20_lag_wnorPRjfm, 23_lag_ismPRjja, 22_lag_ginwSSTjfm, 22_lag_traFB, 22_lag_yrvPRjja, 13_lag_nhSICsep, 11_lag_traBS, 10_lag_ginwSSTjfm, 24_lag_tripol3, 1_lag_traFSC, 24_lag_shSICmar, 1_lag_traIT, 1_lag_traCA_3008_1"
LinearRegression,11,30,traCA,picntrl,1525.5,2050.5,0.8,26,1,1,11.907634669990008,0.4196029504756716,3136,"['24_lag_yrvPRjja', '13_lag_nhSICjfm', '24_lag_traFB', '5_lag_tripol3', '1_lag_atlSICsep', '4_lag_mhfIP30', '22_lag_ginwSSTjfm', '17_lag_yrvPRjja', '23_lag_traMC', '21_lag_stratZ50ndj04', '3_lag_ginwSSTjfm', '8_lag_samPSLann', '10_lag_yrvPRjja', '3_lag_scpPSLjfm', '22_lag_mhfATL60', '1_lag_samPSLann', '10_lag_traFB', '22_lag_traFB', '13_lag_nhSICsep', '23_lag_ismPRjja', '20_lag_wnorPRjfm', '11_lag_traBS', '1_lag_traTLS', '22_lag_yrvPRjja', '1_lag_traFSC', '24_lag_tripol3', '10_lag_ginwSSTjfm', '24_lag_shSICmar', '1_lag_traIT', '1_lag_traCA']","[0.0008404369226581499, 0.061197779625795076, 0.0524688185196751, 0.05285065588579834, 0.14109814729770467, 0.028688118908690538, 0.10647212205459866, 0.05839486107514269, 0.023143859974879902, 0.07195196274322731, 0.12048875689855826, 0.15314228477853642, 0.032832012825408693, 0.14640761298479577, 0.01579184007815497, 0.0527116651260698, 0.1564212928503986, 0.08337229030045296, 0.013767950540832987, 0.06093216441069287, 0.0789514280646488, 0.06466949710928797, 0.009811118642830656, 0.11013274460554215, 0.05923336405071265, 0.05505124829153342, 0.032459210885747866, 0.11896189099288221, 0.12718989872505596, 0.4606920247900432]","24_lag_yrvPRjja, 13_lag_nhSICjfm, 24_lag_traFB, 5_lag_tripol3, 1_lag_atlSICsep, 4_lag_mhfIP30, 22_lag_ginwSSTjfm, 17_lag_yrvPRjja, 23_lag_traMC, 21_lag_stratZ50ndj04, 3_lag_ginwSSTjfm, 8_lag_samPSLann, 10_lag_yrvPRjja, 3_lag_scpPSLjfm, 22_lag_mhfATL60, 1_lag_samPSLann, 10_lag_traFB, 22_lag_traFB, 13_lag_nhSICsep, 23_lag_ismPRjja, 20_lag_wnorPRjfm, 11_lag_traBS, 1_lag_traTLS, 22_lag_yrvPRjja, 1_lag_traFSC, 24_lag_tripol3, 10_lag_ginwSSTjfm, 24_lag_shSICmar, 1_lag_traIT, 1_lag_traCA_3136_1"
LinearRegression,12,30,traCA,picntrl,1526.5,2050.5,0.8,27,1,1,12.08405875119825,0.41849120170915877,3264,"['19_lag_ismPRjja', '5_lag_ormenSSTjfm', '7_lag_traBS', '1_lag_atlSICsep', '22_lag_mhfATL60', '5_lag_stratZ50ndj03', '8_lag_samPSLann', '22_lag_ginwSSTjfm', '3_lag_ginwSSTjfm', '17_lag_yrvPRjja', '10_lag_yrvPRjja', '13_lag_nchinaPRjja', '21_lag_stratZ50ndj04', '22_lag_traFB', '1_lag_samPSLann', '10_lag_traFB', '3_lag_scpPSLjfm', '23_lag_traMC', '1_lag_traTLS', '13_lag_nhSICsep', '23_lag_ismPRjja', '24_lag_tripol3', '20_lag_wnorPRjfm', '22_lag_yrvPRjja', '1_lag_traFSC', '11_lag_traBS', '10_lag_ginwSSTjfm', '24_lag_shSICmar', '1_lag_traIT', '1_lag_traCA']","[0.06352240649720241, 0.029636175530877912, 0.05336610089820103, 0.1492106574640368, 0.025481745763973156, 0.06462640174391796, 0.14131088158793176, 0.11430190284589968, 0.12464085969833756, 0.059000037111264676, 0.022265397275773965, 0.044429109989699955, 0.07557519707061057, 0.08907650440463835, 0.05730825078484332, 0.16104702614414448, 0.1436729585732829, 0.03530295285880364, 0.0003514919530965815, 0.058286483960828, 0.06260398861832803, 0.04435847171223917, 0.07584149563526599, 0.1098141527356201, 0.05669201308430625, 0.05911946708957018, 0.029212153009175887, 0.12524223924253192, 0.1457041255100744, 0.46499935038967]","19_lag_ismPRjja, 5_lag_ormenSSTjfm, 7_lag_traBS, 1_lag_atlSICsep, 22_lag_mhfATL60, 5_lag_stratZ50ndj03, 8_lag_samPSLann, 22_lag_ginwSSTjfm, 3_lag_ginwSSTjfm, 17_lag_yrvPRjja, 10_lag_yrvPRjja, 13_lag_nchinaPRjja, 21_lag_stratZ50ndj04, 22_lag_traFB, 1_lag_samPSLann, 10_lag_traFB, 3_lag_scpPSLjfm, 23_lag_traMC, 1_lag_traTLS, 13_lag_nhSICsep, 23_lag_ismPRjja, 24_lag_tripol3, 20_lag_wnorPRjfm, 22_lag_yrvPRjja, 1_lag_traFSC, 11_lag_traBS, 10_lag_ginwSSTjfm, 24_lag_shSICmar, 1_lag_traIT, 1_lag_traCA_3264_1"
LinearRegression,13,30,traCA,picntrl,1527.5,2050.5,0.8,28,1,1,11.98364628227387,0.4068914343512639,3392,"['1_lag_2_median_eapPSLjfm', '24_lag_yrvPRjja', '17_lag_yrvPRjja', '27_lag_stratZ50ndj01', '16_lag_atlSICsep', '22_lag_mhfATL60', '22_lag_ginwSSTjfm', '19_lag_ismPRjja', '8_lag_samPSLann', '13_lag_nchinaPRjja', '21_lag_stratZ50ndj04', '1_lag_atlSICsep', '3_lag_scpPSLjfm', '23_lag_traMC', '22_lag_traFB', '5_lag_stratZ50ndj03', '1_lag_samPSLann', '23_lag_ismPRjja', '10_lag_traFB', '24_lag_tripol3', '1_lag_traTLS', '13_lag_nhSICsep', '10_lag_ginwSSTjfm', '22_lag_yrvPRjja', '11_lag_traBS', '20_lag_wnorPRjfm', '1_lag_traFSC', '24_lag_shSICmar', '1_lag_traIT', '1_lag_traCA']","[0.06681101981313316, 0.023337594018062405, 0.05923501328823263, 0.08109114732652382, 0.017180793910779906, 0.01889797661871359, 0.09531924715864833, 0.06571120750311556, 0.13236512702588968, 0.03379774125848207, 0.0770541845754783, 0.1720053697350208, 0.10558952091960895, 0.05486762499601127, 0.1141095977550534, 0.08793652784367449, 0.05538580010931619, 0.0605804290794386, 0.1669642957070946, 0.04897472820664011, 0.013540188293827842, 0.05564768528321283, 0.026273805675879468, 0.09926131223119741, 0.05482219199485324, 0.08776560079588233, 0.039430942706076236, 0.12209224549071027, 0.17002651200499222, 0.4813678148647131]","1_lag_2_median_eapPSLjfm, 24_lag_yrvPRjja, 17_lag_yrvPRjja, 27_lag_stratZ50ndj01, 16_lag_atlSICsep, 22_lag_mhfATL60, 22_lag_ginwSSTjfm, 19_lag_ismPRjja, 8_lag_samPSLann, 13_lag_nchinaPRjja, 21_lag_stratZ50ndj04, 1_lag_atlSICsep, 3_lag_scpPSLjfm, 23_lag_traMC, 22_lag_traFB, 5_lag_stratZ50ndj03, 1_lag_samPSLann, 23_lag_ismPRjja, 10_lag_traFB, 24_lag_tripol3, 1_lag_traTLS, 13_lag_nhSICsep, 10_lag_ginwSSTjfm, 22_lag_yrvPRjja, 11_lag_traBS, 20_lag_wnorPRjfm, 1_lag_traFSC, 24_lag_shSICmar, 1_lag_traIT, 1_lag_traCA_3392_1"
LinearRegression,14,30,traCA,picntrl,1528.5,2050.5,0.8,29,1,1,11.640985003923703,0.43710503392698774,3520,"['17_lag_mhfATL60', '1_lag_traFS', '3_lag_labSSTjfm', '5_lag_tripol3', '13_lag_nhSICjfm', '28_lag_traFB', '21_lag_stratZ50ndj04', '13_lag_nchinaPRjja', '22_lag_traFB', '23_lag_traMC', '19_lag_ismPRjja', '2_lag_eapPSLjfm', '1_lag_2_median_eapPSLjfm', '3_lag_scpPSLjfm', '1_lag_atlSICsep', '10_lag_traFB', '23_lag_ismPRjja', '5_lag_stratZ50ndj03', '24_lag_tripol3', '10_lag_ginwSSTjfm', '1_lag_traTLS', '1_lag_samPSLann', '22_lag_yrvPRjja', '11_lag_traBS', '13_lag_nhSICsep', '20_lag_wnorPRjfm', '1_lag_traFSC', '24_lag_shSICmar', '1_lag_traIT', '1_lag_traCA']","[0.11090076334702413, 0.07492504708778935, 0.19835459787808418, 0.023268567573665855, 0.05820739393912838, 0.04188090985370446, 0.09049259780466928, 0.030569751283212883, 0.13046636615742152, 0.06720686025079184, 0.09659322110408587, 6900313920361.017, 6900313920360.958, 0.09807021326056575, 0.18750677723062353, 0.15321141220070697, 0.06393264752092356, 0.08050576198431623, 0.08954067404567695, 0.046361693109383796, 0.001878571213802897, 0.12479531919784378, 0.10126180781352889, 0.0521777365424536, 0.01532790437550807, 0.07536816438739319, 0.02540441510920532, 0.14254762283902656, 0.12412602648487861, 0.41584721791244744]","17_lag_mhfATL60, 1_lag_traFS, 3_lag_labSSTjfm, 5_lag_tripol3, 13_lag_nhSICjfm, 28_lag_traFB, 21_lag_stratZ50ndj04, 13_lag_nchinaPRjja, 22_lag_traFB, 23_lag_traMC, 19_lag_ismPRjja, 2_lag_eapPSLjfm, 1_lag_2_median_eapPSLjfm, 3_lag_scpPSLjfm, 1_lag_atlSICsep, 10_lag_traFB, 23_lag_ismPRjja, 5_lag_stratZ50ndj03, 24_lag_tripol3, 10_lag_ginwSSTjfm, 1_lag_traTLS, 1_lag_samPSLann, 22_lag_yrvPRjja, 11_lag_traBS, 13_lag_nhSICsep, 20_lag_wnorPRjfm, 1_lag_traFSC, 24_lag_shSICmar, 1_lag_traIT, 1_lag_traCA_3520_1"
LinearRegression,15,30,traCA,picntrl,1529.5,2050.5,0.8,30,1,1,11.189437492661874,0.4590704624142487,3648,"['26_lag_amo1', '28_lag_nchinaPRjja', '22_lag_traFB', '16_lag_atlSICsep', '3_lag_labSSTjfm', '13_lag_nchinaPRjja', '19_lag_ismPRjja', '1_lag_2_median_eapPSLjfm', '2_lag_eapPSLjfm', '23_lag_traMC', '5_lag_tripol3', '28_lag_stratZ50ndj02', '3_lag_scpPSLjfm', '10_lag_traFB', '1_lag_atlSICsep', '21_lag_stratZ50ndj04', '10_lag_ginwSSTjfm', '1_lag_traTLS', '5_lag_stratZ50ndj03', '1_lag_traFSC', '23_lag_ismPRjja', '22_lag_yrvPRjja', '13_lag_nhSICsep', '1_lag_samPSLann', '24_lag_tripol3', '24_lag_shSICmar', '20_lag_wnorPRjfm', '11_lag_traBS', '1_lag_traIT', '1_lag_traCA']","[0.06048425073641756, 0.05227033974487887, 0.12282685621782444, 0.005987139110701743, 0.1966000960299122, 0.02016314886103987, 0.09094920822543524, 1722918148650.4404, 1722918148650.5093, 0.07744552673422365, 0.032249461333912065, 0.061617976260911464, 0.08753103196755072, 0.11176231446512659, 0.18561505308239756, 0.09401384108414956, 0.03938624561761753, 0.005594979455680587, 0.08250489530924168, 0.0342541495102003, 0.07050555667229437, 0.10273148034909729, 0.06432017523954578, 0.09967809877496431, 0.0929349399141113, 0.14342386702443422, 0.0692322435006773, 0.04453296466667733, 0.13647348642685736, 0.44986617177384775]","26_lag_amo1, 28_lag_nchinaPRjja, 22_lag_traFB, 16_lag_atlSICsep, 3_lag_labSSTjfm, 13_lag_nchinaPRjja, 19_lag_ismPRjja, 1_lag_2_median_eapPSLjfm, 2_lag_eapPSLjfm, 23_lag_traMC, 5_lag_tripol3, 28_lag_stratZ50ndj02, 3_lag_scpPSLjfm, 10_lag_traFB, 1_lag_atlSICsep, 21_lag_stratZ50ndj04, 10_lag_ginwSSTjfm, 1_lag_traTLS, 5_lag_stratZ50ndj03, 1_lag_traFSC, 23_lag_ismPRjja, 22_lag_yrvPRjja, 13_lag_nhSICsep, 1_lag_samPSLann, 24_lag_tripol3, 24_lag_shSICmar, 20_lag_wnorPRjfm, 11_lag_traBS, 1_lag_traIT, 1_lag_traCA_3648_1"
LinearRegression,16,30,traCA,picntrl,1530.5,2050.5,0.8,31,1,1,11.630987347575175,0.4417934561998884,3776,"['1_lag_traWP', '3_lag_labSSTjfm', '1_lag_atlSICsep', '21_lag_stratZ50ndj04', '21_lag_traMC', '19_lag_nchinaPRjja', '28_lag_nchinaPRjja', '3_lag_ginwSSTjfm', '10_lag_traFB', '19_lag_ismPRjja', '23_lag_traMC', '10_lag_ginwSSTjfm', '28_lag_stratZ50ndj02', '1_lag_traTLS', '3_lag_scpPSLjfm', '5_lag_tripol3', '2_lag_eapPSLjfm', '1_lag_2_median_eapPSLjfm', '23_lag_ismPRjja', '5_lag_stratZ50ndj03', '1_lag_traFSC', '13_lag_nhSICsep', '1_lag_samPSLann', '24_lag_tripol3', '22_lag_yrvPRjja', '24_lag_shSICmar', '20_lag_wnorPRjfm', '11_lag_traBS', '1_lag_traIT', '1_lag_traCA']","[0.006729056047100336, 0.18070469921323964, 0.18161305502432248, 0.10887534756825581, 0.07617207971854001, 0.09811253874525643, 0.047017669888739594, 0.10904677510841282, 0.10823362859128154, 0.08824441699869529, 0.06024193122713756, 0.04878257512747259, 0.06818445139648732, 0.0004438838687043338, 0.13714592792500838, 0.027449471520307175, 11063093609991.855, 11063093609991.912, 0.05022164399417976, 0.08271755029006791, 0.07341486719740697, 0.058967162283569505, 0.08203094905866566, 0.08960736880397349, 0.11497890218118345, 0.1382954571246121, 0.07164591118028356, 0.06365422428775501, 0.12130632444552764, 0.4282245947128783]","1_lag_traWP, 3_lag_labSSTjfm, 1_lag_atlSICsep, 21_lag_stratZ50ndj04, 21_lag_traMC, 19_lag_nchinaPRjja, 28_lag_nchinaPRjja, 3_lag_ginwSSTjfm, 10_lag_traFB, 19_lag_ismPRjja, 23_lag_traMC, 10_lag_ginwSSTjfm, 28_lag_stratZ50ndj02, 1_lag_traTLS, 3_lag_scpPSLjfm, 5_lag_tripol3, 2_lag_eapPSLjfm, 1_lag_2_median_eapPSLjfm, 23_lag_ismPRjja, 5_lag_stratZ50ndj03, 1_lag_traFSC, 13_lag_nhSICsep, 1_lag_samPSLann, 24_lag_tripol3, 22_lag_yrvPRjja, 24_lag_shSICmar, 20_lag_wnorPRjfm, 11_lag_traBS, 1_lag_traIT, 1_lag_traCA_3776_1"
LinearRegression,17,30,traCA,picntrl,1531.5,2050.5,0.8,32,2,2,14.55585281300833,0.06859575299037049,3776,"['10_lag_traFB', '2_lag_3_median_labSSTjfm', '31_lag_traEU', '30_lag_samPSLann', '2_lag_glomaSSTjfm', '19_lag_nchinaPRjja', '12_lag_nppc3SSTjfm', '15_lag_traWP', '11_lag_traFSC', '7_lag_samPSLann', '28_lag_stratZ50ndj02', '22_lag_ginwSSTjfm', '14_lag_nhSICjfm', '20_lag_traMC', '9_lag_atlSICjfm', '31_lag_amo2', '28_lag_nchinaPRjja', '5_lag_tripol3', '15_lag_ginwSSTjfm', '14_lag_arcTSjfm', '2_lag_eapPSLjfm', '13_lag_nhSICsep', '23_lag_ismPRjja', '20_lag_wnorPRjfm', '5_lag_stratZ50ndj03', '24_lag_tripol3', '19_lag_ismPRjja', '22_lag_yrvPRjja', '11_lag_traBS', '24_lag_shSICmar']","[0.0403652122943408, 0.17241457799842652, 0.1411233901345197, 0.15127775800257778, 0.04834283171030592, 0.08357141755662013, 0.09655798574216791, 0.021797054113216235, 0.10588493603069397, 0.023382750016240506, 0.12708386814693307, 0.07688885494335206, 0.030987953290414327, 0.004045791624861697, 0.003376249971707203, 0.16343389295249733, 0.04794984897728218, 0.06350437626510803, 0.01347131541074429, 0.011928045544742975, 0.05987974800706647, 0.054918981094592034, 0.09669199313312929, 0.1013317655276088, 0.10902879144880236, 0.14868307089053406, 0.08794149187853027, 0.13335408465717424, 0.07880405206209407, 0.14376723640661773]","10_lag_traFB, 2_lag_3_median_labSSTjfm, 31_lag_traEU, 30_lag_samPSLann, 2_lag_glomaSSTjfm, 19_lag_nchinaPRjja, 12_lag_nppc3SSTjfm, 15_lag_traWP, 11_lag_traFSC, 7_lag_samPSLann, 28_lag_stratZ50ndj02, 22_lag_ginwSSTjfm, 14_lag_nhSICjfm, 20_lag_traMC, 9_lag_atlSICjfm, 31_lag_amo2, 28_lag_nchinaPRjja, 5_lag_tripol3, 15_lag_ginwSSTjfm, 14_lag_arcTSjfm, 2_lag_eapPSLjfm, 13_lag_nhSICsep, 23_lag_ismPRjja, 20_lag_wnorPRjfm, 5_lag_stratZ50ndj03, 24_lag_tripol3, 19_lag_ismPRjja, 22_lag_yrvPRjja, 11_lag_traBS, 24_lag_shSICmar_3776_2"
LinearRegression,18,30,traCA,picntrl,1532.5,2050.5,0.8,33,3,3,14.900745539032847,-0.025739132181415228,3776,"['10_lag_traFB', '14_lag_arcTSjfm', '5_lag_tripol3', '10_lag_stratZ50ndj04', '14_lag_nhSICjfm', '15_lag_ginwSSTjfm', '19_lag_alpi', '10_lag_yrvPRjja', '30_lag_samPSLann', '23_lag_ismPRjja', '18_lag_traEU', '28_lag_nchinaPRjja', '20_lag_traMC', '26_lag_traBS', '11_lag_traFSC', '31_lag_amo2', '7_lag_samPSLann', '3_lag_glomaSSTjfm', '3_lag_tripol3', '3_lag_labSSTjfm', '5_lag_stratZ50ndj03', '28_lag_stratZ50ndj02', '13_lag_nhSICsep', '12_lag_nppc3SSTjfm', '24_lag_tripol3', '22_lag_yrvPRjja', '20_lag_wnorPRjfm', '19_lag_ismPRjja', '11_lag_traBS', '24_lag_shSICmar']","[0.0336938125843685, 0.025719695450268393, 0.08309631983128914, 0.11871887445430535, 0.07399169748128367, 0.028463837607170035, 0.05412183958397994, 0.005663681920642792, 0.16197363047073035, 0.09091756347366062, 0.07055554729299422, 0.07214860845582041, 0.005431523807380355, 0.039898084162611196, 0.11728470919405708, 0.15942767866792656, 0.016536068047089084, 0.07332089568256053, 0.06266639174958455, 0.18590716994987178, 0.09545411542595997, 0.1253393524213069, 0.05503994797192846, 0.10659788713117486, 0.1501890093793513, 0.14125655145413019, 0.09023028907664396, 0.0896082360838675, 0.07770654535198193, 0.12360169428157315]","10_lag_traFB, 14_lag_arcTSjfm, 5_lag_tripol3, 10_lag_stratZ50ndj04, 14_lag_nhSICjfm, 15_lag_ginwSSTjfm, 19_lag_alpi, 10_lag_yrvPRjja, 30_lag_samPSLann, 23_lag_ismPRjja, 18_lag_traEU, 28_lag_nchinaPRjja, 20_lag_traMC, 26_lag_traBS, 11_lag_traFSC, 31_lag_amo2, 7_lag_samPSLann, 3_lag_glomaSSTjfm, 3_lag_tripol3, 3_lag_labSSTjfm, 5_lag_stratZ50ndj03, 28_lag_stratZ50ndj02, 13_lag_nhSICsep, 12_lag_nppc3SSTjfm, 24_lag_tripol3, 22_lag_yrvPRjja, 20_lag_wnorPRjfm, 19_lag_ismPRjja, 11_lag_traBS, 24_lag_shSICmar_3776_3"
LinearRegression,19,30,traCA,picntrl,1533.5,2050.5,0.8,34,4,4,14.324217163247196,0.05204738805637549,3776,"['4_lag_tripol3', '16_lag_atlSICsep', '28_lag_nchinaPRjja', '14_lag_nhSICjfm', '10_lag_stratZ50ndj04', '25_lag_stratZ50ndj03', '22_lag_yrvPRjja', '4_lag_traBO', '31_lag_amo2', '26_lag_amo1', '13_lag_nhSICsep', '7_lag_samPSLann', '19_lag_alpi', '30_lag_samPSLann', '18_lag_traEU', '18_lag_ismPRjja', '11_lag_traFSC', '15_lag_ginwSSTjfm', '28_lag_stratZ50ndj02', '20_lag_traMC', '13_lag_yrvPRjja', '10_lag_yrvPRjja', '26_lag_traBS', '23_lag_ismPRjja', '24_lag_tripol3', '20_lag_wnorPRjfm', '12_lag_nppc3SSTjfm', '11_lag_traBS', '19_lag_ismPRjja', '24_lag_shSICmar']","[0.10289439732164722, 0.008381252703467873, 0.10213709572299651, 0.033760573872290575, 0.12297546594598396, 0.0872014310773561, 0.14331495517536108, 0.11283689864153844, 0.13348257294650978, 0.059874459279094905, 0.037057550153941264, 0.0011705738640190556, 0.06416757594209838, 0.1630280021263183, 0.07601424956087473, 0.06365447359285843, 0.1521292057630404, 0.10051096734938361, 0.10446897993298346, 0.004940523516663219, 0.04759679402709176, 0.02629183532676843, 0.05153951520971115, 0.08947430439217466, 0.13906871645041063, 0.10611060575189747, 0.15152932320779613, 0.09405422101707422, 0.09194903607876555, 0.11898977689377305]","4_lag_tripol3, 16_lag_atlSICsep, 28_lag_nchinaPRjja, 14_lag_nhSICjfm, 10_lag_stratZ50ndj04, 25_lag_stratZ50ndj03, 22_lag_yrvPRjja, 4_lag_traBO, 31_lag_amo2, 26_lag_amo1, 13_lag_nhSICsep, 7_lag_samPSLann, 19_lag_alpi, 30_lag_samPSLann, 18_lag_traEU, 18_lag_ismPRjja, 11_lag_traFSC, 15_lag_ginwSSTjfm, 28_lag_stratZ50ndj02, 20_lag_traMC, 13_lag_yrvPRjja, 10_lag_yrvPRjja, 26_lag_traBS, 23_lag_ismPRjja, 24_lag_tripol3, 20_lag_wnorPRjfm, 12_lag_nppc3SSTjfm, 11_lag_traBS, 19_lag_ismPRjja, 24_lag_shSICmar_3776_4"
LinearRegression,20,30,traCA,picntrl,1534.5,2050.5,0.8,35,5,5,13.973111584888319,0.06271529340125584,3776,"['19_lag_alpi', '20_lag_ismPRjja', '7_lag_samPSLann', '15_lag_ginwSSTjfm', '16_lag_atlSICsep', '18_lag_ismPRjja', '13_lag_nhSICsep', '17_lag_mhfATL60', '14_lag_nhSICjfm', '32_lag_traIT', '17_lag_yrvPRjja', '34_lag_mhfATL30', '32_lag_stratZ50ndj03', '10_lag_stratZ50ndj04', '5_lag_stratZ50ndj03', '18_lag_traEU', '13_lag_yrvPRjja', '34_lag_traWP', '11_lag_traFSC', '30_lag_samPSLann', '20_lag_traMC', '11_lag_traBS', '10_lag_yrvPRjja', '20_lag_wnorPRjfm', '23_lag_ismPRjja', '26_lag_traBS', '12_lag_nppc3SSTjfm', '24_lag_tripol3', '19_lag_ismPRjja', '24_lag_shSICmar']","[0.052029424584518105, 0.0743913795263283, 0.0022940889130437124, 0.06671142570350203, 0.015924907062630125, 0.06144595173803955, 0.038878213838824886, 0.028783079831395164, 0.0813409865589681, 0.13666523206994458, 0.03562171395413229, 0.20721239812978626, 0.0031698719698168777, 0.09711186076157774, 0.055515761145213435, 0.07639664488290662, 0.054734048794669546, 0.07403318720169576, 0.16072400144401666, 0.16368220532269978, 0.010208521377107701, 0.07653172906414835, 0.012737732314238099, 0.11370379417796526, 0.08906922535600634, 0.04489915885940023, 0.14395802706676974, 0.1284665026995018, 0.09468616870002702, 0.10808883163994186]","19_lag_alpi, 20_lag_ismPRjja, 7_lag_samPSLann, 15_lag_ginwSSTjfm, 16_lag_atlSICsep, 18_lag_ismPRjja, 13_lag_nhSICsep, 17_lag_mhfATL60, 14_lag_nhSICjfm, 32_lag_traIT, 17_lag_yrvPRjja, 34_lag_mhfATL30, 32_lag_stratZ50ndj03, 10_lag_stratZ50ndj04, 5_lag_stratZ50ndj03, 18_lag_traEU, 13_lag_yrvPRjja, 34_lag_traWP, 11_lag_traFSC, 30_lag_samPSLann, 20_lag_traMC, 11_lag_traBS, 10_lag_yrvPRjja, 20_lag_wnorPRjfm, 23_lag_ismPRjja, 26_lag_traBS, 12_lag_nppc3SSTjfm, 24_lag_tripol3, 19_lag_ismPRjja, 24_lag_shSICmar_3776_5"
LinearRegression,21,30,traCA,picntrl,1535.5,2050.5,0.8,36,6,6,14.908417720682282,0.05707624547992239,3776,"['31_lag_traEU', '19_lag_alpi', '13_lag_nhSICsep', '13_lag_yrvPRjja', '10_lag_stratZ50ndj04', '11_lag_traBS', '18_lag_stratZ50ndj04', '32_lag_traIT', '35_lag_AMOCann', '34_lag_yrvPRjja', '33_lag_stratZ50ndj02', '30_lag_samPSLann', '18_lag_ismPRjja', '17_lag_yrvPRjja', '14_lag_nhSICjfm', '11_lag_traFSC', '18_lag_traEU', '32_lag_stratZ50ndj03', '19_lag_nchinaPRjja', '20_lag_ismPRjja', '6_lag_nchinaPRjja', '35_lag_amo2', '20_lag_wnorPRjfm', '26_lag_traBS', '10_lag_yrvPRjja', '12_lag_nppc3SSTjfm', '24_lag_tripol3', '19_lag_ismPRjja', '23_lag_ismPRjja', '24_lag_shSICmar']","[0.09222624055189263, 0.04359241674711162, 0.04522239169870784, 0.07628961567868707, 0.06957796709939904, 0.0783242049265844, 0.046051156853977024, 0.11042817016906677, 0.21702026049768655, 0.03438596602650651, 0.08878393014024165, 0.16458974701128645, 0.09390803150807206, 0.05457398605712105, 0.036031144287773466, 0.14794090525697043, 0.04528637350770445, 0.0024792503451543865, 0.10166148965012572, 0.0533352600053346, 0.09288751605422303, 0.14706319415974686, 0.11445716320389719, 0.03556986012228899, 0.026455851426004567, 0.15284993852242595, 0.15984989431674548, 0.10389441402595267, 0.06916926161140614, 0.08195589164693388]","31_lag_traEU, 19_lag_alpi, 13_lag_nhSICsep, 13_lag_yrvPRjja, 10_lag_stratZ50ndj04, 11_lag_traBS, 18_lag_stratZ50ndj04, 32_lag_traIT, 35_lag_AMOCann, 34_lag_yrvPRjja, 33_lag_stratZ50ndj02, 30_lag_samPSLann, 18_lag_ismPRjja, 17_lag_yrvPRjja, 14_lag_nhSICjfm, 11_lag_traFSC, 18_lag_traEU, 32_lag_stratZ50ndj03, 19_lag_nchinaPRjja, 20_lag_ismPRjja, 6_lag_nchinaPRjja, 35_lag_amo2, 20_lag_wnorPRjfm, 26_lag_traBS, 10_lag_yrvPRjja, 12_lag_nppc3SSTjfm, 24_lag_tripol3, 19_lag_ismPRjja, 23_lag_ismPRjja, 24_lag_shSICmar_3776_6"
LinearRegression,22,30,traCA,picntrl,1536.5,2050.5,0.8,37,7,7,14.143184404737182,0.08285806458319378,3776,"['33_lag_traMC', '10_lag_yrvPRjja', '14_lag_arcTSjfm', '21_lag_traMC', '26_lag_traBS', '14_lag_nhSICjfm', '17_lag_yrvPRjja', '23_lag_traMC', '10_lag_stratZ50ndj04', '7_lag_samPSLann', '32_lag_stratZ50ndj03', '11_lag_traFSC', '32_lag_traIT', '35_lag_AMOCann', '30_lag_samPSLann', '31_lag_traEU', '25_lag_yrvPRjja', '22_lag_ginwSSTjfm', '18_lag_traEU', '20_lag_wnorPRjfm', '36_lag_shTSjfm', '36_lag_shSICmar', '19_lag_nchinaPRjja', '7_lag_traBS', '24_lag_tripol3', '20_lag_ismPRjja', '12_lag_nppc3SSTjfm', '23_lag_ismPRjja', '19_lag_ismPRjja', '24_lag_shSICmar']","[0.05823719768031521, 0.009851613261818083, 0.004757284538186108, 0.026623059420697308, 0.019683530464374707, 0.047302180148410686, 0.035724545831759595, 0.055570435028032494, 0.10233436643457973, 0.022869844582129564, 0.02504635543594074, 0.1553494237262953, 0.10960660741931598, 0.18291461718379087, 0.14678310921910542, 0.08421170158780848, 0.019017542699171663, 0.15579751670591233, 0.03579068867946279, 0.1271155893659418, 0.10595369232155448, 0.08242116180067642, 0.10609790897908272, 0.05952275771899454, 0.12476926717116378, 0.11167250777938215, 0.13487735493583983, 0.09439746584246433, 0.10312427692624494, 0.12366941972754204]","33_lag_traMC, 10_lag_yrvPRjja, 14_lag_arcTSjfm, 21_lag_traMC, 26_lag_traBS, 14_lag_nhSICjfm, 17_lag_yrvPRjja, 23_lag_traMC, 10_lag_stratZ50ndj04, 7_lag_samPSLann, 32_lag_stratZ50ndj03, 11_lag_traFSC, 32_lag_traIT, 35_lag_AMOCann, 30_lag_samPSLann, 31_lag_traEU, 25_lag_yrvPRjja, 22_lag_ginwSSTjfm, 18_lag_traEU, 20_lag_wnorPRjfm, 36_lag_shTSjfm, 36_lag_shSICmar, 19_lag_nchinaPRjja, 7_lag_traBS, 24_lag_tripol3, 20_lag_ismPRjja, 12_lag_nppc3SSTjfm, 23_lag_ismPRjja, 19_lag_ismPRjja, 24_lag_shSICmar_3776_7"
LinearRegression,23,30,traCA,picntrl,1537.5,2050.5,0.8,38,8,10,15.108526625020128,-0.025339429185724835,3776,"['14_lag_nhSICjfm', '37_lag_shSICsep', '34_lag_yrvPRjja', '36_lag_shTSjfm', '24_lag_nppc2SSTjfm', '32_lag_stratZ50ndj03', '32_lag_traEU', '18_lag_stratZ50ndj04', '37_lag_ormenSSTjfm', '32_lag_traIT', '22_lag_yrvPRjja', '25_lag_yrvPRjja', '17_lag_yrvPRjja', '18_lag_traEU', '11_lag_traFSC', '10_lag_stratZ50ndj04', '23_lag_traMC', '21_lag_traMC', '35_lag_AMOCann', '19_lag_nchinaPRjja', '30_lag_samPSLann', '12_lag_nppc3SSTjfm', '20_lag_ismPRjja', '20_lag_wnorPRjfm', '22_lag_ginwSSTjfm', '36_lag_shSICmar', '24_lag_tripol3', '23_lag_ismPRjja', '19_lag_ismPRjja', '24_lag_shSICmar']","[0.04392903356756985, 0.046298012145083806, 0.033245619112496044, 0.0956670637747884, 0.17754756727802987, 0.041084598228607404, 0.017759676119414418, 0.06123429184861798, 0.15721198322828986, 0.1318543499488613, 0.14555975954786865, 0.004628085282965242, 0.023237791984859656, 0.023503416590177323, 0.15109592289013837, 0.09767415114388119, 0.07121629543946176, 0.03242636638497679, 0.2148206963271725, 0.10918821417483691, 0.1370207133068865, 0.1637223413783247, 0.12280503088290516, 0.14522639524365047, 0.1418305190856447, 0.04322572196121876, 0.11707831351129196, 0.10914329235674744, 0.09835280850908185, 0.1470651129717339]","14_lag_nhSICjfm, 37_lag_shSICsep, 34_lag_yrvPRjja, 36_lag_shTSjfm, 24_lag_nppc2SSTjfm, 32_lag_stratZ50ndj03, 32_lag_traEU, 18_lag_stratZ50ndj04, 37_lag_ormenSSTjfm, 32_lag_traIT, 22_lag_yrvPRjja, 25_lag_yrvPRjja, 17_lag_yrvPRjja, 18_lag_traEU, 11_lag_traFSC, 10_lag_stratZ50ndj04, 23_lag_traMC, 21_lag_traMC, 35_lag_AMOCann, 19_lag_nchinaPRjja, 30_lag_samPSLann, 12_lag_nppc3SSTjfm, 20_lag_ismPRjja, 20_lag_wnorPRjfm, 22_lag_ginwSSTjfm, 36_lag_shSICmar, 24_lag_tripol3, 23_lag_ismPRjja, 19_lag_ismPRjja, 24_lag_shSICmar_3776_10"
LinearRegression,24,30,traCA,picntrl,1538.5,2050.5,0.8,39,9,9,15.133306427145722,-0.03362891343572827,3776,"['34_lag_yrvPRjja', '11_lag_traFSC', '36_lag_shTSjfm', '31_lag_traEU', '33_lag_eurPSLjfm', '15_lag_samPSLann', '38_lag_traDS', '25_lag_yrvPRjja', '24_lag_nppc2SSTjfm', '9_lag_eurPSLjfm', '17_lag_yrvPRjja', '18_lag_traEU', '18_lag_stratZ50ndj04', '36_lag_shSICmar', '26_lag_nppc3SSTjfm', '30_lag_samPSLann', '38_lag_traIFC', '32_lag_traIT', '37_lag_shSICsep', '23_lag_traMC', '35_lag_AMOCann', '20_lag_ismPRjja', '22_lag_ginwSSTjfm', '20_lag_wnorPRjfm', '22_lag_yrvPRjja', '23_lag_ismPRjja', '19_lag_nchinaPRjja', '19_lag_ismPRjja', '24_lag_tripol3', '24_lag_shSICmar']","[0.04581914512090816, 0.17702599601373237, 0.08261388903584665, 0.07027436690794792, 0.05712337408433773, 0.10785777417564696, 0.014030522458641103, 0.019484845411750232, 0.15110573770604396, 0.09501307478287103, 0.050760400956692035, 0.045523176269494973, 0.06773802697853573, 0.05146504735886646, 0.03352774748169609, 0.13441529792261087, 0.1510161766556156, 0.109622084611329, 0.04397673479340321, 0.06856436484033779, 0.2397496568680148, 0.12053153516325113, 0.13394779405933543, 0.13120278492239426, 0.12798079282987979, 0.14228390434731517, 0.0953931165131896, 0.09462578231980552, 0.11813034463925268, 0.1602791648714278]","34_lag_yrvPRjja, 11_lag_traFSC, 36_lag_shTSjfm, 31_lag_traEU, 33_lag_eurPSLjfm, 15_lag_samPSLann, 38_lag_traDS, 25_lag_yrvPRjja, 24_lag_nppc2SSTjfm, 9_lag_eurPSLjfm, 17_lag_yrvPRjja, 18_lag_traEU, 18_lag_stratZ50ndj04, 36_lag_shSICmar, 26_lag_nppc3SSTjfm, 30_lag_samPSLann, 38_lag_traIFC, 32_lag_traIT, 37_lag_shSICsep, 23_lag_traMC, 35_lag_AMOCann, 20_lag_ismPRjja, 22_lag_ginwSSTjfm, 20_lag_wnorPRjfm, 22_lag_yrvPRjja, 23_lag_ismPRjja, 19_lag_nchinaPRjja, 19_lag_ismPRjja, 24_lag_tripol3, 24_lag_shSICmar_3776_9"
LinearRegression,25,30,traCA,picntrl,1539.5,2050.5,0.8,40,10,10,14.357677604269956,-0.039071826286218185,3776,"['20_lag_nchinaPRjja', '24_lag_nppc2SSTjfm', '30_lag_samPSLann', '32_lag_traEU', '36_lag_shTSjfm', '15_lag_samPSLann', '38_lag_traDS', '31_lag_yrvPRjja', '33_lag_stratZ50ndj02', '32_lag_traIT', '36_lag_shSICmar', '37_lag_shSICsep', '18_lag_stratZ50ndj04', '22_lag_ginwSSTjfm', '37_lag_amo1', '38_lag_traIFC', '39_lag_stratZ50ndj03', '26_lag_nppc3SSTjfm', '10_lag_traFB', '19_lag_ismPRjja', '23_lag_traMC', '20_lag_ismPRjja', '35_lag_AMOCann', '10_lag_stratZ50ndj04', '20_lag_wnorPRjfm', '22_lag_yrvPRjja', '23_lag_ismPRjja', '19_lag_nchinaPRjja', '24_lag_shSICmar', '24_lag_tripol3']","[0.1051125014208681, 0.144736566858404, 0.1104765386053946, 0.03994035714931106, 0.10668316977785966, 0.05743616188188173, 0.016851801817418945, 0.06998768921462489, 0.06994393658560136, 0.16915540076398675, 0.03637287773082431, 0.044406687159211165, 0.05248523575525312, 0.16747526327128648, 0.08586759114290872, 0.1621678867615663, 0.044396099169224684, 0.015341064707498213, 0.1619453193803293, 0.13979521385739993, 0.07794187121245706, 0.14965842594192102, 0.23609245719578495, 0.06520100270874862, 0.1304958365438184, 0.12572357760130257, 0.11630323280796143, 0.09748392687395707, 0.17252514081977044, 0.10903546326929535]","20_lag_nchinaPRjja, 24_lag_nppc2SSTjfm, 30_lag_samPSLann, 32_lag_traEU, 36_lag_shTSjfm, 15_lag_samPSLann, 38_lag_traDS, 31_lag_yrvPRjja, 33_lag_stratZ50ndj02, 32_lag_traIT, 36_lag_shSICmar, 37_lag_shSICsep, 18_lag_stratZ50ndj04, 22_lag_ginwSSTjfm, 37_lag_amo1, 38_lag_traIFC, 39_lag_stratZ50ndj03, 26_lag_nppc3SSTjfm, 10_lag_traFB, 19_lag_ismPRjja, 23_lag_traMC, 20_lag_ismPRjja, 35_lag_AMOCann, 10_lag_stratZ50ndj04, 20_lag_wnorPRjfm, 22_lag_yrvPRjja, 23_lag_ismPRjja, 19_lag_nchinaPRjja, 24_lag_shSICmar, 24_lag_tripol3_3776_10"
LinearRegression,26,30,traCA,picntrl,1540.5,2050.5,0.8,41,11,11,14.007675500768565,-0.005548109863017058,3776,"['23_lag_traMC', '34_lag_yrvPRjja', '30_lag_samPSLann', '22_lag_ginwSSTjfm', '32_lag_traEU', '32_lag_traIT', '25_lag_yrvPRjja', '17_lag_yrvPRjja', '33_lag_stratZ50ndj02', '31_lag_traMC', '20_lag_ismPRjja', '18_lag_traEU', '37_lag_amo1', '37_lag_shSICsep', '26_lag_nppc3SSTjfm', '18_lag_stratZ50ndj04', '37_lag_atlSICjfm', '36_lag_shTSjfm', '19_lag_nchinaPRjja', '19_lag_ismPRjja', '36_lag_shSICmar', '38_lag_traIFC', '11_lag_traFSC', '35_lag_AMOCann', '39_lag_stratZ50ndj03', '22_lag_yrvPRjja', '23_lag_ismPRjja', '20_lag_wnorPRjfm', '24_lag_tripol3', '24_lag_shSICmar']","[0.07619000248095648, 0.020603775965100685, 0.13096402990467182, 0.1600298108521317, 0.014401133658340582, 0.14600845858501266, 0.03462026717389173, 0.0514248146862554, 0.08589529820034347, 0.024533782803451615, 0.10793133094136552, 0.037589468796617446, 0.10957989658862592, 0.04240588989678719, 0.009076082289238173, 0.058205621778571, 0.12845475737876727, 0.10592569539286964, 0.08470067467100435, 0.09919484286404885, 0.07319286399162694, 0.12361976945693513, 0.15033371715477434, 0.22506831465658944, 0.06787906690693489, 0.11789412959769269, 0.11363507039183177, 0.12493963439207559, 0.1034242888233911, 0.1506957958734453]","23_lag_traMC, 34_lag_yrvPRjja, 30_lag_samPSLann, 22_lag_ginwSSTjfm, 32_lag_traEU, 32_lag_traIT, 25_lag_yrvPRjja, 17_lag_yrvPRjja, 33_lag_stratZ50ndj02, 31_lag_traMC, 20_lag_ismPRjja, 18_lag_traEU, 37_lag_amo1, 37_lag_shSICsep, 26_lag_nppc3SSTjfm, 18_lag_stratZ50ndj04, 37_lag_atlSICjfm, 36_lag_shTSjfm, 19_lag_nchinaPRjja, 19_lag_ismPRjja, 36_lag_shSICmar, 38_lag_traIFC, 11_lag_traFSC, 35_lag_AMOCann, 39_lag_stratZ50ndj03, 22_lag_yrvPRjja, 23_lag_ismPRjja, 20_lag_wnorPRjfm, 24_lag_tripol3, 24_lag_shSICmar_3776_11"
LinearRegression,27,30,traCA,picntrl,1541.5,2050.5,0.8,42,12,17,15.609897216931115,-0.16829172302609383,3776,"['33_lag_eurPSLjfm', '34_lag_yrvPRjja', '27_lag_glomaSSTjfm', '32_lag_traEU', '27_lag_traFSC', '20_lag_ismPRjja', '24_lag_nppc2SSTjfm', '35_lag_seurTSjfm', '33_lag_stratZ50ndj02', '31_lag_traEU', '29_lag_shTSjfm', '17_lag_yrvPRjja', '36_lag_shSICmar', '26_lag_nppc3SSTjfm', '38_lag_traIFC', '25_lag_yrvPRjja', '18_lag_stratZ50ndj04', '31_lag_traMC', '36_lag_shTSjfm', '19_lag_ismPRjja', '19_lag_nchinaPRjja', '37_lag_atlSICjfm', '22_lag_yrvPRjja', '37_lag_shSICsep', '39_lag_stratZ50ndj03', '35_lag_AMOCann', '23_lag_ismPRjja', '20_lag_wnorPRjfm', '24_lag_tripol3', '24_lag_shSICmar']","[0.08017961438897546, 0.07906216393801127, 0.19916514554873524, 0.06363375692873251, 0.06466195275708955, 0.11867778930868814, 0.22848054127089595, 0.05438955040007063, 0.08402792742827447, 0.13103012016964452, 0.037873893224929005, 0.06092023978997793, 0.041871208292571016, 0.01204103097371098, 0.12439985034959586, 0.05997885165789252, 0.05668580119734373, 0.025014821492495308, 0.10564666832907603, 0.12620932573170746, 0.1026332408393127, 0.180950491872113, 0.10982790798990456, 0.09630686063960027, 0.05904820102066215, 0.2502182042107874, 0.13716707262547684, 0.1410111303814968, 0.1287808505544659, 0.144480919354235]","33_lag_eurPSLjfm, 34_lag_yrvPRjja, 27_lag_glomaSSTjfm, 32_lag_traEU, 27_lag_traFSC, 20_lag_ismPRjja, 24_lag_nppc2SSTjfm, 35_lag_seurTSjfm, 33_lag_stratZ50ndj02, 31_lag_traEU, 29_lag_shTSjfm, 17_lag_yrvPRjja, 36_lag_shSICmar, 26_lag_nppc3SSTjfm, 38_lag_traIFC, 25_lag_yrvPRjja, 18_lag_stratZ50ndj04, 31_lag_traMC, 36_lag_shTSjfm, 19_lag_ismPRjja, 19_lag_nchinaPRjja, 37_lag_atlSICjfm, 22_lag_yrvPRjja, 37_lag_shSICsep, 39_lag_stratZ50ndj03, 35_lag_AMOCann, 23_lag_ismPRjja, 20_lag_wnorPRjfm, 24_lag_tripol3, 24_lag_shSICmar_3776_17"
LinearRegression,28,30,traCA,picntrl,1542.5,2050.5,0.8,43,13,13,15.170615010535473,-0.12425674406698767,3776,"['22_lag_ginwSSTjfm', '36_lag_shTSjfm', '35_lag_traEC', '35_lag_seurTSjfm', '38_lag_mhfATL30', '32_lag_traEU', '25_lag_yrvPRjja', '31_lag_traEU', '20_lag_ismPRjja', '30_lag_alpi', '19_lag_nchinaPRjja', '29_lag_shTSjfm', '37_lag_atlSICjfm', '38_lag_traIFC', '24_lag_nppc2SSTjfm', '31_lag_traMC', '13_lag_traFSC', '18_lag_stratZ50ndj04', '35_lag_AMOCann', '39_lag_stratZ50ndj03', '42_lag_shSICmar', '34_lag_yrvPRjja', '35_lag_nchinaPRjja', '37_lag_shSICsep', '23_lag_ismPRjja', '22_lag_yrvPRjja', '33_lag_stratZ50ndj02', '24_lag_tripol3', '20_lag_wnorPRjfm', '24_lag_shSICmar']","[0.15681683043847588, 0.09029595769318827, 0.028173754405159936, 0.06145291105347359, 0.04400659469847366, 0.06657845595962902, 0.04093982105147255, 0.09355926625369552, 0.14146725302690746, 0.07401127215643881, 0.12821649596020274, 0.03144061219008501, 0.18729303691978988, 0.11894421999905712, 0.19686142447418933, 0.018976319474649957, 0.017119574578783256, 0.03147838179685473, 0.26205248349108107, 0.09629812308602438, 0.08668372952696164, 0.07275841191211418, 0.05161387142500456, 0.1132311515717231, 0.1177976423148115, 0.13547649724064809, 0.08247013002289337, 0.09990940192585848, 0.1345432603116638, 0.13079745059745115]","22_lag_ginwSSTjfm, 36_lag_shTSjfm, 35_lag_traEC, 35_lag_seurTSjfm, 38_lag_mhfATL30, 32_lag_traEU, 25_lag_yrvPRjja, 31_lag_traEU, 20_lag_ismPRjja, 30_lag_alpi, 19_lag_nchinaPRjja, 29_lag_shTSjfm, 37_lag_atlSICjfm, 38_lag_traIFC, 24_lag_nppc2SSTjfm, 31_lag_traMC, 13_lag_traFSC, 18_lag_stratZ50ndj04, 35_lag_AMOCann, 39_lag_stratZ50ndj03, 42_lag_shSICmar, 34_lag_yrvPRjja, 35_lag_nchinaPRjja, 37_lag_shSICsep, 23_lag_ismPRjja, 22_lag_yrvPRjja, 33_lag_stratZ50ndj02, 24_lag_tripol3, 20_lag_wnorPRjfm, 24_lag_shSICmar_3776_13"
LinearRegression,29,30,traCA,picntrl,1543.5,2050.5,0.8,44,14,18,15.490266159848002,-0.20285105470648176,3776,"['38_lag_yrvPRjja', '30_lag_alpi', '20_lag_ismPRjja', '31_lag_traEU', '23_lag_traMC', '38_lag_mhfATL30', '31_lag_traMC', '28_lag_nchinaPRjja', '35_lag_traEC', '18_lag_traEU', '37_lag_atlSICjfm', '24_lag_nppc2SSTjfm', '38_lag_traIFC', '18_lag_stratZ50ndj04', '40_lag_ginwSSTjfm', '32_lag_traEU', '35_lag_seurTSjfm', '35_lag_AMOCann', '35_lag_nchinaPRjja', '39_lag_stratZ50ndj03', '42_lag_shSICmar', '19_lag_ismPRjja', '34_lag_yrvPRjja', '33_lag_stratZ50ndj02', '37_lag_shSICsep', '23_lag_ismPRjja', '22_lag_yrvPRjja', '20_lag_wnorPRjfm', '24_lag_tripol3', '24_lag_shSICmar']","[0.12097908786963148, 0.07708439803807246, 0.13019233716587833, 0.08048843150660444, 0.051939411253621476, 0.048507091740325185, 0.012880311363698407, 0.0779749984490322, 0.038250230319631165, 0.01262925476021844, 0.2119904074637618, 0.2180412267935512, 0.1376794776459051, 0.027272332445588104, 0.10729922426349053, 0.073393756093818, 0.08888126753211811, 0.2559915133741101, 0.03950866848692072, 0.10603507069795741, 0.08413749308189107, 0.12386870277288221, 0.04132333909374925, 0.1007952742943395, 0.10788050599160598, 0.12003676559665212, 0.13561244970686545, 0.11808546067584971, 0.11249624379183909, 0.12637878628223123]","38_lag_yrvPRjja, 30_lag_alpi, 20_lag_ismPRjja, 31_lag_traEU, 23_lag_traMC, 38_lag_mhfATL30, 31_lag_traMC, 28_lag_nchinaPRjja, 35_lag_traEC, 18_lag_traEU, 37_lag_atlSICjfm, 24_lag_nppc2SSTjfm, 38_lag_traIFC, 18_lag_stratZ50ndj04, 40_lag_ginwSSTjfm, 32_lag_traEU, 35_lag_seurTSjfm, 35_lag_AMOCann, 35_lag_nchinaPRjja, 39_lag_stratZ50ndj03, 42_lag_shSICmar, 19_lag_ismPRjja, 34_lag_yrvPRjja, 33_lag_stratZ50ndj02, 37_lag_shSICsep, 23_lag_ismPRjja, 22_lag_yrvPRjja, 20_lag_wnorPRjfm, 24_lag_tripol3, 24_lag_shSICmar_3776_18"
LinearRegression,30,30,traCA,picntrl,1544.5,2050.5,0.8,45,15,18,15.4094616754699,-0.21548720129552024,3776,"['36_lag_shTSjfm', '40_lag_ismPRjja', '38_lag_atlSICsep', '35_lag_nhSICjfm', '38_lag_yrvPRjja', '24_lag_nppc2SSTjfm', '38_lag_mhfATL30', '19_lag_nchinaPRjja', '37_lag_atlSICjfm', '22_lag_ginwSSTjfm', '30_lag_alpi', '18_lag_stratZ50ndj04', '35_lag_traEC', '38_lag_traIFC', '20_lag_ismPRjja', '35_lag_AMOCann', '40_lag_ginwSSTjfm', '35_lag_seurTSjfm', '19_lag_ismPRjja', '32_lag_traEU', '42_lag_shSICmar', '37_lag_shSICsep', '39_lag_stratZ50ndj03', '34_lag_yrvPRjja', '33_lag_stratZ50ndj02', '23_lag_ismPRjja', '20_lag_wnorPRjfm', '22_lag_yrvPRjja', '24_lag_tripol3', '24_lag_shSICmar']","[0.07804026997445371, 0.020633773423060636, 0.05147761406651752, 0.10552188048961071, 0.11168873638574327, 0.2221979366243415, 0.06261390326457927, 0.12479114341704692, 0.18305091733030524, 0.13863920164094537, 0.07708589336132748, 0.026847065080429094, 0.01495249691853407, 0.12228800731356294, 0.14257234353245338, 0.2737229577073307, 0.11649971260948194, 0.06331599221458636, 0.11278155942473239, 0.05566964167774506, 0.11339174696588088, 0.08738364145636804, 0.0970183210802193, 0.05441631089195696, 0.07456583966218394, 0.1317990513480023, 0.12513156271012427, 0.12340512344518922, 0.09993724916421898, 0.1323928658492127]","36_lag_shTSjfm, 40_lag_ismPRjja, 38_lag_atlSICsep, 35_lag_nhSICjfm, 38_lag_yrvPRjja, 24_lag_nppc2SSTjfm, 38_lag_mhfATL30, 19_lag_nchinaPRjja, 37_lag_atlSICjfm, 22_lag_ginwSSTjfm, 30_lag_alpi, 18_lag_stratZ50ndj04, 35_lag_traEC, 38_lag_traIFC, 20_lag_ismPRjja, 35_lag_AMOCann, 40_lag_ginwSSTjfm, 35_lag_seurTSjfm, 19_lag_ismPRjja, 32_lag_traEU, 42_lag_shSICmar, 37_lag_shSICsep, 39_lag_stratZ50ndj03, 34_lag_yrvPRjja, 33_lag_stratZ50ndj02, 23_lag_ismPRjja, 20_lag_wnorPRjfm, 22_lag_yrvPRjja, 24_lag_tripol3, 24_lag_shSICmar_3776_18"
LinearRegression,31,30,traCA,picntrl,1545.5,2050.5,0.8,46,16,16,14.676180132287064,-0.06542522040992933,3776,"['38_lag_traDS', '36_lag_glTSjfm', '45_lag_traIFC', '35_lag_nchinaPRjja', '44_lag_alpi', '34_lag_traWP', '37_lag_atlSICjfm', '35_lag_traEC', '31_lag_traEU', '37_lag_ormenSSTjfm', '40_lag_ginwSSTjfm', '36_lag_shTSjfm', '41_lag_nchinaPRjja', '18_lag_stratZ50ndj04', '37_lag_shSICsep', '19_lag_ismPRjja', '16_lag_tripol3', '33_lag_stratZ50ndj02', '32_lag_traEU', '35_lag_AMOCann', '23_lag_ismPRjja', '35_lag_seurTSjfm', '39_lag_stratZ50ndj03', '34_lag_yrvPRjja', '42_lag_shSICmar', '38_lag_traIFC', '22_lag_yrvPRjja', '20_lag_wnorPRjfm', '24_lag_tripol3', '24_lag_shSICmar']","[0.051850643460722226, 0.024658448413962933, 0.10213157790886716, 0.06185221766199314, 0.02723888734015032, 0.017201134420726506, 0.14306795896597047, 0.048009821120750265, 0.1474970172965783, 0.027929234363264197, 0.11709936461147492, 0.06714244584090157, 0.019045786375937384, 0.027727547269912434, 0.09731413898946531, 0.11279048387591184, 0.1093108581871144, 0.11240699377374586, 0.06433190049859573, 0.25002254395650514, 0.12053701238070554, 0.07464006923556957, 0.08771078109417804, 0.031284832485818447, 0.07899936319385509, 0.0693528267039778, 0.12775328458349186, 0.10372937498853844, 0.1174558298724469, 0.13622008298498348]","38_lag_traDS, 36_lag_glTSjfm, 45_lag_traIFC, 35_lag_nchinaPRjja, 44_lag_alpi, 34_lag_traWP, 37_lag_atlSICjfm, 35_lag_traEC, 31_lag_traEU, 37_lag_ormenSSTjfm, 40_lag_ginwSSTjfm, 36_lag_shTSjfm, 41_lag_nchinaPRjja, 18_lag_stratZ50ndj04, 37_lag_shSICsep, 19_lag_ismPRjja, 16_lag_tripol3, 33_lag_stratZ50ndj02, 32_lag_traEU, 35_lag_AMOCann, 23_lag_ismPRjja, 35_lag_seurTSjfm, 39_lag_stratZ50ndj03, 34_lag_yrvPRjja, 42_lag_shSICmar, 38_lag_traIFC, 22_lag_yrvPRjja, 20_lag_wnorPRjfm, 24_lag_tripol3, 24_lag_shSICmar_3776_16"
LinearRegression,32,30,traCA,picntrl,1546.5,2050.5,0.8,47,17,17,14.597453054962196,-0.06806804212456694,3776,"['32_lag_alpi', '37_lag_ormenSSTjfm', '38_lag_atlSICsep', '37_lag_atlSICjfm', '45_lag_traEC', '20_lag_ismPRjja', '44_lag_alpi', '17_lag_yrvPRjja', '27_lag_traFSC', '33_lag_eurPSLjfm', '31_lag_traEU', '23_lag_ismPRjja', '35_lag_seurTSjfm', '36_lag_shTSjfm', '35_lag_AMOCann', '35_lag_traEC', '40_lag_ginwSSTjfm', '34_lag_yrvPRjja', '32_lag_traEU', '39_lag_stratZ50ndj03', '38_lag_traIFC', '46_lag_traEU', '34_lag_traWP', '19_lag_ismPRjja', '41_lag_nchinaPRjja', '22_lag_yrvPRjja', '42_lag_shSICmar', '20_lag_wnorPRjfm', '24_lag_tripol3', '24_lag_shSICmar']","[0.054788915513348316, 0.051501200870694194, 0.029784315061499023, 0.11226978079175291, 0.08689776155977673, 0.14387406775820324, 0.009940039035367066, 0.04411239836734706, 0.054489977799991006, 0.0855677702308583, 0.11086482365069153, 0.1269368886479626, 0.07778524761119844, 0.09091866507702451, 0.24895089262863374, 0.060331923747494555, 0.11349623081599945, 0.05294894872638878, 0.011494677455600628, 0.08462097649021355, 0.10295816016273442, 0.049082184735961314, 0.06948483779989763, 0.11825288219084813, 0.019747268178211888, 0.12541740559514047, 0.04770840142639618, 0.10561139754163709, 0.12122273342234033, 0.13030314107820895]","32_lag_alpi, 37_lag_ormenSSTjfm, 38_lag_atlSICsep, 37_lag_atlSICjfm, 45_lag_traEC, 20_lag_ismPRjja, 44_lag_alpi, 17_lag_yrvPRjja, 27_lag_traFSC, 33_lag_eurPSLjfm, 31_lag_traEU, 23_lag_ismPRjja, 35_lag_seurTSjfm, 36_lag_shTSjfm, 35_lag_AMOCann, 35_lag_traEC, 40_lag_ginwSSTjfm, 34_lag_yrvPRjja, 32_lag_traEU, 39_lag_stratZ50ndj03, 38_lag_traIFC, 46_lag_traEU, 34_lag_traWP, 19_lag_ismPRjja, 41_lag_nchinaPRjja, 22_lag_yrvPRjja, 42_lag_shSICmar, 20_lag_wnorPRjfm, 24_lag_tripol3, 24_lag_shSICmar_3776_17"
LinearRegression,33,30,traCA,picntrl,1547.5,2050.5,0.8,48,18,18,14.979320050303802,-0.12425100364174582,3776,"['38_lag_yrvPRjja', '19_lag_ismPRjja', '18_lag_19_median_ismPRjja', '37_lag_atlSICjfm', '38_lag_traIFC', '33_lag_eurPSLjfm', '30_lag_samPSLann', '47_lag_stratZ50ndj03', '18_lag_20_median_ismPRjja', '35_lag_seurTSjfm', '41_lag_nchinaPRjja', '32_lag_traIT', '36_lag_shTSjfm', '31_lag_traEU', '23_lag_ismPRjja', '20_lag_ismPRjja', '40_lag_ginwSSTjfm', '22_lag_yrvPRjja', '34_lag_traWP', '18_lag_traEU', '18_lag_stratZ50ndj04', '46_lag_traEU', '20_lag_wnorPRjfm', '39_lag_stratZ50ndj03', '35_lag_AMOCann', '35_lag_traEC', '42_lag_shSICmar', '34_lag_yrvPRjja', '24_lag_tripol3', '24_lag_shSICmar']","[0.11100057523687654, 2478005345436.6094, 636810861778.1548, 0.12887001952430355, 0.11334774093334875, 0.08368522484349339, 0.12979110264190002, 0.09740064304612295, 3682388967317.135, 0.08937579858608659, 0.01906538772466896, 0.12621147390933043, 0.08909732179961015, 0.06011086253528358, 0.10042551302456547, 1841194483658.4302, 0.11763426980558898, 0.13353729248046875, 0.087860107421875, 0.04217529296875, 0.04852294921875, 0.03424072265625, 0.11859130859375, 0.07318115234375, 0.2286376953125, 0.08544921875, 0.0643310546875, 0.02569580078125, 0.1309814453125, 0.12042236328125]","38_lag_yrvPRjja, 19_lag_ismPRjja, 18_lag_19_median_ismPRjja, 37_lag_atlSICjfm, 38_lag_traIFC, 33_lag_eurPSLjfm, 30_lag_samPSLann, 47_lag_stratZ50ndj03, 18_lag_20_median_ismPRjja, 35_lag_seurTSjfm, 41_lag_nchinaPRjja, 32_lag_traIT, 36_lag_shTSjfm, 31_lag_traEU, 23_lag_ismPRjja, 20_lag_ismPRjja, 40_lag_ginwSSTjfm, 22_lag_yrvPRjja, 34_lag_traWP, 18_lag_traEU, 18_lag_stratZ50ndj04, 46_lag_traEU, 20_lag_wnorPRjfm, 39_lag_stratZ50ndj03, 35_lag_AMOCann, 35_lag_traEC, 42_lag_shSICmar, 34_lag_yrvPRjja, 24_lag_tripol3, 24_lag_shSICmar_3776_18"
LinearRegression,34,30,traCA,picntrl,1548.5,2050.5,0.8,49,19,19,13.911424485303261,-0.028967259007771716,3776,"['19_lag_alpi', '19_lag_20_median_wnorPRjfm', '19_lag_20_median_ismPRjja', '20_lag_wnorPRjfm', '28_lag_traFB', '20_lag_ismPRjja', '23_lag_ismPRjja', '30_lag_samPSLann', '36_lag_shTSjfm', '32_lag_alpi', '29_lag_stratZ50ndj03', '31_lag_yrvPRjja', '19_lag_yrvPRjja', '37_lag_atlSICjfm', '47_lag_traTLS', '33_lag_stratZ50ndj02', '32_lag_traIT', '35_lag_traEC', '34_lag_traWP', '31_lag_traEU', '41_lag_nchinaPRjja', '22_lag_yrvPRjja', '40_lag_ginwSSTjfm', '34_lag_yrvPRjja', '39_lag_stratZ50ndj03', '35_lag_AMOCann', '46_lag_traEU', '24_lag_tripol3', '19_lag_ismPRjja', '24_lag_shSICmar']","[0.055052030937904416, 2841706180297.5894, 1667273853960.8303, 2841706180297.7085, 0.09008307692672067, 1667273853960.925, 0.0847508965321465, 0.11705985025502098, 0.10049517543378829, 0.038995781235098705, 0.0022847280379063423, 0.049281565881006364, 0.10820189406012537, 0.11929946496604876, 0.051636664694050996, 0.08619794278857093, 0.12274463816053342, 0.05023193359375, 0.05047607421875, 0.08935546875, 0.0259552001953125, 0.14776611328125, 0.10369873046875, 0.0172119140625, 0.068084716796875, 0.24072265625, 0.0289306640625, 0.137451171875, 0.169464111328125, 0.144317626953125]","19_lag_alpi, 19_lag_20_median_wnorPRjfm, 19_lag_20_median_ismPRjja, 20_lag_wnorPRjfm, 28_lag_traFB, 20_lag_ismPRjja, 23_lag_ismPRjja, 30_lag_samPSLann, 36_lag_shTSjfm, 32_lag_alpi, 29_lag_stratZ50ndj03, 31_lag_yrvPRjja, 19_lag_yrvPRjja, 37_lag_atlSICjfm, 47_lag_traTLS, 33_lag_stratZ50ndj02, 32_lag_traIT, 35_lag_traEC, 34_lag_traWP, 31_lag_traEU, 41_lag_nchinaPRjja, 22_lag_yrvPRjja, 40_lag_ginwSSTjfm, 34_lag_yrvPRjja, 39_lag_stratZ50ndj03, 35_lag_AMOCann, 46_lag_traEU, 24_lag_tripol3, 19_lag_ismPRjja, 24_lag_shSICmar_3776_19"
LinearRegression,35,30,traCA,picntrl,1549.5,2050.5,0.8,50,20,20,14.93704677375971,0.024989291048591475,3776,"['46_lag_tripol3', '46_lag_eurPSLjfm', '40_lag_ginwSSTjfm', '22_lag_yrvPRjja', '43_lag_nppc3SSTjfm', '38_lag_atlSICsep', '28_lag_traFB', '42_lag_shSICmar', '31_lag_traEU', '36_lag_shTSjfm', '37_lag_atlSICjfm', '47_lag_traTLS', '35_lag_traEC', '30_lag_samPSLann', '33_lag_eurPSLjfm', '48_lag_shSICsep', '36_lag_mhfIP30', '41_lag_nchinaPRjja', '34_lag_traWP', '49_lag_nppc2SSTjfm', '33_lag_stratZ50ndj02', '20_lag_ismPRjja', '34_lag_yrvPRjja', '39_lag_stratZ50ndj03', '35_lag_AMOCann', '49_lag_mhfATL60', '46_lag_traEU', '20_lag_wnorPRjfm', '24_lag_tripol3', '24_lag_shSICmar']","[0.07429609388379893, 0.08774515118115386, 0.1186317194904917, 0.11606966409874855, 0.022398915407876707, 0.043805942523424325, 0.08053010663805273, 0.029921667201770065, 0.10961228211148953, 0.08835214089942639, 0.0982846918521262, 0.10657994091797197, 0.039557923475550254, 0.1347896839881144, 0.13209046742623337, 0.05152100673372256, 0.0824688518236191, 0.03275644140313507, 0.06506558351368576, 0.2095309854207155, 0.11190146449868842, 0.10726533140915546, 0.024927267890951548, 0.08619170687317329, 0.27620001093773644, 0.07807216502792987, 0.02620031230257243, 0.11595151655582721, 0.1443607709916088, 0.13758692657845878]","46_lag_tripol3, 46_lag_eurPSLjfm, 40_lag_ginwSSTjfm, 22_lag_yrvPRjja, 43_lag_nppc3SSTjfm, 38_lag_atlSICsep, 28_lag_traFB, 42_lag_shSICmar, 31_lag_traEU, 36_lag_shTSjfm, 37_lag_atlSICjfm, 47_lag_traTLS, 35_lag_traEC, 30_lag_samPSLann, 33_lag_eurPSLjfm, 48_lag_shSICsep, 36_lag_mhfIP30, 41_lag_nchinaPRjja, 34_lag_traWP, 49_lag_nppc2SSTjfm, 33_lag_stratZ50ndj02, 20_lag_ismPRjja, 34_lag_yrvPRjja, 39_lag_stratZ50ndj03, 35_lag_AMOCann, 49_lag_mhfATL60, 46_lag_traEU, 20_lag_wnorPRjfm, 24_lag_tripol3, 24_lag_shSICmar_3776_20"
LinearRegression,36,30,traCA,picntrl,1550.5,2050.5,0.8,51,21,24,14.838389786688857,-0.010415140032228666,3776,"['42_lag_shSICmar', '50_lag_mhfATL60', '38_lag_pdoSSTjfm', '50_lag_shSICmar', '30_lag_samPSLann', '28_lag_traFB', '32_lag_alpi', '41_lag_nchinaPRjja', '37_lag_atlSICjfm', '36_lag_mhfIP30', '40_lag_ginwSSTjfm', '31_lag_traEU', '24_lag_traTLS', '38_lag_traIFC', '49_lag_nppc2SSTjfm', '33_lag_eurPSLjfm', '34_lag_yrvPRjja', '43_lag_nppc3SSTjfm', '47_lag_traTLS', '34_lag_traWP', '39_lag_stratZ50ndj03', '50_lag_ormenSSTjfm', '48_lag_shSICsep', '49_lag_mhfATL60', '46_lag_tripol3', '24_lag_tripol3', '35_lag_AMOCann', '46_lag_traEU', '33_lag_stratZ50ndj02', '24_lag_shSICmar']","[0.013423203169910601, 0.01656527386216355, 0.10149852151551303, 0.16095169808269136, 0.12996767784037708, 0.08760269310001459, 0.04363648805825185, 0.052708029903388, 0.13339983086085525, 0.11193728999220533, 0.14865092546697115, 0.13377629861063417, 0.11002668506813475, 0.07688062683107745, 0.1925401703353669, 0.10790062849096736, 0.0008366449545853001, 0.06772372201520196, 0.09328912662545663, 0.09204551959699583, 0.08601333265005612, 0.09173580521077662, 0.0926647920303562, 0.09755388338812068, 0.08993200998000873, 0.1369201738261175, 0.30160194643714816, 0.010397841679177648, 0.1013974122163176, 0.12941999832059906]","42_lag_shSICmar, 50_lag_mhfATL60, 38_lag_pdoSSTjfm, 50_lag_shSICmar, 30_lag_samPSLann, 28_lag_traFB, 32_lag_alpi, 41_lag_nchinaPRjja, 37_lag_atlSICjfm, 36_lag_mhfIP30, 40_lag_ginwSSTjfm, 31_lag_traEU, 24_lag_traTLS, 38_lag_traIFC, 49_lag_nppc2SSTjfm, 33_lag_eurPSLjfm, 34_lag_yrvPRjja, 43_lag_nppc3SSTjfm, 47_lag_traTLS, 34_lag_traWP, 39_lag_stratZ50ndj03, 50_lag_ormenSSTjfm, 48_lag_shSICsep, 49_lag_mhfATL60, 46_lag_tripol3, 24_lag_tripol3, 35_lag_AMOCann, 46_lag_traEU, 33_lag_stratZ50ndj02, 24_lag_shSICmar_3776_24"
LinearRegression,37,30,traCA,picntrl,1551.5,2050.5,0.8,52,22,22,15.05623276340634,0.003678784496846203,3776,"['43_lag_traIT', '36_lag_mhfIP30', '38_lag_atlSICsep', '47_lag_traTLS', '33_lag_eurPSLjfm', '44_lag_alpi', '30_lag_stratZ50ndj02', '30_lag_samPSLann', '38_lag_traIFC', '48_lag_traWP', '46_lag_nchinaPRjja', '28_lag_traFB', '22_lag_stratZ50ndj03', '24_lag_traTLS', '49_lag_nppc2SSTjfm', '22_lag_25_median_tripol3', '50_lag_ormenSSTjfm', '48_lag_shSICsep', '51_lag_traMC', '49_lag_mhfATL60', '37_lag_atlSICjfm', '34_lag_traWP', '22_lag_yrvPRjja', '24_lag_tripol3', '35_lag_AMOCann', '46_lag_traEU', '33_lag_stratZ50ndj02', '34_lag_yrvPRjja', '46_lag_tripol3', '24_lag_shSICmar']","[0.008015723309281598, 0.12993904457978073, 0.009920988758278399, 0.09395158312907123, 0.1234820602060721, 0.013458764695953664, 0.1307042666750902, 0.18188295923103057, 0.09321341542113373, 0.14908145020461908, 0.08452653951105549, 0.05231736744750453, 0.04581892855487223, 0.09714537325571841, 0.16025723136439707, 0.14064235835178798, 0.10196472136684008, 0.07493241903099698, 0.1186200839426933, 0.1089856588197769, 0.08265461711920347, 0.06010157174900102, 0.08163049866255222, 0.07519867825061222, 0.28608845226819807, 0.004542944660437406, 0.1089648398939122, 0.024035462646179402, 0.10575282395176942, 0.13731988590912914]","43_lag_traIT, 36_lag_mhfIP30, 38_lag_atlSICsep, 47_lag_traTLS, 33_lag_eurPSLjfm, 44_lag_alpi, 30_lag_stratZ50ndj02, 30_lag_samPSLann, 38_lag_traIFC, 48_lag_traWP, 46_lag_nchinaPRjja, 28_lag_traFB, 22_lag_stratZ50ndj03, 24_lag_traTLS, 49_lag_nppc2SSTjfm, 22_lag_25_median_tripol3, 50_lag_ormenSSTjfm, 48_lag_shSICsep, 51_lag_traMC, 49_lag_mhfATL60, 37_lag_atlSICjfm, 34_lag_traWP, 22_lag_yrvPRjja, 24_lag_tripol3, 35_lag_AMOCann, 46_lag_traEU, 33_lag_stratZ50ndj02, 34_lag_yrvPRjja, 46_lag_tripol3, 24_lag_shSICmar_3776_22"
LinearRegression,38,30,traCA,picntrl,1552.5,2050.5,0.8,53,23,23,13.820716402606102,0.03701684019307738,3776,"['23_lag_26_median_tripol3', '35_lag_traEC', '36_lag_traFB', '33_lag_eurPSLjfm', '23_lag_24_median_tripol3', '24_lag_tripol3', '23_lag_ginwSSTjfm', '38_lag_traIFC', '31_lag_yrvPRjja', '46_lag_nchinaPRjja', '28_lag_traFB', '31_lag_traEU', '43_lag_traIT', '23_lag_amo2', '37_lag_atlSICjfm', '40_lag_ginwSSTjfm', '51_lag_traMC', '24_lag_shSICmar', '23_lag_24_median_shSICmar', '50_lag_ormenSSTjfm', '49_lag_mhfATL60', '30_lag_samPSLann', '34_lag_yrvPRjja', '52_lag_eurPSLjfm', '35_lag_AMOCann', '34_lag_traWP', '33_lag_stratZ50ndj02', '48_lag_traWP', '46_lag_traEU', '46_lag_tripol3']","[0.06843313933220263, 0.029350542573867183, 0.07650163686767607, 0.11373847007896046, 7264348035979.897, 7264348035979.798, 0.10719435472564037, 0.10611926963307097, 0.04618630752277254, 0.08350272336290179, 0.060791480667105234, 0.1126889034006571, 0.03196179488993108, 0.016833550740942047, 0.07677632502129134, 0.0982835565229826, 0.10359208897752391, 2160833598970.2603, 2160833598970.3696, 0.0883257930586987, 0.10898272902949781, 0.1304566263935339, 0.028365372577225434, 0.09000150616174189, 0.26744902941335796, 0.07223334780416592, 0.08744602661442402, 0.12069712109955033, 0.05268566419652573, 0.04599949563304182]","23_lag_26_median_tripol3, 35_lag_traEC, 36_lag_traFB, 33_lag_eurPSLjfm, 23_lag_24_median_tripol3, 24_lag_tripol3, 23_lag_ginwSSTjfm, 38_lag_traIFC, 31_lag_yrvPRjja, 46_lag_nchinaPRjja, 28_lag_traFB, 31_lag_traEU, 43_lag_traIT, 23_lag_amo2, 37_lag_atlSICjfm, 40_lag_ginwSSTjfm, 51_lag_traMC, 24_lag_shSICmar, 23_lag_24_median_shSICmar, 50_lag_ormenSSTjfm, 49_lag_mhfATL60, 30_lag_samPSLann, 34_lag_yrvPRjja, 52_lag_eurPSLjfm, 35_lag_AMOCann, 34_lag_traWP, 33_lag_stratZ50ndj02, 48_lag_traWP, 46_lag_traEU, 46_lag_tripol3_3776_23"
LinearRegression,39,30,traCA,picntrl,1553.5,2050.5,0.8,54,24,24,14.573044898929343,0.0640555639024751,3776,"['48_lag_traWP', '48_lag_ginwSSTjfm', '31_lag_yrvPRjja', '46_lag_nchinaPRjja', '50_lag_traIT', '49_lag_nppc2SSTjfm', '31_lag_traEU', '33_lag_eurPSLjfm', '51_lag_traMC', '32_lag_shSICmar', '50_lag_mhfATL60', '28_lag_traFB', '40_lag_ginwSSTjfm', '36_lag_stratZ50ndj03', '34_lag_yrvPRjja', '43_lag_traIT', '46_lag_tripol3', '53_lag_yrvPRjja', '52_lag_eurPSLjfm', '30_lag_samPSLann', '50_lag_ormenSSTjfm', '46_lag_traEU', '27_lag_alpi', '24_lag_traTLS', '49_lag_mhfATL60', '35_lag_AMOCann', '34_lag_traWP', '33_lag_stratZ50ndj02', '24_lag_tripol3', '24_lag_shSICmar']","[0.12091516815568813, 0.1069158099138795, 0.054081098145231765, 0.06511395703468542, 0.048587270533588925, 0.201439829213322, 0.09340279056364903, 0.10955597901524697, 0.11963481380261011, 0.09777487487270413, 0.022560173901344866, 0.07770877552874449, 0.08983424048931525, 0.07886801686856978, 0.016012390061843417, 0.02824115188037028, 0.059207948587968316, 0.06644532383128057, 0.1106067188463176, 0.12954534452040162, 0.11553704744497945, 0.06797218993938262, 0.03999328871651904, 0.08805037142049427, 0.15130709340733217, 0.292218992707282, 0.05902301517483567, 0.10706486956871972, 0.11963709297116579, 0.10470326705074473]","48_lag_traWP, 48_lag_ginwSSTjfm, 31_lag_yrvPRjja, 46_lag_nchinaPRjja, 50_lag_traIT, 49_lag_nppc2SSTjfm, 31_lag_traEU, 33_lag_eurPSLjfm, 51_lag_traMC, 32_lag_shSICmar, 50_lag_mhfATL60, 28_lag_traFB, 40_lag_ginwSSTjfm, 36_lag_stratZ50ndj03, 34_lag_yrvPRjja, 43_lag_traIT, 46_lag_tripol3, 53_lag_yrvPRjja, 52_lag_eurPSLjfm, 30_lag_samPSLann, 50_lag_ormenSSTjfm, 46_lag_traEU, 27_lag_alpi, 24_lag_traTLS, 49_lag_mhfATL60, 35_lag_AMOCann, 34_lag_traWP, 33_lag_stratZ50ndj02, 24_lag_tripol3, 24_lag_shSICmar_3776_24"
LinearRegression,40,30,traCA,picntrl,1554.5,2050.5,0.8,55,25,25,14.564190660678527,0.05012767201238733,3776,"['38_lag_pdoSSTjfm', '44_lag_eurPSLjfm', '46_lag_tripol3', '36_lag_stratZ50ndj03', '50_lag_shSICmar', '31_lag_yrvPRjja', '25_lag_traFSC', '30_lag_stratZ50ndj02', '54_lag_nhSICsep', '53_lag_yrvPRjja', '25_lag_traWP', '33_lag_eurPSLjfm', '42_lag_stratZ50ndj01', '32_lag_shSICmar', '34_lag_yrvPRjja', '49_lag_nppc2SSTjfm', '27_lag_alpi', '31_lag_traEU', '52_lag_eurPSLjfm', '50_lag_traIT', '50_lag_ormenSSTjfm', '43_lag_traIT', '40_lag_ginwSSTjfm', '46_lag_traEU', '35_lag_AMOCann', '25_lag_traBS', '49_lag_mhfATL60', '30_lag_samPSLann', '33_lag_stratZ50ndj02', '34_lag_traWP']","[0.09274046819824945, 0.06151336532963242, 0.05061444733162598, 0.08931073944565388, 0.10879534553302347, 0.033864778838761496, 0.10006207742994062, 0.11002039118269091, 0.09662242863115739, 0.10716909470830271, 0.10603938283689693, 0.13509159803975393, 0.0995589034498086, 0.08704950613799271, 0.006937072123892663, 0.1988283143240324, 0.042586419659340395, 0.08490788836710715, 0.09234558508653655, 0.027006757557023996, 0.11459206499598554, 0.0844516418623465, 0.13273628733148896, 0.05082034601749627, 0.3143504577127272, 0.10371385533142852, 0.10454868794747903, 0.15652817247678677, 0.08519012562910562, 0.05541826431844055]","38_lag_pdoSSTjfm, 44_lag_eurPSLjfm, 46_lag_tripol3, 36_lag_stratZ50ndj03, 50_lag_shSICmar, 31_lag_yrvPRjja, 25_lag_traFSC, 30_lag_stratZ50ndj02, 54_lag_nhSICsep, 53_lag_yrvPRjja, 25_lag_traWP, 33_lag_eurPSLjfm, 42_lag_stratZ50ndj01, 32_lag_shSICmar, 34_lag_yrvPRjja, 49_lag_nppc2SSTjfm, 27_lag_alpi, 31_lag_traEU, 52_lag_eurPSLjfm, 50_lag_traIT, 50_lag_ormenSSTjfm, 43_lag_traIT, 40_lag_ginwSSTjfm, 46_lag_traEU, 35_lag_AMOCann, 25_lag_traBS, 49_lag_mhfATL60, 30_lag_samPSLann, 33_lag_stratZ50ndj02, 34_lag_traWP_3776_25"
LinearRegression,41,30,traCA,picntrl,1555.5,2050.5,0.8,56,26,26,15.069044154055504,-0.0782044566579991,3776,"['43_lag_alpi', '31_lag_yrvPRjja', '55_lag_eurPSLjfm', '34_lag_mhfATL30', '26_lag_stratZ50ndj04', '32_lag_shSICmar', '42_lag_stratZ50ndj01', '50_lag_shSICmar', '50_lag_ormenSSTjfm', '51_lag_samPSLann', '46_lag_tripol3', '52_lag_eurPSLjfm', '54_lag_nhSICsep', '44_lag_eurPSLjfm', '38_lag_pdoSSTjfm', '48_lag_traWP', '31_lag_traEU', '26_lag_mhfIP30', '33_lag_eurPSLjfm', '30_lag_stratZ50ndj02', '49_lag_mhfATL60', '49_lag_nppc2SSTjfm', '50_lag_traIT', '35_lag_AMOCann', '46_lag_traEU', '43_lag_traIT', '55_lag_stratZ50ndj02', '30_lag_samPSLann', '33_lag_stratZ50ndj02', '34_lag_traWP']","[0.03877066391547626, 0.06463619535921972, 0.0586289870391122, 0.14502708168072645, 0.10845594085238516, 0.08983424683346025, 0.1115963665231442, 0.10060285795896948, 0.10696712022443597, 0.04603612390922089, 0.050696423298879294, 0.11122694408713235, 0.08211170648101822, 0.07607911022532556, 0.085488550395679, 0.12607164123572323, 0.10306548510008208, 0.07762140184821141, 0.1297570624334444, 0.11170003734368703, 0.16661434005883197, 0.20856558063483907, 0.03162157035703009, 0.2545078606066481, 0.026687839001296614, 0.06516153237559978, 0.06672927942145622, 0.1575299089315528, 0.08909269202369201, 0.06705080071674219]","43_lag_alpi, 31_lag_yrvPRjja, 55_lag_eurPSLjfm, 34_lag_mhfATL30, 26_lag_stratZ50ndj04, 32_lag_shSICmar, 42_lag_stratZ50ndj01, 50_lag_shSICmar, 50_lag_ormenSSTjfm, 51_lag_samPSLann, 46_lag_tripol3, 52_lag_eurPSLjfm, 54_lag_nhSICsep, 44_lag_eurPSLjfm, 38_lag_pdoSSTjfm, 48_lag_traWP, 31_lag_traEU, 26_lag_mhfIP30, 33_lag_eurPSLjfm, 30_lag_stratZ50ndj02, 49_lag_mhfATL60, 49_lag_nppc2SSTjfm, 50_lag_traIT, 35_lag_AMOCann, 46_lag_traEU, 43_lag_traIT, 55_lag_stratZ50ndj02, 30_lag_samPSLann, 33_lag_stratZ50ndj02, 34_lag_traWP_3776_26"
LinearRegression,42,30,traCA,picntrl,1556.5,2050.5,0.8,57,27,27,14.391343044701085,0.026028674714196894,3776,"['55_lag_nhSICsep', '27_lag_eurPSLjfm', '35_lag_mhfATL30', '27_lag_glomaSSTjfm', '34_lag_yrvPRjja', '55_lag_eurPSLjfm', '44_lag_eurPSLjfm', '37_lag_atlSICjfm', '50_lag_traIT', '46_lag_nchinaPRjja', '43_lag_alpi', '50_lag_arcTSjfm', '52_lag_eurPSLjfm', '49_lag_mhfATL60', '38_lag_pdoSSTjfm', '36_lag_stratZ50ndj03', '42_lag_stratZ50ndj01', '49_lag_nppc2SSTjfm', '30_lag_samPSLann', '51_lag_traMC', '33_lag_eurPSLjfm', '48_lag_traWP', '35_lag_AMOCann', '27_lag_alpi', '43_lag_traIT', '33_lag_stratZ50ndj02', '46_lag_traEU', '34_lag_traWP', '55_lag_stratZ50ndj02', '31_lag_traEU']","[0.09977275681266191, 0.11313386633939647, 0.03350521479701195, 0.08789067627043333, 0.009497660826047373, 0.08181380541274812, 0.09979886150221554, 0.08522887178615596, 0.052622371081385136, 0.07765708927176669, 0.033521175521374715, 0.03185858729923682, 0.08404206228951355, 0.17558101368797796, 0.0970897957799581, 0.09419081249663602, 0.11571048897544342, 0.1806821054509128, 0.11795698378632523, 0.11576114567864179, 0.1299327354428834, 0.1419359034744708, 0.3195582379402868, 0.07707106319576713, 0.04801353178557825, 0.08983888261134781, 0.05437863531051215, 0.12180451681515923, 0.0829627295026208, 0.11330336755483]","55_lag_nhSICsep, 27_lag_eurPSLjfm, 35_lag_mhfATL30, 27_lag_glomaSSTjfm, 34_lag_yrvPRjja, 55_lag_eurPSLjfm, 44_lag_eurPSLjfm, 37_lag_atlSICjfm, 50_lag_traIT, 46_lag_nchinaPRjja, 43_lag_alpi, 50_lag_arcTSjfm, 52_lag_eurPSLjfm, 49_lag_mhfATL60, 38_lag_pdoSSTjfm, 36_lag_stratZ50ndj03, 42_lag_stratZ50ndj01, 49_lag_nppc2SSTjfm, 30_lag_samPSLann, 51_lag_traMC, 33_lag_eurPSLjfm, 48_lag_traWP, 35_lag_AMOCann, 27_lag_alpi, 43_lag_traIT, 33_lag_stratZ50ndj02, 46_lag_traEU, 34_lag_traWP, 55_lag_stratZ50ndj02, 31_lag_traEU_3776_27"
LinearRegression,43,30,traCA,picntrl,1557.5,2050.5,0.8,58,28,30,15.528646245798209,-0.07471489892482436,3776,"['34_lag_traWP', '50_lag_ormenSSTjfm', '54_lag_ismPRjja', '40_lag_ginwSSTjfm', '53_lag_shSICsep', '44_lag_eurPSLjfm', '34_lag_yrvPRjja', '32_lag_stratZ50ndj02', '43_lag_alpi', '38_lag_pdoSSTjfm', '46_lag_tripol3', '50_lag_traIT', '30_lag_samPSLann', '52_lag_eurPSLjfm', '48_lag_traWP', '50_lag_arcTSjfm', '51_lag_traMC', '55_lag_nchinaPRjja', '42_lag_stratZ50ndj01', '49_lag_mhfATL60', '46_lag_nchinaPRjja', '36_lag_stratZ50ndj03', '55_lag_stratZ50ndj02', '35_lag_AMOCann', '49_lag_nppc2SSTjfm', '33_lag_eurPSLjfm', '46_lag_traEU', '31_lag_traEU', '33_lag_stratZ50ndj02', '43_lag_traIT']","[0.0888548047237984, 0.12038641312870639, 0.08365103104526614, 0.11572423827992424, 0.030517424124236647, 0.09744119438917885, 0.010793458121427266, 0.10173071581288361, 0.04884719839311424, 0.10601894289166225, 0.047329531876732465, 0.04486725552482169, 0.12427043751487027, 0.11621438057123429, 0.15791509876849188, 0.05246783963992456, 0.11681880212458709, 0.06343602663405933, 0.12908432549987725, 0.1839714530244595, 0.08512835616138473, 0.09647090780698278, 0.05134778934238732, 0.29901868134039045, 0.19661150405423802, 0.13396667857317907, 0.07319112179048277, 0.13186838680551322, 0.09928260039823265, 0.04904308835927702]","34_lag_traWP, 50_lag_ormenSSTjfm, 54_lag_ismPRjja, 40_lag_ginwSSTjfm, 53_lag_shSICsep, 44_lag_eurPSLjfm, 34_lag_yrvPRjja, 32_lag_stratZ50ndj02, 43_lag_alpi, 38_lag_pdoSSTjfm, 46_lag_tripol3, 50_lag_traIT, 30_lag_samPSLann, 52_lag_eurPSLjfm, 48_lag_traWP, 50_lag_arcTSjfm, 51_lag_traMC, 55_lag_nchinaPRjja, 42_lag_stratZ50ndj01, 49_lag_mhfATL60, 46_lag_nchinaPRjja, 36_lag_stratZ50ndj03, 55_lag_stratZ50ndj02, 35_lag_AMOCann, 49_lag_nppc2SSTjfm, 33_lag_eurPSLjfm, 46_lag_traEU, 31_lag_traEU, 33_lag_stratZ50ndj02, 43_lag_traIT_3776_30"
LinearRegression,44,30,traCA,picntrl,1558.5,2050.5,0.8,59,29,29,14.557033018483878,0.01838425763747306,3776,"['48_lag_cetTSjfm', '53_lag_shSICsep', '50_lag_arcTSjfm', '34_lag_traWP', '38_lag_atlSICsep', '38_lag_traDS', '54_lag_nhSICsep', '47_lag_traFB', '55_lag_stratZ50ndj02', '55_lag_nchinaPRjja', '51_lag_traMC', '54_lag_ismPRjja', '46_lag_tripol3', '29_lag_yrvPRjja', '35_lag_AMOCann', '50_lag_traIT', '48_lag_traWP', '49_lag_mhfATL60', '42_lag_stratZ50ndj01', '36_lag_stratZ50ndj03', '46_lag_traEC', '31_lag_traEU', '46_lag_nchinaPRjja', '58_lag_ormenSSTjfm', '58_lag_ginwSSTjfm', '46_lag_traEU', '49_lag_nppc2SSTjfm', '33_lag_eurPSLjfm', '33_lag_stratZ50ndj02', '43_lag_traIT']","[0.06767288801888087, 0.05212931897897141, 0.03583726803869105, 0.06383711283663768, 0.073155549757663, 0.08002968846683281, 0.06565108491776486, 0.09553785769761601, 0.06418481227625429, 0.06463454475895507, 0.11539240496251468, 0.08411286394092585, 0.01216806705081479, 0.04986863740530222, 0.26274128240546196, 0.08313514451860944, 0.10363357338852114, 0.1827126656517692, 0.11402109066131216, 0.0947388258218699, 0.023196354103262824, 0.12647461086425046, 0.05366183496617895, 0.08806739864019683, 0.03713608736975327, 0.06807283530863666, 0.19850257105167857, 0.12250363148484822, 0.11510678143250849, 0.027197460510624664]","48_lag_cetTSjfm, 53_lag_shSICsep, 50_lag_arcTSjfm, 34_lag_traWP, 38_lag_atlSICsep, 38_lag_traDS, 54_lag_nhSICsep, 47_lag_traFB, 55_lag_stratZ50ndj02, 55_lag_nchinaPRjja, 51_lag_traMC, 54_lag_ismPRjja, 46_lag_tripol3, 29_lag_yrvPRjja, 35_lag_AMOCann, 50_lag_traIT, 48_lag_traWP, 49_lag_mhfATL60, 42_lag_stratZ50ndj01, 36_lag_stratZ50ndj03, 46_lag_traEC, 31_lag_traEU, 46_lag_nchinaPRjja, 58_lag_ormenSSTjfm, 58_lag_ginwSSTjfm, 46_lag_traEU, 49_lag_nppc2SSTjfm, 33_lag_eurPSLjfm, 33_lag_stratZ50ndj02, 43_lag_traIT_3776_29"
LinearRegression,45,30,traCA,picntrl,1559.5,2050.5,0.8,60,30,30,13.924663897491676,0.055482462073773095,3776,"['38_lag_traDS', '37_lag_shSICsep', '50_lag_shSICmar', '55_lag_stratZ50ndj02', '31_lag_traEU', '30_lag_31_median_traEU', '59_lag_stratZ50ndj01', '46_lag_nchinaPRjja', '51_lag_samPSLann', '49_lag_mhfATL60', '58_lag_ginwSSTjfm', '55_lag_nhSICsep', '52_lag_eurPSLjfm', '30_lag_traFSC', '30_lag_stratZ50ndj02', '50_lag_traIT', '33_lag_eurPSLjfm', '42_lag_shSICmar', '58_lag_ormenSSTjfm', '36_lag_stratZ50ndj03', '30_lag_33_median_eurPSLjfm', '37_lag_yrvPRjja', '42_lag_stratZ50ndj01', '40_lag_ginwSSTjfm', '48_lag_traWP', '30_lag_samPSLann', '46_lag_traEU', '49_lag_nppc2SSTjfm', '43_lag_traIT', '33_lag_stratZ50ndj02']","[0.0771519372176276, 0.10328521968285763, 0.13364912929146142, 0.041978599351174796, 1021947636035.8232, 1021947636035.97, 0.06305503002063659, 0.09461892952135659, 0.02249993759085562, 0.14192284730641, 0.06510006405185156, 0.10263523815598999, 0.039817927191322336, 0.0257124886481615, 0.1265279906913703, 0.06268984728940864, 0.0561756192765854, 0.07367263941687624, 0.07633152223179127, 0.08131721011692813, 0.15129174669961176, 0.07981955254609771, 0.12598340178159229, 0.13724456729037515, 0.11387528380551051, 0.14998533582289897, 0.0874730914177425, 0.17302060905063787, 0.051119863311674035, 0.1012507847816362]","38_lag_traDS, 37_lag_shSICsep, 50_lag_shSICmar, 55_lag_stratZ50ndj02, 31_lag_traEU, 30_lag_31_median_traEU, 59_lag_stratZ50ndj01, 46_lag_nchinaPRjja, 51_lag_samPSLann, 49_lag_mhfATL60, 58_lag_ginwSSTjfm, 55_lag_nhSICsep, 52_lag_eurPSLjfm, 30_lag_traFSC, 30_lag_stratZ50ndj02, 50_lag_traIT, 33_lag_eurPSLjfm, 42_lag_shSICmar, 58_lag_ormenSSTjfm, 36_lag_stratZ50ndj03, 30_lag_33_median_eurPSLjfm, 37_lag_yrvPRjja, 42_lag_stratZ50ndj01, 40_lag_ginwSSTjfm, 48_lag_traWP, 30_lag_samPSLann, 46_lag_traEU, 49_lag_nppc2SSTjfm, 43_lag_traIT, 33_lag_stratZ50ndj02_3776_30"
LinearRegression,46,30,traCA,picntrl,1560.5,2050.5,0.8,61,31,31,15.028109394598264,-0.013629368219330938,3776,"['41_lag_traWP', '36_lag_pdoSSTjfm', '54_lag_nhSICsep', '41_lag_traFS', '37_lag_shSICsep', '49_lag_mhfATL60', '41_lag_stratZ50ndj01', '55_lag_stratZ50ndj02', '55_lag_nhSICsep', '56_lag_amo3', '58_lag_ormenSSTjfm', '53_lag_stratZ50ndj02', '48_lag_traWP', '33_lag_eurPSLjfm', '38_lag_atlSICsep', '33_lag_stratZ50ndj02', '59_lag_stratZ50ndj01', '52_lag_eurPSLjfm', '36_lag_stratZ50ndj03', '42_lag_stratZ50ndj01', '60_lag_traCA', '37_lag_yrvPRjja', '50_lag_traIT', '41_lag_nchinaPRjja', '31_lag_traIT', '46_lag_traEU', '49_lag_nppc2SSTjfm', '40_lag_ginwSSTjfm', '31_lag_traEU', '43_lag_traIT']","[0.07235203190261988, 0.013101488498634017, 0.10718507659192987, 0.08841239055551052, 0.12986870501195796, 0.12873800031780555, 0.07638727736968218, 0.07855689423133394, 0.05664182322725191, 0.04453620941327857, 0.15175448116124174, 0.13499479253253074, 0.10466342164948624, 0.11766200713366474, 0.056326339423685444, 0.13336732719861044, 0.06853831756506003, 0.052981040036283095, 0.07452004845093918, 0.13151609933493374, 0.1867322572277814, 0.09374658636683542, 0.06496948097877353, 0.06759551198043916, 0.16214986473448845, 0.1020885718617397, 0.17232975744519868, 0.1665780023064665, 0.10994666311393636, 0.048608180002009435]","41_lag_traWP, 36_lag_pdoSSTjfm, 54_lag_nhSICsep, 41_lag_traFS, 37_lag_shSICsep, 49_lag_mhfATL60, 41_lag_stratZ50ndj01, 55_lag_stratZ50ndj02, 55_lag_nhSICsep, 56_lag_amo3, 58_lag_ormenSSTjfm, 53_lag_stratZ50ndj02, 48_lag_traWP, 33_lag_eurPSLjfm, 38_lag_atlSICsep, 33_lag_stratZ50ndj02, 59_lag_stratZ50ndj01, 52_lag_eurPSLjfm, 36_lag_stratZ50ndj03, 42_lag_stratZ50ndj01, 60_lag_traCA, 37_lag_yrvPRjja, 50_lag_traIT, 41_lag_nchinaPRjja, 31_lag_traIT, 46_lag_traEU, 49_lag_nppc2SSTjfm, 40_lag_ginwSSTjfm, 31_lag_traEU, 43_lag_traIT_3776_31"
LinearRegression,47,30,traCA,picntrl,1561.5,2050.5,0.8,62,32,32,15.374695575280503,-0.134552918108557,3776,"['59_lag_stratZ50ndj01', '35_lag_AMOCann', '32_lag_stratZ50ndj02', '38_lag_shSICsep', '51_lag_traMC', '46_lag_traTLS', '50_lag_nppc3SSTjfm', '54_lag_nhSICsep', '48_lag_traWP', '37_lag_shSICsep', '42_lag_stratZ50ndj01', '55_lag_nhSICsep', '49_lag_mhfATL60', '58_lag_ormenSSTjfm', '35_lag_yrvPRjja', '38_lag_yrvPRjja', '55_lag_stratZ50ndj02', '60_lag_traCA', '53_lag_stratZ50ndj02', '38_lag_atlSICsep', '38_lag_traDS', '50_lag_traIT', '61_lag_traBO', '46_lag_traEU', '41_lag_nchinaPRjja', '49_lag_nppc2SSTjfm', '61_lag_traCA', '40_lag_ginwSSTjfm', '61_lag_traMC', '43_lag_traIT']","[0.06793206785004141, 0.27516320783247716, 0.0770413339142947, 0.011763984554376373, 0.0739501522553793, 0.06804390779034207, 0.07224577617020554, 0.04728134231223043, 0.07029679547841051, 0.0854557784528181, 0.1017724472497474, 0.10872890087897544, 0.1551845536706811, 0.08262720284127131, 0.03726394768609426, 0.06843763040228355, 0.08499158575576263, 0.08520608517597707, 0.12951547337865202, 0.08030425682535106, 0.031108725152358706, 0.060806922317100526, 0.010475016655575625, 0.03094042682726446, 0.04832450362805545, 0.1753366562954741, 0.0932297363072218, 0.1366161708976553, 0.10984129039076143, 0.06592496304134846]","59_lag_stratZ50ndj01, 35_lag_AMOCann, 32_lag_stratZ50ndj02, 38_lag_shSICsep, 51_lag_traMC, 46_lag_traTLS, 50_lag_nppc3SSTjfm, 54_lag_nhSICsep, 48_lag_traWP, 37_lag_shSICsep, 42_lag_stratZ50ndj01, 55_lag_nhSICsep, 49_lag_mhfATL60, 58_lag_ormenSSTjfm, 35_lag_yrvPRjja, 38_lag_yrvPRjja, 55_lag_stratZ50ndj02, 60_lag_traCA, 53_lag_stratZ50ndj02, 38_lag_atlSICsep, 38_lag_traDS, 50_lag_traIT, 61_lag_traBO, 46_lag_traEU, 41_lag_nchinaPRjja, 49_lag_nppc2SSTjfm, 61_lag_traCA, 40_lag_ginwSSTjfm, 61_lag_traMC, 43_lag_traIT_3776_32"
LinearRegression,48,30,traCA,picntrl,1562.5,2050.5,0.8,63,33,33,14.198128327317516,-0.0911704549832146,3776,"['43_lag_samPSLann', '62_lag_alpi', '49_lag_traMC', '52_lag_mhfIP30', '38_lag_atlSICsep', '41_lag_traWP', '50_lag_shSICmar', '55_lag_nhSICsep', '42_lag_stratZ50ndj01', '48_lag_traWP', '62_lag_tripol3', '38_lag_yrvPRjja', '52_lag_eurPSLjfm', '51_lag_yrvPRjja', '38_lag_traDS', '33_lag_shSICmar', '51_lag_samPSLann', '58_lag_ormenSSTjfm', '33_lag_stratZ50ndj02', '50_lag_traIT', '61_lag_traBO', '49_lag_nppc2SSTjfm', '46_lag_traEU', '62_lag_traBO', '61_lag_traCA', '53_lag_stratZ50ndj02', '33_lag_eurPSLjfm', '61_lag_traMC', '40_lag_ginwSSTjfm', '43_lag_traIT']","[0.08073253596127704, 0.05421193426575828, 0.03868292079964695, 0.05483765896489458, 0.07039731383201146, 0.041970995897346756, 0.12369602337060313, 0.08702386501317491, 0.108418544280838, 0.06913907755103708, 0.03164419973318399, 0.11002281985818751, 0.024039445248019885, 0.07345530233644468, 0.05852072973666819, 0.03442260927335882, 0.01275764476171472, 0.13095344040054166, 0.10068197115752806, 0.06754828802242085, 0.03889041845490535, 0.16385009438822443, 0.0737785217484928, 0.07812754190716072, 0.1478332480362422, 0.13918319516785504, 0.11737659079193388, 0.12380355632661112, 0.1753197594776809, 0.0880758714532615]","43_lag_samPSLann, 62_lag_alpi, 49_lag_traMC, 52_lag_mhfIP30, 38_lag_atlSICsep, 41_lag_traWP, 50_lag_shSICmar, 55_lag_nhSICsep, 42_lag_stratZ50ndj01, 48_lag_traWP, 62_lag_tripol3, 38_lag_yrvPRjja, 52_lag_eurPSLjfm, 51_lag_yrvPRjja, 38_lag_traDS, 33_lag_shSICmar, 51_lag_samPSLann, 58_lag_ormenSSTjfm, 33_lag_stratZ50ndj02, 50_lag_traIT, 61_lag_traBO, 49_lag_nppc2SSTjfm, 46_lag_traEU, 62_lag_traBO, 61_lag_traCA, 53_lag_stratZ50ndj02, 33_lag_eurPSLjfm, 61_lag_traMC, 40_lag_ginwSSTjfm, 43_lag_traIT_3776_33"
LinearRegression,49,30,traCA,picntrl,1563.5,2050.5,0.8,64,34,38,13.76351968808235,-0.0005045958140669649,3776,"['44_lag_satlSSTjfm', '38_lag_yrvPRjja', '55_lag_nhSICsep', '60_lag_traCA', '51_lag_samPSLann', '58_lag_ginwSSTjfm', '49_lag_mhfATL60', '38_lag_traDS', '63_lag_traWP', '62_lag_traBO', '50_lag_shSICmar', '63_lag_stratZ50ndj01', '51_lag_traMC', '41_lag_traWP', '58_lag_cetTSjfm', '62_lag_alpi', '58_lag_ormenSSTjfm', '46_lag_traEU', '51_lag_yrvPRjja', '61_lag_traMC', '41_lag_stratZ50ndj01', '61_lag_traCA', '48_lag_traWP', '53_lag_stratZ50ndj02', '52_lag_eurPSLjfm', '49_lag_nppc2SSTjfm', '50_lag_traIT', '61_lag_traBO', '43_lag_traIT', '40_lag_ginwSSTjfm']","[0.1279646096436668, 0.13139884042411132, 0.0992266927476774, 0.0864940774801125, 0.031807616349648744, 0.08118513174320735, 0.08515180675453811, 0.05130149846933253, 0.01764786003853649, 0.0966345799896942, 0.14450513277044646, 0.07298274810944033, 0.06651094331345017, 0.04613623078360619, 0.10446870931526724, 0.04384610347419868, 0.11593656906413113, 0.07432713255242292, 0.07786065437340381, 0.1124051859777643, 0.10708522830781592, 0.0834655120032878, 0.08152850483288081, 0.1268150675425789, 0.04654940893049291, 0.1559827688471628, 0.06144792070476171, 0.035356166479630434, 0.04987849187245479, 0.16015346888690712]","44_lag_satlSSTjfm, 38_lag_yrvPRjja, 55_lag_nhSICsep, 60_lag_traCA, 51_lag_samPSLann, 58_lag_ginwSSTjfm, 49_lag_mhfATL60, 38_lag_traDS, 63_lag_traWP, 62_lag_traBO, 50_lag_shSICmar, 63_lag_stratZ50ndj01, 51_lag_traMC, 41_lag_traWP, 58_lag_cetTSjfm, 62_lag_alpi, 58_lag_ormenSSTjfm, 46_lag_traEU, 51_lag_yrvPRjja, 61_lag_traMC, 41_lag_stratZ50ndj01, 61_lag_traCA, 48_lag_traWP, 53_lag_stratZ50ndj02, 52_lag_eurPSLjfm, 49_lag_nppc2SSTjfm, 50_lag_traIT, 61_lag_traBO, 43_lag_traIT, 40_lag_ginwSSTjfm_3776_38"
LinearRegression,50,30,traCA,picntrl,1564.5,2050.5,0.8,65,35,35,14.319581680742022,-0.023261751799089576,3776,"['48_lag_traWP', '64_lag_shSICsep', '62_lag_amoSSTmjjaso', '53_lag_stratZ50ndj03', '55_lag_nhSICsep', '49_lag_mhfATL60', '51_lag_traMC', '51_lag_samPSLann', '58_lag_ginwSSTjfm', '41_lag_ormenSSTjfm', '35_lag_atlSICjfm', '46_lag_traEU', '58_lag_atlSICsep', '35_lag_AMOCann', '58_lag_cetTSjfm', '58_lag_ormenSSTjfm', '51_lag_yrvPRjja', '49_lag_nppc2SSTjfm', '50_lag_shSICmar', '52_lag_eurPSLjfm', '41_lag_traWP', '50_lag_traIT', '61_lag_traCA', '62_lag_alpi', '61_lag_traMC', '35_lag_yrvPRjja', '61_lag_traBO', '53_lag_stratZ50ndj02', '43_lag_traIT', '40_lag_ginwSSTjfm']","[0.06698113382653183, 0.09088409592843423, 0.14263684925787573, 0.06686441213559115, 0.10337883304818421, 0.1368538575113914, 0.05786381911286528, 0.04770858724427453, 0.049212196082701595, 0.055335480821141765, 0.09313736871159956, 0.014794775695229034, 0.06354682428896824, 0.3302240013987255, 0.0993035710702069, 0.07315520014399221, 0.05157969650799023, 0.148376000911076, 0.11998541711612597, 0.07124301755317952, 0.030666928075417876, 0.05609640965347443, 0.16262083880890849, 0.0022429849114473143, 0.12702260045631503, 0.03458989545305296, 3.56671040741856e-05, 0.11410712023227872, 0.06390613074504685, 0.15198878669909652]","48_lag_traWP, 64_lag_shSICsep, 62_lag_amoSSTmjjaso, 53_lag_stratZ50ndj03, 55_lag_nhSICsep, 49_lag_mhfATL60, 51_lag_traMC, 51_lag_samPSLann, 58_lag_ginwSSTjfm, 41_lag_ormenSSTjfm, 35_lag_atlSICjfm, 46_lag_traEU, 58_lag_atlSICsep, 35_lag_AMOCann, 58_lag_cetTSjfm, 58_lag_ormenSSTjfm, 51_lag_yrvPRjja, 49_lag_nppc2SSTjfm, 50_lag_shSICmar, 52_lag_eurPSLjfm, 41_lag_traWP, 50_lag_traIT, 61_lag_traCA, 62_lag_alpi, 61_lag_traMC, 35_lag_yrvPRjja, 61_lag_traBO, 53_lag_stratZ50ndj02, 43_lag_traIT, 40_lag_ginwSSTjfm_3776_35"
LinearRegression,51,30,traCA,picntrl,1565.5,2050.5,0.8,66,36,36,14.479222702348244,-0.07473545334985202,3776,"['41_lag_traWP', '56_lag_amo3', '64_lag_shSICsep', '54_lag_traFB', '52_lag_eurPSLjfm', '63_lag_shSICmar', '45_lag_ginwSSTjfm', '41_lag_ormenSSTjfm', '61_lag_traBO', '53_lag_stratZ50ndj03', '59_lag_stratZ50ndj01', '58_lag_ormenSSTjfm', '61_lag_traCA', '49_lag_mhfATL60', '58_lag_atlSICsep', '64_lag_tripol3', '36_lag_traFB', '46_lag_traEU', '50_lag_traIT', '36_lag_atlSICjfm', '49_lag_nppc2SSTjfm', '58_lag_cetTSjfm', '58_lag_ginwSSTjfm', '65_lag_ormenSSTjfm', '62_lag_alpi', '50_lag_shSICmar', '43_lag_traIT', '53_lag_stratZ50ndj02', '61_lag_traMC', '40_lag_ginwSSTjfm']","[0.04224791960683084, 0.10164272379124277, 0.015467321630349532, 0.1000066923936339, 0.06478020242737109, 0.0394562673948218, 0.07454103383158324, 0.06898859844762975, 0.005785113179265, 0.08055505563086775, 0.07404547286331467, 0.09056089280445832, 0.19260090459498316, 0.1010429086784855, 0.10609413060332569, 0.026900117610567917, 0.134366063337845, 0.05206169101604892, 0.052552408693691814, 0.11089358993700317, 0.1291226375068227, 0.08611788965193183, 0.07977038355001104, 0.17556460290530299, 0.045615924733944484, 0.1651511945308358, 0.07263866816821707, 0.11079625666974388, 0.15458401357656548, 0.18820180501048805]","41_lag_traWP, 56_lag_amo3, 64_lag_shSICsep, 54_lag_traFB, 52_lag_eurPSLjfm, 63_lag_shSICmar, 45_lag_ginwSSTjfm, 41_lag_ormenSSTjfm, 61_lag_traBO, 53_lag_stratZ50ndj03, 59_lag_stratZ50ndj01, 58_lag_ormenSSTjfm, 61_lag_traCA, 49_lag_mhfATL60, 58_lag_atlSICsep, 64_lag_tripol3, 36_lag_traFB, 46_lag_traEU, 50_lag_traIT, 36_lag_atlSICjfm, 49_lag_nppc2SSTjfm, 58_lag_cetTSjfm, 58_lag_ginwSSTjfm, 65_lag_ormenSSTjfm, 62_lag_alpi, 50_lag_shSICmar, 43_lag_traIT, 53_lag_stratZ50ndj02, 61_lag_traMC, 40_lag_ginwSSTjfm_3776_36"
LinearRegression,52,30,traCA,picntrl,1566.5,2050.5,0.8,67,37,37,13.152082751106791,0.026391730149613976,3776,"['47_lag_eapPSLjfm', '64_lag_shSICsep', '58_lag_ormenSSTjfm', '47_lag_stratZ50ndj04', '49_lag_nppc2SSTjfm', '66_lag_traEC', '61_lag_traBO', '62_lag_amoSSTmjjaso', '41_lag_ormenSSTjfm', '62_lag_traFSC', '57_lag_stratZ50ndj03', '51_lag_traMC', '61_lag_traCA', '46_lag_traEU', '37_lag_ismPRjja', '58_lag_atlSICsep', '62_lag_alpi', '52_lag_tripol3', '58_lag_ginwSSTjfm', '66_lag_satlSSTjfm', '66_lag_mhfATL30', '50_lag_traIT', '43_lag_traIT', '37_lag_yrvPRjja', '58_lag_cetTSjfm', '50_lag_shSICmar', '64_lag_tripol3', '61_lag_traMC', '40_lag_ginwSSTjfm', '53_lag_stratZ50ndj02']","[0.05848874974293794, 0.05564687180236651, 0.10996239083035503, 0.09757571898763599, 0.1344687547745943, 0.09225273434301548, 0.014739820617923019, 0.13220729798137787, 0.06175723640253143, 0.18036112511919244, 0.06037736993483781, 0.05334375107395995, 0.12517099871666107, 0.0661165523344621, 0.09054229497807009, 0.08735219082715155, 0.05174462790832466, 0.06335370531851797, 0.0324936725863925, 0.1488530586782003, 0.10338976558184984, 0.01923466157007577, 0.08692148143364674, 0.08057816910579123, 0.09753924688660744, 0.11125803344639867, 0.06603838881818169, 0.13313676142195638, 0.15493305513382352, 0.1498302472064046]","47_lag_eapPSLjfm, 64_lag_shSICsep, 58_lag_ormenSSTjfm, 47_lag_stratZ50ndj04, 49_lag_nppc2SSTjfm, 66_lag_traEC, 61_lag_traBO, 62_lag_amoSSTmjjaso, 41_lag_ormenSSTjfm, 62_lag_traFSC, 57_lag_stratZ50ndj03, 51_lag_traMC, 61_lag_traCA, 46_lag_traEU, 37_lag_ismPRjja, 58_lag_atlSICsep, 62_lag_alpi, 52_lag_tripol3, 58_lag_ginwSSTjfm, 66_lag_satlSSTjfm, 66_lag_mhfATL30, 50_lag_traIT, 43_lag_traIT, 37_lag_yrvPRjja, 58_lag_cetTSjfm, 50_lag_shSICmar, 64_lag_tripol3, 61_lag_traMC, 40_lag_ginwSSTjfm, 53_lag_stratZ50ndj02_3776_37"
LinearRegression,53,30,traCA,picntrl,1567.5,2050.5,0.8,68,38,38,13.604580296670624,0.06340763603173619,3776,"['52_lag_stratZ50ndj01', '63_lag_shSICmar', '48_lag_atlSICjfm', '44_lag_ismPRjja', '46_lag_traEU', '62_lag_alpi', '58_lag_ginwSSTjfm', '53_lag_yrvPRjja', '49_lag_nppc2SSTjfm', '58_lag_cetTSjfm', '67_lag_ginwSSTjfm', '66_lag_satlSSTjfm', '61_lag_mhfIP30', '38_lag_traDS', '61_lag_traCA', '38_lag_yrvPRjja', '54_lag_shSICmar', '67_lag_mhfATL30', '67_lag_alpi', '58_lag_atlSICsep', '62_lag_traFSC', '43_lag_traIT', '50_lag_traIT', '51_lag_traMC', '50_lag_shSICmar', '64_lag_tripol3', '61_lag_traMC', '52_lag_tripol3', '40_lag_ginwSSTjfm', '53_lag_stratZ50ndj02']","[0.06786680111625411, 0.07442601035787089, 0.11997499643759925, 0.1060942813143839, 0.04642970539074568, 0.059780860487192854, 0.09013684659932496, 0.09750352393240728, 0.14385791727484223, 0.11449825366226894, 0.04466349754921204, 0.09724420101296087, 0.07366905049440406, 0.03576034328500028, 0.11561027242428673, 0.14182160848165215, 0.09948064026423684, 0.10463920360408104, 0.038119746741683856, 0.08723138669854409, 0.1618322876667393, 0.08152069948765066, 0.047290054820180276, 0.047521599439514256, 0.06862286394540128, 0.06223877281716943, 0.15947359484480894, 0.05748287487745294, 0.13611956151301313, 0.12486063109599431]","52_lag_stratZ50ndj01, 63_lag_shSICmar, 48_lag_atlSICjfm, 44_lag_ismPRjja, 46_lag_traEU, 62_lag_alpi, 58_lag_ginwSSTjfm, 53_lag_yrvPRjja, 49_lag_nppc2SSTjfm, 58_lag_cetTSjfm, 67_lag_ginwSSTjfm, 66_lag_satlSSTjfm, 61_lag_mhfIP30, 38_lag_traDS, 61_lag_traCA, 38_lag_yrvPRjja, 54_lag_shSICmar, 67_lag_mhfATL30, 67_lag_alpi, 58_lag_atlSICsep, 62_lag_traFSC, 43_lag_traIT, 50_lag_traIT, 51_lag_traMC, 50_lag_shSICmar, 64_lag_tripol3, 61_lag_traMC, 52_lag_tripol3, 40_lag_ginwSSTjfm, 53_lag_stratZ50ndj02_3776_38"
LinearRegression,54,30,traCA,picntrl,1568.5,2050.5,0.8,69,39,39,14.683834784620712,-0.08497824292266193,3776,"['66_lag_traEC', '62_lag_amoSSTmjjaso', '48_lag_atlSICjfm', '53_lag_stratZ50ndj03', '41_lag_stratZ50ndj01', '54_lag_shSICmar', '68_lag_amo3', '67_lag_yrvPRjja', '61_lag_mhfIP30', '62_lag_alpi', '47_lag_stratZ50ndj04', '49_lag_nppc2SSTjfm', '49_lag_mhfATL60', '61_lag_traCA', '51_lag_traMC', '52_lag_tripol3', '66_lag_satlSSTjfm', '67_lag_alpi', '58_lag_atlSICsep', '39_lag_42_median_stratZ50ndj01', '39_lag_40_median_ginwSSTjfm', '40_lag_ginwSSTjfm', '62_lag_traFSC', '43_lag_traIT', '55_lag_stratZ50ndj02', '61_lag_traMC', '50_lag_traIT', '50_lag_shSICmar', '53_lag_stratZ50ndj02', '64_lag_tripol3']","[0.08665429055142401, 0.11746548584798404, 0.1294104158794695, 0.047241014264003706, 0.005285575926581004, 0.1272395678598021, 0.13499956644998376, 0.1088744273216322, 0.0630489438363554, 0.03980853293029633, 0.056397507742247596, 0.17458413474002904, 0.10541936110885225, 0.10246755476719469, 0.06342096240785886, 0.06671297021781845, 0.0985256498655341, 0.028382743894715734, 0.08189760606897185, 0.3097740743494801, 0.08976829772739499, 0.08976829772739507, 0.17385746480591407, 0.04025062469724279, 0.05657389861871895, 0.164503773200021, 0.02533658796232106, 0.07690095295213295, 0.1267938254636371, 0.11667135744929714]","66_lag_traEC, 62_lag_amoSSTmjjaso, 48_lag_atlSICjfm, 53_lag_stratZ50ndj03, 41_lag_stratZ50ndj01, 54_lag_shSICmar, 68_lag_amo3, 67_lag_yrvPRjja, 61_lag_mhfIP30, 62_lag_alpi, 47_lag_stratZ50ndj04, 49_lag_nppc2SSTjfm, 49_lag_mhfATL60, 61_lag_traCA, 51_lag_traMC, 52_lag_tripol3, 66_lag_satlSSTjfm, 67_lag_alpi, 58_lag_atlSICsep, 39_lag_42_median_stratZ50ndj01, 39_lag_40_median_ginwSSTjfm, 40_lag_ginwSSTjfm, 62_lag_traFSC, 43_lag_traIT, 55_lag_stratZ50ndj02, 61_lag_traMC, 50_lag_traIT, 50_lag_shSICmar, 53_lag_stratZ50ndj02, 64_lag_tripol3_3776_39"
LinearRegression,55,30,traCA,picntrl,1569.5,2050.5,0.8,70,40,40,13.897742850020132,-0.06949870400152423,3776,"['69_lag_neurTSjfm', '66_lag_satlSSTjfm', '61_lag_traBO', '50_lag_shSICmar', '47_lag_traTLS', '68_lag_amo3', '47_lag_eapPSLjfm', '58_lag_cetTSjfm', '67_lag_traBS', '58_lag_ginwSSTjfm', '61_lag_traCA', '66_lag_mhfATL30', '58_lag_stratZ50ndj03', '47_lag_stratZ50ndj04', '51_lag_traMC', '67_lag_alpi', '47_lag_stratZ50ndj03', '52_lag_tripol3', '43_lag_traIT', '55_lag_stratZ50ndj02', '54_lag_shSICmar', '58_lag_atlSICsep', '62_lag_traFSC', '50_lag_traIT', '64_lag_tripol3', '69_lag_traTLS', '61_lag_traMC', '69_lag_tripol3', '53_lag_stratZ50ndj02', '40_lag_ginwSSTjfm']","[0.037328132397202715, 0.13462147372102645, 0.04716794590941477, 0.0756120076575934, 0.1414562804085626, 0.15124581283822122, 0.05190047635073624, 0.07028026311450969, 0.05957713329872119, 0.10797836109091614, 0.030236455768748498, 0.08561302898098198, 0.08164133737999982, 0.10328367197088685, 0.08801648699562266, 0.01565633611843366, 0.07335613355058308, 0.0823645665942541, 0.05566700960249758, 0.08374609911362535, 0.08835943897790088, 0.10533778290983475, 0.14738380015864652, 0.060964437156237644, 0.05958080898940742, 0.055564404484496774, 0.15579523698263814, 0.08688617419341418, 0.12320124011602637, 0.14141848702015491]","69_lag_neurTSjfm, 66_lag_satlSSTjfm, 61_lag_traBO, 50_lag_shSICmar, 47_lag_traTLS, 68_lag_amo3, 47_lag_eapPSLjfm, 58_lag_cetTSjfm, 67_lag_traBS, 58_lag_ginwSSTjfm, 61_lag_traCA, 66_lag_mhfATL30, 58_lag_stratZ50ndj03, 47_lag_stratZ50ndj04, 51_lag_traMC, 67_lag_alpi, 47_lag_stratZ50ndj03, 52_lag_tripol3, 43_lag_traIT, 55_lag_stratZ50ndj02, 54_lag_shSICmar, 58_lag_atlSICsep, 62_lag_traFSC, 50_lag_traIT, 64_lag_tripol3, 69_lag_traTLS, 61_lag_traMC, 69_lag_tripol3, 53_lag_stratZ50ndj02, 40_lag_ginwSSTjfm_3776_40"
LinearRegression,56,30,traCA,picntrl,1570.5,2050.5,0.8,71,41,41,14.441294953988677,-0.11358406499112783,3776,"['49_lag_mhfATL60', '52_lag_stratZ50ndj01', '66_lag_satlSSTjfm', '41_lag_stratZ50ndj01', '58_lag_ginwSSTjfm', '61_lag_traCA', '66_lag_mhfATL30', '44_lag_traEU', '64_lag_stratZ50ndj02', '57_lag_yrvPRjja', '47_lag_traTLS', '41_lag_nchinaPRjja', '55_lag_stratZ50ndj02', '69_lag_traEC', '47_lag_eapPSLjfm', '47_lag_stratZ50ndj03', '47_lag_stratZ50ndj04', '62_lag_traFSC', '58_lag_atlSICsep', '51_lag_traMC', '50_lag_traIT', '43_lag_traIT', '58_lag_stratZ50ndj03', '67_lag_alpi', '52_lag_tripol3', '61_lag_traMC', '53_lag_stratZ50ndj02', '54_lag_shSICmar', '64_lag_tripol3', '69_lag_tripol3']","[0.06209403931121365, 0.010813370803018295, 0.13730846356169843, 0.059855409154115545, 0.10580588737124637, 0.11285486211272687, 0.14495640927956174, 0.0044281251799495455, 0.0846400706911232, 0.13112353746240366, 0.14023766493301534, 0.09625747515972753, 0.09502354793707835, 0.11419568512072795, 0.07236018420123826, 0.06502566363994496, 0.0941177677487495, 0.12526315308070607, 0.12849550641399618, 0.10892991571043713, 0.054594730250232995, 0.052097134344199734, 0.07527403319333306, 0.037727521975994785, 0.10357605191377015, 0.19167529384077975, 0.13647457027919926, 0.12109620640282846, 0.05421821875840685, 0.11077064947654808]","49_lag_mhfATL60, 52_lag_stratZ50ndj01, 66_lag_satlSSTjfm, 41_lag_stratZ50ndj01, 58_lag_ginwSSTjfm, 61_lag_traCA, 66_lag_mhfATL30, 44_lag_traEU, 64_lag_stratZ50ndj02, 57_lag_yrvPRjja, 47_lag_traTLS, 41_lag_nchinaPRjja, 55_lag_stratZ50ndj02, 69_lag_traEC, 47_lag_eapPSLjfm, 47_lag_stratZ50ndj03, 47_lag_stratZ50ndj04, 62_lag_traFSC, 58_lag_atlSICsep, 51_lag_traMC, 50_lag_traIT, 43_lag_traIT, 58_lag_stratZ50ndj03, 67_lag_alpi, 52_lag_tripol3, 61_lag_traMC, 53_lag_stratZ50ndj02, 54_lag_shSICmar, 64_lag_tripol3, 69_lag_tripol3_3776_41"
LinearRegression,57,30,traCA,picntrl,1571.5,2050.5,0.8,72,42,45,13.529224851552918,-0.0023661182836167693,3776,"['55_lag_stratZ50ndj02', '65_lag_yrvPRjja', '47_lag_eapPSLjfm', '55_lag_shSICmar', '63_lag_shSICmar', '58_lag_atlSICsep', '62_lag_traBO', '69_lag_traEC', '66_lag_satlSSTjfm', '62_lag_alpi', '45_lag_atlSICsep', '57_lag_yrvPRjja', '53_lag_yrvPRjja', '61_lag_traCA', '46_lag_stratZ50ndj04', '62_lag_traFSC', '51_lag_traMC', '71_lag_labSSTjfm', '47_lag_stratZ50ndj04', '50_lag_nchinaPRjja', '47_lag_traTLS', '50_lag_traIT', '54_lag_shSICmar', '67_lag_alpi', '58_lag_stratZ50ndj03', '61_lag_traMC', '52_lag_tripol3', '69_lag_tripol3', '53_lag_stratZ50ndj02', '64_lag_tripol3']","[0.10509666836375073, 0.07228153140729532, 0.06469298118429113, 0.029625419544263783, 0.02387095200542812, 0.07751666511471568, 0.0467207407946531, 0.10661732524147709, 0.14060055802843102, 0.05306896686768572, 0.01015012533793655, 0.13230623641180506, 0.10066166778239466, 0.11078031950780735, 0.05542692474417467, 0.13678799044498768, 0.11661945885069253, 0.12716952362875195, 0.09336286827299038, 0.04348572536589407, 0.13180559439415612, 0.054381263646647804, 0.12441477749670492, 0.041547347653510244, 0.07994252930380716, 0.1938566226623404, 0.1072582617806651, 0.10569860919131945, 0.13054107201050472, 0.0966017269618501]","55_lag_stratZ50ndj02, 65_lag_yrvPRjja, 47_lag_eapPSLjfm, 55_lag_shSICmar, 63_lag_shSICmar, 58_lag_atlSICsep, 62_lag_traBO, 69_lag_traEC, 66_lag_satlSSTjfm, 62_lag_alpi, 45_lag_atlSICsep, 57_lag_yrvPRjja, 53_lag_yrvPRjja, 61_lag_traCA, 46_lag_stratZ50ndj04, 62_lag_traFSC, 51_lag_traMC, 71_lag_labSSTjfm, 47_lag_stratZ50ndj04, 50_lag_nchinaPRjja, 47_lag_traTLS, 50_lag_traIT, 54_lag_shSICmar, 67_lag_alpi, 58_lag_stratZ50ndj03, 61_lag_traMC, 52_lag_tripol3, 69_lag_tripol3, 53_lag_stratZ50ndj02, 64_lag_tripol3_3776_45"
LinearRegression,58,30,traCA,picntrl,1572.5,2050.5,0.8,73,43,45,14.01729151823541,-0.035925734601646,3776,"['50_lag_amo3', '65_lag_yrvPRjja', '59_lag_stratZ50ndj03', '47_lag_stratZ50ndj03', '58_lag_ginwSSTjfm', '71_lag_pdoSSTjfm', '72_lag_stratZ50ndj01', '57_lag_yrvPRjja', '50_lag_nppc3SSTjfm', '51_lag_traMC', '61_lag_traCA', '54_lag_shSICmar', '47_lag_traTLS', '62_lag_traFSC', '47_lag_stratZ50ndj04', '46_lag_stratZ50ndj04', '62_lag_traBO', '45_lag_atlSICsep', '53_lag_yrvPRjja', '50_lag_nchinaPRjja', '55_lag_stratZ50ndj02', '62_lag_alpi', '69_lag_tripol3', '58_lag_stratZ50ndj03', '50_lag_traIT', '61_lag_traMC', '52_lag_tripol3', '64_lag_tripol3', '53_lag_stratZ50ndj02', '67_lag_alpi']","[0.0105009203039757, 0.09403220511541391, 0.12065135471150296, 0.06742568582227919, 0.10309019407498043, 0.024620312699514188, 0.10470843936202036, 0.1298044705242975, 0.12669486809960118, 0.08242341682204334, 0.10504674248267204, 0.1005030951972646, 0.12702603837687335, 0.10359228720014198, 0.10331341247627161, 0.06069261721380486, 0.05974804775282435, 0.03214664578039271, 0.10164597402224469, 0.03670604823813383, 0.10628181501559517, 0.04159967779550375, 0.09706247444275962, 0.09921624891310266, 0.06051348101184059, 0.17541694465605145, 0.11071933615321711, 0.07045131938833575, 0.10291082894543045, 0.033093684618332]","50_lag_amo3, 65_lag_yrvPRjja, 59_lag_stratZ50ndj03, 47_lag_stratZ50ndj03, 58_lag_ginwSSTjfm, 71_lag_pdoSSTjfm, 72_lag_stratZ50ndj01, 57_lag_yrvPRjja, 50_lag_nppc3SSTjfm, 51_lag_traMC, 61_lag_traCA, 54_lag_shSICmar, 47_lag_traTLS, 62_lag_traFSC, 47_lag_stratZ50ndj04, 46_lag_stratZ50ndj04, 62_lag_traBO, 45_lag_atlSICsep, 53_lag_yrvPRjja, 50_lag_nchinaPRjja, 55_lag_stratZ50ndj02, 62_lag_alpi, 69_lag_tripol3, 58_lag_stratZ50ndj03, 50_lag_traIT, 61_lag_traMC, 52_lag_tripol3, 64_lag_tripol3, 53_lag_stratZ50ndj02, 67_lag_alpi_3776_45"
LinearRegression,59,30,traCA,picntrl,1573.5,2050.5,0.8,74,44,44,13.434403506003571,0.06781169432961776,3776,"['56_lag_stratZ50ndj02', '47_lag_stratZ50ndj04', '60_lag_eurPSLjfm', '50_lag_amo3', '49_lag_shSICsep', '66_lag_satlSSTjfm', '51_lag_traMC', '47_lag_eapPSLjfm', '44_lag_ismPRjja', '71_lag_pdoSSTjfm', '61_lag_traCA', '62_lag_traFSC', '62_lag_traBO', '62_lag_alpi', '73_lag_traEC', '50_lag_nchinaPRjja', '65_lag_yrvPRjja', '50_lag_traIT', '55_lag_stratZ50ndj02', '54_lag_shSICmar', '57_lag_yrvPRjja', '46_lag_stratZ50ndj04', '53_lag_yrvPRjja', '69_lag_tripol3', '58_lag_stratZ50ndj03', '52_lag_tripol3', '61_lag_traMC', '67_lag_alpi', '64_lag_tripol3', '53_lag_stratZ50ndj02']","[0.1323003835212096, 0.05970928187698865, 0.10345285656169577, 0.00860138574861358, 0.034759936885030394, 0.16340812176282488, 0.10462407541241271, 0.04398252784728754, 0.10271707849836076, 0.020150373939208432, 0.11768243695176189, 0.13242080533113898, 0.07621033282395089, 0.06101204526139004, 0.04276694236563884, 0.029327903932386948, 0.0657322187858187, 0.07140666458349501, 0.08356852164089251, 0.09915835156202772, 0.10585778736651684, 0.06543315903285807, 0.10599502613470094, 0.11944410780706179, 0.08853819432624442, 0.08983856843934941, 0.1907782302543589, 0.04736163414898103, 0.08142206576256561, 0.11311795002134642]","56_lag_stratZ50ndj02, 47_lag_stratZ50ndj04, 60_lag_eurPSLjfm, 50_lag_amo3, 49_lag_shSICsep, 66_lag_satlSSTjfm, 51_lag_traMC, 47_lag_eapPSLjfm, 44_lag_ismPRjja, 71_lag_pdoSSTjfm, 61_lag_traCA, 62_lag_traFSC, 62_lag_traBO, 62_lag_alpi, 73_lag_traEC, 50_lag_nchinaPRjja, 65_lag_yrvPRjja, 50_lag_traIT, 55_lag_stratZ50ndj02, 54_lag_shSICmar, 57_lag_yrvPRjja, 46_lag_stratZ50ndj04, 53_lag_yrvPRjja, 69_lag_tripol3, 58_lag_stratZ50ndj03, 52_lag_tripol3, 61_lag_traMC, 67_lag_alpi, 64_lag_tripol3, 53_lag_stratZ50ndj02_3776_44"
LinearRegression,60,30,traCA,picntrl,1574.5,2050.5,0.8,75,45,45,13.89320834321468,0.006951145311603429,3776,"['62_lag_traFSC', '62_lag_satlSSTjfm', '74_lag_shSICsep', '45_lag_46_median_stratZ50ndj04', '46_lag_stratZ50ndj04', '45_lag_47_median_stratZ50ndj04', '72_lag_traBO', '67_lag_yrvPRjja', '57_lag_amo1', '47_lag_stratZ50ndj04', '62_lag_traBO', '73_lag_traEC', '65_lag_yrvPRjja', '60_lag_eurPSLjfm', '61_lag_traCA', '55_lag_stratZ50ndj02', '69_lag_tripol3', '48_lag_stratZ50ndj03', '66_lag_satlSSTjfm', '52_lag_tripol3', '74_lag_traTLS', '45_lag_atlSICsep', '54_lag_shSICmar', '67_lag_alpi', '53_lag_yrvPRjja', '61_lag_traMC', '58_lag_stratZ50ndj03', '57_lag_yrvPRjja', '64_lag_tripol3', '53_lag_stratZ50ndj02']","[0.10874143284810349, 0.12335176070709616, 0.1556160270471564, 136520367656.2633, 59047541949.22771, 391135819211.07825, 0.034999123972136656, 0.09777184190727846, 0.05141830179951571, 195567909605.4677, 0.062323405233734544, 0.05341556642633704, 0.07307293248962665, 0.10976838526823054, 0.11055482909530448, 0.07248509769033919, 0.12645097051000065, 0.07534146243939623, 0.12082889352638682, 0.08898760966844528, 0.03080657743142514, 0.06331884342581465, 0.08509134167601451, 0.05176139601842414, 0.10464882808843144, 0.22610302803281218, 0.10036804006124046, 0.13080977443241854, 0.07567544415902877, 0.1260449318380997]","62_lag_traFSC, 62_lag_satlSSTjfm, 74_lag_shSICsep, 45_lag_46_median_stratZ50ndj04, 46_lag_stratZ50ndj04, 45_lag_47_median_stratZ50ndj04, 72_lag_traBO, 67_lag_yrvPRjja, 57_lag_amo1, 47_lag_stratZ50ndj04, 62_lag_traBO, 73_lag_traEC, 65_lag_yrvPRjja, 60_lag_eurPSLjfm, 61_lag_traCA, 55_lag_stratZ50ndj02, 69_lag_tripol3, 48_lag_stratZ50ndj03, 66_lag_satlSSTjfm, 52_lag_tripol3, 74_lag_traTLS, 45_lag_atlSICsep, 54_lag_shSICmar, 67_lag_alpi, 53_lag_yrvPRjja, 61_lag_traMC, 58_lag_stratZ50ndj03, 57_lag_yrvPRjja, 64_lag_tripol3, 53_lag_stratZ50ndj02_3776_45"
LinearRegression,61,30,traCA,picntrl,1575.5,2050.5,0.8,76,46,46,14.407250085224725,0.005622177395356268,3776,"['66_lag_alpi', '65_lag_ormenSSTjfm', '58_lag_ginwSSTjfm', '67_lag_yrvPRjja', '49_lag_stratZ50ndj03', '62_lag_satlSSTjfm', '71_lag_yrvPRjja', '74_lag_shSICsep', '61_lag_traCA', '69_lag_traTLS', '53_lag_yrvPRjja', '66_lag_satlSSTjfm', '51_lag_traMC', '60_lag_eurPSLjfm', '59_lag_stratZ50ndj03', '64_lag_stratZ50ndj04', '57_lag_amo1', '65_lag_yrvPRjja', '52_lag_tripol3', '73_lag_traEC', '67_lag_alpi', '74_lag_traTLS', '53_lag_stratZ50ndj02', '58_lag_stratZ50ndj03', '69_lag_tripol3', '54_lag_shSICmar', '46_lag_stratZ50ndj04', '57_lag_yrvPRjja', '61_lag_traMC', '64_lag_tripol3']","[0.08016411376609489, 0.13633754016273003, 0.09574683511484681, 0.06152754658275651, 0.07575524365065461, 0.13470486184711977, 0.09208772552717646, 0.13047554625959143, 0.13338194752001237, 0.041473235758301134, 0.09246998729452528, 0.0882323874021494, 0.13392967203222694, 0.14067138848975044, 0.11891303406344189, 0.036726418390832315, 0.06696452586766238, 0.08744077504852542, 0.10353764777888715, 0.030989310408729695, 0.029695893694700395, 0.030503236911869392, 0.10370777571314034, 0.11961501534043568, 0.14819340577117038, 0.061913808411318744, 0.03783883671546562, 0.13789369679183844, 0.21284273516585747, 0.059581863626169525]","66_lag_alpi, 65_lag_ormenSSTjfm, 58_lag_ginwSSTjfm, 67_lag_yrvPRjja, 49_lag_stratZ50ndj03, 62_lag_satlSSTjfm, 71_lag_yrvPRjja, 74_lag_shSICsep, 61_lag_traCA, 69_lag_traTLS, 53_lag_yrvPRjja, 66_lag_satlSSTjfm, 51_lag_traMC, 60_lag_eurPSLjfm, 59_lag_stratZ50ndj03, 64_lag_stratZ50ndj04, 57_lag_amo1, 65_lag_yrvPRjja, 52_lag_tripol3, 73_lag_traEC, 67_lag_alpi, 74_lag_traTLS, 53_lag_stratZ50ndj02, 58_lag_stratZ50ndj03, 69_lag_tripol3, 54_lag_shSICmar, 46_lag_stratZ50ndj04, 57_lag_yrvPRjja, 61_lag_traMC, 64_lag_tripol3_3776_46"
LinearRegression,62,30,traCA,picntrl,1576.5,2050.5,0.8,77,47,47,13.7547866765865,0.06763965940018556,3776,"['63_lag_shSICmar', '63_lag_atlSICsep', '47_lag_eapPSLjfm', '66_lag_stratZ50ndj01', '66_lag_alpi', '62_lag_alpi', '72_lag_traBO', '47_lag_stratZ50ndj04', '65_lag_yrvPRjja', '47_lag_traTLS', '69_lag_traTLS', '57_lag_amo1', '74_lag_traTLS', '62_lag_arcTSjfm', '62_lag_scpPSLjfm', '62_lag_satlSSTjfm', '60_lag_eurPSLjfm', '74_lag_shSICsep', '52_lag_tripol3', '73_lag_traEC', '53_lag_yrvPRjja', '51_lag_traMC', '67_lag_alpi', '58_lag_stratZ50ndj03', '53_lag_stratZ50ndj02', '54_lag_shSICmar', '69_lag_tripol3', '57_lag_yrvPRjja', '61_lag_traMC', '64_lag_tripol3']","[0.016895245098490403, 0.04061285599777413, 0.043682375339483805, 0.01490834270508336, 0.08103874804616983, 0.009080778915839919, 0.043724846699804545, 0.06608606220388834, 0.11619423997529635, 0.14241614045604303, 0.049737661894630796, 0.04964436120398854, 0.030815950144837522, 0.12791304929765682, 0.10053306886080886, 0.1354587299628906, 0.14760711414941358, 0.17392391057705586, 0.10977681408903545, 0.033135543032674256, 0.1083481729037602, 0.13845000280625455, 0.04967835782149948, 0.09267021129612879, 0.12875064718314666, 0.10636251638060372, 0.14097110824934753, 0.12104872380774247, 0.20769364852372163, 0.06664069015843484]","63_lag_shSICmar, 63_lag_atlSICsep, 47_lag_eapPSLjfm, 66_lag_stratZ50ndj01, 66_lag_alpi, 62_lag_alpi, 72_lag_traBO, 47_lag_stratZ50ndj04, 65_lag_yrvPRjja, 47_lag_traTLS, 69_lag_traTLS, 57_lag_amo1, 74_lag_traTLS, 62_lag_arcTSjfm, 62_lag_scpPSLjfm, 62_lag_satlSSTjfm, 60_lag_eurPSLjfm, 74_lag_shSICsep, 52_lag_tripol3, 73_lag_traEC, 53_lag_yrvPRjja, 51_lag_traMC, 67_lag_alpi, 58_lag_stratZ50ndj03, 53_lag_stratZ50ndj02, 54_lag_shSICmar, 69_lag_tripol3, 57_lag_yrvPRjja, 61_lag_traMC, 64_lag_tripol3_3776_47"
LinearRegression,63,30,traCA,picntrl,1577.5,2050.5,0.8,78,48,50,14.44797796042963,-0.04295559877177263,3776,"['50_lag_nchinaPRjja', '61_lag_traCA', '71_lag_amo2', '57_lag_amo1', '74_lag_shSICsep', '62_lag_arcTSjfm', '77_lag_yrvPRjja', '63_lag_shSICmar', '53_lag_stratZ50ndj03', '60_lag_traFSC', '53_lag_yrvPRjja', '69_lag_traTLS', '74_lag_traTLS', '66_lag_alpi', '60_lag_eurPSLjfm', '65_lag_yrvPRjja', '62_lag_satlSSTjfm', '77_lag_traEC', '58_lag_stratZ50ndj03', '62_lag_alpi', '52_lag_tripol3', '67_lag_alpi', '51_lag_traMC', '54_lag_shSICmar', '73_lag_traEC', '53_lag_stratZ50ndj02', '69_lag_tripol3', '57_lag_yrvPRjja', '64_lag_tripol3', '61_lag_traMC']","[0.04523953759117049, 0.14836056087778998, 0.11507195191693281, 0.06370580279991346, 0.16639086327488076, 0.10854726463340199, 0.128767709416839, 0.03070086608605886, 0.04712053502346193, 0.12300316661987498, 0.1060943753153959, 0.05512814358150516, 0.031682904711894486, 0.09167652710876148, 0.1348997791658422, 0.09386696259262271, 0.11802902015744167, 0.02123376496648239, 0.09171846753274265, 0.02105384465582209, 0.09195541743350995, 0.0469992701192277, 0.13352223739258456, 0.0900431116691021, 0.06049172045409433, 0.09928191104682418, 0.11658583261325298, 0.12823162534943125, 0.05655484885113203, 0.20975776836491547]","50_lag_nchinaPRjja, 61_lag_traCA, 71_lag_amo2, 57_lag_amo1, 74_lag_shSICsep, 62_lag_arcTSjfm, 77_lag_yrvPRjja, 63_lag_shSICmar, 53_lag_stratZ50ndj03, 60_lag_traFSC, 53_lag_yrvPRjja, 69_lag_traTLS, 74_lag_traTLS, 66_lag_alpi, 60_lag_eurPSLjfm, 65_lag_yrvPRjja, 62_lag_satlSSTjfm, 77_lag_traEC, 58_lag_stratZ50ndj03, 62_lag_alpi, 52_lag_tripol3, 67_lag_alpi, 51_lag_traMC, 54_lag_shSICmar, 73_lag_traEC, 53_lag_stratZ50ndj02, 69_lag_tripol3, 57_lag_yrvPRjja, 64_lag_tripol3, 61_lag_traMC_3776_50"
LinearRegression,64,30,traCA,picntrl,1578.5,2050.5,0.8,79,49,49,14.548428071521316,-0.044684649693370326,3776,"['61_lag_traCA', '75_lag_traBO', '53_lag_yrvPRjja', '59_lag_stratZ50ndj01', '58_lag_stratZ50ndj03', '66_lag_shSICsep', '49_lag_stratZ50ndj02', '53_lag_stratZ50ndj02', '65_lag_yrvPRjja', '62_lag_arcTSjfm', '60_lag_eurPSLjfm', '51_lag_traMC', '62_lag_satlSSTjfm', '77_lag_yrvPRjja', '77_lag_traEC', '60_lag_traFSC', '74_lag_traTLS', '66_lag_alpi', '73_lag_traEC', '69_lag_traTLS', '52_lag_tripol3', '63_lag_shSICmar', '54_lag_shSICmar', '78_lag_atlSICjfm', '62_lag_alpi', '67_lag_alpi', '57_lag_yrvPRjja', '64_lag_tripol3', '69_lag_tripol3', '61_lag_traMC']","[0.1648958143744422, 0.12398365248102024, 0.0961935365415896, 0.08182578609167723, 0.08244084544858137, 0.007753885282930944, 0.06452465008357729, 0.08867158641481448, 0.09482348736285444, 0.10635732853605559, 0.1525197689837376, 0.1293868779094524, 0.062452118533766934, 0.13084813697876915, 0.019056226207261405, 0.12189284963739673, 0.03641076297396913, 0.08994537594453669, 0.0469391605399326, 0.04688581595042903, 0.1121411710785667, 0.037372406076610645, 0.09330640225350714, 0.14193273109700866, 0.011435882706916103, 0.05842375397737943, 0.13759865835305213, 0.07236606409520858, 0.12930192643121613, 0.18829704578680123]","61_lag_traCA, 75_lag_traBO, 53_lag_yrvPRjja, 59_lag_stratZ50ndj01, 58_lag_stratZ50ndj03, 66_lag_shSICsep, 49_lag_stratZ50ndj02, 53_lag_stratZ50ndj02, 65_lag_yrvPRjja, 62_lag_arcTSjfm, 60_lag_eurPSLjfm, 51_lag_traMC, 62_lag_satlSSTjfm, 77_lag_yrvPRjja, 77_lag_traEC, 60_lag_traFSC, 74_lag_traTLS, 66_lag_alpi, 73_lag_traEC, 69_lag_traTLS, 52_lag_tripol3, 63_lag_shSICmar, 54_lag_shSICmar, 78_lag_atlSICjfm, 62_lag_alpi, 67_lag_alpi, 57_lag_yrvPRjja, 64_lag_tripol3, 69_lag_tripol3, 61_lag_traMC_3776_49"
LinearRegression,65,30,traCA,picntrl,1579.5,2050.5,0.8,80,50,50,13.832217641227945,-0.03601063124595014,3776,"['75_lag_satlSSTjfm', '79_lag_traTLS', '54_lag_shSICmar', '53_lag_mhfIP30', '59_lag_alpi', '60_lag_traFSC', '70_lag_ismPRjja', '62_lag_satlSSTjfm', '50_lag_scpPSLjfm', '77_lag_traEC', '66_lag_shSICsep', '60_lag_eurPSLjfm', '50_lag_53_median_traMC', '65_lag_ormenSSTjfm', '73_lag_traEC', '53_lag_stratZ50ndj02', '69_lag_traTLS', '74_lag_traTLS', '66_lag_alpi', '52_lag_tripol3', '62_lag_arcTSjfm', '63_lag_shSICmar', '58_lag_stratZ50ndj03', '62_lag_alpi', '77_lag_yrvPRjja', '69_lag_tripol3', '61_lag_traMC', '57_lag_yrvPRjja', '67_lag_alpi', '64_lag_tripol3']","[0.017747797817094055, 0.08175789316499392, 0.09548849292462383, 0.057701180835921614, 0.03636081157702342, 0.07185375618243506, 0.07751041665837383, 0.06366017415087719, 0.05549894594812349, 0.002703880246680771, 0.035812215890739046, 0.16766672051932158, 0.20180173557804781, 0.1763741554970562, 0.04436788461002394, 0.13416833552672933, 0.04131302867165612, 0.05688663713100926, 0.0788073573860522, 0.10963944006933005, 0.11088061040402865, 0.0557212553713729, 0.07589513276731656, 0.016415053015016154, 0.1361039062120397, 0.1396204384247482, 0.1795161771334767, 0.12179749757880844, 0.07016706478185784, 0.05289141088404048]","75_lag_satlSSTjfm, 79_lag_traTLS, 54_lag_shSICmar, 53_lag_mhfIP30, 59_lag_alpi, 60_lag_traFSC, 70_lag_ismPRjja, 62_lag_satlSSTjfm, 50_lag_scpPSLjfm, 77_lag_traEC, 66_lag_shSICsep, 60_lag_eurPSLjfm, 50_lag_53_median_traMC, 65_lag_ormenSSTjfm, 73_lag_traEC, 53_lag_stratZ50ndj02, 69_lag_traTLS, 74_lag_traTLS, 66_lag_alpi, 52_lag_tripol3, 62_lag_arcTSjfm, 63_lag_shSICmar, 58_lag_stratZ50ndj03, 62_lag_alpi, 77_lag_yrvPRjja, 69_lag_tripol3, 61_lag_traMC, 57_lag_yrvPRjja, 67_lag_alpi, 64_lag_tripol3_3776_50"
LinearRegression,66,30,traCA,picntrl,1580.5,2050.5,0.8,81,51,51,14.67077617973788,-0.15942805859749298,3776,"['62_lag_satlSSTjfm', '51_lag_mhfIP30', '66_lag_shSICsep', '76_lag_traMC', '60_lag_traFSC', '53_lag_mhfIP30', '69_lag_traTLS', '63_lag_shSICmar', '65_lag_yrvPRjja', '79_lag_traTLS', '66_lag_alpi', '65_lag_ormenSSTjfm', '60_lag_eurPSLjfm', '51_lag_samPSLann', '74_lag_traTLS', '58_lag_stratZ50ndj03', '77_lag_tripol3', '62_lag_arcTSjfm', '70_lag_ismPRjja', '73_lag_traEC', '75_lag_satlSSTjfm', '77_lag_yrvPRjja', '69_lag_tripol3', '80_lag_nppc3SSTjfm', '62_lag_alpi', '61_lag_traMC', '57_lag_yrvPRjja', '67_lag_alpi', '51_lag_traMC', '64_lag_tripol3']","[0.06212638372527223, 0.020797917150642276, 0.052290410592249426, 0.036089570746461415, 0.09481724446892792, 0.05670755763354097, 0.040939644257615794, 0.03841614437801412, 0.09677686542325113, 0.07388931282147508, 0.08277342246767926, 0.19084943837642093, 0.14688149641693954, 0.07586266648181605, 0.06109109919746841, 0.13068375139502733, 0.1331958961755107, 0.13771868707458992, 0.09786037463146598, 0.03036726047383756, 0.04435810602038106, 0.12417044707169612, 0.16284132825227549, 0.0927844237496496, 0.020953393407584023, 0.20594630594298707, 0.1111754358200866, 0.06901254804817022, 0.1392632861276418, 0.0689407996459435]","62_lag_satlSSTjfm, 51_lag_mhfIP30, 66_lag_shSICsep, 76_lag_traMC, 60_lag_traFSC, 53_lag_mhfIP30, 69_lag_traTLS, 63_lag_shSICmar, 65_lag_yrvPRjja, 79_lag_traTLS, 66_lag_alpi, 65_lag_ormenSSTjfm, 60_lag_eurPSLjfm, 51_lag_samPSLann, 74_lag_traTLS, 58_lag_stratZ50ndj03, 77_lag_tripol3, 62_lag_arcTSjfm, 70_lag_ismPRjja, 73_lag_traEC, 75_lag_satlSSTjfm, 77_lag_yrvPRjja, 69_lag_tripol3, 80_lag_nppc3SSTjfm, 62_lag_alpi, 61_lag_traMC, 57_lag_yrvPRjja, 67_lag_alpi, 51_lag_traMC, 64_lag_tripol3_3776_51"
LinearRegression,67,30,traCA,picntrl,1581.5,2050.5,0.8,82,52,52,14.832243499003159,-0.034026829859889716,3776,"['78_lag_traIT', '77_lag_traEC', '66_lag_alpi', '63_lag_shSICmar', '60_lag_eurPSLjfm', '79_lag_shSICsep', '77_lag_tripol3', '58_lag_cetTSjfm', '74_lag_traTLS', '58_lag_ginwSSTjfm', '71_lag_yrvPRjja', '69_lag_traTLS', '70_lag_ismPRjja', '79_lag_traTLS', '62_lag_arcTSjfm', '81_lag_nppc3SSTjfm', '81_lag_tripol3', '81_lag_ginwSSTjfm', '65_lag_yrvPRjja', '80_lag_nppc3SSTjfm', '75_lag_satlSSTjfm', '61_lag_traMC', '73_lag_traEC', '62_lag_alpi', '69_lag_tripol3', '77_lag_yrvPRjja', '57_lag_yrvPRjja', '52_lag_tripol3', '67_lag_alpi', '64_lag_tripol3']","[0.012405225656810362, 0.01242133846168613, 0.07745227418858196, 0.026316709789790574, 0.15926642813968217, 0.09187174232012724, 0.08572437019708648, 0.10976747292668629, 0.01155700998293994, 0.14620399162625733, 0.11914421717188171, 0.09348943004374305, 0.07059367661222818, 0.08445724673286406, 0.12164655103169628, 0.09717988368136399, 0.029139892915805786, 0.1505739164936604, 0.08489505762159089, 0.04734706524531824, 0.13785627668767575, 0.1714770121942295, 0.06039234939834151, 0.00573358254449589, 0.13344441651551692, 0.13365076126541026, 0.10378812511044158, 0.11259992063082544, 0.060875501692661246, 0.06073766970430725]","78_lag_traIT, 77_lag_traEC, 66_lag_alpi, 63_lag_shSICmar, 60_lag_eurPSLjfm, 79_lag_shSICsep, 77_lag_tripol3, 58_lag_cetTSjfm, 74_lag_traTLS, 58_lag_ginwSSTjfm, 71_lag_yrvPRjja, 69_lag_traTLS, 70_lag_ismPRjja, 79_lag_traTLS, 62_lag_arcTSjfm, 81_lag_nppc3SSTjfm, 81_lag_tripol3, 81_lag_ginwSSTjfm, 65_lag_yrvPRjja, 80_lag_nppc3SSTjfm, 75_lag_satlSSTjfm, 61_lag_traMC, 73_lag_traEC, 62_lag_alpi, 69_lag_tripol3, 77_lag_yrvPRjja, 57_lag_yrvPRjja, 52_lag_tripol3, 67_lag_alpi, 64_lag_tripol3_3776_52"
LinearRegression,68,30,traCA,picntrl,1582.5,2050.5,0.8,83,53,53,15.235346514879177,-0.1590518538342126,3776,"['79_lag_tripol3', '73_lag_traIT', '78_lag_traIT', '75_lag_nchinaPRjja', '62_lag_atlSICsep', '69_lag_traTLS', '58_lag_stratZ50ndj03', '60_lag_traFSC', '74_lag_traTLS', '79_lag_traTLS', '70_lag_ismPRjja', '79_lag_shSICsep', '53_lag_stratZ50ndj02', '81_lag_nppc3SSTjfm', '71_lag_yrvPRjja', '62_lag_alpi', '62_lag_arcTSjfm', '61_lag_traMC', '81_lag_ginwSSTjfm', '53_lag_mhfIP30', '60_lag_eurPSLjfm', '65_lag_yrvPRjja', '73_lag_traEC', '69_lag_tripol3', '75_lag_satlSSTjfm', '80_lag_nppc3SSTjfm', '77_lag_yrvPRjja', '57_lag_yrvPRjja', '64_lag_tripol3', '67_lag_alpi']","[0.09055928288688697, 0.0190945840153659, 0.040630952296115116, 0.06438962465740046, 0.1283433798272831, 0.09338064728891633, 0.12632470984055988, 0.11426694109206391, 0.018095657778461966, 0.061582735224271726, 0.08095352204797296, 0.12107701752702438, 0.11269606157124706, 0.052045208394190426, 0.11393983460002585, 0.015262099265458209, 0.14343797809045256, 0.18642497009322287, 0.15345522186122396, 0.052157493758069315, 0.16078601740222204, 0.0682719409863685, 0.06722532646767591, 0.12738014267786435, 0.1419601615522486, 0.04081997228640573, 0.11747356685063474, 0.11876488830066406, 0.059114302126750035, 0.07560758982220972]","79_lag_tripol3, 73_lag_traIT, 78_lag_traIT, 75_lag_nchinaPRjja, 62_lag_atlSICsep, 69_lag_traTLS, 58_lag_stratZ50ndj03, 60_lag_traFSC, 74_lag_traTLS, 79_lag_traTLS, 70_lag_ismPRjja, 79_lag_shSICsep, 53_lag_stratZ50ndj02, 81_lag_nppc3SSTjfm, 71_lag_yrvPRjja, 62_lag_alpi, 62_lag_arcTSjfm, 61_lag_traMC, 81_lag_ginwSSTjfm, 53_lag_mhfIP30, 60_lag_eurPSLjfm, 65_lag_yrvPRjja, 73_lag_traEC, 69_lag_tripol3, 75_lag_satlSSTjfm, 80_lag_nppc3SSTjfm, 77_lag_yrvPRjja, 57_lag_yrvPRjja, 64_lag_tripol3, 67_lag_alpi_3776_53"
LinearRegression,69,30,traCA,picntrl,1583.5,2050.5,0.8,84,54,54,14.960718442024765,-0.13456770687991468,3776,"['79_lag_tripol3', '78_lag_traIT', '71_lag_traTLS', '66_lag_stratZ50ndj01', '73_lag_traEC', '63_lag_shSICmar', '54_lag_shSICmar', '77_lag_tripol3', '60_lag_traDS', '71_lag_yrvPRjja', '79_lag_traTLS', '73_lag_traIT', '78_lag_nchinaPRjja', '59_lag_tripol3', '60_lag_traFSC', '61_lag_traMC', '79_lag_shSICsep', '80_lag_nppc3SSTjfm', '75_lag_satlSSTjfm', '69_lag_tripol3', '65_lag_yrvPRjja', '62_lag_alpi', '70_lag_ismPRjja', '81_lag_ginwSSTjfm', '57_lag_yrvPRjja', '60_lag_eurPSLjfm', '62_lag_arcTSjfm', '77_lag_yrvPRjja', '64_lag_tripol3', '67_lag_alpi']","[0.0624767692406148, 0.013058233836597506, 0.15642833034051631, 0.01854090580441348, 0.07195994166450137, 0.003861021072687957, 0.08826508777188709, 0.11123665333529491, 0.044393359895988325, 0.09763612911816064, 0.083605486441093, 0.06292222917407911, 0.03134220825516162, 0.037994827832112235, 0.08327316982661231, 0.18344693479635846, 0.11204221161435989, 0.0725854170787338, 0.1127202421842067, 0.12896433488445988, 0.0936953650848153, 0.01931942854413228, 0.07502529852029002, 0.1463448160653834, 0.11285726436244692, 0.13595248180950462, 0.11573618655320818, 0.11842082295385851, 0.08017642956157085, 0.07739599225736452]","79_lag_tripol3, 78_lag_traIT, 71_lag_traTLS, 66_lag_stratZ50ndj01, 73_lag_traEC, 63_lag_shSICmar, 54_lag_shSICmar, 77_lag_tripol3, 60_lag_traDS, 71_lag_yrvPRjja, 79_lag_traTLS, 73_lag_traIT, 78_lag_nchinaPRjja, 59_lag_tripol3, 60_lag_traFSC, 61_lag_traMC, 79_lag_shSICsep, 80_lag_nppc3SSTjfm, 75_lag_satlSSTjfm, 69_lag_tripol3, 65_lag_yrvPRjja, 62_lag_alpi, 70_lag_ismPRjja, 81_lag_ginwSSTjfm, 57_lag_yrvPRjja, 60_lag_eurPSLjfm, 62_lag_arcTSjfm, 77_lag_yrvPRjja, 64_lag_tripol3, 67_lag_alpi_3776_54"
LinearRegression,70,30,traCA,picntrl,1584.5,2050.5,0.8,85,55,57,15.46279717989774,-0.18435858315471318,3776,"['78_lag_nchinaPRjja', '63_lag_shSICmar', '82_lag_traEU', '84_lag_mhfATL60', '62_lag_traBO', '79_lag_shSICsep', '66_lag_alpi', '73_lag_traEC', '58_lag_stratZ50ndj03', '60_lag_traDS', '84_lag_tripol3', '67_lag_nppc3SSTjfm', '57_lag_yrvPRjja', '62_lag_nhSICjfm', '65_lag_yrvPRjja', '81_lag_nppc3SSTjfm', '75_lag_satlSSTjfm', '61_lag_traMC', '69_lag_tripol3', '60_lag_eurPSLjfm', '77_lag_tripol3', '80_lag_nppc3SSTjfm', '62_lag_alpi', '81_lag_ginwSSTjfm', '70_lag_ismPRjja', '62_lag_arcTSjfm', '79_lag_traTLS', '77_lag_yrvPRjja', '67_lag_alpi', '64_lag_tripol3']","[0.05247408738006459, 0.015696093508216435, 0.09104256900425975, 0.12022420025663182, 0.06804397054725661, 0.12712082099109784, 0.06122532796608866, 0.06586208488698268, 0.1264012802466298, 0.10420115599880816, 0.03952183633964163, 0.11229172959399386, 0.10827467550134398, 0.04259903009267702, 0.08739181343598006, 0.06402984575767812, 0.13180415085829558, 0.17628723009627706, 0.14133340473172423, 0.1414012636563147, 0.12197045069737307, 0.041428866468079875, 0.0025247757709029213, 0.10868892135277541, 0.08277991743228501, 0.15415478499762714, 0.0643616970012117, 0.11559310733798807, 0.0680597132306935, 0.08169098969236914]","78_lag_nchinaPRjja, 63_lag_shSICmar, 82_lag_traEU, 84_lag_mhfATL60, 62_lag_traBO, 79_lag_shSICsep, 66_lag_alpi, 73_lag_traEC, 58_lag_stratZ50ndj03, 60_lag_traDS, 84_lag_tripol3, 67_lag_nppc3SSTjfm, 57_lag_yrvPRjja, 62_lag_nhSICjfm, 65_lag_yrvPRjja, 81_lag_nppc3SSTjfm, 75_lag_satlSSTjfm, 61_lag_traMC, 69_lag_tripol3, 60_lag_eurPSLjfm, 77_lag_tripol3, 80_lag_nppc3SSTjfm, 62_lag_alpi, 81_lag_ginwSSTjfm, 70_lag_ismPRjja, 62_lag_arcTSjfm, 79_lag_traTLS, 77_lag_yrvPRjja, 67_lag_alpi, 64_lag_tripol3_3776_57"
LinearRegression,71,30,traCA,picntrl,1585.5,2050.5,0.8,86,56,58,15.627751756998926,-0.11243151365339867,3776,"['60_lag_ginwSSTjfm', '70_lag_shSICmar', '58_lag_ginwSSTjfm', '61_lag_traMC', '60_lag_traDS', '78_lag_traIT', '60_lag_traFSC', '84_lag_mhfATL60', '83_lag_shSICsep', '73_lag_traEC', '84_lag_tripol3', '62_lag_traBO', '71_lag_traTLS', '85_lag_nchinaPRjja', '62_lag_nhSICjfm', '75_lag_satlSSTjfm', '81_lag_ginwSSTjfm', '81_lag_nppc3SSTjfm', '77_lag_tripol3', '67_lag_alpi', '62_lag_alpi', '60_lag_eurPSLjfm', '69_lag_tripol3', '65_lag_yrvPRjja', '80_lag_nppc3SSTjfm', '62_lag_arcTSjfm', '70_lag_ismPRjja', '77_lag_yrvPRjja', '79_lag_traTLS', '64_lag_tripol3']","[0.1147875794574679, 0.060174346883674096, 0.13650955769973386, 0.15597924845440111, 0.00620891398481544, 0.029601066127657387, 0.12421699562764717, 0.16249580545441528, 0.0171489583728877, 0.0784050140853899, 0.02301592290925278, 0.08595369313484531, 0.13941165576319836, 0.05850718919118716, 0.09487550781772844, 0.09690361959033474, 0.12557217560611805, 0.06217045360218417, 0.09841266687984643, 0.059648145299544625, 0.0030703332619832157, 0.11528571156655094, 0.16016771592231996, 0.08226965242203442, 0.07599578114425587, 0.21628794296270018, 0.10565217103891818, 0.11550450029037307, 0.07929700584291549, 0.07344360445337925]","60_lag_ginwSSTjfm, 70_lag_shSICmar, 58_lag_ginwSSTjfm, 61_lag_traMC, 60_lag_traDS, 78_lag_traIT, 60_lag_traFSC, 84_lag_mhfATL60, 83_lag_shSICsep, 73_lag_traEC, 84_lag_tripol3, 62_lag_traBO, 71_lag_traTLS, 85_lag_nchinaPRjja, 62_lag_nhSICjfm, 75_lag_satlSSTjfm, 81_lag_ginwSSTjfm, 81_lag_nppc3SSTjfm, 77_lag_tripol3, 67_lag_alpi, 62_lag_alpi, 60_lag_eurPSLjfm, 69_lag_tripol3, 65_lag_yrvPRjja, 80_lag_nppc3SSTjfm, 62_lag_arcTSjfm, 70_lag_ismPRjja, 77_lag_yrvPRjja, 79_lag_traTLS, 64_lag_tripol3_3776_58"
LinearRegression,72,30,traCA,picntrl,1586.5,2050.5,0.8,87,57,57,15.91656606598055,-0.13201113279721025,3776,"['62_lag_nhSICjfm', '83_lag_shSICsep', '60_lag_ginwSSTjfm', '74_lag_traTLS', '59_lag_tripol3', '57_lag_amo2', '75_lag_satlSSTjfm', '63_lag_shSICmar', '84_lag_mhfATL60', '77_lag_tripol3', '86_lag_nppc2SSTjfm', '79_lag_tripol3', '81_lag_nppc3SSTjfm', '84_lag_tripol3', '71_lag_traTLS', '67_lag_alpi', '60_lag_eurPSLjfm', '80_lag_nppc3SSTjfm', '77_lag_yrvPRjja', '61_lag_traMC', '81_lag_ginwSSTjfm', '73_lag_traEC', '65_lag_yrvPRjja', '69_lag_tripol3', '86_lag_ginwSSTjfm', '70_lag_ismPRjja', '79_lag_traTLS', '62_lag_arcTSjfm', '57_lag_yrvPRjja', '64_lag_tripol3']","[0.08311873651100583, 0.00031147008414000865, 0.07480504473451849, 0.016112249040625526, 0.03198748196337191, 0.09719947112894037, 0.10239826397879673, 0.023099790103049148, 0.15619593102930715, 0.08365019364022176, 0.1381086009546213, 0.05698670323683219, 0.03108941800258131, 0.03398729185927698, 0.17143093772126397, 0.06825675970304135, 0.16784097413423996, 0.06646274942563746, 0.12716630446883267, 0.14619312537335963, 0.13347815411006414, 0.06916714362781791, 0.08376972468929916, 0.17216052051911226, 0.04262443903141436, 0.09067371046276475, 0.07268202359223094, 0.21664030633409062, 0.09547675934706124, 0.08189333086459472]","62_lag_nhSICjfm, 83_lag_shSICsep, 60_lag_ginwSSTjfm, 74_lag_traTLS, 59_lag_tripol3, 57_lag_amo2, 75_lag_satlSSTjfm, 63_lag_shSICmar, 84_lag_mhfATL60, 77_lag_tripol3, 86_lag_nppc2SSTjfm, 79_lag_tripol3, 81_lag_nppc3SSTjfm, 84_lag_tripol3, 71_lag_traTLS, 67_lag_alpi, 60_lag_eurPSLjfm, 80_lag_nppc3SSTjfm, 77_lag_yrvPRjja, 61_lag_traMC, 81_lag_ginwSSTjfm, 73_lag_traEC, 65_lag_yrvPRjja, 69_lag_tripol3, 86_lag_ginwSSTjfm, 70_lag_ismPRjja, 79_lag_traTLS, 62_lag_arcTSjfm, 57_lag_yrvPRjja, 64_lag_tripol3_3776_57"
LinearRegression,73,30,traCA,picntrl,1587.5,2050.5,0.8,88,58,58,15.316013720819182,-0.08139779739236011,3776,"['66_lag_alpi', '73_lag_traEC', '86_lag_mhfIP30', '87_lag_labSSTjfm', '74_lag_traTLS', '72_lag_traBO', '62_lag_nhSICjfm', '61_lag_traMC', '75_lag_satlSSTjfm', '79_lag_tripol3', '63_lag_shSICmar', '58_lag_stratZ50ndj03', '71_lag_traTLS', '77_lag_tripol3', '84_lag_tripol3', '87_lag_eapPSLjfm', '67_lag_alpi', '60_lag_eurPSLjfm', '77_lag_yrvPRjja', '69_lag_tripol3', '70_lag_ismPRjja', '84_lag_mhfATL60', '81_lag_ginwSSTjfm', '58_lag_ginwSSTjfm', '80_lag_nppc3SSTjfm', '86_lag_ginwSSTjfm', '62_lag_arcTSjfm', '79_lag_traTLS', '65_lag_yrvPRjja', '64_lag_tripol3']","[0.05177049042194093, 0.07605343505571163, 0.07943442622520853, 0.06190763893795567, 0.005154677939608495, 0.02532185699467356, 0.06253610837703576, 0.1967382215839129, 0.11763569279948298, 0.0753459993627763, 0.007048323624563278, 0.11274233105247662, 0.14472608888739275, 0.09465975735067277, 0.025771869656637688, 0.07105088506753447, 0.06666220544175133, 0.1599405434323011, 0.08618606985231902, 0.16863478075893698, 0.08264185135946261, 0.15118467853975945, 0.11025564220235384, 0.1442537784320861, 0.10570143056126798, 0.08274632272836573, 0.21573044131222113, 0.06854955171011565, 0.10684208794607504, 0.0955783692949147]","66_lag_alpi, 73_lag_traEC, 86_lag_mhfIP30, 87_lag_labSSTjfm, 74_lag_traTLS, 72_lag_traBO, 62_lag_nhSICjfm, 61_lag_traMC, 75_lag_satlSSTjfm, 79_lag_tripol3, 63_lag_shSICmar, 58_lag_stratZ50ndj03, 71_lag_traTLS, 77_lag_tripol3, 84_lag_tripol3, 87_lag_eapPSLjfm, 67_lag_alpi, 60_lag_eurPSLjfm, 77_lag_yrvPRjja, 69_lag_tripol3, 70_lag_ismPRjja, 84_lag_mhfATL60, 81_lag_ginwSSTjfm, 58_lag_ginwSSTjfm, 80_lag_nppc3SSTjfm, 86_lag_ginwSSTjfm, 62_lag_arcTSjfm, 79_lag_traTLS, 65_lag_yrvPRjja, 64_lag_tripol3_3776_58"
LinearRegression,74,30,traCA,picntrl,1588.5,2050.5,0.8,89,59,59,14.907848353827625,0.01731974458812643,3776,"['71_lag_traTLS', '71_lag_traWP', '73_lag_traEC', '62_lag_nhSICjfm', '66_lag_mhfATL30', '77_lag_stratZ50ndj01', '82_lag_eapPSLjfm', '62_lag_atlSICsep', '86_lag_ismPRjja', '73_lag_traIT', '79_lag_traEC', '88_lag_alpi', '88_lag_atlSICjfm', '77_lag_yrvPRjja', '87_lag_eapPSLjfm', '59_lag_tripol3', '75_lag_satlSSTjfm', '88_lag_samPSLann', '80_lag_nppc3SSTjfm', '77_lag_tripol3', '81_lag_ginwSSTjfm', '69_lag_tripol3', '70_lag_ismPRjja', '79_lag_traTLS', '67_lag_alpi', '84_lag_mhfATL60', '62_lag_arcTSjfm', '65_lag_yrvPRjja', '86_lag_ginwSSTjfm', '64_lag_tripol3']","[0.16786234933293373, 0.07327234099900555, 0.10107968122066285, 0.056228277011995835, 0.05471930947524087, 0.08533106564762087, 0.10513761405750602, 0.1237923187510815, 0.023458092330400936, 0.07601651223448253, 0.07424179757862956, 0.08869334345934458, 0.11165868220772014, 0.07344175071218077, 0.050129207331277195, 0.046290431439887224, 0.11436930408106748, 0.1292627779063209, 0.08692629744414064, 0.09296549374678048, 0.12308519779308112, 0.1420267338565614, 0.10217234001972393, 0.024861150148241952, 0.06310719859455151, 0.2092188880801579, 0.22448940155870553, 0.08436527651167795, 0.07694660771689053, 0.11884375942599967]","71_lag_traTLS, 71_lag_traWP, 73_lag_traEC, 62_lag_nhSICjfm, 66_lag_mhfATL30, 77_lag_stratZ50ndj01, 82_lag_eapPSLjfm, 62_lag_atlSICsep, 86_lag_ismPRjja, 73_lag_traIT, 79_lag_traEC, 88_lag_alpi, 88_lag_atlSICjfm, 77_lag_yrvPRjja, 87_lag_eapPSLjfm, 59_lag_tripol3, 75_lag_satlSSTjfm, 88_lag_samPSLann, 80_lag_nppc3SSTjfm, 77_lag_tripol3, 81_lag_ginwSSTjfm, 69_lag_tripol3, 70_lag_ismPRjja, 79_lag_traTLS, 67_lag_alpi, 84_lag_mhfATL60, 62_lag_arcTSjfm, 65_lag_yrvPRjja, 86_lag_ginwSSTjfm, 64_lag_tripol3_3776_59"
LinearRegression,75,30,traCA,picntrl,1589.5,2050.5,0.8,90,60,60,15.417782557430948,-0.06744925054006747,3776,"['71_lag_eapPSLjfm', '86_lag_nppc2SSTjfm', '77_lag_yrvPRjja', '88_lag_alpi', '72_lag_nchinaPRjja', '88_lag_atlSICjfm', '80_lag_nppc3SSTjfm', '66_lag_mhfATL30', '71_lag_traTLS', '79_lag_shSICsep', '86_lag_ismPRjja', '77_lag_stratZ50ndj01', '63_lag_atlSICsep', '81_lag_ginwSSTjfm', '69_lag_tripol3', '73_lag_traEC', '67_lag_alpi', '60_lag_traDS', '60_lag_traFSC', '62_lag_arcTSjfm', '77_lag_tripol3', '75_lag_satlSSTjfm', '79_lag_traTLS', '88_lag_samPSLann', '65_lag_yrvPRjja', '84_lag_mhfATL60', '60_lag_eurPSLjfm', '70_lag_ismPRjja', '86_lag_ginwSSTjfm', '64_lag_tripol3']","[0.042663188735387714, 0.1371993111742639, 0.08451787718577972, 0.051253913142625604, 0.06479659757041403, 0.07345859202480357, 0.08030167847707255, 0.06858526686390702, 0.1587431736271019, 0.12214120326539675, 0.03578772209039323, 0.06011864097272144, 0.07644319147098601, 0.12388749475199794, 0.13768398154871855, 0.07848023850853474, 0.06485171891343007, 0.030745141450991217, 0.09676426176607694, 0.16318161496825595, 0.06581094970999314, 0.1513180705555572, 0.05243239051965546, 0.08692023045240875, 0.07723241361901809, 0.15349313949774832, 0.12352521092508999, 0.11408780934369057, 0.05811154580875897, 0.07899356638009035]","71_lag_eapPSLjfm, 86_lag_nppc2SSTjfm, 77_lag_yrvPRjja, 88_lag_alpi, 72_lag_nchinaPRjja, 88_lag_atlSICjfm, 80_lag_nppc3SSTjfm, 66_lag_mhfATL30, 71_lag_traTLS, 79_lag_shSICsep, 86_lag_ismPRjja, 77_lag_stratZ50ndj01, 63_lag_atlSICsep, 81_lag_ginwSSTjfm, 69_lag_tripol3, 73_lag_traEC, 67_lag_alpi, 60_lag_traDS, 60_lag_traFSC, 62_lag_arcTSjfm, 77_lag_tripol3, 75_lag_satlSSTjfm, 79_lag_traTLS, 88_lag_samPSLann, 65_lag_yrvPRjja, 84_lag_mhfATL60, 60_lag_eurPSLjfm, 70_lag_ismPRjja, 86_lag_ginwSSTjfm, 64_lag_tripol3_3776_60"
LinearRegression,76,30,traCA,picntrl,1590.5,2050.5,0.8,91,61,61,14.513316104390332,0.014757940236188136,3776,"['66_lag_mhfATL30', '87_lag_ginwSSTjfm', '88_lag_traEU', '72_lag_amoSSTmjjaso', '88_lag_atlSICjfm', '86_lag_nppc2SSTjfm', '79_lag_shSICsep', '66_lag_stratZ50ndj01', '73_lag_traEC', '88_lag_alpi', '61_lag_62_median_arcTSjfm', '62_lag_arcTSjfm', '86_lag_ismPRjja', '90_lag_traTLS', '61_lag_traFSC', '79_lag_tripol3', '71_lag_traTLS', '82_lag_eapPSLjfm', '81_lag_ginwSSTjfm', '79_lag_traTLS', '77_lag_tripol3', '75_lag_satlSSTjfm', '89_lag_stratZ50ndj01', '69_lag_tripol3', '65_lag_yrvPRjja', '70_lag_ismPRjja', '88_lag_samPSLann', '84_lag_mhfATL60', '86_lag_ginwSSTjfm', '64_lag_tripol3']","[0.04209068021890923, 0.03536932784601868, 0.01903971284383561, 0.06722119791760692, 0.08234811591785039, 0.13549775154922772, 0.13916880385531866, 0.05332420087195055, 0.08787806612555961, 0.08577527935575616, 4348178228305.24, 4348178228305.424, 0.021005682899072863, 0.06001588502552281, 0.09896244806366317, 0.04588077590322901, 0.16089280943894516, 0.10039557436262138, 0.1070675482601382, 0.02907272381237233, 0.06154764394129959, 0.15116084311946287, 0.03486621618594786, 0.10851513278838852, 0.06988221137587736, 0.0871935536262265, 0.10650015202056118, 0.16399721733917363, 0.06205915480865497, 0.11052584613893031]","66_lag_mhfATL30, 87_lag_ginwSSTjfm, 88_lag_traEU, 72_lag_amoSSTmjjaso, 88_lag_atlSICjfm, 86_lag_nppc2SSTjfm, 79_lag_shSICsep, 66_lag_stratZ50ndj01, 73_lag_traEC, 88_lag_alpi, 61_lag_62_median_arcTSjfm, 62_lag_arcTSjfm, 86_lag_ismPRjja, 90_lag_traTLS, 61_lag_traFSC, 79_lag_tripol3, 71_lag_traTLS, 82_lag_eapPSLjfm, 81_lag_ginwSSTjfm, 79_lag_traTLS, 77_lag_tripol3, 75_lag_satlSSTjfm, 89_lag_stratZ50ndj01, 69_lag_tripol3, 65_lag_yrvPRjja, 70_lag_ismPRjja, 88_lag_samPSLann, 84_lag_mhfATL60, 86_lag_ginwSSTjfm, 64_lag_tripol3_3776_61"
LinearRegression,77,30,traCA,picntrl,1591.5,2050.5,0.8,92,62,62,14.611440763641896,-0.014069351208261756,3776,"['72_lag_amoSSTmjjaso', '88_lag_alpi', '78_lag_atlSICjfm', '70_lag_tripol3', '83_lag_traBS', '89_lag_stratZ50ndj01', '73_lag_traEC', '62_lag_traBO', '88_lag_atlSICjfm', '78_lag_traIT', '79_lag_tripol3', '75_lag_satlSSTjfm', '65_lag_yrvPRjja', '77_lag_tripol3', '73_lag_traIT', '66_lag_stratZ50ndj01', '62_lag_nhSICjfm', '71_lag_traTLS', '86_lag_ismPRjja', '70_lag_ismPRjja', '82_lag_eapPSLjfm', '79_lag_traTLS', '91_lag_alpi', '81_lag_ginwSSTjfm', '69_lag_tripol3', '88_lag_samPSLann', '84_lag_mhfATL60', '86_lag_ginwSSTjfm', '62_lag_arcTSjfm', '64_lag_tripol3']","[0.05673244409172341, 0.07868701516129611, 0.05520181705159526, 0.05226020696069602, 0.03252194278473447, 0.028854263836725107, 0.09668843345551947, 0.11022077748657547, 0.10270957432164012, 0.019635254148814237, 0.038336075388838174, 0.11989780848059357, 0.07004493195411442, 0.08846510246750901, 0.09706258513111532, 0.028597861743305798, 0.05259079056716368, 0.1445788441281461, 0.011856501882495766, 0.09336562865971296, 0.11191488812538535, 0.009449083536181624, 0.023985411272008088, 0.09170251102721999, 0.11497116596532546, 0.10884601076902412, 0.18244837130005107, 0.08979854047720127, 0.1913455232170382, 0.15277083245978568]","72_lag_amoSSTmjjaso, 88_lag_alpi, 78_lag_atlSICjfm, 70_lag_tripol3, 83_lag_traBS, 89_lag_stratZ50ndj01, 73_lag_traEC, 62_lag_traBO, 88_lag_atlSICjfm, 78_lag_traIT, 79_lag_tripol3, 75_lag_satlSSTjfm, 65_lag_yrvPRjja, 77_lag_tripol3, 73_lag_traIT, 66_lag_stratZ50ndj01, 62_lag_nhSICjfm, 71_lag_traTLS, 86_lag_ismPRjja, 70_lag_ismPRjja, 82_lag_eapPSLjfm, 79_lag_traTLS, 91_lag_alpi, 81_lag_ginwSSTjfm, 69_lag_tripol3, 88_lag_samPSLann, 84_lag_mhfATL60, 86_lag_ginwSSTjfm, 62_lag_arcTSjfm, 64_lag_tripol3_3776_62"
LinearRegression,78,30,traCA,picntrl,1592.5,2050.5,0.8,93,63,63,14.507645953903086,0.007160877191041016,3776,"['63_lag_atlSICsep', '89_lag_stratZ50ndj01', '71_lag_traTLS', '63_lag_shSICmar', '80_lag_shSICsep', '85_lag_traMC', '63_lag_nchinaPRjja', '72_lag_nchinaPRjja', '73_lag_traIT', '71_lag_eapPSLjfm', '86_lag_mhfIP30', '92_lag_traMC', '86_lag_ismPRjja', '75_lag_satlSSTjfm', '70_lag_stratZ50ndj01', '81_lag_ginwSSTjfm', '64_lag_tripol3', '63_lag_64_median_tripol3', '83_lag_traBS', '82_lag_eapPSLjfm', '88_lag_atlSICjfm', '63_lag_traFS', '78_lag_traIT', '79_lag_traTLS', '88_lag_samPSLann', '86_lag_ginwSSTjfm', '70_lag_tripol3', '91_lag_alpi', '69_lag_tripol3', '84_lag_mhfATL60']","[0.0930837298056148, 0.05603258514508193, 0.17089697183368585, 0.04528388478660187, 0.1245940220788226, 0.10495429332023866, 0.08599921698200404, 0.0883579692086626, 0.09976785587462582, 0.04958251419573994, 0.05556591932864771, 0.08194765440621252, 0.0069615481001186, 0.16098801160179263, 0.006766254757406711, 0.10874645797394651, 7313685704766.042, 7313685704766.1875, 0.025480744459518558, 0.0964628718491583, 0.09244835155674254, 0.0784704898087053, 0.04069895509552417, 0.032123204768584344, 0.0919632575647823, 0.08194607967687513, 0.06535096668368887, 0.0379043872688823, 0.11784081696799927, 0.17160216011894386]","63_lag_atlSICsep, 89_lag_stratZ50ndj01, 71_lag_traTLS, 63_lag_shSICmar, 80_lag_shSICsep, 85_lag_traMC, 63_lag_nchinaPRjja, 72_lag_nchinaPRjja, 73_lag_traIT, 71_lag_eapPSLjfm, 86_lag_mhfIP30, 92_lag_traMC, 86_lag_ismPRjja, 75_lag_satlSSTjfm, 70_lag_stratZ50ndj01, 81_lag_ginwSSTjfm, 64_lag_tripol3, 63_lag_64_median_tripol3, 83_lag_traBS, 82_lag_eapPSLjfm, 88_lag_atlSICjfm, 63_lag_traFS, 78_lag_traIT, 79_lag_traTLS, 88_lag_samPSLann, 86_lag_ginwSSTjfm, 70_lag_tripol3, 91_lag_alpi, 69_lag_tripol3, 84_lag_mhfATL60_3776_63"
LinearRegression,79,30,traCA,picntrl,1593.5,2050.5,0.8,94,64,64,14.458159193820626,0.09441358370289019,3776,"['81_lag_amo1', '71_lag_traTLS', '78_lag_traMC', '75_lag_nchinaPRjja', '71_lag_eapPSLjfm', '91_lag_traEC', '85_lag_traMC', '77_lag_ginwSSTjfm', '75_lag_satlSSTjfm', '67_lag_alpi', '88_lag_alpi', '86_lag_mhfIP30', '90_lag_alpi', '72_lag_nchinaPRjja', '92_lag_traMC', '81_lag_ismPRjja', '83_lag_traBS', '79_lag_traTLS', '78_lag_traIT', '81_lag_ginwSSTjfm', '82_lag_eapPSLjfm', '88_lag_atlSICjfm', '88_lag_samPSLann', '86_lag_ismPRjja', '70_lag_tripol3', '91_lag_alpi', '86_lag_ginwSSTjfm', '84_lag_mhfATL60', '69_lag_tripol3', '64_lag_tripol3']","[0.07555971123310255, 0.131534307189313, 0.053656338008573605, 0.11113851622220833, 0.03523996105930807, 0.07539098272405298, 0.11448209735175577, 0.04416568603035347, 0.14158111340734789, 0.07359309342766417, 0.06924153474766545, 0.08767677916727672, 0.05880386355043132, 0.06686677181059861, 0.07921833534468499, 0.05727248323448727, 0.005603688300176782, 0.054177075025933094, 0.002652152999728454, 0.11931527709919235, 0.12691700989291732, 0.13230933706003625, 0.10675678818635892, 0.01637208355211104, 0.08154207737125116, 0.043736343494355095, 0.07797600348535863, 0.19513123136525803, 0.13341972736898647, 0.14082701270749226]","81_lag_amo1, 71_lag_traTLS, 78_lag_traMC, 75_lag_nchinaPRjja, 71_lag_eapPSLjfm, 91_lag_traEC, 85_lag_traMC, 77_lag_ginwSSTjfm, 75_lag_satlSSTjfm, 67_lag_alpi, 88_lag_alpi, 86_lag_mhfIP30, 90_lag_alpi, 72_lag_nchinaPRjja, 92_lag_traMC, 81_lag_ismPRjja, 83_lag_traBS, 79_lag_traTLS, 78_lag_traIT, 81_lag_ginwSSTjfm, 82_lag_eapPSLjfm, 88_lag_atlSICjfm, 88_lag_samPSLann, 86_lag_ismPRjja, 70_lag_tripol3, 91_lag_alpi, 86_lag_ginwSSTjfm, 84_lag_mhfATL60, 69_lag_tripol3, 64_lag_tripol3_3776_64"
LinearRegression,80,30,traCA,picntrl,1594.5,2050.5,0.8,95,65,65,14.879543302472623,-0.07492897883796223,3776,"['73_lag_traEC', '75_lag_nchinaPRjja', '86_lag_traEU', '92_lag_traMC', '83_lag_shSICsep', '88_lag_stratZ50ndj03', '85_lag_nppc2SSTjfm', '94_lag_traFS', '80_lag_alpi', '83_lag_traBS', '65_lag_yrvPRjja', '78_lag_traIT', '90_lag_alpi', '70_lag_tripol3', '75_lag_satlSSTjfm', '88_lag_traWP', '85_lag_traMC', '83_lag_eapPSLjfm', '82_lag_eapPSLjfm', '91_lag_traEC', '81_lag_ginwSSTjfm', '88_lag_samPSLann', '88_lag_atlSICjfm', '79_lag_traTLS', '86_lag_ismPRjja', '72_lag_nchinaPRjja', '91_lag_alpi', '86_lag_ginwSSTjfm', '84_lag_mhfATL60', '69_lag_tripol3']","[0.10171113621460323, 0.10503857479559632, 0.004158611857053896, 0.11910606240459404, 0.0059762008915925854, 0.03665790145239547, 0.1846236849799202, 0.1232812108053523, 0.0010510795082096496, 0.0061454723806435105, 0.03860277714878473, 0.025863979497969515, 0.0625137633855793, 0.10150298494733913, 0.1130131999084116, 0.06638567709110871, 0.13342972050389823, 0.09692347106367093, 0.13004745368088894, 0.06902352019009457, 0.11644436685886854, 0.07537620529198244, 0.12693029071231682, 0.046132593449519074, 0.035854988382503256, 0.0879086449199389, 0.05136395522439469, 0.04371547873154609, 0.21968071918014076, 0.08757282765771415]","73_lag_traEC, 75_lag_nchinaPRjja, 86_lag_traEU, 92_lag_traMC, 83_lag_shSICsep, 88_lag_stratZ50ndj03, 85_lag_nppc2SSTjfm, 94_lag_traFS, 80_lag_alpi, 83_lag_traBS, 65_lag_yrvPRjja, 78_lag_traIT, 90_lag_alpi, 70_lag_tripol3, 75_lag_satlSSTjfm, 88_lag_traWP, 85_lag_traMC, 83_lag_eapPSLjfm, 82_lag_eapPSLjfm, 91_lag_traEC, 81_lag_ginwSSTjfm, 88_lag_samPSLann, 88_lag_atlSICjfm, 79_lag_traTLS, 86_lag_ismPRjja, 72_lag_nchinaPRjja, 91_lag_alpi, 86_lag_ginwSSTjfm, 84_lag_mhfATL60, 69_lag_tripol3_3776_65"
LinearRegression,81,30,traCA,picntrl,1595.5,2050.5,0.8,96,66,66,15.727629175668579,-0.025397505349985174,3776,"['66_lag_alpi', '71_lag_pdoSSTjfm', '78_lag_tripol1', '83_lag_traBS', '83_lag_shSICsep', '71_lag_traTLS', '92_lag_traMC', '78_lag_traIT', '84_lag_shSICsep', '75_lag_nchinaPRjja', '91_lag_traEC', '75_lag_satlSSTjfm', '88_lag_atlSICjfm', '85_lag_nppc2SSTjfm', '83_lag_eapPSLjfm', '86_lag_ismPRjja', '88_lag_stratZ50ndj03', '66_lag_mhfATL30', '72_lag_nchinaPRjja', '88_lag_samPSLann', '81_lag_ginwSSTjfm', '82_lag_eapPSLjfm', '70_lag_tripol3', '85_lag_traMC', '69_lag_tripol3', '95_lag_traTLS', '79_lag_traTLS', '91_lag_alpi', '84_lag_mhfATL60', '86_lag_ginwSSTjfm']","[0.06664906034755606, 0.05953553602394366, 0.021721839753665807, 0.018908337455884636, 0.044303572947816276, 0.1902232240736204, 0.10994797696020034, 0.015069804804174046, 0.07434803507507892, 0.09512254638402459, 0.10369030801665101, 0.1265689720124721, 0.12025725221940516, 0.1777520132903684, 0.1099821336156498, 0.01820181269884393, 0.03654891229371465, 0.11633358696828341, 0.10008741438746212, 0.07474539352556639, 0.12414798896920386, 0.11175068526672609, 0.06455862907739676, 0.11291140587086225, 0.11751858919725645, 0.07588922658517787, 0.03995706878269502, 0.05608617337744151, 0.184280866354014, 0.04740816978085654]","66_lag_alpi, 71_lag_pdoSSTjfm, 78_lag_tripol1, 83_lag_traBS, 83_lag_shSICsep, 71_lag_traTLS, 92_lag_traMC, 78_lag_traIT, 84_lag_shSICsep, 75_lag_nchinaPRjja, 91_lag_traEC, 75_lag_satlSSTjfm, 88_lag_atlSICjfm, 85_lag_nppc2SSTjfm, 83_lag_eapPSLjfm, 86_lag_ismPRjja, 88_lag_stratZ50ndj03, 66_lag_mhfATL30, 72_lag_nchinaPRjja, 88_lag_samPSLann, 81_lag_ginwSSTjfm, 82_lag_eapPSLjfm, 70_lag_tripol3, 85_lag_traMC, 69_lag_tripol3, 95_lag_traTLS, 79_lag_traTLS, 91_lag_alpi, 84_lag_mhfATL60, 86_lag_ginwSSTjfm_3776_66"
LinearRegression,82,30,traCA,picntrl,1596.5,2050.5,0.8,97,67,67,16.43161541716983,0.029258293365929902,3776,"['91_lag_traEC', '75_lag_satlSSTjfm', '70_lag_ismPRjja', '88_lag_alpi', '72_lag_nchinaPRjja', '72_lag_stratZ50ndj01', '87_lag_eapPSLjfm', '86_lag_nppc2SSTjfm', '81_lag_traFB', '70_lag_tripol3', '71_lag_pdoSSTjfm', '84_lag_shSICsep', '86_lag_ismPRjja', '83_lag_traBS', '88_lag_stratZ50ndj03', '88_lag_samPSLann', '85_lag_nppc2SSTjfm', '83_lag_eapPSLjfm', '67_lag_mhfATL30', '71_lag_traTLS', '82_lag_eapPSLjfm', '69_lag_tripol3', '79_lag_traTLS', '85_lag_traMC', '95_lag_traTLS', '75_lag_nchinaPRjja', '91_lag_alpi', '81_lag_ginwSSTjfm', '84_lag_mhfATL60', '86_lag_ginwSSTjfm']","[0.10145609001647188, 0.12026526516180275, 0.11702682554778798, 0.08026115936918987, 0.0947920302571994, 0.08116091308159061, 0.07430839260413188, 0.10185298111672543, 0.08980892770222983, 0.053518032643693265, 0.06393511369018172, 0.05490685021863325, 0.029976289332304364, 0.0011044509115085482, 0.024031216714428788, 0.09950886082503714, 0.09593039465060499, 0.10796193146563972, 0.15409453448786437, 0.17411210315828188, 0.12186516539910457, 0.1361874447922695, 0.03662710852890025, 0.1251687687961195, 0.05728669358467051, 0.11696819105329712, 0.05596697858890003, 0.12393301162182839, 0.19905522383316424, 0.026238159340967297]","91_lag_traEC, 75_lag_satlSSTjfm, 70_lag_ismPRjja, 88_lag_alpi, 72_lag_nchinaPRjja, 72_lag_stratZ50ndj01, 87_lag_eapPSLjfm, 86_lag_nppc2SSTjfm, 81_lag_traFB, 70_lag_tripol3, 71_lag_pdoSSTjfm, 84_lag_shSICsep, 86_lag_ismPRjja, 83_lag_traBS, 88_lag_stratZ50ndj03, 88_lag_samPSLann, 85_lag_nppc2SSTjfm, 83_lag_eapPSLjfm, 67_lag_mhfATL30, 71_lag_traTLS, 82_lag_eapPSLjfm, 69_lag_tripol3, 79_lag_traTLS, 85_lag_traMC, 95_lag_traTLS, 75_lag_nchinaPRjja, 91_lag_alpi, 81_lag_ginwSSTjfm, 84_lag_mhfATL60, 86_lag_ginwSSTjfm_3776_67"
LinearRegression,83,30,traCA,picntrl,1597.5,2050.5,0.8,98,68,71,14.183628230667361,0.002641992524204576,3776,"['82_lag_ormenSSTjfm', '79_lag_traEC', '95_lag_yrvPRjja', '94_lag_yrvPRjja', '93_lag_yrvPRjja', '94_lag_nppc2SSTjfm', '78_lag_nchinaPRjja', '84_lag_shSICsep', '90_lag_ismPRjja', '88_lag_atlSICjfm', '88_lag_samPSLann', '81_lag_traIFC', '85_lag_nchinaPRjja', '82_lag_ginwSSTjfm', '81_lag_traFB', '83_lag_traBS', '75_lag_nchinaPRjja', '86_lag_ismPRjja', '83_lag_eapPSLjfm', '82_lag_eapPSLjfm', '95_lag_traTLS', '85_lag_traMC', '72_lag_nchinaPRjja', '86_lag_nppc2SSTjfm', '85_lag_nppc2SSTjfm', '71_lag_traTLS', '81_lag_ginwSSTjfm', '91_lag_alpi', '86_lag_ginwSSTjfm', '84_lag_mhfATL60']","[0.10140909393914842, 0.06262795306193267, 0.05736054051273811, 0.08810134086156629, 0.0863153212789919, 0.056736338258598605, 0.024509496933793597, 0.1144042795828047, 0.0589524106719815, 0.15851032273225235, 0.057698260276315944, 0.10255578235213998, 0.08705624319414414, 0.08538475371813964, 0.05635880118607213, 0.02622110604620903, 0.09524436683067651, 0.08497670287268654, 0.11865815055858449, 0.14145583774379472, 0.07033994559550372, 0.1285583624689047, 0.08140514516250785, 0.13047701409905402, 0.09215222375668976, 0.1712334284372526, 0.11227600426148673, 0.05370442612991523, 0.10646720125424483, 0.15691643049946352]","82_lag_ormenSSTjfm, 79_lag_traEC, 95_lag_yrvPRjja, 94_lag_yrvPRjja, 93_lag_yrvPRjja, 94_lag_nppc2SSTjfm, 78_lag_nchinaPRjja, 84_lag_shSICsep, 90_lag_ismPRjja, 88_lag_atlSICjfm, 88_lag_samPSLann, 81_lag_traIFC, 85_lag_nchinaPRjja, 82_lag_ginwSSTjfm, 81_lag_traFB, 83_lag_traBS, 75_lag_nchinaPRjja, 86_lag_ismPRjja, 83_lag_eapPSLjfm, 82_lag_eapPSLjfm, 95_lag_traTLS, 85_lag_traMC, 72_lag_nchinaPRjja, 86_lag_nppc2SSTjfm, 85_lag_nppc2SSTjfm, 71_lag_traTLS, 81_lag_ginwSSTjfm, 91_lag_alpi, 86_lag_ginwSSTjfm, 84_lag_mhfATL60_3776_71"
LinearRegression,84,30,traCA,picntrl,1598.5,2050.5,0.8,99,69,69,14.680698688859728,-0.023597949437147457,3776,"['88_lag_atlSICjfm', '90_lag_ismPRjja', '83_lag_eapPSLjfm', '75_lag_nchinaPRjja', '98_lag_eapPSLjfm', '88_lag_samPSLann', '85_lag_stratZ50ndj04', '84_lag_shSICsep', '83_lag_traBS', '98_lag_traFS', '88_lag_traWP', '82_lag_ormenSSTjfm', '94_lag_nppc2SSTjfm', '71_lag_traTLS', '91_lag_alpi', '95_lag_yrvPRjja', '69_lag_tripol3', '81_lag_ginwSSTjfm', '82_lag_eapPSLjfm', '82_lag_ginwSSTjfm', '98_lag_pdoSSTjfm', '95_lag_traTLS', '72_lag_nchinaPRjja', '85_lag_nppc2SSTjfm', '86_lag_ismPRjja', '85_lag_traMC', '86_lag_nppc2SSTjfm', '84_lag_mhfATL60', '98_lag_tripol1', '86_lag_ginwSSTjfm']","[0.12873257052561676, 0.08653429559995907, 0.10320059387894859, 0.06690700757972168, 0.008334950028927557, 0.08299533097687996, 0.05662903391393672, 0.05996285245368581, 0.004622822669143462, 0.10961269373441217, 0.1024167283718915, 0.09531494810254007, 0.1101672016073354, 0.19414218159426538, 0.03762369930737341, 0.05226422436300397, 0.0882882462911977, 0.10034107012022107, 0.12659619879052467, 0.08178751803713713, 0.09042784103089344, 0.0646916386817628, 0.0667282850994889, 0.11363731590145919, 0.056122745273798444, 0.1260298422233832, 0.09308248538121595, 0.1821177580932697, 0.2815205532940433, 0.08789273960410332]","88_lag_atlSICjfm, 90_lag_ismPRjja, 83_lag_eapPSLjfm, 75_lag_nchinaPRjja, 98_lag_eapPSLjfm, 88_lag_samPSLann, 85_lag_stratZ50ndj04, 84_lag_shSICsep, 83_lag_traBS, 98_lag_traFS, 88_lag_traWP, 82_lag_ormenSSTjfm, 94_lag_nppc2SSTjfm, 71_lag_traTLS, 91_lag_alpi, 95_lag_yrvPRjja, 69_lag_tripol3, 81_lag_ginwSSTjfm, 82_lag_eapPSLjfm, 82_lag_ginwSSTjfm, 98_lag_pdoSSTjfm, 95_lag_traTLS, 72_lag_nchinaPRjja, 85_lag_nppc2SSTjfm, 86_lag_ismPRjja, 85_lag_traMC, 86_lag_nppc2SSTjfm, 84_lag_mhfATL60, 98_lag_tripol1, 86_lag_ginwSSTjfm_3776_69"
LinearRegression,85,30,traCA,picntrl,1599.5,2050.5,0.8,100,70,72,13.844494226673564,-0.017191812312588643,3776,"['89_lag_stratZ50ndj01', '98_lag_pdoSSTjfm', '72_lag_nchinaPRjja', '83_lag_eapPSLjfm', '90_lag_alpi', '78_lag_traIT', '99_lag_traFS', '85_lag_stratZ50ndj04', '79_lag_traTLS', '82_lag_ormenSSTjfm', '96_lag_satlSSTjfm', '83_lag_traBS', '84_lag_shSICsep', '88_lag_atlSICjfm', '98_lag_traFS', '86_lag_ismPRjja', '82_lag_eapPSLjfm', '88_lag_traWP', '85_lag_traMC', '86_lag_nppc2SSTjfm', '88_lag_samPSLann', '95_lag_traTLS', '81_lag_ginwSSTjfm', '98_lag_tripol1', '84_lag_mhfATL60', '99_lag_satlSSTjfm', '94_lag_nppc2SSTjfm', '85_lag_nppc2SSTjfm', '75_lag_nchinaPRjja', '86_lag_ginwSSTjfm']","[0.07652753258444714, 0.07931897716118527, 0.05650079261625668, 0.08903706191185984, 0.05013679333316277, 0.02245308380671848, 0.006117738632629451, 0.04030123101529189, 0.0629693481979305, 0.14574819005694353, 0.004614406275021177, 0.012041751136287745, 0.07656695494495423, 0.13881444384192337, 0.09777954776319836, 0.08424272686416952, 0.11333731359111457, 0.10078950445161014, 0.12927044358278417, 0.10354881866639501, 0.0738373480891103, 0.06642290269238221, 0.10265244018569432, 0.27251497486992177, 0.16141354519556284, 0.07869574790301875, 0.1028091290176159, 0.11535133139511293, 0.05905277590441258, 0.0988645774616778]","89_lag_stratZ50ndj01, 98_lag_pdoSSTjfm, 72_lag_nchinaPRjja, 83_lag_eapPSLjfm, 90_lag_alpi, 78_lag_traIT, 99_lag_traFS, 85_lag_stratZ50ndj04, 79_lag_traTLS, 82_lag_ormenSSTjfm, 96_lag_satlSSTjfm, 83_lag_traBS, 84_lag_shSICsep, 88_lag_atlSICjfm, 98_lag_traFS, 86_lag_ismPRjja, 82_lag_eapPSLjfm, 88_lag_traWP, 85_lag_traMC, 86_lag_nppc2SSTjfm, 88_lag_samPSLann, 95_lag_traTLS, 81_lag_ginwSSTjfm, 98_lag_tripol1, 84_lag_mhfATL60, 99_lag_satlSSTjfm, 94_lag_nppc2SSTjfm, 85_lag_nppc2SSTjfm, 75_lag_nchinaPRjja, 86_lag_ginwSSTjfm_3776_72"
