model,num_irrelevant,max_allowed_features,target_feature,dataset,year_start,year_end,splitsize,max_lag,init_lag,max_forecast,mae_score,corr_score,n_total_features,selected_feature_list,feature_importances,selected_features
LRforcedPSO,0,10,mhfATL45,shigh,866.5,2005.5,0.6,15,5,5,14.612958632087976,0.07131631160955984,1235,"['5_lag_11_median_solFORC', '13_lag_cetTSjfm', '5_lag_8_median_seurTSjfm', '13_lag_arcTSjfm', '5_lag_alpi', '5_lag_7_median_seurTSjfm', '5_lag_13_median_tripol2', '5_lag_traBS', '5_lag_9_median_traBS', '5_lag_12_median_ormenSSTjfm']","[0.34801530123141866, 4.4615178270752125, 7.027689598817286, 5.489898591328785, 1.8984928128451735, 3.7511871929815577, 3.939202449730579, 0.21521883580732215, 0.036955444289068495, 0.9138327130540418]","5_lag_11_median_solFORC, 13_lag_cetTSjfm, 5_lag_8_median_seurTSjfm, 13_lag_arcTSjfm, 5_lag_alpi, 5_lag_7_median_seurTSjfm, 5_lag_13_median_tripol2, 5_lag_traBS, 5_lag_9_median_traBS, 5_lag_12_median_ormenSSTjfm_1235_5"
LRforcedPSO,1,10,mhfATL45,shigh,867.5,2005.5,0.6,16,6,6,15.687365745349526,-0.02311345133286198,1235,"['11_lag_scpPSLjfm', '15_lag_yrvPRjja', '6_lag_14_median_yrvPRjja', '6_lag_tripol1', '6_lag_13_median_traFSC', '6_lag_8_median_stratZ50ndj03', '13_lag_shSICsep', '6_lag_12_median_shSICmar', '6_lag_7_median_naoPSLjfm', '6_lag_11_median_seurTSjfm']","[1.9187702746243893, 0.2681164519628574, 1.6352282710608979, 1.5605352286659535, 4.183431561629183, 0.5547462122102971, 6.518290908836406, 3.9783181259530576, 2.587059811335209, 6.079617517369371]","11_lag_scpPSLjfm, 15_lag_yrvPRjja, 6_lag_14_median_yrvPRjja, 6_lag_tripol1, 6_lag_13_median_traFSC, 6_lag_8_median_stratZ50ndj03, 13_lag_shSICsep, 6_lag_12_median_shSICmar, 6_lag_7_median_naoPSLjfm, 6_lag_11_median_seurTSjfm_1235_6"
LRforcedPSO,2,10,mhfATL45,shigh,868.5,2005.5,0.6,17,7,7,14.729611061966477,-0.05225834711421657,1235,"['11_lag_traCA', '12_lag_traBS', '8_lag_ismPRjja', '9_lag_mhfATL60', '13_lag_ismPRjja', '12_lag_traWP', '11_lag_shSICmar', '7_lag_11_median_atlSICjfm', '10_lag_amo3', '8_lag_amo3']","[7.074448706443778, 2.3892598300471377, 1.2549638551238989, 1.8008987573992048, 4.607084994441553, 0.7332992553480864, 1.2080181727354784, 1.1492031150600965, 0.9361556293990496, 3.389895881241456]","11_lag_traCA, 12_lag_traBS, 8_lag_ismPRjja, 9_lag_mhfATL60, 13_lag_ismPRjja, 12_lag_traWP, 11_lag_shSICmar, 7_lag_11_median_atlSICjfm, 10_lag_amo3, 8_lag_amo3_1235_7"
LRforcedPSO,3,10,mhfATL45,shigh,869.5,2005.5,0.6,18,8,8,19.07788405938692,-0.35954104555451466,1235,"['10_lag_naoPSLjfm', '8_lag_15_median_AMOCann', '8_lag_9_median_traEC', '8_lag_10_median_traFB', '10_lag_nhSICsep', '9_lag_tripol3', '9_lag_traBS', '8_lag_13_median_traMC', '17_lag_amo3', '8_lag_15_median_nhTSjfm']","[1.9715287374166977, 3.4056263733827628, 2.06371397080334, 7.079687861307537, 1.010093389148004, 4.463470998510736, 0.854773933788028, 2.063024904690053, 6.815551429810572, 0.08195792596154661]","10_lag_naoPSLjfm, 8_lag_15_median_AMOCann, 8_lag_9_median_traEC, 8_lag_10_median_traFB, 10_lag_nhSICsep, 9_lag_tripol3, 9_lag_traBS, 8_lag_13_median_traMC, 17_lag_amo3, 8_lag_15_median_nhTSjfm_1235_8"
LRforcedPSO,4,10,mhfATL45,shigh,870.5,2005.5,0.6,19,9,9,15.69495819449925,0.23290048709441144,1235,"['10_lag_traMC', '9_lag_17_median_stratZ50ndj03', '9_lag_traTLS', '14_lag_mhfATL30', '9_lag_16_median_eurPSLjfm', '9_lag_13_median_amo2', '10_lag_shSICmar', '15_lag_atlSICsep', '9_lag_12_median_traFS', '9_lag_14_median_traIFC']","[0.5207120805338974, 2.97944931381501, 3.4289368140784227, 8.099510939602517, 4.318893658223379, 2.6431829816449888, 4.351803027046049, 6.076617909033755, 3.5664363346372934, 5.744228814769901]","10_lag_traMC, 9_lag_17_median_stratZ50ndj03, 9_lag_traTLS, 14_lag_mhfATL30, 9_lag_16_median_eurPSLjfm, 9_lag_13_median_amo2, 10_lag_shSICmar, 15_lag_atlSICsep, 9_lag_12_median_traFS, 9_lag_14_median_traIFC_1235_9"
LRforcedPSO,5,10,mhfATL45,shigh,871.5,2005.5,0.6,20,10,10,13.284039908672776,0.26620009132834593,1235,"['10_lag_15_median_traDS', '19_lag_amoSSTmjjaso', '16_lag_ismPRjja', '10_lag_18_median_traIFC', '10_lag_13_median_scpPSLjfm', '10_lag_13_median_nppc2SSTjfm', '16_lag_glomaSSTjfm', '10_lag_13_median_amo1', '19_lag_mhfATL30', '14_lag_nppc2SSTjfm']","[3.1921246712355362, 2.600727008839341, 1.3407360216036075, 1.119604975294612, 0.4263571448166896, 2.6303336141201754, 2.518485308567775, 0.8291208880587995, 2.4777937882112155, 3.187427571917447]","10_lag_15_median_traDS, 19_lag_amoSSTmjjaso, 16_lag_ismPRjja, 10_lag_18_median_traIFC, 10_lag_13_median_scpPSLjfm, 10_lag_13_median_nppc2SSTjfm, 16_lag_glomaSSTjfm, 10_lag_13_median_amo1, 19_lag_mhfATL30, 14_lag_nppc2SSTjfm_1235_10"
LRforcedPSO,6,10,mhfATL45,shigh,872.5,2005.5,0.6,21,11,11,14.996553678381222,0.12658865599118196,1235,"['11_lag_12_median_stratZ50ndj01', '11_lag_17_median_labSSTjfm', '11_lag_13_median_naoPSLjfm', '13_lag_yrvPRjja', '18_lag_traDP', '11_lag_20_median_nhSICjfm', '11_lag_12_median_naoPSLjfm', '19_lag_samPSLann', '11_lag_17_median_traBS', '11_lag_16_median_traBO']","[0.5396465407164506, 1.8127735465663157, 1.0667124416995932, 4.975570431056749, 2.3775516091601663, 0.6578335359803162, 6.033919794438091, 2.6444611347932145, 4.740597278058152, 1.4842925086343701]","11_lag_12_median_stratZ50ndj01, 11_lag_17_median_labSSTjfm, 11_lag_13_median_naoPSLjfm, 13_lag_yrvPRjja, 18_lag_traDP, 11_lag_20_median_nhSICjfm, 11_lag_12_median_naoPSLjfm, 19_lag_samPSLann, 11_lag_17_median_traBS, 11_lag_16_median_traBO_1235_11"
LRforcedPSO,7,10,mhfATL45,shigh,873.5,2005.5,0.6,22,12,12,16.776359630851,-0.07675848452991019,1235,"['16_lag_mhfIP30', '18_lag_ensoSSTjfm', '12_lag_17_median_solFORC', '20_lag_nchinaPRjja', '14_lag_cetTSjfm', '12_lag_traIFC', '14_lag_stratZ50ndj02', '12_lag_21_median_shTSjfm', '12_lag_16_median_mhfATL30', '16_lag_ismPRjja']","[0.11522441417217522, 4.73419204051673, 9.214890495216071, 4.678231445621536, 1.4218728721058582, 3.2731087687146543, 2.86043015184479, 6.479660916470621, 0.163306090092167, 0.038237631784202364]","16_lag_mhfIP30, 18_lag_ensoSSTjfm, 12_lag_17_median_solFORC, 20_lag_nchinaPRjja, 14_lag_cetTSjfm, 12_lag_traIFC, 14_lag_stratZ50ndj02, 12_lag_21_median_shTSjfm, 12_lag_16_median_mhfATL30, 16_lag_ismPRjja_1235_12"
LRforcedPSO,8,10,mhfATL45,shigh,874.5,2005.5,0.6,23,13,13,16.506905912395617,-0.20336105197378085,1235,"['19_lag_wnorPRjfm', '13_lag_16_median_traCA', '16_lag_tripol2', '21_lag_labSSTjfm', '13_lag_14_median_traMC', '13_lag_22_median_atlSICsep', '18_lag_traFB', '13_lag_16_median_pdoSSTjfm', '13_lag_15_median_AMOCann', '13_lag_16_median_gyreSSTjfm']","[0.1714152174963779, 0.4190310199799985, 1.8580289275463002, 1.8310374671322869, 4.982940453706178, 4.348964593209088, 1.8078766147534573, 0.39027471420245163, 0.16366498597106016, 5.912098904504857]","19_lag_wnorPRjfm, 13_lag_16_median_traCA, 16_lag_tripol2, 21_lag_labSSTjfm, 13_lag_14_median_traMC, 13_lag_22_median_atlSICsep, 18_lag_traFB, 13_lag_16_median_pdoSSTjfm, 13_lag_15_median_AMOCann, 13_lag_16_median_gyreSSTjfm_1235_13"
LRforcedPSO,9,10,mhfATL45,shigh,875.5,2005.5,0.6,24,14,14,14.972300466210044,0.06148557317843903,1235,"['18_lag_ismPRjja', '16_lag_mhfIP30', '23_lag_stratZ50ndj03', '14_lag_19_median_mhfATL30', '17_lag_traBO', '21_lag_amo3', '21_lag_tripol2', '14_lag_AMOCann', '21_lag_shTSjfm', '21_lag_ismPRjja']","[0.6230617476843072, 1.1970358228106406, 7.128565480806013, 2.3732057548568157, 1.2791479073679746, 5.510529769198611, 0.9590453962277792, 1.8609540459474978, 3.513883323643146, 2.31577001190455]","18_lag_ismPRjja, 16_lag_mhfIP30, 23_lag_stratZ50ndj03, 14_lag_19_median_mhfATL30, 17_lag_traBO, 21_lag_amo3, 21_lag_tripol2, 14_lag_AMOCann, 21_lag_shTSjfm, 21_lag_ismPRjja_1235_14"
LRforcedPSO,10,10,mhfATL45,shigh,876.5,2005.5,0.6,25,15,15,16.49638586546303,-0.1147779666930458,1235,"['15_lag_21_median_satlSSTjfm', '17_lag_scpPSLjfm', '15_lag_22_median_amo3', '24_lag_mhfATL30', '15_lag_18_median_atlSICjfm', '15_lag_18_median_glTSjfm', '22_lag_tripol3', '21_lag_nhSICjfm', '15_lag_22_median_nchinaPRjja', '22_lag_seurTSjfm']","[2.486697402303683, 2.3007566596955016, 7.611047115662174, 0.6514516978658804, 6.208220513393621, 0.8748245974741735, 2.6766535048560547, 9.298691852349481, 0.8327365421060264, 0.4921127660108269]","15_lag_21_median_satlSSTjfm, 17_lag_scpPSLjfm, 15_lag_22_median_amo3, 24_lag_mhfATL30, 15_lag_18_median_atlSICjfm, 15_lag_18_median_glTSjfm, 22_lag_tripol3, 21_lag_nhSICjfm, 15_lag_22_median_nchinaPRjja, 22_lag_seurTSjfm_1235_15"
LRforcedPSO,11,10,mhfATL45,shigh,877.5,2005.5,0.6,26,16,16,18.806639183022895,0.18379970064316056,1235,"['16_lag_21_median_seurTSjfm', '23_lag_traDP', '16_lag_22_median_tripol2', '16_lag_naoPSLjfm', '16_lag_22_median_traBS', '16_lag_25_median_nppc2SSTjfm', '17_lag_amo3', '16_lag_25_median_yrvPRjja', '16_lag_18_median_traCA', '24_lag_nppc3SSTjfm']","[1.7241121554746783, 4.4382383437910615, 6.23099048275823, 1.789059851045618, 7.849329483040945, 6.086082899286422, 4.539273608004548, 9.092015978139028, 2.095568956845808, 0.07005703945387154]","16_lag_21_median_seurTSjfm, 23_lag_traDP, 16_lag_22_median_tripol2, 16_lag_naoPSLjfm, 16_lag_22_median_traBS, 16_lag_25_median_nppc2SSTjfm, 17_lag_amo3, 16_lag_25_median_yrvPRjja, 16_lag_18_median_traCA, 24_lag_nppc3SSTjfm_1235_16"
LRforcedPSO,12,10,mhfATL45,shigh,878.5,2005.5,0.6,27,17,17,15.831721456410833,0.09017309756888728,1235,"['17_lag_traTLS', '17_lag_18_median_nhTSjfm', '22_lag_amo3', '17_lag_25_median_ismPRjja', '17_lag_25_median_traIT', '17_lag_22_median_traBO', '25_lag_amo2', '17_lag_20_median_traBO', '17_lag_22_median_traTLS', '25_lag_traTLS']","[4.2905044482610855, 4.038200051148979, 0.5839248181787067, 1.616925414750547, 5.292486194958013, 3.5087008745458848, 2.7615948971020376, 4.420173647809165, 0.5953863091401157, 1.618490553295338]","17_lag_traTLS, 17_lag_18_median_nhTSjfm, 22_lag_amo3, 17_lag_25_median_ismPRjja, 17_lag_25_median_traIT, 17_lag_22_median_traBO, 25_lag_amo2, 17_lag_20_median_traBO, 17_lag_22_median_traTLS, 25_lag_traTLS_1235_17"
LRforcedPSO,13,10,mhfATL45,shigh,879.5,2005.5,0.6,28,18,18,16.37287711454901,-0.1956749709816535,1235,"['26_lag_mhfATL30', '22_lag_pdoSSTjfm', '18_lag_23_median_ensoSSTjfm', '25_lag_neurTSjfm', '18_lag_25_median_ginwSSTjfm', '18_lag_20_median_traBO', '18_lag_26_median_traEC', '18_lag_20_median_stratZ50ndj02', '25_lag_shSICsep', '22_lag_nhSICsep']","[1.231303334849514, 0.17134077995682517, 2.7925923340385026, 1.9477813059957239, 5.8991228547660555, 6.200512280958703, 0.8561470416714396, 3.273977891939584, 2.8138416229849845, 4.667239762015376]","26_lag_mhfATL30, 22_lag_pdoSSTjfm, 18_lag_23_median_ensoSSTjfm, 25_lag_neurTSjfm, 18_lag_25_median_ginwSSTjfm, 18_lag_20_median_traBO, 18_lag_26_median_traEC, 18_lag_20_median_stratZ50ndj02, 25_lag_shSICsep, 22_lag_nhSICsep_1235_18"
LRforcedPSO,14,10,mhfATL45,shigh,880.5,2005.5,0.6,29,19,19,16.034768408856703,-0.18632734979712817,1235,"['25_lag_stratZ50ndj02', '19_lag_21_median_stratZ50ndj04', '28_lag_mhfATL60', '21_lag_wnorPRjfm', '26_lag_samPSLann', '25_lag_mhfATL60', '19_lag_20_median_neurTSjfm', '24_lag_neurTSjfm', '28_lag_glTSjfm', '19_lag_mhfATL60']","[5.117722301264164, 1.1448599368691585, 3.5924034796876754, 1.5812983762765995, 2.2007609853374905, 0.6536629428888077, 5.776684717865717, 1.4181354317346155, 2.6058730472934393, 0.1931036930787844]","25_lag_stratZ50ndj02, 19_lag_21_median_stratZ50ndj04, 28_lag_mhfATL60, 21_lag_wnorPRjfm, 26_lag_samPSLann, 25_lag_mhfATL60, 19_lag_20_median_neurTSjfm, 24_lag_neurTSjfm, 28_lag_glTSjfm, 19_lag_mhfATL60_1235_19"
LRforcedPSO,15,10,mhfATL45,shigh,881.5,2005.5,0.6,30,20,20,15.87732235513606,0.14074417952818938,1235,"['20_lag_24_median_stratZ50ndj03', '25_lag_eapPSLjfm', '27_lag_nhSICsep', '22_lag_nppc3SSTjfm', '20_lag_21_median_nppc2SSTjfm', '20_lag_23_median_tripol1', '22_lag_shSICmar', '26_lag_labSSTjfm', '23_lag_pdoSSTjfm', '20_lag_25_median_traDP']","[1.8014344664341397, 1.9104852479036047, 4.603636092838663, 1.6109053806230023, 8.101624078959897, 6.647853875664462, 4.546720183091901, 1.6114393268134037, 5.69649217598646, 5.464152254996765]","20_lag_24_median_stratZ50ndj03, 25_lag_eapPSLjfm, 27_lag_nhSICsep, 22_lag_nppc3SSTjfm, 20_lag_21_median_nppc2SSTjfm, 20_lag_23_median_tripol1, 22_lag_shSICmar, 26_lag_labSSTjfm, 23_lag_pdoSSTjfm, 20_lag_25_median_traDP_1235_20"
LRforcedPSO,16,10,mhfATL45,shigh,882.5,2005.5,0.6,31,21,21,18.19235689932077,-0.23849161535611552,1235,"['26_lag_ormenSSTjfm', '30_lag_wnorPRjfm', '24_lag_eapPSLjfm', '21_lag_30_median_ensoSSTjfm', '21_lag_mhfATL60', '27_lag_gyreSSTjfm', '30_lag_nppc2SSTjfm', '26_lag_mhfATL60', '22_lag_nppc2SSTjfm', '25_lag_labSSTjfm']","[5.194084923267685, 2.4617376922057854, 4.431828143205625, 7.572543505856377, 4.958521229553821, 2.90970549535547, 1.5556455654122097, 0.08424842866198823, 1.9367496877464845, 4.345241204997006]","26_lag_ormenSSTjfm, 30_lag_wnorPRjfm, 24_lag_eapPSLjfm, 21_lag_30_median_ensoSSTjfm, 21_lag_mhfATL60, 27_lag_gyreSSTjfm, 30_lag_nppc2SSTjfm, 26_lag_mhfATL60, 22_lag_nppc2SSTjfm, 25_lag_labSSTjfm_1235_21"
LRforcedPSO,17,10,mhfATL45,shigh,883.5,2005.5,0.6,32,22,22,18.586558735467737,-0.13550263825995257,1235,"['31_lag_alpi', '22_lag_27_median_traEC', '26_lag_shTSjfm', '31_lag_nhSICsep', '22_lag_30_median_traDP', '22_lag_25_median_nchinaPRjja', '22_lag_31_median_amo3', '22_lag_atlSICsep', '23_lag_ensoSSTjfm', '22_lag_28_median_traIT']","[3.355103727464977, 4.751636307813381, 2.6646144765289907, 7.582181072277967, 4.884653245991569, 0.28342020925064837, 1.1702069101455432, 2.2303190747459993, 1.3047302134695933, 0.832851346148491]","31_lag_alpi, 22_lag_27_median_traEC, 26_lag_shTSjfm, 31_lag_nhSICsep, 22_lag_30_median_traDP, 22_lag_25_median_nchinaPRjja, 22_lag_31_median_amo3, 22_lag_atlSICsep, 23_lag_ensoSSTjfm, 22_lag_28_median_traIT_1235_22"
LRforcedPSO,18,10,mhfATL45,shigh,884.5,2005.5,0.6,33,23,23,16.392975789522737,-0.07950233523152811,1235,"['23_lag_25_median_nhTSjfm', '23_lag_mhfIP30', '23_lag_31_median_traDP', '23_lag_32_median_amo2', '23_lag_24_median_shTSjfm', '23_lag_30_median_atlSICjfm', '30_lag_traCA', '28_lag_naoPSLjfm', '28_lag_seurTSjfm', '23_lag_32_median_pdoSSTjfm']","[0.815059038842314, 1.8906263043552212, 0.5324123569923866, 0.37445730261453924, 4.955811049199621, 0.24287445270032748, 5.054501757696331, 7.905764949002766, 1.4007082547823515, 0.8390017603103104]","23_lag_25_median_nhTSjfm, 23_lag_mhfIP30, 23_lag_31_median_traDP, 23_lag_32_median_amo2, 23_lag_24_median_shTSjfm, 23_lag_30_median_atlSICjfm, 30_lag_traCA, 28_lag_naoPSLjfm, 28_lag_seurTSjfm, 23_lag_32_median_pdoSSTjfm_1235_23"
LRforcedPSO,19,10,mhfATL45,shigh,885.5,2005.5,0.6,34,24,24,17.63527348593314,0.02642781389218084,1235,"['24_lag_27_median_samPSLann', '24_lag_26_median_scpPSLjfm', '32_lag_traTLS', '32_lag_alpi', '24_lag_31_median_traDP', '30_lag_scpPSLjfm', '24_lag_31_median_stratZ50ndj03', '24_lag_29_median_traDS', '27_lag_nppc2SSTjfm', '24_lag_31_median_stratZ50ndj01']","[9.26818366134909, 4.04441479619139, 2.992024545089542, 3.5451997470080325, 2.5812033838722552, 3.3553172871353993, 4.511399800395569, 4.017781189402093, 1.2230805911253348, 0.24768453240034916]","24_lag_27_median_samPSLann, 24_lag_26_median_scpPSLjfm, 32_lag_traTLS, 32_lag_alpi, 24_lag_31_median_traDP, 30_lag_scpPSLjfm, 24_lag_31_median_stratZ50ndj03, 24_lag_29_median_traDS, 27_lag_nppc2SSTjfm, 24_lag_31_median_stratZ50ndj01_1235_24"
LRforcedPSO,20,10,mhfATL45,shigh,886.5,2005.5,0.6,35,25,25,15.97001777031267,0.04034144804674904,1235,"['30_lag_yrvPRjja', '25_lag_29_median_eurPSLjfm', '25_lag_32_median_naoPSLjfm', '32_lag_traBS', '26_lag_wnorPRjfm', '33_lag_mhfATL45', '31_lag_traBS', '27_lag_traCA', '25_lag_33_median_amo2', '30_lag_tripol3']","[6.699313438351076, 5.200349835688041, 2.44646032006626, 4.596067415976175, 3.338819996869713, 3.7422101868533497, 4.338925713611459, 0.7984729279174712, 1.7605438703121123, 2.811953050043922]","30_lag_yrvPRjja, 25_lag_29_median_eurPSLjfm, 25_lag_32_median_naoPSLjfm, 32_lag_traBS, 26_lag_wnorPRjfm, 33_lag_mhfATL45, 31_lag_traBS, 27_lag_traCA, 25_lag_33_median_amo2, 30_lag_tripol3_1235_25"
LRforcedPSO,21,10,mhfATL45,shigh,887.5,2005.5,0.6,36,26,26,14.363765718028873,0.14890850637833014,1235,"['34_lag_eapPSLjfm', '26_lag_34_median_shTSjfm', '34_lag_traIFC', '26_lag_33_median_traMC', '31_lag_mhfATL30', '34_lag_traDS', '29_lag_nhTSjfm', '26_lag_35_median_seurTSjfm', '31_lag_traEU', '26_lag_33_median_tripol1']","[4.250154651109931, 6.337674405463694, 1.0798460121143023, 0.8171432807977279, 4.137135004579147, 2.40584097856779, 4.972646677255321, 2.7476890123401496, 2.2521089653308213, 7.803436173342309]","34_lag_eapPSLjfm, 26_lag_34_median_shTSjfm, 34_lag_traIFC, 26_lag_33_median_traMC, 31_lag_mhfATL30, 34_lag_traDS, 29_lag_nhTSjfm, 26_lag_35_median_seurTSjfm, 31_lag_traEU, 26_lag_33_median_tripol1_1235_26"
LRforcedPSO,22,10,mhfATL45,shigh,888.5,2005.5,0.6,37,27,27,15.505164721531312,-0.029748893118305256,1235,"['36_lag_alpi', '27_lag_32_median_eapPSLjfm', '28_lag_amo2', '35_lag_ismPRjja', '27_lag_34_median_atlSICsep', '27_lag_30_median_nhSICsep', '27_lag_30_median_arcTSjfm', '27_lag_33_median_labSSTjfm', '27_lag_34_median_mhfATL45', '27_lag_28_median_mhfIP30']","[4.884255743744623, 2.041978963153306, 5.553708094059637, 0.3909101398752348, 2.3975879570341245, 9.177234741615688, 2.8562977898809088, 0.9833174191514598, 3.1905179593243034, 0.8618585592923793]","36_lag_alpi, 27_lag_32_median_eapPSLjfm, 28_lag_amo2, 35_lag_ismPRjja, 27_lag_34_median_atlSICsep, 27_lag_30_median_nhSICsep, 27_lag_30_median_arcTSjfm, 27_lag_33_median_labSSTjfm, 27_lag_34_median_mhfATL45, 27_lag_28_median_mhfIP30_1235_27"
LRforcedPSO,23,10,mhfATL45,shigh,889.5,2005.5,0.6,38,28,28,17.68226551930427,-0.12257264953201805,1235,"['32_lag_traIFC', '28_lag_37_median_scpPSLjfm', '28_lag_33_median_amoSSTmjjaso', '28_lag_34_median_labSSTjfm', '28_lag_29_median_labSSTjfm', '37_lag_shSICsep', '29_lag_samPSLann', '28_lag_30_median_ormenSSTjfm', '35_lag_tripol3', '28_lag_34_median_atlSICsep']","[7.960674081823926, 5.8085781320775425, 4.018251935921848, 5.9739049799216914, 2.156281890066298, 1.920294006888387, 2.9326608042170026, 0.2996305227473446, 3.9122794292547836, 5.9472266914237615]","32_lag_traIFC, 28_lag_37_median_scpPSLjfm, 28_lag_33_median_amoSSTmjjaso, 28_lag_34_median_labSSTjfm, 28_lag_29_median_labSSTjfm, 37_lag_shSICsep, 29_lag_samPSLann, 28_lag_30_median_ormenSSTjfm, 35_lag_tripol3, 28_lag_34_median_atlSICsep_1235_28"
LRforcedPSO,24,10,mhfATL45,shigh,890.5,2005.5,0.6,39,29,29,17.31454383352072,-0.22637585441267066,1235,"['38_lag_nppc3SSTjfm', '34_lag_amo3', '29_lag_satlSSTjfm', '37_lag_neurTSjfm', '29_lag_glomaSSTjfm', '29_lag_34_median_stratZ50ndj03', '29_lag_38_median_stratZ50ndj02', '30_lag_AMOCann', '29_lag_37_median_ormenSSTjfm', '29_lag_33_median_traIFC']","[2.0881354570130917, 1.700723440225131, 2.9483960647420115, 1.1754335895491774, 3.546526940650427, 7.626666507757854, 2.57722763373131, 0.7506072335636773, 4.387047593768665, 4.199791530555908]","38_lag_nppc3SSTjfm, 34_lag_amo3, 29_lag_satlSSTjfm, 37_lag_neurTSjfm, 29_lag_glomaSSTjfm, 29_lag_34_median_stratZ50ndj03, 29_lag_38_median_stratZ50ndj02, 30_lag_AMOCann, 29_lag_37_median_ormenSSTjfm, 29_lag_33_median_traIFC_1235_29"
LRforcedPSO,25,10,mhfATL45,shigh,891.5,2005.5,0.6,40,30,30,16.194438655199047,0.08067680858447715,1235,"['30_lag_34_median_tripol2', '34_lag_amoSSTmjjaso', '31_lag_solFORC', '37_lag_amoSSTmjjaso', '39_lag_eapPSLjfm', '33_lag_nhTSjfm', '33_lag_AMOCann', '31_lag_traCA', '36_lag_tripol1', '30_lag_glTSjfm']","[6.218371239403563, 5.1771377186885825, 1.907896794998008, 6.342933504433983, 5.534070004975257, 5.0712114155555055, 2.8887400538445203, 0.7574878664923279, 3.825596446737693, 0.049078575202718966]","30_lag_34_median_tripol2, 34_lag_amoSSTmjjaso, 31_lag_solFORC, 37_lag_amoSSTmjjaso, 39_lag_eapPSLjfm, 33_lag_nhTSjfm, 33_lag_AMOCann, 31_lag_traCA, 36_lag_tripol1, 30_lag_glTSjfm_1235_30"
LRforcedPSO,26,10,mhfATL45,shigh,892.5,2005.5,0.6,41,31,31,16.88390782615038,-0.2136720044960491,1235,"['31_lag_39_median_traDS', '31_lag_nppc2SSTjfm', '37_lag_eurPSLjfm', '31_lag_traTLS', '40_lag_glomaSSTjfm', '31_lag_33_median_traWP', '36_lag_traEU', '31_lag_32_median_stratZ50ndj01', '31_lag_39_median_labSSTjfm', '31_lag_amo1']","[0.8904445143033399, 4.50334345517774, 2.4019644913629676, 1.9225229539471052, 4.534251538042184, 3.3493589500631282, 1.3763964859618465, 4.9204295788292445, 5.49844874747758, 0.5121290826105369]","31_lag_39_median_traDS, 31_lag_nppc2SSTjfm, 37_lag_eurPSLjfm, 31_lag_traTLS, 40_lag_glomaSSTjfm, 31_lag_33_median_traWP, 36_lag_traEU, 31_lag_32_median_stratZ50ndj01, 31_lag_39_median_labSSTjfm, 31_lag_amo1_1235_31"
LRforcedPSO,27,10,mhfATL45,shigh,893.5,2005.5,0.6,42,32,32,15.687431790941341,0.14052476764293736,1235,"['41_lag_nppc3SSTjfm', '36_lag_traMC', '36_lag_solFORC', '40_lag_yrvPRjja', '41_lag_seurTSjfm', '32_lag_40_median_traIFC', '32_lag_41_median_traBO', '35_lag_gyreSSTjfm', '35_lag_shSICsep', '32_lag_38_median_mhfATL60']","[1.3190294118457828, 4.503368245548098, 4.928388776761463, 3.3258826917148134, 4.745192535959064, 8.248615169542566, 5.313183314456893, 5.106423116094334, 2.512133747876941, 4.804715672877247]","41_lag_nppc3SSTjfm, 36_lag_traMC, 36_lag_solFORC, 40_lag_yrvPRjja, 41_lag_seurTSjfm, 32_lag_40_median_traIFC, 32_lag_41_median_traBO, 35_lag_gyreSSTjfm, 35_lag_shSICsep, 32_lag_38_median_mhfATL60_1235_32"
LRforcedPSO,28,10,mhfATL45,shigh,894.5,2005.5,0.6,43,33,33,14.103087428448001,0.10011164229890203,1235,"['33_lag_37_median_nppc3SSTjfm', '33_lag_38_median_amo3', '34_lag_AMOCann', '33_lag_41_median_traFSC', '33_lag_37_median_shTSjfm', '33_lag_35_median_traFSC', '41_lag_yrvPRjja', '33_lag_37_median_atlSICjfm', '41_lag_neurTSjfm', '33_lag_mhfATL30']","[5.4226557945217735, 5.1287892540547, 2.642541358195409, 2.256393654753735, 1.5153446368761099, 1.9440092565849802, 1.6577445007931466, 3.5261064715544332, 5.110637772262638, 2.399615530061327]","33_lag_37_median_nppc3SSTjfm, 33_lag_38_median_amo3, 34_lag_AMOCann, 33_lag_41_median_traFSC, 33_lag_37_median_shTSjfm, 33_lag_35_median_traFSC, 41_lag_yrvPRjja, 33_lag_37_median_atlSICjfm, 41_lag_neurTSjfm, 33_lag_mhfATL30_1235_33"
LRforcedPSO,29,10,mhfATL45,shigh,895.5,2005.5,0.6,44,34,34,16.227013766929513,-0.023978279297288234,1235,"['34_lag_37_median_alpi', '34_lag_39_median_stratZ50ndj04', '34_lag_43_median_amo3', '38_lag_nppc3SSTjfm', '34_lag_39_median_stratZ50ndj01', '34_lag_41_median_pdoSSTjfm', '34_lag_38_median_traBO', '34_lag_40_median_traFS', '42_lag_amo2', '42_lag_ismPRjja']","[1.4258797509783214, 1.6553661031804818, 6.264346720492835, 1.7809910179301625, 2.2354071746524973, 7.204385402777682, 0.005444742554569615, 4.643101190045025, 5.3580521143114375, 0.6749940610516258]","34_lag_37_median_alpi, 34_lag_39_median_stratZ50ndj04, 34_lag_43_median_amo3, 38_lag_nppc3SSTjfm, 34_lag_39_median_stratZ50ndj01, 34_lag_41_median_pdoSSTjfm, 34_lag_38_median_traBO, 34_lag_40_median_traFS, 42_lag_amo2, 42_lag_ismPRjja_1235_34"
LRforcedPSO,30,10,mhfATL45,shigh,896.5,2005.5,0.6,45,35,35,17.483013056025204,-0.282400750073628,1235,"['35_lag_40_median_amo1', '36_lag_amo1', '39_lag_amo2', '35_lag_alpi', '35_lag_43_median_pdoSSTjfm', '35_lag_44_median_seurTSjfm', '35_lag_44_median_traTLS', '41_lag_traEC', '35_lag_41_median_AMOCann', '35_lag_36_median_ensoSSTjfm']","[6.810974550556448, 1.3790842113956874, 1.9709271500503807, 2.5267396858267652, 3.813876317701526, 0.25735917422071886, 7.209990355458899, 1.622249550971862, 4.5533404711807, 1.381288870623278]","35_lag_40_median_amo1, 36_lag_amo1, 39_lag_amo2, 35_lag_alpi, 35_lag_43_median_pdoSSTjfm, 35_lag_44_median_seurTSjfm, 35_lag_44_median_traTLS, 41_lag_traEC, 35_lag_41_median_AMOCann, 35_lag_36_median_ensoSSTjfm_1235_35"
LRforcedPSO,31,10,mhfATL45,shigh,897.5,2005.5,0.6,46,36,36,17.343226962907096,-0.09236570864129186,1235,"['36_lag_37_median_cetTSjfm', '38_lag_tripol3', '36_lag_39_median_traWP', '45_lag_amo1', '41_lag_amo3', '36_lag_45_median_ensoSSTjfm', '36_lag_40_median_stratZ50ndj04', '36_lag_43_median_atlSICjfm', '41_lag_nhTSjfm', '42_lag_nppc2SSTjfm']","[9.12216737042029, 2.126072710978468, 3.8423853177325675, 4.02686671238039, 0.3817878684025864, 1.8580044904164001, 2.032898526052186, 1.0063653640221482, 4.371272780570896, 7.562180736648845]","36_lag_37_median_cetTSjfm, 38_lag_tripol3, 36_lag_39_median_traWP, 45_lag_amo1, 41_lag_amo3, 36_lag_45_median_ensoSSTjfm, 36_lag_40_median_stratZ50ndj04, 36_lag_43_median_atlSICjfm, 41_lag_nhTSjfm, 42_lag_nppc2SSTjfm_1235_36"
LRforcedPSO,32,10,mhfATL45,shigh,898.5,2005.5,0.6,47,37,37,16.01933831956189,0.0569871379070211,1235,"['43_lag_ginwSSTjfm', '37_lag_42_median_tripol1', '46_lag_amo2', '43_lag_seurTSjfm', '37_lag_45_median_nchinaPRjja', '40_lag_traDS', '45_lag_arcTSjfm', '37_lag_42_median_labSSTjfm', '43_lag_amo3', '41_lag_traEU']","[5.597383071634696, 2.407695678332873, 2.119096812415324, 1.444887226205399, 4.331540903359881, 0.6822934569615775, 6.723992380001963, 8.647174570899821, 1.5988048355859963, 0.11808841970906414]","43_lag_ginwSSTjfm, 37_lag_42_median_tripol1, 46_lag_amo2, 43_lag_seurTSjfm, 37_lag_45_median_nchinaPRjja, 40_lag_traDS, 45_lag_arcTSjfm, 37_lag_42_median_labSSTjfm, 43_lag_amo3, 41_lag_traEU_1235_37"
LRforcedPSO,33,10,mhfATL45,shigh,899.5,2005.5,0.6,48,38,38,17.566555772594395,-0.18808865271737818,1235,"['38_lag_46_median_atlSICjfm', '39_lag_traBS', '38_lag_nhSICjfm', '44_lag_nhTSjfm', '38_lag_42_median_traBS', '47_lag_AMOCann', '38_lag_41_median_shTSjfm', '38_lag_45_median_neurTSjfm', '38_lag_41_median_alpi', '42_lag_stratZ50ndj01']","[3.327862589280026, 3.472548765518857, 0.9553381232639957, 7.131764801865849, 4.681194128705359, 0.9439690328913883, 3.074006729299093, 2.6324832680097217, 1.595446934304185, 0.9782526542605385]","38_lag_46_median_atlSICjfm, 39_lag_traBS, 38_lag_nhSICjfm, 44_lag_nhTSjfm, 38_lag_42_median_traBS, 47_lag_AMOCann, 38_lag_41_median_shTSjfm, 38_lag_45_median_neurTSjfm, 38_lag_41_median_alpi, 42_lag_stratZ50ndj01_1235_38"
LRforcedPSO,34,10,mhfATL45,shigh,900.5,2005.5,0.6,49,39,39,15.288918343092032,0.18317477924429307,1235,"['39_lag_40_median_traWP', '39_lag_46_median_stratZ50ndj01', '39_lag_42_median_nhSICjfm', '47_lag_eapPSLjfm', '39_lag_42_median_yrvPRjja', '41_lag_traCA', '44_lag_pdoSSTjfm', '39_lag_48_median_eurPSLjfm', '42_lag_glomaSSTjfm', '43_lag_stratZ50ndj02']","[3.043257663282417, 0.12990131381126524, 2.2597818309680378, 5.071807392864811, 1.1884540823677252, 6.026649100040736, 2.0256122263184073, 6.216935668657552, 0.1690530560572796, 0.6082000321678152]","39_lag_40_median_traWP, 39_lag_46_median_stratZ50ndj01, 39_lag_42_median_nhSICjfm, 47_lag_eapPSLjfm, 39_lag_42_median_yrvPRjja, 41_lag_traCA, 44_lag_pdoSSTjfm, 39_lag_48_median_eurPSLjfm, 42_lag_glomaSSTjfm, 43_lag_stratZ50ndj02_1235_39"
LRforcedPSO,35,10,mhfATL45,shigh,901.5,2005.5,0.6,50,40,40,15.029537254217628,0.21020712632682745,1235,"['40_lag_44_median_atlSICjfm', '48_lag_stratZ50ndj04', '40_lag_46_median_satlSSTjfm', '40_lag_42_median_traWP', '40_lag_49_median_AMOCann', '40_lag_44_median_nhSICsep', '40_lag_43_median_traDP', '42_lag_shSICsep', '45_lag_samPSLann', '40_lag_48_median_stratZ50ndj03']","[1.3206976889935653, 7.034326627130312, 8.427664708174627, 4.504450828123661, 8.921658873514339, 6.459072710183966, 0.7083612107756849, 5.159401279709604, 2.018856619340916, 3.026727666841074]","40_lag_44_median_atlSICjfm, 48_lag_stratZ50ndj04, 40_lag_46_median_satlSSTjfm, 40_lag_42_median_traWP, 40_lag_49_median_AMOCann, 40_lag_44_median_nhSICsep, 40_lag_43_median_traDP, 42_lag_shSICsep, 45_lag_samPSLann, 40_lag_48_median_stratZ50ndj03_1235_40"
LRforcedPSO,36,10,mhfATL45,shigh,902.5,2005.5,0.6,51,41,41,16.733751390262555,-0.17328856748634452,1235,"['41_lag_43_median_shTSjfm', '41_lag_49_median_nppc3SSTjfm', '41_lag_43_median_glomaSSTjfm', '41_lag_glomaSSTjfm', '47_lag_scpPSLjfm', '48_lag_traBS', '41_lag_43_median_amoSSTmjjaso', '47_lag_tripol1', '41_lag_46_median_ginwSSTjfm', '41_lag_47_median_yrvPRjja']","[1.8533508522626825, 6.278613276381588, 0.762257568705536, 0.6413469687719235, 4.193760428298347, 4.180286359930383, 0.423977150242818, 2.7892503881355513, 2.29635660703633, 4.066805263165483]","41_lag_43_median_shTSjfm, 41_lag_49_median_nppc3SSTjfm, 41_lag_43_median_glomaSSTjfm, 41_lag_glomaSSTjfm, 47_lag_scpPSLjfm, 48_lag_traBS, 41_lag_43_median_amoSSTmjjaso, 47_lag_tripol1, 41_lag_46_median_ginwSSTjfm, 41_lag_47_median_yrvPRjja_1235_41"
LRforcedPSO,37,10,mhfATL45,shigh,903.5,2005.5,0.6,52,42,42,16.844188935021492,0.03011013715965444,1235,"['42_lag_46_median_traCA', '50_lag_alpi', '42_lag_46_median_traIFC', '51_lag_amo2', '42_lag_49_median_mhfIP30', '45_lag_traDS', '42_lag_45_median_atlSICsep', '42_lag_49_median_stratZ50ndj03', '46_lag_shSICsep', '42_lag_50_median_traFS']","[7.145825978535065, 1.6602260780194573, 5.360188533411165, 3.438688309024089, 1.465257486050774, 4.081766738571698, 7.31764891749895, 6.7797584341389125, 0.5531843408656023, 4.4762457851350295]","42_lag_46_median_traCA, 50_lag_alpi, 42_lag_46_median_traIFC, 51_lag_amo2, 42_lag_49_median_mhfIP30, 45_lag_traDS, 42_lag_45_median_atlSICsep, 42_lag_49_median_stratZ50ndj03, 46_lag_shSICsep, 42_lag_50_median_traFS_1235_42"
LRforcedPSO,38,10,mhfATL45,shigh,904.5,2005.5,0.6,53,43,43,16.841486163753363,0.0003441585806207735,1235,"['48_lag_traBS', '43_lag_45_median_glomaSSTjfm', '43_lag_48_median_wnorPRjfm', '43_lag_49_median_traBS', '46_lag_neurTSjfm', '43_lag_shTSjfm', '49_lag_ensoSSTjfm', '51_lag_traEC', '43_lag_45_median_nppc2SSTjfm', '43_lag_51_median_naoPSLjfm']","[1.7000596687478247, 1.6172989989723483, 9.434341314848098, 1.153144421238924, 1.1277070909040887, 0.5944743275704276, 3.949967510787708, 0.7908204972825583, 0.16981955674432214, 2.6077264024416067]","48_lag_traBS, 43_lag_45_median_glomaSSTjfm, 43_lag_48_median_wnorPRjfm, 43_lag_49_median_traBS, 46_lag_neurTSjfm, 43_lag_shTSjfm, 49_lag_ensoSSTjfm, 51_lag_traEC, 43_lag_45_median_nppc2SSTjfm, 43_lag_51_median_naoPSLjfm_1235_43"
LRforcedPSO,39,10,mhfATL45,shigh,905.5,2005.5,0.6,54,44,44,16.66323038917572,-0.1606534487098105,1235,"['44_lag_45_median_AMOCann', '44_lag_48_median_tripol2', '44_lag_45_median_traCA', '44_lag_traTLS', '44_lag_46_median_traBS', '44_lag_47_median_amoSSTmjjaso', '44_lag_45_median_labSSTjfm', '52_lag_traTLS', '44_lag_amo3', '44_lag_51_median_traWP']","[3.487923993468856, 2.3219459853341977, 0.8573209552247896, 7.164838561033271, 0.24337051652158337, 3.0102504411510047, 1.492468977349283, 1.4785579964549722, 1.5237361944970296, 8.125724184174539]","44_lag_45_median_AMOCann, 44_lag_48_median_tripol2, 44_lag_45_median_traCA, 44_lag_traTLS, 44_lag_46_median_traBS, 44_lag_47_median_amoSSTmjjaso, 44_lag_45_median_labSSTjfm, 52_lag_traTLS, 44_lag_amo3, 44_lag_51_median_traWP_1235_44"
LRforcedPSO,40,10,mhfATL45,shigh,906.5,2005.5,0.6,55,45,45,17.098919441801776,-0.11027002599272744,1235,"['49_lag_mhfATL45', '48_lag_samPSLann', '45_lag_53_median_traMC', '46_lag_samPSLann', '45_lag_50_median_tripol3', '45_lag_53_median_glomaSSTjfm', '45_lag_52_median_AMOCann', '45_lag_52_median_traBO', '45_lag_50_median_traCA', '45_lag_50_median_solFORC']","[2.340435583375462, 0.16403828592235392, 4.121403987422664, 3.022276476283004, 2.57487346829439, 1.131271251607604, 1.2924628209311262, 4.356197248999358, 7.5922356013578565, 2.489033750039134]","49_lag_mhfATL45, 48_lag_samPSLann, 45_lag_53_median_traMC, 46_lag_samPSLann, 45_lag_50_median_tripol3, 45_lag_53_median_glomaSSTjfm, 45_lag_52_median_AMOCann, 45_lag_52_median_traBO, 45_lag_50_median_traCA, 45_lag_50_median_solFORC_1235_45"
LRforcedPSO,41,10,mhfATL45,shigh,907.5,2005.5,0.6,56,46,46,19.780689802762055,-0.24616443135196414,1235,"['49_lag_amo1', '46_lag_53_median_shTSjfm', '46_lag_55_median_traBO', '46_lag_54_median_nhTSjfm', '46_lag_54_median_seurTSjfm', '54_lag_shTSjfm', '46_lag_49_median_stratZ50ndj02', '46_lag_50_median_mhfATL60', '46_lag_48_median_pdoSSTjfm', '46_lag_48_median_mhfATL45']","[5.68923342112061, 2.5272689785104863, 1.7010985037018482, 7.333850066336275, 3.4883227928120863, 3.456946472429429, 1.9119468452164483, 5.673143131169458, 9.310004160085633, 2.066327063319367]","49_lag_amo1, 46_lag_53_median_shTSjfm, 46_lag_55_median_traBO, 46_lag_54_median_nhTSjfm, 46_lag_54_median_seurTSjfm, 54_lag_shTSjfm, 46_lag_49_median_stratZ50ndj02, 46_lag_50_median_mhfATL60, 46_lag_48_median_pdoSSTjfm, 46_lag_48_median_mhfATL45_1235_46"
LRforcedPSO,42,10,mhfATL45,shigh,908.5,2005.5,0.6,57,47,47,15.908660583142769,0.04870609779595821,1235,"['55_lag_solFORC', '55_lag_labSSTjfm', '47_lag_48_median_traWP', '47_lag_51_median_traBS', '47_lag_48_median_stratZ50ndj02', '51_lag_traMC', '52_lag_traCA', '56_lag_stratZ50ndj02', '47_lag_tripol2', '47_lag_49_median_atlSICsep']","[3.9158514657688404, 6.200625187848554, 3.3252070184326037, 0.7821357632258561, 2.1465807675493824, 0.8876916569181539, 4.239860847620401, 5.56586558922017, 3.605620818014592, 1.2363698360315958]","55_lag_solFORC, 55_lag_labSSTjfm, 47_lag_48_median_traWP, 47_lag_51_median_traBS, 47_lag_48_median_stratZ50ndj02, 51_lag_traMC, 52_lag_traCA, 56_lag_stratZ50ndj02, 47_lag_tripol2, 47_lag_49_median_atlSICsep_1235_47"
LRforcedPSO,43,10,mhfATL45,shigh,909.5,2005.5,0.6,58,48,48,14.38159661708065,0.09159074728851313,1235,"['50_lag_amo1', '48_lag_57_median_nhSICsep', '51_lag_cetTSjfm', '51_lag_stratZ50ndj03', '56_lag_nhSICjfm', '48_lag_52_median_traFS', '48_lag_54_median_ismPRjja', '54_lag_eapPSLjfm', '51_lag_ensoSSTjfm', '50_lag_stratZ50ndj04']","[5.002181046444292, 0.9920172506148344, 1.591111534446073, 4.109508004050091, 3.8236254071640747, 2.5019881353086326, 0.46346536641870095, 3.5191771921357073, 1.2041401383756494, 0.7038269063395965]","50_lag_amo1, 48_lag_57_median_nhSICsep, 51_lag_cetTSjfm, 51_lag_stratZ50ndj03, 56_lag_nhSICjfm, 48_lag_52_median_traFS, 48_lag_54_median_ismPRjja, 54_lag_eapPSLjfm, 51_lag_ensoSSTjfm, 50_lag_stratZ50ndj04_1235_48"
LRforcedPSO,44,10,mhfATL45,shigh,910.5,2005.5,0.6,59,49,49,16.066309330751547,0.16993602513617945,1235,"['57_lag_satlSSTjfm', '49_lag_58_median_traFB', '49_lag_54_median_nppc3SSTjfm', '49_lag_56_median_nppc3SSTjfm', '49_lag_50_median_ismPRjja', '49_lag_mhfIP30', '49_lag_54_median_amo3', '49_lag_tripol2', '49_lag_56_median_traEC', '51_lag_nppc3SSTjfm']","[1.5947341286243102, 1.539184561120063, 9.984791793567275, 7.691891201485156, 3.431583523812005, 3.165344158789349, 4.3290162446228475, 5.088222008067145, 4.174510107410634, 0.10475176048096557]","57_lag_satlSSTjfm, 49_lag_58_median_traFB, 49_lag_54_median_nppc3SSTjfm, 49_lag_56_median_nppc3SSTjfm, 49_lag_50_median_ismPRjja, 49_lag_mhfIP30, 49_lag_54_median_amo3, 49_lag_tripol2, 49_lag_56_median_traEC, 51_lag_nppc3SSTjfm_1235_49"
LRforcedPSO,45,10,mhfATL45,shigh,911.5,2005.5,0.6,60,50,50,17.15947617474486,-0.026436684673073838,1235,"['50_lag_59_median_nchinaPRjja', '50_lag_58_median_traIFC', '58_lag_amo3', '57_lag_eapPSLjfm', '50_lag_52_median_traMC', '50_lag_51_median_naoPSLjfm', '50_lag_51_median_traEU', '50_lag_57_median_nchinaPRjja', '54_lag_glTSjfm', '50_lag_57_median_ormenSSTjfm']","[5.850818811757396, 3.656338678722218, 1.5650822741503827, 4.743101329375632, 3.8545685000705703, 0.7227135560089835, 3.4739883838607906, 1.8583359640791564, 4.277372884109404, 9.73581613924826]","50_lag_59_median_nchinaPRjja, 50_lag_58_median_traIFC, 58_lag_amo3, 57_lag_eapPSLjfm, 50_lag_52_median_traMC, 50_lag_51_median_naoPSLjfm, 50_lag_51_median_traEU, 50_lag_57_median_nchinaPRjja, 54_lag_glTSjfm, 50_lag_57_median_ormenSSTjfm_1235_50"
LRforcedPSO,46,10,mhfATL45,shigh,912.5,2005.5,0.6,61,51,51,16.90213869856224,0.033220504820390254,1235,"['57_lag_AMOCann', '51_lag_57_median_satlSSTjfm', '51_lag_53_median_traDP', '58_lag_wnorPRjfm', '51_lag_60_median_traBS', '51_lag_60_median_gyreSSTjfm', '57_lag_amoSSTmjjaso', '51_lag_60_median_traFB', '58_lag_ismPRjja', '54_lag_mhfATL30']","[0.982535202230018, 3.534248322532596, 0.8204931867519569, 3.066525869760177, 6.130641603566609, 5.110678955417214, 6.728033434798505, 2.6866563919812307, 4.3566310392240215, 1.2618011831436853]","57_lag_AMOCann, 51_lag_57_median_satlSSTjfm, 51_lag_53_median_traDP, 58_lag_wnorPRjfm, 51_lag_60_median_traBS, 51_lag_60_median_gyreSSTjfm, 57_lag_amoSSTmjjaso, 51_lag_60_median_traFB, 58_lag_ismPRjja, 54_lag_mhfATL30_1235_51"
LRforcedPSO,47,10,mhfATL45,shigh,913.5,2005.5,0.6,62,52,52,15.88963027080515,0.03277151458079902,1235,"['52_lag_55_median_pdoSSTjfm', '56_lag_solFORC', '52_lag_55_median_cetTSjfm', '54_lag_yrvPRjja', '52_lag_traFB', '60_lag_traBS', '60_lag_seurTSjfm', '60_lag_nhSICjfm', '54_lag_traBS', '52_lag_59_median_satlSSTjfm']","[2.958714497358736, 4.373731188845182, 8.550339683722019, 0.5103237606504578, 0.5747047405477943, 0.5635120872313397, 1.2404539323328265, 2.6772349657449173, 3.402833396557627, 1.0125512043632021]","52_lag_55_median_pdoSSTjfm, 56_lag_solFORC, 52_lag_55_median_cetTSjfm, 54_lag_yrvPRjja, 52_lag_traFB, 60_lag_traBS, 60_lag_seurTSjfm, 60_lag_nhSICjfm, 54_lag_traBS, 52_lag_59_median_satlSSTjfm_1235_52"
LRforcedPSO,48,10,mhfATL45,shigh,914.5,2005.5,0.6,63,53,53,14.269820579777964,0.06805712986149894,1235,"['53_lag_59_median_nppc3SSTjfm', '53_lag_55_median_mhfATL60', '54_lag_traTLS', '53_lag_61_median_gyreSSTjfm', '58_lag_mhfATL45', '53_lag_56_median_tripol3', '53_lag_60_median_ismPRjja', '53_lag_61_median_satlSSTjfm', '58_lag_satlSSTjfm', '55_lag_traFSC']","[4.575015408602379, 3.6641482043895524, 0.24486730947974777, 3.430428053673438, 1.5259518207767861, 1.6969947899962783, 2.319081585556564, 7.461355313745578, 3.974146957863896, 3.063227218016367]","53_lag_59_median_nppc3SSTjfm, 53_lag_55_median_mhfATL60, 54_lag_traTLS, 53_lag_61_median_gyreSSTjfm, 58_lag_mhfATL45, 53_lag_56_median_tripol3, 53_lag_60_median_ismPRjja, 53_lag_61_median_satlSSTjfm, 58_lag_satlSSTjfm, 55_lag_traFSC_1235_53"
LRforcedPSO,49,10,mhfATL45,shigh,915.5,2005.5,0.6,64,54,54,16.368252507419598,-0.006750938582054181,1235,"['54_lag_58_median_eapPSLjfm', '54_lag_yrvPRjja', '54_lag_stratZ50ndj03', '54_lag_56_median_eapPSLjfm', '56_lag_nchinaPRjja', '61_lag_tripol3', '55_lag_shSICsep', '57_lag_amoSSTmjjaso', '54_lag_56_median_seurTSjfm', '55_lag_amo2']","[0.20539671942454873, 4.846542804880034, 2.6163451629308243, 4.06664025456055, 0.6373462602029463, 0.24556379460419286, 1.8327268094879088, 9.119584734798078, 0.21311247000462785, 7.9341710753373]","54_lag_58_median_eapPSLjfm, 54_lag_yrvPRjja, 54_lag_stratZ50ndj03, 54_lag_56_median_eapPSLjfm, 56_lag_nchinaPRjja, 61_lag_tripol3, 55_lag_shSICsep, 57_lag_amoSSTmjjaso, 54_lag_56_median_seurTSjfm, 55_lag_amo2_1235_54"
LRforcedPSO,50,10,mhfATL45,shigh,916.5,2005.5,0.6,65,55,55,16.572374011807398,-0.09740975867432355,1235,"['58_lag_shSICsep', '58_lag_nhSICsep', '55_lag_eapPSLjfm', '55_lag_62_median_samPSLann', '55_lag_61_median_stratZ50ndj01', '55_lag_58_median_glTSjfm', '64_lag_traBS', '55_lag_58_median_naoPSLjfm', '56_lag_mhfATL60', '55_lag_57_median_shSICsep']","[2.917614665436618, 0.49724710485165247, 8.789107110595939, 0.9879601849466049, 6.337050036028364, 1.3149594421058097, 3.6101810553328324, 2.6410208440171274, 0.63441274163341, 4.609264033856915]","58_lag_shSICsep, 58_lag_nhSICsep, 55_lag_eapPSLjfm, 55_lag_62_median_samPSLann, 55_lag_61_median_stratZ50ndj01, 55_lag_58_median_glTSjfm, 64_lag_traBS, 55_lag_58_median_naoPSLjfm, 56_lag_mhfATL60, 55_lag_57_median_shSICsep_1235_55"
LRforcedPSO,51,10,mhfATL45,shigh,917.5,2005.5,0.6,66,56,56,16.82430332201682,0.008852788636850534,1235,"['56_lag_57_median_gyreSSTjfm', '61_lag_traTLS', '56_lag_59_median_mhfATL60', '60_lag_traIT', '56_lag_64_median_mhfATL45', '59_lag_alpi', '56_lag_64_median_naoPSLjfm', '56_lag_62_median_stratZ50ndj03', '57_lag_traCA', '56_lag_64_median_traDS']","[2.7838226795003322, 1.8907184786858515, 3.181839720584067, 6.261649350338235, 0.6971528747256066, 8.536836778674772, 4.84900424481779, 6.042400949917322, 3.303007176382831, 1.609193815963625]","56_lag_57_median_gyreSSTjfm, 61_lag_traTLS, 56_lag_59_median_mhfATL60, 60_lag_traIT, 56_lag_64_median_mhfATL45, 59_lag_alpi, 56_lag_64_median_naoPSLjfm, 56_lag_62_median_stratZ50ndj03, 57_lag_traCA, 56_lag_64_median_traDS_1235_56"
LRforcedPSO,52,10,mhfATL45,shigh,918.5,2005.5,0.6,67,57,57,16.4990262869602,-0.08029941714905046,1235,"['57_lag_63_median_stratZ50ndj04', '57_lag_amo2', '57_lag_traEC', '57_lag_66_median_neurTSjfm', '58_lag_neurTSjfm', '57_lag_58_median_traIFC', '61_lag_stratZ50ndj02', '57_lag_60_median_stratZ50ndj04', '58_lag_amoSSTmjjaso', '57_lag_58_median_ensoSSTjfm']","[6.6074034291287305, 4.556213395750584, 0.2878693341651566, 6.571431426179412, 2.3275066915421263, 4.441565629603705, 2.982585023192974, 9.947501836716143, 4.246072169188661, 4.412310589985445]","57_lag_63_median_stratZ50ndj04, 57_lag_amo2, 57_lag_traEC, 57_lag_66_median_neurTSjfm, 58_lag_neurTSjfm, 57_lag_58_median_traIFC, 61_lag_stratZ50ndj02, 57_lag_60_median_stratZ50ndj04, 58_lag_amoSSTmjjaso, 57_lag_58_median_ensoSSTjfm_1235_57"
LRforcedPSO,53,10,mhfATL45,shigh,919.5,2005.5,0.6,68,58,58,19.1683186254116,0.055060315579339894,1235,"['58_lag_62_median_traWP', '66_lag_shSICmar', '58_lag_63_median_shSICmar', '67_lag_ensoSSTjfm', '58_lag_61_median_cetTSjfm', '66_lag_scpPSLjfm', '58_lag_62_median_traTLS', '66_lag_nhSICjfm', '58_lag_60_median_glomaSSTjfm', '61_lag_gyreSSTjfm']","[8.832993828283058, 0.4069554253391914, 3.598888793022738, 4.731551332921646, 3.2706517332763285, 0.481837499487197, 0.3930701066591986, 5.68056124152853, 1.1746027136400468, 4.218534155162416]","58_lag_62_median_traWP, 66_lag_shSICmar, 58_lag_63_median_shSICmar, 67_lag_ensoSSTjfm, 58_lag_61_median_cetTSjfm, 66_lag_scpPSLjfm, 58_lag_62_median_traTLS, 66_lag_nhSICjfm, 58_lag_60_median_glomaSSTjfm, 61_lag_gyreSSTjfm_1235_58"
LRforcedPSO,54,10,mhfATL45,shigh,920.5,2005.5,0.6,69,59,59,18.513246088424324,-0.12464649366832228,1235,"['67_lag_alpi', '60_lag_mhfIP30', '59_lag_63_median_traMC', '59_lag_62_median_amo2', '68_lag_eapPSLjfm', '59_lag_60_median_amo3', '64_lag_amoSSTmjjaso', '62_lag_tripol1', '63_lag_satlSSTjfm', '59_lag_68_median_shSICmar']","[4.825231831158874, 1.8522459902469883, 3.1495338525687355, 1.3752251204231563, 4.085249277595919, 3.680424040098666, 9.165189058189881, 0.45377841298267896, 2.3429672477180468, 4.80674394410136]","67_lag_alpi, 60_lag_mhfIP30, 59_lag_63_median_traMC, 59_lag_62_median_amo2, 68_lag_eapPSLjfm, 59_lag_60_median_amo3, 64_lag_amoSSTmjjaso, 62_lag_tripol1, 63_lag_satlSSTjfm, 59_lag_68_median_shSICmar_1235_59"
LRforcedPSO,55,10,mhfATL45,shigh,921.5,2005.5,0.6,70,60,60,14.840385965691826,-0.025966598433566468,1235,"['60_lag_64_median_ormenSSTjfm', '61_lag_traIFC', '60_lag_69_median_nchinaPRjja', '64_lag_labSSTjfm', '60_lag_66_median_traTLS', '68_lag_traFS', '60_lag_68_median_mhfIP30', '60_lag_63_median_traEC', '67_lag_stratZ50ndj04', '69_lag_traBS']","[1.731961076918246, 2.179547816290084, 4.096884681632648, 5.283046052142959, 3.647245720704639, 3.1409656447962107, 2.435345369468722, 1.536955854209472, 0.49248068955246893, 0.07775612915065189]","60_lag_64_median_ormenSSTjfm, 61_lag_traIFC, 60_lag_69_median_nchinaPRjja, 64_lag_labSSTjfm, 60_lag_66_median_traTLS, 68_lag_traFS, 60_lag_68_median_mhfIP30, 60_lag_63_median_traEC, 67_lag_stratZ50ndj04, 69_lag_traBS_1235_60"
LRforcedPSO,56,10,mhfATL45,shigh,922.5,2005.5,0.6,71,61,61,17.534108289430215,-0.1516645269090965,1235,"['64_lag_nhTSjfm', '70_lag_arcTSjfm', '61_lag_62_median_seurTSjfm', '61_lag_68_median_stratZ50ndj01', '69_lag_yrvPRjja', '61_lag_66_median_ismPRjja', '61_lag_70_median_glTSjfm', '61_lag_70_median_traDS', '66_lag_stratZ50ndj01', '68_lag_traTLS']","[0.7414698260474957, 2.9095749374560427, 7.784246968329565, 2.899421824187339, 0.7472428494039551, 1.868861964047701, 6.701669749669961, 7.442924427618278, 2.354183594915731, 0.12803820957053347]","64_lag_nhTSjfm, 70_lag_arcTSjfm, 61_lag_62_median_seurTSjfm, 61_lag_68_median_stratZ50ndj01, 69_lag_yrvPRjja, 61_lag_66_median_ismPRjja, 61_lag_70_median_glTSjfm, 61_lag_70_median_traDS, 66_lag_stratZ50ndj01, 68_lag_traTLS_1235_61"
LRforcedPSO,57,10,mhfATL45,shigh,923.5,2005.5,0.6,72,62,62,17.188638152473036,-0.013109545550404954,1235,"['62_lag_63_median_traBO', '64_lag_traFS', '62_lag_70_median_arcTSjfm', '62_lag_63_median_wnorPRjfm', '62_lag_71_median_stratZ50ndj03', '64_lag_mhfATL30', '62_lag_68_median_solFORC', '62_lag_63_median_nppc3SSTjfm', '68_lag_tripol3', '62_lag_65_median_samPSLann']","[6.265803269861787, 4.187591612197594, 3.6312158594796333, 1.5620126063287145, 0.25643516546104017, 5.053416044809012, 3.7131840809814243, 3.278917569841049, 0.2187273536661305, 8.266835086027346]","62_lag_63_median_traBO, 64_lag_traFS, 62_lag_70_median_arcTSjfm, 62_lag_63_median_wnorPRjfm, 62_lag_71_median_stratZ50ndj03, 64_lag_mhfATL30, 62_lag_68_median_solFORC, 62_lag_63_median_nppc3SSTjfm, 68_lag_tripol3, 62_lag_65_median_samPSLann_1235_62"
LRforcedPSO,58,10,mhfATL45,shigh,924.5,2005.5,0.6,73,63,63,17.842120687045945,-0.19343184455299958,1235,"['72_lag_nhTSjfm', '64_lag_nhSICjfm', '70_lag_mhfIP30', '63_lag_70_median_traBO', '63_lag_67_median_naoPSLjfm', '63_lag_traFS', '67_lag_ginwSSTjfm', '71_lag_nhSICsep', '63_lag_64_median_mhfATL45', '69_lag_shTSjfm']","[0.631739611928662, 5.671737472912528, 1.3488585129226411, 2.877953142009792, 0.015339784257434985, 7.161626174712964, 0.9234998426556409, 2.991733663345661, 3.9257498539868374, 7.250063417427683]","72_lag_nhTSjfm, 64_lag_nhSICjfm, 70_lag_mhfIP30, 63_lag_70_median_traBO, 63_lag_67_median_naoPSLjfm, 63_lag_traFS, 67_lag_ginwSSTjfm, 71_lag_nhSICsep, 63_lag_64_median_mhfATL45, 69_lag_shTSjfm_1235_63"
LRforcedPSO,59,10,mhfATL45,shigh,925.5,2005.5,0.6,74,64,64,16.054857219187852,0.07760318966489164,1235,"['64_lag_71_median_traCA', '64_lag_65_median_gyreSSTjfm', '65_lag_tripol1', '70_lag_atlSICjfm', '70_lag_tripol3', '68_lag_nchinaPRjja', '71_lag_amo2', '71_lag_AMOCann', '64_lag_68_median_eapPSLjfm', '73_lag_seurTSjfm']","[1.5608370369334974, 4.529157360330302, 2.90028488833622, 0.5256058706180422, 0.7637585825536028, 8.459495418112187, 2.831011579922089, 2.4356570500126917, 3.58231483810634, 5.517807053922361]","64_lag_71_median_traCA, 64_lag_65_median_gyreSSTjfm, 65_lag_tripol1, 70_lag_atlSICjfm, 70_lag_tripol3, 68_lag_nchinaPRjja, 71_lag_amo2, 71_lag_AMOCann, 64_lag_68_median_eapPSLjfm, 73_lag_seurTSjfm_1235_64"
LRforcedPSO,60,10,mhfATL45,shigh,926.5,2005.5,0.6,75,65,65,17.9445340620108,-0.10147014177838065,1235,"['65_lag_68_median_shTSjfm', '74_lag_satlSSTjfm', '65_lag_71_median_traIFC', '65_lag_74_median_gyreSSTjfm', '65_lag_74_median_traTLS', '69_lag_traIFC', '65_lag_68_median_alpi', '65_lag_67_median_naoPSLjfm', '69_lag_traBS', '74_lag_naoPSLjfm']","[4.771332409129698, 5.568069910241235, 0.04691753345481153, 5.704548887272615, 3.0401144441723957, 1.673472545449794, 3.0927142303071165, 4.91648922630301, 0.6661826993947706, 0.5031034583193055]","65_lag_68_median_shTSjfm, 74_lag_satlSSTjfm, 65_lag_71_median_traIFC, 65_lag_74_median_gyreSSTjfm, 65_lag_74_median_traTLS, 69_lag_traIFC, 65_lag_68_median_alpi, 65_lag_67_median_naoPSLjfm, 69_lag_traBS, 74_lag_naoPSLjfm_1235_65"
LRforcedPSO,61,10,mhfATL45,shigh,927.5,2005.5,0.6,76,66,66,17.242093429321148,-0.10749479904675856,1235,"['66_lag_72_median_tripol3', '66_lag_68_median_shTSjfm', '66_lag_68_median_traFSC', '66_lag_69_median_tripol3', '66_lag_tripol2', '66_lag_71_median_scpPSLjfm', '68_lag_traEU', '67_lag_amoSSTmjjaso', '67_lag_glomaSSTjfm', '75_lag_traFSC']","[0.14069164931036582, 5.335960472801558, 3.297151899281925, 2.608873309922341, 1.9660769652667813, 0.06812710484241791, 0.037293226590605855, 4.239674804909075, 0.63862190997569, 8.44075553189304]","66_lag_72_median_tripol3, 66_lag_68_median_shTSjfm, 66_lag_68_median_traFSC, 66_lag_69_median_tripol3, 66_lag_tripol2, 66_lag_71_median_scpPSLjfm, 68_lag_traEU, 67_lag_amoSSTmjjaso, 67_lag_glomaSSTjfm, 75_lag_traFSC_1235_66"
LRforcedPSO,62,10,mhfATL45,shigh,928.5,2005.5,0.6,77,67,67,15.682038433117567,0.046732678775011485,1235,"['75_lag_stratZ50ndj04', '76_lag_shTSjfm', '67_lag_76_median_alpi', '67_lag_68_median_mhfATL60', '67_lag_solFORC', '69_lag_cetTSjfm', '69_lag_neurTSjfm', '67_lag_68_median_atlSICsep', '67_lag_73_median_mhfATL45', '67_lag_70_median_scpPSLjfm']","[3.00860367129469, 4.27217098930204, 0.2660029793153491, 1.382307660935309, 4.360367218804598, 6.597678720774784, 7.611633944427398, 2.1294730241817703, 2.03858460163554, 7.660249777216621]","75_lag_stratZ50ndj04, 76_lag_shTSjfm, 67_lag_76_median_alpi, 67_lag_68_median_mhfATL60, 67_lag_solFORC, 69_lag_cetTSjfm, 69_lag_neurTSjfm, 67_lag_68_median_atlSICsep, 67_lag_73_median_mhfATL45, 67_lag_70_median_scpPSLjfm_1235_67"
LRforcedPSO,63,10,mhfATL45,shigh,929.5,2005.5,0.6,78,68,68,18.147533103472632,-0.12848549021646716,1235,"['68_lag_74_median_ormenSSTjfm', '68_lag_71_median_traBS', '68_lag_76_median_amoSSTmjjaso', '77_lag_atlSICsep', '68_lag_77_median_naoPSLjfm', '68_lag_69_median_amoSSTmjjaso', '68_lag_71_median_samPSLann', '68_lag_75_median_stratZ50ndj03', '68_lag_70_median_gyreSSTjfm', '68_lag_ensoSSTjfm']","[1.8180629885664796, 5.655326731236245, 8.665276753644925, 0.6899538488886883, 0.667204143455022, 1.7248334292299123, 4.447299129442699, 2.63271750329797, 9.315631267798548, 1.131144079721265]","68_lag_74_median_ormenSSTjfm, 68_lag_71_median_traBS, 68_lag_76_median_amoSSTmjjaso, 77_lag_atlSICsep, 68_lag_77_median_naoPSLjfm, 68_lag_69_median_amoSSTmjjaso, 68_lag_71_median_samPSLann, 68_lag_75_median_stratZ50ndj03, 68_lag_70_median_gyreSSTjfm, 68_lag_ensoSSTjfm_1235_68"
LRforcedPSO,64,10,mhfATL45,shigh,930.5,2005.5,0.6,79,69,69,16.68818103574243,-0.07495837458850996,1235,"['69_lag_74_median_solFORC', '69_lag_70_median_alpi', '69_lag_76_median_eapPSLjfm', '69_lag_70_median_glTSjfm', '76_lag_nppc3SSTjfm', '69_lag_78_median_samPSLann', '70_lag_shSICmar', '77_lag_amo3', '77_lag_stratZ50ndj02', '72_lag_stratZ50ndj03']","[0.9266946101868214, 1.9582992116432116, 0.7019266471439565, 4.358568378464134, 4.4980808358111375, 2.585240076088537, 2.5737751591200837, 3.0308057817325817, 5.23154345912749, 1.608125479193042]","69_lag_74_median_solFORC, 69_lag_70_median_alpi, 69_lag_76_median_eapPSLjfm, 69_lag_70_median_glTSjfm, 76_lag_nppc3SSTjfm, 69_lag_78_median_samPSLann, 70_lag_shSICmar, 77_lag_amo3, 77_lag_stratZ50ndj02, 72_lag_stratZ50ndj03_1235_69"
LRforcedPSO,65,10,mhfATL45,shigh,931.5,2005.5,0.6,80,70,70,16.52313368455459,-0.09514115850876805,1235,"['70_lag_71_median_amo3', '76_lag_stratZ50ndj01', '70_lag_73_median_stratZ50ndj02', '70_lag_77_median_alpi', '70_lag_pdoSSTjfm', '70_lag_74_median_naoPSLjfm', '72_lag_traIFC', '70_lag_72_median_ormenSSTjfm', '70_lag_74_median_mhfIP30', '70_lag_73_median_shSICmar']","[1.0107556704959801, 6.369809812335358, 3.3094285867571713, 0.14163619984108067, 5.9667591447469235, 4.65271463582039, 2.0401281438602314, 1.909215067442375, 1.5419530893671691, 0.36075142679214167]","70_lag_71_median_amo3, 76_lag_stratZ50ndj01, 70_lag_73_median_stratZ50ndj02, 70_lag_77_median_alpi, 70_lag_pdoSSTjfm, 70_lag_74_median_naoPSLjfm, 72_lag_traIFC, 70_lag_72_median_ormenSSTjfm, 70_lag_74_median_mhfIP30, 70_lag_73_median_shSICmar_1235_70"
LRforcedPSO,66,10,mhfATL45,shigh,932.5,2005.5,0.6,81,71,71,15.964430236613198,0.037567767771366264,1235,"['77_lag_traBS', '73_lag_ormenSSTjfm', '71_lag_73_median_traCA', '73_lag_stratZ50ndj03', '71_lag_78_median_atlSICsep', '74_lag_traTLS', '75_lag_labSSTjfm', '73_lag_traTLS', '79_lag_satlSSTjfm', '71_lag_73_median_mhfATL30']","[7.879036541787464, 0.7872348796386479, 1.9267263583229202, 6.452687139200652, 0.5180302207586287, 3.430322692913479, 5.747422945980176, 0.8961372835007442, 2.897236482298302, 3.0253040095452626]","77_lag_traBS, 73_lag_ormenSSTjfm, 71_lag_73_median_traCA, 73_lag_stratZ50ndj03, 71_lag_78_median_atlSICsep, 74_lag_traTLS, 75_lag_labSSTjfm, 73_lag_traTLS, 79_lag_satlSSTjfm, 71_lag_73_median_mhfATL30_1235_71"
LRforcedPSO,67,10,mhfATL45,shigh,933.5,2005.5,0.6,82,72,72,16.147891637381665,-0.0316851124291204,1235,"['81_lag_samPSLann', '81_lag_ormenSSTjfm', '72_lag_74_median_amo3', '72_lag_78_median_solFORC', '77_lag_traEC', '77_lag_wnorPRjfm', '72_lag_80_median_seurTSjfm', '81_lag_ensoSSTjfm', '75_lag_mhfIP30', '72_lag_73_median_atlSICsep']","[6.124484199362965, 1.2580191604088498, 0.6075380935243828, 1.6445973515149692, 2.6040797755921563, 3.6907788749567665, 5.975215165614543, 0.5561149717705423, 3.50448892327168, 3.118844752252695]","81_lag_samPSLann, 81_lag_ormenSSTjfm, 72_lag_74_median_amo3, 72_lag_78_median_solFORC, 77_lag_traEC, 77_lag_wnorPRjfm, 72_lag_80_median_seurTSjfm, 81_lag_ensoSSTjfm, 75_lag_mhfIP30, 72_lag_73_median_atlSICsep_1235_72"
LRforcedPSO,68,10,mhfATL45,shigh,934.5,2005.5,0.6,83,73,73,15.852968176421697,-0.15162115275748975,1235,"['80_lag_tripol2', '73_lag_75_median_nhTSjfm', '73_lag_82_median_samPSLann', '79_lag_samPSLann', '81_lag_traTLS', '73_lag_79_median_satlSSTjfm', '81_lag_amoSSTmjjaso', '79_lag_shSICsep', '73_lag_80_median_shTSjfm', '73_lag_75_median_traFSC']","[2.9830337545842216, 2.756507447879857, 0.631211928613931, 1.4141120991314509, 7.872144989552325, 6.0378935140140655, 2.5807682299370533, 1.0887002737986897, 7.791393789408296, 0.8051644028244276]","80_lag_tripol2, 73_lag_75_median_nhTSjfm, 73_lag_82_median_samPSLann, 79_lag_samPSLann, 81_lag_traTLS, 73_lag_79_median_satlSSTjfm, 81_lag_amoSSTmjjaso, 79_lag_shSICsep, 73_lag_80_median_shTSjfm, 73_lag_75_median_traFSC_1235_73"
LRforcedPSO,69,10,mhfATL45,shigh,935.5,2005.5,0.6,84,74,74,15.619059754057984,-0.10753191003194769,1235,"['74_lag_82_median_neurTSjfm', '74_lag_82_median_traIT', '74_lag_75_median_pdoSSTjfm', '74_lag_83_median_solFORC', '74_lag_82_median_nppc2SSTjfm', '77_lag_traIFC', '80_lag_traIT', '79_lag_traMC', '76_lag_seurTSjfm', '74_lag_76_median_nchinaPRjja']","[5.055419053557696, 0.5461612594777101, 1.5434476179252439, 4.427012992540334, 2.114390770102494, 0.5447784856979396, 0.944369570369938, 1.994401365203922, 3.588440944492465, 1.8625256878749248]","74_lag_82_median_neurTSjfm, 74_lag_82_median_traIT, 74_lag_75_median_pdoSSTjfm, 74_lag_83_median_solFORC, 74_lag_82_median_nppc2SSTjfm, 77_lag_traIFC, 80_lag_traIT, 79_lag_traMC, 76_lag_seurTSjfm, 74_lag_76_median_nchinaPRjja_1235_74"
LRforcedPSO,70,10,mhfATL45,shigh,936.5,2005.5,0.6,85,75,75,17.19855302237772,-0.19872410854910638,1235,"['79_lag_ensoSSTjfm', '80_lag_eapPSLjfm', '75_lag_78_median_traMC', '75_lag_81_median_amo2', '75_lag_80_median_nppc2SSTjfm', '75_lag_83_median_ensoSSTjfm', '79_lag_mhfATL45', '83_lag_arcTSjfm', '75_lag_84_median_nppc2SSTjfm', '75_lag_76_median_pdoSSTjfm']","[0.7690391659303248, 7.776595982393427, 4.358082871367596, 1.1591621588092664, 4.596712885798597, 0.8801168592706112, 0.9598889740861338, 2.4224960887594538, 3.0288888198585973, 2.9305006068678114]","79_lag_ensoSSTjfm, 80_lag_eapPSLjfm, 75_lag_78_median_traMC, 75_lag_81_median_amo2, 75_lag_80_median_nppc2SSTjfm, 75_lag_83_median_ensoSSTjfm, 79_lag_mhfATL45, 83_lag_arcTSjfm, 75_lag_84_median_nppc2SSTjfm, 75_lag_76_median_pdoSSTjfm_1235_75"
LRforcedPSO,71,10,mhfATL45,shigh,937.5,2005.5,0.6,86,76,76,16.28400508049894,-0.0032772791516210314,1235,"['76_lag_83_median_tripol3', '76_lag_traDS', '78_lag_mhfIP30', '77_lag_traFB', '76_lag_78_median_yrvPRjja', '77_lag_traEC', '84_lag_mhfATL60', '84_lag_ginwSSTjfm', '76_lag_79_median_atlSICsep', '79_lag_eurPSLjfm']","[3.7186948349757447, 5.140850742621037, 6.482605252050504, 3.5931851824920376, 2.800120932996764, 2.9574657564254503, 6.441883522059943, 1.370540819140075, 3.722384183750547, 1.7248365121137965]","76_lag_83_median_tripol3, 76_lag_traDS, 78_lag_mhfIP30, 77_lag_traFB, 76_lag_78_median_yrvPRjja, 77_lag_traEC, 84_lag_mhfATL60, 84_lag_ginwSSTjfm, 76_lag_79_median_atlSICsep, 79_lag_eurPSLjfm_1235_76"
LRforcedPSO,72,10,mhfATL45,shigh,938.5,2005.5,0.6,87,77,77,18.41863504391103,0.027161683312026976,1235,"['77_lag_78_median_traDP', '84_lag_glomaSSTjfm', '77_lag_79_median_samPSLann', '83_lag_stratZ50ndj04', '82_lag_amo3', '78_lag_traEU', '83_lag_ormenSSTjfm', '77_lag_85_median_mhfATL30', '77_lag_83_median_cetTSjfm', '86_lag_mhfATL60']","[0.012840520013357448, 2.3114291017345217, 8.37118848327949, 2.84341364508977, 1.9150300965582208, 4.934946508175808, 2.6517877010161817, 7.819005022242158, 2.6425497545407772, 0.9698619512325113]","77_lag_78_median_traDP, 84_lag_glomaSSTjfm, 77_lag_79_median_samPSLann, 83_lag_stratZ50ndj04, 82_lag_amo3, 78_lag_traEU, 83_lag_ormenSSTjfm, 77_lag_85_median_mhfATL30, 77_lag_83_median_cetTSjfm, 86_lag_mhfATL60_1235_77"
LRforcedPSO,73,10,mhfATL45,shigh,939.5,2005.5,0.6,88,78,78,15.90888942222879,-0.026362308236220787,1235,"['79_lag_mhfATL60', '78_lag_86_median_atlSICsep', '85_lag_traIT', '86_lag_eapPSLjfm', '85_lag_traFB', '85_lag_AMOCann', '78_lag_80_median_traIT', '81_lag_amo1', '87_lag_tripol1', '86_lag_amoSSTmjjaso']","[2.6131142589230683, 7.768924654582383, 1.4384037691834006, 2.7442327707468266, 3.9984210261781623, 5.0640411721550755, 1.280677425027367, 0.686629382084007, 3.3984761182487127, 0.47884092072543183]","79_lag_mhfATL60, 78_lag_86_median_atlSICsep, 85_lag_traIT, 86_lag_eapPSLjfm, 85_lag_traFB, 85_lag_AMOCann, 78_lag_80_median_traIT, 81_lag_amo1, 87_lag_tripol1, 86_lag_amoSSTmjjaso_1235_78"
LRforcedPSO,74,10,mhfATL45,shigh,940.5,2005.5,0.6,89,79,79,14.803358332065836,0.12226441123003995,1235,"['88_lag_amo1', '80_lag_traTLS', '87_lag_tripol1', '86_lag_glomaSSTjfm', '79_lag_80_median_shTSjfm', '79_lag_81_median_traDS', '79_lag_84_median_alpi', '86_lag_nppc3SSTjfm', '80_lag_stratZ50ndj01', '79_lag_88_median_shSICmar']","[3.6721490606077616, 1.8763069117355649, 0.8922810492967628, 5.4081866682208375, 1.5225323467529215, 1.341608611938092, 0.7920158170663569, 3.646135434422291, 2.329729133373613, 5.706021654326592]","88_lag_amo1, 80_lag_traTLS, 87_lag_tripol1, 86_lag_glomaSSTjfm, 79_lag_80_median_shTSjfm, 79_lag_81_median_traDS, 79_lag_84_median_alpi, 86_lag_nppc3SSTjfm, 80_lag_stratZ50ndj01, 79_lag_88_median_shSICmar_1235_79"
LRforcedPSO,75,10,mhfATL45,shigh,941.5,2005.5,0.6,90,80,80,16.01698201677624,0.016713671436138697,1235,"['80_lag_88_median_ormenSSTjfm', '84_lag_pdoSSTjfm', '80_lag_AMOCann', '81_lag_ismPRjja', '80_lag_81_median_shSICmar', '80_lag_82_median_nhSICjfm', '80_lag_82_median_shSICmar', '80_lag_85_median_shSICsep', '86_lag_traIFC', '80_lag_88_median_traTLS']","[0.7177166816200593, 2.3759362673720865, 4.519057090687085, 1.3275164890777713, 2.8842312486809956, 5.909960207932874, 0.9893550573695276, 0.5462947089982606, 1.7379261540474378, 8.302745271521989]","80_lag_88_median_ormenSSTjfm, 84_lag_pdoSSTjfm, 80_lag_AMOCann, 81_lag_ismPRjja, 80_lag_81_median_shSICmar, 80_lag_82_median_nhSICjfm, 80_lag_82_median_shSICmar, 80_lag_85_median_shSICsep, 86_lag_traIFC, 80_lag_88_median_traTLS_1235_80"
LRforcedPSO,76,10,mhfATL45,shigh,942.5,2005.5,0.6,91,81,81,16.270881272267783,-0.026977909197675634,1235,"['81_lag_87_median_mhfIP30', '83_lag_traCA', '81_lag_89_median_nppc2SSTjfm', '81_lag_83_median_nchinaPRjja', '81_lag_86_median_amo1', '81_lag_86_median_neurTSjfm', '89_lag_eapPSLjfm', '83_lag_ormenSSTjfm', '84_lag_stratZ50ndj03', '84_lag_tripol3']","[0.2636944623905446, 0.5891728152088955, 1.488445162716216, 6.740629732882521, 4.938922760367939, 4.491416114571378, 3.5202249634472675, 1.0158468494500923, 4.860798359268912, 1.2144190596556204]","81_lag_87_median_mhfIP30, 83_lag_traCA, 81_lag_89_median_nppc2SSTjfm, 81_lag_83_median_nchinaPRjja, 81_lag_86_median_amo1, 81_lag_86_median_neurTSjfm, 89_lag_eapPSLjfm, 83_lag_ormenSSTjfm, 84_lag_stratZ50ndj03, 84_lag_tripol3_1235_81"
LRforcedPSO,77,10,mhfATL45,shigh,943.5,2005.5,0.6,92,82,82,16.35661390118912,-0.06978503089851454,1235,"['87_lag_alpi', '82_lag_90_median_traDP', '86_lag_tripol2', '83_lag_traWP', '82_lag_91_median_traFB', '82_lag_88_median_alpi', '82_lag_85_median_naoPSLjfm', '84_lag_nhSICjfm', '82_lag_85_median_nppc3SSTjfm', '82_lag_89_median_tripol2']","[3.4153717279821745, 3.93555393925703, 2.5624475865241125, 0.6661766065993149, 2.826035763997286, 1.1134469499032456, 4.861599162032708, 1.1610349585703332, 6.283764720435478, 0.3825179477621745]","87_lag_alpi, 82_lag_90_median_traDP, 86_lag_tripol2, 83_lag_traWP, 82_lag_91_median_traFB, 82_lag_88_median_alpi, 82_lag_85_median_naoPSLjfm, 84_lag_nhSICjfm, 82_lag_85_median_nppc3SSTjfm, 82_lag_89_median_tripol2_1235_82"
LRforcedPSO,78,10,mhfATL45,shigh,944.5,2005.5,0.6,93,83,83,14.45602361599242,0.02107969027582897,1235,"['83_lag_85_median_nhSICsep', '83_lag_traCA', '83_lag_88_median_nhSICjfm', '83_lag_cetTSjfm', '91_lag_alpi', '91_lag_amo3', '83_lag_90_median_tripol2', '85_lag_traFB', '87_lag_alpi', '88_lag_traDS']","[2.3100098712500117, 5.548844362888676, 2.1218309680704177, 1.241117390339113, 3.473539951605491, 0.14150899217839097, 1.5561248778056083, 1.953998333147668, 0.5597080780961825, 3.2023131205620796]","83_lag_85_median_nhSICsep, 83_lag_traCA, 83_lag_88_median_nhSICjfm, 83_lag_cetTSjfm, 91_lag_alpi, 91_lag_amo3, 83_lag_90_median_tripol2, 85_lag_traFB, 87_lag_alpi, 88_lag_traDS_1235_83"
LRforcedPSO,79,10,mhfATL45,shigh,945.5,2005.5,0.6,94,84,84,16.26803120743624,-0.03153971471778653,1235,"['84_lag_89_median_mhfATL45', '84_lag_87_median_nppc3SSTjfm', '86_lag_atlSICjfm', '93_lag_glomaSSTjfm', '89_lag_yrvPRjja', '86_lag_traBO', '85_lag_nchinaPRjja', '84_lag_91_median_arcTSjfm', '89_lag_stratZ50ndj03', '84_lag_traEU']","[2.376379158074961, 1.6450181535690955, 2.321427564090179, 7.710554743369112, 1.000126668779588, 0.9892686291189268, 0.6677820001650439, 1.1278478485977654, 6.2154058614390735, 2.8262907761862692]","84_lag_89_median_mhfATL45, 84_lag_87_median_nppc3SSTjfm, 86_lag_atlSICjfm, 93_lag_glomaSSTjfm, 89_lag_yrvPRjja, 86_lag_traBO, 85_lag_nchinaPRjja, 84_lag_91_median_arcTSjfm, 89_lag_stratZ50ndj03, 84_lag_traEU_1235_84"
LRforcedPSO,80,10,mhfATL45,shigh,946.5,2005.5,0.6,95,85,85,16.250282500586003,-0.006549400762393502,1235,"['85_lag_ismPRjja', '93_lag_shTSjfm', '93_lag_mhfATL30', '90_lag_scpPSLjfm', '92_lag_atlSICsep', '93_lag_traDS', '85_lag_93_median_samPSLann', '88_lag_mhfIP30', '88_lag_glTSjfm', '85_lag_traEC']","[6.609081249615286, 1.0151003044380769, 3.395913495076666, 4.688338350221251, 6.5712222026736065, 1.0360734300881198, 2.8643450299681668, 1.0101271197147526, 1.1064020967124204, 2.896040862774905]","85_lag_ismPRjja, 93_lag_shTSjfm, 93_lag_mhfATL30, 90_lag_scpPSLjfm, 92_lag_atlSICsep, 93_lag_traDS, 85_lag_93_median_samPSLann, 88_lag_mhfIP30, 88_lag_glTSjfm, 85_lag_traEC_1235_85"
LRforcedPSO,81,10,mhfATL45,shigh,947.5,2005.5,0.6,96,86,86,18.70474780384449,-0.0022673890437117667,1235,"['86_lag_94_median_traFSC', '86_lag_87_median_glomaSSTjfm', '86_lag_94_median_satlSSTjfm', '86_lag_91_median_wnorPRjfm', '93_lag_scpPSLjfm', '86_lag_94_median_stratZ50ndj03', '91_lag_eurPSLjfm', '86_lag_91_median_nhSICjfm', '95_lag_arcTSjfm', '93_lag_traCA']","[1.6519324332766576, 1.7890143609211009, 0.56960744369343, 7.793665925693604, 3.924732512705935, 4.959142820204875, 4.89355738072765, 3.40786941823772, 3.548845146540347, 0.8495756965648056]","86_lag_94_median_traFSC, 86_lag_87_median_glomaSSTjfm, 86_lag_94_median_satlSSTjfm, 86_lag_91_median_wnorPRjfm, 93_lag_scpPSLjfm, 86_lag_94_median_stratZ50ndj03, 91_lag_eurPSLjfm, 86_lag_91_median_nhSICjfm, 95_lag_arcTSjfm, 93_lag_traCA_1235_86"
LRforcedPSO,82,10,mhfATL45,shigh,948.5,2005.5,0.6,97,87,87,18.32281584503969,-0.17676321391318336,1235,"['89_lag_mhfATL30', '87_lag_traCA', '87_lag_89_median_samPSLann', '87_lag_95_median_seurTSjfm', '87_lag_93_median_pdoSSTjfm', '87_lag_92_median_traDP', '93_lag_nppc3SSTjfm', '87_lag_shTSjfm', '87_lag_93_median_traFB', '87_lag_96_median_shSICmar']","[1.523855988658486, 5.177765693257276, 3.591869769086742, 0.11069353223128076, 6.927913242876109, 6.870326010990443, 4.110696899083218, 0.80882563977468, 3.0830689228498738, 0.391351200108323]","89_lag_mhfATL30, 87_lag_traCA, 87_lag_89_median_samPSLann, 87_lag_95_median_seurTSjfm, 87_lag_93_median_pdoSSTjfm, 87_lag_92_median_traDP, 93_lag_nppc3SSTjfm, 87_lag_shTSjfm, 87_lag_93_median_traFB, 87_lag_96_median_shSICmar_1235_87"
LRforcedPSO,83,10,mhfATL45,shigh,949.5,2005.5,0.6,98,88,88,17.971577457644173,0.005116403457205628,1235,"['88_lag_94_median_traDP', '93_lag_shSICsep', '88_lag_95_median_stratZ50ndj01', '88_lag_96_median_shSICmar', '88_lag_90_median_traEC', '89_lag_traBO', '88_lag_94_median_traFB', '88_lag_92_median_satlSSTjfm', '88_lag_94_median_traBS', '92_lag_eapPSLjfm']","[8.946196957239604, 2.079729251155726, 4.629220527517424, 2.1301649732249945, 1.6783792121037973, 4.168642212170759, 3.7876803041110936, 1.9573033451646094, 3.4248737690100732, 5.733182413988434]","88_lag_94_median_traDP, 93_lag_shSICsep, 88_lag_95_median_stratZ50ndj01, 88_lag_96_median_shSICmar, 88_lag_90_median_traEC, 89_lag_traBO, 88_lag_94_median_traFB, 88_lag_92_median_satlSSTjfm, 88_lag_94_median_traBS, 92_lag_eapPSLjfm_1235_88"
LRforcedPSO,84,10,mhfATL45,shigh,950.5,2005.5,0.6,99,89,89,15.256546577602997,-0.01686278254350814,1235,"['89_lag_95_median_glTSjfm', '89_lag_92_median_traFB', '92_lag_amo1', '92_lag_labSSTjfm', '96_lag_amo1', '89_lag_96_median_ensoSSTjfm', '89_lag_98_median_nchinaPRjja', '89_lag_traEC', '96_lag_ensoSSTjfm', '89_lag_91_median_tripol3']","[3.4426260069684957, 0.2160171005135041, 4.186610612353377, 0.6062002035567104, 2.7872389976548506, 1.6247473004622766, 0.5142848223829475, 0.25752575068652916, 4.151209989776891, 3.095661867429163]","89_lag_95_median_glTSjfm, 89_lag_92_median_traFB, 92_lag_amo1, 92_lag_labSSTjfm, 96_lag_amo1, 89_lag_96_median_ensoSSTjfm, 89_lag_98_median_nchinaPRjja, 89_lag_traEC, 96_lag_ensoSSTjfm, 89_lag_91_median_tripol3_1235_89"
LRforcedPSO,85,10,mhfATL45,shigh,951.5,2005.5,0.6,100,90,90,15.743258065628075,0.06539505400448785,1235,"['98_lag_wnorPRjfm', '90_lag_96_median_tripol1', '98_lag_shSICsep', '90_lag_92_median_atlSICsep', '90_lag_mhfATL45', '90_lag_93_median_traCA', '95_lag_amo3', '98_lag_ensoSSTjfm', '96_lag_tripol1', '99_lag_arcTSjfm']","[5.194313072398964, 4.659809829584547, 2.6661567718765777, 2.4296571031713388, 1.8432471108451676, 2.5959241226780954, 6.978523013901082, 4.085682343090946, 4.459450513336858, 4.4392735861907]","98_lag_wnorPRjfm, 90_lag_96_median_tripol1, 98_lag_shSICsep, 90_lag_92_median_atlSICsep, 90_lag_mhfATL45, 90_lag_93_median_traCA, 95_lag_amo3, 98_lag_ensoSSTjfm, 96_lag_tripol1, 99_lag_arcTSjfm_1235_90"
