model,num_irrelevant,max_allowed_features,target_feature,dataset,year_start,year_end,splitsize,max_lag,init_lag,max_forecast,mae_score,corr_score,n_total_features,selected_feature_list,feature_importances,selected_features
LinearRegression,0,30,traWP,picntrl,1066.5,2050.5,0.8,15,1,1,11.992750603582138,0.26860972361051955,1728,"['1_lag_amoSSTmjjaso', '1_lag_8_median_nppc3SSTjfm', '14_lag_nppc3SSTjfm', '9_lag_mhfATL60', '6_lag_shSICsep', '1_lag_stratZ50ndj03', '1_lag_12_median_traCA', '7_lag_traIT', '8_lag_neurTSjfm', '12_lag_mhfATL45', '10_lag_nppc2SSTjfm', '1_lag_7_median_eurPSLjfm', '13_lag_traWP', '1_lag_5_median_glTSjfm', '10_lag_shSICsep', '1_lag_6_median_wnorPRjfm', '12_lag_ensoSSTjfm', '8_lag_shSICsep', '8_lag_cetTSjfm', '1_lag_5_median_traCA', '1_lag_4_median_wnorPRjfm', '8_lag_mhfATL60', '1_lag_14_median_nppc2SSTjfm', '8_lag_traTLS', '1_lag_6_median_traIFC', '7_lag_scpPSLjfm', '11_lag_samPSLann', '1_lag_traWP', '14_lag_nhSICjfm', '1_lag_4_median_traIFC']","[0.14084420870755773, 0.17049654389859248, 0.0765653504867844, 0.007234421124143498, 0.08134989195214008, 0.12217734026668065, 0.17901945194629146, 0.0980892742656883, 0.13207309602906447, 0.04478696988220668, 0.04713871137619047, 0.04018560316216607, 0.007838118754723037, 0.09894661620166928, 0.08373238228806315, 0.07213273753165474, 0.0507509249241089, 0.09065065808634719, 0.13314195510290935, 0.3652198874498069, 0.028524204815842173, 0.1604474347318765, 0.0780416337242734, 0.031080804667007272, 0.32447622337134746, 0.05000645138730957, 0.03954007374275228, 0.08683589452753161, 0.08389004188510302, 0.11983842786551299]","1_lag_amoSSTmjjaso, 1_lag_8_median_nppc3SSTjfm, 14_lag_nppc3SSTjfm, 9_lag_mhfATL60, 6_lag_shSICsep, 1_lag_stratZ50ndj03, 1_lag_12_median_traCA, 7_lag_traIT, 8_lag_neurTSjfm, 12_lag_mhfATL45, 10_lag_nppc2SSTjfm, 1_lag_7_median_eurPSLjfm, 13_lag_traWP, 1_lag_5_median_glTSjfm, 10_lag_shSICsep, 1_lag_6_median_wnorPRjfm, 12_lag_ensoSSTjfm, 8_lag_shSICsep, 8_lag_cetTSjfm, 1_lag_5_median_traCA, 1_lag_4_median_wnorPRjfm, 8_lag_mhfATL60, 1_lag_14_median_nppc2SSTjfm, 8_lag_traTLS, 1_lag_6_median_traIFC, 7_lag_scpPSLjfm, 11_lag_samPSLann, 1_lag_traWP, 14_lag_nhSICjfm, 1_lag_4_median_traIFC_1728_1"
LinearRegression,1,30,traWP,picntrl,1067.5,2050.5,0.8,16,1,1,12.30667234214807,0.25364864426060446,1856,"['9_lag_atlSICjfm', '1_lag_6_median_gyreSSTjfm', '1_lag_atlSICsep', '9_lag_scpPSLjfm', '8_lag_seurTSjfm', '1_lag_10_median_stratZ50ndj02', '14_lag_shTSjfm', '4_lag_ormenSSTjfm', '13_lag_traWP', '1_lag_5_median_glTSjfm', '7_lag_scpPSLjfm', '1_lag_12_median_traCA', '11_lag_samPSLann', '12_lag_amo2', '10_lag_nppc2SSTjfm', '8_lag_shSICsep', '14_lag_nppc3SSTjfm', '14_lag_nhSICjfm', '6_lag_shSICsep', '8_lag_traIT', '7_lag_traIT', '10_lag_shSICsep', '1_lag_5_median_traCA', '1_lag_stratZ50ndj03', '1_lag_4_median_wnorPRjfm', '11_lag_nhTSjfm', '1_lag_traWP', '1_lag_6_median_traIFC', '8_lag_traTLS', '1_lag_4_median_traIFC']","[0.070314195092124, 0.017096490097450845, 0.052207234234914794, 0.003950876326201007, 0.05448228167331001, 0.16904198103624402, 0.001392424892898982, 0.11185598290441623, 0.01608837968308405, 0.11980696246356486, 0.03601527294776792, 0.2254505730780532, 0.04937933932895459, 0.05337150921137565, 0.05952148984705136, 0.07754729291027723, 0.052466688737603434, 0.049553308137036955, 0.05952025859735513, 0.11232609094341572, 0.0936434617577317, 0.09449765295874898, 0.348145234153136, 0.12740002231621747, 0.003837981154380816, 0.0026465540768655996, 0.09324144397608408, 0.4102643070911437, 0.12087349094886089, 0.15008635695487071]","9_lag_atlSICjfm, 1_lag_6_median_gyreSSTjfm, 1_lag_atlSICsep, 9_lag_scpPSLjfm, 8_lag_seurTSjfm, 1_lag_10_median_stratZ50ndj02, 14_lag_shTSjfm, 4_lag_ormenSSTjfm, 13_lag_traWP, 1_lag_5_median_glTSjfm, 7_lag_scpPSLjfm, 1_lag_12_median_traCA, 11_lag_samPSLann, 12_lag_amo2, 10_lag_nppc2SSTjfm, 8_lag_shSICsep, 14_lag_nppc3SSTjfm, 14_lag_nhSICjfm, 6_lag_shSICsep, 8_lag_traIT, 7_lag_traIT, 10_lag_shSICsep, 1_lag_5_median_traCA, 1_lag_stratZ50ndj03, 1_lag_4_median_wnorPRjfm, 11_lag_nhTSjfm, 1_lag_traWP, 1_lag_6_median_traIFC, 8_lag_traTLS, 1_lag_4_median_traIFC_1856_1"
LinearRegression,2,30,traWP,picntrl,1068.5,2050.5,0.8,17,1,1,11.76210245994865,0.25140575392996556,1984,"['12_lag_ismPRjja', '3_lag_tripol1', '10_lag_nchinaPRjja', '14_lag_shTSjfm', '15_lag_traDP', '1_lag_8_median_naoPSLjfm', '10_lag_seurTSjfm', '1_lag_ginwSSTjfm', '5_lag_glomaSSTjfm', '9_lag_atlSICjfm', '1_lag_6_median_gyreSSTjfm', '10_lag_nhSICsep', '10_lag_shSICsep', '8_lag_shSICsep', '6_lag_shSICsep', '1_lag_6_median_traIFC', '12_lag_amo2', '6_lag_nhSICsep', '14_lag_nppc3SSTjfm', '1_lag_4_median_wnorPRjfm', '11_lag_samPSLann', '7_lag_scpPSLjfm', '11_lag_nhTSjfm', '1_lag_stratZ50ndj03', '16_lag_glomaSSTjfm', '4_lag_ormenSSTjfm', '8_lag_traTLS', '8_lag_traIT', '1_lag_traWP', '1_lag_4_median_traIFC']","[0.07444346618440612, 0.08767305830376916, 0.016884394701641783, 3.281184920441518e-07, 0.04221482685326054, 0.06175412368900002, 0.007821974045458919, 0.09450335802617502, 0.06930328592365394, 0.0885971937940421, 0.029923827109174163, 0.06633654788512403, 0.06367354332629212, 0.09972901979013585, 0.05005311867589021, 0.2800006610092741, 0.05780925923396891, 0.04131516330490069, 0.04081403859210934, 0.022464870262950846, 0.06846156009466255, 0.05648913540378679, 0.023035833071362644, 0.12913296890635467, 0.08020641137032122, 0.11774094736877452, 0.1120373088081722, 0.10377491365832565, 0.19025216431435865, 0.31656256997334375]","12_lag_ismPRjja, 3_lag_tripol1, 10_lag_nchinaPRjja, 14_lag_shTSjfm, 15_lag_traDP, 1_lag_8_median_naoPSLjfm, 10_lag_seurTSjfm, 1_lag_ginwSSTjfm, 5_lag_glomaSSTjfm, 9_lag_atlSICjfm, 1_lag_6_median_gyreSSTjfm, 10_lag_nhSICsep, 10_lag_shSICsep, 8_lag_shSICsep, 6_lag_shSICsep, 1_lag_6_median_traIFC, 12_lag_amo2, 6_lag_nhSICsep, 14_lag_nppc3SSTjfm, 1_lag_4_median_wnorPRjfm, 11_lag_samPSLann, 7_lag_scpPSLjfm, 11_lag_nhTSjfm, 1_lag_stratZ50ndj03, 16_lag_glomaSSTjfm, 4_lag_ormenSSTjfm, 8_lag_traTLS, 8_lag_traIT, 1_lag_traWP, 1_lag_4_median_traIFC_1984_1"
LinearRegression,3,30,traWP,picntrl,1069.5,2050.5,0.8,18,1,1,11.629194988704466,0.2276665659748036,2112,"['4_lag_atlSICsep', '4_lag_seurTSjfm', '16_lag_nchinaPRjja', '15_lag_traDP', '6_lag_shSICsep', '11_lag_nhTSjfm', '5_lag_glomaSSTjfm', '14_lag_nppc3SSTjfm', '14_lag_shTSjfm', '1_lag_6_median_traIFC', '12_lag_ismPRjja', '16_lag_glomaSSTjfm', '10_lag_nhSICsep', '14_lag_ormenSSTjfm', '7_lag_scpPSLjfm', '4_lag_atlSICjfm', '9_lag_atlSICjfm', '10_lag_shSICsep', '12_lag_amo2', '7_lag_traMC', '6_lag_nhSICsep', '4_lag_ormenSSTjfm', '1_lag_4_median_traIFC', '11_lag_samPSLann', '12_lag_tripol3', '1_lag_stratZ50ndj03', '8_lag_shSICsep', '8_lag_traIT', '8_lag_traTLS', '1_lag_traWP']","[0.046902682049494084, 0.0025041922506310738, 0.059878011981572776, 0.03697661432337989, 0.03242375473827117, 0.027399836059096273, 0.06849713171612067, 0.043029590609964766, 0.01721849494441498, 0.3018711154292342, 0.07402425248064406, 0.0716861293494203, 0.059800298132936545, 0.019295403507764698, 0.0564250193339087, 0.015240731844335099, 0.08742035515270694, 0.0673696328267836, 0.07232082336380373, 0.09286413103900266, 0.03663554977875165, 0.11238092444386416, 0.3060596993504318, 0.07178233940735083, 0.055900700714296515, 0.13995844737107005, 0.0854113022224502, 0.10533693276342809, 0.10473335168168207, 0.18941651843260712]","4_lag_atlSICsep, 4_lag_seurTSjfm, 16_lag_nchinaPRjja, 15_lag_traDP, 6_lag_shSICsep, 11_lag_nhTSjfm, 5_lag_glomaSSTjfm, 14_lag_nppc3SSTjfm, 14_lag_shTSjfm, 1_lag_6_median_traIFC, 12_lag_ismPRjja, 16_lag_glomaSSTjfm, 10_lag_nhSICsep, 14_lag_ormenSSTjfm, 7_lag_scpPSLjfm, 4_lag_atlSICjfm, 9_lag_atlSICjfm, 10_lag_shSICsep, 12_lag_amo2, 7_lag_traMC, 6_lag_nhSICsep, 4_lag_ormenSSTjfm, 1_lag_4_median_traIFC, 11_lag_samPSLann, 12_lag_tripol3, 1_lag_stratZ50ndj03, 8_lag_shSICsep, 8_lag_traIT, 8_lag_traTLS, 1_lag_traWP_2112_1"
LinearRegression,4,30,traWP,picntrl,1070.5,2050.5,0.8,19,1,1,11.974503323489037,0.12735806069538466,2240,"['1_lag_nhSICsep', '3_lag_wnorPRjfm', '9_lag_seurTSjfm', '7_lag_scpPSLjfm', '5_lag_traDP', '6_lag_nhSICsep', '13_lag_alpi', '14_lag_ormenSSTjfm', '1_lag_6_median_traIFC', '9_lag_atlSICjfm', '11_lag_samPSLann', '3_lag_ginwSSTjfm', '12_lag_shSICmar', '18_lag_atlSICsep', '10_lag_shSICsep', '16_lag_nchinaPRjja', '18_lag_nppc2SSTjfm', '7_lag_traMC', '18_lag_eapPSLjfm', '14_lag_shTSjfm', '1_lag_stratZ50ndj03', '1_lag_traDP', '10_lag_nhSICsep', '12_lag_tripol3', '5_lag_glomaSSTjfm', '18_lag_traEC', '12_lag_ismPRjja', '8_lag_traTLS', '8_lag_traIT', '1_lag_traWP']","[0.07528056966582769, 0.006016965482793776, 0.06147310614021363, 0.046638871821080195, 0.08395721893706087, 0.023452100669993127, 0.03453037696593294, 0.01520160437417567, 0.025622164600343486, 0.10209803941558132, 0.06507229677560784, 0.00503612056307516, 0.00970493604500424, 0.058139398044223134, 0.06208545151794766, 0.06431534039232523, 0.07108344361335642, 0.10116842215021687, 0.04838860956135569, 0.041387648373408165, 0.13186784869631843, 0.016976231697990334, 0.037511799222222315, 0.07518202545918437, 0.06855525327571334, 0.08140844745702333, 0.08923753900747326, 0.1181394941291689, 0.11295924540639288, 0.18948238080263413]","1_lag_nhSICsep, 3_lag_wnorPRjfm, 9_lag_seurTSjfm, 7_lag_scpPSLjfm, 5_lag_traDP, 6_lag_nhSICsep, 13_lag_alpi, 14_lag_ormenSSTjfm, 1_lag_6_median_traIFC, 9_lag_atlSICjfm, 11_lag_samPSLann, 3_lag_ginwSSTjfm, 12_lag_shSICmar, 18_lag_atlSICsep, 10_lag_shSICsep, 16_lag_nchinaPRjja, 18_lag_nppc2SSTjfm, 7_lag_traMC, 18_lag_eapPSLjfm, 14_lag_shTSjfm, 1_lag_stratZ50ndj03, 1_lag_traDP, 10_lag_nhSICsep, 12_lag_tripol3, 5_lag_glomaSSTjfm, 18_lag_traEC, 12_lag_ismPRjja, 8_lag_traTLS, 8_lag_traIT, 1_lag_traWP_2240_1"
LinearRegression,5,30,traWP,picntrl,1071.5,2050.5,0.8,20,1,1,11.999746397230226,0.14188769488774328,2368,"['8_lag_shSICsep', '6_lag_nhSICsep', '8_lag_cetTSjfm', '3_lag_ginwSSTjfm', '18_lag_traEC', '18_lag_eapPSLjfm', '18_lag_atlSICsep', '1_lag_atlSICsep', '1_lag_traDP', '6_lag_cetTSjfm', '12_lag_tripol3', '13_lag_alpi', '5_lag_glomaSSTjfm', '10_lag_nhSICsep', '3_lag_wnorPRjfm', '19_lag_traDP', '5_lag_traDP', '12_lag_ismPRjja', '9_lag_atlSICjfm', '18_lag_tripol1', '6_lag_amoSSTmjjaso', '10_lag_shSICsep', '11_lag_traWP', '14_lag_shTSjfm', '8_lag_traTLS', '9_lag_seurTSjfm', '4_lag_ginwSSTjfm', '7_lag_traMC', '8_lag_traIT', '1_lag_traWP']","[0.03119359371352316, 0.0059616072356061655, 0.025266324238628148, 0.03716521012471905, 0.07881512621002176, 0.0681906582325487, 0.04580544006002871, 0.08185166990882162, 0.03130803333113408, 0.015992256338966556, 0.05979653880034817, 0.039415404182307295, 0.05430206881536705, 0.042180208478437335, 0.014041070519852724, 0.11153613730851779, 0.10874726182878791, 0.07927737958832161, 0.09604086262205624, 0.021808216282372467, 0.0792570751133516, 0.06798031316027747, 0.09091187930471199, 0.020213969295991764, 0.10346882028401341, 0.06863827309003918, 0.15457609788813567, 0.10100915985636731, 0.10747918746956048, 0.16422953169939963]","8_lag_shSICsep, 6_lag_nhSICsep, 8_lag_cetTSjfm, 3_lag_ginwSSTjfm, 18_lag_traEC, 18_lag_eapPSLjfm, 18_lag_atlSICsep, 1_lag_atlSICsep, 1_lag_traDP, 6_lag_cetTSjfm, 12_lag_tripol3, 13_lag_alpi, 5_lag_glomaSSTjfm, 10_lag_nhSICsep, 3_lag_wnorPRjfm, 19_lag_traDP, 5_lag_traDP, 12_lag_ismPRjja, 9_lag_atlSICjfm, 18_lag_tripol1, 6_lag_amoSSTmjjaso, 10_lag_shSICsep, 11_lag_traWP, 14_lag_shTSjfm, 8_lag_traTLS, 9_lag_seurTSjfm, 4_lag_ginwSSTjfm, 7_lag_traMC, 8_lag_traIT, 1_lag_traWP_2368_1"
LinearRegression,6,30,traWP,picntrl,1072.5,2050.5,0.8,21,1,1,11.961808687827425,0.12850151201822363,2496,"['5_lag_mhfATL60', '19_lag_atlSICjfm', '8_lag_traTLS', '6_lag_cetTSjfm', '18_lag_atlSICsep', '5_lag_traDP', '6_lag_nhSICsep', '18_lag_tripol1', '20_lag_wnorPRjfm', '12_lag_tripol3', '14_lag_shTSjfm', '13_lag_shSICsep', '12_lag_ismPRjja', '16_lag_traDP', '3_lag_wnorPRjfm', '18_lag_traEC', '10_lag_nhSICsep', '18_lag_eapPSLjfm', '6_lag_amoSSTmjjaso', '10_lag_shSICsep', '5_lag_neurTSjfm', '11_lag_traWP', '9_lag_seurTSjfm', '9_lag_atlSICjfm', '19_lag_atlSICsep', '7_lag_traMC', '13_lag_alpi', '4_lag_ginwSSTjfm', '8_lag_traIT', '1_lag_traWP']","[0.0468959413397368, 0.004405290943277379, 0.10987628478973342, 0.03117598571443151, 0.04445899263125779, 0.1320781558831144, 0.00811355609090982, 0.011433512750856667, 0.004498172289783094, 0.06369316445842427, 0.013070476678853396, 0.03830192433330819, 0.07726585850526704, 0.10622508526741165, 0.02378553659108834, 0.08040358066541256, 0.035552807166323655, 0.06183443839296904, 0.06816824607084908, 0.03113724143819599, 0.03995533632325004, 0.08524925091457537, 0.06757759043234327, 0.09579084675014063, 0.032936270429076236, 0.10356358728498745, 0.03977379478215315, 0.14957815352113946, 0.11917329230049835, 0.17129361989886918]","5_lag_mhfATL60, 19_lag_atlSICjfm, 8_lag_traTLS, 6_lag_cetTSjfm, 18_lag_atlSICsep, 5_lag_traDP, 6_lag_nhSICsep, 18_lag_tripol1, 20_lag_wnorPRjfm, 12_lag_tripol3, 14_lag_shTSjfm, 13_lag_shSICsep, 12_lag_ismPRjja, 16_lag_traDP, 3_lag_wnorPRjfm, 18_lag_traEC, 10_lag_nhSICsep, 18_lag_eapPSLjfm, 6_lag_amoSSTmjjaso, 10_lag_shSICsep, 5_lag_neurTSjfm, 11_lag_traWP, 9_lag_seurTSjfm, 9_lag_atlSICjfm, 19_lag_atlSICsep, 7_lag_traMC, 13_lag_alpi, 4_lag_ginwSSTjfm, 8_lag_traIT, 1_lag_traWP_2496_1"
LinearRegression,7,30,traWP,picntrl,1073.5,2050.5,0.8,22,2,2,11.825243332493045,0.2663712076102895,2496,"['2_lag_3_median_wnorPRjfm', '3_lag_wnorPRjfm', '2_lag_5_median_scpPSLjfm', '2_lag_amo2', '21_lag_amo2', '6_lag_amoSSTmjjaso', '21_lag_traBS', '4_lag_wnorPRjfm', '2_lag_5_median_traIFC', '8_lag_cetTSjfm', '2_lag_mhfIP30', '20_lag_shSICsep', '20_lag_samPSLann', '10_lag_nhSICsep', '18_lag_tripol1', '7_lag_traMC', '13_lag_alpi', '18_lag_traEC', '5_lag_neurTSjfm', '13_lag_shSICsep', '5_lag_mhfATL60', '6_lag_cetTSjfm', '16_lag_amo1', '9_lag_traBS', '12_lag_ismPRjja', '4_lag_ginwSSTjfm', '9_lag_atlSICjfm', '8_lag_traIT', '19_lag_atlSICsep', '2_lag_mhfATL45']","[0.01070530373395327, 0.01070530373395326, 0.00782938416144113, 0.051577881825191005, 0.09507703286715044, 0.10187815670381357, 0.027597454393545863, 0.0146093904951736, 0.07960876196766291, 0.034680243951338965, 0.17572129329637648, 0.022353064250067296, 0.04864475905600679, 0.01886843610824152, 0.024073620481866807, 0.14233653584315253, 0.016090182886284842, 0.059827469626714286, 0.01790897994900359, 0.07776953555079705, 0.024238512404669243, 0.045967783252763024, 0.06564417786500995, 0.07371015764079047, 0.07735192935587637, 0.12042526955442416, 0.0921516771678818, 0.053555011792558456, 0.06467998368695572, 0.3780492134420608]","2_lag_3_median_wnorPRjfm, 3_lag_wnorPRjfm, 2_lag_5_median_scpPSLjfm, 2_lag_amo2, 21_lag_amo2, 6_lag_amoSSTmjjaso, 21_lag_traBS, 4_lag_wnorPRjfm, 2_lag_5_median_traIFC, 8_lag_cetTSjfm, 2_lag_mhfIP30, 20_lag_shSICsep, 20_lag_samPSLann, 10_lag_nhSICsep, 18_lag_tripol1, 7_lag_traMC, 13_lag_alpi, 18_lag_traEC, 5_lag_neurTSjfm, 13_lag_shSICsep, 5_lag_mhfATL60, 6_lag_cetTSjfm, 16_lag_amo1, 9_lag_traBS, 12_lag_ismPRjja, 4_lag_ginwSSTjfm, 9_lag_atlSICjfm, 8_lag_traIT, 19_lag_atlSICsep, 2_lag_mhfATL45_2496_2"
LinearRegression,8,30,traWP,picntrl,1074.5,2050.5,0.8,23,3,3,12.008665992337018,0.12329511448828857,2496,"['12_lag_gyreSSTjfm', '20_lag_nppc3SSTjfm', '6_lag_cetTSjfm', '6_lag_nhSICsep', '5_lag_traTLS', '8_lag_mhfATL60', '7_lag_traDP', '20_lag_nppc2SSTjfm', '21_lag_seurTSjfm', '18_lag_satlSSTjfm', '10_lag_cetTSjfm', '21_lag_amo2', '13_lag_alpi', '5_lag_neurTSjfm', '21_lag_cetTSjfm', '18_lag_amoSSTmjjaso', '20_lag_shSICsep', '14_lag_shSICsep', '19_lag_atlSICsep', '13_lag_amo2', '22_lag_amo2', '16_lag_amo1', '10_lag_nhSICsep', '3_lag_shSICsep', '22_lag_traDP', '12_lag_ismPRjja', '3_lag_mhfIP30', '13_lag_shSICsep', '3_lag_wnorPRjfm', '8_lag_traIT']","[0.15363912890283882, 0.06811820346631552, 0.0029062069881037847, 0.0008360289015181419, 0.054682164244693354, 0.218547708967722, 0.02604312608513571, 0.04392403286516074, 0.16198154621269822, 0.01450228268887519, 0.04667311566970061, 0.07380542250425119, 0.004938746654193061, 0.04608594716788243, 0.11750303687769487, 0.0043797688217470255, 0.08764576171788613, 0.052489847493225564, 0.02972131830757468, 0.026554035559952366, 0.06267265911054995, 0.02553000722803789, 0.05643070253914727, 0.003585046670746864, 0.17853279464478722, 0.0821249834326366, 0.02727112923067365, 0.10094345344984464, 0.032233901962231366, 0.02673808559120763]","12_lag_gyreSSTjfm, 20_lag_nppc3SSTjfm, 6_lag_cetTSjfm, 6_lag_nhSICsep, 5_lag_traTLS, 8_lag_mhfATL60, 7_lag_traDP, 20_lag_nppc2SSTjfm, 21_lag_seurTSjfm, 18_lag_satlSSTjfm, 10_lag_cetTSjfm, 21_lag_amo2, 13_lag_alpi, 5_lag_neurTSjfm, 21_lag_cetTSjfm, 18_lag_amoSSTmjjaso, 20_lag_shSICsep, 14_lag_shSICsep, 19_lag_atlSICsep, 13_lag_amo2, 22_lag_amo2, 16_lag_amo1, 10_lag_nhSICsep, 3_lag_shSICsep, 22_lag_traDP, 12_lag_ismPRjja, 3_lag_mhfIP30, 13_lag_shSICsep, 3_lag_wnorPRjfm, 8_lag_traIT_2496_3"
LinearRegression,9,30,traWP,picntrl,1075.5,2050.5,0.8,24,4,4,12.158562251137193,0.12049930819186408,2496,"['7_lag_traIT', '13_lag_labSSTjfm', '12_lag_ismPRjja', '23_lag_traDP', '4_lag_7_median_ginwSSTjfm', '18_lag_amoSSTmjjaso', '16_lag_mhfATL30', '4_lag_wnorPRjfm', '7_lag_traDP', '18_lag_traDS', '10_lag_cetTSjfm', '10_lag_nhSICsep', '23_lag_tripol1', '4_lag_7_median_satlSSTjfm', '21_lag_amo1', '8_lag_cetTSjfm', '19_lag_atlSICsep', '17_lag_traMC', '4_lag_7_median_traEC', '20_lag_nppc3SSTjfm', '13_lag_alpi', '8_lag_traIT', '22_lag_traDP', '20_lag_nppc2SSTjfm', '4_lag_stratZ50ndj04', '13_lag_amo2', '14_lag_shSICsep', '13_lag_shSICsep', '4_lag_ginwSSTjfm', '23_lag_traTLS']","[0.08160018983113651, 0.09993690894367749, 0.06184257585009093, 0.05894900620165879, 0.17501741471272195, 0.026112510165060027, 0.09139182649542632, 0.010224979332917335, 0.0767388088387887, 0.02894629363259704, 0.043911429509684866, 0.053777615272874946, 0.03470293387284817, 0.061799014571630964, 0.05291192362023463, 0.01945639360449715, 0.0266610608143372, 0.0024346830410094666, 0.0339010771541154, 0.07255401109852969, 0.02365160533204146, 0.044984362154842285, 0.18060596989632163, 0.036633453801372895, 0.06844453192610842, 0.0169752741137564, 0.0682541069887015, 0.0918792702045972, 0.15163895589338658, 0.01575947574803976]","7_lag_traIT, 13_lag_labSSTjfm, 12_lag_ismPRjja, 23_lag_traDP, 4_lag_7_median_ginwSSTjfm, 18_lag_amoSSTmjjaso, 16_lag_mhfATL30, 4_lag_wnorPRjfm, 7_lag_traDP, 18_lag_traDS, 10_lag_cetTSjfm, 10_lag_nhSICsep, 23_lag_tripol1, 4_lag_7_median_satlSSTjfm, 21_lag_amo1, 8_lag_cetTSjfm, 19_lag_atlSICsep, 17_lag_traMC, 4_lag_7_median_traEC, 20_lag_nppc3SSTjfm, 13_lag_alpi, 8_lag_traIT, 22_lag_traDP, 20_lag_nppc2SSTjfm, 4_lag_stratZ50ndj04, 13_lag_amo2, 14_lag_shSICsep, 13_lag_shSICsep, 4_lag_ginwSSTjfm, 23_lag_traTLS_2496_4"
LinearRegression,10,30,traWP,picntrl,1076.5,2050.5,0.8,25,5,5,11.523557144875536,0.11066046589951956,2496,"['20_lag_samPSLann', '18_lag_nppc2SSTjfm', '18_lag_atlSICjfm', '21_lag_amoSSTmjjaso', '19_lag_traWP', '9_lag_amo2', '21_lag_amo1', '12_lag_ismPRjja', '24_lag_traWP', '21_lag_traMC', '17_lag_traDP', '18_lag_traIFC', '13_lag_alpi', '5_lag_nppc3SSTjfm', '18_lag_traDS', '23_lag_stratZ50ndj02', '21_lag_cetTSjfm', '9_lag_traBS', '5_lag_yrvPRjja', '13_lag_shSICsep', '19_lag_atlSICsep', '20_lag_nppc3SSTjfm', '20_lag_nppc2SSTjfm', '5_lag_neurTSjfm', '10_lag_cetTSjfm', '13_lag_amo2', '22_lag_traDP', '14_lag_shSICsep', '5_lag_traTLS', '23_lag_traTLS']","[0.0431144569144939, 0.04554807427168346, 0.019643873188882863, 0.10337309136817417, 0.05888951373538269, 0.05358396048542773, 0.006983010271287017, 0.07939781266760308, 0.012849878602535019, 0.031490776274822996, 0.14058904452080798, 0.05347260472311287, 0.011234946320745409, 0.09169195055208541, 0.04767253064700796, 0.03683862888047003, 0.023303765029893064, 0.059050162813980796, 0.042903974704044084, 0.0967647279135923, 0.029565131528964794, 0.0859538376683784, 0.07600639456746444, 0.04630353145268732, 0.04187174078975945, 0.0019005242106424614, 0.20274456734060795, 0.052235430684721404, 0.06825188294486179, 0.02004301280628963]","20_lag_samPSLann, 18_lag_nppc2SSTjfm, 18_lag_atlSICjfm, 21_lag_amoSSTmjjaso, 19_lag_traWP, 9_lag_amo2, 21_lag_amo1, 12_lag_ismPRjja, 24_lag_traWP, 21_lag_traMC, 17_lag_traDP, 18_lag_traIFC, 13_lag_alpi, 5_lag_nppc3SSTjfm, 18_lag_traDS, 23_lag_stratZ50ndj02, 21_lag_cetTSjfm, 9_lag_traBS, 5_lag_yrvPRjja, 13_lag_shSICsep, 19_lag_atlSICsep, 20_lag_nppc3SSTjfm, 20_lag_nppc2SSTjfm, 5_lag_neurTSjfm, 10_lag_cetTSjfm, 13_lag_amo2, 22_lag_traDP, 14_lag_shSICsep, 5_lag_traTLS, 23_lag_traTLS_2496_5"
LinearRegression,11,30,traWP,picntrl,1077.5,2050.5,0.8,26,6,6,11.961465097425544,0.17733737198744212,2496,"['16_lag_satlSSTjfm', '18_lag_traIFC', '16_lag_amoSSTmjjaso', '21_lag_amo2', '24_lag_naoPSLjfm', '6_lag_seurTSjfm', '11_lag_samPSLann', '23_lag_tripol1', '20_lag_traMC', '10_lag_satlSSTjfm', '25_lag_traIFC', '6_lag_11_median_eurPSLjfm', '21_lag_traMC', '24_lag_traWP', '6_lag_yrvPRjja', '14_lag_nppc3SSTjfm', '10_lag_cetTSjfm', '18_lag_traMC', '6_lag_9_median_traBO', '9_lag_amo2', '18_lag_nppc2SSTjfm', '14_lag_shSICsep', '24_lag_eurPSLjfm', '15_lag_amo2', '21_lag_cetTSjfm', '20_lag_nppc2SSTjfm', '23_lag_traTLS', '13_lag_amo2', '23_lag_stratZ50ndj02', '22_lag_traDP']","[0.17232072726497183, 0.033860665104786476, 0.07508144657329674, 0.07460328405794982, 0.030850550124061734, 0.00542098864704542, 0.08400424862162875, 0.015143486166908473, 0.017221486212109022, 0.041821519910824986, 0.06108499011632661, 0.04633903176821361, 0.04658850157963138, 0.0016138413237529316, 0.027076739887974023, 0.0633236086914343, 0.02434423788616959, 0.10816576705866573, 0.04813747113158949, 0.04815669935619141, 0.03367771745105423, 0.0021964529420958716, 0.05440934339834024, 0.07171735207103529, 0.012030423332149225, 0.04043619991581962, 0.007166490030839301, 0.029618211818303798, 0.025244996695867605, 0.16825277347757467]","16_lag_satlSSTjfm, 18_lag_traIFC, 16_lag_amoSSTmjjaso, 21_lag_amo2, 24_lag_naoPSLjfm, 6_lag_seurTSjfm, 11_lag_samPSLann, 23_lag_tripol1, 20_lag_traMC, 10_lag_satlSSTjfm, 25_lag_traIFC, 6_lag_11_median_eurPSLjfm, 21_lag_traMC, 24_lag_traWP, 6_lag_yrvPRjja, 14_lag_nppc3SSTjfm, 10_lag_cetTSjfm, 18_lag_traMC, 6_lag_9_median_traBO, 9_lag_amo2, 18_lag_nppc2SSTjfm, 14_lag_shSICsep, 24_lag_eurPSLjfm, 15_lag_amo2, 21_lag_cetTSjfm, 20_lag_nppc2SSTjfm, 23_lag_traTLS, 13_lag_amo2, 23_lag_stratZ50ndj02, 22_lag_traDP_2496_6"
LinearRegression,12,30,traWP,picntrl,1078.5,2050.5,0.8,27,7,7,12.225852153098714,0.1049024254513046,2496,"['24_lag_amo2', '19_lag_traDP', '21_lag_seurTSjfm', '10_lag_amo3', '26_lag_satlSSTjfm', '13_lag_amo2', '17_lag_wnorPRjfm', '21_lag_traMC', '7_lag_traDP', '15_lag_stratZ50ndj01', '9_lag_nhTSjfm', '13_lag_shSICsep', '14_lag_shSICsep', '18_lag_ginwSSTjfm', '16_lag_satlSSTjfm', '20_lag_nppc3SSTjfm', '20_lag_traMC', '7_lag_10_median_yrvPRjja', '23_lag_tripol1', '25_lag_traDP', '15_lag_amo2', '20_lag_nppc2SSTjfm', '18_lag_traMC', '23_lag_traTLS', '13_lag_labSSTjfm', '7_lag_10_median_pdoSSTjfm', '15_lag_pdoSSTjfm', '14_lag_nppc3SSTjfm', '21_lag_cetTSjfm', '22_lag_traDP']","[0.10754854246906713, 0.05454276328948596, 0.15893708833070583, 0.1102694319916679, 0.004297672890131365, 0.04774546912855027, 0.01065106872167302, 0.05185681043233346, 0.055078386520564175, 0.05892117874916823, 0.06290414951080354, 0.0864017998943567, 0.06804351312008004, 0.06691039799934013, 0.17554809861350726, 0.05263888676944438, 0.021890652579536082, 0.030222064288641135, 0.035108226148215106, 0.06199790527077326, 0.09599916749009979, 0.019419179451948685, 0.08325595551525608, 0.02423261521200384, 0.05660545569568541, 0.09001755950756624, 0.030371360247571626, 0.07275277903357778, 0.10055272331391059, 0.12816071264004839]","24_lag_amo2, 19_lag_traDP, 21_lag_seurTSjfm, 10_lag_amo3, 26_lag_satlSSTjfm, 13_lag_amo2, 17_lag_wnorPRjfm, 21_lag_traMC, 7_lag_traDP, 15_lag_stratZ50ndj01, 9_lag_nhTSjfm, 13_lag_shSICsep, 14_lag_shSICsep, 18_lag_ginwSSTjfm, 16_lag_satlSSTjfm, 20_lag_nppc3SSTjfm, 20_lag_traMC, 7_lag_10_median_yrvPRjja, 23_lag_tripol1, 25_lag_traDP, 15_lag_amo2, 20_lag_nppc2SSTjfm, 18_lag_traMC, 23_lag_traTLS, 13_lag_labSSTjfm, 7_lag_10_median_pdoSSTjfm, 15_lag_pdoSSTjfm, 14_lag_nppc3SSTjfm, 21_lag_cetTSjfm, 22_lag_traDP_2496_7"
LinearRegression,13,30,traWP,picntrl,1079.5,2050.5,0.8,28,8,8,12.701296851739734,0.08938149962006327,2496,"['14_lag_traFB', '23_lag_stratZ50ndj02', '15_lag_amo2', '24_lag_traWP', '18_lag_atlSICjfm', '16_lag_stratZ50ndj04', '12_lag_mhfIP30', '22_lag_amo2', '8_lag_cetTSjfm', '8_lag_11_median_ismPRjja', '22_lag_amo1', '15_lag_pdoSSTjfm', '20_lag_nppc2SSTjfm', '18_lag_traMC', '8_lag_yrvPRjja', '12_lag_neurTSjfm', '8_lag_mhfATL60', '8_lag_11_median_shSICmar', '13_lag_labSSTjfm', '14_lag_nppc3SSTjfm', '13_lag_alpi', '27_lag_ginwSSTjfm', '26_lag_mhfATL60', '21_lag_seurTSjfm', '26_lag_traFB', '15_lag_stratZ50ndj01', '14_lag_shSICsep', '17_lag_ismPRjja', '22_lag_traDP', '21_lag_cetTSjfm']","[0.012576306320158685, 0.012582830175052004, 0.09388999754156656, 0.021917241094783598, 0.03046326927309993, 0.047613138273071356, 0.0026866435872442674, 0.10326320061889825, 0.0549971508428147, 0.07018770640900378, 0.07692798996388181, 0.057718421401745365, 0.038172903476635815, 0.06601798006008999, 0.048175258397734455, 0.03800320200141788, 0.24006819043527247, 0.09436139249159849, 0.1309013954903369, 0.05442881354371658, 0.02958531964672299, 0.10244110152929801, 0.0314218306186283, 0.14600060252680214, 0.057557983889096345, 0.048961934817430254, 0.0026351369094164447, 0.004554819831838434, 0.168560620252237, 0.10535602609778978]","14_lag_traFB, 23_lag_stratZ50ndj02, 15_lag_amo2, 24_lag_traWP, 18_lag_atlSICjfm, 16_lag_stratZ50ndj04, 12_lag_mhfIP30, 22_lag_amo2, 8_lag_cetTSjfm, 8_lag_11_median_ismPRjja, 22_lag_amo1, 15_lag_pdoSSTjfm, 20_lag_nppc2SSTjfm, 18_lag_traMC, 8_lag_yrvPRjja, 12_lag_neurTSjfm, 8_lag_mhfATL60, 8_lag_11_median_shSICmar, 13_lag_labSSTjfm, 14_lag_nppc3SSTjfm, 13_lag_alpi, 27_lag_ginwSSTjfm, 26_lag_mhfATL60, 21_lag_seurTSjfm, 26_lag_traFB, 15_lag_stratZ50ndj01, 14_lag_shSICsep, 17_lag_ismPRjja, 22_lag_traDP, 21_lag_cetTSjfm_2496_8"
LinearRegression,14,30,traWP,picntrl,1080.5,2050.5,0.8,29,9,9,12.443855375038146,0.1586501939054048,2496,"['20_lag_shSICsep', '22_lag_stratZ50ndj01', '13_lag_stratZ50ndj04', '23_lag_traFS', '13_lag_amo2', '9_lag_amo2', '18_lag_traMC', '14_lag_traFB', '14_lag_shSICsep', '25_lag_traDP', '16_lag_traTLS', '23_lag_stratZ50ndj02', '13_lag_alpi', '9_lag_12_median_ormenSSTjfm', '9_lag_12_median_traTLS', '17_lag_ismPRjja', '16_lag_stratZ50ndj04', '19_lag_traDP', '9_lag_12_median_amo3', '15_lag_stratZ50ndj01', '26_lag_amo1', '9_lag_traBS', '28_lag_traFB', '21_lag_seurTSjfm', '21_lag_cetTSjfm', '22_lag_traDP', '27_lag_ginwSSTjfm', '28_lag_traCA', '14_lag_nppc3SSTjfm', '28_lag_traIT']","[0.0857839635591186, 0.014791242170195548, 0.062376027946376464, 0.13260067672840406, 0.033287001814589164, 0.043552566153071036, 0.07532792525828953, 0.035650309248843076, 0.012374378477760756, 0.05411395982903779, 0.03986121027336534, 0.007579116767063104, 0.009361333989619391, 0.15633244487672693, 0.09297780514340617, 0.013466905186288876, 0.0414126017400786, 0.021046370205711817, 0.06592764989543526, 0.06306178150905266, 0.054629864605102184, 0.053784491295349124, 0.048140299252261286, 0.14386559569276952, 0.09271212257542616, 0.13795887742970414, 0.08665082298326222, 0.04730310958557149, 0.04728079002110574, 0.041556579965503056]","20_lag_shSICsep, 22_lag_stratZ50ndj01, 13_lag_stratZ50ndj04, 23_lag_traFS, 13_lag_amo2, 9_lag_amo2, 18_lag_traMC, 14_lag_traFB, 14_lag_shSICsep, 25_lag_traDP, 16_lag_traTLS, 23_lag_stratZ50ndj02, 13_lag_alpi, 9_lag_12_median_ormenSSTjfm, 9_lag_12_median_traTLS, 17_lag_ismPRjja, 16_lag_stratZ50ndj04, 19_lag_traDP, 9_lag_12_median_amo3, 15_lag_stratZ50ndj01, 26_lag_amo1, 9_lag_traBS, 28_lag_traFB, 21_lag_seurTSjfm, 21_lag_cetTSjfm, 22_lag_traDP, 27_lag_ginwSSTjfm, 28_lag_traCA, 14_lag_nppc3SSTjfm, 28_lag_traIT_2496_9"
LinearRegression,15,30,traWP,picntrl,1081.5,2050.5,0.8,30,10,10,12.77169713798813,0.07364155071193221,2496,"['27_lag_traIT', '10_lag_13_median_eurPSLjfm', '23_lag_traFS', '29_lag_traCA', '21_lag_satlSSTjfm', '17_lag_samPSLann', '15_lag_amo2', '26_lag_traFB', '19_lag_traDP', '13_lag_traEC', '28_lag_ismPRjja', '22_lag_amo2', '10_lag_amo3', '25_lag_tripol3', '15_lag_amo1', '15_lag_pdoSSTjfm', '28_lag_traFB', '16_lag_stratZ50ndj04', '13_lag_traTLS', '15_lag_neurTSjfm', '28_lag_traCA', '21_lag_cetTSjfm', '10_lag_13_median_nhSICjfm', '28_lag_traTLS', '21_lag_seurTSjfm', '14_lag_shSICsep', '27_lag_ginwSSTjfm', '14_lag_nppc3SSTjfm', '28_lag_traIT', '22_lag_traDP']","[0.0354390759735345, 0.007356078104931427, 0.10703424668475181, 0.020786629777008025, 0.09424805566932092, 0.03554664668854701, 0.08862015743157357, 0.06349638891584312, 0.041787824511946146, 0.13812353213107592, 0.09766871434171594, 0.10144538868585107, 0.14094525703026028, 0.024318845057468633, 0.0017523671579663489, 0.0548301074926732, 0.03808691071356008, 0.031653845087245655, 0.02103990455054373, 0.010054159110432826, 0.009457581947176375, 0.10188357739324175, 0.00629070763874795, 0.010539562880968582, 0.1511757438104668, 0.01623090581326895, 0.09731882971413738, 0.06029596699465774, 0.09330037840074198, 0.13358307128878735]","27_lag_traIT, 10_lag_13_median_eurPSLjfm, 23_lag_traFS, 29_lag_traCA, 21_lag_satlSSTjfm, 17_lag_samPSLann, 15_lag_amo2, 26_lag_traFB, 19_lag_traDP, 13_lag_traEC, 28_lag_ismPRjja, 22_lag_amo2, 10_lag_amo3, 25_lag_tripol3, 15_lag_amo1, 15_lag_pdoSSTjfm, 28_lag_traFB, 16_lag_stratZ50ndj04, 13_lag_traTLS, 15_lag_neurTSjfm, 28_lag_traCA, 21_lag_cetTSjfm, 10_lag_13_median_nhSICjfm, 28_lag_traTLS, 21_lag_seurTSjfm, 14_lag_shSICsep, 27_lag_ginwSSTjfm, 14_lag_nppc3SSTjfm, 28_lag_traIT, 22_lag_traDP_2496_10"
LinearRegression,16,30,traWP,picntrl,1082.5,2050.5,0.8,31,11,11,12.720504243375553,0.07564806680065139,2496,"['14_lag_shSICsep', '23_lag_traBO', '15_lag_pdoSSTjfm', '23_lag_eapPSLjfm', '17_lag_ismPRjja', '19_lag_atlSICsep', '28_lag_ismPRjja', '17_lag_traDP', '15_lag_amo1', '23_lag_stratZ50ndj04', '11_lag_14_median_traBS', '27_lag_shSICmar', '16_lag_scpPSLjfm', '16_lag_stratZ50ndj04', '23_lag_traTLS', '29_lag_shTSjfm', '22_lag_amo2', '26_lag_traIT', '14_lag_nppc3SSTjfm', '21_lag_seurTSjfm', '21_lag_cetTSjfm', '30_lag_traDP', '23_lag_traFS', '28_lag_traFB', '11_lag_14_median_amo2', '28_lag_traCA', '28_lag_traTLS', '27_lag_ginwSSTjfm', '28_lag_traIT', '22_lag_traDP']","[0.03682551281748782, 0.02188589974619945, 0.03064121140756043, 0.08284793511317212, 0.02331744602212026, 0.047897168831773224, 0.10985566978991944, 0.18824394302556177, 0.017787615026659362, 0.05995359886133355, 0.0815593889096768, 0.012406159644056346, 0.05845504583852231, 0.01921206975635594, 0.044751708092837045, 0.014179748554054863, 0.08396988707917329, 0.06584979748666994, 0.07120698465375781, 0.13608087526318943, 0.08397997110658131, 0.19784858461704535, 0.15215936603614705, 0.049400338161199715, 0.007450482301230011, 0.042590461814106195, 0.012790377178794476, 0.08602624017885088, 0.050463050259715966, 0.14026512464073235]","14_lag_shSICsep, 23_lag_traBO, 15_lag_pdoSSTjfm, 23_lag_eapPSLjfm, 17_lag_ismPRjja, 19_lag_atlSICsep, 28_lag_ismPRjja, 17_lag_traDP, 15_lag_amo1, 23_lag_stratZ50ndj04, 11_lag_14_median_traBS, 27_lag_shSICmar, 16_lag_scpPSLjfm, 16_lag_stratZ50ndj04, 23_lag_traTLS, 29_lag_shTSjfm, 22_lag_amo2, 26_lag_traIT, 14_lag_nppc3SSTjfm, 21_lag_seurTSjfm, 21_lag_cetTSjfm, 30_lag_traDP, 23_lag_traFS, 28_lag_traFB, 11_lag_14_median_amo2, 28_lag_traCA, 28_lag_traTLS, 27_lag_ginwSSTjfm, 28_lag_traIT, 22_lag_traDP_2496_11"
LinearRegression,17,30,traWP,picntrl,1083.5,2050.5,0.8,32,12,12,12.704111520267418,0.12075902408039248,2496,"['30_lag_alpi', '12_lag_neurTSjfm', '23_lag_tripol1', '31_lag_eurPSLjfm', '19_lag_glomaSSTjfm', '14_lag_nhSICsep', '14_lag_nppc3SSTjfm', '18_lag_traMC', '21_lag_cetTSjfm', '22_lag_stratZ50ndj01', '15_lag_pdoSSTjfm', '29_lag_traDP', '27_lag_ginwSSTjfm', '27_lag_traWP', '29_lag_shTSjfm', '31_lag_yrvPRjja', '28_lag_traCA', '22_lag_amo2', '12_lag_shTSjfm', '12_lag_mhfATL30', '31_lag_neurTSjfm', '23_lag_traFS', '16_lag_stratZ50ndj04', '17_lag_traDP', '30_lag_AMOCann', '26_lag_amo1', '28_lag_traTLS', '28_lag_traIT', '21_lag_seurTSjfm', '22_lag_traDP']","[0.04051871643037494, 0.056640579960117635, 0.010653639989642567, 0.016943528209190036, 0.09207055815129501, 0.028918288763743957, 0.06370152890726499, 0.07875995715446468, 0.08837632777727661, 0.02552040928376535, 0.01499405882253411, 0.12743293912352543, 0.11013641381908265, 0.05824562183306824, 0.054354017592189885, 0.10117439066767343, 0.026453517970743367, 0.10021649046099551, 0.06497550480099701, 0.13153183818157102, 0.05910431858484609, 0.09726216655151165, 0.021416194855285512, 0.17287066853971017, 0.030835177625231056, 0.06089037129417843, 0.024880844029994006, 0.016296081888212348, 0.13455757552876088, 0.20341930164785754]","30_lag_alpi, 12_lag_neurTSjfm, 23_lag_tripol1, 31_lag_eurPSLjfm, 19_lag_glomaSSTjfm, 14_lag_nhSICsep, 14_lag_nppc3SSTjfm, 18_lag_traMC, 21_lag_cetTSjfm, 22_lag_stratZ50ndj01, 15_lag_pdoSSTjfm, 29_lag_traDP, 27_lag_ginwSSTjfm, 27_lag_traWP, 29_lag_shTSjfm, 31_lag_yrvPRjja, 28_lag_traCA, 22_lag_amo2, 12_lag_shTSjfm, 12_lag_mhfATL30, 31_lag_neurTSjfm, 23_lag_traFS, 16_lag_stratZ50ndj04, 17_lag_traDP, 30_lag_AMOCann, 26_lag_amo1, 28_lag_traTLS, 28_lag_traIT, 21_lag_seurTSjfm, 22_lag_traDP_2496_12"
LinearRegression,18,30,traWP,picntrl,1084.5,2050.5,0.8,33,13,13,12.60959004316177,0.0960874120423686,2496,"['13_lag_16_median_pdoSSTjfm', '17_lag_samPSLann', '25_lag_atlSICsep', '27_lag_traWP', '19_lag_atlSICsep', '28_lag_nppc2SSTjfm', '20_lag_shSICsep', '18_lag_traMC', '26_lag_tripol1', '27_lag_ginwSSTjfm', '26_lag_amoSSTmjjaso', '17_lag_ismPRjja', '29_lag_mhfATL30', '17_lag_scpPSLjfm', '21_lag_traMC', '28_lag_traTLS', '30_lag_traTLS', '22_lag_stratZ50ndj01', '28_lag_traWP', '18_lag_ginwSSTjfm', '23_lag_traFS', '26_lag_amo1', '26_lag_traIT', '29_lag_traDP', '19_lag_traWP', '21_lag_seurTSjfm', '22_lag_traDP', '30_lag_AMOCann', '17_lag_traDP', '28_lag_traIT']","[0.020850010370447744, 0.005744049039527424, 0.059191327600672416, 0.02524748902436992, 0.0411115046193157, 0.04391468407120096, 0.05031944184898404, 0.06920762033626889, 0.02907159077293563, 0.07748263743319612, 0.038030784627034984, 0.002171575645768316, 0.09652082609338344, 0.017684554087340473, 0.027274176165518176, 0.0024310809144859036, 0.0002989582745477323, 0.02081210328530348, 0.09279890284321285, 0.07990790975366047, 0.11370152230473562, 0.10902986368197239, 0.06581696787277494, 0.1285788769142958, 0.022681076156938852, 0.10195874889914437, 0.18389360125128187, 0.05395254580730458, 0.14989313080345912, 0.018712780735709342]","13_lag_16_median_pdoSSTjfm, 17_lag_samPSLann, 25_lag_atlSICsep, 27_lag_traWP, 19_lag_atlSICsep, 28_lag_nppc2SSTjfm, 20_lag_shSICsep, 18_lag_traMC, 26_lag_tripol1, 27_lag_ginwSSTjfm, 26_lag_amoSSTmjjaso, 17_lag_ismPRjja, 29_lag_mhfATL30, 17_lag_scpPSLjfm, 21_lag_traMC, 28_lag_traTLS, 30_lag_traTLS, 22_lag_stratZ50ndj01, 28_lag_traWP, 18_lag_ginwSSTjfm, 23_lag_traFS, 26_lag_amo1, 26_lag_traIT, 29_lag_traDP, 19_lag_traWP, 21_lag_seurTSjfm, 22_lag_traDP, 30_lag_AMOCann, 17_lag_traDP, 28_lag_traIT_2496_13"
LinearRegression,19,30,traWP,picntrl,1085.5,2050.5,0.8,34,14,14,12.667337406218715,0.025587713085997173,2496,"['26_lag_amoSSTmjjaso', '23_lag_traTLS', '19_lag_glomaSSTjfm', '25_lag_scpPSLjfm', '17_lag_ismPRjja', '33_lag_glomaSSTjfm', '23_lag_mhfATL60', '14_lag_neurTSjfm', '14_lag_17_median_traCA', '27_lag_traWP', '33_lag_neurTSjfm', '28_lag_traTLS', '26_lag_traIT', '28_lag_scpPSLjfm', '28_lag_samPSLann', '31_lag_amo3', '32_lag_alpi', '18_lag_ginwSSTjfm', '28_lag_traIT', '22_lag_nppc2SSTjfm', '14_lag_yrvPRjja', '31_lag_amo2', '21_lag_cetTSjfm', '30_lag_traTLS', '22_lag_traDP', '28_lag_stratZ50ndj04', '29_lag_traDP', '30_lag_AMOCann', '17_lag_traDP', '21_lag_seurTSjfm']","[0.007150501014950005, 0.04313428376886801, 0.07774651783787122, 0.08099631533124768, 0.015635152382532085, 0.020492018190683085, 0.017254940081567978, 0.021475457029792835, 0.14789672385304467, 0.08052148928183243, 0.021385287326878454, 0.022733132154102036, 0.06905372763380196, 0.012142024628681476, 0.0034300339016813835, 0.018930608238085584, 0.010499905003500674, 0.08877237822552926, 0.033183075526366373, 0.05540155408175963, 0.03635196999757622, 0.02146822985031083, 0.09370125564170795, 0.005128961948854543, 0.15118418248348517, 0.08734604203445694, 0.1511175543199552, 0.022155213280959124, 0.1659382645060752, 0.13947645077886336]","26_lag_amoSSTmjjaso, 23_lag_traTLS, 19_lag_glomaSSTjfm, 25_lag_scpPSLjfm, 17_lag_ismPRjja, 33_lag_glomaSSTjfm, 23_lag_mhfATL60, 14_lag_neurTSjfm, 14_lag_17_median_traCA, 27_lag_traWP, 33_lag_neurTSjfm, 28_lag_traTLS, 26_lag_traIT, 28_lag_scpPSLjfm, 28_lag_samPSLann, 31_lag_amo3, 32_lag_alpi, 18_lag_ginwSSTjfm, 28_lag_traIT, 22_lag_nppc2SSTjfm, 14_lag_yrvPRjja, 31_lag_amo2, 21_lag_cetTSjfm, 30_lag_traTLS, 22_lag_traDP, 28_lag_stratZ50ndj04, 29_lag_traDP, 30_lag_AMOCann, 17_lag_traDP, 21_lag_seurTSjfm_2496_14"
LinearRegression,20,30,traWP,picntrl,1086.5,2050.5,0.8,35,15,15,12.594057145714258,0.05295076487568644,2496,"['31_lag_amo2', '31_lag_satlSSTjfm', '33_lag_amoSSTmjjaso', '23_lag_traFS', '21_lag_atlSICjfm', '22_lag_scpPSLjfm', '33_lag_nppc2SSTjfm', '15_lag_pdoSSTjfm', '34_lag_seurTSjfm', '17_lag_samPSLann', '15_lag_22_median_wnorPRjfm', '27_lag_traWP', '29_lag_labSSTjfm', '34_lag_atlSICsep', '27_lag_AMOCann', '30_lag_amoSSTmjjaso', '30_lag_AMOCann', '22_lag_nppc2SSTjfm', '27_lag_ginwSSTjfm', '25_lag_eurPSLjfm', '23_lag_stratZ50ndj04', '22_lag_traDP', '18_lag_shTSjfm', '21_lag_cetTSjfm', '24_lag_amo2', '28_lag_traIT', '29_lag_traDP', '17_lag_traDP', '18_lag_traMC', '21_lag_seurTSjfm']","[0.034687995040042933, 0.06730199886368085, 0.02578375748969409, 0.1279857528207862, 0.015285792992397264, 0.019067293836899347, 0.08998471424634118, 0.03245492213889287, 0.08328263842640936, 0.016279813068401094, 0.11059007256684275, 0.062093330722314204, 0.10629404568396687, 0.09588677557544431, 0.04278775685409663, 0.08528891410646436, 0.0475500717317387, 0.02035317564595317, 0.08814155419331418, 0.020876465050267985, 0.06150793406821039, 0.15961488375605642, 0.036628940969795215, 0.08541286703513848, 0.13222111482881527, 0.026200714109983245, 0.12539330220191988, 0.14828652758844627, 0.08110813552315423, 0.13211463549232755]","31_lag_amo2, 31_lag_satlSSTjfm, 33_lag_amoSSTmjjaso, 23_lag_traFS, 21_lag_atlSICjfm, 22_lag_scpPSLjfm, 33_lag_nppc2SSTjfm, 15_lag_pdoSSTjfm, 34_lag_seurTSjfm, 17_lag_samPSLann, 15_lag_22_median_wnorPRjfm, 27_lag_traWP, 29_lag_labSSTjfm, 34_lag_atlSICsep, 27_lag_AMOCann, 30_lag_amoSSTmjjaso, 30_lag_AMOCann, 22_lag_nppc2SSTjfm, 27_lag_ginwSSTjfm, 25_lag_eurPSLjfm, 23_lag_stratZ50ndj04, 22_lag_traDP, 18_lag_shTSjfm, 21_lag_cetTSjfm, 24_lag_amo2, 28_lag_traIT, 29_lag_traDP, 17_lag_traDP, 18_lag_traMC, 21_lag_seurTSjfm_2496_15"
LinearRegression,21,30,traWP,picntrl,1087.5,2050.5,0.8,36,16,18,12.35260062686873,0.13025353458287195,2496,"['33_lag_mhfATL30', '29_lag_labSSTjfm', '30_lag_amo2', '34_lag_seurTSjfm', '20_lag_amo2', '25_lag_scpPSLjfm', '18_lag_traMC', '32_lag_stratZ50ndj04', '29_lag_nppc2SSTjfm', '20_lag_neurTSjfm', '24_lag_amo2', '21_lag_cetTSjfm', '30_lag_traMC', '28_lag_traIT', '28_lag_tripol3', '31_lag_amo2', '28_lag_samPSLann', '30_lag_amoSSTmjjaso', '19_lag_cetTSjfm', '22_lag_nppc2SSTjfm', '33_lag_nppc2SSTjfm', '30_lag_AMOCann', '28_lag_scpPSLjfm', '34_lag_atlSICsep', '21_lag_seurTSjfm', '25_lag_eurPSLjfm', '27_lag_traWP', '22_lag_traDP', '29_lag_traDP', '27_lag_ginwSSTjfm']","[0.09346784211687892, 0.10806305408909792, 0.005115434994383719, 0.08303571639377433, 0.0810508643672479, 0.07542568358140143, 0.07050672744561057, 0.04431802996053317, 0.014928427578035553, 0.030043511442561333, 0.12418214058617381, 0.10725497875738717, 0.009418616761353995, 0.02519890809199561, 0.018510860779190515, 0.01591538834402945, 0.027639812379232402, 0.08294482230720555, 0.0925722260573282, 0.04700911734748208, 0.08789231730449944, 0.07933480449157831, 0.015215311377352552, 0.09741763805039157, 0.137868901902603, 0.025430811860828267, 0.07696024221262032, 0.07351409778861781, 0.07091262947770387, 0.08224131963735481]","33_lag_mhfATL30, 29_lag_labSSTjfm, 30_lag_amo2, 34_lag_seurTSjfm, 20_lag_amo2, 25_lag_scpPSLjfm, 18_lag_traMC, 32_lag_stratZ50ndj04, 29_lag_nppc2SSTjfm, 20_lag_neurTSjfm, 24_lag_amo2, 21_lag_cetTSjfm, 30_lag_traMC, 28_lag_traIT, 28_lag_tripol3, 31_lag_amo2, 28_lag_samPSLann, 30_lag_amoSSTmjjaso, 19_lag_cetTSjfm, 22_lag_nppc2SSTjfm, 33_lag_nppc2SSTjfm, 30_lag_AMOCann, 28_lag_scpPSLjfm, 34_lag_atlSICsep, 21_lag_seurTSjfm, 25_lag_eurPSLjfm, 27_lag_traWP, 22_lag_traDP, 29_lag_traDP, 27_lag_ginwSSTjfm_2496_18"
LinearRegression,22,30,traWP,picntrl,1088.5,2050.5,0.8,37,17,17,12.512107967370174,0.15134124392660975,2496,"['17_lag_wnorPRjfm', '36_lag_stratZ50ndj02', '22_lag_scpPSLjfm', '17_lag_20_median_amoSSTmjjaso', '25_lag_mhfATL45', '31_lag_cetTSjfm', '27_lag_traWP', '34_lag_stratZ50ndj04', '20_lag_traDP', '35_lag_traIT', '25_lag_satlSSTjfm', '28_lag_traIT', '33_lag_stratZ50ndj04', '23_lag_traFS', '36_lag_nchinaPRjja', '30_lag_AMOCann', '28_lag_traWP', '21_lag_tripol1', '34_lag_atlSICsep', '31_lag_yrvPRjja', '22_lag_nppc2SSTjfm', '33_lag_nppc2SSTjfm', '21_lag_cetTSjfm', '28_lag_scpPSLjfm', '36_lag_mhfIP30', '27_lag_ginwSSTjfm', '21_lag_seurTSjfm', '22_lag_traDP', '29_lag_traDP', '24_lag_amo2']","[0.020573712803634046, 0.04918490621058584, 0.01539358221120946, 0.04232313037316899, 0.04794319261962536, 0.028919324201146093, 0.04340697767585546, 0.06454685047627909, 0.1186920674478938, 0.09279422271492328, 0.15175721154869928, 0.04011864118850577, 0.1235340544308792, 0.12718375679865598, 0.05861174920158173, 0.005325354045896664, 0.09601231990758727, 0.043839725819637965, 0.08992595746560794, 0.10409207238628379, 0.027094382666379927, 0.11888385544125514, 0.10560258573528133, 0.026057443722245555, 0.057699738149738264, 0.10552037786593904, 0.15216073821502923, 0.16139374241102616, 0.15663686190174048, 0.12733724559108728]","17_lag_wnorPRjfm, 36_lag_stratZ50ndj02, 22_lag_scpPSLjfm, 17_lag_20_median_amoSSTmjjaso, 25_lag_mhfATL45, 31_lag_cetTSjfm, 27_lag_traWP, 34_lag_stratZ50ndj04, 20_lag_traDP, 35_lag_traIT, 25_lag_satlSSTjfm, 28_lag_traIT, 33_lag_stratZ50ndj04, 23_lag_traFS, 36_lag_nchinaPRjja, 30_lag_AMOCann, 28_lag_traWP, 21_lag_tripol1, 34_lag_atlSICsep, 31_lag_yrvPRjja, 22_lag_nppc2SSTjfm, 33_lag_nppc2SSTjfm, 21_lag_cetTSjfm, 28_lag_scpPSLjfm, 36_lag_mhfIP30, 27_lag_ginwSSTjfm, 21_lag_seurTSjfm, 22_lag_traDP, 29_lag_traDP, 24_lag_amo2_2496_17"
LinearRegression,23,30,traWP,picntrl,1089.5,2050.5,0.8,38,18,18,12.573040389145463,0.08465709455160936,2496,"['28_lag_traWP', '32_lag_traTLS', '35_lag_amoSSTmjjaso', '18_lag_23_median_tripol3', '21_lag_cetTSjfm', '29_lag_shTSjfm', '25_lag_scpPSLjfm', '27_lag_traWP', '27_lag_shSICsep', '28_lag_tripol3', '36_lag_nchinaPRjja', '18_lag_traFB', '33_lag_nppc2SSTjfm', '34_lag_atlSICsep', '37_lag_nhSICsep', '30_lag_atlSICsep', '21_lag_tripol1', '18_lag_21_median_traIFC', '23_lag_traFS', '22_lag_traDP', '24_lag_traWP', '33_lag_stratZ50ndj04', '32_lag_stratZ50ndj04', '30_lag_AMOCann', '27_lag_ginwSSTjfm', '24_lag_amo2', '31_lag_yrvPRjja', '18_lag_ginwSSTjfm', '21_lag_seurTSjfm', '36_lag_mhfIP30']","[0.10244698325485753, 0.05830491648055766, 0.046471670328802846, 0.16143367169328815, 0.10828182817490943, 0.02310371647098134, 0.042577568384113765, 0.06078031478210899, 0.037453532259983366, 0.014869848863461143, 0.066658863376019, 0.10726914881278227, 0.09898494586065926, 0.075177612487446, 0.006274047075000975, 0.0715055423716166, 0.027681817572578264, 0.012999273085500099, 0.1066757911001777, 0.16724771286544557, 0.01731122767142112, 0.11568882857643294, 0.06857502307547253, 0.014050741486524404, 0.10354506500862863, 0.15091175217600622, 0.09114201829333193, 0.08606534367855442, 0.1532266490115727, 0.0588288426054264]","28_lag_traWP, 32_lag_traTLS, 35_lag_amoSSTmjjaso, 18_lag_23_median_tripol3, 21_lag_cetTSjfm, 29_lag_shTSjfm, 25_lag_scpPSLjfm, 27_lag_traWP, 27_lag_shSICsep, 28_lag_tripol3, 36_lag_nchinaPRjja, 18_lag_traFB, 33_lag_nppc2SSTjfm, 34_lag_atlSICsep, 37_lag_nhSICsep, 30_lag_atlSICsep, 21_lag_tripol1, 18_lag_21_median_traIFC, 23_lag_traFS, 22_lag_traDP, 24_lag_traWP, 33_lag_stratZ50ndj04, 32_lag_stratZ50ndj04, 30_lag_AMOCann, 27_lag_ginwSSTjfm, 24_lag_amo2, 31_lag_yrvPRjja, 18_lag_ginwSSTjfm, 21_lag_seurTSjfm, 36_lag_mhfIP30_2496_18"
LinearRegression,24,30,traWP,picntrl,1090.5,2050.5,0.8,39,19,19,12.07465501928921,0.13657135672343176,2496,"['36_lag_amoSSTmjjaso', '19_lag_traFB', '33_lag_stratZ50ndj04', '28_lag_ismPRjja', '37_lag_traTLS', '19_lag_22_median_alpi', '31_lag_yrvPRjja', '21_lag_cetTSjfm', '28_lag_tripol3', '37_lag_nhSICsep', '34_lag_stratZ50ndj04', '28_lag_traTLS', '24_lag_traWP', '23_lag_traFS', '29_lag_traBS', '32_lag_seurTSjfm', '19_lag_traEU', '37_lag_shTSjfm', '29_lag_naoPSLjfm', '31_lag_traDP', '34_lag_stratZ50ndj01', '38_lag_ensoSSTjfm', '37_lag_traEU', '27_lag_ginwSSTjfm', '25_lag_scpPSLjfm', '31_lag_cetTSjfm', '30_lag_AMOCann', '26_lag_mhfATL60', '19_lag_nhTSjfm', '36_lag_mhfIP30']","[0.07156060224716666, 0.1093539113350308, 0.08924350241263805, 0.09529444147478015, 0.016710996119102203, 0.008526649643606686, 0.11406321805483605, 0.03793205178440255, 0.01173540661562385, 0.013975361872774796, 0.03767965447388806, 0.04427307403564403, 0.006353760047634452, 0.13379812756102807, 0.010153241697366755, 0.05241320226923781, 0.11037571690065275, 0.04920579877425824, 0.05197871091442441, 0.11848254289702552, 0.06872516707938472, 0.0414110894481269, 0.06335072381311299, 0.12710851793290553, 0.06835027634969672, 0.019596985504150573, 0.041544339090470755, 0.025122168629475545, 0.07027344865637354, 0.04791487119532487]","36_lag_amoSSTmjjaso, 19_lag_traFB, 33_lag_stratZ50ndj04, 28_lag_ismPRjja, 37_lag_traTLS, 19_lag_22_median_alpi, 31_lag_yrvPRjja, 21_lag_cetTSjfm, 28_lag_tripol3, 37_lag_nhSICsep, 34_lag_stratZ50ndj04, 28_lag_traTLS, 24_lag_traWP, 23_lag_traFS, 29_lag_traBS, 32_lag_seurTSjfm, 19_lag_traEU, 37_lag_shTSjfm, 29_lag_naoPSLjfm, 31_lag_traDP, 34_lag_stratZ50ndj01, 38_lag_ensoSSTjfm, 37_lag_traEU, 27_lag_ginwSSTjfm, 25_lag_scpPSLjfm, 31_lag_cetTSjfm, 30_lag_AMOCann, 26_lag_mhfATL60, 19_lag_nhTSjfm, 36_lag_mhfIP30_2496_19"
LinearRegression,25,30,traWP,picntrl,1091.5,2050.5,0.8,40,20,20,12.8442352858553,0.06340424188717195,2496,"['30_lag_traIT', '34_lag_samPSLann', '35_lag_traIT', '34_lag_atlSICsep', '27_lag_traIT', '38_lag_AMOCann', '20_lag_23_median_traEU', '26_lag_mhfATL60', '34_lag_stratZ50ndj01', '32_lag_seurTSjfm', '29_lag_naoPSLjfm', '35_lag_yrvPRjja', '25_lag_satlSSTjfm', '37_lag_nhSICsep', '26_lag_satlSSTjfm', '37_lag_traTLS', '23_lag_traTLS', '31_lag_traWP', '28_lag_amo3', '37_lag_traIT', '30_lag_traDP', '38_lag_shSICsep', '37_lag_samPSLann', '31_lag_traDP', '37_lag_shTSjfm', '39_lag_amoSSTmjjaso', '29_lag_traBS', '27_lag_ginwSSTjfm', '25_lag_scpPSLjfm', '30_lag_AMOCann']","[0.036035741895981147, 0.005472677428940899, 0.040439942061652044, 0.0757393092012804, 0.04301732253477376, 0.11693046914969381, 0.13391152662384515, 0.08145130844564993, 0.05629871706439668, 0.0926712731950735, 0.04003770032915047, 0.08964163664645335, 0.12784306272389212, 0.008606724980676151, 0.024792653731901794, 0.08313515565688596, 0.04450764566830811, 0.0014022390988025074, 0.004769927126313989, 0.15666014741919865, 0.23135208195289475, 0.0017270884101944963, 0.029429539510576076, 0.061360711476139876, 0.022223593336494856, 0.04416638803739406, 0.02039562677549317, 0.12198653597668677, 0.03530623822447742, 0.055491936668813274]","30_lag_traIT, 34_lag_samPSLann, 35_lag_traIT, 34_lag_atlSICsep, 27_lag_traIT, 38_lag_AMOCann, 20_lag_23_median_traEU, 26_lag_mhfATL60, 34_lag_stratZ50ndj01, 32_lag_seurTSjfm, 29_lag_naoPSLjfm, 35_lag_yrvPRjja, 25_lag_satlSSTjfm, 37_lag_nhSICsep, 26_lag_satlSSTjfm, 37_lag_traTLS, 23_lag_traTLS, 31_lag_traWP, 28_lag_amo3, 37_lag_traIT, 30_lag_traDP, 38_lag_shSICsep, 37_lag_samPSLann, 31_lag_traDP, 37_lag_shTSjfm, 39_lag_amoSSTmjjaso, 29_lag_traBS, 27_lag_ginwSSTjfm, 25_lag_scpPSLjfm, 30_lag_AMOCann_2496_20"
LinearRegression,26,30,traWP,picntrl,1092.5,2050.5,0.8,41,21,21,12.05738792769462,0.14441296649213092,2496,"['34_lag_stratZ50ndj03', '31_lag_traDP', '34_lag_samPSLann', '27_lag_ginwSSTjfm', '36_lag_samPSLann', '39_lag_ensoSSTjfm', '27_lag_traIT', '21_lag_traEU', '40_lag_traIT', '21_lag_24_median_samPSLann', '21_lag_24_median_naoPSLjfm', '33_lag_traCA', '24_lag_traEC', '40_lag_seurTSjfm', '39_lag_traWP', '36_lag_stratZ50ndj02', '26_lag_mhfIP30', '29_lag_traBS', '21_lag_cetTSjfm', '24_lag_nppc3SSTjfm', '36_lag_labSSTjfm', '28_lag_naoPSLjfm', '21_lag_24_median_ginwSSTjfm', '35_lag_traIT', '37_lag_traTLS', '28_lag_amo3', '25_lag_scpPSLjfm', '30_lag_AMOCann', '31_lag_satlSSTjfm', '39_lag_amoSSTmjjaso']","[0.033820254547240365, 0.11147642741587582, 0.04890731643202668, 0.1026284785070647, 0.07074870753786766, 0.010504093380847124, 0.06577967734319262, 0.036214754836935294, 0.08828489304550953, 0.09536529417984806, 0.04161633880489442, 0.11700917359854277, 0.03737183610772517, 0.04635287927388631, 0.014033186450663145, 0.05618301275213842, 0.012485990610345846, 0.03324560272867091, 0.05944122938836029, 0.0016777396958252005, 0.08140893484775856, 0.04574760821310482, 0.13545747766228391, 0.05551742362522589, 0.0011049579945047504, 0.0342386092004247, 0.04921756671488392, 0.007848819500769058, 0.06647239506103991, 0.09028671718317173]","34_lag_stratZ50ndj03, 31_lag_traDP, 34_lag_samPSLann, 27_lag_ginwSSTjfm, 36_lag_samPSLann, 39_lag_ensoSSTjfm, 27_lag_traIT, 21_lag_traEU, 40_lag_traIT, 21_lag_24_median_samPSLann, 21_lag_24_median_naoPSLjfm, 33_lag_traCA, 24_lag_traEC, 40_lag_seurTSjfm, 39_lag_traWP, 36_lag_stratZ50ndj02, 26_lag_mhfIP30, 29_lag_traBS, 21_lag_cetTSjfm, 24_lag_nppc3SSTjfm, 36_lag_labSSTjfm, 28_lag_naoPSLjfm, 21_lag_24_median_ginwSSTjfm, 35_lag_traIT, 37_lag_traTLS, 28_lag_amo3, 25_lag_scpPSLjfm, 30_lag_AMOCann, 31_lag_satlSSTjfm, 39_lag_amoSSTmjjaso_2496_21"
LinearRegression,27,30,traWP,picntrl,1093.5,2050.5,0.8,42,22,22,12.595876892187952,0.13986357466548976,2496,"['37_lag_traBS', '25_lag_nchinaPRjja', '27_lag_shSICmar', '26_lag_ormenSSTjfm', '27_lag_labSSTjfm', '22_lag_27_median_alpi', '22_lag_27_median_tripol2', '40_lag_seurTSjfm', '41_lag_traDP', '40_lag_nhSICjfm', '22_lag_27_median_traIFC', '37_lag_wnorPRjfm', '27_lag_ginwSSTjfm', '22_lag_27_median_stratZ50ndj01', '29_lag_traWP', '40_lag_traIT', '36_lag_labSSTjfm', '31_lag_satlSSTjfm', '39_lag_scpPSLjfm', '29_lag_traBS', '38_lag_samPSLann', '22_lag_27_median_amoSSTmjjaso', '37_lag_traTLS', '28_lag_naoPSLjfm', '31_lag_traDP', '28_lag_amo3', '39_lag_traWP', '25_lag_scpPSLjfm', '30_lag_AMOCann', '39_lag_amoSSTmjjaso']","[0.0353859304463972, 0.006369536508232888, 0.029216356775093714, 0.012357179818006991, 0.05892230546068381, 0.008710692730047653, 0.0020538324439022017, 0.04279030961399497, 0.27441893795542166, 0.049941488344391126, 0.0672531697266356, 0.05968907036209809, 0.09863467439109665, 0.03251051127684726, 0.026371761690903012, 0.11616364201491233, 0.011137443425192975, 0.08818074587786237, 0.01474817303866837, 0.018256730504087392, 0.08136545171672455, 0.09664531600419063, 0.019185584696197456, 0.05662631372437057, 0.070048954218737, 0.016170700568410364, 0.004547701455381815, 0.07419209333217956, 0.04327518527484313, 0.06711116438395412]","37_lag_traBS, 25_lag_nchinaPRjja, 27_lag_shSICmar, 26_lag_ormenSSTjfm, 27_lag_labSSTjfm, 22_lag_27_median_alpi, 22_lag_27_median_tripol2, 40_lag_seurTSjfm, 41_lag_traDP, 40_lag_nhSICjfm, 22_lag_27_median_traIFC, 37_lag_wnorPRjfm, 27_lag_ginwSSTjfm, 22_lag_27_median_stratZ50ndj01, 29_lag_traWP, 40_lag_traIT, 36_lag_labSSTjfm, 31_lag_satlSSTjfm, 39_lag_scpPSLjfm, 29_lag_traBS, 38_lag_samPSLann, 22_lag_27_median_amoSSTmjjaso, 37_lag_traTLS, 28_lag_naoPSLjfm, 31_lag_traDP, 28_lag_amo3, 39_lag_traWP, 25_lag_scpPSLjfm, 30_lag_AMOCann, 39_lag_amoSSTmjjaso_2496_22"
LinearRegression,28,30,traWP,picntrl,1094.5,2050.5,0.8,43,23,23,12.126439610456474,0.18606433061618521,2496,"['23_lag_30_median_eurPSLjfm', '37_lag_traDS', '26_lag_mhfATL60', '27_lag_tripol3', '23_lag_30_median_naoPSLjfm', '35_lag_eapPSLjfm', '38_lag_AMOCann', '41_lag_traDP', '23_lag_cetTSjfm', '37_lag_traBS', '36_lag_stratZ50ndj04', '29_lag_naoPSLjfm', '38_lag_traWP', '25_lag_nchinaPRjja', '36_lag_labSSTjfm', '35_lag_arcTSjfm', '37_lag_wnorPRjfm', '39_lag_traMC', '39_lag_amoSSTmjjaso', '37_lag_traDP', '37_lag_traIFC', '40_lag_amo1', '30_lag_AMOCann', '28_lag_amo3', '39_lag_ensoSSTjfm', '40_lag_shTSjfm', '25_lag_scpPSLjfm', '38_lag_samPSLann', '42_lag_mhfATL60', '29_lag_traWP']","[0.10413202427421665, 0.1278578317970074, 0.06686452804781359, 0.0651514036849951, 0.17426657485071018, 0.035569642138810476, 0.17196797098353914, 0.17642388388030636, 0.05965271224042247, 0.03691326335678427, 0.06627964419112209, 0.07194382828196624, 0.0848999285822227, 0.009644457082054232, 0.0038300388229146197, 0.03350203414062514, 0.08728854196215735, 0.071092647096334, 0.08117445029811751, 0.08282802213774323, 0.07046385523588443, 0.03086323710975722, 0.05171632791884028, 0.003468393887969269, 0.05879214843058085, 0.045590158559008116, 0.07788755837339979, 0.10693734418374083, 0.1028902549221336, 0.018088031262911534]","23_lag_30_median_eurPSLjfm, 37_lag_traDS, 26_lag_mhfATL60, 27_lag_tripol3, 23_lag_30_median_naoPSLjfm, 35_lag_eapPSLjfm, 38_lag_AMOCann, 41_lag_traDP, 23_lag_cetTSjfm, 37_lag_traBS, 36_lag_stratZ50ndj04, 29_lag_naoPSLjfm, 38_lag_traWP, 25_lag_nchinaPRjja, 36_lag_labSSTjfm, 35_lag_arcTSjfm, 37_lag_wnorPRjfm, 39_lag_traMC, 39_lag_amoSSTmjjaso, 37_lag_traDP, 37_lag_traIFC, 40_lag_amo1, 30_lag_AMOCann, 28_lag_amo3, 39_lag_ensoSSTjfm, 40_lag_shTSjfm, 25_lag_scpPSLjfm, 38_lag_samPSLann, 42_lag_mhfATL60, 29_lag_traWP_2496_23"
LinearRegression,29,30,traWP,picntrl,1095.5,2050.5,0.8,44,24,24,12.390145721410391,0.10987230522502074,2496,"['26_lag_atlSICjfm', '39_lag_scpPSLjfm', '33_lag_shSICsep', '37_lag_wnorPRjfm', '37_lag_nhSICsep', '41_lag_traFB', '32_lag_mhfATL45', '33_lag_stratZ50ndj04', '38_lag_traDP', '24_lag_27_median_traCA', '24_lag_27_median_amo3', '39_lag_ensoSSTjfm', '39_lag_traMC', '43_lag_neurTSjfm', '28_lag_amo3', '32_lag_ginwSSTjfm', '36_lag_satlSSTjfm', '35_lag_eapPSLjfm', '37_lag_shTSjfm', '43_lag_nppc2SSTjfm', '42_lag_stratZ50ndj03', '36_lag_ginwSSTjfm', '37_lag_traIFC', '39_lag_amoSSTmjjaso', '26_lag_mhfATL60', '35_lag_arcTSjfm', '38_lag_samPSLann', '37_lag_traDP', '29_lag_traWP', '30_lag_AMOCann']","[0.10308929036448582, 0.05093318096201377, 0.04245776244379602, 0.06588206626554527, 0.004132682679023205, 0.1052857598629765, 0.01385543798991795, 0.09071901599824822, 0.11520080912870603, 0.05434762566512574, 0.033800563104739535, 0.06934699336774196, 0.06210727688876585, 0.013387588015374242, 0.02413260436100644, 0.046729491121944695, 0.09196505103956654, 0.03801605360708331, 0.07875826686803973, 0.0722931585213362, 0.1194653307090591, 0.08848098088573488, 0.05321993739260924, 0.08305142045776427, 0.02074899887832497, 0.03534936396078339, 0.08627960424110448, 0.2928024897931444, 0.011446015324351364, 0.024896972704772934]","26_lag_atlSICjfm, 39_lag_scpPSLjfm, 33_lag_shSICsep, 37_lag_wnorPRjfm, 37_lag_nhSICsep, 41_lag_traFB, 32_lag_mhfATL45, 33_lag_stratZ50ndj04, 38_lag_traDP, 24_lag_27_median_traCA, 24_lag_27_median_amo3, 39_lag_ensoSSTjfm, 39_lag_traMC, 43_lag_neurTSjfm, 28_lag_amo3, 32_lag_ginwSSTjfm, 36_lag_satlSSTjfm, 35_lag_eapPSLjfm, 37_lag_shTSjfm, 43_lag_nppc2SSTjfm, 42_lag_stratZ50ndj03, 36_lag_ginwSSTjfm, 37_lag_traIFC, 39_lag_amoSSTmjjaso, 26_lag_mhfATL60, 35_lag_arcTSjfm, 38_lag_samPSLann, 37_lag_traDP, 29_lag_traWP, 30_lag_AMOCann_2496_24"
LinearRegression,30,30,traWP,picntrl,1096.5,2050.5,0.8,45,25,25,13.122089257032531,0.06681817562305949,2496,"['25_lag_atlSICsep', '36_lag_satlSSTjfm', '29_lag_mhfATL30', '42_lag_amo1', '31_lag_shSICsep', '37_lag_shTSjfm', '25_lag_30_median_mhfIP30', '39_lag_traMC', '30_lag_traDS', '33_lag_shSICsep', '36_lag_amo2', '32_lag_ginwSSTjfm', '37_lag_alpi', '38_lag_traDP', '36_lag_traTLS', '43_lag_nppc2SSTjfm', '31_lag_traEU', '35_lag_eapPSLjfm', '30_lag_traDP', '28_lag_amo3', '43_lag_mhfATL30', '37_lag_traDP', '25_lag_nchinaPRjja', '42_lag_mhfATL60', '38_lag_samPSLann', '29_lag_traWP', '40_lag_neurTSjfm', '36_lag_ginwSSTjfm', '30_lag_AMOCann', '25_lag_scpPSLjfm']","[0.07216400615330229, 0.10892108034512622, 0.14736261880258847, 0.039099433978458296, 0.1432736488562662, 0.16358962411335973, 0.12761890329868228, 0.08251210861596828, 0.06108942356643682, 0.0350895315593795, 0.0025144000472127454, 0.06840241446032995, 0.09499374338301671, 0.140942754550801, 0.06629234860358665, 0.0784959829087896, 0.0013970336216431647, 0.010670522404807176, 0.11914557268315823, 0.02808684130854201, 0.058395220777495815, 0.2595604196339465, 0.007295951976631596, 0.11972896478873943, 0.06679722173507985, 0.03575089527426726, 0.05566435611086552, 0.08828191319909398, 0.015383548655730678, 0.09228846787498765]","25_lag_atlSICsep, 36_lag_satlSSTjfm, 29_lag_mhfATL30, 42_lag_amo1, 31_lag_shSICsep, 37_lag_shTSjfm, 25_lag_30_median_mhfIP30, 39_lag_traMC, 30_lag_traDS, 33_lag_shSICsep, 36_lag_amo2, 32_lag_ginwSSTjfm, 37_lag_alpi, 38_lag_traDP, 36_lag_traTLS, 43_lag_nppc2SSTjfm, 31_lag_traEU, 35_lag_eapPSLjfm, 30_lag_traDP, 28_lag_amo3, 43_lag_mhfATL30, 37_lag_traDP, 25_lag_nchinaPRjja, 42_lag_mhfATL60, 38_lag_samPSLann, 29_lag_traWP, 40_lag_neurTSjfm, 36_lag_ginwSSTjfm, 30_lag_AMOCann, 25_lag_scpPSLjfm_2496_25"
LinearRegression,31,30,traWP,picntrl,1097.5,2050.5,0.8,46,26,26,12.216558308382417,0.05655901062063174,2496,"['31_lag_satlSSTjfm', '28_lag_amo3', '44_lag_nppc3SSTjfm', '35_lag_stratZ50ndj04', '31_lag_traEU', '41_lag_stratZ50ndj04', '29_lag_amoSSTmjjaso', '41_lag_atlSICsep', '40_lag_arcTSjfm', '42_lag_mhfATL60', '34_lag_amoSSTmjjaso', '29_lag_mhfATL30', '43_lag_nppc2SSTjfm', '35_lag_amo1', '38_lag_traWP', '41_lag_traFS', '44_lag_ismPRjja', '26_lag_scpPSLjfm', '36_lag_amo2', '45_lag_ormenSSTjfm', '45_lag_traEC', '41_lag_amoSSTmjjaso', '43_lag_tripol3', '26_lag_29_median_amoSSTmjjaso', '39_lag_scpPSLjfm', '29_lag_traWP', '36_lag_ginwSSTjfm', '30_lag_AMOCann', '31_lag_shSICsep', '38_lag_samPSLann']","[0.011311661060931389, 0.0020213758151433614, 0.047755089721208226, 0.03300726294554291, 0.028569036915248865, 0.07352487203939315, 0.04421877709068716, 0.04266732375669097, 0.027458489268327085, 0.1506646123283893, 0.012633740184947659, 0.13350039041246325, 0.05610406030953014, 0.0561229164814977, 0.015258353231817453, 0.03319079021327803, 0.07100790370029854, 0.09207342987689439, 0.016470990038779915, 0.009362242450076918, 0.02676092994277163, 0.008566398138196433, 0.015042959899591134, 0.017825951683424598, 0.04399585268678616, 0.037507802197263844, 0.10353575327569355, 0.006301965417447918, 0.013308546352472203, 0.08784501689897597]","31_lag_satlSSTjfm, 28_lag_amo3, 44_lag_nppc3SSTjfm, 35_lag_stratZ50ndj04, 31_lag_traEU, 41_lag_stratZ50ndj04, 29_lag_amoSSTmjjaso, 41_lag_atlSICsep, 40_lag_arcTSjfm, 42_lag_mhfATL60, 34_lag_amoSSTmjjaso, 29_lag_mhfATL30, 43_lag_nppc2SSTjfm, 35_lag_amo1, 38_lag_traWP, 41_lag_traFS, 44_lag_ismPRjja, 26_lag_scpPSLjfm, 36_lag_amo2, 45_lag_ormenSSTjfm, 45_lag_traEC, 41_lag_amoSSTmjjaso, 43_lag_tripol3, 26_lag_29_median_amoSSTmjjaso, 39_lag_scpPSLjfm, 29_lag_traWP, 36_lag_ginwSSTjfm, 30_lag_AMOCann, 31_lag_shSICsep, 38_lag_samPSLann_2496_26"
LinearRegression,32,30,traWP,picntrl,1098.5,2050.5,0.8,47,27,27,12.191239588345468,0.14561161609573814,2496,"['38_lag_traBS', '41_lag_traEU', '35_lag_samPSLann', '43_lag_mhfATL30', '27_lag_32_median_tripol3', '35_lag_stratZ50ndj04', '38_lag_samPSLann', '46_lag_traDP', '46_lag_amoSSTmjjaso', '46_lag_samPSLann', '43_lag_glomaSSTjfm', '44_lag_atlSICjfm', '27_lag_30_median_traIT', '41_lag_traFS', '43_lag_tripol3', '32_lag_nppc3SSTjfm', '29_lag_traWP', '27_lag_traIT', '42_lag_mhfATL60', '31_lag_traDP', '35_lag_traDP', '39_lag_amoSSTmjjaso', '41_lag_wnorPRjfm', '44_lag_ismPRjja', '45_lag_amo1', '30_lag_AMOCann', '43_lag_nppc2SSTjfm', '31_lag_shSICsep', '45_lag_traEC', '46_lag_traBS']","[0.033618430521590734, 1.664988606410022e-05, 0.05162555541028959, 0.02637231845878338, 0.12288560584932687, 0.05475017824183066, 0.07669841959013221, 0.09399549204072753, 0.06039346293720005, 0.0028184099129570242, 0.028338283283304778, 0.007224036760614051, 0.09796131869857565, 0.040108689161232405, 0.02241772336433302, 0.021954832181644065, 0.009509926717583864, 0.07688001351570843, 0.14171172735043566, 0.020394964405039535, 0.09882543019314516, 0.056650994656146404, 0.03676225545597637, 0.08703449023570689, 0.056404014648419085, 0.05269942817923532, 0.055414070119974373, 0.1261902204712547, 0.036027225730672525, 0.09387178640772395]","38_lag_traBS, 41_lag_traEU, 35_lag_samPSLann, 43_lag_mhfATL30, 27_lag_32_median_tripol3, 35_lag_stratZ50ndj04, 38_lag_samPSLann, 46_lag_traDP, 46_lag_amoSSTmjjaso, 46_lag_samPSLann, 43_lag_glomaSSTjfm, 44_lag_atlSICjfm, 27_lag_30_median_traIT, 41_lag_traFS, 43_lag_tripol3, 32_lag_nppc3SSTjfm, 29_lag_traWP, 27_lag_traIT, 42_lag_mhfATL60, 31_lag_traDP, 35_lag_traDP, 39_lag_amoSSTmjjaso, 41_lag_wnorPRjfm, 44_lag_ismPRjja, 45_lag_amo1, 30_lag_AMOCann, 43_lag_nppc2SSTjfm, 31_lag_shSICsep, 45_lag_traEC, 46_lag_traBS_2496_27"
LinearRegression,33,30,traWP,picntrl,1099.5,2050.5,0.8,48,28,28,12.240005405528922,0.10584938877060944,2496,"['43_lag_mhfATL30', '33_lag_mhfATL60', '41_lag_stratZ50ndj04', '40_lag_traMC', '28_lag_31_median_traIT', '36_lag_ginwSSTjfm', '36_lag_traTLS', '44_lag_nppc3SSTjfm', '40_lag_traDP', '30_lag_labSSTjfm', '28_lag_ismPRjja', '41_lag_traEU', '46_lag_traDP', '41_lag_pdoSSTjfm', '47_lag_stratZ50ndj03', '37_lag_nhSICsep', '32_lag_stratZ50ndj04', '35_lag_traDP', '40_lag_amo1', '47_lag_mhfATL45', '28_lag_31_median_wnorPRjfm', '45_lag_traEC', '31_lag_shSICsep', '28_lag_traIT', '46_lag_traBS', '41_lag_wnorPRjfm', '47_lag_samPSLann', '35_lag_samPSLann', '43_lag_nppc2SSTjfm', '30_lag_AMOCann']","[0.02803254158726333, 0.06094508651532885, 0.09637857521495483, 0.11051044879719006, 0.04511753216156766, 0.08509124859596244, 0.08419360006949306, 0.03526239544812262, 0.18149954809236024, 0.03981240235145309, 0.097161537892766, 0.007286940516686546, 0.010862770597544848, 0.08084693498512026, 0.04721922817181009, 0.0066610468169882205, 0.04732302778282311, 0.033740135929141934, 0.10486687778464775, 0.15611502390440754, 0.005513881438817746, 0.033593640324647255, 0.10136809232148433, 0.06992018389606956, 0.08089187080488508, 0.0436895174753208, 0.027717333379035206, 0.04589977788481384, 0.049294017683062456, 0.05921123170371565]","43_lag_mhfATL30, 33_lag_mhfATL60, 41_lag_stratZ50ndj04, 40_lag_traMC, 28_lag_31_median_traIT, 36_lag_ginwSSTjfm, 36_lag_traTLS, 44_lag_nppc3SSTjfm, 40_lag_traDP, 30_lag_labSSTjfm, 28_lag_ismPRjja, 41_lag_traEU, 46_lag_traDP, 41_lag_pdoSSTjfm, 47_lag_stratZ50ndj03, 37_lag_nhSICsep, 32_lag_stratZ50ndj04, 35_lag_traDP, 40_lag_amo1, 47_lag_mhfATL45, 28_lag_31_median_wnorPRjfm, 45_lag_traEC, 31_lag_shSICsep, 28_lag_traIT, 46_lag_traBS, 41_lag_wnorPRjfm, 47_lag_samPSLann, 35_lag_samPSLann, 43_lag_nppc2SSTjfm, 30_lag_AMOCann_2496_28"
LinearRegression,34,30,traWP,picntrl,1100.5,2050.5,0.8,49,29,29,12.440781039043324,0.10593158827082325,2496,"['42_lag_traBS', '46_lag_nppc3SSTjfm', '43_lag_eurPSLjfm', '36_lag_alpi', '48_lag_AMOCann', '32_lag_traTLS', '48_lag_traDP', '32_lag_stratZ50ndj04', '36_lag_ginwSSTjfm', '34_lag_mhfATL45', '38_lag_traDP', '29_lag_naoPSLjfm', '40_lag_traMC', '35_lag_tripol1', '47_lag_mhfATL45', '37_lag_wnorPRjfm', '32_lag_tripol3', '47_lag_pdoSSTjfm', '40_lag_amo1', '42_lag_naoPSLjfm', '29_lag_36_median_gyreSSTjfm', '36_lag_traTLS', '44_lag_ismPRjja', '47_lag_atlSICsep', '47_lag_samPSLann', '48_lag_tripol1', '35_lag_samPSLann', '46_lag_atlSICsep', '43_lag_nppc2SSTjfm', '48_lag_mhfIP30']","[0.1014906699112131, 0.06807353498184665, 0.08860135095921956, 0.0588606899531334, 0.05535724144405808, 0.048341271021814756, 0.1204058536302165, 0.04677366983446969, 0.05718241667518032, 0.05081066914661142, 0.05156047961850364, 0.04051301516523488, 0.06589413447185345, 0.010576340710395081, 0.10219198134715468, 0.04423028675367948, 0.006034721881005861, 0.037347541106621994, 0.06904908071805697, 0.056204839484884056, 0.10062083191020638, 0.06497037879679096, 0.06480288143852062, 0.09431585579158724, 0.028445474052942947, 0.10020578515741019, 0.04750696138080801, 0.07392697438412352, 0.037346226588842985, 0.060032616756837534]","42_lag_traBS, 46_lag_nppc3SSTjfm, 43_lag_eurPSLjfm, 36_lag_alpi, 48_lag_AMOCann, 32_lag_traTLS, 48_lag_traDP, 32_lag_stratZ50ndj04, 36_lag_ginwSSTjfm, 34_lag_mhfATL45, 38_lag_traDP, 29_lag_naoPSLjfm, 40_lag_traMC, 35_lag_tripol1, 47_lag_mhfATL45, 37_lag_wnorPRjfm, 32_lag_tripol3, 47_lag_pdoSSTjfm, 40_lag_amo1, 42_lag_naoPSLjfm, 29_lag_36_median_gyreSSTjfm, 36_lag_traTLS, 44_lag_ismPRjja, 47_lag_atlSICsep, 47_lag_samPSLann, 48_lag_tripol1, 35_lag_samPSLann, 46_lag_atlSICsep, 43_lag_nppc2SSTjfm, 48_lag_mhfIP30_2496_29"
LinearRegression,35,30,traWP,picntrl,1101.5,2050.5,0.8,50,30,30,13.749485827443179,-0.048557284718810496,2496,"['41_lag_scpPSLjfm', '30_lag_traDP', '33_lag_tripol3', '38_lag_ormenSSTjfm', '45_lag_traEC', '49_lag_mhfIP30', '46_lag_ismPRjja', '32_lag_tripol3', '43_lag_stratZ50ndj02', '47_lag_traMC', '42_lag_stratZ50ndj03', '30_lag_atlSICjfm', '47_lag_pdoSSTjfm', '41_lag_amoSSTmjjaso', '39_lag_ensoSSTjfm', '47_lag_atlSICsep', '49_lag_amo3', '36_lag_ginwSSTjfm', '42_lag_naoPSLjfm', '41_lag_pdoSSTjfm', '38_lag_traDP', '30_lag_AMOCann', '36_lag_glomaSSTjfm', '48_lag_tripol1', '47_lag_mhfATL45', '43_lag_nppc2SSTjfm', '35_lag_samPSLann', '46_lag_traBS', '48_lag_mhfIP30', '46_lag_atlSICsep']","[0.015303982300849433, 0.11748626464774639, 0.027028381731665083, 0.008226308484122155, 0.03186351217525897, 0.06296805949752934, 0.03310678850647659, 0.02196985912476772, 0.09221860905862778, 0.052427579164789385, 0.12594995564636233, 0.03090839936009573, 0.051261571009244104, 0.00322175785933091, 0.03362580711810455, 0.08766541159095124, 0.10125676612195035, 0.09726564528250153, 0.03227606307622675, 0.09710067035922872, 0.05478047147682313, 0.048609818203620765, 0.016043289233520986, 0.13388689405265006, 0.06818478885395174, 0.00442110471272868, 0.03813166954658608, 0.06149471804151019, 0.044331106012718634, 0.12806029166440658]","41_lag_scpPSLjfm, 30_lag_traDP, 33_lag_tripol3, 38_lag_ormenSSTjfm, 45_lag_traEC, 49_lag_mhfIP30, 46_lag_ismPRjja, 32_lag_tripol3, 43_lag_stratZ50ndj02, 47_lag_traMC, 42_lag_stratZ50ndj03, 30_lag_atlSICjfm, 47_lag_pdoSSTjfm, 41_lag_amoSSTmjjaso, 39_lag_ensoSSTjfm, 47_lag_atlSICsep, 49_lag_amo3, 36_lag_ginwSSTjfm, 42_lag_naoPSLjfm, 41_lag_pdoSSTjfm, 38_lag_traDP, 30_lag_AMOCann, 36_lag_glomaSSTjfm, 48_lag_tripol1, 47_lag_mhfATL45, 43_lag_nppc2SSTjfm, 35_lag_samPSLann, 46_lag_traBS, 48_lag_mhfIP30, 46_lag_atlSICsep_2496_30"
LinearRegression,36,30,traWP,picntrl,1102.5,2050.5,0.8,51,31,31,13.989725039498856,-0.022086206694919206,2496,"['35_lag_stratZ50ndj04', '35_lag_shSICmar', '31_lag_34_median_samPSLann', '50_lag_atlSICjfm', '44_lag_ismPRjja', '40_lag_amoSSTmjjaso', '31_lag_shSICsep', '47_lag_scpPSLjfm', '38_lag_traWP', '37_lag_ormenSSTjfm', '36_lag_nppc3SSTjfm', '36_lag_alpi', '47_lag_mhfATL45', '46_lag_nppc3SSTjfm', '48_lag_traDP', '41_lag_pdoSSTjfm', '47_lag_satlSSTjfm', '42_lag_naoPSLjfm', '36_lag_ginwSSTjfm', '47_lag_atlSICsep', '41_lag_amoSSTmjjaso', '35_lag_samPSLann', '39_lag_ensoSSTjfm', '48_lag_tripol1', '46_lag_traBS', '49_lag_amo2', '43_lag_nppc2SSTjfm', '50_lag_amoSSTmjjaso', '48_lag_mhfIP30', '46_lag_atlSICsep']","[0.0648182049629507, 0.027443181770517827, 0.02296190772731173, 0.011591287261833406, 0.09391913324972559, 0.039163111280473874, 0.08474850718207683, 0.1275260619346949, 0.08197793916520002, 0.10336923832426524, 0.12617676362613636, 0.04546289223175304, 0.15978564418086535, 0.06806918968668095, 0.22945411296475712, 0.12340524364817815, 0.12592603573332883, 0.03491248947980161, 0.07278040680445952, 0.09511399226672396, 0.01622328108141756, 0.0444035263401238, 0.05083793061318759, 0.1129886259395321, 0.07856928216264705, 0.05321686575619526, 0.0060528558198904014, 0.04983628209547422, 0.0272289887094782, 0.1310689612928738]","35_lag_stratZ50ndj04, 35_lag_shSICmar, 31_lag_34_median_samPSLann, 50_lag_atlSICjfm, 44_lag_ismPRjja, 40_lag_amoSSTmjjaso, 31_lag_shSICsep, 47_lag_scpPSLjfm, 38_lag_traWP, 37_lag_ormenSSTjfm, 36_lag_nppc3SSTjfm, 36_lag_alpi, 47_lag_mhfATL45, 46_lag_nppc3SSTjfm, 48_lag_traDP, 41_lag_pdoSSTjfm, 47_lag_satlSSTjfm, 42_lag_naoPSLjfm, 36_lag_ginwSSTjfm, 47_lag_atlSICsep, 41_lag_amoSSTmjjaso, 35_lag_samPSLann, 39_lag_ensoSSTjfm, 48_lag_tripol1, 46_lag_traBS, 49_lag_amo2, 43_lag_nppc2SSTjfm, 50_lag_amoSSTmjjaso, 48_lag_mhfIP30, 46_lag_atlSICsep_2496_31"
LinearRegression,37,30,traWP,picntrl,1103.5,2050.5,0.8,52,32,32,12.94265914836082,0.04265502832720976,2496,"['46_lag_ismPRjja', '32_lag_ginwSSTjfm', '46_lag_nppc3SSTjfm', '47_lag_mhfATL45', '42_lag_stratZ50ndj03', '44_lag_ismPRjja', '51_lag_atlSICjfm', '37_lag_traBS', '35_lag_samPSLann', '47_lag_atlSICsep', '48_lag_AMOCann', '41_lag_amoSSTmjjaso', '40_lag_amoSSTmjjaso', '45_lag_ormenSSTjfm', '50_lag_mhfATL30', '43_lag_nppc2SSTjfm', '48_lag_mhfIP30', '35_lag_glomaSSTjfm', '40_lag_traFS', '43_lag_AMOCann', '36_lag_ginwSSTjfm', '51_lag_stratZ50ndj01', '46_lag_traBS', '47_lag_scpPSLjfm', '50_lag_amoSSTmjjaso', '36_lag_alpi', '48_lag_tripol1', '49_lag_amo2', '42_lag_naoPSLjfm', '46_lag_atlSICsep']","[0.04918932492056869, 0.044343401179411594, 0.04953761313450732, 0.11594518780397971, 0.1295374268954909, 0.09136548933943615, 0.05201891438845282, 0.050769530496064114, 0.03454141168184462, 0.08623818438646844, 0.060702061145310356, 0.06415594943773288, 0.010535957024988706, 0.025326012730049564, 0.08374343441798895, 0.07192180479860405, 0.02918512567674668, 0.15569117464131774, 0.0624629676104937, 0.02979069804792531, 0.09092020360076039, 0.03772649352930943, 0.07162693876485973, 0.12433083722805867, 0.02581212332020444, 0.05616467811167633, 0.0900215584189604, 0.090211202202786, 0.03370499467411163, 0.11191504586303441]","46_lag_ismPRjja, 32_lag_ginwSSTjfm, 46_lag_nppc3SSTjfm, 47_lag_mhfATL45, 42_lag_stratZ50ndj03, 44_lag_ismPRjja, 51_lag_atlSICjfm, 37_lag_traBS, 35_lag_samPSLann, 47_lag_atlSICsep, 48_lag_AMOCann, 41_lag_amoSSTmjjaso, 40_lag_amoSSTmjjaso, 45_lag_ormenSSTjfm, 50_lag_mhfATL30, 43_lag_nppc2SSTjfm, 48_lag_mhfIP30, 35_lag_glomaSSTjfm, 40_lag_traFS, 43_lag_AMOCann, 36_lag_ginwSSTjfm, 51_lag_stratZ50ndj01, 46_lag_traBS, 47_lag_scpPSLjfm, 50_lag_amoSSTmjjaso, 36_lag_alpi, 48_lag_tripol1, 49_lag_amo2, 42_lag_naoPSLjfm, 46_lag_atlSICsep_2496_32"
LinearRegression,38,30,traWP,picntrl,1104.5,2050.5,0.8,53,33,33,12.72308378866611,0.04942702461547355,2496,"['39_lag_scpPSLjfm', '48_lag_mhfIP30', '49_lag_amo2', '42_lag_eurPSLjfm', '45_lag_ormenSSTjfm', '44_lag_mhfATL45', '33_lag_nppc3SSTjfm', '35_lag_amo2', '38_lag_traDP', '40_lag_amoSSTmjjaso', '48_lag_wnorPRjfm', '36_lag_amo2', '41_lag_amoSSTmjjaso', '48_lag_scpPSLjfm', '46_lag_nppc3SSTjfm', '50_lag_mhfATL30', '38_lag_traWP', '33_lag_atlSICjfm', '51_lag_AMOCann', '47_lag_scpPSLjfm', '50_lag_amoSSTmjjaso', '52_lag_amo2', '36_lag_ginwSSTjfm', '47_lag_atlSICsep', '48_lag_tripol1', '46_lag_traBS', '35_lag_samPSLann', '46_lag_ismPRjja', '42_lag_naoPSLjfm', '46_lag_atlSICsep']","[0.05434635830719712, 0.0003048706529344622, 0.08599327367396328, 0.07797002887655198, 0.03529035740446843, 0.06148552118841704, 0.10186939013448951, 0.08072933771567035, 0.13617782887985702, 0.02300222811005183, 0.029908831807629755, 0.03274701805168861, 0.041328793101880736, 0.03370781079389661, 0.06986409426961425, 0.08200198057134599, 0.07001189267997397, 0.03515499033710249, 0.12635246062626956, 0.08609701240293617, 0.057189889693913865, 0.0036941903393206627, 0.08357920352524607, 0.09221901010603162, 0.12602507923397585, 0.08019804417671651, 0.03902844731005888, 0.021713523961068876, 0.035411144026222065, 0.1267170427084755]","39_lag_scpPSLjfm, 48_lag_mhfIP30, 49_lag_amo2, 42_lag_eurPSLjfm, 45_lag_ormenSSTjfm, 44_lag_mhfATL45, 33_lag_nppc3SSTjfm, 35_lag_amo2, 38_lag_traDP, 40_lag_amoSSTmjjaso, 48_lag_wnorPRjfm, 36_lag_amo2, 41_lag_amoSSTmjjaso, 48_lag_scpPSLjfm, 46_lag_nppc3SSTjfm, 50_lag_mhfATL30, 38_lag_traWP, 33_lag_atlSICjfm, 51_lag_AMOCann, 47_lag_scpPSLjfm, 50_lag_amoSSTmjjaso, 52_lag_amo2, 36_lag_ginwSSTjfm, 47_lag_atlSICsep, 48_lag_tripol1, 46_lag_traBS, 35_lag_samPSLann, 46_lag_ismPRjja, 42_lag_naoPSLjfm, 46_lag_atlSICsep_2496_33"
LinearRegression,39,30,traWP,picntrl,1105.5,2050.5,0.8,54,34,34,12.705282639853467,-0.005422101364125676,2496,"['48_lag_scpPSLjfm', '43_lag_nppc2SSTjfm', '40_lag_amoSSTmjjaso', '47_lag_traFSC', '53_lag_labSSTjfm', '34_lag_traEU', '49_lag_mhfIP30', '48_lag_mhfIP30', '47_lag_atlSICsep', '38_lag_nppc2SSTjfm', '40_lag_traFS', '47_lag_shSICmar', '48_lag_wnorPRjfm', '36_lag_alpi', '47_lag_scpPSLjfm', '36_lag_amo2', '47_lag_satlSSTjfm', '34_lag_37_median_stratZ50ndj04', '38_lag_traWP', '46_lag_nppc3SSTjfm', '50_lag_mhfATL30', '48_lag_tripol1', '34_lag_mhfATL45', '46_lag_atlSICsep', '42_lag_eurPSLjfm', '46_lag_ismPRjja', '51_lag_AMOCann', '52_lag_amo2', '46_lag_traBS', '42_lag_naoPSLjfm']","[0.03344268103799873, 0.0833830601606746, 0.01555558666990978, 0.035075878524434875, 0.006677647640964475, 0.03632255385624601, 0.04379496431429228, 0.004802760676191029, 0.08209394154938211, 0.04060480480779632, 0.04607403851076762, 0.01572274146590955, 0.003293905608381246, 0.04951722561055018, 0.09245498124034285, 0.014020172946490371, 0.07257294993749305, 0.05602028383442132, 0.03140341054222491, 0.057635067106601455, 0.06447164897547525, 0.12757045759866842, 0.06723040432069421, 0.12030121481044906, 0.10239388249168313, 0.0182463519486663, 0.13289868871891683, 0.03195329344109884, 0.08102312684854802, 0.03689881462745107]","48_lag_scpPSLjfm, 43_lag_nppc2SSTjfm, 40_lag_amoSSTmjjaso, 47_lag_traFSC, 53_lag_labSSTjfm, 34_lag_traEU, 49_lag_mhfIP30, 48_lag_mhfIP30, 47_lag_atlSICsep, 38_lag_nppc2SSTjfm, 40_lag_traFS, 47_lag_shSICmar, 48_lag_wnorPRjfm, 36_lag_alpi, 47_lag_scpPSLjfm, 36_lag_amo2, 47_lag_satlSSTjfm, 34_lag_37_median_stratZ50ndj04, 38_lag_traWP, 46_lag_nppc3SSTjfm, 50_lag_mhfATL30, 48_lag_tripol1, 34_lag_mhfATL45, 46_lag_atlSICsep, 42_lag_eurPSLjfm, 46_lag_ismPRjja, 51_lag_AMOCann, 52_lag_amo2, 46_lag_traBS, 42_lag_naoPSLjfm_2496_34"
LinearRegression,40,30,traWP,picntrl,1106.5,2050.5,0.8,55,35,35,12.983080928612818,-0.0035437611524940654,2496,"['53_lag_shTSjfm', '45_lag_ormenSSTjfm', '48_lag_mhfIP30', '35_lag_ismPRjja', '37_lag_traDP', '47_lag_traFSC', '48_lag_scpPSLjfm', '51_lag_stratZ50ndj01', '47_lag_scpPSLjfm', '45_lag_shTSjfm', '35_lag_glomaSSTjfm', '35_lag_38_median_nhSICsep', '50_lag_mhfATL30', '42_lag_traBS', '47_lag_satlSSTjfm', '54_lag_mhfATL60', '48_lag_stratZ50ndj01', '49_lag_traBS', '41_lag_amoSSTmjjaso', '52_lag_amo2', '38_lag_cetTSjfm', '51_lag_AMOCann', '40_lag_traFS', '54_lag_wnorPRjfm', '48_lag_tripol1', '46_lag_traBS', '46_lag_nppc3SSTjfm', '42_lag_eurPSLjfm', '42_lag_naoPSLjfm', '35_lag_samPSLann']","[0.006810180259560772, 0.038595090936666215, 0.016588741602006678, 0.0011377338735461362, 0.19717927111226108, 0.02536258253470905, 0.019102210006098193, 0.04517033318375201, 0.09587811967895044, 0.025248767851300813, 0.04113070214748234, 0.006392287131889781, 0.08681178128992913, 0.07921036899006602, 0.059540566006623434, 0.07979587283243236, 0.04688467291982912, 0.04564662084715586, 0.031246501857513834, 0.0068135052848296565, 0.023803019262115855, 0.1413710681149722, 0.06339791167157237, 0.10225598746606154, 0.09252694577932874, 0.057738143356908425, 0.08370179477274765, 0.08789075515091495, 0.04315884507606063, 0.018703116140930766]","53_lag_shTSjfm, 45_lag_ormenSSTjfm, 48_lag_mhfIP30, 35_lag_ismPRjja, 37_lag_traDP, 47_lag_traFSC, 48_lag_scpPSLjfm, 51_lag_stratZ50ndj01, 47_lag_scpPSLjfm, 45_lag_shTSjfm, 35_lag_glomaSSTjfm, 35_lag_38_median_nhSICsep, 50_lag_mhfATL30, 42_lag_traBS, 47_lag_satlSSTjfm, 54_lag_mhfATL60, 48_lag_stratZ50ndj01, 49_lag_traBS, 41_lag_amoSSTmjjaso, 52_lag_amo2, 38_lag_cetTSjfm, 51_lag_AMOCann, 40_lag_traFS, 54_lag_wnorPRjfm, 48_lag_tripol1, 46_lag_traBS, 46_lag_nppc3SSTjfm, 42_lag_eurPSLjfm, 42_lag_naoPSLjfm, 35_lag_samPSLann_2496_35"
LinearRegression,41,30,traWP,picntrl,1107.5,2050.5,0.8,56,36,36,12.069238861706035,0.13189238449112406,2496,"['46_lag_samPSLann', '53_lag_shTSjfm', '46_lag_amoSSTmjjaso', '43_lag_yrvPRjja', '48_lag_tripol1', '55_lag_ormenSSTjfm', '38_lag_traEC', '52_lag_AMOCann', '45_lag_amo1', '51_lag_ormenSSTjfm', '40_lag_traFS', '49_lag_amo2', '39_lag_cetTSjfm', '39_lag_traBS', '55_lag_shSICsep', '47_lag_atlSICsep', '36_lag_samPSLann', '52_lag_amo2', '48_lag_stratZ50ndj02', '41_lag_amoSSTmjjaso', '42_lag_eurPSLjfm', '45_lag_shTSjfm', '54_lag_wnorPRjfm', '54_lag_mhfATL60', '51_lag_AMOCann', '50_lag_mhfATL30', '40_lag_mhfATL30', '42_lag_naoPSLjfm', '51_lag_stratZ50ndj01', '46_lag_traBS']","[0.010071156865507712, 0.026827181664148856, 0.04420898520657471, 0.05772201957584147, 0.09747271909747186, 0.12343000006564135, 0.0005936725498530621, 0.09105381494687619, 0.061316476172713984, 0.052195119295026876, 0.06543296561635185, 0.08805662571012607, 0.11943650956174356, 0.05942687795832825, 0.048236275845019605, 0.06594267880672718, 0.05660496543022341, 0.03915862246778051, 0.10675549165474967, 0.014845869821196546, 0.09677645031996093, 0.07801920160266834, 0.08358033032312309, 0.07035376148131556, 0.06079030192976546, 0.05601903260296044, 0.039991501001387514, 0.04319463546612786, 0.05043504616611881, 0.09149161002844765]","46_lag_samPSLann, 53_lag_shTSjfm, 46_lag_amoSSTmjjaso, 43_lag_yrvPRjja, 48_lag_tripol1, 55_lag_ormenSSTjfm, 38_lag_traEC, 52_lag_AMOCann, 45_lag_amo1, 51_lag_ormenSSTjfm, 40_lag_traFS, 49_lag_amo2, 39_lag_cetTSjfm, 39_lag_traBS, 55_lag_shSICsep, 47_lag_atlSICsep, 36_lag_samPSLann, 52_lag_amo2, 48_lag_stratZ50ndj02, 41_lag_amoSSTmjjaso, 42_lag_eurPSLjfm, 45_lag_shTSjfm, 54_lag_wnorPRjfm, 54_lag_mhfATL60, 51_lag_AMOCann, 50_lag_mhfATL30, 40_lag_mhfATL30, 42_lag_naoPSLjfm, 51_lag_stratZ50ndj01, 46_lag_traBS_2496_36"
LinearRegression,42,30,traWP,picntrl,1108.5,2050.5,0.8,57,37,37,12.554194904682191,0.041722594939396666,2496,"['54_lag_wnorPRjfm', '56_lag_labSSTjfm', '39_lag_cetTSjfm', '51_lag_AMOCann', '40_lag_neurTSjfm', '37_lag_42_median_mhfIP30', '46_lag_atlSICsep', '45_lag_tripol3', '41_lag_nppc2SSTjfm', '37_lag_glomaSSTjfm', '40_lag_traFS', '40_lag_ginwSSTjfm', '45_lag_shTSjfm', '53_lag_shTSjfm', '45_lag_amo1', '46_lag_stratZ50ndj02', '50_lag_mhfATL30', '49_lag_traDP', '48_lag_nppc3SSTjfm', '54_lag_mhfATL60', '50_lag_amoSSTmjjaso', '37_lag_ismPRjja', '55_lag_shSICsep', '48_lag_stratZ50ndj02', '52_lag_amo2', '53_lag_traMC', '40_lag_mhfATL30', '42_lag_eurPSLjfm', '46_lag_traBS', '51_lag_stratZ50ndj01']","[0.0959380389139891, 0.08185536375541108, 0.12878280098316103, 0.07619854619750115, 0.016218678708254695, 0.2069817113036896, 0.07803156656214068, 0.07087050475217824, 0.02138951734782338, 0.034930911786428494, 0.05828001404106753, 0.0231093613527466, 0.02799749373312832, 0.01845153418371593, 0.08708681990077292, 0.09825104118474551, 0.05576897911532503, 0.13206858864966356, 0.021240056509675607, 0.08437461553238808, 0.015276294691600838, 0.08736533694351876, 0.0164400035389246, 0.078587861297134, 0.004535594670918939, 0.013433380718573789, 0.03454109241640096, 0.10037034993439184, 0.11458194014217361, 0.03764982417999589]","54_lag_wnorPRjfm, 56_lag_labSSTjfm, 39_lag_cetTSjfm, 51_lag_AMOCann, 40_lag_neurTSjfm, 37_lag_42_median_mhfIP30, 46_lag_atlSICsep, 45_lag_tripol3, 41_lag_nppc2SSTjfm, 37_lag_glomaSSTjfm, 40_lag_traFS, 40_lag_ginwSSTjfm, 45_lag_shTSjfm, 53_lag_shTSjfm, 45_lag_amo1, 46_lag_stratZ50ndj02, 50_lag_mhfATL30, 49_lag_traDP, 48_lag_nppc3SSTjfm, 54_lag_mhfATL60, 50_lag_amoSSTmjjaso, 37_lag_ismPRjja, 55_lag_shSICsep, 48_lag_stratZ50ndj02, 52_lag_amo2, 53_lag_traMC, 40_lag_mhfATL30, 42_lag_eurPSLjfm, 46_lag_traBS, 51_lag_stratZ50ndj01_2496_37"
LinearRegression,43,30,traWP,picntrl,1109.5,2050.5,0.8,58,38,38,12.714225581223658,0.04904275876697652,2496,"['51_lag_amoSSTmjjaso', '52_lag_traTLS', '46_lag_atlSICsep', '38_lag_nchinaPRjja', '43_lag_traBS', '48_lag_traIT', '48_lag_stratZ50ndj01', '46_lag_stratZ50ndj02', '47_lag_naoPSLjfm', '47_lag_atlSICsep', '42_lag_naoPSLjfm', '57_lag_traFB', '48_lag_traDP', '45_lag_amo1', '45_lag_shTSjfm', '38_lag_samPSLann', '52_lag_amo2', '46_lag_traIT', '55_lag_traDP', '49_lag_traDP', '38_lag_cetTSjfm', '53_lag_traMC', '51_lag_stratZ50ndj01', '48_lag_stratZ50ndj02', '38_lag_traWP', '50_lag_amoSSTmjjaso', '53_lag_shTSjfm', '54_lag_wnorPRjfm', '42_lag_eurPSLjfm', '46_lag_traBS']","[0.07480298695869027, 0.010990677572463808, 0.1096510420843991, 0.06592456070092581, 0.03051233525072826, 0.009473135767690108, 0.058348378275604684, 0.08948668331693098, 0.018779368213733945, 0.05438361368654258, 0.038418272625973665, 0.06766725014960523, 0.15263487832025288, 0.08656242035617197, 0.0005312951610991811, 0.08956306768435075, 0.02227768504355112, 0.05189856403314288, 0.14185464494341174, 0.048498186182859275, 0.021374490833606357, 0.01639550630073452, 0.04520108789597464, 0.05803089470728914, 0.05492837692933372, 0.0323560409980155, 0.028423945748797513, 0.11258390309250395, 0.09412035257224598, 0.10894662043976491]","51_lag_amoSSTmjjaso, 52_lag_traTLS, 46_lag_atlSICsep, 38_lag_nchinaPRjja, 43_lag_traBS, 48_lag_traIT, 48_lag_stratZ50ndj01, 46_lag_stratZ50ndj02, 47_lag_naoPSLjfm, 47_lag_atlSICsep, 42_lag_naoPSLjfm, 57_lag_traFB, 48_lag_traDP, 45_lag_amo1, 45_lag_shTSjfm, 38_lag_samPSLann, 52_lag_amo2, 46_lag_traIT, 55_lag_traDP, 49_lag_traDP, 38_lag_cetTSjfm, 53_lag_traMC, 51_lag_stratZ50ndj01, 48_lag_stratZ50ndj02, 38_lag_traWP, 50_lag_amoSSTmjjaso, 53_lag_shTSjfm, 54_lag_wnorPRjfm, 42_lag_eurPSLjfm, 46_lag_traBS_2496_38"
LinearRegression,44,30,traWP,picntrl,1110.5,2050.5,0.8,59,39,39,12.666894797714448,0.004214113750389619,2496,"['47_lag_atlSICsep', '46_lag_atlSICsep', '54_lag_mhfATL60', '46_lag_stratZ50ndj02', '55_lag_eurPSLjfm', '44_lag_traFB', '47_lag_samPSLann', '48_lag_stratZ50ndj02', '53_lag_shTSjfm', '43_lag_traBS', '45_lag_ormenSSTjfm', '42_lag_traEU', '55_lag_stratZ50ndj02', '53_lag_gyreSSTjfm', '45_lag_stratZ50ndj02', '46_lag_samPSLann', '41_lag_amoSSTmjjaso', '52_lag_amo2', '45_lag_shTSjfm', '45_lag_amo1', '46_lag_amoSSTmjjaso', '48_lag_traDP', '49_lag_traDP', '50_lag_amoSSTmjjaso', '48_lag_stratZ50ndj01', '58_lag_atlSICjfm', '42_lag_naoPSLjfm', '42_lag_eurPSLjfm', '39_lag_cetTSjfm', '46_lag_traBS']","[0.08354271912752971, 0.09937087826419949, 0.10504778141538755, 0.09424794805052807, 0.0510545036694292, 0.08876055350112899, 0.03007803817520187, 0.0644299669649203, 0.00929992322071697, 0.02651456367874843, 0.035674339669017924, 0.04139881852073716, 0.07704750814727201, 0.07207952282087675, 0.026072152143224798, 0.032992307205199425, 0.006043513893178855, 0.0024489470494029296, 0.0019246008191842884, 0.05857860898770152, 0.07792517414920813, 0.20456432161346197, 0.015883950652792092, 0.026827005665325688, 0.06860453894042036, 0.042313665869764414, 0.03194936525947848, 0.10747063066933574, 0.11869944480660406, 0.12432910618759324]","47_lag_atlSICsep, 46_lag_atlSICsep, 54_lag_mhfATL60, 46_lag_stratZ50ndj02, 55_lag_eurPSLjfm, 44_lag_traFB, 47_lag_samPSLann, 48_lag_stratZ50ndj02, 53_lag_shTSjfm, 43_lag_traBS, 45_lag_ormenSSTjfm, 42_lag_traEU, 55_lag_stratZ50ndj02, 53_lag_gyreSSTjfm, 45_lag_stratZ50ndj02, 46_lag_samPSLann, 41_lag_amoSSTmjjaso, 52_lag_amo2, 45_lag_shTSjfm, 45_lag_amo1, 46_lag_amoSSTmjjaso, 48_lag_traDP, 49_lag_traDP, 50_lag_amoSSTmjjaso, 48_lag_stratZ50ndj01, 58_lag_atlSICjfm, 42_lag_naoPSLjfm, 42_lag_eurPSLjfm, 39_lag_cetTSjfm, 46_lag_traBS_2496_39"
LinearRegression,45,30,traWP,picntrl,1111.5,2050.5,0.8,60,40,40,12.946420142815189,0.019420288256604936,2496,"['48_lag_traDP', '44_lag_tripol1', '47_lag_satlSSTjfm', '40_lag_43_median_atlSICsep', '40_lag_43_median_naoPSLjfm', '51_lag_traEU', '58_lag_traIFC', '46_lag_samPSLann', '55_lag_traDP', '42_lag_naoPSLjfm', '46_lag_nppc3SSTjfm', '46_lag_traEU', '58_lag_amoSSTmjjaso', '49_lag_traDS', '48_lag_stratZ50ndj02', '46_lag_atlSICsep', '52_lag_amo2', '40_lag_mhfATL30', '40_lag_amo1', '58_lag_atlSICjfm', '49_lag_traDP', '51_lag_amoSSTmjjaso', '40_lag_ginwSSTjfm', '55_lag_shSICsep', '45_lag_shTSjfm', '44_lag_traFB', '45_lag_stratZ50ndj02', '58_lag_nppc3SSTjfm', '52_lag_traTLS', '46_lag_traBS']","[0.19185517468910193, 0.05287799157106875, 0.0968199769227548, 0.07987748134045305, 0.03442992062395653, 0.08648356027353835, 0.03320488718661907, 0.008027159511726119, 0.1309803792260119, 0.020271624482305295, 0.04451737507054342, 0.0010629823805815663, 0.01809651289806631, 0.029058777723429373, 0.05097566093895954, 0.15236948129810263, 0.0010216213666372727, 0.06661096222653821, 0.05721326002696868, 0.04816805883250317, 0.06050924709255456, 0.049518615483489146, 0.04221678904957608, 0.05013048644524955, 0.03850807644035828, 0.07716737203842826, 0.06531381670519834, 0.08281088259472805, 0.04735891928859741, 0.1076427080928736]","48_lag_traDP, 44_lag_tripol1, 47_lag_satlSSTjfm, 40_lag_43_median_atlSICsep, 40_lag_43_median_naoPSLjfm, 51_lag_traEU, 58_lag_traIFC, 46_lag_samPSLann, 55_lag_traDP, 42_lag_naoPSLjfm, 46_lag_nppc3SSTjfm, 46_lag_traEU, 58_lag_amoSSTmjjaso, 49_lag_traDS, 48_lag_stratZ50ndj02, 46_lag_atlSICsep, 52_lag_amo2, 40_lag_mhfATL30, 40_lag_amo1, 58_lag_atlSICjfm, 49_lag_traDP, 51_lag_amoSSTmjjaso, 40_lag_ginwSSTjfm, 55_lag_shSICsep, 45_lag_shTSjfm, 44_lag_traFB, 45_lag_stratZ50ndj02, 58_lag_nppc3SSTjfm, 52_lag_traTLS, 46_lag_traBS_2496_40"
LinearRegression,46,30,traWP,picntrl,1112.5,2050.5,0.8,61,41,41,13.483911745305598,-0.09775847863409669,2496,"['49_lag_shSICsep', '50_lag_amoSSTmjjaso', '49_lag_traMC', '54_lag_wnorPRjfm', '56_lag_seurTSjfm', '55_lag_ginwSSTjfm', '48_lag_neurTSjfm', '46_lag_stratZ50ndj02', '51_lag_AMOCann', '48_lag_nppc3SSTjfm', '45_lag_shTSjfm', '56_lag_amoSSTmjjaso', '45_lag_stratZ50ndj02', '55_lag_shSICsep', '46_lag_nppc3SSTjfm', '41_lag_arcTSjfm', '53_lag_gyreSSTjfm', '58_lag_nppc3SSTjfm', '60_lag_cetTSjfm', '50_lag_nchinaPRjja', '51_lag_traEU', '52_lag_traTLS', '55_lag_eurPSLjfm', '47_lag_samPSLann', '58_lag_atlSICjfm', '46_lag_atlSICsep', '46_lag_traBS', '49_lag_traDP', '48_lag_stratZ50ndj02', '51_lag_amoSSTmjjaso']","[0.06268962734968798, 0.017332504390119338, 0.03168731261205636, 0.12158537218759972, 0.0031782041625821656, 0.08680935220108818, 0.025431372385820605, 0.08978159828691908, 0.10550478457284322, 0.05082741841687138, 0.026345851794100164, 0.016338784040433298, 0.04373541468528566, 0.024448666133703955, 0.06289161720634195, 0.08621092309839459, 0.0022662590073755495, 0.09634194987250926, 0.05746514068888661, 0.1005833136003601, 0.09135476849662441, 0.022330434544563394, 0.051125519807644536, 0.015809516540109973, 0.0684389724961179, 0.1285427613302453, 0.09977791558425969, 0.1546524160528311, 0.08492251371923594, 0.07054578745602842]","49_lag_shSICsep, 50_lag_amoSSTmjjaso, 49_lag_traMC, 54_lag_wnorPRjfm, 56_lag_seurTSjfm, 55_lag_ginwSSTjfm, 48_lag_neurTSjfm, 46_lag_stratZ50ndj02, 51_lag_AMOCann, 48_lag_nppc3SSTjfm, 45_lag_shTSjfm, 56_lag_amoSSTmjjaso, 45_lag_stratZ50ndj02, 55_lag_shSICsep, 46_lag_nppc3SSTjfm, 41_lag_arcTSjfm, 53_lag_gyreSSTjfm, 58_lag_nppc3SSTjfm, 60_lag_cetTSjfm, 50_lag_nchinaPRjja, 51_lag_traEU, 52_lag_traTLS, 55_lag_eurPSLjfm, 47_lag_samPSLann, 58_lag_atlSICjfm, 46_lag_atlSICsep, 46_lag_traBS, 49_lag_traDP, 48_lag_stratZ50ndj02, 51_lag_amoSSTmjjaso_2496_41"
LinearRegression,47,30,traWP,picntrl,1113.5,2050.5,0.8,62,42,42,13.178087350970888,-0.043565610527649366,2496,"['46_lag_nppc3SSTjfm', '50_lag_amoSSTmjjaso', '42_lag_traMC', '59_lag_cetTSjfm', '42_lag_shSICmar', '61_lag_atlSICsep', '61_lag_amo2', '48_lag_neurTSjfm', '52_lag_amo2', '53_lag_labSSTjfm', '49_lag_traDS', '48_lag_AMOCann', '61_lag_traFSC', '48_lag_nhSICsep', '58_lag_atlSICsep', '46_lag_shSICsep', '55_lag_eurPSLjfm', '46_lag_atlSICsep', '49_lag_shSICsep', '58_lag_nppc3SSTjfm', '53_lag_gyreSSTjfm', '49_lag_traDP', '56_lag_neurTSjfm', '46_lag_traBS', '58_lag_atlSICjfm', '48_lag_stratZ50ndj02', '52_lag_traTLS', '55_lag_ginwSSTjfm', '45_lag_shTSjfm', '51_lag_amoSSTmjjaso']","[0.03671654634623182, 0.004878700597519315, 0.007935116116692363, 0.06215409251453281, 0.05423864196979249, 0.012675059279188796, 0.12329715007255998, 0.022970599071167455, 0.0027646787356138728, 0.02427086258442169, 0.02701034562318445, 0.07779489534234497, 0.13771256195338064, 0.046879257165555535, 0.002258365029565487, 0.013510386688661124, 0.053062892002376155, 0.12551035148897652, 0.03893485597968543, 0.08796809083332642, 0.040058960387142614, 0.09522455433722547, 0.06900557379810476, 0.08985348680412546, 0.051186251945261545, 0.09712522786964413, 0.019353000273553196, 0.07050584230603472, 0.0234683164066919, 0.06567189759419784]","46_lag_nppc3SSTjfm, 50_lag_amoSSTmjjaso, 42_lag_traMC, 59_lag_cetTSjfm, 42_lag_shSICmar, 61_lag_atlSICsep, 61_lag_amo2, 48_lag_neurTSjfm, 52_lag_amo2, 53_lag_labSSTjfm, 49_lag_traDS, 48_lag_AMOCann, 61_lag_traFSC, 48_lag_nhSICsep, 58_lag_atlSICsep, 46_lag_shSICsep, 55_lag_eurPSLjfm, 46_lag_atlSICsep, 49_lag_shSICsep, 58_lag_nppc3SSTjfm, 53_lag_gyreSSTjfm, 49_lag_traDP, 56_lag_neurTSjfm, 46_lag_traBS, 58_lag_atlSICjfm, 48_lag_stratZ50ndj02, 52_lag_traTLS, 55_lag_ginwSSTjfm, 45_lag_shTSjfm, 51_lag_amoSSTmjjaso_2496_42"
LinearRegression,48,30,traWP,picntrl,1114.5,2050.5,0.8,63,43,43,13.057626103011952,-0.09025359449583117,2496,"['47_lag_samPSLann', '59_lag_labSSTjfm', '47_lag_shSICmar', '43_lag_traBS', '56_lag_neurTSjfm', '46_lag_naoPSLjfm', '48_lag_nhSICsep', '62_lag_shSICmar', '53_lag_shSICsep', '52_lag_shSICsep', '59_lag_cetTSjfm', '46_lag_atlSICsep', '55_lag_ginwSSTjfm', '50_lag_amoSSTmjjaso', '53_lag_labSSTjfm', '49_lag_traDS', '53_lag_stratZ50ndj01', '52_lag_traTLS', '45_lag_shTSjfm', '56_lag_amoSSTmjjaso', '53_lag_gyreSSTjfm', '51_lag_traEU', '61_lag_traDS', '54_lag_wnorPRjfm', '49_lag_traMC', '46_lag_traBS', '43_lag_46_median_amoSSTmjjaso', '58_lag_nppc3SSTjfm', '52_lag_amo2', '51_lag_amoSSTmjjaso']","[0.02807647562098227, 0.1298700973654107, 0.009148207755333615, 0.028382425166633793, 0.05170799481793049, 0.0236709876769132, 0.04187471596043963, 0.06137199179420182, 0.05177240340464055, 0.03116397294297019, 0.05802447608670157, 0.12789586728615543, 0.07481569545214198, 0.00201497240809814, 0.019000979788444138, 0.03378269705134081, 0.011559246797209334, 0.03295210868320659, 0.010809521800411892, 0.02307072460412681, 0.03238445705812079, 0.08912136449001372, 0.04237494297307457, 0.10576935208959115, 0.016737827541163923, 0.10821060424002711, 0.026491757293687076, 0.0973891601276006, 0.0006518702265337281, 0.08079815161060161]","47_lag_samPSLann, 59_lag_labSSTjfm, 47_lag_shSICmar, 43_lag_traBS, 56_lag_neurTSjfm, 46_lag_naoPSLjfm, 48_lag_nhSICsep, 62_lag_shSICmar, 53_lag_shSICsep, 52_lag_shSICsep, 59_lag_cetTSjfm, 46_lag_atlSICsep, 55_lag_ginwSSTjfm, 50_lag_amoSSTmjjaso, 53_lag_labSSTjfm, 49_lag_traDS, 53_lag_stratZ50ndj01, 52_lag_traTLS, 45_lag_shTSjfm, 56_lag_amoSSTmjjaso, 53_lag_gyreSSTjfm, 51_lag_traEU, 61_lag_traDS, 54_lag_wnorPRjfm, 49_lag_traMC, 46_lag_traBS, 43_lag_46_median_amoSSTmjjaso, 58_lag_nppc3SSTjfm, 52_lag_amo2, 51_lag_amoSSTmjjaso_2496_43"
LinearRegression,49,30,traWP,picntrl,1115.5,2050.5,0.8,64,44,44,13.649531330903066,-0.06593719851584307,2496,"['51_lag_nppc2SSTjfm', '44_lag_47_median_naoPSLjfm', '51_lag_eapPSLjfm', '56_lag_amoSSTmjjaso', '58_lag_nppc3SSTjfm', '53_lag_shSICsep', '44_lag_49_median_stratZ50ndj01', '47_lag_shSICmar', '48_lag_mhfATL45', '44_lag_traTLS', '44_lag_mhfATL45', '52_lag_amo2', '52_lag_traTLS', '61_lag_traDS', '56_lag_neurTSjfm', '48_lag_stratZ50ndj02', '61_lag_cetTSjfm', '61_lag_traFSC', '52_lag_ormenSSTjfm', '50_lag_nchinaPRjja', '47_lag_scpPSLjfm', '47_lag_samPSLann', '56_lag_shTSjfm', '46_lag_traBS', '54_lag_eurPSLjfm', '55_lag_ginwSSTjfm', '53_lag_gyreSSTjfm', '51_lag_traEU', '51_lag_amoSSTmjjaso', '49_lag_traMC']","[0.08142206354172925, 0.012646991810686396, 0.09862854013281751, 0.013273126150635276, 0.07157432358904159, 0.10038085260465116, 0.08903929444004202, 0.024841073616278703, 0.011125167201521818, 0.09937439800764004, 0.08914159979883332, 0.003830405148296315, 0.026878883877265954, 0.04528172538497787, 0.053559630014791096, 0.08233689278730612, 0.05569809740286425, 0.1516445455377755, 0.011781800479031376, 0.10063058358213839, 0.07414394500746391, 0.0686105646602557, 0.030688726716732277, 0.09330785512359507, 0.014254572209922689, 0.06767035861850906, 0.03654803256690158, 0.07144667978415714, 0.09969621845947815, 0.03099274086101897]","51_lag_nppc2SSTjfm, 44_lag_47_median_naoPSLjfm, 51_lag_eapPSLjfm, 56_lag_amoSSTmjjaso, 58_lag_nppc3SSTjfm, 53_lag_shSICsep, 44_lag_49_median_stratZ50ndj01, 47_lag_shSICmar, 48_lag_mhfATL45, 44_lag_traTLS, 44_lag_mhfATL45, 52_lag_amo2, 52_lag_traTLS, 61_lag_traDS, 56_lag_neurTSjfm, 48_lag_stratZ50ndj02, 61_lag_cetTSjfm, 61_lag_traFSC, 52_lag_ormenSSTjfm, 50_lag_nchinaPRjja, 47_lag_scpPSLjfm, 47_lag_samPSLann, 56_lag_shTSjfm, 46_lag_traBS, 54_lag_eurPSLjfm, 55_lag_ginwSSTjfm, 53_lag_gyreSSTjfm, 51_lag_traEU, 51_lag_amoSSTmjjaso, 49_lag_traMC_2496_44"
LinearRegression,50,30,traWP,picntrl,1116.5,2050.5,0.8,65,45,45,12.829545623924261,-0.11375924036332913,2496,"['47_lag_samPSLann', '58_lag_eapPSLjfm', '64_lag_amoSSTmjjaso', '54_lag_mhfATL60', '63_lag_ormenSSTjfm', '52_lag_stratZ50ndj04', '55_lag_ginwSSTjfm', '54_lag_naoPSLjfm', '48_lag_mhfIP30', '52_lag_amo2', '45_lag_amo1', '54_lag_yrvPRjja', '61_lag_traDS', '56_lag_neurTSjfm', '53_lag_labSSTjfm', '45_lag_traFSC', '48_lag_stratZ50ndj02', '64_lag_tripol3', '52_lag_traFB', '51_lag_stratZ50ndj02', '49_lag_ismPRjja', '45_lag_traDP', '58_lag_nppc3SSTjfm', '55_lag_shSICsep', '54_lag_eurPSLjfm', '61_lag_eapPSLjfm', '49_lag_traDP', '56_lag_shTSjfm', '53_lag_gyreSSTjfm', '49_lag_traMC']","[0.03145158256752345, 0.019102968770668124, 0.032744412491049577, 0.09280728114693224, 0.03136392206525136, 0.0037956246291091394, 0.08888261632717646, 0.048843449539954384, 0.035730279569847874, 0.011237266607925804, 0.06208685977466242, 0.046570695912075466, 0.09050226864028159, 0.08184346198284267, 0.01947888101170493, 0.07111290995761434, 0.0807545669535051, 0.03958480963037543, 0.009883106319253751, 0.015261668194132251, 0.009059406991783373, 0.10234247973156332, 0.08018796477483925, 0.05052174131037692, 0.04920239316045333, 0.03177137962278141, 0.07299096308179286, 0.03630873257846565, 0.060623939638521696, 0.041355818107851765]","47_lag_samPSLann, 58_lag_eapPSLjfm, 64_lag_amoSSTmjjaso, 54_lag_mhfATL60, 63_lag_ormenSSTjfm, 52_lag_stratZ50ndj04, 55_lag_ginwSSTjfm, 54_lag_naoPSLjfm, 48_lag_mhfIP30, 52_lag_amo2, 45_lag_amo1, 54_lag_yrvPRjja, 61_lag_traDS, 56_lag_neurTSjfm, 53_lag_labSSTjfm, 45_lag_traFSC, 48_lag_stratZ50ndj02, 64_lag_tripol3, 52_lag_traFB, 51_lag_stratZ50ndj02, 49_lag_ismPRjja, 45_lag_traDP, 58_lag_nppc3SSTjfm, 55_lag_shSICsep, 54_lag_eurPSLjfm, 61_lag_eapPSLjfm, 49_lag_traDP, 56_lag_shTSjfm, 53_lag_gyreSSTjfm, 49_lag_traMC_2496_45"
LinearRegression,51,30,traWP,picntrl,1117.5,2050.5,0.8,66,46,46,13.054761080997928,0.03288012671195719,2496,"['60_lag_mhfIP30', '62_lag_seurTSjfm', '55_lag_traDP', '49_lag_AMOCann', '52_lag_amo2', '46_lag_51_median_mhfIP30', '50_lag_amoSSTmjjaso', '48_lag_mhfIP30', '64_lag_traEC', '62_lag_atlSICjfm', '61_lag_nppc3SSTjfm', '53_lag_atlSICsep', '50_lag_samPSLann', '49_lag_traDP', '55_lag_arcTSjfm', '56_lag_shTSjfm', '57_lag_atlSICjfm', '62_lag_satlSSTjfm', '46_lag_amo3', '58_lag_nppc3SSTjfm', '61_lag_traDS', '52_lag_ormenSSTjfm', '52_lag_tripol3', '65_lag_nppc2SSTjfm', '63_lag_stratZ50ndj03', '53_lag_gyreSSTjfm', '46_lag_49_median_yrvPRjja', '54_lag_mhfATL60', '46_lag_traBS', '46_lag_atlSICsep']","[0.01602734907531801, 0.028132896275353238, 0.1883158517469766, 0.01948559689054507, 0.036024780612106254, 0.13603329019369803, 0.024133774465609176, 0.06837847510988479, 0.049266594224476906, 0.07845283558937728, 0.02869508873717271, 0.006245191036329418, 0.06368864346727436, 0.01958192739605007, 0.09830973402539656, 0.06298672057940677, 0.0002646539352906607, 0.04054251719464893, 0.04690420819073787, 0.0863045046028597, 0.07558585607682974, 0.07254430825532855, 0.09009973331726162, 0.09603521883665145, 0.04084267358644327, 0.058550748164517816, 0.13390322257842682, 0.14220219317584343, 0.09769466470022284, 0.13527071957558176]","60_lag_mhfIP30, 62_lag_seurTSjfm, 55_lag_traDP, 49_lag_AMOCann, 52_lag_amo2, 46_lag_51_median_mhfIP30, 50_lag_amoSSTmjjaso, 48_lag_mhfIP30, 64_lag_traEC, 62_lag_atlSICjfm, 61_lag_nppc3SSTjfm, 53_lag_atlSICsep, 50_lag_samPSLann, 49_lag_traDP, 55_lag_arcTSjfm, 56_lag_shTSjfm, 57_lag_atlSICjfm, 62_lag_satlSSTjfm, 46_lag_amo3, 58_lag_nppc3SSTjfm, 61_lag_traDS, 52_lag_ormenSSTjfm, 52_lag_tripol3, 65_lag_nppc2SSTjfm, 63_lag_stratZ50ndj03, 53_lag_gyreSSTjfm, 46_lag_49_median_yrvPRjja, 54_lag_mhfATL60, 46_lag_traBS, 46_lag_atlSICsep_2496_46"
LinearRegression,52,30,traWP,picntrl,1118.5,2050.5,0.8,67,47,47,12.797066948036917,-0.0029178199497061578,2496,"['47_lag_50_median_traIT', '66_lag_stratZ50ndj01', '56_lag_traWP', '47_lag_samPSLann', '64_lag_arcTSjfm', '59_lag_cetTSjfm', '55_lag_arcTSjfm', '62_lag_nppc3SSTjfm', '56_lag_neurTSjfm', '53_lag_gyreSSTjfm', '64_lag_traMC', '56_lag_atlSICsep', '57_lag_eurPSLjfm', '64_lag_amoSSTmjjaso', '61_lag_glomaSSTjfm', '52_lag_amo2', '63_lag_mhfATL30', '57_lag_neurTSjfm', '62_lag_atlSICjfm', '63_lag_stratZ50ndj03', '55_lag_ismPRjja', '55_lag_ormenSSTjfm', '61_lag_eapPSLjfm', '58_lag_nppc3SSTjfm', '65_lag_nppc2SSTjfm', '50_lag_samPSLann', '54_lag_mhfATL60', '61_lag_nppc3SSTjfm', '66_lag_seurTSjfm', '61_lag_traDS']","[0.015064638289903724, 0.06349532037108743, 0.09739784830907634, 0.031643130630254646, 0.01813905306397466, 0.07105778637657456, 0.07809973977374884, 0.08174524794816045, 0.060518982009911, 0.07147172340904483, 0.007588057768728405, 0.037293665300995926, 0.07382672787871052, 0.05561666482327745, 0.08856431895368937, 0.013430849725569498, 0.0599697661110593, 0.02534466148296972, 0.08580545141666479, 0.05348047508048609, 0.03650732829074767, 0.13233031645196552, 0.017292894745840587, 0.06572443110566772, 0.1202764898676555, 0.054466475942775594, 0.10298182310462038, 0.037631492532386936, 0.027960341137019572, 0.08969695296493681]","47_lag_50_median_traIT, 66_lag_stratZ50ndj01, 56_lag_traWP, 47_lag_samPSLann, 64_lag_arcTSjfm, 59_lag_cetTSjfm, 55_lag_arcTSjfm, 62_lag_nppc3SSTjfm, 56_lag_neurTSjfm, 53_lag_gyreSSTjfm, 64_lag_traMC, 56_lag_atlSICsep, 57_lag_eurPSLjfm, 64_lag_amoSSTmjjaso, 61_lag_glomaSSTjfm, 52_lag_amo2, 63_lag_mhfATL30, 57_lag_neurTSjfm, 62_lag_atlSICjfm, 63_lag_stratZ50ndj03, 55_lag_ismPRjja, 55_lag_ormenSSTjfm, 61_lag_eapPSLjfm, 58_lag_nppc3SSTjfm, 65_lag_nppc2SSTjfm, 50_lag_samPSLann, 54_lag_mhfATL60, 61_lag_nppc3SSTjfm, 66_lag_seurTSjfm, 61_lag_traDS_2496_47"
LinearRegression,53,30,traWP,picntrl,1119.5,2050.5,0.8,68,48,48,12.38273328316452,0.11575312285163417,2496,"['48_lag_51_median_traTLS', '67_lag_samPSLann', '60_lag_traBO', '65_lag_amoSSTmjjaso', '48_lag_51_median_traFB', '55_lag_mhfATL45', '63_lag_mhfATL30', '64_lag_satlSSTjfm', '63_lag_amoSSTmjjaso', '50_lag_samPSLann', '61_lag_eapPSLjfm', '64_lag_traEU', '61_lag_nppc3SSTjfm', '60_lag_neurTSjfm', '61_lag_mhfIP30', '53_lag_traFS', '48_lag_tripol1', '52_lag_amo2', '61_lag_traFSC', '67_lag_glomaSSTjfm', '57_lag_eurPSLjfm', '53_lag_shSICsep', '65_lag_nppc2SSTjfm', '54_lag_mhfATL60', '55_lag_arcTSjfm', '53_lag_seurTSjfm', '62_lag_nppc3SSTjfm', '55_lag_ismPRjja', '66_lag_seurTSjfm', '61_lag_traDS']","[0.10301209337915004, 0.03479819845111079, 0.06083752753614442, 0.03846561495889109, 0.001869372231319966, 0.04862259151022555, 0.013840886107218004, 0.009721559938609568, 0.028361152684465617, 0.02712451118355195, 0.0073678185150923385, 0.049627570896246816, 0.04052444615435333, 0.06567877529839383, 0.068514639054944, 0.09862963912273717, 0.10074061496585777, 0.011504586605075567, 0.14022972284617724, 0.08378246387445883, 0.09725254133664277, 0.11522954012945469, 0.10178708450438115, 0.0862089981711579, 0.10961606222696418, 0.013356787179043643, 0.10845223756643266, 0.03102554757668039, 0.031680946246656946, 0.0058687369551502]","48_lag_51_median_traTLS, 67_lag_samPSLann, 60_lag_traBO, 65_lag_amoSSTmjjaso, 48_lag_51_median_traFB, 55_lag_mhfATL45, 63_lag_mhfATL30, 64_lag_satlSSTjfm, 63_lag_amoSSTmjjaso, 50_lag_samPSLann, 61_lag_eapPSLjfm, 64_lag_traEU, 61_lag_nppc3SSTjfm, 60_lag_neurTSjfm, 61_lag_mhfIP30, 53_lag_traFS, 48_lag_tripol1, 52_lag_amo2, 61_lag_traFSC, 67_lag_glomaSSTjfm, 57_lag_eurPSLjfm, 53_lag_shSICsep, 65_lag_nppc2SSTjfm, 54_lag_mhfATL60, 55_lag_arcTSjfm, 53_lag_seurTSjfm, 62_lag_nppc3SSTjfm, 55_lag_ismPRjja, 66_lag_seurTSjfm, 61_lag_traDS_2496_48"
LinearRegression,54,30,traWP,picntrl,1120.5,2050.5,0.8,69,49,49,12.19540346658822,0.10416148895000343,2496,"['68_lag_shSICmar', '57_lag_nppc3SSTjfm', '60_lag_neurTSjfm', '67_lag_samPSLann', '49_lag_traTLS', '54_lag_mhfATL60', '52_lag_amo2', '49_lag_AMOCann', '67_lag_shSICsep', '61_lag_mhfIP30', '60_lag_traBO', '57_lag_cetTSjfm', '64_lag_shSICsep', '62_lag_seurTSjfm', '55_lag_shSICsep', '68_lag_atlSICsep', '49_lag_traEU', '66_lag_seurTSjfm', '63_lag_amoSSTmjjaso', '67_lag_glomaSSTjfm', '65_lag_nppc2SSTjfm', '55_lag_traFS', '67_lag_traWP', '55_lag_ismPRjja', '56_lag_atlSICsep', '61_lag_traDS', '53_lag_seurTSjfm', '66_lag_stratZ50ndj01', '68_lag_nppc2SSTjfm', '49_lag_52_median_yrvPRjja']","[0.06318547606659758, 0.014740293975329805, 0.05961744389800098, 0.05577914541349853, 0.005830250313211819, 0.06978084276410082, 0.015624931591201787, 0.01638092945923735, 0.022672772979335138, 0.06877108521171021, 0.0782832325840892, 0.05276059236747624, 0.07456256057445845, 0.03561224326883107, 0.03356336157404302, 0.08663201720383835, 0.0031393989807430244, 0.018766280240199606, 0.035128403834316944, 0.0779875081140102, 0.07244332173591851, 0.059300501046345204, 0.07515411789025693, 0.008908597861438435, 0.06008250158730704, 0.09567399729456084, 0.04087438232786306, 0.07868170534450065, 0.10123889775149132, 0.11329328659669101]","68_lag_shSICmar, 57_lag_nppc3SSTjfm, 60_lag_neurTSjfm, 67_lag_samPSLann, 49_lag_traTLS, 54_lag_mhfATL60, 52_lag_amo2, 49_lag_AMOCann, 67_lag_shSICsep, 61_lag_mhfIP30, 60_lag_traBO, 57_lag_cetTSjfm, 64_lag_shSICsep, 62_lag_seurTSjfm, 55_lag_shSICsep, 68_lag_atlSICsep, 49_lag_traEU, 66_lag_seurTSjfm, 63_lag_amoSSTmjjaso, 67_lag_glomaSSTjfm, 65_lag_nppc2SSTjfm, 55_lag_traFS, 67_lag_traWP, 55_lag_ismPRjja, 56_lag_atlSICsep, 61_lag_traDS, 53_lag_seurTSjfm, 66_lag_stratZ50ndj01, 68_lag_nppc2SSTjfm, 49_lag_52_median_yrvPRjja_2496_49"
LinearRegression,55,30,traWP,picntrl,1121.5,2050.5,0.8,70,50,50,13.654644365246375,-0.03898718438870254,2496,"['55_lag_tripol3', '69_lag_traWP', '63_lag_traEU', '67_lag_traWP', '60_lag_nhSICsep', '63_lag_mhfATL30', '67_lag_samPSLann', '56_lag_ginwSSTjfm', '61_lag_shSICmar', '50_lag_nchinaPRjja', '63_lag_amoSSTmjjaso', '64_lag_shSICsep', '62_lag_atlSICjfm', '61_lag_mhfIP30', '68_lag_traDP', '59_lag_shSICsep', '56_lag_atlSICsep', '63_lag_stratZ50ndj01', '50_lag_samPSLann', '58_lag_atlSICsep', '68_lag_atlSICsep', '69_lag_traEC', '61_lag_traDS', '50_lag_53_median_mhfATL60', '53_lag_seurTSjfm', '64_lag_traTLS', '55_lag_shSICsep', '62_lag_seurTSjfm', '66_lag_stratZ50ndj01', '69_lag_traIT']","[0.05917575137169963, 0.0401052378924778, 0.10375252657138632, 0.04992359367051158, 0.05196643738415353, 0.018322823878094623, 0.05339623698321935, 0.018817446517209308, 0.05825711772637238, 0.08973872430872973, 0.030046435635896592, 0.04782352601414111, 0.08402088756038224, 0.06552881583980201, 0.19704610067193895, 0.06584963063596408, 0.035108820570100015, 0.0877201199736738, 0.056000636060653766, 0.022121086330587014, 0.07212027922857557, 0.07660133947781779, 0.05645795301352194, 0.007947669407231503, 0.035751274267833366, 0.1393744789356577, 0.025431895203506832, 0.043802841922965394, 0.07968185974757294, 0.11428967587406748]","55_lag_tripol3, 69_lag_traWP, 63_lag_traEU, 67_lag_traWP, 60_lag_nhSICsep, 63_lag_mhfATL30, 67_lag_samPSLann, 56_lag_ginwSSTjfm, 61_lag_shSICmar, 50_lag_nchinaPRjja, 63_lag_amoSSTmjjaso, 64_lag_shSICsep, 62_lag_atlSICjfm, 61_lag_mhfIP30, 68_lag_traDP, 59_lag_shSICsep, 56_lag_atlSICsep, 63_lag_stratZ50ndj01, 50_lag_samPSLann, 58_lag_atlSICsep, 68_lag_atlSICsep, 69_lag_traEC, 61_lag_traDS, 50_lag_53_median_mhfATL60, 53_lag_seurTSjfm, 64_lag_traTLS, 55_lag_shSICsep, 62_lag_seurTSjfm, 66_lag_stratZ50ndj01, 69_lag_traIT_2496_50"
LinearRegression,56,30,traWP,picntrl,1122.5,2050.5,0.8,71,51,51,12.540704252264307,0.1009471933176825,2496,"['56_lag_ginwSSTjfm', '61_lag_nhSICjfm', '61_lag_stratZ50ndj03', '69_lag_traWP', '68_lag_traDP', '63_lag_mhfATL30', '60_lag_nhSICsep', '59_lag_arcTSjfm', '64_lag_traEU', '51_lag_neurTSjfm', '59_lag_shSICsep', '69_lag_stratZ50ndj03', '67_lag_pdoSSTjfm', '59_lag_amo2', '68_lag_nppc2SSTjfm', '51_lag_traFB', '58_lag_atlSICsep', '55_lag_arcTSjfm', '70_lag_satlSSTjfm', '63_lag_traEU', '55_lag_shSICsep', '70_lag_traFB', '61_lag_mhfIP30', '53_lag_seurTSjfm', '56_lag_atlSICsep', '66_lag_stratZ50ndj01', '61_lag_traDS', '63_lag_stratZ50ndj01', '62_lag_seurTSjfm', '69_lag_traIT']","[0.02060768929850371, 0.05947127075854719, 0.06979070301974215, 0.037468855139516616, 0.16296691822000392, 0.021927285658667556, 0.06883295801971209, 0.07994076411035408, 0.0321890880466905, 0.013525102432113474, 0.02040946159616387, 0.03705169388596943, 0.022149409487278972, 0.0879017757572407, 0.09438227880636053, 0.02975064474003642, 0.020812810307356093, 0.10957674800928051, 0.062450107216915726, 0.06285415134503565, 0.026454801037584727, 0.007035761816892897, 0.08437739159842494, 0.023663707802857432, 0.01687968392193723, 0.05433763049886257, 0.07904468173410857, 0.07875196849123972, 0.04188868493684126, 0.09022085142226274]","56_lag_ginwSSTjfm, 61_lag_nhSICjfm, 61_lag_stratZ50ndj03, 69_lag_traWP, 68_lag_traDP, 63_lag_mhfATL30, 60_lag_nhSICsep, 59_lag_arcTSjfm, 64_lag_traEU, 51_lag_neurTSjfm, 59_lag_shSICsep, 69_lag_stratZ50ndj03, 67_lag_pdoSSTjfm, 59_lag_amo2, 68_lag_nppc2SSTjfm, 51_lag_traFB, 58_lag_atlSICsep, 55_lag_arcTSjfm, 70_lag_satlSSTjfm, 63_lag_traEU, 55_lag_shSICsep, 70_lag_traFB, 61_lag_mhfIP30, 53_lag_seurTSjfm, 56_lag_atlSICsep, 66_lag_stratZ50ndj01, 61_lag_traDS, 63_lag_stratZ50ndj01, 62_lag_seurTSjfm, 69_lag_traIT_2496_51"
LinearRegression,57,30,traWP,picntrl,1123.5,2050.5,0.8,72,52,52,12.295099377735932,0.09130800316914756,2496,"['62_lag_nppc3SSTjfm', '68_lag_atlSICsep', '58_lag_atlSICsep', '64_lag_amoSSTmjjaso', '61_lag_nhSICjfm', '57_lag_AMOCann', '68_lag_shSICmar', '61_lag_traFB', '67_lag_satlSSTjfm', '67_lag_traWP', '66_lag_seurTSjfm', '63_lag_traEU', '65_lag_amoSSTmjjaso', '70_lag_satlSSTjfm', '52_lag_55_median_cetTSjfm', '69_lag_mhfIP30', '55_lag_traWP', '60_lag_nhSICsep', '52_lag_57_median_ensoSSTjfm', '61_lag_traDS', '71_lag_ginwSSTjfm', '63_lag_stratZ50ndj01', '52_lag_traTLS', '55_lag_arcTSjfm', '69_lag_traWP', '62_lag_seurTSjfm', '66_lag_stratZ50ndj01', '56_lag_atlSICsep', '61_lag_mhfIP30', '69_lag_traIT']","[0.08744765167308957, 0.0723186731245081, 0.03210263749665427, 0.03866865761537403, 0.042489465755349926, 0.04408647155159311, 0.07147542545406017, 0.08575783353204518, 0.07941624357673419, 0.011550487743200603, 0.016893587910069275, 0.1007767476636474, 0.04765609607611637, 0.07692346077613403, 0.03857991567138983, 0.11245705626765855, 0.041716750336633496, 0.08691833593667266, 0.17217264656332376, 0.07451440325880009, 0.08737210931887712, 0.0884705335078749, 0.07255253710757431, 0.11670044867893539, 0.02824624429787309, 0.026307934999988965, 0.0803782698009272, 0.03276885011577827, 0.06485634376421973, 0.13667544471919238]","62_lag_nppc3SSTjfm, 68_lag_atlSICsep, 58_lag_atlSICsep, 64_lag_amoSSTmjjaso, 61_lag_nhSICjfm, 57_lag_AMOCann, 68_lag_shSICmar, 61_lag_traFB, 67_lag_satlSSTjfm, 67_lag_traWP, 66_lag_seurTSjfm, 63_lag_traEU, 65_lag_amoSSTmjjaso, 70_lag_satlSSTjfm, 52_lag_55_median_cetTSjfm, 69_lag_mhfIP30, 55_lag_traWP, 60_lag_nhSICsep, 52_lag_57_median_ensoSSTjfm, 61_lag_traDS, 71_lag_ginwSSTjfm, 63_lag_stratZ50ndj01, 52_lag_traTLS, 55_lag_arcTSjfm, 69_lag_traWP, 62_lag_seurTSjfm, 66_lag_stratZ50ndj01, 56_lag_atlSICsep, 61_lag_mhfIP30, 69_lag_traIT_2496_52"
LinearRegression,58,30,traWP,picntrl,1124.5,2050.5,0.8,73,53,53,12.536517017283728,-0.015460291438336157,2496,"['53_lag_56_median_traIT', '68_lag_shSICmar', '69_lag_stratZ50ndj03', '56_lag_neurTSjfm', '59_lag_shSICsep', '53_lag_62_median_alpi', '53_lag_56_median_tripol3', '65_lag_cetTSjfm', '65_lag_mhfATL60', '58_lag_atlSICsep', '64_lag_eurPSLjfm', '72_lag_stratZ50ndj02', '63_lag_amoSSTmjjaso', '58_lag_atlSICjfm', '59_lag_yrvPRjja', '61_lag_traDS', '64_lag_amo1', '65_lag_stratZ50ndj01', '70_lag_tripol3', '69_lag_traWP', '63_lag_traEU', '65_lag_amoSSTmjjaso', '71_lag_ginwSSTjfm', '53_lag_wnorPRjfm', '61_lag_mhfIP30', '66_lag_stratZ50ndj01', '57_lag_scpPSLjfm', '63_lag_stratZ50ndj01', '69_lag_traIT', '62_lag_seurTSjfm']","[0.1548054242192239, 0.10841478377607447, 0.03031188789618149, 0.0836081392490746, 0.010647809238529125, 0.0790737172050145, 0.005003992506141582, 0.002236230447438021, 0.05153634158020213, 0.015056412286910584, 0.09361555279108905, 0.06283504461282434, 0.028790777232152995, 0.039462112301374204, 0.05480531346275403, 0.09970458365016163, 0.052006641412185785, 0.08020995553170188, 0.026362186878321363, 0.010666072266129242, 0.08266201297055871, 0.05091563376135589, 0.08436749242042392, 0.054742093032774636, 0.06257752117773886, 0.05907015187567225, 0.0100800084773295, 0.07311722456782793, 0.1084699442001518, 0.037846003781023235]","53_lag_56_median_traIT, 68_lag_shSICmar, 69_lag_stratZ50ndj03, 56_lag_neurTSjfm, 59_lag_shSICsep, 53_lag_62_median_alpi, 53_lag_56_median_tripol3, 65_lag_cetTSjfm, 65_lag_mhfATL60, 58_lag_atlSICsep, 64_lag_eurPSLjfm, 72_lag_stratZ50ndj02, 63_lag_amoSSTmjjaso, 58_lag_atlSICjfm, 59_lag_yrvPRjja, 61_lag_traDS, 64_lag_amo1, 65_lag_stratZ50ndj01, 70_lag_tripol3, 69_lag_traWP, 63_lag_traEU, 65_lag_amoSSTmjjaso, 71_lag_ginwSSTjfm, 53_lag_wnorPRjfm, 61_lag_mhfIP30, 66_lag_stratZ50ndj01, 57_lag_scpPSLjfm, 63_lag_stratZ50ndj01, 69_lag_traIT, 62_lag_seurTSjfm_2496_53"
LinearRegression,59,30,traWP,picntrl,1125.5,2050.5,0.8,74,54,54,12.633546964580415,0.08466016104327902,2496,"['61_lag_traFB', '62_lag_atlSICjfm', '57_lag_AMOCann', '71_lag_tripol3', '73_lag_seurTSjfm', '73_lag_tripol3', '68_lag_traDP', '58_lag_atlSICjfm', '66_lag_stratZ50ndj01', '71_lag_traEU', '58_lag_wnorPRjfm', '65_lag_amoSSTmjjaso', '59_lag_yrvPRjja', '67_lag_stratZ50ndj03', '69_lag_traWP', '54_lag_yrvPRjja', '58_lag_amo3', '61_lag_traDS', '68_lag_nppc2SSTjfm', '65_lag_stratZ50ndj01', '62_lag_nppc3SSTjfm', '70_lag_mhfIP30', '61_lag_mhfIP30', '73_lag_yrvPRjja', '71_lag_ginwSSTjfm', '73_lag_wnorPRjfm', '73_lag_stratZ50ndj04', '62_lag_seurTSjfm', '69_lag_traIT', '63_lag_stratZ50ndj01']","[0.08763105217267814, 0.08933938676348775, 0.029545418592043404, 0.029349581286949422, 0.028459047420851948, 0.06740112415366448, 0.17057382700886495, 0.09002242845066563, 0.05702403047491476, 0.05848814963889081, 0.06493461699197099, 0.03879990622644306, 0.0336719056702737, 0.01769470026210625, 0.05723872432341024, 0.05545207955402379, 0.01122129663397312, 0.058994193028594315, 0.1058237436089093, 0.06223124190577503, 0.08913213588259018, 0.005561528354036791, 0.05054543849599077, 0.05807637528883652, 0.10285884835600231, 0.08705701335364918, 0.16778494116587356, 0.035959543912317336, 0.08173857275623445, 0.07755094235949711]","61_lag_traFB, 62_lag_atlSICjfm, 57_lag_AMOCann, 71_lag_tripol3, 73_lag_seurTSjfm, 73_lag_tripol3, 68_lag_traDP, 58_lag_atlSICjfm, 66_lag_stratZ50ndj01, 71_lag_traEU, 58_lag_wnorPRjfm, 65_lag_amoSSTmjjaso, 59_lag_yrvPRjja, 67_lag_stratZ50ndj03, 69_lag_traWP, 54_lag_yrvPRjja, 58_lag_amo3, 61_lag_traDS, 68_lag_nppc2SSTjfm, 65_lag_stratZ50ndj01, 62_lag_nppc3SSTjfm, 70_lag_mhfIP30, 61_lag_mhfIP30, 73_lag_yrvPRjja, 71_lag_ginwSSTjfm, 73_lag_wnorPRjfm, 73_lag_stratZ50ndj04, 62_lag_seurTSjfm, 69_lag_traIT, 63_lag_stratZ50ndj01_2496_54"
LinearRegression,60,30,traWP,picntrl,1126.5,2050.5,0.8,75,55,55,12.291381504539011,0.18292307999828075,2496,"['68_lag_nppc2SSTjfm', '61_lag_traDS', '55_lag_traMC', '60_lag_eapPSLjfm', '66_lag_stratZ50ndj01', '64_lag_shSICsep', '70_lag_tripol3', '58_lag_atlSICsep', '73_lag_samPSLann', '59_lag_ginwSSTjfm', '61_lag_mhfIP30', '70_lag_mhfIP30', '58_lag_atlSICjfm', '70_lag_traFS', '73_lag_tripol3', '59_lag_shSICsep', '58_lag_eapPSLjfm', '68_lag_traDP', '71_lag_tripol3', '55_lag_ormenSSTjfm', '65_lag_stratZ50ndj01', '64_lag_amoSSTmjjaso', '57_lag_AMOCann', '69_lag_traIT', '73_lag_stratZ50ndj04', '74_lag_shSICsep', '65_lag_amoSSTmjjaso', '71_lag_ginwSSTjfm', '62_lag_seurTSjfm', '63_lag_stratZ50ndj01']","[0.09278362666102866, 0.07096172931354294, 0.00796448425579387, 0.05854346157339734, 0.06144291269133496, 0.06837995671814077, 0.045360871554734075, 0.009488642161731215, 0.06428116437734392, 0.012268398934553311, 0.06180582483807698, 0.013716182173109284, 0.03560698931433339, 0.07310111253972983, 0.04404145949126398, 0.029686080490053324, 0.02195817142923938, 0.15117364827712126, 0.03231464371479685, 0.174787497965318, 0.06301999220472516, 0.044809811861896365, 0.06395968485894873, 0.08198860267498691, 0.17354961860146034, 0.09567919938144054, 0.04429389534369862, 0.09859509297675961, 0.04335883477486002, 0.06544636701362057]","68_lag_nppc2SSTjfm, 61_lag_traDS, 55_lag_traMC, 60_lag_eapPSLjfm, 66_lag_stratZ50ndj01, 64_lag_shSICsep, 70_lag_tripol3, 58_lag_atlSICsep, 73_lag_samPSLann, 59_lag_ginwSSTjfm, 61_lag_mhfIP30, 70_lag_mhfIP30, 58_lag_atlSICjfm, 70_lag_traFS, 73_lag_tripol3, 59_lag_shSICsep, 58_lag_eapPSLjfm, 68_lag_traDP, 71_lag_tripol3, 55_lag_ormenSSTjfm, 65_lag_stratZ50ndj01, 64_lag_amoSSTmjjaso, 57_lag_AMOCann, 69_lag_traIT, 73_lag_stratZ50ndj04, 74_lag_shSICsep, 65_lag_amoSSTmjjaso, 71_lag_ginwSSTjfm, 62_lag_seurTSjfm, 63_lag_stratZ50ndj01_2496_55"
LinearRegression,61,30,traWP,picntrl,1127.5,2050.5,0.8,76,56,56,12.628162844224947,0.12005595104073029,2496,"['66_lag_traTLS', '66_lag_stratZ50ndj03', '68_lag_amo1', '73_lag_samPSLann', '58_lag_neurTSjfm', '58_lag_atlSICsep', '70_lag_tripol3', '59_lag_traEU', '56_lag_shSICsep', '71_lag_cetTSjfm', '59_lag_amo2', '71_lag_satlSSTjfm', '73_lag_wnorPRjfm', '60_lag_eapPSLjfm', '68_lag_traDP', '62_lag_stratZ50ndj03', '58_lag_atlSICjfm', '61_lag_traDS', '73_lag_stratZ50ndj04', '65_lag_amoSSTmjjaso', '71_lag_tripol3', '65_lag_stratZ50ndj01', '58_lag_eapPSLjfm', '69_lag_traIT', '74_lag_shSICsep', '71_lag_ginwSSTjfm', '63_lag_stratZ50ndj01', '64_lag_shSICsep', '56_lag_59_median_alpi', '62_lag_seurTSjfm']","[0.09802208232422462, 0.046907191446620644, 0.1419605871573097, 0.046704059640093235, 0.053008448666959376, 0.0103057686144789, 0.044173051898648966, 0.03670586748720036, 0.07550301807954107, 0.011169421463984017, 0.06300627010414253, 0.0824534164136747, 0.03964754320390993, 0.04004258749806749, 0.1576811516977731, 0.06160265053010835, 0.095026595952741, 0.07764561729722896, 0.19329563865072263, 0.05165631088304259, 0.04209207277644905, 0.06934592149758491, 0.04105121703849527, 0.16339334071222184, 0.0458438693162551, 0.08574191693132989, 0.0624767621666361, 0.011776190594779207, 0.03104156597199181, 0.04145315265868731]","66_lag_traTLS, 66_lag_stratZ50ndj03, 68_lag_amo1, 73_lag_samPSLann, 58_lag_neurTSjfm, 58_lag_atlSICsep, 70_lag_tripol3, 59_lag_traEU, 56_lag_shSICsep, 71_lag_cetTSjfm, 59_lag_amo2, 71_lag_satlSSTjfm, 73_lag_wnorPRjfm, 60_lag_eapPSLjfm, 68_lag_traDP, 62_lag_stratZ50ndj03, 58_lag_atlSICjfm, 61_lag_traDS, 73_lag_stratZ50ndj04, 65_lag_amoSSTmjjaso, 71_lag_tripol3, 65_lag_stratZ50ndj01, 58_lag_eapPSLjfm, 69_lag_traIT, 74_lag_shSICsep, 71_lag_ginwSSTjfm, 63_lag_stratZ50ndj01, 64_lag_shSICsep, 56_lag_59_median_alpi, 62_lag_seurTSjfm_2496_56"
LinearRegression,62,30,traWP,picntrl,1128.5,2050.5,0.8,77,57,57,12.080530480617666,0.08442881532295635,2496,"['59_lag_amo2', '74_lag_wnorPRjfm', '57_lag_60_median_traBO', '74_lag_neurTSjfm', '64_lag_eurPSLjfm', '70_lag_traFS', '70_lag_tripol3', '65_lag_ormenSSTjfm', '62_lag_nppc3SSTjfm', '64_lag_glomaSSTjfm', '70_lag_cetTSjfm', '76_lag_eurPSLjfm', '64_lag_mhfATL45', '73_lag_wnorPRjfm', '70_lag_traBS', '69_lag_traIT', '58_lag_atlSICjfm', '57_lag_58_median_atlSICjfm', '61_lag_ismPRjja', '63_lag_stratZ50ndj01', '65_lag_stratZ50ndj03', '64_lag_shSICsep', '72_lag_samPSLann', '62_lag_stratZ50ndj03', '71_lag_ginwSSTjfm', '71_lag_tripol3', '76_lag_traIT', '65_lag_amoSSTmjjaso', '73_lag_stratZ50ndj04', '62_lag_seurTSjfm']","[0.08190030017949747, 0.11861790419120424, 0.04945677506437853, 0.07984577450332274, 0.041299799363346136, 0.07491769288209023, 0.005845363450183233, 0.00716487280167382, 0.08330607420808638, 0.1039671462480101, 0.03373221406858568, 0.01571371939586935, 0.14452606846947222, 0.07110233962088452, 0.04466402146835407, 0.11472036629787664, 4205826908708.8696, 4205826908708.9624, 0.020486189565379537, 0.08254934793980435, 0.041499911085123777, 0.0610801078471426, 0.029191104225349, 0.06380577810268448, 0.08013124706893004, 0.011446194463965912, 0.05849535142066738, 0.05416260107763959, 0.18500132494865187, 0.0300858638513]","59_lag_amo2, 74_lag_wnorPRjfm, 57_lag_60_median_traBO, 74_lag_neurTSjfm, 64_lag_eurPSLjfm, 70_lag_traFS, 70_lag_tripol3, 65_lag_ormenSSTjfm, 62_lag_nppc3SSTjfm, 64_lag_glomaSSTjfm, 70_lag_cetTSjfm, 76_lag_eurPSLjfm, 64_lag_mhfATL45, 73_lag_wnorPRjfm, 70_lag_traBS, 69_lag_traIT, 58_lag_atlSICjfm, 57_lag_58_median_atlSICjfm, 61_lag_ismPRjja, 63_lag_stratZ50ndj01, 65_lag_stratZ50ndj03, 64_lag_shSICsep, 72_lag_samPSLann, 62_lag_stratZ50ndj03, 71_lag_ginwSSTjfm, 71_lag_tripol3, 76_lag_traIT, 65_lag_amoSSTmjjaso, 73_lag_stratZ50ndj04, 62_lag_seurTSjfm_2496_57"
LinearRegression,63,30,traWP,picntrl,1129.5,2050.5,0.8,78,58,58,12.192358036743085,0.026777079745164856,2496,"['65_lag_shTSjfm', '74_lag_wnorPRjfm', '66_lag_seurTSjfm', '60_lag_eapPSLjfm', '64_lag_mhfATL45', '61_lag_traDS', '65_lag_ormenSSTjfm', '64_lag_shSICsep', '63_lag_stratZ50ndj01', '70_lag_nppc2SSTjfm', '73_lag_wnorPRjfm', '71_lag_satlSSTjfm', '71_lag_ginwSSTjfm', '60_lag_scpPSLjfm', '58_lag_traFB', '72_lag_samPSLann', '61_lag_ismPRjja', '66_lag_stratZ50ndj02', '62_lag_nppc3SSTjfm', '71_lag_traTLS', '77_lag_amoSSTmjjaso', '62_lag_stratZ50ndj03', '74_lag_atlSICjfm', '65_lag_amoSSTmjjaso', '69_lag_traIT', '76_lag_traIT', '73_lag_stratZ50ndj04', '76_lag_satlSSTjfm', '62_lag_seurTSjfm', '58_lag_atlSICjfm']","[0.004881085472004538, 0.07610082345892225, 0.03401062665597536, 0.06067349322731526, 0.13752246878891486, 0.08297922737609592, 0.00792430605524587, 0.07899244565465711, 0.0880900353528022, 0.03357559007548667, 0.07400616015630784, 0.09813454376983818, 0.0803720013283399, 0.029996750145315842, 0.007769745126051381, 0.02636260177909173, 0.03668184689403386, 0.030621531381372066, 0.0789464361368692, 0.02857698578421457, 0.0014239122585398755, 0.06764723919086578, 0.04551970763166221, 0.03921456632701381, 0.11022030216726549, 0.0690144005263553, 0.1707045651440694, 0.010162690552137914, 0.026696272350887118, 0.09871289468836275]","65_lag_shTSjfm, 74_lag_wnorPRjfm, 66_lag_seurTSjfm, 60_lag_eapPSLjfm, 64_lag_mhfATL45, 61_lag_traDS, 65_lag_ormenSSTjfm, 64_lag_shSICsep, 63_lag_stratZ50ndj01, 70_lag_nppc2SSTjfm, 73_lag_wnorPRjfm, 71_lag_satlSSTjfm, 71_lag_ginwSSTjfm, 60_lag_scpPSLjfm, 58_lag_traFB, 72_lag_samPSLann, 61_lag_ismPRjja, 66_lag_stratZ50ndj02, 62_lag_nppc3SSTjfm, 71_lag_traTLS, 77_lag_amoSSTmjjaso, 62_lag_stratZ50ndj03, 74_lag_atlSICjfm, 65_lag_amoSSTmjjaso, 69_lag_traIT, 76_lag_traIT, 73_lag_stratZ50ndj04, 76_lag_satlSSTjfm, 62_lag_seurTSjfm, 58_lag_atlSICjfm_2496_58"
LinearRegression,64,30,traWP,picntrl,1130.5,2050.5,0.8,79,59,59,11.498743178015149,0.18560983903275113,2496,"['66_lag_traEU', '78_lag_stratZ50ndj01', '59_lag_atlSICjfm', '74_lag_seurTSjfm', '75_lag_naoPSLjfm', '61_lag_traIT', '71_lag_satlSSTjfm', '72_lag_samPSLann', '70_lag_nppc2SSTjfm', '77_lag_stratZ50ndj01', '61_lag_mhfIP30', '59_lag_62_median_ormenSSTjfm', '68_lag_nppc2SSTjfm', '76_lag_traEU', '74_lag_wnorPRjfm', '68_lag_traEC', '67_lag_stratZ50ndj03', '59_lag_nppc3SSTjfm', '77_lag_amoSSTmjjaso', '63_lag_mhfATL30', '59_lag_traEU', '63_lag_stratZ50ndj01', '62_lag_seurTSjfm', '64_lag_shSICsep', '69_lag_traIT', '59_lag_amo2', '62_lag_nppc3SSTjfm', '74_lag_shSICsep', '73_lag_stratZ50ndj04', '76_lag_traIT']","[0.026449269159463874, 0.11450127951400726, 0.010639392336242172, 0.06889256436057727, 0.04184619322872974, 0.01860461936392752, 0.04054009936469147, 0.020088997445193428, 0.014958116966868966, 0.054352373995457545, 0.061073560423297216, 0.11132150225728742, 0.11329568695637714, 0.006063674340583408, 0.09074105489213871, 0.06806347221532849, 0.048054697523807574, 0.05112672729500622, 0.006771517135095899, 0.011845392324780882, 0.006302987960161169, 0.07805989010730185, 0.026208711967089723, 0.05834332905330027, 0.11469899311840788, 0.08640236347550691, 0.06353138290323271, 0.10615023056892317, 0.1521608764400406, 0.050803938098125154]","66_lag_traEU, 78_lag_stratZ50ndj01, 59_lag_atlSICjfm, 74_lag_seurTSjfm, 75_lag_naoPSLjfm, 61_lag_traIT, 71_lag_satlSSTjfm, 72_lag_samPSLann, 70_lag_nppc2SSTjfm, 77_lag_stratZ50ndj01, 61_lag_mhfIP30, 59_lag_62_median_ormenSSTjfm, 68_lag_nppc2SSTjfm, 76_lag_traEU, 74_lag_wnorPRjfm, 68_lag_traEC, 67_lag_stratZ50ndj03, 59_lag_nppc3SSTjfm, 77_lag_amoSSTmjjaso, 63_lag_mhfATL30, 59_lag_traEU, 63_lag_stratZ50ndj01, 62_lag_seurTSjfm, 64_lag_shSICsep, 69_lag_traIT, 59_lag_amo2, 62_lag_nppc3SSTjfm, 74_lag_shSICsep, 73_lag_stratZ50ndj04, 76_lag_traIT_2496_59"
LinearRegression,65,30,traWP,picntrl,1131.5,2050.5,0.8,80,60,60,11.928745266343558,0.14526491389999702,2496,"['62_lag_nppc3SSTjfm', '63_lag_mhfATL30', '66_lag_AMOCann', '79_lag_traFB', '78_lag_traFB', '74_lag_traFB', '77_lag_nhSICsep', '76_lag_tripol3', '72_lag_traCA', '69_lag_traIT', '71_lag_ginwSSTjfm', '77_lag_traBS', '60_lag_63_median_scpPSLjfm', '64_lag_shSICsep', '78_lag_stratZ50ndj01', '67_lag_stratZ50ndj03', '77_lag_amoSSTmjjaso', '78_lag_yrvPRjja', '70_lag_nppc2SSTjfm', '79_lag_mhfATL60', '74_lag_wnorPRjfm', '68_lag_nppc2SSTjfm', '66_lag_wnorPRjfm', '62_lag_seurTSjfm', '60_lag_eapPSLjfm', '63_lag_stratZ50ndj01', '60_lag_scpPSLjfm', '73_lag_stratZ50ndj04', '76_lag_traIT', '74_lag_shSICsep']","[0.09240297481580116, 0.0031820445927615987, 0.1283527327726432, 0.01692408577797714, 0.04289579147044491, 0.027815482193195074, 0.07264555894033593, 0.05329429169757364, 0.03961826604485086, 0.11542453840644114, 0.06544347059454171, 0.040147038629663276, 0.04740496287680197, 0.06474987973863527, 0.0999009945061839, 0.030022280597603226, 0.012995761793372914, 0.03477733944593033, 0.0018924427994183902, 0.0884091682728973, 0.06393119667709608, 0.12222244551219938, 0.0054129082266689025, 0.02237582964638397, 0.03461773590689631, 0.07224652526427205, 0.02246985967499172, 0.15274412057047837, 0.0547163267702064, 0.14624978432178687]","62_lag_nppc3SSTjfm, 63_lag_mhfATL30, 66_lag_AMOCann, 79_lag_traFB, 78_lag_traFB, 74_lag_traFB, 77_lag_nhSICsep, 76_lag_tripol3, 72_lag_traCA, 69_lag_traIT, 71_lag_ginwSSTjfm, 77_lag_traBS, 60_lag_63_median_scpPSLjfm, 64_lag_shSICsep, 78_lag_stratZ50ndj01, 67_lag_stratZ50ndj03, 77_lag_amoSSTmjjaso, 78_lag_yrvPRjja, 70_lag_nppc2SSTjfm, 79_lag_mhfATL60, 74_lag_wnorPRjfm, 68_lag_nppc2SSTjfm, 66_lag_wnorPRjfm, 62_lag_seurTSjfm, 60_lag_eapPSLjfm, 63_lag_stratZ50ndj01, 60_lag_scpPSLjfm, 73_lag_stratZ50ndj04, 76_lag_traIT, 74_lag_shSICsep_2496_60"
LinearRegression,66,30,traWP,picntrl,1132.5,2050.5,0.8,81,61,61,12.378942795547973,0.08501491878835409,2496,"['64_lag_glomaSSTjfm', '72_lag_AMOCann', '61_lag_66_median_traTLS', '65_lag_shSICmar', '71_lag_mhfIP30', '80_lag_traFB', '74_lag_stratZ50ndj02', '77_lag_nhSICsep', '63_lag_seurTSjfm', '79_lag_traFB', '67_lag_stratZ50ndj03', '78_lag_ismPRjja', '72_lag_wnorPRjfm', '61_lag_amo3', '75_lag_nppc3SSTjfm', '74_lag_shSICsep', '68_lag_nppc2SSTjfm', '68_lag_wnorPRjfm', '78_lag_yrvPRjja', '61_lag_66_median_mhfIP30', '71_lag_ginwSSTjfm', '78_lag_stratZ50ndj01', '74_lag_tripol3', '70_lag_nppc2SSTjfm', '80_lag_nppc3SSTjfm', '80_lag_tripol3', '73_lag_stratZ50ndj04', '61_lag_mhfIP30', '76_lag_traIT', '69_lag_traIT']","[0.11468322061228715, 0.09173387832932531, 0.06640599220001099, 0.017129430173374222, 0.002741469865490012, 0.07754994258275516, 0.04895630426127329, 0.03901945466792286, 0.04188866291365108, 0.019947762276030512, 0.02536700730278682, 0.08044357755420761, 0.027027166159874414, 0.03672760419869116, 0.021382146784338696, 0.10443297112587435, 0.13265411856304413, 0.09492884371232622, 0.04279565369372606, 0.11342905554475043, 0.07263570157578844, 0.1113685849528364, 0.006568952841558574, 0.02381985916500761, 0.07873537939239993, 0.12164788454238121, 0.1618569550714176, 0.0649266433474627, 0.047819709786647846, 0.10431238876970671]","64_lag_glomaSSTjfm, 72_lag_AMOCann, 61_lag_66_median_traTLS, 65_lag_shSICmar, 71_lag_mhfIP30, 80_lag_traFB, 74_lag_stratZ50ndj02, 77_lag_nhSICsep, 63_lag_seurTSjfm, 79_lag_traFB, 67_lag_stratZ50ndj03, 78_lag_ismPRjja, 72_lag_wnorPRjfm, 61_lag_amo3, 75_lag_nppc3SSTjfm, 74_lag_shSICsep, 68_lag_nppc2SSTjfm, 68_lag_wnorPRjfm, 78_lag_yrvPRjja, 61_lag_66_median_mhfIP30, 71_lag_ginwSSTjfm, 78_lag_stratZ50ndj01, 74_lag_tripol3, 70_lag_nppc2SSTjfm, 80_lag_nppc3SSTjfm, 80_lag_tripol3, 73_lag_stratZ50ndj04, 61_lag_mhfIP30, 76_lag_traIT, 69_lag_traIT_2496_61"
LinearRegression,67,30,traWP,picntrl,1133.5,2050.5,0.8,82,62,62,12.341860622907639,0.12226730612312259,2496,"['62_lag_66_median_traEC', '75_lag_nppc3SSTjfm', '67_lag_arcTSjfm', '80_lag_shSICsep', '69_lag_stratZ50ndj01', '66_lag_stratZ50ndj02', '74_lag_shSICsep', '68_lag_naoPSLjfm', '74_lag_tripol3', '70_lag_scpPSLjfm', '72_lag_stratZ50ndj02', '68_lag_wnorPRjfm', '77_lag_traDS', '67_lag_stratZ50ndj03', '79_lag_traFB', '62_lag_traIT', '80_lag_nppc3SSTjfm', '78_lag_yrvPRjja', '77_lag_nhSICsep', '76_lag_stratZ50ndj03', '78_lag_ismPRjja', '68_lag_nppc2SSTjfm', '62_lag_traDP', '71_lag_ginwSSTjfm', '74_lag_stratZ50ndj02', '69_lag_traIT', '80_lag_tripol3', '73_lag_stratZ50ndj04', '78_lag_stratZ50ndj01', '76_lag_traIT']","[0.006322994868291195, 0.034939237644568105, 0.02915447048269575, 0.15365677163754446, 0.06802775006087933, 0.05644603273952522, 0.020796968425950614, 0.07757570739578125, 0.016530885645772608, 0.032129188832400485, 0.04744947862935569, 0.15373260130324856, 0.042079072311107815, 0.03152180994252139, 0.0023857420859435172, 0.0728607065348578, 0.08094535966381354, 0.053052312798337886, 0.05242926914918646, 0.02934261897673301, 0.07392617298049131, 0.1203690101593217, 0.06756176221015696, 0.09243213846738077, 0.06007525105369066, 0.10028079328843623, 0.09468046037554123, 0.15586945701339755, 0.09781887924940691, 0.07581742299600426]","62_lag_66_median_traEC, 75_lag_nppc3SSTjfm, 67_lag_arcTSjfm, 80_lag_shSICsep, 69_lag_stratZ50ndj01, 66_lag_stratZ50ndj02, 74_lag_shSICsep, 68_lag_naoPSLjfm, 74_lag_tripol3, 70_lag_scpPSLjfm, 72_lag_stratZ50ndj02, 68_lag_wnorPRjfm, 77_lag_traDS, 67_lag_stratZ50ndj03, 79_lag_traFB, 62_lag_traIT, 80_lag_nppc3SSTjfm, 78_lag_yrvPRjja, 77_lag_nhSICsep, 76_lag_stratZ50ndj03, 78_lag_ismPRjja, 68_lag_nppc2SSTjfm, 62_lag_traDP, 71_lag_ginwSSTjfm, 74_lag_stratZ50ndj02, 69_lag_traIT, 80_lag_tripol3, 73_lag_stratZ50ndj04, 78_lag_stratZ50ndj01, 76_lag_traIT_2496_62"
LinearRegression,68,30,traWP,picntrl,1134.5,2050.5,0.8,83,63,63,11.710539197050354,0.14361206595983628,2496,"['72_lag_stratZ50ndj03', '68_lag_traEC', '78_lag_ginwSSTjfm', '76_lag_stratZ50ndj03', '75_lag_AMOCann', '72_lag_stratZ50ndj02', '78_lag_stratZ50ndj02', '82_lag_nchinaPRjja', '70_lag_tripol3', '79_lag_traFB', '63_lag_stratZ50ndj01', '63_lag_AMOCann', '69_lag_ensoSSTjfm', '71_lag_ginwSSTjfm', '63_lag_66_median_tripol3', '68_lag_wnorPRjfm', '74_lag_shSICsep', '77_lag_traDS', '75_lag_naoPSLjfm', '78_lag_ismPRjja', '80_lag_nppc3SSTjfm', '68_lag_nppc2SSTjfm', '78_lag_yrvPRjja', '63_lag_seurTSjfm', '69_lag_traIT', '80_lag_tripol3', '74_lag_stratZ50ndj02', '76_lag_traIT', '78_lag_stratZ50ndj01', '73_lag_stratZ50ndj04']","[0.014846593938272978, 0.08346111140688381, 0.087599398849395, 0.018547938883471532, 0.04630110192254331, 0.040377144125130104, 0.08868153130762349, 0.10308930593667273, 0.013616883841171894, 0.007659360244803833, 0.04116647793497533, 0.04371156894249629, 0.06376939960930304, 0.07670950706357031, 0.00440625988174273, 0.10912997835660636, 0.10330016911827607, 0.05433968121540231, 0.05380067872680383, 0.0713917971991567, 0.06893555221683104, 0.13815768625343094, 0.04450894743833541, 0.03864844809979301, 0.12976492433184997, 0.12242574068354375, 0.050925371395376055, 0.07500914982695132, 0.09762605197531071, 0.13850301937901277]","72_lag_stratZ50ndj03, 68_lag_traEC, 78_lag_ginwSSTjfm, 76_lag_stratZ50ndj03, 75_lag_AMOCann, 72_lag_stratZ50ndj02, 78_lag_stratZ50ndj02, 82_lag_nchinaPRjja, 70_lag_tripol3, 79_lag_traFB, 63_lag_stratZ50ndj01, 63_lag_AMOCann, 69_lag_ensoSSTjfm, 71_lag_ginwSSTjfm, 63_lag_66_median_tripol3, 68_lag_wnorPRjfm, 74_lag_shSICsep, 77_lag_traDS, 75_lag_naoPSLjfm, 78_lag_ismPRjja, 80_lag_nppc3SSTjfm, 68_lag_nppc2SSTjfm, 78_lag_yrvPRjja, 63_lag_seurTSjfm, 69_lag_traIT, 80_lag_tripol3, 74_lag_stratZ50ndj02, 76_lag_traIT, 78_lag_stratZ50ndj01, 73_lag_stratZ50ndj04_2496_63"
LinearRegression,69,30,traWP,picntrl,1135.5,2050.5,0.8,84,64,64,11.94000319279122,0.20125517898281606,2496,"['78_lag_stratZ50ndj01', '81_lag_amo3', '64_lag_ormenSSTjfm', '80_lag_shSICsep', '76_lag_eapPSLjfm', '79_lag_traWP', '78_lag_yrvPRjja', '64_lag_traIFC', '75_lag_stratZ50ndj03', '69_lag_traIT', '66_lag_ismPRjja', '76_lag_mhfATL60', '82_lag_cetTSjfm', '83_lag_yrvPRjja', '71_lag_ginwSSTjfm', '70_lag_tripol3', '74_lag_shSICsep', '74_lag_tripol3', '83_lag_mhfIP30', '83_lag_amo2', '75_lag_naoPSLjfm', '64_lag_67_median_arcTSjfm', '68_lag_nppc2SSTjfm', '72_lag_stratZ50ndj02', '68_lag_wnorPRjfm', '74_lag_stratZ50ndj02', '64_lag_amoSSTmjjaso', '80_lag_tripol3', '76_lag_traIT', '73_lag_stratZ50ndj04']","[0.11625399603942016, 0.031375792730845814, 0.02343230174406556, 0.16670669747475242, 0.042792486087064395, 0.03952515206681336, 0.031173581764934826, 0.06520460416989765, 0.08357055092980242, 0.08948022277065852, 0.02809532123567721, 0.07505937284588562, 0.06433797190778705, 0.041980932952982865, 0.0846256906265143, 0.02426608843033765, 0.03435376579238699, 0.0066268642352324166, 0.04828355552957897, 0.056044509217381314, 0.04279407806805536, 0.09048689092615837, 0.12747650942093025, 0.0494103681475266, 0.09854480087606309, 0.04712648033985408, 0.05747350935855718, 0.10712391125134071, 0.0682869540204147, 0.1675688642189897]","78_lag_stratZ50ndj01, 81_lag_amo3, 64_lag_ormenSSTjfm, 80_lag_shSICsep, 76_lag_eapPSLjfm, 79_lag_traWP, 78_lag_yrvPRjja, 64_lag_traIFC, 75_lag_stratZ50ndj03, 69_lag_traIT, 66_lag_ismPRjja, 76_lag_mhfATL60, 82_lag_cetTSjfm, 83_lag_yrvPRjja, 71_lag_ginwSSTjfm, 70_lag_tripol3, 74_lag_shSICsep, 74_lag_tripol3, 83_lag_mhfIP30, 83_lag_amo2, 75_lag_naoPSLjfm, 64_lag_67_median_arcTSjfm, 68_lag_nppc2SSTjfm, 72_lag_stratZ50ndj02, 68_lag_wnorPRjfm, 74_lag_stratZ50ndj02, 64_lag_amoSSTmjjaso, 80_lag_tripol3, 76_lag_traIT, 73_lag_stratZ50ndj04_2496_64"
LinearRegression,70,30,traWP,picntrl,1136.5,2050.5,0.8,85,65,67,12.076856219469555,0.15295435886682482,2496,"['68_lag_naoPSLjfm', '78_lag_stratZ50ndj02', '78_lag_yrvPRjja', '78_lag_stratZ50ndj01', '84_lag_shSICmar', '71_lag_eurPSLjfm', '72_lag_stratZ50ndj02', '78_lag_ismPRjja', '79_lag_nhTSjfm', '76_lag_traBO', '78_lag_ginwSSTjfm', '76_lag_mhfATL60', '74_lag_amo1', '82_lag_amo1', '67_lag_stratZ50ndj03', '74_lag_tripol3', '84_lag_tripol3', '84_lag_traWP', '75_lag_naoPSLjfm', '68_lag_nppc2SSTjfm', '78_lag_mhfATL60', '84_lag_cetTSjfm', '74_lag_shSICsep', '75_lag_stratZ50ndj03', '74_lag_stratZ50ndj02', '83_lag_amo2', '80_lag_tripol3', '68_lag_wnorPRjfm', '76_lag_traIT', '73_lag_stratZ50ndj04']","[0.012840900975572759, 0.08248941093514081, 0.05246113160479538, 0.11427071006145437, 0.11654524761710651, 0.029442050113135915, 0.038889309185294645, 0.051142295405678426, 0.1733530889051088, 0.0009550690374370553, 0.09946440276537138, 0.02865017052956692, 0.09248844364305285, 0.0042065171272831015, 0.05057552463378487, 0.009867443209275897, 0.01872746774348964, 0.011983977026473337, 0.04425629333721101, 0.13766859525399078, 0.11111965906412542, 0.07191670703397442, 0.09906611840958697, 0.08233182649539555, 0.05773357027193953, 0.04673966760832086, 0.1205194507140642, 0.11560849903202372, 0.0681182659000781, 0.17042605577110975]","68_lag_naoPSLjfm, 78_lag_stratZ50ndj02, 78_lag_yrvPRjja, 78_lag_stratZ50ndj01, 84_lag_shSICmar, 71_lag_eurPSLjfm, 72_lag_stratZ50ndj02, 78_lag_ismPRjja, 79_lag_nhTSjfm, 76_lag_traBO, 78_lag_ginwSSTjfm, 76_lag_mhfATL60, 74_lag_amo1, 82_lag_amo1, 67_lag_stratZ50ndj03, 74_lag_tripol3, 84_lag_tripol3, 84_lag_traWP, 75_lag_naoPSLjfm, 68_lag_nppc2SSTjfm, 78_lag_mhfATL60, 84_lag_cetTSjfm, 74_lag_shSICsep, 75_lag_stratZ50ndj03, 74_lag_stratZ50ndj02, 83_lag_amo2, 80_lag_tripol3, 68_lag_wnorPRjfm, 76_lag_traIT, 73_lag_stratZ50ndj04_2496_67"
LinearRegression,71,30,traWP,picntrl,1137.5,2050.5,0.8,86,66,66,12.278432017745471,0.13859682839828816,2496,"['76_lag_atlSICjfm', '79_lag_traFB', '73_lag_neurTSjfm', '78_lag_amoSSTmjjaso', '70_lag_nppc2SSTjfm', '66_lag_71_median_atlSICsep', '71_lag_eurPSLjfm', '84_lag_cetTSjfm', '75_lag_amoSSTmjjaso', '66_lag_satlSSTjfm', '68_lag_nppc2SSTjfm', '69_lag_traIFC', '72_lag_stratZ50ndj02', '83_lag_ormenSSTjfm', '69_lag_eapPSLjfm', '85_lag_traMC', '79_lag_nhTSjfm', '82_lag_mhfIP30', '76_lag_mhfATL60', '74_lag_shSICsep', '85_lag_traBS', '80_lag_tripol3', '74_lag_amo1', '78_lag_mhfATL60', '83_lag_amo2', '76_lag_traIT', '75_lag_naoPSLjfm', '74_lag_stratZ50ndj02', '68_lag_wnorPRjfm', '73_lag_stratZ50ndj04']","[0.018850686856524815, 0.003708178685667876, 0.00550979205651036, 0.04352161729524557, 0.030897902559030077, 0.06396936507161018, 0.029578453943435137, 0.050024568727959205, 0.04973795043175543, 0.04484024153056903, 0.13609968396868413, 0.015038840233692603, 0.04686014569133632, 0.07803462844933776, 0.08722159195808611, 0.07248223638515505, 0.1642202107601208, 0.07537127364840825, 0.05767120210815812, 0.11893392328849667, 0.06180097037200706, 0.122174734716201, 0.07014077625432041, 0.12509553132205412, 0.029749775732655186, 0.055597373831835134, 0.03255403537488515, 0.051967190861312504, 0.10010227494894758, 0.17468843235382467]","76_lag_atlSICjfm, 79_lag_traFB, 73_lag_neurTSjfm, 78_lag_amoSSTmjjaso, 70_lag_nppc2SSTjfm, 66_lag_71_median_atlSICsep, 71_lag_eurPSLjfm, 84_lag_cetTSjfm, 75_lag_amoSSTmjjaso, 66_lag_satlSSTjfm, 68_lag_nppc2SSTjfm, 69_lag_traIFC, 72_lag_stratZ50ndj02, 83_lag_ormenSSTjfm, 69_lag_eapPSLjfm, 85_lag_traMC, 79_lag_nhTSjfm, 82_lag_mhfIP30, 76_lag_mhfATL60, 74_lag_shSICsep, 85_lag_traBS, 80_lag_tripol3, 74_lag_amo1, 78_lag_mhfATL60, 83_lag_amo2, 76_lag_traIT, 75_lag_naoPSLjfm, 74_lag_stratZ50ndj02, 68_lag_wnorPRjfm, 73_lag_stratZ50ndj04_2496_66"
LinearRegression,72,30,traWP,picntrl,1138.5,2050.5,0.8,87,67,67,12.96803480041197,0.0719476057483368,2496,"['68_lag_wnorPRjfm', '72_lag_amo3', '67_lag_68_median_wnorPRjfm', '80_lag_traDS', '67_lag_70_median_traMC', '85_lag_traBS', '84_lag_shSICmar', '69_lag_traIFC', '75_lag_amo2', '67_lag_70_median_tripol3', '67_lag_arcTSjfm', '78_lag_ginwSSTjfm', '76_lag_atlSICjfm', '72_lag_stratZ50ndj02', '76_lag_mhfATL60', '79_lag_nhTSjfm', '75_lag_stratZ50ndj03', '71_lag_traEU', '78_lag_mhfATL60', '82_lag_mhfIP30', '71_lag_eurPSLjfm', '83_lag_amo2', '67_lag_72_median_alpi', '80_lag_tripol3', '76_lag_traIT', '75_lag_amoSSTmjjaso', '84_lag_cetTSjfm', '74_lag_stratZ50ndj02', '73_lag_stratZ50ndj04', '75_lag_naoPSLjfm']","[0.04847537206975205, 0.031003058430790098, 0.048475372069752054, 0.11179751377626922, 0.13086445421593382, 0.0671420606085718, 0.12490579058822728, 0.021625347460873755, 0.00885782108957657, 0.028171075959203155, 0.07206050143919795, 0.11688781420526415, 0.028332078228640083, 0.043983282384892596, 0.04887537756637929, 0.14734797781562492, 0.08496995391315403, 0.05959672084642886, 0.0940639444456732, 0.06964411000795157, 0.0108339679462903, 0.07577827957341678, 0.13424602617697665, 0.12668317498155085, 0.0737523178968758, 0.06870702213320189, 0.08172421759088554, 0.062426177209188055, 0.1629238840567475, 0.04042377458126627]","68_lag_wnorPRjfm, 72_lag_amo3, 67_lag_68_median_wnorPRjfm, 80_lag_traDS, 67_lag_70_median_traMC, 85_lag_traBS, 84_lag_shSICmar, 69_lag_traIFC, 75_lag_amo2, 67_lag_70_median_tripol3, 67_lag_arcTSjfm, 78_lag_ginwSSTjfm, 76_lag_atlSICjfm, 72_lag_stratZ50ndj02, 76_lag_mhfATL60, 79_lag_nhTSjfm, 75_lag_stratZ50ndj03, 71_lag_traEU, 78_lag_mhfATL60, 82_lag_mhfIP30, 71_lag_eurPSLjfm, 83_lag_amo2, 67_lag_72_median_alpi, 80_lag_tripol3, 76_lag_traIT, 75_lag_amoSSTmjjaso, 84_lag_cetTSjfm, 74_lag_stratZ50ndj02, 73_lag_stratZ50ndj04, 75_lag_naoPSLjfm_2496_67"
LinearRegression,73,30,traWP,picntrl,1139.5,2050.5,0.8,88,68,68,12.608164524235514,0.1603815129896673,2496,"['78_lag_satlSSTjfm', '68_lag_nchinaPRjja', '74_lag_neurTSjfm', '86_lag_ensoSSTjfm', '86_lag_traTLS', '83_lag_amo2', '75_lag_stratZ50ndj03', '85_lag_traBS', '80_lag_seurTSjfm', '71_lag_traEU', '68_lag_nppc2SSTjfm', '81_lag_gyreSSTjfm', '68_lag_71_median_nhTSjfm', '84_lag_shSICsep', '77_lag_traBS', '76_lag_traBS', '78_lag_mhfATL60', '76_lag_traIT', '74_lag_shSICsep', '78_lag_stratZ50ndj02', '72_lag_amo3', '82_lag_mhfIP30', '80_lag_tripol3', '85_lag_shSICsep', '68_lag_72_median_alpi', '82_lag_nchinaPRjja', '73_lag_stratZ50ndj04', '68_lag_wnorPRjfm', '74_lag_stratZ50ndj02', '75_lag_naoPSLjfm']","[0.08363058784874733, 0.010574616405812212, 0.03604242089781389, 0.046696805378051105, 0.09674756751632657, 0.0533812632076824, 0.08014637376395219, 0.07280703132925216, 0.10814392089264062, 0.03645102979724456, 0.17938405718209183, 0.09938323633379988, 0.007477026758389572, 0.04545773936174758, 0.05736143518904195, 0.054281865530472574, 0.09551370536299497, 0.058973214471440494, 0.06979378693189309, 0.10233407781829171, 0.07552791632701154, 0.10065099914325389, 0.10167672452056221, 0.06343020026992936, 0.16259748907775776, 0.11815921456616056, 0.15190369739307003, 0.09241858786559654, 0.07456625316599792, 0.044564047255363635]","78_lag_satlSSTjfm, 68_lag_nchinaPRjja, 74_lag_neurTSjfm, 86_lag_ensoSSTjfm, 86_lag_traTLS, 83_lag_amo2, 75_lag_stratZ50ndj03, 85_lag_traBS, 80_lag_seurTSjfm, 71_lag_traEU, 68_lag_nppc2SSTjfm, 81_lag_gyreSSTjfm, 68_lag_71_median_nhTSjfm, 84_lag_shSICsep, 77_lag_traBS, 76_lag_traBS, 78_lag_mhfATL60, 76_lag_traIT, 74_lag_shSICsep, 78_lag_stratZ50ndj02, 72_lag_amo3, 82_lag_mhfIP30, 80_lag_tripol3, 85_lag_shSICsep, 68_lag_72_median_alpi, 82_lag_nchinaPRjja, 73_lag_stratZ50ndj04, 68_lag_wnorPRjfm, 74_lag_stratZ50ndj02, 75_lag_naoPSLjfm_2496_68"
LinearRegression,74,30,traWP,picntrl,1140.5,2050.5,0.8,89,69,69,13.346685715338916,-0.061351377804986104,2496,"['78_lag_yrvPRjja', '69_lag_74_median_traTLS', '73_lag_glomaSSTjfm', '83_lag_traDS', '76_lag_atlSICjfm', '87_lag_ormenSSTjfm', '78_lag_stratZ50ndj01', '73_lag_traDS', '73_lag_neurTSjfm', '80_lag_tripol3', '76_lag_mhfATL60', '75_lag_amo2', '82_lag_amo1', '69_lag_amo2', '73_lag_stratZ50ndj04', '78_lag_mhfATL60', '77_lag_amoSSTmjjaso', '80_lag_traDS', '74_lag_amo1', '82_lag_nchinaPRjja', '83_lag_ormenSSTjfm', '80_lag_nppc3SSTjfm', '88_lag_tripol3', '69_lag_mhfIP30', '74_lag_stratZ50ndj02', '84_lag_shSICmar', '69_lag_eapPSLjfm', '76_lag_traIT', '75_lag_naoPSLjfm', '88_lag_naoPSLjfm']","[0.06758584307450673, 0.21779398800056274, 0.06682778160372684, 0.0014609585814353435, 0.047603458330965194, 0.06058251906951412, 0.11865924115823917, 0.07007165407318619, 0.009586053727895486, 0.1278662274766223, 0.08235695412351172, 0.00975290930930661, 0.008855820234374872, 0.015680451887960085, 0.17874267582405426, 0.07039296579473538, 0.023542225049426668, 0.09999185163976672, 0.06504574835224024, 0.08341248725488548, 0.086959560975596, 0.0496512723477235, 0.004859391903070607, 0.08936060529113385, 0.06939685915276975, 0.1261105115296571, 0.061147985044631335, 0.0531628548977831, 0.04282530949485827, 0.06291744912762567]","78_lag_yrvPRjja, 69_lag_74_median_traTLS, 73_lag_glomaSSTjfm, 83_lag_traDS, 76_lag_atlSICjfm, 87_lag_ormenSSTjfm, 78_lag_stratZ50ndj01, 73_lag_traDS, 73_lag_neurTSjfm, 80_lag_tripol3, 76_lag_mhfATL60, 75_lag_amo2, 82_lag_amo1, 69_lag_amo2, 73_lag_stratZ50ndj04, 78_lag_mhfATL60, 77_lag_amoSSTmjjaso, 80_lag_traDS, 74_lag_amo1, 82_lag_nchinaPRjja, 83_lag_ormenSSTjfm, 80_lag_nppc3SSTjfm, 88_lag_tripol3, 69_lag_mhfIP30, 74_lag_stratZ50ndj02, 84_lag_shSICmar, 69_lag_eapPSLjfm, 76_lag_traIT, 75_lag_naoPSLjfm, 88_lag_naoPSLjfm_2496_69"
LinearRegression,75,30,traWP,picntrl,1141.5,2050.5,0.8,90,70,70,13.26467272839528,0.0798680904767646,2496,"['76_lag_mhfATL45', '72_lag_mhfATL45', '81_lag_stratZ50ndj01', '80_lag_shSICsep', '83_lag_ormenSSTjfm', '83_lag_traFSC', '80_lag_traDS', '87_lag_naoPSLjfm', '80_lag_seurTSjfm', '89_lag_traTLS', '75_lag_mhfATL30', '79_lag_nhTSjfm', '89_lag_traFB', '75_lag_amo2', '74_lag_stratZ50ndj02', '75_lag_naoPSLjfm', '88_lag_alpi', '77_lag_amoSSTmjjaso', '83_lag_traDS', '76_lag_mhfATL60', '80_lag_nppc3SSTjfm', '84_lag_shSICmar', '78_lag_stratZ50ndj01', '70_lag_traTLS', '76_lag_traIT', '73_lag_stratZ50ndj04', '87_lag_ormenSSTjfm', '74_lag_amo1', '88_lag_naoPSLjfm', '72_lag_traIT']","[0.06448926791958107, 0.1342411651453249, 0.09693248206780315, 0.1536638337075449, 0.12232093095069743, 0.16821493126102027, 0.09324540310196007, 0.08218807480199301, 0.11422859268178313, 0.005842933147940951, 0.07806482299780852, 0.15150081913424526, 0.0722322879158497, 0.030033885016124386, 0.06423169259949675, 0.060023091293384484, 0.010736859943781183, 0.03224702027181524, 0.10647160883854836, 0.05769674386674545, 0.03961905269469906, 0.13913607801824246, 0.11736377509443569, 0.019975468626163395, 0.05793746495650508, 0.166857314291673, 0.09225349843728385, 0.11977101019086495, 0.04404877658297755, 0.0009636283021300365]","76_lag_mhfATL45, 72_lag_mhfATL45, 81_lag_stratZ50ndj01, 80_lag_shSICsep, 83_lag_ormenSSTjfm, 83_lag_traFSC, 80_lag_traDS, 87_lag_naoPSLjfm, 80_lag_seurTSjfm, 89_lag_traTLS, 75_lag_mhfATL30, 79_lag_nhTSjfm, 89_lag_traFB, 75_lag_amo2, 74_lag_stratZ50ndj02, 75_lag_naoPSLjfm, 88_lag_alpi, 77_lag_amoSSTmjjaso, 83_lag_traDS, 76_lag_mhfATL60, 80_lag_nppc3SSTjfm, 84_lag_shSICmar, 78_lag_stratZ50ndj01, 70_lag_traTLS, 76_lag_traIT, 73_lag_stratZ50ndj04, 87_lag_ormenSSTjfm, 74_lag_amo1, 88_lag_naoPSLjfm, 72_lag_traIT_2496_70"
LinearRegression,76,30,traWP,picntrl,1142.5,2050.5,0.8,91,71,71,12.929702020492623,0.022615519011176595,2496,"['71_lag_eapPSLjfm', '71_lag_mhfATL45', '83_lag_ormenSSTjfm', '82_lag_nchinaPRjja', '80_lag_shSICsep', '85_lag_traBS', '71_lag_shSICsep', '73_lag_nchinaPRjja', '71_lag_traEU', '73_lag_stratZ50ndj04', '74_lag_stratZ50ndj02', '89_lag_traTLS', '89_lag_stratZ50ndj02', '78_lag_labSSTjfm', '78_lag_traFB', '79_lag_traFB', '90_lag_amo3', '71_lag_atlSICjfm', '84_lag_shSICmar', '86_lag_stratZ50ndj03', '75_lag_naoPSLjfm', '89_lag_traWP', '75_lag_amo2', '71_lag_76_median_atlSICjfm', '88_lag_naoPSLjfm', '90_lag_scpPSLjfm', '90_lag_ismPRjja', '89_lag_traFB', '85_lag_traEU', '90_lag_traTLS']","[0.09306974663171086, 0.030858235754773863, 0.06301713269111098, 0.0885565747661272, 0.1385026597982634, 0.06991605607895031, 0.058231164086957325, 0.037622291696931646, 0.04169027812245827, 0.15470748210314667, 0.06435774226674361, 0.0061693669070757885, 0.0680055637271109, 0.009966933615201293, 0.012498466325697751, 0.049856545543238845, 0.0038014733486813335, 0.03046566599244175, 0.10111046482350135, 0.0318949014340985, 0.026277365874868067, 0.1150326421166114, 0.0008207552182625413, 0.07915517073674917, 0.06192278982399327, 0.08160210300241716, 0.040609702635067906, 0.11618474080566862, 0.031248124562474604, 0.08923827380061147]","71_lag_eapPSLjfm, 71_lag_mhfATL45, 83_lag_ormenSSTjfm, 82_lag_nchinaPRjja, 80_lag_shSICsep, 85_lag_traBS, 71_lag_shSICsep, 73_lag_nchinaPRjja, 71_lag_traEU, 73_lag_stratZ50ndj04, 74_lag_stratZ50ndj02, 89_lag_traTLS, 89_lag_stratZ50ndj02, 78_lag_labSSTjfm, 78_lag_traFB, 79_lag_traFB, 90_lag_amo3, 71_lag_atlSICjfm, 84_lag_shSICmar, 86_lag_stratZ50ndj03, 75_lag_naoPSLjfm, 89_lag_traWP, 75_lag_amo2, 71_lag_76_median_atlSICjfm, 88_lag_naoPSLjfm, 90_lag_scpPSLjfm, 90_lag_ismPRjja, 89_lag_traFB, 85_lag_traEU, 90_lag_traTLS_2496_71"
LinearRegression,77,30,traWP,picntrl,1143.5,2050.5,0.8,92,72,72,13.395676032537912,-0.14279009460597117,2496,"['72_lag_traIT', '86_lag_stratZ50ndj03', '75_lag_mhfATL30', '72_lag_nhSICsep', '78_lag_labSSTjfm', '88_lag_naoPSLjfm', '79_lag_traFB', '72_lag_traCA', '72_lag_75_median_nhSICjfm', '72_lag_stratZ50ndj02', '84_lag_shSICsep', '87_lag_nchinaPRjja', '82_lag_amo1', '84_lag_shSICmar', '90_lag_mhfIP30', '72_lag_75_median_stratZ50ndj03', '75_lag_amo2', '82_lag_nchinaPRjja', '83_lag_ormenSSTjfm', '77_lag_cetTSjfm', '72_lag_75_median_wnorPRjfm', '89_lag_traWP', '89_lag_traFB', '72_lag_75_median_ormenSSTjfm', '91_lag_traEU', '89_lag_traTLS', '91_lag_stratZ50ndj02', '72_lag_amo2', '90_lag_traTLS', '90_lag_scpPSLjfm']","[0.014013250143379348, 0.02352374501768277, 0.07256705948317785, 0.03664290988065798, 0.035422245752929814, 0.08380130602673742, 0.010285123216826753, 0.05432910047575715, 0.008300830239324106, 0.06832486820952983, 0.05148883662902104, 0.041657000573774965, 0.0063287745385172765, 0.10189930324190266, 0.03612115368637315, 0.08923476021713794, 0.03661462667213542, 0.10124590029376856, 0.049147910746411685, 0.09908927058875348, 0.0018926344166496061, 0.13006239800818573, 0.11790744615335508, 0.1400393113729289, 0.11895098238029451, 0.0032326238889547106, 0.02775847943662541, 0.1189975110400645, 0.06206634087366112, 0.10163746477625485]","72_lag_traIT, 86_lag_stratZ50ndj03, 75_lag_mhfATL30, 72_lag_nhSICsep, 78_lag_labSSTjfm, 88_lag_naoPSLjfm, 79_lag_traFB, 72_lag_traCA, 72_lag_75_median_nhSICjfm, 72_lag_stratZ50ndj02, 84_lag_shSICsep, 87_lag_nchinaPRjja, 82_lag_amo1, 84_lag_shSICmar, 90_lag_mhfIP30, 72_lag_75_median_stratZ50ndj03, 75_lag_amo2, 82_lag_nchinaPRjja, 83_lag_ormenSSTjfm, 77_lag_cetTSjfm, 72_lag_75_median_wnorPRjfm, 89_lag_traWP, 89_lag_traFB, 72_lag_75_median_ormenSSTjfm, 91_lag_traEU, 89_lag_traTLS, 91_lag_stratZ50ndj02, 72_lag_amo2, 90_lag_traTLS, 90_lag_scpPSLjfm_2496_72"
LinearRegression,78,30,traWP,picntrl,1144.5,2050.5,0.8,93,73,73,12.378812327501066,0.03940399211118158,2496,"['87_lag_nchinaPRjja', '73_lag_mhfIP30', '73_lag_82_median_tripol1', '78_lag_labSSTjfm', '89_lag_neurTSjfm', '76_lag_traIT', '76_lag_nppc3SSTjfm', '86_lag_traWP', '84_lag_shSICmar', '84_lag_cetTSjfm', '84_lag_shSICsep', '83_lag_traFSC', '73_lag_78_median_nhSICsep', '89_lag_traWP', '78_lag_ginwSSTjfm', '78_lag_ismPRjja', '82_lag_nchinaPRjja', '83_lag_ormenSSTjfm', '92_lag_traIFC', '76_lag_AMOCann', '73_lag_yrvPRjja', '86_lag_stratZ50ndj03', '73_lag_mhfATL60', '90_lag_scpPSLjfm', '82_lag_amo1', '91_lag_stratZ50ndj02', '90_lag_traTLS', '77_lag_stratZ50ndj04', '89_lag_traTLS', '92_lag_atlSICsep']","[0.03567775858116339, 0.07005266479816438, 0.0010142016728670498, 0.009079801972264318, 0.03673419409377159, 0.05300631061688685, 0.08198038017371624, 0.024443880132129024, 0.10603193947728719, 0.050942782334604746, 0.12713962980512047, 0.04866822520188549, 0.10486594585213105, 0.06472170060757083, 0.09313370312183739, 0.064535529697451, 0.09683492895000599, 0.07338223756495214, 0.08601496733810227, 0.07807375868674829, 0.031395140509024845, 0.026468563281133083, 0.032479401651765875, 0.10426161236607553, 0.00797173164520369, 0.030223966091349686, 0.06587939985156992, 0.06396728972896167, 6.598395704081111e-05, 0.058594160185677896]","87_lag_nchinaPRjja, 73_lag_mhfIP30, 73_lag_82_median_tripol1, 78_lag_labSSTjfm, 89_lag_neurTSjfm, 76_lag_traIT, 76_lag_nppc3SSTjfm, 86_lag_traWP, 84_lag_shSICmar, 84_lag_cetTSjfm, 84_lag_shSICsep, 83_lag_traFSC, 73_lag_78_median_nhSICsep, 89_lag_traWP, 78_lag_ginwSSTjfm, 78_lag_ismPRjja, 82_lag_nchinaPRjja, 83_lag_ormenSSTjfm, 92_lag_traIFC, 76_lag_AMOCann, 73_lag_yrvPRjja, 86_lag_stratZ50ndj03, 73_lag_mhfATL60, 90_lag_scpPSLjfm, 82_lag_amo1, 91_lag_stratZ50ndj02, 90_lag_traTLS, 77_lag_stratZ50ndj04, 89_lag_traTLS, 92_lag_atlSICsep_2496_73"
LinearRegression,79,30,traWP,picntrl,1145.5,2050.5,0.8,94,74,74,12.706101437052364,-0.12643108021149924,2496,"['88_lag_cetTSjfm', '76_lag_traIT', '86_lag_traCA', '86_lag_satlSSTjfm', '83_lag_ormenSSTjfm', '85_lag_scpPSLjfm', '77_lag_samPSLann', '81_lag_satlSSTjfm', '91_lag_satlSSTjfm', '89_lag_traTLS', '93_lag_stratZ50ndj04', '80_lag_tripol3', '91_lag_amo3', '92_lag_traFB', '84_lag_eurPSLjfm', '78_lag_ismPRjja', '85_lag_ensoSSTjfm', '88_lag_naoPSLjfm', '85_lag_traBS', '74_lag_77_median_amoSSTmjjaso', '78_lag_satlSSTjfm', '93_lag_shSICsep', '92_lag_atlSICsep', '90_lag_scpPSLjfm', '82_lag_amo1', '87_lag_ormenSSTjfm', '93_lag_stratZ50ndj02', '82_lag_nchinaPRjja', '77_lag_stratZ50ndj04', '86_lag_stratZ50ndj03']","[0.01989368516409921, 0.08447155099695869, 0.042743579530091586, 0.15035657778497388, 0.05090719137278181, 0.03460530811341923, 0.00808774106164698, 0.012795714805262938, 0.07417661839997071, 0.011252164187070812, 0.05626889711481014, 0.10941053141088669, 0.05367868390886286, 0.052568418931923246, 0.02594902957096012, 0.05692303238675642, 0.0005756002064950265, 0.07413930492658084, 0.06970961269170933, 0.02685300018390535, 0.07936596356601053, 0.06587767159681401, 0.0682450470819904, 0.07060802508027367, 0.027193051404629333, 0.029751545340823318, 0.07677892899987203, 0.11007969520632642, 0.06578438816544604, 0.04351429827045871]","88_lag_cetTSjfm, 76_lag_traIT, 86_lag_traCA, 86_lag_satlSSTjfm, 83_lag_ormenSSTjfm, 85_lag_scpPSLjfm, 77_lag_samPSLann, 81_lag_satlSSTjfm, 91_lag_satlSSTjfm, 89_lag_traTLS, 93_lag_stratZ50ndj04, 80_lag_tripol3, 91_lag_amo3, 92_lag_traFB, 84_lag_eurPSLjfm, 78_lag_ismPRjja, 85_lag_ensoSSTjfm, 88_lag_naoPSLjfm, 85_lag_traBS, 74_lag_77_median_amoSSTmjjaso, 78_lag_satlSSTjfm, 93_lag_shSICsep, 92_lag_atlSICsep, 90_lag_scpPSLjfm, 82_lag_amo1, 87_lag_ormenSSTjfm, 93_lag_stratZ50ndj02, 82_lag_nchinaPRjja, 77_lag_stratZ50ndj04, 86_lag_stratZ50ndj03_2496_74"
LinearRegression,80,30,traWP,picntrl,1146.5,2050.5,0.8,95,75,77,13.299494328470402,-0.04451255852713196,2496,"['94_lag_satlSSTjfm', '93_lag_shSICsep', '88_lag_traBS', '77_lag_traBS', '89_lag_traWP', '92_lag_traFB', '82_lag_wnorPRjfm', '85_lag_traFB', '93_lag_stratZ50ndj04', '85_lag_ensoSSTjfm', '90_lag_amo3', '83_lag_cetTSjfm', '79_lag_nppc3SSTjfm', '89_lag_samPSLann', '91_lag_stratZ50ndj02', '89_lag_tripol3', '86_lag_satlSSTjfm', '93_lag_stratZ50ndj02', '90_lag_mhfATL30', '88_lag_tripol3', '82_lag_nchinaPRjja', '80_lag_traDP', '78_lag_satlSSTjfm', '82_lag_amo1', '85_lag_traBS', '90_lag_scpPSLjfm', '86_lag_stratZ50ndj03', '87_lag_ormenSSTjfm', '92_lag_atlSICsep', '85_lag_stratZ50ndj03']","[0.051169364373099144, 0.01781972701342993, 0.026231723139422607, 0.05221794885823972, 0.058208088159410996, 0.050230998355921944, 0.09269666730592514, 0.056077931376055073, 0.05162654098443785, 0.010287953292118339, 0.001170042221474297, 0.12981022272391457, 0.027861135562403924, 0.021886059063753745, 0.02251401950375089, 0.06651299856790029, 0.1690542126033144, 0.09407975858081971, 0.04115628320516505, 0.0018115873464119164, 0.10437918325618595, 0.17743374282608224, 0.0651782567436179, 0.015501393852603063, 0.09072096310484637, 0.08533021946798307, 0.03724090662339733, 0.034001142941543216, 0.052223391891254294, 0.055607778655200696]","94_lag_satlSSTjfm, 93_lag_shSICsep, 88_lag_traBS, 77_lag_traBS, 89_lag_traWP, 92_lag_traFB, 82_lag_wnorPRjfm, 85_lag_traFB, 93_lag_stratZ50ndj04, 85_lag_ensoSSTjfm, 90_lag_amo3, 83_lag_cetTSjfm, 79_lag_nppc3SSTjfm, 89_lag_samPSLann, 91_lag_stratZ50ndj02, 89_lag_tripol3, 86_lag_satlSSTjfm, 93_lag_stratZ50ndj02, 90_lag_mhfATL30, 88_lag_tripol3, 82_lag_nchinaPRjja, 80_lag_traDP, 78_lag_satlSSTjfm, 82_lag_amo1, 85_lag_traBS, 90_lag_scpPSLjfm, 86_lag_stratZ50ndj03, 87_lag_ormenSSTjfm, 92_lag_atlSICsep, 85_lag_stratZ50ndj03_2496_77"
LinearRegression,81,30,traWP,picntrl,1147.5,2050.5,0.8,96,76,76,13.343520004306606,-0.025106176679347086,2496,"['84_lag_shSICmar', '91_lag_amo2', '76_lag_79_median_amo2', '87_lag_pdoSSTjfm', '86_lag_satlSSTjfm', '95_lag_mhfIP30', '92_lag_tripol3', '90_lag_scpPSLjfm', '88_lag_eurPSLjfm', '78_lag_satlSSTjfm', '76_lag_80_median_stratZ50ndj01', '91_lag_satlSSTjfm', '90_lag_mhfATL30', '82_lag_nchinaPRjja', '89_lag_traWP', '85_lag_ensoSSTjfm', '82_lag_amo1', '85_lag_stratZ50ndj03', '94_lag_satlSSTjfm', '87_lag_ormenSSTjfm', '83_lag_ismPRjja', '91_lag_stratZ50ndj02', '80_lag_traDP', '86_lag_seurTSjfm', '90_lag_amo3', '86_lag_stratZ50ndj03', '89_lag_samPSLann', '85_lag_traBS', '93_lag_stratZ50ndj02', '92_lag_atlSICsep']","[0.11864017080243339, 0.049331060456229384, 0.11247648640037049, 0.002766069942464443, 0.12538950118356756, 0.039687473976334334, 0.09967169027997712, 0.09444444842400054, 0.02709557501683807, 0.050295407617621246, 0.21276825654436526, 0.03958916079282471, 0.06652746544072881, 0.09967183232862398, 0.07947936924612355, 0.014480402607834456, 0.02946866956641996, 0.05101008949404541, 0.07976205613197548, 0.04272863114529449, 0.08897671496391901, 0.0020066458081072587, 0.11429188418814192, 0.07679963440310165, 0.01128990460382615, 0.03536677441390915, 0.03016873827927803, 0.08373119277388281, 0.08332777718005425, 0.06975816033669255]","84_lag_shSICmar, 91_lag_amo2, 76_lag_79_median_amo2, 87_lag_pdoSSTjfm, 86_lag_satlSSTjfm, 95_lag_mhfIP30, 92_lag_tripol3, 90_lag_scpPSLjfm, 88_lag_eurPSLjfm, 78_lag_satlSSTjfm, 76_lag_80_median_stratZ50ndj01, 91_lag_satlSSTjfm, 90_lag_mhfATL30, 82_lag_nchinaPRjja, 89_lag_traWP, 85_lag_ensoSSTjfm, 82_lag_amo1, 85_lag_stratZ50ndj03, 94_lag_satlSSTjfm, 87_lag_ormenSSTjfm, 83_lag_ismPRjja, 91_lag_stratZ50ndj02, 80_lag_traDP, 86_lag_seurTSjfm, 90_lag_amo3, 86_lag_stratZ50ndj03, 89_lag_samPSLann, 85_lag_traBS, 93_lag_stratZ50ndj02, 92_lag_atlSICsep_2496_76"
LinearRegression,82,30,traWP,picntrl,1148.5,2050.5,0.8,97,77,77,12.218552267959723,0.0788681819766584,2496,"['90_lag_samPSLann', '85_lag_ensoSSTjfm', '90_lag_stratZ50ndj03', '90_lag_traTLS', '82_lag_wnorPRjfm', '87_lag_mhfIP30', '86_lag_satlSSTjfm', '91_lag_satlSSTjfm', '81_lag_nchinaPRjja', '81_lag_gyreSSTjfm', '87_lag_traIFC', '93_lag_stratZ50ndj03', '83_lag_ismPRjja', '77_lag_traBS', '82_lag_nhSICsep', '96_lag_amo2', '95_lag_stratZ50ndj04', '91_lag_traWP', '81_lag_eapPSLjfm', '91_lag_stratZ50ndj02', '89_lag_traWP', '86_lag_seurTSjfm', '93_lag_stratZ50ndj02', '82_lag_nchinaPRjja', '87_lag_seurTSjfm', '86_lag_stratZ50ndj03', '89_lag_samPSLann', '77_lag_80_median_stratZ50ndj01', '92_lag_atlSICsep', '96_lag_traWP']","[0.021436527201663103, 0.014965877634709985, 0.08575387043761809, 0.05279666141866297, 0.09265450436115798, 0.042148988695324865, 0.1758136414078351, 0.023925811922249213, 0.0776109290745435, 0.05493020545402498, 0.0811168416789344, 0.07173822630743026, 0.09226686792758335, 0.030570364682471794, 0.024557452809298583, 0.0023229519979399297, 0.07517230381135986, 0.04804068857129047, 0.054776910069560245, 0.021066699422585173, 0.07090418459806054, 0.036192501955756524, 0.08986421064770979, 0.11878076526519864, 0.07894496788845778, 0.046674808408267085, 0.004025421745121894, 0.14311720322697793, 0.046181130142622116, 0.039629727634585325]","90_lag_samPSLann, 85_lag_ensoSSTjfm, 90_lag_stratZ50ndj03, 90_lag_traTLS, 82_lag_wnorPRjfm, 87_lag_mhfIP30, 86_lag_satlSSTjfm, 91_lag_satlSSTjfm, 81_lag_nchinaPRjja, 81_lag_gyreSSTjfm, 87_lag_traIFC, 93_lag_stratZ50ndj03, 83_lag_ismPRjja, 77_lag_traBS, 82_lag_nhSICsep, 96_lag_amo2, 95_lag_stratZ50ndj04, 91_lag_traWP, 81_lag_eapPSLjfm, 91_lag_stratZ50ndj02, 89_lag_traWP, 86_lag_seurTSjfm, 93_lag_stratZ50ndj02, 82_lag_nchinaPRjja, 87_lag_seurTSjfm, 86_lag_stratZ50ndj03, 89_lag_samPSLann, 77_lag_80_median_stratZ50ndj01, 92_lag_atlSICsep, 96_lag_traWP_2496_77"
LinearRegression,83,30,traWP,picntrl,1149.5,2050.5,0.8,98,78,78,11.871128294020169,0.11240630976062378,2496,"['94_lag_satlSSTjfm', '97_lag_traIFC', '85_lag_ensoSSTjfm', '78_lag_labSSTjfm', '95_lag_amo1', '91_lag_stratZ50ndj02', '90_lag_traTLS', '83_lag_ismPRjja', '91_lag_eurPSLjfm', '89_lag_samPSLann', '87_lag_mhfIP30', '87_lag_seurTSjfm', '93_lag_stratZ50ndj02', '91_lag_traWP', '82_lag_nhSICsep', '86_lag_seurTSjfm', '81_lag_gyreSSTjfm', '88_lag_traBS', '90_lag_samPSLann', '96_lag_traIFC', '86_lag_stratZ50ndj03', '78_lag_satlSSTjfm', '97_lag_neurTSjfm', '96_lag_mhfIP30', '85_lag_shSICsep', '93_lag_stratZ50ndj03', '86_lag_satlSSTjfm', '92_lag_atlSICsep', '82_lag_nchinaPRjja', '96_lag_traWP']","[0.029816331285515762, 0.0638370861056872, 0.018708956390420115, 0.03099559485200733, 0.07833505018090317, 0.02325494633346312, 0.03540810718498122, 0.08538830315168312, 0.015915411263327982, 0.002129948891115912, 0.03389846636661606, 0.05278140487772422, 0.06193601845650756, 0.03447105020930577, 0.05446310062287964, 0.06389895641444633, 0.058343787361051495, 0.006961109982294097, 0.0030874434870410824, 0.05019073881764326, 0.043699494821769574, 0.08644107389006371, 0.04697134853768348, 0.030452326348791522, 0.11068245630693051, 0.07139368941327777, 0.15392221637841585, 0.06517688041940962, 0.11286070876429657, 0.04408982890374765]","94_lag_satlSSTjfm, 97_lag_traIFC, 85_lag_ensoSSTjfm, 78_lag_labSSTjfm, 95_lag_amo1, 91_lag_stratZ50ndj02, 90_lag_traTLS, 83_lag_ismPRjja, 91_lag_eurPSLjfm, 89_lag_samPSLann, 87_lag_mhfIP30, 87_lag_seurTSjfm, 93_lag_stratZ50ndj02, 91_lag_traWP, 82_lag_nhSICsep, 86_lag_seurTSjfm, 81_lag_gyreSSTjfm, 88_lag_traBS, 90_lag_samPSLann, 96_lag_traIFC, 86_lag_stratZ50ndj03, 78_lag_satlSSTjfm, 97_lag_neurTSjfm, 96_lag_mhfIP30, 85_lag_shSICsep, 93_lag_stratZ50ndj03, 86_lag_satlSSTjfm, 92_lag_atlSICsep, 82_lag_nchinaPRjja, 96_lag_traWP_2496_78"
LinearRegression,84,30,traWP,picntrl,1150.5,2050.5,0.8,99,79,79,12.119022657245507,0.12311467842807257,2496,"['83_lag_ismPRjja', '88_lag_tripol3', '88_lag_mhfATL60', '96_lag_amo2', '92_lag_atlSICsep', '96_lag_traFSC', '97_lag_arcTSjfm', '90_lag_nppc2SSTjfm', '87_lag_mhfIP30', '88_lag_eurPSLjfm', '93_lag_stratZ50ndj02', '97_lag_neurTSjfm', '79_lag_84_median_traCA', '86_lag_seurTSjfm', '89_lag_samPSLann', '81_lag_satlSSTjfm', '79_lag_traEU', '89_lag_neurTSjfm', '92_lag_eapPSLjfm', '96_lag_traIFC', '85_lag_shSICsep', '86_lag_satlSSTjfm', '98_lag_traEC', '90_lag_glomaSSTjfm', '96_lag_mhfIP30', '93_lag_stratZ50ndj03', '82_lag_nchinaPRjja', '98_lag_amo2', '79_lag_84_median_alpi', '96_lag_traWP']","[0.07965004248841939, 0.04350292506239947, 0.08836786780687444, 0.07586873229381712, 0.056427612306203065, 0.00526288661754062, 0.0917109591455884, 0.018769448958953425, 0.057375722138063724, 0.09242355936307896, 0.07568942371301476, 0.03384430860401364, 0.11884902418156637, 0.08239399427171412, 0.07817555022621954, 0.005184678092768496, 0.07071680145945296, 0.08545027710335244, 0.029140855716731, 0.0066781796831524905, 0.09658857667567022, 0.1467046362363283, 0.002952981225565072, 0.11595611157174902, 0.0034898528310192698, 0.09340407500310927, 0.11430923689284819, 0.15368854751011463, 0.02563930030440446, 0.06109113467061561]","83_lag_ismPRjja, 88_lag_tripol3, 88_lag_mhfATL60, 96_lag_amo2, 92_lag_atlSICsep, 96_lag_traFSC, 97_lag_arcTSjfm, 90_lag_nppc2SSTjfm, 87_lag_mhfIP30, 88_lag_eurPSLjfm, 93_lag_stratZ50ndj02, 97_lag_neurTSjfm, 79_lag_84_median_traCA, 86_lag_seurTSjfm, 89_lag_samPSLann, 81_lag_satlSSTjfm, 79_lag_traEU, 89_lag_neurTSjfm, 92_lag_eapPSLjfm, 96_lag_traIFC, 85_lag_shSICsep, 86_lag_satlSSTjfm, 98_lag_traEC, 90_lag_glomaSSTjfm, 96_lag_mhfIP30, 93_lag_stratZ50ndj03, 82_lag_nchinaPRjja, 98_lag_amo2, 79_lag_84_median_alpi, 96_lag_traWP_2496_79"
LinearRegression,85,30,traWP,picntrl,1151.5,2050.5,0.8,100,80,80,12.567993581883293,0.11944119860851903,2496,"['88_lag_mhfATL60', '86_lag_stratZ50ndj02', '92_lag_scpPSLjfm', '95_lag_nhSICsep', '91_lag_traWP', '93_lag_stratZ50ndj02', '80_lag_83_median_traIFC', '87_lag_mhfIP30', '86_lag_stratZ50ndj03', '93_lag_traIT', '88_lag_traEU', '80_lag_yrvPRjja', '88_lag_eurPSLjfm', '89_lag_neurTSjfm', '96_lag_traFSC', '89_lag_samPSLann', '95_lag_eurPSLjfm', '92_lag_nppc3SSTjfm', '96_lag_traIFC', '82_lag_nchinaPRjja', '80_lag_traDP', '86_lag_seurTSjfm', '90_lag_traTLS', '92_lag_atlSICsep', '98_lag_amo2', '96_lag_mhfIP30', '93_lag_stratZ50ndj03', '90_lag_glomaSSTjfm', '86_lag_satlSSTjfm', '96_lag_traWP']","[0.08207064474096634, 0.0612795903263333, 0.008554932771272313, 0.06291138283349079, 0.0113674334219574, 0.09258276811828035, 0.1855978812988878, 0.025907153830539226, 0.05268747173588536, 0.06849957321750909, 0.026787677300987883, 0.09878890180804822, 0.09631662413167938, 0.0751494572907956, 0.02716959791510731, 0.0892985755595775, 0.04229663758557649, 0.0935263071157338, 0.0452664942424632, 0.1176649195894724, 0.09561209111770021, 0.08099660829695496, 0.007157766073666945, 0.05454413107056838, 0.11462502380086599, 0.0005055006854863029, 0.08829098401744437, 0.09840925774447096, 0.13131656308502868, 0.07411691240270589]","88_lag_mhfATL60, 86_lag_stratZ50ndj02, 92_lag_scpPSLjfm, 95_lag_nhSICsep, 91_lag_traWP, 93_lag_stratZ50ndj02, 80_lag_83_median_traIFC, 87_lag_mhfIP30, 86_lag_stratZ50ndj03, 93_lag_traIT, 88_lag_traEU, 80_lag_yrvPRjja, 88_lag_eurPSLjfm, 89_lag_neurTSjfm, 96_lag_traFSC, 89_lag_samPSLann, 95_lag_eurPSLjfm, 92_lag_nppc3SSTjfm, 96_lag_traIFC, 82_lag_nchinaPRjja, 80_lag_traDP, 86_lag_seurTSjfm, 90_lag_traTLS, 92_lag_atlSICsep, 98_lag_amo2, 96_lag_mhfIP30, 93_lag_stratZ50ndj03, 90_lag_glomaSSTjfm, 86_lag_satlSSTjfm, 96_lag_traWP_2496_80"
