model,num_irrelevant,max_allowed_features,target_feature,dataset,year_start,year_end,splitsize,max_lag,init_lag,max_forecast,mae_score,corr_score,n_total_features,selected_feature_list,feature_importances,selected_features
LinearRegression,0,10,naoPSLjfm,slow,1714.5,2005.5,0.4,15,5,5,18.72054716484962,-0.11607055854030372,1235,"['8_lag_shSICsep', '13_lag_traEU', '7_lag_stratZ50ndj02', '5_lag_seurTSjfm', '9_lag_stratZ50ndj02', '8_lag_eurPSLjfm', '5_lag_shSICmar', '5_lag_stratZ50ndj03', '13_lag_traWP', '7_lag_shSICsep']","[0.1170483374273964, 0.14970611843001852, 0.10070407163275041, 0.16414209937317728, 0.004337838434726721, 0.18579883435171446, 0.26616983954295587, 0.14415655405043762, 0.2302229067504787, 0.23802054669957468]","8_lag_shSICsep, 13_lag_traEU, 7_lag_stratZ50ndj02, 5_lag_seurTSjfm, 9_lag_stratZ50ndj02, 8_lag_eurPSLjfm, 5_lag_shSICmar, 5_lag_stratZ50ndj03, 13_lag_traWP, 7_lag_shSICsep_1235_5"
LinearRegression,1,10,naoPSLjfm,slow,1715.5,2005.5,0.4,16,6,6,18.28237994957843,0.013661888650519453,1235,"['11_lag_traBS', '13_lag_traWP', '6_lag_7_median_shSICsep', '11_lag_traWP', '7_lag_shSICsep', '8_lag_eurPSLjfm', '9_lag_traWP', '10_lag_traWP', '10_lag_ismPRjja', '13_lag_traEU']","[0.2032141411122804, 0.27366164500027496, 10392222986077.951, 0.12173921812230856, 10392222986078.145, 0.23388091899766678, 0.14140379250636728, 0.4067321333722047, 0.007599598563984766, 0.14908189711112968]","11_lag_traBS, 13_lag_traWP, 6_lag_7_median_shSICsep, 11_lag_traWP, 7_lag_shSICsep, 8_lag_eurPSLjfm, 9_lag_traWP, 10_lag_traWP, 10_lag_ismPRjja, 13_lag_traEU_1235_6"
LinearRegression,2,10,naoPSLjfm,slow,1716.5,2005.5,0.4,17,7,7,17.446755883950974,-0.02829623915883756,1235,"['9_lag_traBS', '15_lag_atlSICsep', '9_lag_stratZ50ndj02', '9_lag_traWP', '13_lag_eapPSLjfm', '10_lag_ismPRjja', '11_lag_traWP', '13_lag_traEU', '10_lag_traWP', '7_lag_shSICsep']","[0.23000495293454537, 0.0349124138907229, 0.13462089690460663, 0.13260223750845346, 0.30507733268709036, 0.08333029389006992, 0.17779653493741485, 0.1417951057622474, 0.4101503888541495, 0.16988513975466163]","9_lag_traBS, 15_lag_atlSICsep, 9_lag_stratZ50ndj02, 9_lag_traWP, 13_lag_eapPSLjfm, 10_lag_ismPRjja, 11_lag_traWP, 13_lag_traEU, 10_lag_traWP, 7_lag_shSICsep_1235_7"
LinearRegression,3,10,naoPSLjfm,slow,1717.5,2005.5,0.4,18,8,8,18.17832488313405,0.01790453855977947,1235,"['14_lag_nchinaPRjja', '15_lag_traFSC', '8_lag_9_median_stratZ50ndj02', '9_lag_stratZ50ndj02', '10_lag_stratZ50ndj02', '8_lag_eurPSLjfm', '17_lag_shSICsep', '11_lag_traWP', '13_lag_eapPSLjfm', '10_lag_traWP']","[0.07648159850060811, 0.2529829418950018, 0.043462875987821885, 0.043462875987821795, 0.047437635620973376, 0.20448135753688335, 0.10402522634483952, 0.14523609850126626, 0.3508426159149064, 0.35165462141307147]","14_lag_nchinaPRjja, 15_lag_traFSC, 8_lag_9_median_stratZ50ndj02, 9_lag_stratZ50ndj02, 10_lag_stratZ50ndj02, 8_lag_eurPSLjfm, 17_lag_shSICsep, 11_lag_traWP, 13_lag_eapPSLjfm, 10_lag_traWP_1235_8"
LinearRegression,4,10,naoPSLjfm,slow,1718.5,2005.5,0.4,19,9,9,16.68930792871883,0.09128517827667212,1235,"['11_lag_alpi', '16_lag_amo1', '14_lag_traEU', '16_lag_traFB', '9_lag_traWP', '17_lag_shSICsep', '11_lag_traWP', '9_lag_stratZ50ndj02', '9_lag_alpi', '9_lag_traBS']","[0.1392415138687294, 0.07847857221288237, 0.11129588573957963, 0.46738715393813723, 0.10501641126053818, 0.18027519889798044, 0.07327231199114305, 0.10661137168319304, 0.06717294011105389, 0.21922715670901277]","11_lag_alpi, 16_lag_amo1, 14_lag_traEU, 16_lag_traFB, 9_lag_traWP, 17_lag_shSICsep, 11_lag_traWP, 9_lag_stratZ50ndj02, 9_lag_alpi, 9_lag_traBS_1235_9"
LinearRegression,5,10,naoPSLjfm,slow,1719.5,2005.5,0.4,20,10,10,21.338962749625164,-0.13594873896584186,1235,"['19_lag_mhfATL30', '11_lag_wnorPRjfm', '10_lag_11_median_wnorPRjfm', '19_lag_shSICsep', '10_lag_traWP', '10_lag_stratZ50ndj02', '10_lag_traIT', '16_lag_amo1', '17_lag_shSICsep', '19_lag_yrvPRjja']","[0.44430197482379785, 0.10207656614076473, 0.10207656614076477, 0.16103165070441594, 0.3618148914188034, 0.0027828710788630976, 0.09192193818467705, 0.2342766711256552, 0.0774497880681322, 0.14821119422984239]","19_lag_mhfATL30, 11_lag_wnorPRjfm, 10_lag_11_median_wnorPRjfm, 19_lag_shSICsep, 10_lag_traWP, 10_lag_stratZ50ndj02, 10_lag_traIT, 16_lag_amo1, 17_lag_shSICsep, 19_lag_yrvPRjja_1235_10"
LinearRegression,6,10,naoPSLjfm,slow,1720.5,2005.5,0.4,21,11,11,18.667528236731197,-0.19845851011221982,1235,"['17_lag_shSICsep', '11_lag_wnorPRjfm', '19_lag_traWP', '11_lag_traWP', '20_lag_nchinaPRjja', '19_lag_shSICsep', '20_lag_shSICsep', '11_lag_traTLS', '19_lag_yrvPRjja', '17_lag_traTLS']","[0.13495073040228367, 0.1299728589487903, 0.15796791802305515, 0.039252331281011174, 0.2522262735949466, 0.06898746679135902, 0.003035579287722176, 0.13886569356597614, 0.2207045292100544, 0.12560854291141849]","17_lag_shSICsep, 11_lag_wnorPRjfm, 19_lag_traWP, 11_lag_traWP, 20_lag_nchinaPRjja, 19_lag_shSICsep, 20_lag_shSICsep, 11_lag_traTLS, 19_lag_yrvPRjja, 17_lag_traTLS_1235_11"
LinearRegression,7,10,naoPSLjfm,slow,1721.5,2005.5,0.4,22,12,12,18.83313746959672,-0.1766350812697682,1235,"['12_lag_samPSLann', '17_lag_eapPSLjfm', '15_lag_eurPSLjfm', '20_lag_eurPSLjfm', '19_lag_shSICsep', '21_lag_traFS', '17_lag_traTLS', '19_lag_yrvPRjja', '21_lag_eapPSLjfm', '20_lag_nchinaPRjja']","[0.1354821190018942, 0.04401357998341064, 0.0779633713594924, 0.14893413178978132, 0.12665183265701357, 0.15940273585024722, 0.1879517615288063, 0.24216641642295247, 0.1147976711892004, 0.31863652787061525]","12_lag_samPSLann, 17_lag_eapPSLjfm, 15_lag_eurPSLjfm, 20_lag_eurPSLjfm, 19_lag_shSICsep, 21_lag_traFS, 17_lag_traTLS, 19_lag_yrvPRjja, 21_lag_eapPSLjfm, 20_lag_nchinaPRjja_1235_12"
LinearRegression,8,10,naoPSLjfm,slow,1722.5,2005.5,0.4,23,13,13,18.924543003381363,-0.03429372417450466,1235,"['21_lag_traFS', '13_lag_seurTSjfm', '20_lag_eurPSLjfm', '13_lag_traEU', '17_lag_traTLS', '20_lag_nchinaPRjja', '19_lag_yrvPRjja', '13_lag_neurTSjfm', '21_lag_eapPSLjfm', '22_lag_eurPSLjfm']","[0.1736623007203448, 0.21672608357516893, 0.23466191830036898, 0.18455577313617752, 0.24011505736261005, 0.271430155307353, 0.24665686014432142, 0.1355007392159025, 0.14314800093430197, 0.10110896781559238]","21_lag_traFS, 13_lag_seurTSjfm, 20_lag_eurPSLjfm, 13_lag_traEU, 17_lag_traTLS, 20_lag_nchinaPRjja, 19_lag_yrvPRjja, 13_lag_neurTSjfm, 21_lag_eapPSLjfm, 22_lag_eurPSLjfm_1235_13"
LinearRegression,9,10,naoPSLjfm,slow,1723.5,2005.5,0.4,24,14,14,18.88282098790744,-0.2511658809466883,1235,"['23_lag_traWP', '21_lag_traFS', '20_lag_stratZ50ndj01', '21_lag_eapPSLjfm', '14_lag_seurTSjfm', '19_lag_yrvPRjja', '22_lag_eurPSLjfm', '20_lag_nchinaPRjja', '23_lag_scpPSLjfm', '14_lag_traEU']","[0.17293056484288488, 0.08848012370848962, 0.036217233990139944, 0.10553794366544156, 0.08157003489264447, 0.24862587976917042, 0.05900606715486349, 0.30139462410873613, 0.16005172469388868, 0.13092413206611062]","23_lag_traWP, 21_lag_traFS, 20_lag_stratZ50ndj01, 21_lag_eapPSLjfm, 14_lag_seurTSjfm, 19_lag_yrvPRjja, 22_lag_eurPSLjfm, 20_lag_nchinaPRjja, 23_lag_scpPSLjfm, 14_lag_traEU_1235_14"
LinearRegression,10,10,naoPSLjfm,slow,1724.5,2005.5,0.4,25,15,15,19.69684891454391,-0.2174878989502733,1235,"['19_lag_ismPRjja', '15_lag_eurPSLjfm', '18_lag_stratZ50ndj02', '19_lag_mhfATL30', '23_lag_scpPSLjfm', '22_lag_eurPSLjfm', '19_lag_yrvPRjja', '20_lag_stratZ50ndj01', '20_lag_stratZ50ndj04', '20_lag_nchinaPRjja']","[0.12802562762029124, 0.12405650512252572, 0.17477801940252524, 0.2938490351036489, 0.13476311693950327, 0.065200120109351, 0.10371372735219062, 0.07305915283956659, 0.24567050637254834, 0.19497177241427516]","19_lag_ismPRjja, 15_lag_eurPSLjfm, 18_lag_stratZ50ndj02, 19_lag_mhfATL30, 23_lag_scpPSLjfm, 22_lag_eurPSLjfm, 19_lag_yrvPRjja, 20_lag_stratZ50ndj01, 20_lag_stratZ50ndj04, 20_lag_nchinaPRjja_1235_15"
LinearRegression,11,10,naoPSLjfm,slow,1725.5,2005.5,0.4,26,16,18,19.871429528712664,-0.19726841299985443,1235,"['21_lag_eapPSLjfm', '18_lag_stratZ50ndj02', '20_lag_yrvPRjja', '19_lag_yrvPRjja', '25_lag_traBS', '19_lag_mhfATL30', '20_lag_nchinaPRjja', '21_lag_alpi', '20_lag_stratZ50ndj04', '22_lag_eurPSLjfm']","[0.1679553235112404, 0.1416625275476106, 0.082365644507218, 0.1346999835837991, 0.07934419634228916, 0.297294552057189, 0.21613104255829302, 0.15134359726210822, 0.2754024748002226, 0.03822093146315225]","21_lag_eapPSLjfm, 18_lag_stratZ50ndj02, 20_lag_yrvPRjja, 19_lag_yrvPRjja, 25_lag_traBS, 19_lag_mhfATL30, 20_lag_nchinaPRjja, 21_lag_alpi, 20_lag_stratZ50ndj04, 22_lag_eurPSLjfm_1235_18"
LinearRegression,12,10,naoPSLjfm,slow,1726.5,2005.5,0.4,27,17,17,18.119170745476715,-0.18840073392259077,1235,"['23_lag_scpPSLjfm', '26_lag_scpPSLjfm', '26_lag_ensoSSTjfm', '20_lag_yrvPRjja', '26_lag_stratZ50ndj03', '21_lag_alpi', '20_lag_nchinaPRjja', '17_lag_traTLS', '25_lag_traEU', '22_lag_eurPSLjfm']","[0.22020930162228705, 0.08679191555194644, 0.14831935464848547, 0.04035427389090989, 0.11680035984375034, 0.14175530213776658, 0.2087718079994842, 0.09848064077862166, 0.12888796603581912, 0.06894862180938158]","23_lag_scpPSLjfm, 26_lag_scpPSLjfm, 26_lag_ensoSSTjfm, 20_lag_yrvPRjja, 26_lag_stratZ50ndj03, 21_lag_alpi, 20_lag_nchinaPRjja, 17_lag_traTLS, 25_lag_traEU, 22_lag_eurPSLjfm_1235_17"
LinearRegression,13,10,naoPSLjfm,slow,1727.5,2005.5,0.4,28,18,18,18.39676365613794,-0.07419438781367423,1235,"['18_lag_19_median_mhfATL30', '19_lag_mhfATL30', '21_lag_yrvPRjja', '27_lag_traCA', '22_lag_eurPSLjfm', '26_lag_ensoSSTjfm', '21_lag_alpi', '23_lag_scpPSLjfm', '26_lag_stratZ50ndj03', '20_lag_nchinaPRjja']","[0.1766048527114603, 0.17660485271146031, 0.16475554003167137, 0.29345827209027925, 0.03208054616637329, 0.16882222472930114, 0.12113649761719772, 0.15459902880015375, 0.16262405805016256, 0.17497757665023955]","18_lag_19_median_mhfATL30, 19_lag_mhfATL30, 21_lag_yrvPRjja, 27_lag_traCA, 22_lag_eurPSLjfm, 26_lag_ensoSSTjfm, 21_lag_alpi, 23_lag_scpPSLjfm, 26_lag_stratZ50ndj03, 20_lag_nchinaPRjja_1235_18"
LinearRegression,14,10,naoPSLjfm,slow,1728.5,2005.5,0.4,29,19,19,18.265470270848322,-0.08970456001054743,1235,"['26_lag_nchinaPRjja', '25_lag_stratZ50ndj01', '26_lag_ensoSSTjfm', '19_lag_mhfATL30', '19_lag_20_median_nchinaPRjja', '20_lag_nchinaPRjja', '27_lag_mhfIP30', '26_lag_stratZ50ndj03', '23_lag_scpPSLjfm', '28_lag_shSICsep']","[0.05455692148761459, 0.18748527957511313, 0.19082111697896414, 0.34152662811016343, 0.08127111404373345, 0.08127111404373363, 0.023890530318838327, 0.11633242078698433, 0.1325745276905792, 0.1851529961392437]","26_lag_nchinaPRjja, 25_lag_stratZ50ndj01, 26_lag_ensoSSTjfm, 19_lag_mhfATL30, 19_lag_20_median_nchinaPRjja, 20_lag_nchinaPRjja, 27_lag_mhfIP30, 26_lag_stratZ50ndj03, 23_lag_scpPSLjfm, 28_lag_shSICsep_1235_19"
LinearRegression,15,10,naoPSLjfm,slow,1729.5,2005.5,0.4,30,20,20,17.362287066634824,-0.07857109760357915,1235,"['26_lag_alpi', '29_lag_stratZ50ndj03', '22_lag_eurPSLjfm', '20_lag_eurPSLjfm', '27_lag_mhfIP30', '26_lag_stratZ50ndj03', '26_lag_nchinaPRjja', '28_lag_shSICsep', '23_lag_scpPSLjfm', '20_lag_nchinaPRjja']","[0.01802479160962544, 0.07715239207465763, 0.14891362381373732, 0.12253569698221423, 0.0797886412847593, 0.1310917573864999, 0.13351463483208187, 0.22139073541935636, 0.15445112519516846, 0.19365624254059904]","26_lag_alpi, 29_lag_stratZ50ndj03, 22_lag_eurPSLjfm, 20_lag_eurPSLjfm, 27_lag_mhfIP30, 26_lag_stratZ50ndj03, 26_lag_nchinaPRjja, 28_lag_shSICsep, 23_lag_scpPSLjfm, 20_lag_nchinaPRjja_1235_20"
LinearRegression,16,10,naoPSLjfm,slow,1730.5,2005.5,0.4,31,21,21,17.373861770060252,-0.02496121051913055,1235,"['21_lag_eurPSLjfm', '28_lag_traEC', '26_lag_alpi', '27_lag_traCA', '29_lag_stratZ50ndj03', '30_lag_nchinaPRjja', '21_lag_alpi', '21_lag_traEU', '23_lag_scpPSLjfm', '28_lag_shSICsep']","[0.2046399155225432, 0.2509886379509282, 0.018545803586404633, 0.21600142901794378, 0.14214277551719157, 0.14001467782693922, 0.18800871501326138, 0.05186783419590715, 0.17590314793954545, 0.23352155888324572]","21_lag_eurPSLjfm, 28_lag_traEC, 26_lag_alpi, 27_lag_traCA, 29_lag_stratZ50ndj03, 30_lag_nchinaPRjja, 21_lag_alpi, 21_lag_traEU, 23_lag_scpPSLjfm, 28_lag_shSICsep_1235_21"
LinearRegression,17,10,naoPSLjfm,slow,1731.5,2005.5,0.4,32,22,22,16.80047320425445,-0.020832640768049644,1235,"['28_lag_traIFC', '27_lag_scpPSLjfm', '23_lag_scpPSLjfm', '22_lag_23_median_scpPSLjfm', '26_lag_alpi', '26_lag_scpPSLjfm', '22_lag_eurPSLjfm', '30_lag_nchinaPRjja', '28_lag_shSICsep', '29_lag_stratZ50ndj03']","[0.18753410829984105, 0.11095751515119612, 0.08590516631766044, 0.0859051663176605, 0.05041529343763237, 0.13888989948124733, 0.10398808747778135, 0.12536232764636868, 0.28075851782518896, 0.17475429219920907]","28_lag_traIFC, 27_lag_scpPSLjfm, 23_lag_scpPSLjfm, 22_lag_23_median_scpPSLjfm, 26_lag_alpi, 26_lag_scpPSLjfm, 22_lag_eurPSLjfm, 30_lag_nchinaPRjja, 28_lag_shSICsep, 29_lag_stratZ50ndj03_1235_22"
LinearRegression,18,10,naoPSLjfm,slow,1732.5,2005.5,0.4,33,23,23,18.536007265539762,-0.07848598460329574,1235,"['29_lag_stratZ50ndj02', '23_lag_traWP', '23_lag_traFB', '23_lag_traFS', '27_lag_scpPSLjfm', '26_lag_scpPSLjfm', '23_lag_scpPSLjfm', '26_lag_alpi', '28_lag_shSICsep', '30_lag_nchinaPRjja']","[0.06811448375596237, 0.2834821249300588, 0.270903384116856, 0.20501838619764745, 0.07243990854444812, 0.15618865114509073, 0.13019950453190454, 0.09302085265696672, 0.2483394882015187, 0.0951827790849857]","29_lag_stratZ50ndj02, 23_lag_traWP, 23_lag_traFB, 23_lag_traFS, 27_lag_scpPSLjfm, 26_lag_scpPSLjfm, 23_lag_scpPSLjfm, 26_lag_alpi, 28_lag_shSICsep, 30_lag_nchinaPRjja_1235_23"
LinearRegression,19,10,naoPSLjfm,slow,1733.5,2005.5,0.4,34,24,24,16.875195927299394,-0.02540518155960463,1235,"['30_lag_atlSICjfm', '24_lag_traFS', '26_lag_alpi', '31_lag_alpi', '27_lag_traCA', '29_lag_ismPRjja', '33_lag_eurPSLjfm', '33_lag_stratZ50ndj03', '32_lag_ismPRjja', '30_lag_nchinaPRjja']","[0.2628171953479671, 0.12360820835416768, 0.007384747693303537, 0.12002387655452171, 0.17617771681464572, 0.11472552355009402, 0.11668765434828729, 0.06433989308041765, 0.19277663314643897, 0.07655480102583054]","30_lag_atlSICjfm, 24_lag_traFS, 26_lag_alpi, 31_lag_alpi, 27_lag_traCA, 29_lag_ismPRjja, 33_lag_eurPSLjfm, 33_lag_stratZ50ndj03, 32_lag_ismPRjja, 30_lag_nchinaPRjja_1235_24"
LinearRegression,20,10,naoPSLjfm,slow,1734.5,2005.5,0.4,35,25,25,16.16877609404356,-0.04439177269359762,1235,"['33_lag_yrvPRjja', '27_lag_traCA', '29_lag_seurTSjfm', '25_lag_26_median_alpi', '26_lag_alpi', '33_lag_eurPSLjfm', '33_lag_stratZ50ndj03', '30_lag_nchinaPRjja', '29_lag_ismPRjja', '25_lag_alpi']","[0.14540640777621908, 0.21587474783451271, 0.1691703245064476, 0.015881726489295506, 0.015881726489295533, 0.06328346258935671, 0.08402565232891358, 0.08696370929174062, 0.0744480753403505, 0.0209654911558632]","33_lag_yrvPRjja, 27_lag_traCA, 29_lag_seurTSjfm, 25_lag_26_median_alpi, 26_lag_alpi, 33_lag_eurPSLjfm, 33_lag_stratZ50ndj03, 30_lag_nchinaPRjja, 29_lag_ismPRjja, 25_lag_alpi_1235_25"
LinearRegression,21,10,naoPSLjfm,slow,1735.5,2005.5,0.4,36,26,26,19.04737135191231,-0.14311738331497953,1235,"['30_lag_atlSICjfm', '35_lag_traFB', '28_lag_traEC', '33_lag_yrvPRjja', '29_lag_neurTSjfm', '35_lag_yrvPRjja', '29_lag_seurTSjfm', '33_lag_stratZ50ndj03', '29_lag_ismPRjja', '26_lag_alpi']","[0.2462534498859803, 0.33474127011762855, 0.20423717906643332, 0.2252520443331814, 0.18468413321399418, 0.2093183433639034, 0.0012583440605725138, 0.09241564833674645, 0.17835689191681037, 0.00785107927528253]","30_lag_atlSICjfm, 35_lag_traFB, 28_lag_traEC, 33_lag_yrvPRjja, 29_lag_neurTSjfm, 35_lag_yrvPRjja, 29_lag_seurTSjfm, 33_lag_stratZ50ndj03, 29_lag_ismPRjja, 26_lag_alpi_1235_26"
LinearRegression,22,10,naoPSLjfm,slow,1736.5,2005.5,0.4,37,27,27,16.96971319311688,-0.04989495850695471,1235,"['32_lag_ismPRjja', '29_lag_seurTSjfm', '30_lag_nchinaPRjja', '34_lag_mhfIP30', '35_lag_nchinaPRjja', '27_lag_traCA', '35_lag_traFB', '33_lag_shSICsep', '33_lag_stratZ50ndj03', '29_lag_ismPRjja']","[0.09764325841093985, 0.17226930198069246, 0.0666815924087332, 0.0857536794995643, 0.10301555907030552, 0.17488237441660695, 0.19916827052880823, 0.06819071545830512, 0.08478782965713373, 0.09737787429994506]","32_lag_ismPRjja, 29_lag_seurTSjfm, 30_lag_nchinaPRjja, 34_lag_mhfIP30, 35_lag_nchinaPRjja, 27_lag_traCA, 35_lag_traFB, 33_lag_shSICsep, 33_lag_stratZ50ndj03, 29_lag_ismPRjja_1235_27"
LinearRegression,23,10,naoPSLjfm,slow,1737.5,2005.5,0.4,38,28,28,18.317967186197134,-0.09001198081442793,1235,"['30_lag_atlSICjfm', '35_lag_nchinaPRjja', '28_lag_traEC', '30_lag_nchinaPRjja', '36_lag_nchinaPRjja', '29_lag_ismPRjja', '28_lag_29_median_ismPRjja', '35_lag_traFB', '33_lag_stratZ50ndj03', '33_lag_shSICsep']","[0.27626585951699734, 0.10490673959991098, 0.12804135116051857, 0.04085967771092139, 0.17264422180539624, 0.05440342224234594, 0.05440342224234608, 0.22233801190368768, 0.12757528020181938, 0.07698988996689007]","30_lag_atlSICjfm, 35_lag_nchinaPRjja, 28_lag_traEC, 30_lag_nchinaPRjja, 36_lag_nchinaPRjja, 29_lag_ismPRjja, 28_lag_29_median_ismPRjja, 35_lag_traFB, 33_lag_stratZ50ndj03, 33_lag_shSICsep_1235_28"
LinearRegression,24,10,naoPSLjfm,slow,1738.5,2005.5,0.4,39,29,29,17.666400045262495,-0.07018975599954816,1235,"['32_lag_traEC', '35_lag_seurTSjfm', '36_lag_eapPSLjfm', '29_lag_seurTSjfm', '38_lag_tripol3', '35_lag_traFB', '33_lag_traCA', '33_lag_shSICsep', '33_lag_stratZ50ndj03', '29_lag_ismPRjja']","[0.22780260672790648, 0.007460936136439583, 0.21262446712884886, 0.13421357024683278, 0.2202412730430442, 0.06546761437505734, 0.19924494238598278, 0.056736765610612354, 0.1877489305608182, 0.11391633107404914]","32_lag_traEC, 35_lag_seurTSjfm, 36_lag_eapPSLjfm, 29_lag_seurTSjfm, 38_lag_tripol3, 35_lag_traFB, 33_lag_traCA, 33_lag_shSICsep, 33_lag_stratZ50ndj03, 29_lag_ismPRjja_1235_29"
LinearRegression,25,10,naoPSLjfm,slow,1739.5,2005.5,0.4,40,30,30,17.268071548102768,-0.08197844401436624,1235,"['33_lag_eurPSLjfm', '35_lag_mhfIP30', '37_lag_traEC', '38_lag_tripol3', '30_lag_nchinaPRjja', '33_lag_shSICsep', '33_lag_traCA', '35_lag_traFB', '36_lag_eapPSLjfm', '33_lag_stratZ50ndj03']","[0.0849606393220274, 0.12400560749139442, 0.08166728396700725, 0.16244035160461734, 0.05931805391225788, 0.03808111672553199, 0.16804445882377703, 0.09575852068746143, 0.23408026517325048, 0.2041721088658189]","33_lag_eurPSLjfm, 35_lag_mhfIP30, 37_lag_traEC, 38_lag_tripol3, 30_lag_nchinaPRjja, 33_lag_shSICsep, 33_lag_traCA, 35_lag_traFB, 36_lag_eapPSLjfm, 33_lag_stratZ50ndj03_1235_30"
LinearRegression,26,10,naoPSLjfm,slow,1740.5,2005.5,0.4,41,31,31,17.706975000000604,0.035686927286948306,1235,"['33_lag_shSICsep', '35_lag_traFB', '40_lag_traFS', '36_lag_eapPSLjfm', '35_lag_yrvPRjja', '40_lag_wnorPRjfm', '31_lag_traIFC', '36_lag_shSICmar', '33_lag_stratZ50ndj03', '40_lag_scpPSLjfm']","[0.1228346052855903, 0.1086949697672032, 0.06477883598014893, 0.16745470322742345, 0.18202224243859377, 0.09522834501592767, 0.17982647199628207, 0.21041722512338698, 0.1584228531314325, 0.3208162206405373]","33_lag_shSICsep, 35_lag_traFB, 40_lag_traFS, 36_lag_eapPSLjfm, 35_lag_yrvPRjja, 40_lag_wnorPRjfm, 31_lag_traIFC, 36_lag_shSICmar, 33_lag_stratZ50ndj03, 40_lag_scpPSLjfm_1235_31"
LinearRegression,27,10,naoPSLjfm,slow,1741.5,2005.5,0.4,42,32,32,18.77785658566676,0.010546457935372983,1235,"['35_lag_yrvPRjja', '40_lag_traFS', '40_lag_alpi', '41_lag_satlSSTjfm', '33_lag_stratZ50ndj03', '32_lag_33_median_stratZ50ndj03', '40_lag_traCA', '41_lag_wnorPRjfm', '35_lag_traFB', '40_lag_scpPSLjfm']","[0.22188358977217257, 0.10188768339078283, 0.0672862661093717, 0.4758202143016002, 0.11769475661886827, 0.11769475661886783, 0.2898131711690276, 0.22824982672265529, 0.23174579624904856, 0.28318633678159133]","35_lag_yrvPRjja, 40_lag_traFS, 40_lag_alpi, 41_lag_satlSSTjfm, 33_lag_stratZ50ndj03, 32_lag_33_median_stratZ50ndj03, 40_lag_traCA, 41_lag_wnorPRjfm, 35_lag_traFB, 40_lag_scpPSLjfm_1235_32"
LinearRegression,28,10,naoPSLjfm,slow,1742.5,2005.5,0.4,43,33,33,17.72878842783322,0.06487027059707787,1235,"['40_lag_traFS', '40_lag_wnorPRjfm', '38_lag_tripol3', '41_lag_satlSSTjfm', '40_lag_traCA', '41_lag_wnorPRjfm', '33_lag_stratZ50ndj03', '35_lag_traFB', '42_lag_scpPSLjfm', '40_lag_scpPSLjfm']","[0.0965622475866907, 0.14709386553677456, 0.11329435800309927, 0.42973197454506357, 0.356473751054704, 0.24995041340381463, 0.22121265966622297, 0.22540617844182476, 0.14433438539473536, 0.2618226801406085]","40_lag_traFS, 40_lag_wnorPRjfm, 38_lag_tripol3, 41_lag_satlSSTjfm, 40_lag_traCA, 41_lag_wnorPRjfm, 33_lag_stratZ50ndj03, 35_lag_traFB, 42_lag_scpPSLjfm, 40_lag_scpPSLjfm_1235_33"
LinearRegression,29,10,naoPSLjfm,slow,1743.5,2005.5,0.4,44,34,34,18.100580480720257,0.013301968588746532,1235,"['41_lag_wnorPRjfm', '34_lag_stratZ50ndj01', '37_lag_shSICsep', '40_lag_wnorPRjfm', '35_lag_traFB', '34_lag_35_median_traFB', '41_lag_satlSSTjfm', '43_lag_yrvPRjja', '42_lag_scpPSLjfm', '40_lag_scpPSLjfm']","[0.27595184550089735, 0.12021586969722317, 0.07287621067078588, 0.07251323588357492, 0.09349989351021187, 0.0934998935102117, 0.4712143736336242, 0.2829038532562737, 0.13386973073999686, 0.33157350651687956]","41_lag_wnorPRjfm, 34_lag_stratZ50ndj01, 37_lag_shSICsep, 40_lag_wnorPRjfm, 35_lag_traFB, 34_lag_35_median_traFB, 41_lag_satlSSTjfm, 43_lag_yrvPRjja, 42_lag_scpPSLjfm, 40_lag_scpPSLjfm_1235_34"
LinearRegression,30,10,naoPSLjfm,slow,1744.5,2005.5,0.4,45,35,35,17.542492034561707,0.08296331128342285,1235,"['38_lag_alpi', '40_lag_traCA', '43_lag_yrvPRjja', '41_lag_satlSSTjfm', '44_lag_atlSICsep', '44_lag_mhfIP30', '35_lag_nchinaPRjja', '35_lag_traFB', '42_lag_scpPSLjfm', '40_lag_scpPSLjfm']","[0.17517798069098597, 0.2505330394392009, 0.21800456841288707, 0.3886133818864244, 0.03249972080403493, 0.1534889318365616, 0.1444088402865541, 0.16463596002882702, 0.14596557566561522, 0.28389779086691413]","38_lag_alpi, 40_lag_traCA, 43_lag_yrvPRjja, 41_lag_satlSSTjfm, 44_lag_atlSICsep, 44_lag_mhfIP30, 35_lag_nchinaPRjja, 35_lag_traFB, 42_lag_scpPSLjfm, 40_lag_scpPSLjfm_1235_35"
LinearRegression,31,10,naoPSLjfm,slow,1745.5,2005.5,0.4,46,36,39,17.676819692214433,8.205448395211936e-05,1235,"['44_lag_mhfATL30', '43_lag_yrvPRjja', '41_lag_stratZ50ndj04', '45_lag_traEU', '39_lag_ismPRjja', '45_lag_atlSICjfm', '40_lag_traCA', '45_lag_shSICsep', '42_lag_scpPSLjfm', '40_lag_scpPSLjfm']","[0.1717562282751414, 0.19532425716860605, 0.27599211820018166, 0.10793380556089735, 0.15852094960246577, 0.28331195600506165, 0.21876283475295538, 0.17543038220114682, 0.16882172847706253, 0.22290730618609306]","44_lag_mhfATL30, 43_lag_yrvPRjja, 41_lag_stratZ50ndj04, 45_lag_traEU, 39_lag_ismPRjja, 45_lag_atlSICjfm, 40_lag_traCA, 45_lag_shSICsep, 42_lag_scpPSLjfm, 40_lag_scpPSLjfm_1235_39"
LinearRegression,32,10,naoPSLjfm,slow,1746.5,2005.5,0.4,47,37,40,17.83982434374346,0.10322862171491923,1235,"['46_lag_traWP', '46_lag_atlSICjfm', '40_lag_seurTSjfm', '43_lag_traEC', '42_lag_traEC', '45_lag_shSICsep', '45_lag_atlSICjfm', '42_lag_scpPSLjfm', '40_lag_scpPSLjfm', '46_lag_scpPSLjfm']","[0.08820699919558082, 0.023691258345347133, 0.2170935705343125, 0.03475049439236848, 0.20588734627485583, 0.31919390242255063, 0.2848968486039464, 0.099074179484894, 0.29724557281935393, 0.28366432559012916]","46_lag_traWP, 46_lag_atlSICjfm, 40_lag_seurTSjfm, 43_lag_traEC, 42_lag_traEC, 45_lag_shSICsep, 45_lag_atlSICjfm, 42_lag_scpPSLjfm, 40_lag_scpPSLjfm, 46_lag_scpPSLjfm_1235_40"
LinearRegression,33,10,naoPSLjfm,slow,1747.5,2005.5,0.4,48,38,38,17.700173780444686,0.06335387730862545,1235,"['45_lag_ismPRjja', '38_lag_alpi', '44_lag_alpi', '40_lag_atlSICjfm', '45_lag_atlSICjfm', '42_lag_nchinaPRjja', '46_lag_atlSICjfm', '42_lag_scpPSLjfm', '40_lag_scpPSLjfm', '46_lag_scpPSLjfm']","[0.28911930035927885, 0.11104917210217852, 0.03986204904342337, 0.11218809422156613, 0.29622251970706187, 0.14548256036040974, 0.08940366870583434, 0.05095658519751309, 0.3225250207025806, 0.17658653579307093]","45_lag_ismPRjja, 38_lag_alpi, 44_lag_alpi, 40_lag_atlSICjfm, 45_lag_atlSICjfm, 42_lag_nchinaPRjja, 46_lag_atlSICjfm, 42_lag_scpPSLjfm, 40_lag_scpPSLjfm, 46_lag_scpPSLjfm_1235_38"
LinearRegression,34,10,naoPSLjfm,slow,1748.5,2005.5,0.4,49,39,39,18.6330427848155,0.10607123520322352,1235,"['44_lag_alpi', '45_lag_atlSICjfm', '45_lag_shSICsep', '39_lag_ismPRjja', '48_lag_seurTSjfm', '42_lag_scpPSLjfm', '39_lag_40_median_scpPSLjfm', '40_lag_scpPSLjfm', '46_lag_scpPSLjfm', '48_lag_yrvPRjja']","[0.07642780470987436, 0.29667593506364637, 0.32833671625613137, 0.10898674298721625, 0.07062517907235868, 0.042893046390653555, 138387607022832.95, 138387607022832.55, 0.2646015032057913, 0.11395681925514392]","44_lag_alpi, 45_lag_atlSICjfm, 45_lag_shSICsep, 39_lag_ismPRjja, 48_lag_seurTSjfm, 42_lag_scpPSLjfm, 39_lag_40_median_scpPSLjfm, 40_lag_scpPSLjfm, 46_lag_scpPSLjfm, 48_lag_yrvPRjja_1235_39"
LinearRegression,35,10,naoPSLjfm,slow,1749.5,2005.5,0.4,50,40,40,18.72324606959998,-0.04802018263101669,1235,"['42_lag_nchinaPRjja', '49_lag_traTLS', '44_lag_alpi', '49_lag_scpPSLjfm', '40_lag_traCA', '48_lag_seurTSjfm', '42_lag_scpPSLjfm', '46_lag_scpPSLjfm', '48_lag_yrvPRjja', '40_lag_scpPSLjfm']","[0.2073901367147075, 0.15723459015700403, 0.12238228555318753, 0.12995656478055037, 0.26832955752961923, 0.11720242551081436, 0.09487325314320166, 0.18544888097322113, 0.19736009115457853, 0.22580340684800843]","42_lag_nchinaPRjja, 49_lag_traTLS, 44_lag_alpi, 49_lag_scpPSLjfm, 40_lag_traCA, 48_lag_seurTSjfm, 42_lag_scpPSLjfm, 46_lag_scpPSLjfm, 48_lag_yrvPRjja, 40_lag_scpPSLjfm_1235_40"
LinearRegression,36,10,naoPSLjfm,slow,1750.5,2005.5,0.4,51,41,41,18.724953008838124,-0.09991554601057893,1235,"['49_lag_eurPSLjfm', '49_lag_stratZ50ndj01', '49_lag_scpPSLjfm', '49_lag_traTLS', '44_lag_stratZ50ndj02', '41_lag_wnorPRjfm', '48_lag_seurTSjfm', '45_lag_scpPSLjfm', '48_lag_yrvPRjja', '46_lag_scpPSLjfm']","[0.032297983244373545, 0.07114789807409848, 0.1238434585179868, 0.14457453031113526, 0.24946850959143752, 0.2767664056743449, 0.11646170438031928, 0.1105939386156117, 0.0873815876932317, 0.273437648509479]","49_lag_eurPSLjfm, 49_lag_stratZ50ndj01, 49_lag_scpPSLjfm, 49_lag_traTLS, 44_lag_stratZ50ndj02, 41_lag_wnorPRjfm, 48_lag_seurTSjfm, 45_lag_scpPSLjfm, 48_lag_yrvPRjja, 46_lag_scpPSLjfm_1235_41"
LinearRegression,37,10,naoPSLjfm,slow,1751.5,2005.5,0.4,52,42,42,17.474935798685003,-0.07824020304889294,1235,"['44_lag_stratZ50ndj02', '50_lag_shSICmar', '51_lag_stratZ50ndj01', '42_lag_scpPSLjfm', '48_lag_seurTSjfm', '45_lag_atlSICjfm', '42_lag_nchinaPRjja', '46_lag_scpPSLjfm', '48_lag_yrvPRjja', '51_lag_mhfIP30']","[0.19628667758302035, 0.06865366539291917, 0.2145160653194257, 0.0764982559861771, 0.07923620133422586, 0.341218560382041, 0.24381124511511731, 0.212244133030518, 0.20532743460145023, 0.15658963554686608]","44_lag_stratZ50ndj02, 50_lag_shSICmar, 51_lag_stratZ50ndj01, 42_lag_scpPSLjfm, 48_lag_seurTSjfm, 45_lag_atlSICjfm, 42_lag_nchinaPRjja, 46_lag_scpPSLjfm, 48_lag_yrvPRjja, 51_lag_mhfIP30_1235_42"
LinearRegression,38,10,naoPSLjfm,slow,1752.5,2005.5,0.4,53,43,45,16.596239832892543,0.09701269967863335,1235,"['45_lag_scpPSLjfm', '51_lag_stratZ50ndj01', '50_lag_shSICmar', '47_lag_ismPRjja', '50_lag_stratZ50ndj03', '48_lag_yrvPRjja', '45_lag_atlSICjfm', '46_lag_scpPSLjfm', '48_lag_seurTSjfm', '51_lag_mhfIP30']","[0.0602421667041463, 0.21825396575364, 0.20286586585004937, 0.2901658951815998, 0.2331310662725208, 0.1768584953746083, 0.2850364651340253, 0.2241614670886226, 0.14467441257825325, 0.21417655804418623]","45_lag_scpPSLjfm, 51_lag_stratZ50ndj01, 50_lag_shSICmar, 47_lag_ismPRjja, 50_lag_stratZ50ndj03, 48_lag_yrvPRjja, 45_lag_atlSICjfm, 46_lag_scpPSLjfm, 48_lag_seurTSjfm, 51_lag_mhfIP30_1235_45"
LinearRegression,39,10,naoPSLjfm,slow,1753.5,2005.5,0.4,54,44,44,18.463957222570453,0.06370177552496772,1235,"['49_lag_nchinaPRjja', '47_lag_ismPRjja', '44_lag_alpi', '52_lag_stratZ50ndj01', '51_lag_stratZ50ndj01', '44_lag_shSICsep', '53_lag_shSICmar', '51_lag_traEU', '51_lag_mhfIP30', '46_lag_scpPSLjfm']","[0.16714710102266622, 0.19093575858741915, 0.10353085740241884, 0.23944811419365764, 0.15491678679467674, 0.14855809378144477, 0.15347743461701158, 0.23044285531315195, 0.2442688515331505, 0.30908209358990557]","49_lag_nchinaPRjja, 47_lag_ismPRjja, 44_lag_alpi, 52_lag_stratZ50ndj01, 51_lag_stratZ50ndj01, 44_lag_shSICsep, 53_lag_shSICmar, 51_lag_traEU, 51_lag_mhfIP30, 46_lag_scpPSLjfm_1235_44"
LinearRegression,40,10,naoPSLjfm,slow,1754.5,2005.5,0.4,55,45,45,19.1688025094446,0.049149456594905064,1235,"['45_lag_atlSICjfm', '50_lag_shSICmar', '51_lag_traEU', '45_lag_scpPSLjfm', '53_lag_shSICmar', '52_lag_stratZ50ndj01', '45_lag_46_median_scpPSLjfm', '46_lag_scpPSLjfm', '45_lag_traIFC', '51_lag_mhfIP30']","[0.3027067826370164, 0.04639577357064459, 0.2535582616513075, 0.07326612182641845, 0.2768000135033203, 0.24211537483798493, 0.17633913652118968, 0.17633913652118974, 0.15910959181171308, 0.2949615402752988]","45_lag_atlSICjfm, 50_lag_shSICmar, 51_lag_traEU, 45_lag_scpPSLjfm, 53_lag_shSICmar, 52_lag_stratZ50ndj01, 45_lag_46_median_scpPSLjfm, 46_lag_scpPSLjfm, 45_lag_traIFC, 51_lag_mhfIP30_1235_45"
LinearRegression,41,10,naoPSLjfm,slow,1755.5,2005.5,0.4,56,46,46,17.20285249301312,0.08667018368282255,1235,"['51_lag_stratZ50ndj01', '50_lag_shSICmar', '52_lag_traEU', '50_lag_eurPSLjfm', '51_lag_ginwSSTjfm', '52_lag_stratZ50ndj01', '49_lag_nchinaPRjja', '51_lag_mhfIP30', '55_lag_traEC', '46_lag_scpPSLjfm']","[0.253123904634149, 0.16449701157862007, 0.04797618385210319, 0.07974753262992249, 0.22519846820832373, 0.14235024104953445, 0.14526453507841036, 0.17261109721281803, 0.13945366056968383, 0.2584043888017836]","51_lag_stratZ50ndj01, 50_lag_shSICmar, 52_lag_traEU, 50_lag_eurPSLjfm, 51_lag_ginwSSTjfm, 52_lag_stratZ50ndj01, 49_lag_nchinaPRjja, 51_lag_mhfIP30, 55_lag_traEC, 46_lag_scpPSLjfm_1235_46"
LinearRegression,42,10,naoPSLjfm,slow,1756.5,2005.5,0.4,57,47,47,15.684034150420203,0.17098906182622556,1235,"['51_lag_traEU', '50_lag_eurPSLjfm', '47_lag_ismPRjja', '51_lag_stratZ50ndj01', '52_lag_traEU', '49_lag_nchinaPRjja', '52_lag_stratZ50ndj01', '51_lag_ginwSSTjfm', '55_lag_traEC', '51_lag_mhfIP30']","[0.18828737123155995, 0.06987580398664522, 0.14249144712881484, 0.29372185765201014, 0.05884337301772834, 0.18465685153934674, 0.1513365708450938, 0.26541030064778837, 0.07184434457187283, 0.2507672495676105]","51_lag_traEU, 50_lag_eurPSLjfm, 47_lag_ismPRjja, 51_lag_stratZ50ndj01, 52_lag_traEU, 49_lag_nchinaPRjja, 52_lag_stratZ50ndj01, 51_lag_ginwSSTjfm, 55_lag_traEC, 51_lag_mhfIP30_1235_47"
LinearRegression,43,10,naoPSLjfm,slow,1757.5,2005.5,0.4,58,48,48,16.683895999602314,0.14156011736474255,1235,"['48_lag_seurTSjfm', '48_lag_shSICsep', '52_lag_traEU', '52_lag_stratZ50ndj01', '51_lag_ginwSSTjfm', '51_lag_stratZ50ndj01', '48_lag_mhfIP30', '55_lag_eurPSLjfm', '55_lag_traEC', '51_lag_mhfIP30']","[0.08986638829676205, 0.17641685246659142, 0.1237600547964685, 0.0886780960494315, 0.31405324530821316, 0.30253981835657634, 0.15834722830891132, 0.14511310649482426, 0.08024695266171125, 0.1520043505702812]","48_lag_seurTSjfm, 48_lag_shSICsep, 52_lag_traEU, 52_lag_stratZ50ndj01, 51_lag_ginwSSTjfm, 51_lag_stratZ50ndj01, 48_lag_mhfIP30, 55_lag_eurPSLjfm, 55_lag_traEC, 51_lag_mhfIP30_1235_48"
LinearRegression,44,10,naoPSLjfm,slow,1758.5,2005.5,0.4,59,49,49,17.074977283167645,0.13763063926178096,1235,"['58_lag_stratZ50ndj01', '58_lag_alpi', '49_lag_alpi', '52_lag_stratZ50ndj01', '53_lag_ginwSSTjfm', '51_lag_stratZ50ndj01', '49_lag_nchinaPRjja', '55_lag_traEC', '51_lag_ginwSSTjfm', '51_lag_mhfIP30']","[0.1429832809346493, 0.16940636898111144, 0.22622725885910472, 0.12233136953021936, 0.16509100637840035, 0.3180889956652635, 0.23381746932639874, 0.04986348746676571, 0.40056650393018844, 0.17952868867397126]","58_lag_stratZ50ndj01, 58_lag_alpi, 49_lag_alpi, 52_lag_stratZ50ndj01, 53_lag_ginwSSTjfm, 51_lag_stratZ50ndj01, 49_lag_nchinaPRjja, 55_lag_traEC, 51_lag_ginwSSTjfm, 51_lag_mhfIP30_1235_49"
LinearRegression,45,10,naoPSLjfm,slow,1759.5,2005.5,0.4,60,50,50,17.798818410695045,0.13637110296799373,1235,"['58_lag_shSICsep', '55_lag_traEC', '59_lag_yrvPRjja', '59_lag_eurPSLjfm', '59_lag_traTLS', '52_lag_stratZ50ndj01', '51_lag_ginwSSTjfm', '50_lag_51_median_ginwSSTjfm', '51_lag_mhfIP30', '50_lag_51_median_mhfIP30']","[0.18539916487354838, 0.16624492598444685, 0.12787954959423276, 0.2762449977059953, 0.29854134888351674, 0.1889688235738782, 0.107812602644729, 0.10781260264472908, 0.10664385454809415, 0.10664385454809425]","58_lag_shSICsep, 55_lag_traEC, 59_lag_yrvPRjja, 59_lag_eurPSLjfm, 59_lag_traTLS, 52_lag_stratZ50ndj01, 51_lag_ginwSSTjfm, 50_lag_51_median_ginwSSTjfm, 51_lag_mhfIP30, 50_lag_51_median_mhfIP30_1235_50"
LinearRegression,46,10,naoPSLjfm,slow,1760.5,2005.5,0.4,61,51,51,17.622323359527638,0.156772199318096,1235,"['59_lag_traWP', '52_lag_stratZ50ndj01', '51_lag_52_median_stratZ50ndj01', '58_lag_stratZ50ndj01', '59_lag_eurPSLjfm', '56_lag_shSICsep', '59_lag_traTLS', '59_lag_yrvPRjja', '51_lag_ginwSSTjfm', '51_lag_mhfIP30']","[0.08260329843423181, 0.09253600250265195, 0.09253600250265191, 0.21372810658771674, 0.2748032022297706, 0.10248554739374469, 0.27637690994989134, 0.16241339567272328, 0.2722455922828567, 0.23300658545270791]","59_lag_traWP, 52_lag_stratZ50ndj01, 51_lag_52_median_stratZ50ndj01, 58_lag_stratZ50ndj01, 59_lag_eurPSLjfm, 56_lag_shSICsep, 59_lag_traTLS, 59_lag_yrvPRjja, 51_lag_ginwSSTjfm, 51_lag_mhfIP30_1235_51"
LinearRegression,47,10,naoPSLjfm,slow,1761.5,2005.5,0.4,62,52,52,17.92078336343233,0.1381468310883144,1235,"['56_lag_shSICsep', '58_lag_traFSC', '61_lag_pdoSSTjfm', '59_lag_traWP', '55_lag_eurPSLjfm', '52_lag_stratZ50ndj01', '52_lag_mhfATL30', '59_lag_yrvPRjja', '58_lag_stratZ50ndj01', '59_lag_traTLS']","[0.15772832256391478, 0.1324846770715508, 0.15364727723388255, 0.003997400507905296, 0.10796096431110846, 0.1492795969116435, 0.25360501552036785, 0.24400109467183811, 0.23115121335412814, 0.32306015092566187]","56_lag_shSICsep, 58_lag_traFSC, 61_lag_pdoSSTjfm, 59_lag_traWP, 55_lag_eurPSLjfm, 52_lag_stratZ50ndj01, 52_lag_mhfATL30, 59_lag_yrvPRjja, 58_lag_stratZ50ndj01, 59_lag_traTLS_1235_52"
LinearRegression,48,10,naoPSLjfm,slow,1762.5,2005.5,0.4,63,53,53,18.8526433679552,0.078390786860912,1235,"['62_lag_ensoSSTjfm', '59_lag_yrvPRjja', '53_lag_stratZ50ndj03', '61_lag_pdoSSTjfm', '58_lag_stratZ50ndj01', '59_lag_atlSICsep', '55_lag_traEC', '55_lag_eurPSLjfm', '59_lag_eurPSLjfm', '59_lag_traTLS']","[0.22640603686646626, 0.24126970533096076, 0.19955624136137576, 0.2932321368258819, 0.20519805088635532, 0.03516764201185431, 0.23348226512673279, 0.11818161257828338, 0.22600096149281557, 0.28592547457118894]","62_lag_ensoSSTjfm, 59_lag_yrvPRjja, 53_lag_stratZ50ndj03, 61_lag_pdoSSTjfm, 58_lag_stratZ50ndj01, 59_lag_atlSICsep, 55_lag_traEC, 55_lag_eurPSLjfm, 59_lag_eurPSLjfm, 59_lag_traTLS_1235_53"
LinearRegression,49,10,naoPSLjfm,slow,1763.5,2005.5,0.4,64,54,54,17.725729593055235,-0.00679628690880528,1235,"['62_lag_nppc2SSTjfm', '61_lag_pdoSSTjfm', '54_lag_traMC', '59_lag_eurPSLjfm', '63_lag_wnorPRjfm', '56_lag_shSICsep', '60_lag_mhfATL60', '59_lag_atlSICsep', '63_lag_stratZ50ndj01', '59_lag_traTLS']","[0.16264061979127536, 0.057958206069706475, 0.29588814393824, 0.09093023319044492, 0.12236230787342048, 0.18786911017884123, 0.3533834917634947, 0.234067272433981, 0.160046014843115, 0.2668633966093386]","62_lag_nppc2SSTjfm, 61_lag_pdoSSTjfm, 54_lag_traMC, 59_lag_eurPSLjfm, 63_lag_wnorPRjfm, 56_lag_shSICsep, 60_lag_mhfATL60, 59_lag_atlSICsep, 63_lag_stratZ50ndj01, 59_lag_traTLS_1235_54"
LinearRegression,50,10,naoPSLjfm,slow,1764.5,2005.5,0.4,65,55,55,18.009442574054983,0.08484412807034793,1235,"['59_lag_eurPSLjfm', '60_lag_mhfATL60', '59_lag_traWP', '61_lag_pdoSSTjfm', '55_lag_eurPSLjfm', '63_lag_stratZ50ndj01', '64_lag_alpi', '63_lag_wnorPRjfm', '59_lag_traTLS', '64_lag_stratZ50ndj01']","[0.12539535017193879, 0.2779465925889781, 0.10374190442147806, 0.14967330647295926, 0.16472352820318337, 0.1657416883308135, 0.09884498496784827, 0.071924700031928, 0.19433413278306072, 0.2703214104003119]","59_lag_eurPSLjfm, 60_lag_mhfATL60, 59_lag_traWP, 61_lag_pdoSSTjfm, 55_lag_eurPSLjfm, 63_lag_stratZ50ndj01, 64_lag_alpi, 63_lag_wnorPRjfm, 59_lag_traTLS, 64_lag_stratZ50ndj01_1235_55"
LinearRegression,51,10,naoPSLjfm,slow,1765.5,2005.5,0.4,66,56,56,17.59489584150801,0.005200550345663595,1235,"['60_lag_shSICmar', '64_lag_alpi', '59_lag_atlSICsep', '63_lag_stratZ50ndj01', '59_lag_yrvPRjja', '63_lag_wnorPRjfm', '60_lag_mhfATL60', '59_lag_traTLS', '56_lag_shSICsep', '64_lag_stratZ50ndj01']","[0.2060490473572054, 0.12834434972393655, 0.2301404489833724, 0.06982430769202277, 0.211317117747082, 0.140320755664559, 0.35216424558375253, 0.24141619380275064, 0.10689320481618422, 0.23010715899602513]","60_lag_shSICmar, 64_lag_alpi, 59_lag_atlSICsep, 63_lag_stratZ50ndj01, 59_lag_yrvPRjja, 63_lag_wnorPRjfm, 60_lag_mhfATL60, 59_lag_traTLS, 56_lag_shSICsep, 64_lag_stratZ50ndj01_1235_56"
LinearRegression,52,10,naoPSLjfm,slow,1766.5,2005.5,0.4,67,57,57,17.022444207681676,0.042076663595202436,1235,"['57_lag_ismPRjja', '57_lag_traIFC', '60_lag_shSICmar', '57_lag_traIT', '64_lag_traFSC', '57_lag_stratZ50ndj03', '64_lag_alpi', '60_lag_mhfATL60', '63_lag_stratZ50ndj01', '64_lag_stratZ50ndj01']","[0.059488303876232176, 0.12836435993775638, 0.307776339695891, 0.1361641354245997, 0.019750741913365684, 0.05707257970671598, 0.10124690076572387, 0.2677965822182491, 0.0987029074220352, 0.28465948137841696]","57_lag_ismPRjja, 57_lag_traIFC, 60_lag_shSICmar, 57_lag_traIT, 64_lag_traFSC, 57_lag_stratZ50ndj03, 64_lag_alpi, 60_lag_mhfATL60, 63_lag_stratZ50ndj01, 64_lag_stratZ50ndj01_1235_57"
LinearRegression,53,10,naoPSLjfm,slow,1767.5,2005.5,0.4,68,58,60,17.10618912165077,0.06880689721910674,1235,"['61_lag_mhfIP30', '67_lag_stratZ50ndj03', '64_lag_alpi', '64_lag_traFSC', '62_lag_eurPSLjfm', '60_lag_mhfATL60', '60_lag_shSICmar', '63_lag_stratZ50ndj01', '67_lag_yrvPRjja', '64_lag_stratZ50ndj01']","[0.10360210769233975, 0.13266690297786993, 0.13377959775471604, 0.052198422290266826, 0.1600858801662841, 0.24553753768472358, 0.2529726462334054, 0.04527171131020849, 0.13455155404887395, 0.29303100382890346]","61_lag_mhfIP30, 67_lag_stratZ50ndj03, 64_lag_alpi, 64_lag_traFSC, 62_lag_eurPSLjfm, 60_lag_mhfATL60, 60_lag_shSICmar, 63_lag_stratZ50ndj01, 67_lag_yrvPRjja, 64_lag_stratZ50ndj01_1235_60"
LinearRegression,54,10,naoPSLjfm,slow,1768.5,2005.5,0.4,69,59,59,17.518411838557924,0.11946358923606817,1235,"['66_lag_yrvPRjja', '67_lag_eurPSLjfm', '62_lag_wnorPRjfm', '59_lag_yrvPRjja', '67_lag_yrvPRjja', '62_lag_mhfIP30', '68_lag_stratZ50ndj03', '63_lag_stratZ50ndj01', '59_lag_traTLS', '64_lag_stratZ50ndj01']","[0.1934411474726692, 0.06029745923335941, 0.23572886572664922, 0.142892524863768, 0.08851472407213633, 0.12589298714484956, 0.18386614512389096, 0.13418214558331476, 0.24401756640917407, 0.3096681085204141]","66_lag_yrvPRjja, 67_lag_eurPSLjfm, 62_lag_wnorPRjfm, 59_lag_yrvPRjja, 67_lag_yrvPRjja, 62_lag_mhfIP30, 68_lag_stratZ50ndj03, 63_lag_stratZ50ndj01, 59_lag_traTLS, 64_lag_stratZ50ndj01_1235_59"
LinearRegression,55,10,naoPSLjfm,slow,1769.5,2005.5,0.4,70,60,60,17.927764383545224,0.0745389511286739,1235,"['63_lag_stratZ50ndj01', '64_lag_alpi', '62_lag_shSICmar', '66_lag_mhfATL60', '66_lag_yrvPRjja', '66_lag_traCA', '60_lag_shSICmar', '69_lag_stratZ50ndj03', '69_lag_shSICsep', '64_lag_stratZ50ndj01']","[0.028293481802048537, 0.13090825035437342, 0.05439314393100552, 0.213664797061551, 0.22524959937899228, 0.14269362938682034, 0.23374959955027538, 0.17222221196796392, 0.12251348406665008, 0.38092413317250884]","63_lag_stratZ50ndj01, 64_lag_alpi, 62_lag_shSICmar, 66_lag_mhfATL60, 66_lag_yrvPRjja, 66_lag_traCA, 60_lag_shSICmar, 69_lag_stratZ50ndj03, 69_lag_shSICsep, 64_lag_stratZ50ndj01_1235_60"
LinearRegression,56,10,naoPSLjfm,slow,1770.5,2005.5,0.4,71,61,61,19.544276369440443,0.03565451420584902,1235,"['67_lag_nchinaPRjja', '66_lag_mhfATL60', '68_lag_stratZ50ndj01', '61_lag_alpi', '70_lag_traBS', '66_lag_traCA', '66_lag_yrvPRjja', '64_lag_alpi', '69_lag_shSICsep', '64_lag_stratZ50ndj01']","[0.20001960951097936, 0.23454551693595954, 0.006199942199682507, 0.12074557586995951, 0.34156688817540315, 0.15343357947369426, 0.31839704565042126, 0.11583364258379748, 0.19430000616345294, 0.3617923791720289]","67_lag_nchinaPRjja, 66_lag_mhfATL60, 68_lag_stratZ50ndj01, 61_lag_alpi, 70_lag_traBS, 66_lag_traCA, 66_lag_yrvPRjja, 64_lag_alpi, 69_lag_shSICsep, 64_lag_stratZ50ndj01_1235_61"
LinearRegression,57,10,naoPSLjfm,slow,1771.5,2005.5,0.4,72,62,62,18.825545425706444,0.04789319559265227,1235,"['71_lag_mhfATL45', '65_lag_eurPSLjfm', '62_lag_eurPSLjfm', '66_lag_yrvPRjja', '70_lag_traBS', '62_lag_wnorPRjfm', '64_lag_alpi', '71_lag_mhfIP30', '69_lag_shSICsep', '64_lag_stratZ50ndj01']","[0.23347133699914926, 0.2382706990780819, 0.1314260685443135, 0.16170867499670163, 0.2248209546688624, 0.19440821490279966, 0.12893211618771777, 0.22356684171157748, 0.1194821910180062, 0.36041936029034094]","71_lag_mhfATL45, 65_lag_eurPSLjfm, 62_lag_eurPSLjfm, 66_lag_yrvPRjja, 70_lag_traBS, 62_lag_wnorPRjfm, 64_lag_alpi, 71_lag_mhfIP30, 69_lag_shSICsep, 64_lag_stratZ50ndj01_1235_62"
LinearRegression,58,10,naoPSLjfm,slow,1772.5,2005.5,0.4,73,63,63,18.609019681901128,0.06724574966102842,1235,"['64_lag_ismPRjja', '72_lag_atlSICsep', '71_lag_mhfIP30', '72_lag_scpPSLjfm', '69_lag_stratZ50ndj01', '64_lag_stratZ50ndj01', '63_lag_64_median_stratZ50ndj01', '68_lag_stratZ50ndj02', '72_lag_alpi', '69_lag_shSICsep']","[0.18280495720106915, 0.26257658682326795, 0.135598752294225, 0.06592002418053725, 0.0661452212833929, 0.155131894335045, 0.15513189433504507, 0.06021129613176095, 0.19257721938656652, 0.15722152318953198]","64_lag_ismPRjja, 72_lag_atlSICsep, 71_lag_mhfIP30, 72_lag_scpPSLjfm, 69_lag_stratZ50ndj01, 64_lag_stratZ50ndj01, 63_lag_64_median_stratZ50ndj01, 68_lag_stratZ50ndj02, 72_lag_alpi, 69_lag_shSICsep_1235_63"
LinearRegression,59,10,naoPSLjfm,slow,1773.5,2005.5,0.4,74,64,64,18.844284729773687,0.0470014828820738,1235,"['72_lag_atlSICsep', '64_lag_nchinaPRjja', '64_lag_ismPRjja', '73_lag_wnorPRjfm', '72_lag_alpi', '67_lag_traMC', '64_lag_stratZ50ndj01', '68_lag_stratZ50ndj02', '69_lag_shSICsep', '64_lag_alpi']","[0.2662146819292646, 0.09381958458124268, 0.21993747132258856, 0.1087689042778283, 0.22255129070904417, 0.22644249609229244, 0.3220433277054394, 0.061669339984447874, 0.1841218396885902, 0.07785171327282553]","72_lag_atlSICsep, 64_lag_nchinaPRjja, 64_lag_ismPRjja, 73_lag_wnorPRjfm, 72_lag_alpi, 67_lag_traMC, 64_lag_stratZ50ndj01, 68_lag_stratZ50ndj02, 69_lag_shSICsep, 64_lag_alpi_1235_64"
LinearRegression,60,10,naoPSLjfm,slow,1774.5,2005.5,0.4,75,65,65,18.440764017264954,0.03725081771354234,1235,"['74_lag_naoPSLjfm', '74_lag_mhfATL30', '73_lag_traIT', '72_lag_alpi', '69_lag_shSICsep', '65_lag_eurPSLjfm', '74_lag_wnorPRjfm', '67_lag_traMC', '74_lag_stratZ50ndj03', '74_lag_yrvPRjja']","[0.2516306535872961, 0.3200276813297393, 0.10984352293859846, 0.20919216963865409, 0.18091449789107453, 0.15758482516686412, 0.05835320508334729, 0.19797694456655238, 0.21533393920503974, 0.3135305304870753]","74_lag_naoPSLjfm, 74_lag_mhfATL30, 73_lag_traIT, 72_lag_alpi, 69_lag_shSICsep, 65_lag_eurPSLjfm, 74_lag_wnorPRjfm, 67_lag_traMC, 74_lag_stratZ50ndj03, 74_lag_yrvPRjja_1235_65"
LinearRegression,61,10,naoPSLjfm,slow,1775.5,2005.5,0.4,76,66,66,18.53877258600168,0.008356616575353661,1235,"['73_lag_traIT', '74_lag_mhfATL30', '72_lag_alpi', '74_lag_naoPSLjfm', '67_lag_traMC', '66_lag_67_median_traMC', '74_lag_yrvPRjja', '74_lag_stratZ50ndj03', '74_lag_wnorPRjfm', '69_lag_shSICsep']","[0.11269223828326211, 0.3263987721221992, 0.2372523292483223, 0.34321825781212756, 0.12384582933692045, 0.12384582933692001, 0.29025035534456545, 0.2678419038283369, 0.14925285017123927, 0.15628472325843]","73_lag_traIT, 74_lag_mhfATL30, 72_lag_alpi, 74_lag_naoPSLjfm, 67_lag_traMC, 66_lag_67_median_traMC, 74_lag_yrvPRjja, 74_lag_stratZ50ndj03, 74_lag_wnorPRjfm, 69_lag_shSICsep_1235_66"
LinearRegression,62,10,naoPSLjfm,slow,1776.5,2005.5,0.4,77,67,67,17.238173008191133,0.07926003372882792,1235,"['67_lag_traMC', '72_lag_alpi', '67_lag_nchinaPRjja', '74_lag_naoPSLjfm', '74_lag_mhfATL30', '74_lag_stratZ50ndj03', '67_lag_scpPSLjfm', '74_lag_wnorPRjfm', '69_lag_shSICsep', '76_lag_scpPSLjfm']","[0.27641901862848295, 0.23658361086175894, 0.057578117448353935, 0.39205928732394324, 0.23792535752816715, 0.18652430749886625, 0.08590574104754922, 0.1824714917606356, 0.14343020804666062, 0.048093712770882646]","67_lag_traMC, 72_lag_alpi, 67_lag_nchinaPRjja, 74_lag_naoPSLjfm, 74_lag_mhfATL30, 74_lag_stratZ50ndj03, 67_lag_scpPSLjfm, 74_lag_wnorPRjfm, 69_lag_shSICsep, 76_lag_scpPSLjfm_1235_67"
LinearRegression,63,10,naoPSLjfm,slow,1777.5,2005.5,0.4,78,68,68,17.46987770718117,0.0027415879040509623,1235,"['75_lag_traEC', '77_lag_pdoSSTjfm', '68_lag_wnorPRjfm', '77_lag_satlSSTjfm', '74_lag_mhfATL30', '77_lag_yrvPRjja', '74_lag_stratZ50ndj03', '73_lag_eurPSLjfm', '77_lag_stratZ50ndj01', '76_lag_scpPSLjfm']","[0.23276952501445847, 0.19314752713562655, 0.20179041994197885, 0.23417222282706213, 0.28686851752551296, 0.03786142964448924, 0.12133530404212692, 0.2498775622896807, 0.18115757448124464, 0.05608064755527777]","75_lag_traEC, 77_lag_pdoSSTjfm, 68_lag_wnorPRjfm, 77_lag_satlSSTjfm, 74_lag_mhfATL30, 77_lag_yrvPRjja, 74_lag_stratZ50ndj03, 73_lag_eurPSLjfm, 77_lag_stratZ50ndj01, 76_lag_scpPSLjfm_1235_68"
LinearRegression,64,10,naoPSLjfm,slow,1778.5,2005.5,0.4,79,69,69,16.7390146892349,0.16290728090836862,1235,"['69_lag_alpi', '77_lag_traIFC', '77_lag_mhfATL45', '69_lag_shSICsep', '77_lag_neurTSjfm', '73_lag_eurPSLjfm', '78_lag_eapPSLjfm', '77_lag_stratZ50ndj01', '76_lag_scpPSLjfm', '73_lag_scpPSLjfm']","[0.1390276973550401, 0.3316786196686141, 0.23427922250717598, 0.19312806663635057, 0.06704607866369039, 0.1905764946395519, 0.2408774779339301, 0.21808815008292445, 0.08352222817182195, 0.11389160005734673]","69_lag_alpi, 77_lag_traIFC, 77_lag_mhfATL45, 69_lag_shSICsep, 77_lag_neurTSjfm, 73_lag_eurPSLjfm, 78_lag_eapPSLjfm, 77_lag_stratZ50ndj01, 76_lag_scpPSLjfm, 73_lag_scpPSLjfm_1235_69"
LinearRegression,65,10,naoPSLjfm,slow,1779.5,2005.5,0.4,80,70,72,18.647589135724456,0.09239506790184006,1235,"['76_lag_stratZ50ndj04', '77_lag_satlSSTjfm', '78_lag_mhfATL30', '72_lag_alpi', '74_lag_mhfIP30', '76_lag_shSICsep', '76_lag_scpPSLjfm', '79_lag_yrvPRjja', '73_lag_scpPSLjfm', '77_lag_stratZ50ndj01']","[0.4055678404555299, 0.2841585039895528, 0.41509243542466057, 0.22478933661298864, 0.14808169740376162, 0.12558435295558482, 0.14024425024845963, 0.36562996534727843, 0.1262147388942871, 0.06945983855128039]","76_lag_stratZ50ndj04, 77_lag_satlSSTjfm, 78_lag_mhfATL30, 72_lag_alpi, 74_lag_mhfIP30, 76_lag_shSICsep, 76_lag_scpPSLjfm, 79_lag_yrvPRjja, 73_lag_scpPSLjfm, 77_lag_stratZ50ndj01_1235_72"
LinearRegression,66,10,naoPSLjfm,slow,1780.5,2005.5,0.4,81,71,71,16.899333771668996,0.027894557694100215,1235,"['71_lag_wnorPRjfm', '71_lag_traEU', '80_lag_traEU', '76_lag_shSICsep', '80_lag_traMC', '79_lag_yrvPRjja', '76_lag_scpPSLjfm', '73_lag_scpPSLjfm', '74_lag_mhfIP30', '77_lag_stratZ50ndj01']","[0.12025448251580884, 0.2621696796188091, 0.17184852712474413, 0.10960551159716239, 0.22988967411228672, 0.3009197533554525, 0.03398462230548966, 0.05527633345779598, 0.06621010043661332, 0.26395336148795934]","71_lag_wnorPRjfm, 71_lag_traEU, 80_lag_traEU, 76_lag_shSICsep, 80_lag_traMC, 79_lag_yrvPRjja, 76_lag_scpPSLjfm, 73_lag_scpPSLjfm, 74_lag_mhfIP30, 77_lag_stratZ50ndj01_1235_71"
LinearRegression,67,10,naoPSLjfm,slow,1781.5,2005.5,0.4,82,72,72,16.666973470905955,0.03712187198076764,1235,"['76_lag_traIT', '74_lag_traEC', '78_lag_seurTSjfm', '80_lag_mhfATL30', '76_lag_scpPSLjfm', '75_lag_ensoSSTjfm', '79_lag_yrvPRjja', '81_lag_eurPSLjfm', '72_lag_alpi', '77_lag_stratZ50ndj01']","[0.13465435786997773, 0.034603723091565314, 0.19116624372543117, 0.06846980032635773, 0.04151237746767204, 0.1790798360609459, 0.23190176498905662, 0.023599489480248634, 0.26912379240423845, 0.10569482237020766]","76_lag_traIT, 74_lag_traEC, 78_lag_seurTSjfm, 80_lag_mhfATL30, 76_lag_scpPSLjfm, 75_lag_ensoSSTjfm, 79_lag_yrvPRjja, 81_lag_eurPSLjfm, 72_lag_alpi, 77_lag_stratZ50ndj01_1235_72"
LinearRegression,68,10,naoPSLjfm,slow,1782.5,2005.5,0.4,83,73,73,16.070077914464928,0.11641980984786503,1235,"['73_lag_eurPSLjfm', '76_lag_traCA', '81_lag_wnorPRjfm', '82_lag_yrvPRjja', '76_lag_traIT', '76_lag_ensoSSTjfm', '80_lag_mhfATL30', '73_lag_traIT', '81_lag_eurPSLjfm', '77_lag_stratZ50ndj01']","[0.24675512173535596, 0.12629565880359594, 0.14500794571661918, 0.1162842653295147, 0.298622464495064, 0.19461365261455182, 0.16607451229176357, 0.10160040567965296, 0.07197781605972445, 0.21287596409107495]","73_lag_eurPSLjfm, 76_lag_traCA, 81_lag_wnorPRjfm, 82_lag_yrvPRjja, 76_lag_traIT, 76_lag_ensoSSTjfm, 80_lag_mhfATL30, 73_lag_traIT, 81_lag_eurPSLjfm, 77_lag_stratZ50ndj01_1235_73"
LinearRegression,69,10,naoPSLjfm,slow,1783.5,2005.5,0.4,84,74,77,19.495759649414378,-0.11218342580136488,1235,"['83_lag_atlSICsep', '80_lag_mhfATL30', '79_lag_yrvPRjja', '83_lag_naoPSLjfm', '82_lag_yrvPRjja', '83_lag_wnorPRjfm', '81_lag_eurPSLjfm', '83_lag_cetTSjfm', '83_lag_eurPSLjfm', '77_lag_stratZ50ndj01']","[0.013514274745579225, 0.07380427697797717, 0.2990224809287609, 0.21577436240450076, 0.0539987395049015, 0.22349696084904985, 0.11066383169282124, 0.5676679597056455, 0.16780069216964774, 0.13755517172091059]","83_lag_atlSICsep, 80_lag_mhfATL30, 79_lag_yrvPRjja, 83_lag_naoPSLjfm, 82_lag_yrvPRjja, 83_lag_wnorPRjfm, 81_lag_eurPSLjfm, 83_lag_cetTSjfm, 83_lag_eurPSLjfm, 77_lag_stratZ50ndj01_1235_77"
LinearRegression,70,10,naoPSLjfm,slow,1784.5,2005.5,0.4,85,75,75,19.710451513264868,-0.11315990845713444,1235,"['80_lag_mhfATL30', '75_lag_eurPSLjfm', '82_lag_scpPSLjfm', '83_lag_naoPSLjfm', '83_lag_wnorPRjfm', '79_lag_yrvPRjja', '81_lag_eurPSLjfm', '83_lag_cetTSjfm', '83_lag_eurPSLjfm', '77_lag_stratZ50ndj01']","[0.0755342215557512, 0.19515350798344233, 0.24531412864111796, 0.17860551413901354, 0.14391401280921073, 0.30806750080190004, 0.12609388819677703, 0.5052665665877127, 0.20271841650086547, 0.15949112988948236]","80_lag_mhfATL30, 75_lag_eurPSLjfm, 82_lag_scpPSLjfm, 83_lag_naoPSLjfm, 83_lag_wnorPRjfm, 79_lag_yrvPRjja, 81_lag_eurPSLjfm, 83_lag_cetTSjfm, 83_lag_eurPSLjfm, 77_lag_stratZ50ndj01_1235_75"
LinearRegression,71,10,naoPSLjfm,slow,1785.5,2005.5,0.4,86,76,76,19.614429549936595,-0.13183860935227357,1235,"['84_lag_mhfIP30', '83_lag_wnorPRjfm', '79_lag_yrvPRjja', '85_lag_scpPSLjfm', '83_lag_cetTSjfm', '82_lag_scpPSLjfm', '81_lag_eurPSLjfm', '83_lag_eurPSLjfm', '85_lag_stratZ50ndj01', '76_lag_traIT']","[0.16567685767780074, 0.1060337235626443, 0.3114096462911894, 0.024839203319285352, 0.3768948865114573, 0.2717486695213932, 0.10609523349809337, 0.14532136867157724, 0.2272875632650079, 0.07944749770778882]","84_lag_mhfIP30, 83_lag_wnorPRjfm, 79_lag_yrvPRjja, 85_lag_scpPSLjfm, 83_lag_cetTSjfm, 82_lag_scpPSLjfm, 81_lag_eurPSLjfm, 83_lag_eurPSLjfm, 85_lag_stratZ50ndj01, 76_lag_traIT_1235_76"
LinearRegression,72,10,naoPSLjfm,slow,1786.5,2005.5,0.4,87,77,77,19.949349231069487,-0.14377281760912583,1235,"['79_lag_yrvPRjja', '83_lag_wnorPRjfm', '85_lag_scpPSLjfm', '77_lag_stratZ50ndj01', '82_lag_scpPSLjfm', '83_lag_eurPSLjfm', '81_lag_eurPSLjfm', '86_lag_scpPSLjfm', '83_lag_cetTSjfm', '85_lag_stratZ50ndj01']","[0.3151588747213949, 0.09676949684960245, 0.027877154723698595, 0.07371371756111689, 0.2546422261301007, 0.12568818300384169, 0.09161634414759288, 0.10845980812504487, 0.39295176681472005, 0.22824346838207285]","79_lag_yrvPRjja, 83_lag_wnorPRjfm, 85_lag_scpPSLjfm, 77_lag_stratZ50ndj01, 82_lag_scpPSLjfm, 83_lag_eurPSLjfm, 81_lag_eurPSLjfm, 86_lag_scpPSLjfm, 83_lag_cetTSjfm, 85_lag_stratZ50ndj01_1235_77"
LinearRegression,73,10,naoPSLjfm,slow,1787.5,2005.5,0.4,88,78,78,21.027714982838443,-0.12174120539166887,1235,"['82_lag_atlSICsep', '78_lag_mhfATL30', '82_lag_scpPSLjfm', '83_lag_wnorPRjfm', '85_lag_stratZ50ndj01', '83_lag_eurPSLjfm', '86_lag_scpPSLjfm', '81_lag_eurPSLjfm', '87_lag_naoPSLjfm', '83_lag_cetTSjfm']","[0.4138405454830181, 0.181817156542039, 0.2257040500923631, 0.16737905976783468, 0.24182787335238398, 0.22700313654678603, 0.11269474657915796, 0.08207574375474888, 0.3370373357470424, 0.13899170728594162]","82_lag_atlSICsep, 78_lag_mhfATL30, 82_lag_scpPSLjfm, 83_lag_wnorPRjfm, 85_lag_stratZ50ndj01, 83_lag_eurPSLjfm, 86_lag_scpPSLjfm, 81_lag_eurPSLjfm, 87_lag_naoPSLjfm, 83_lag_cetTSjfm_1235_78"
LinearRegression,74,10,naoPSLjfm,slow,1788.5,2005.5,0.4,89,79,79,20.75405522585177,-0.12010450887726251,1235,"['83_lag_wnorPRjfm', '82_lag_atlSICsep', '79_lag_stratZ50ndj03', '82_lag_scpPSLjfm', '87_lag_naoPSLjfm', '86_lag_scpPSLjfm', '85_lag_stratZ50ndj01', '83_lag_cetTSjfm', '83_lag_eurPSLjfm', '81_lag_eurPSLjfm']","[0.16298415940364577, 0.4077883104550172, 0.002895118447544207, 0.2418197229915957, 0.3301985146211375, 0.1040338037030429, 0.24863222529254178, 0.14402651896475582, 0.24880273651588308, 0.14464902037089233]","83_lag_wnorPRjfm, 82_lag_atlSICsep, 79_lag_stratZ50ndj03, 82_lag_scpPSLjfm, 87_lag_naoPSLjfm, 86_lag_scpPSLjfm, 85_lag_stratZ50ndj01, 83_lag_cetTSjfm, 83_lag_eurPSLjfm, 81_lag_eurPSLjfm_1235_79"
LinearRegression,75,10,naoPSLjfm,slow,1789.5,2005.5,0.4,90,80,80,20.682894217118026,-0.10699841430994193,1235,"['87_lag_naoPSLjfm', '81_lag_eurPSLjfm', '80_lag_81_median_eurPSLjfm', '80_lag_scpPSLjfm', '82_lag_scpPSLjfm', '82_lag_atlSICsep', '86_lag_scpPSLjfm', '83_lag_eurPSLjfm', '83_lag_cetTSjfm', '85_lag_stratZ50ndj01']","[0.32461948860905465, 0.07721293733930247, 0.0772129373393022, 0.15282823489319827, 0.24708441014175977, 0.3300993880285515, 0.12348441661326579, 0.21730652164488817, 0.3206286381387781, 0.20716459332529058]","87_lag_naoPSLjfm, 81_lag_eurPSLjfm, 80_lag_81_median_eurPSLjfm, 80_lag_scpPSLjfm, 82_lag_scpPSLjfm, 82_lag_atlSICsep, 86_lag_scpPSLjfm, 83_lag_eurPSLjfm, 83_lag_cetTSjfm, 85_lag_stratZ50ndj01_1235_80"
LinearRegression,76,10,naoPSLjfm,slow,1790.5,2005.5,0.4,91,81,81,20.550374379718303,-0.15035593047375218,1235,"['83_lag_wnorPRjfm', '84_lag_mhfIP30', '86_lag_scpPSLjfm', '90_lag_yrvPRjja', '83_lag_eurPSLjfm', '81_lag_eurPSLjfm', '81_lag_82_median_atlSICsep', '82_lag_atlSICsep', '83_lag_cetTSjfm', '85_lag_stratZ50ndj01']","[0.07621006641638732, 0.17111855836858425, 0.18870663643535204, 0.3266354893986958, 0.1596128317360366, 0.13541234559196322, 0.1572871656417691, 0.15728716564176903, 0.40697629439578975, 0.1808584906068765]","83_lag_wnorPRjfm, 84_lag_mhfIP30, 86_lag_scpPSLjfm, 90_lag_yrvPRjja, 83_lag_eurPSLjfm, 81_lag_eurPSLjfm, 81_lag_82_median_atlSICsep, 82_lag_atlSICsep, 83_lag_cetTSjfm, 85_lag_stratZ50ndj01_1235_81"
LinearRegression,77,10,naoPSLjfm,slow,1791.5,2005.5,0.4,92,82,82,19.858602893710305,-0.04883730121379381,1235,"['87_lag_ismPRjja', '91_lag_nchinaPRjja', '90_lag_yrvPRjja', '82_lag_83_median_eurPSLjfm', '83_lag_eurPSLjfm', '91_lag_traWP', '85_lag_stratZ50ndj01', '82_lag_atlSICsep', '86_lag_scpPSLjfm', '82_lag_scpPSLjfm']","[0.11159553493793704, 0.1303403639937345, 0.17567403171014775, 0.16065000389675685, 0.16065000389675685, 0.21151004083738978, 0.24415681505789938, 0.44554802447614955, 0.10647880338771948, 0.20173934190959647]","87_lag_ismPRjja, 91_lag_nchinaPRjja, 90_lag_yrvPRjja, 82_lag_83_median_eurPSLjfm, 83_lag_eurPSLjfm, 91_lag_traWP, 85_lag_stratZ50ndj01, 82_lag_atlSICsep, 86_lag_scpPSLjfm, 82_lag_scpPSLjfm_1235_82"
LinearRegression,78,10,naoPSLjfm,slow,1792.5,2005.5,0.4,93,83,83,21.616305955779985,-0.2138531318888447,1235,"['90_lag_stratZ50ndj03', '92_lag_nchinaPRjja', '91_lag_traWP', '86_lag_scpPSLjfm', '85_lag_stratZ50ndj01', '83_lag_wnorPRjfm', '92_lag_mhfIP30', '83_lag_cetTSjfm', '83_lag_eurPSLjfm', '92_lag_stratZ50ndj03']","[0.10004157089322817, 0.1631038541799752, 0.192944377826332, 0.22265680138323543, 0.2802505608329559, 0.12020910393851367, 0.12385514688094315, 0.3396623357448024, 0.05830665280884484, 0.1570484227712979]","90_lag_stratZ50ndj03, 92_lag_nchinaPRjja, 91_lag_traWP, 86_lag_scpPSLjfm, 85_lag_stratZ50ndj01, 83_lag_wnorPRjfm, 92_lag_mhfIP30, 83_lag_cetTSjfm, 83_lag_eurPSLjfm, 92_lag_stratZ50ndj03_1235_83"
LinearRegression,79,10,naoPSLjfm,slow,1793.5,2005.5,0.4,94,84,85,20.35211379355679,-0.07423246591081946,1235,"['85_lag_stratZ50ndj01', '91_lag_nchinaPRjja', '93_lag_scpPSLjfm', '90_lag_stratZ50ndj03', '93_lag_eapPSLjfm', '91_lag_traWP', '86_lag_scpPSLjfm', '92_lag_stratZ50ndj03', '93_lag_seurTSjfm', '92_lag_mhfIP30']","[0.3361431097567093, 0.07587089774352215, 0.09743755708406908, 0.15206500478062726, 0.04936982681243383, 0.1732583320870772, 0.1672570707411182, 0.2565955788586731, 0.2980020957857294, 0.18384523562731803]","85_lag_stratZ50ndj01, 91_lag_nchinaPRjja, 93_lag_scpPSLjfm, 90_lag_stratZ50ndj03, 93_lag_eapPSLjfm, 91_lag_traWP, 86_lag_scpPSLjfm, 92_lag_stratZ50ndj03, 93_lag_seurTSjfm, 92_lag_mhfIP30_1235_85"
LinearRegression,80,10,naoPSLjfm,slow,1794.5,2005.5,0.4,95,85,85,21.002877049116712,-0.06810504031513606,1235,"['92_lag_stratZ50ndj03', '90_lag_nchinaPRjja', '85_lag_eurPSLjfm', '88_lag_traFSC', '85_lag_ismPRjja', '87_lag_stratZ50ndj02', '91_lag_traWP', '93_lag_seurTSjfm', '92_lag_mhfIP30', '85_lag_stratZ50ndj01']","[0.3119864308183391, 0.09284808988389051, 0.04289002888322494, 0.09305761701813735, 0.14555545554596017, 0.19225276790912663, 0.29115867791319894, 0.18035468814026182, 0.10480292816421945, 0.3440509618479274]","92_lag_stratZ50ndj03, 90_lag_nchinaPRjja, 85_lag_eurPSLjfm, 88_lag_traFSC, 85_lag_ismPRjja, 87_lag_stratZ50ndj02, 91_lag_traWP, 93_lag_seurTSjfm, 92_lag_mhfIP30, 85_lag_stratZ50ndj01_1235_85"
LinearRegression,81,10,naoPSLjfm,slow,1795.5,2005.5,0.4,96,86,86,19.35279179251023,-0.031283751940699586,1235,"['86_lag_ginwSSTjfm', '86_lag_87_median_stratZ50ndj02', '87_lag_stratZ50ndj02', '88_lag_traFSC', '90_lag_nchinaPRjja', '92_lag_mhfIP30', '91_lag_traWP', '93_lag_eapPSLjfm', '93_lag_seurTSjfm', '86_lag_scpPSLjfm']","[0.3744693350339916, 0.08398854151110424, 0.08398854151110438, 0.1132135240179437, 0.09523574407096178, 0.1996733824694465, 0.16040118599990025, 0.12171682358292467, 0.10566455376867123, 0.23560714127385593]","86_lag_ginwSSTjfm, 86_lag_87_median_stratZ50ndj02, 87_lag_stratZ50ndj02, 88_lag_traFSC, 90_lag_nchinaPRjja, 92_lag_mhfIP30, 91_lag_traWP, 93_lag_eapPSLjfm, 93_lag_seurTSjfm, 86_lag_scpPSLjfm_1235_86"
LinearRegression,82,10,naoPSLjfm,slow,1796.5,2005.5,0.4,97,87,87,20.48954175958827,0.14286005059689463,1235,"['94_lag_scpPSLjfm', '93_lag_scpPSLjfm', '87_lag_stratZ50ndj02', '95_lag_mhfATL60', '92_lag_stratZ50ndj03', '93_lag_seurTSjfm', '92_lag_mhfIP30', '93_lag_eapPSLjfm', '91_lag_traWP', '96_lag_shSICsep']","[0.14197064577532056, 0.16108176687685039, 0.2532295836281131, 0.05667965240654145, 0.2722120117733196, 0.06542806437700345, 0.13140116349163547, 0.21035275798415215, 0.2507418400372142, 0.3329387982262561]","94_lag_scpPSLjfm, 93_lag_scpPSLjfm, 87_lag_stratZ50ndj02, 95_lag_mhfATL60, 92_lag_stratZ50ndj03, 93_lag_seurTSjfm, 92_lag_mhfIP30, 93_lag_eapPSLjfm, 91_lag_traWP, 96_lag_shSICsep_1235_87"
LinearRegression,83,10,naoPSLjfm,slow,1797.5,2005.5,0.4,98,88,88,19.097423653898936,0.11684325906326971,1235,"['94_lag_shSICsep', '97_lag_nchinaPRjja', '93_lag_stratZ50ndj01', '88_lag_traFSC', '92_lag_stratZ50ndj03', '93_lag_eapPSLjfm', '93_lag_seurTSjfm', '92_lag_mhfIP30', '91_lag_traWP', '96_lag_shSICsep']","[0.1513938307409253, 0.07004227973161672, 0.15786330619546365, 0.012327142044111344, 0.24774073610772746, 0.220347469935569, 0.06147773930261037, 0.0963281530012142, 0.1717132217434394, 0.38009751215131204]","94_lag_shSICsep, 97_lag_nchinaPRjja, 93_lag_stratZ50ndj01, 88_lag_traFSC, 92_lag_stratZ50ndj03, 93_lag_eapPSLjfm, 93_lag_seurTSjfm, 92_lag_mhfIP30, 91_lag_traWP, 96_lag_shSICsep_1235_88"
LinearRegression,84,10,naoPSLjfm,slow,1798.5,2005.5,0.4,99,89,91,18.99840728973641,0.1306268893731801,1235,"['98_lag_traTLS', '92_lag_stratZ50ndj03', '93_lag_eapPSLjfm', '93_lag_seurTSjfm', '96_lag_stratZ50ndj03', '94_lag_scpPSLjfm', '92_lag_mhfIP30', '93_lag_stratZ50ndj01', '91_lag_traWP', '96_lag_shSICsep']","[0.047010662680986054, 0.2734824122832684, 0.1897587091915769, 0.13122272585250827, 0.14435646800299087, 0.12471484186075377, 0.13854280516171064, 0.1697359697896738, 0.11288918622584768, 0.2982447910265255]","98_lag_traTLS, 92_lag_stratZ50ndj03, 93_lag_eapPSLjfm, 93_lag_seurTSjfm, 96_lag_stratZ50ndj03, 94_lag_scpPSLjfm, 92_lag_mhfIP30, 93_lag_stratZ50ndj01, 91_lag_traWP, 96_lag_shSICsep_1235_91"
LinearRegression,85,10,naoPSLjfm,slow,1799.5,2005.5,0.4,100,90,90,17.533299788122523,0.19932385063346217,1235,"['99_lag_stratZ50ndj02', '94_lag_scpPSLjfm', '93_lag_seurTSjfm', '99_lag_ensoSSTjfm', '93_lag_eapPSLjfm', '93_lag_stratZ50ndj01', '90_lag_samPSLann', '90_lag_91_median_traWP', '91_lag_traWP', '96_lag_shSICsep']","[0.33835075572206125, 0.09292445420177758, 0.1606577079695353, 0.24187029283341782, 0.1442830990110167, 0.17652371331968492, 0.29081170715794447, 0.09624735444319799, 0.09624735444319793, 0.32521416029702305]","99_lag_stratZ50ndj02, 94_lag_scpPSLjfm, 93_lag_seurTSjfm, 99_lag_ensoSSTjfm, 93_lag_eapPSLjfm, 93_lag_stratZ50ndj01, 90_lag_samPSLann, 90_lag_91_median_traWP, 91_lag_traWP, 96_lag_shSICsep_1235_90"
