model,num_irrelevant,max_allowed_features,target_feature,dataset,year_start,year_end,splitsize,max_lag,init_lag,max_forecast,mae_score,corr_score,n_total_features,selected_feature_list,feature_importances,selected_features
LRforcedPSO,0,6,neurTSjfm,shigh,1714.5,2005.5,0.6,15,5,5,16.486385526790436,0.15747381843529792,1235,"['9_lag_traFS', '5_lag_11_median_ginwSSTjfm', '5_lag_14_median_traTLS', '11_lag_traMC', '13_lag_glomaSSTjfm', '13_lag_mhfATL45']","[0.6618109610501328, 2.799334023382926, 3.0802768346350895, 0.34726245342578466, 2.3970999388196255, 0.6541184717441766]","9_lag_traFS, 5_lag_11_median_ginwSSTjfm, 5_lag_14_median_traTLS, 11_lag_traMC, 13_lag_glomaSSTjfm, 13_lag_mhfATL45_1235_5"
LRforcedPSO,1,6,neurTSjfm,shigh,1715.5,2005.5,0.6,16,6,6,18.4887610962468,0.001303675907998794,1235,"['6_lag_7_median_ginwSSTjfm', '13_lag_traBO', '11_lag_stratZ50ndj04', '10_lag_traCA', '13_lag_stratZ50ndj01', '13_lag_stratZ50ndj04']","[3.3636137747079564, 2.20088355734174, 3.2755480727587525, 1.9936950622714384, 4.225175609401752, 1.4655785385311138]","6_lag_7_median_ginwSSTjfm, 13_lag_traBO, 11_lag_stratZ50ndj04, 10_lag_traCA, 13_lag_stratZ50ndj01, 13_lag_stratZ50ndj04_1235_6"
LRforcedPSO,2,6,neurTSjfm,shigh,1716.5,2005.5,0.6,17,7,7,18.772769691973256,-0.15688996859534327,1235,"['11_lag_gyreSSTjfm', '7_lag_13_median_atlSICjfm', '14_lag_amo3', '9_lag_traFSC', '7_lag_10_median_nhSICjfm', '7_lag_10_median_pdoSSTjfm']","[0.051566750432080255, 1.5943971023438586, 1.0978374101983253, 1.7311313255668548, 3.039677160628999, 0.5170600332944275]","11_lag_gyreSSTjfm, 7_lag_13_median_atlSICjfm, 14_lag_amo3, 9_lag_traFSC, 7_lag_10_median_nhSICjfm, 7_lag_10_median_pdoSSTjfm_1235_7"
LRforcedPSO,3,6,neurTSjfm,shigh,1717.5,2005.5,0.6,18,8,8,18.169594734634096,-0.20760372399612387,1235,"['9_lag_nhTSjfm', '8_lag_13_median_traCA', '8_lag_13_median_seurTSjfm', '8_lag_15_median_samPSLann', '8_lag_13_median_shTSjfm', '8_lag_9_median_arcTSjfm']","[1.41468535006111, 1.383275618967851, 1.4808120326748617, 1.7492486128344849, 1.4372702004998275, 1.5082328521764927]","9_lag_nhTSjfm, 8_lag_13_median_traCA, 8_lag_13_median_seurTSjfm, 8_lag_15_median_samPSLann, 8_lag_13_median_shTSjfm, 8_lag_9_median_arcTSjfm_1235_8"
LRforcedPSO,4,6,neurTSjfm,shigh,1718.5,2005.5,0.6,19,9,9,17.480340259674836,0.162706514777013,1235,"['9_lag_12_median_tripol3', '9_lag_10_median_eapPSLjfm', '9_lag_18_median_amoSSTmjjaso', '12_lag_traFB', '15_lag_cetTSjfm', '9_lag_11_median_ismPRjja']","[1.5880697693272428, 1.6429249219594855, 5.640660521904515, 5.204416470782958, 5.662124832190793, 1.7978602375848833]","9_lag_12_median_tripol3, 9_lag_10_median_eapPSLjfm, 9_lag_18_median_amoSSTmjjaso, 12_lag_traFB, 15_lag_cetTSjfm, 9_lag_11_median_ismPRjja_1235_9"
LRforcedPSO,5,6,neurTSjfm,shigh,1719.5,2005.5,0.6,20,10,10,17.321332716243543,0.012160154603129272,1235,"['17_lag_glTSjfm', '10_lag_16_median_eapPSLjfm', '10_lag_15_median_traDS', '11_lag_glTSjfm', '10_lag_19_median_mhfATL60', '10_lag_14_median_arcTSjfm']","[3.201392381923366, 2.6043240150706914, 0.45973392728750184, 0.20357098702804421, 3.3611898481626774, 1.5919492174895495]","17_lag_glTSjfm, 10_lag_16_median_eapPSLjfm, 10_lag_15_median_traDS, 11_lag_glTSjfm, 10_lag_19_median_mhfATL60, 10_lag_14_median_arcTSjfm_1235_10"
LRforcedPSO,6,6,neurTSjfm,shigh,1720.5,2005.5,0.6,21,11,11,19.757792198243205,0.008620230724795758,1235,"['18_lag_amoSSTmjjaso', '11_lag_14_median_labSSTjfm', '12_lag_alpi', '11_lag_18_median_amo2', '11_lag_19_median_mhfATL60', '12_lag_samPSLann']","[2.171406654937078, 4.851970178321043, 5.488430377196285, 1.259968029020433, 0.9841277566650355, 1.6581840012962914]","18_lag_amoSSTmjjaso, 11_lag_14_median_labSSTjfm, 12_lag_alpi, 11_lag_18_median_amo2, 11_lag_19_median_mhfATL60, 12_lag_samPSLann_1235_11"
LRforcedPSO,7,6,neurTSjfm,shigh,1721.5,2005.5,0.6,22,12,13,18.31044323040805,-0.15208668505922265,1235,"['13_lag_traEC', '16_lag_tripol3', '19_lag_seurTSjfm', '16_lag_ginwSSTjfm', '17_lag_amoSSTmjjaso', '16_lag_glomaSSTjfm']","[1.4856193562574709, 1.2271649041737447, 1.3387382299700237, 1.634790065373362, 1.4382559270087745, 1.226223967054295]","13_lag_traEC, 16_lag_tripol3, 19_lag_seurTSjfm, 16_lag_ginwSSTjfm, 17_lag_amoSSTmjjaso, 16_lag_glomaSSTjfm_1235_13"
LRforcedPSO,8,6,neurTSjfm,shigh,1722.5,2005.5,0.6,23,13,13,16.494393883304983,0.1074388947280167,1235,"['13_lag_15_median_traFSC', '13_lag_18_median_ormenSSTjfm', '17_lag_gyreSSTjfm', '13_lag_16_median_nhSICjfm', '21_lag_mhfATL30', '22_lag_yrvPRjja']","[0.4516533916819405, 4.754459242404314, 0.9386605989755417, 0.4121770492099479, 1.5994086318815288, 1.4225147078004277]","13_lag_15_median_traFSC, 13_lag_18_median_ormenSSTjfm, 17_lag_gyreSSTjfm, 13_lag_16_median_nhSICjfm, 21_lag_mhfATL30, 22_lag_yrvPRjja_1235_13"
LRforcedPSO,9,6,neurTSjfm,shigh,1723.5,2005.5,0.6,24,14,14,16.248089492495374,0.10645201155399193,1235,"['22_lag_eurPSLjfm', '14_lag_15_median_traFS', '14_lag_23_median_nhTSjfm', '20_lag_samPSLann', '14_lag_16_median_samPSLann', '14_lag_18_median_mhfATL30']","[1.1235334688297076, 0.26399782872872635, 2.947452687125754, 1.2624691320449006, 1.6429968340323065, 2.8959891892013108]","22_lag_eurPSLjfm, 14_lag_15_median_traFS, 14_lag_23_median_nhTSjfm, 20_lag_samPSLann, 14_lag_16_median_samPSLann, 14_lag_18_median_mhfATL30_1235_14"
LRforcedPSO,10,6,neurTSjfm,shigh,1724.5,2005.5,0.6,25,15,15,16.449185204915654,0.09202540230005865,1235,"['15_lag_17_median_neurTSjfm', '15_lag_17_median_traFS', '15_lag_19_median_nppc3SSTjfm', '23_lag_nppc2SSTjfm', '15_lag_19_median_wnorPRjfm', '15_lag_16_median_traFS']","[2.6935989562729774, 3.286833410949926, 3.2224305065426755, 2.576184316186613, 2.772982414292159, 3.342589216640115]","15_lag_17_median_neurTSjfm, 15_lag_17_median_traFS, 15_lag_19_median_nppc3SSTjfm, 23_lag_nppc2SSTjfm, 15_lag_19_median_wnorPRjfm, 15_lag_16_median_traFS_1235_15"
LRforcedPSO,11,6,neurTSjfm,shigh,1725.5,2005.5,0.6,26,16,16,20.180452909237285,-0.07452240477429359,1235,"['16_lag_19_median_traMC', '16_lag_tripol2', '16_lag_25_median_stratZ50ndj04', '16_lag_21_median_solFORC', '25_lag_stratZ50ndj01', '16_lag_21_median_nhTSjfm']","[3.553495728889966, 2.7074153536619416, 2.03797821956541, 4.595571158101423, 0.5293520925291588, 0.11668679085529732]","16_lag_19_median_traMC, 16_lag_tripol2, 16_lag_25_median_stratZ50ndj04, 16_lag_21_median_solFORC, 25_lag_stratZ50ndj01, 16_lag_21_median_nhTSjfm_1235_16"
LRforcedPSO,12,6,neurTSjfm,shigh,1726.5,2005.5,0.6,27,17,18,16.23793305019499,0.10418481597610274,1235,"['21_lag_tripol2', '18_lag_glTSjfm', '19_lag_nppc3SSTjfm', '20_lag_solFORC', '26_lag_amoSSTmjjaso', '26_lag_ormenSSTjfm']","[1.9247301112761939, 0.3937877830720371, 5.212305111264303, 0.32110622905084973, 0.4302880067658865, 5.18398728157808]","21_lag_tripol2, 18_lag_glTSjfm, 19_lag_nppc3SSTjfm, 20_lag_solFORC, 26_lag_amoSSTmjjaso, 26_lag_ormenSSTjfm_1235_18"
LRforcedPSO,13,6,neurTSjfm,shigh,1727.5,2005.5,0.6,28,18,18,20.84048693033447,-0.20628493016546845,1235,"['23_lag_gyreSSTjfm', '24_lag_amo1', '25_lag_traDP', '21_lag_traFSC', '18_lag_27_median_stratZ50ndj04', '19_lag_traBO']","[1.4845431228505213, 5.270307245480234, 0.6901904902239515, 1.7316750267659096, 1.1311336703478823, 0.06708807221481905]","23_lag_gyreSSTjfm, 24_lag_amo1, 25_lag_traDP, 21_lag_traFSC, 18_lag_27_median_stratZ50ndj04, 19_lag_traBO_1235_18"
LRforcedPSO,14,6,neurTSjfm,shigh,1728.5,2005.5,0.6,29,19,19,18.890589142385597,-0.07497729686182772,1235,"['25_lag_wnorPRjfm', '19_lag_27_median_traTLS', '19_lag_28_median_mhfATL45', '19_lag_20_median_stratZ50ndj03', '19_lag_tripol2', '19_lag_23_median_traWP']","[3.1288225793968722, 3.211542812089331, 3.7145399857371233, 3.484208446906568, 3.418080044905151, 2.8153421463632338]","25_lag_wnorPRjfm, 19_lag_27_median_traTLS, 19_lag_28_median_mhfATL45, 19_lag_20_median_stratZ50ndj03, 19_lag_tripol2, 19_lag_23_median_traWP_1235_19"
LRforcedPSO,15,6,neurTSjfm,shigh,1729.5,2005.5,0.6,30,20,20,19.63149868505865,-0.028666675501817417,1235,"['27_lag_traEC', '25_lag_traFS', '20_lag_26_median_amo3', '26_lag_nhSICsep', '20_lag_traCA', '20_lag_amo1']","[1.4303700639182253, 3.5635228491113953, 3.3975468315732593, 0.5432906643958457, 2.5626606359739785, 0.7750045127088239]","27_lag_traEC, 25_lag_traFS, 20_lag_26_median_amo3, 26_lag_nhSICsep, 20_lag_traCA, 20_lag_amo1_1235_20"
LRforcedPSO,16,6,neurTSjfm,shigh,1730.5,2005.5,0.6,31,21,21,17.16129095168864,0.027758804836619973,1235,"['21_lag_27_median_eapPSLjfm', '24_lag_traTLS', '29_lag_tripol3', '27_lag_glTSjfm', '21_lag_22_median_amoSSTmjjaso', '21_lag_24_median_mhfIP30']","[1.4921348292402303, 1.4991039749703496, 3.7837652927563354, 0.27618702196518186, 5.28077261023201, 1.858332755644449]","21_lag_27_median_eapPSLjfm, 24_lag_traTLS, 29_lag_tripol3, 27_lag_glTSjfm, 21_lag_22_median_amoSSTmjjaso, 21_lag_24_median_mhfIP30_1235_21"
LRforcedPSO,17,6,neurTSjfm,shigh,1731.5,2005.5,0.6,32,22,22,22.012016401495327,-0.10286400765870815,1235,"['22_lag_31_median_mhfATL60', '22_lag_25_median_traDP', '22_lag_28_median_amo1', '24_lag_traDS', '22_lag_29_median_mhfATL60', '31_lag_glomaSSTjfm']","[1.2294743917714648, 1.3883635697058523, 4.571898050764023, 1.9333183999660122, 2.554238486807634, 0.3184467923766263]","22_lag_31_median_mhfATL60, 22_lag_25_median_traDP, 22_lag_28_median_amo1, 24_lag_traDS, 22_lag_29_median_mhfATL60, 31_lag_glomaSSTjfm_1235_22"
LRforcedPSO,18,6,neurTSjfm,shigh,1732.5,2005.5,0.6,33,23,23,20.818416647558397,-0.12740867623403093,1235,"['31_lag_amo1', '27_lag_atlSICjfm', '24_lag_satlSSTjfm', '27_lag_traIT', '23_lag_31_median_samPSLann', '23_lag_26_median_solFORC']","[2.4403170209238496, 0.25263457155020497, 2.446317336071697, 3.282844314172216, 0.3780195987728483, 5.130024048679573]","31_lag_amo1, 27_lag_atlSICjfm, 24_lag_satlSSTjfm, 27_lag_traIT, 23_lag_31_median_samPSLann, 23_lag_26_median_solFORC_1235_23"
LRforcedPSO,19,6,neurTSjfm,shigh,1733.5,2005.5,0.6,34,24,24,18.21032499288284,-0.016612943805161488,1235,"['33_lag_traIFC', '29_lag_traEU', '29_lag_traFSC', '33_lag_stratZ50ndj02', '24_lag_atlSICsep', '26_lag_nppc2SSTjfm']","[1.9959283498204388, 2.076557390129975, 1.9961472015319508, 2.0696630486817575, 2.043670266126885, 2.645778441306434]","33_lag_traIFC, 29_lag_traEU, 29_lag_traFSC, 33_lag_stratZ50ndj02, 24_lag_atlSICsep, 26_lag_nppc2SSTjfm_1235_24"
LRforcedPSO,20,6,neurTSjfm,shigh,1734.5,2005.5,0.6,35,25,25,17.904339082833665,0.07148697311686886,1235,"['25_lag_29_median_traFSC', '32_lag_nppc2SSTjfm', '25_lag_32_median_traBO', '34_lag_stratZ50ndj03', '31_lag_seurTSjfm', '28_lag_gyreSSTjfm']","[1.534839524454054, 1.4902021143858641, 1.7967344489036758, 1.809244395726015, 1.3831430951517036, 1.5206886679710683]","25_lag_29_median_traFSC, 32_lag_nppc2SSTjfm, 25_lag_32_median_traBO, 34_lag_stratZ50ndj03, 31_lag_seurTSjfm, 28_lag_gyreSSTjfm_1235_25"
LRforcedPSO,21,6,neurTSjfm,shigh,1735.5,2005.5,0.6,36,26,26,17.971621801986483,-0.003739489926863308,1235,"['29_lag_traFB', '26_lag_28_median_stratZ50ndj03', '27_lag_amo3', '32_lag_ormenSSTjfm', '26_lag_30_median_shTSjfm', '30_lag_traDP']","[0.14919529915400886, 2.8510555801453723, 3.5237883775112326, 4.5733008060224485, 0.3595521191180353, 0.6712699135302316]","29_lag_traFB, 26_lag_28_median_stratZ50ndj03, 27_lag_amo3, 32_lag_ormenSSTjfm, 26_lag_30_median_shTSjfm, 30_lag_traDP_1235_26"
LRforcedPSO,22,6,neurTSjfm,shigh,1736.5,2005.5,0.6,37,27,27,18.660758151737856,0.04235589354600591,1235,"['33_lag_mhfATL30', '27_lag_31_median_ensoSSTjfm', '27_lag_mhfATL60', '27_lag_35_median_yrvPRjja', '27_lag_29_median_tripol2', '27_lag_34_median_atlSICjfm']","[2.0256757919885953, 2.026410266073829, 2.499195763683604, 2.282926337595915, 2.0267373913619027, 2.700753828528195]","33_lag_mhfATL30, 27_lag_31_median_ensoSSTjfm, 27_lag_mhfATL60, 27_lag_35_median_yrvPRjja, 27_lag_29_median_tripol2, 27_lag_34_median_atlSICjfm_1235_27"
LRforcedPSO,23,6,neurTSjfm,shigh,1737.5,2005.5,0.6,38,28,28,19.226108734198824,0.07500332154223019,1235,"['28_lag_tripol3', '28_lag_29_median_amo1', '34_lag_ginwSSTjfm', '28_lag_35_median_traCA', '28_lag_36_median_tripol1', '28_lag_33_median_samPSLann']","[2.4759141580241106, 1.8922558578173483, 2.460960387593681, 1.910595480576936, 1.8570056490744522, 1.9908638431539811]","28_lag_tripol3, 28_lag_29_median_amo1, 34_lag_ginwSSTjfm, 28_lag_35_median_traCA, 28_lag_36_median_tripol1, 28_lag_33_median_samPSLann_1235_28"
LRforcedPSO,24,6,neurTSjfm,shigh,1738.5,2005.5,0.6,39,29,29,18.850164019937747,-0.12343855742335563,1235,"['29_lag_37_median_gyreSSTjfm', '29_lag_30_median_traIFC', '33_lag_nchinaPRjja', '29_lag_33_median_seurTSjfm', '35_lag_traFS', '29_lag_34_median_nppc3SSTjfm']","[2.4213305080648517, 1.879577403993579, 1.8793376013682712, 1.8793364206144094, 2.5057817068894557, 1.8808683083678546]","29_lag_37_median_gyreSSTjfm, 29_lag_30_median_traIFC, 33_lag_nchinaPRjja, 29_lag_33_median_seurTSjfm, 35_lag_traFS, 29_lag_34_median_nppc3SSTjfm_1235_29"
LRforcedPSO,25,6,neurTSjfm,shigh,1739.5,2005.5,0.6,40,30,30,16.93219091214454,0.08678882438238505,1235,"['38_lag_ensoSSTjfm', '37_lag_ismPRjja', '30_lag_37_median_mhfIP30', '30_lag_32_median_gyreSSTjfm', '30_lag_amo2', '32_lag_nhSICsep']","[2.769868793467751, 6.7615306461195885, 1.7019737304180893, 0.6326895923132625, 1.3082021002118065, 3.8709120918117135]","38_lag_ensoSSTjfm, 37_lag_ismPRjja, 30_lag_37_median_mhfIP30, 30_lag_32_median_gyreSSTjfm, 30_lag_amo2, 32_lag_nhSICsep_1235_30"
LRforcedPSO,26,6,neurTSjfm,shigh,1740.5,2005.5,0.6,41,31,31,18.395288745490703,-0.11254847213652219,1235,"['36_lag_mhfATL45', '36_lag_tripol2', '31_lag_40_median_stratZ50ndj03', '31_lag_40_median_satlSSTjfm', '36_lag_cetTSjfm', '34_lag_stratZ50ndj03']","[0.4450876901532794, 4.467853840243748, 0.7581497984805079, 2.3761022703837327, 0.10789096573118329, 0.3184756342826507]","36_lag_mhfATL45, 36_lag_tripol2, 31_lag_40_median_stratZ50ndj03, 31_lag_40_median_satlSSTjfm, 36_lag_cetTSjfm, 34_lag_stratZ50ndj03_1235_31"
LRforcedPSO,27,6,neurTSjfm,shigh,1741.5,2005.5,0.6,42,32,32,19.06402278156541,-0.0769833027527358,1235,"['34_lag_arcTSjfm', '32_lag_39_median_glomaSSTjfm', '39_lag_traTLS', '32_lag_40_median_mhfATL45', '32_lag_39_median_amoSSTmjjaso', '34_lag_traDP']","[2.2496530078179844, 2.9911112036346954, 2.541202796352143, 2.9833971288076393, 2.5160385094012083, 2.3057987993422717]","34_lag_arcTSjfm, 32_lag_39_median_glomaSSTjfm, 39_lag_traTLS, 32_lag_40_median_mhfATL45, 32_lag_39_median_amoSSTmjjaso, 34_lag_traDP_1235_32"
LRforcedPSO,28,6,neurTSjfm,shigh,1742.5,2005.5,0.6,43,33,33,16.336614924739912,0.012181727348128757,1235,"['36_lag_shSICmar', '37_lag_amo1', '34_lag_nhTSjfm', '34_lag_samPSLann', '34_lag_traDS', '33_lag_42_median_stratZ50ndj04']","[4.516750536554404, 0.8967011006145924, 0.4627259241998871, 1.9724264119715542, 0.09993085941237112, 3.9326213367522485]","36_lag_shSICmar, 37_lag_amo1, 34_lag_nhTSjfm, 34_lag_samPSLann, 34_lag_traDS, 33_lag_42_median_stratZ50ndj04_1235_33"
LRforcedPSO,29,6,neurTSjfm,shigh,1743.5,2005.5,0.6,44,34,34,16.69742456478468,0.11292429902340281,1235,"['34_lag_36_median_seurTSjfm', '40_lag_stratZ50ndj02', '43_lag_nhTSjfm', '38_lag_traFSC', '34_lag_42_median_neurTSjfm', '34_lag_35_median_traCA']","[2.553107485137146, 2.6681718219790365, 3.0199951728186836, 3.279493230136476, 3.1842244205289045, 3.1132567229394783]","34_lag_36_median_seurTSjfm, 40_lag_stratZ50ndj02, 43_lag_nhTSjfm, 38_lag_traFSC, 34_lag_42_median_neurTSjfm, 34_lag_35_median_traCA_1235_34"
LRforcedPSO,30,6,neurTSjfm,shigh,1744.5,2005.5,0.6,45,35,35,19.5875162370394,0.1482865387811402,1235,"['40_lag_ensoSSTjfm', '35_lag_39_median_nppc3SSTjfm', '37_lag_tripol1', '35_lag_42_median_ismPRjja', '41_lag_traTLS', '35_lag_44_median_ormenSSTjfm']","[4.3241251307569994, 0.6076124138904504, 0.27613818815540014, 1.70723961311886, 5.9538572485172185, 1.490020406788787]","40_lag_ensoSSTjfm, 35_lag_39_median_nppc3SSTjfm, 37_lag_tripol1, 35_lag_42_median_ismPRjja, 41_lag_traTLS, 35_lag_44_median_ormenSSTjfm_1235_35"
LRforcedPSO,31,6,neurTSjfm,shigh,1745.5,2005.5,0.6,46,36,36,19.129895526060363,-0.10134338156952989,1235,"['36_lag_solFORC', '37_lag_nchinaPRjja', '36_lag_38_median_tripol1', '41_lag_mhfIP30', '36_lag_tripol2', '36_lag_38_median_amo1']","[3.456370595217823, 2.7689941176196093, 4.32487838870768, 1.6839651387785004, 0.9938025104576234, 1.0396189755563778]","36_lag_solFORC, 37_lag_nchinaPRjja, 36_lag_38_median_tripol1, 41_lag_mhfIP30, 36_lag_tripol2, 36_lag_38_median_amo1_1235_36"
LRforcedPSO,32,6,neurTSjfm,shigh,1746.5,2005.5,0.6,47,37,37,18.693323055987342,0.006532183584518445,1235,"['38_lag_wnorPRjfm', '46_lag_tripol1', '37_lag_44_median_stratZ50ndj02', '43_lag_traDS', '37_lag_38_median_traFB', '43_lag_scpPSLjfm']","[0.9655370771165455, 0.19644744832138272, 0.9513490545362444, 4.919597249959555, 0.03119728331930105, 1.0222076118467704]","38_lag_wnorPRjfm, 46_lag_tripol1, 37_lag_44_median_stratZ50ndj02, 43_lag_traDS, 37_lag_38_median_traFB, 43_lag_scpPSLjfm_1235_37"
LRforcedPSO,33,6,neurTSjfm,shigh,1747.5,2005.5,0.6,48,38,38,18.458713458331832,0.11274513380909681,1235,"['45_lag_traIFC', '47_lag_wnorPRjfm', '38_lag_47_median_arcTSjfm', '38_lag_42_median_traWP', '38_lag_gyreSSTjfm', '38_lag_46_median_traEU']","[5.41998415116513, 0.8902273310758435, 3.2171691163304246, 2.692283672143505, 2.905239625196092, 6.219606705842921]","45_lag_traIFC, 47_lag_wnorPRjfm, 38_lag_47_median_arcTSjfm, 38_lag_42_median_traWP, 38_lag_gyreSSTjfm, 38_lag_46_median_traEU_1235_38"
LRforcedPSO,34,6,neurTSjfm,shigh,1748.5,2005.5,0.6,49,39,39,19.02658504828842,-0.042099474509557845,1235,"['39_lag_48_median_traFSC', '41_lag_nhTSjfm', '48_lag_nhTSjfm', '39_lag_amoSSTmjjaso', '39_lag_43_median_stratZ50ndj04', '41_lag_tripol3']","[0.060858353085432526, 3.849496029022026, 3.0937386183884152, 5.1927038771360134, 1.1751094321963844, 0.24319085730142476]","39_lag_48_median_traFSC, 41_lag_nhTSjfm, 48_lag_nhTSjfm, 39_lag_amoSSTmjjaso, 39_lag_43_median_stratZ50ndj04, 41_lag_tripol3_1235_39"
LRforcedPSO,35,6,neurTSjfm,shigh,1749.5,2005.5,0.6,50,40,40,19.043489287348066,7.771661361606619e-05,1235,"['43_lag_nchinaPRjja', '40_lag_48_median_traIFC', '45_lag_wnorPRjfm', '40_lag_amo2', '40_lag_47_median_pdoSSTjfm', '40_lag_44_median_shTSjfm']","[2.002559548259079, 2.67007839124074, 2.0029896733596133, 2.131063827799756, 2.002559906921114, 2.0025589177570677]","43_lag_nchinaPRjja, 40_lag_48_median_traIFC, 45_lag_wnorPRjfm, 40_lag_amo2, 40_lag_47_median_pdoSSTjfm, 40_lag_44_median_shTSjfm_1235_40"
LRforcedPSO,36,6,neurTSjfm,shigh,1750.5,2005.5,0.6,51,41,41,17.700486964640632,0.09100187776835991,1235,"['41_lag_traDP', '42_lag_traEU', '41_lag_44_median_amo2', '41_lag_43_median_traFSC', '41_lag_tripol3', '45_lag_shTSjfm']","[1.0484715421514839, 0.44205317624835594, 0.265970042801257, 0.9606743256617278, 4.214318328862561, 2.198935166088887]","41_lag_traDP, 42_lag_traEU, 41_lag_44_median_amo2, 41_lag_43_median_traFSC, 41_lag_tripol3, 45_lag_shTSjfm_1235_41"
LRforcedPSO,37,6,neurTSjfm,shigh,1751.5,2005.5,0.6,52,42,42,20.73661541625445,-0.028885751313008638,1235,"['42_lag_glomaSSTjfm', '42_lag_43_median_stratZ50ndj04', '45_lag_amo1', '42_lag_51_median_traTLS', '42_lag_45_median_labSSTjfm', '48_lag_atlSICsep']","[2.176420639489756, 1.9133861980498696, 2.5010149523288736, 2.1261285268113372, 1.877721908571414, 1.9842877638771048]","42_lag_glomaSSTjfm, 42_lag_43_median_stratZ50ndj04, 45_lag_amo1, 42_lag_51_median_traTLS, 42_lag_45_median_labSSTjfm, 48_lag_atlSICsep_1235_42"
LRforcedPSO,38,6,neurTSjfm,shigh,1752.5,2005.5,0.6,53,43,43,18.06835780350543,0.08325909677724619,1235,"['43_lag_49_median_atlSICsep', '44_lag_pdoSSTjfm', '43_lag_52_median_glomaSSTjfm', '43_lag_46_median_arcTSjfm', '43_lag_49_median_shSICmar', '43_lag_46_median_ismPRjja']","[4.4142992725553825, 5.687632427809306, 1.5369254538812207, 3.250634969393518, 0.24507064957801816, 0.530109177330333]","43_lag_49_median_atlSICsep, 44_lag_pdoSSTjfm, 43_lag_52_median_glomaSSTjfm, 43_lag_46_median_arcTSjfm, 43_lag_49_median_shSICmar, 43_lag_46_median_ismPRjja_1235_43"
LRforcedPSO,39,6,neurTSjfm,shigh,1753.5,2005.5,0.6,54,44,44,25.587541101355015,-0.19326254056673162,1235,"['44_lag_46_median_traEU', '44_lag_48_median_mhfATL30', '44_lag_52_median_pdoSSTjfm', '44_lag_51_median_scpPSLjfm', '44_lag_53_median_tripol3', '50_lag_amo3']","[0.2612535087116328, 1.5072090974574195, 0.2442108294180585, 7.123875206185762, 4.568533150862959, 3.791477564799573]","44_lag_46_median_traEU, 44_lag_48_median_mhfATL30, 44_lag_52_median_pdoSSTjfm, 44_lag_51_median_scpPSLjfm, 44_lag_53_median_tripol3, 50_lag_amo3_1235_44"
LRforcedPSO,40,6,neurTSjfm,shigh,1754.5,2005.5,0.6,55,45,45,18.300975575937724,-0.00807804441236193,1235,"['51_lag_shSICmar', '45_lag_46_median_satlSSTjfm', '51_lag_traIFC', '46_lag_labSSTjfm', '45_lag_49_median_traIT', '45_lag_46_median_cetTSjfm']","[1.2098803116202141, 0.9448928969862038, 0.8443617804235632, 1.255282243007919, 1.0470614796538964, 2.033155950938241]","51_lag_shSICmar, 45_lag_46_median_satlSSTjfm, 51_lag_traIFC, 46_lag_labSSTjfm, 45_lag_49_median_traIT, 45_lag_46_median_cetTSjfm_1235_45"
LRforcedPSO,41,6,neurTSjfm,shigh,1755.5,2005.5,0.6,56,46,46,18.852007891838642,-0.034997334010795286,1235,"['52_lag_traWP', '53_lag_traCA', '46_lag_51_median_alpi', '46_lag_55_median_eurPSLjfm', '46_lag_traDP', '54_lag_stratZ50ndj02']","[3.0910933894930004, 4.177240118826209, 0.5850802117630849, 4.314641441826444, 1.2832885531315341, 3.999729727095427]","52_lag_traWP, 53_lag_traCA, 46_lag_51_median_alpi, 46_lag_55_median_eurPSLjfm, 46_lag_traDP, 54_lag_stratZ50ndj02_1235_46"
LRforcedPSO,42,6,neurTSjfm,shigh,1756.5,2005.5,0.6,57,47,47,20.851217640702806,0.06876939195391378,1235,"['47_lag_56_median_traEU', '47_lag_48_median_alpi', '47_lag_49_median_eapPSLjfm', '49_lag_ginwSSTjfm', '50_lag_glomaSSTjfm', '47_lag_shTSjfm']","[0.8890231797073369, 0.21704055401190914, 2.990312105084156, 2.6221866549645867, 2.1280861449566206, 0.5657608560860723]","47_lag_56_median_traEU, 47_lag_48_median_alpi, 47_lag_49_median_eapPSLjfm, 49_lag_ginwSSTjfm, 50_lag_glomaSSTjfm, 47_lag_shTSjfm_1235_47"
LRforcedPSO,43,6,neurTSjfm,shigh,1757.5,2005.5,0.6,58,48,48,19.257913901823613,-0.054936680900081525,1235,"['55_lag_eurPSLjfm', '48_lag_55_median_nppc3SSTjfm', '48_lag_54_median_atlSICsep', '50_lag_yrvPRjja', '48_lag_57_median_traEU', '48_lag_57_median_ormenSSTjfm']","[1.34822197419632, 1.421503552805064, 1.79214453685001, 1.5867629369487595, 1.4166949522242331, 1.6258949989486435]","55_lag_eurPSLjfm, 48_lag_55_median_nppc3SSTjfm, 48_lag_54_median_atlSICsep, 50_lag_yrvPRjja, 48_lag_57_median_traEU, 48_lag_57_median_ormenSSTjfm_1235_48"
LRforcedPSO,44,6,neurTSjfm,shigh,1758.5,2005.5,0.6,59,49,49,18.903563840736638,-0.004140134319210132,1235,"['50_lag_stratZ50ndj03', '51_lag_eapPSLjfm', '58_lag_amo1', '49_lag_55_median_glTSjfm', '58_lag_traBS', '53_lag_stratZ50ndj03']","[0.9526707853928791, 2.940778938596191, 0.909502523944127, 0.6524604063005572, 1.9996315826232642, 2.6010930455853476]","50_lag_stratZ50ndj03, 51_lag_eapPSLjfm, 58_lag_amo1, 49_lag_55_median_glTSjfm, 58_lag_traBS, 53_lag_stratZ50ndj03_1235_49"
LRforcedPSO,45,6,neurTSjfm,shigh,1759.5,2005.5,0.6,60,50,50,18.339759022349245,0.06285075857023746,1235,"['57_lag_mhfATL60', '52_lag_amo2', '50_lag_58_median_stratZ50ndj02', '58_lag_shTSjfm', '50_lag_58_median_gyreSSTjfm', '50_lag_ginwSSTjfm']","[2.073381829395154, 2.2412431631505343, 2.073364893067806, 2.7639635234969684, 2.2762032983558065, 2.560737515786915]","57_lag_mhfATL60, 52_lag_amo2, 50_lag_58_median_stratZ50ndj02, 58_lag_shTSjfm, 50_lag_58_median_gyreSSTjfm, 50_lag_ginwSSTjfm_1235_50"
LRforcedPSO,46,6,neurTSjfm,shigh,1760.5,2005.5,0.6,61,51,51,20.926679307710746,-0.19599879723976354,1235,"['59_lag_traEU', '51_lag_53_median_cetTSjfm', '58_lag_atlSICjfm', '54_lag_solFORC', '53_lag_satlSSTjfm', '56_lag_ormenSSTjfm']","[1.8741730908922971, 2.4962918732097887, 1.8781083767130855, 2.4175464064414727, 2.4657585745098096, 2.2324058344166158]","59_lag_traEU, 51_lag_53_median_cetTSjfm, 58_lag_atlSICjfm, 54_lag_solFORC, 53_lag_satlSSTjfm, 56_lag_ormenSSTjfm_1235_51"
LRforcedPSO,47,6,neurTSjfm,shigh,1761.5,2005.5,0.6,62,52,52,19.078665990731853,-0.05388329822873064,1235,"['52_lag_60_median_amo1', '52_lag_55_median_nhSICsep', '52_lag_59_median_nhSICjfm', '52_lag_53_median_ensoSSTjfm', '52_lag_60_median_traWP', '52_lag_55_median_tripol3']","[0.3735413286863434, 7.332047614927877, 4.112326460758684, 1.668554308138992, 1.8799083869207411, 1.1289095524444441]","52_lag_60_median_amo1, 52_lag_55_median_nhSICsep, 52_lag_59_median_nhSICjfm, 52_lag_53_median_ensoSSTjfm, 52_lag_60_median_traWP, 52_lag_55_median_tripol3_1235_52"
LRforcedPSO,48,6,neurTSjfm,shigh,1762.5,2005.5,0.6,63,53,53,22.161446890089245,-0.11863555516343005,1235,"['53_lag_55_median_stratZ50ndj01', '53_lag_59_median_mhfIP30', '53_lag_56_median_traFB', '53_lag_60_median_ginwSSTjfm', '61_lag_atlSICsep', '53_lag_56_median_nppc2SSTjfm']","[1.2484865396103153, 0.5204124049628014, 3.50342828650062, 5.481605599263897, 0.7686282194048051, 9.513683767904258]","53_lag_55_median_stratZ50ndj01, 53_lag_59_median_mhfIP30, 53_lag_56_median_traFB, 53_lag_60_median_ginwSSTjfm, 61_lag_atlSICsep, 53_lag_56_median_nppc2SSTjfm_1235_53"
LRforcedPSO,49,6,neurTSjfm,shigh,1763.5,2005.5,0.6,64,54,54,21.83093382355675,-0.07245424220935993,1235,"['62_lag_samPSLann', '55_lag_amoSSTmjjaso', '57_lag_traWP', '54_lag_63_median_atlSICsep', '54_lag_58_median_naoPSLjfm', '62_lag_traBS']","[0.7870879623407383, 0.7216225085619481, 2.933789367642092, 2.6800262089590614, 0.5869677699026514, 1.646718694045381]","62_lag_samPSLann, 55_lag_amoSSTmjjaso, 57_lag_traWP, 54_lag_63_median_atlSICsep, 54_lag_58_median_naoPSLjfm, 62_lag_traBS_1235_54"
LRforcedPSO,50,6,neurTSjfm,shigh,1764.5,2005.5,0.6,65,55,55,19.712301532084354,-0.06877604683170854,1235,"['55_lag_63_median_traIT', '55_lag_61_median_amoSSTmjjaso', '55_lag_solFORC', '55_lag_59_median_shSICsep', '61_lag_nppc3SSTjfm', '58_lag_tripol3']","[1.0998681058781372, 0.8659098987611138, 0.19430480428115793, 4.274455922224229, 2.703157188595764, 2.391024835947942]","55_lag_63_median_traIT, 55_lag_61_median_amoSSTmjjaso, 55_lag_solFORC, 55_lag_59_median_shSICsep, 61_lag_nppc3SSTjfm, 58_lag_tripol3_1235_55"
LRforcedPSO,51,6,neurTSjfm,shigh,1765.5,2005.5,0.6,66,56,56,20.290644024187298,-0.17082722783160434,1235,"['60_lag_amoSSTmjjaso', '61_lag_ensoSSTjfm', '56_lag_62_median_shSICmar', '62_lag_traTLS', '56_lag_amo2', '56_lag_57_median_traTLS']","[1.2777021804962274, 1.436273606044061, 0.026308325316005465, 1.7046896284675679, 0.7962884619070785, 0.5998595775489601]","60_lag_amoSSTmjjaso, 61_lag_ensoSSTjfm, 56_lag_62_median_shSICmar, 62_lag_traTLS, 56_lag_amo2, 56_lag_57_median_traTLS_1235_56"
LRforcedPSO,52,6,neurTSjfm,shigh,1766.5,2005.5,0.6,67,57,57,21.771222256990786,-0.0773743855752222,1235,"['57_lag_traIFC', '63_lag_amo3', '59_lag_traBO', '61_lag_shTSjfm', '57_lag_60_median_shTSjfm', '57_lag_59_median_traBO']","[6.3785456081086895, 0.825527770476274, 1.2985343918392687, 6.085723778156796, 3.4710858345689353, 8.796806967083185]","57_lag_traIFC, 63_lag_amo3, 59_lag_traBO, 61_lag_shTSjfm, 57_lag_60_median_shTSjfm, 57_lag_59_median_traBO_1235_57"
LRforcedPSO,53,6,neurTSjfm,shigh,1767.5,2005.5,0.6,68,58,58,18.955641509149306,-0.10858746941902932,1235,"['67_lag_mhfATL45', '58_lag_65_median_amo3', '58_lag_64_median_gyreSSTjfm', '58_lag_62_median_mhfIP30', '58_lag_64_median_amo3', '58_lag_67_median_ensoSSTjfm']","[1.5817690780866371, 0.06846483665572478, 4.018416865398464, 1.6799520168496436, 6.062474824305756, 2.3026776029643647]","67_lag_mhfATL45, 58_lag_65_median_amo3, 58_lag_64_median_gyreSSTjfm, 58_lag_62_median_mhfIP30, 58_lag_64_median_amo3, 58_lag_67_median_ensoSSTjfm_1235_58"
LRforcedPSO,54,6,neurTSjfm,shigh,1768.5,2005.5,0.6,69,59,59,20.445894375164585,-0.2510572809556931,1235,"['65_lag_traEU', '60_lag_traTLS', '59_lag_66_median_traDP', '59_lag_66_median_nchinaPRjja', '59_lag_66_median_mhfIP30', '67_lag_stratZ50ndj01']","[1.7204292892155442, 1.7258730834235374, 1.9485517219572779, 2.293891730390624, 1.7250653863091263, 2.2393182420101074]","65_lag_traEU, 60_lag_traTLS, 59_lag_66_median_traDP, 59_lag_66_median_nchinaPRjja, 59_lag_66_median_mhfIP30, 67_lag_stratZ50ndj01_1235_59"
LRforcedPSO,55,6,neurTSjfm,shigh,1769.5,2005.5,0.6,70,60,60,21.95439296447769,-0.19783350910995084,1235,"['63_lag_wnorPRjfm', '62_lag_shTSjfm', '60_lag_64_median_ginwSSTjfm', '67_lag_wnorPRjfm', '69_lag_stratZ50ndj01', '63_lag_satlSSTjfm']","[3.19379503061068, 0.1266202094098432, 0.23944342085491144, 3.5823071459185982, 1.3963538428327489, 5.179112538948467]","63_lag_wnorPRjfm, 62_lag_shTSjfm, 60_lag_64_median_ginwSSTjfm, 67_lag_wnorPRjfm, 69_lag_stratZ50ndj01, 63_lag_satlSSTjfm_1235_60"
LRforcedPSO,56,6,neurTSjfm,shigh,1770.5,2005.5,0.6,71,61,61,22.636909043147472,0.03205066160287381,1235,"['61_lag_62_median_traFSC', '62_lag_samPSLann', '64_lag_eurPSLjfm', '67_lag_traEC', '66_lag_seurTSjfm', '61_lag_64_median_stratZ50ndj04']","[2.192750966370415, 4.426812844141237, 5.965438009232676, 1.5996704658554677, 4.843318465308808, 3.457511737412524]","61_lag_62_median_traFSC, 62_lag_samPSLann, 64_lag_eurPSLjfm, 67_lag_traEC, 66_lag_seurTSjfm, 61_lag_64_median_stratZ50ndj04_1235_61"
LRforcedPSO,57,6,neurTSjfm,shigh,1771.5,2005.5,0.6,72,62,62,22.047198363084842,-0.12578077134448967,1235,"['62_lag_64_median_stratZ50ndj02', '63_lag_traBO', '62_lag_66_median_amo2', '62_lag_70_median_traFB', '62_lag_65_median_stratZ50ndj03', '62_lag_traEC']","[1.0826368193547218, 3.9798187318803357, 0.8383733551818668, 2.3364033594359412, 5.301896939660635, 5.839299480459026]","62_lag_64_median_stratZ50ndj02, 63_lag_traBO, 62_lag_66_median_amo2, 62_lag_70_median_traFB, 62_lag_65_median_stratZ50ndj03, 62_lag_traEC_1235_62"
LRforcedPSO,58,6,neurTSjfm,shigh,1772.5,2005.5,0.6,73,63,63,18.623424621560574,0.08712837747437574,1235,"['70_lag_pdoSSTjfm', '70_lag_traEU', '67_lag_naoPSLjfm', '69_lag_stratZ50ndj02', '67_lag_traBS', '63_lag_66_median_ismPRjja']","[2.1944491095847276, 1.6752917762406851, 1.6725576401931428, 1.6488147282110581, 1.64624672017638, 1.6940744664236327]","70_lag_pdoSSTjfm, 70_lag_traEU, 67_lag_naoPSLjfm, 69_lag_stratZ50ndj02, 67_lag_traBS, 63_lag_66_median_ismPRjja_1235_63"
LRforcedPSO,59,6,neurTSjfm,shigh,1773.5,2005.5,0.6,74,64,64,21.54686410284014,0.21056326420237118,1235,"['69_lag_traCA', '64_lag_66_median_AMOCann', '65_lag_labSSTjfm', '69_lag_satlSSTjfm', '64_lag_69_median_cetTSjfm', '67_lag_glomaSSTjfm']","[2.436805950977174, 0.27703716042487514, 0.14014054046718627, 2.1673921404251484, 2.8750272486054147, 3.545393153941041]","69_lag_traCA, 64_lag_66_median_AMOCann, 65_lag_labSSTjfm, 69_lag_satlSSTjfm, 64_lag_69_median_cetTSjfm, 67_lag_glomaSSTjfm_1235_64"
LRforcedPSO,60,6,neurTSjfm,shigh,1774.5,2005.5,0.6,75,65,65,20.125621959351566,-0.06931777354096957,1235,"['65_lag_72_median_traEU', '65_lag_68_median_amo2', '65_lag_traWP', '71_lag_ensoSSTjfm', '65_lag_69_median_ismPRjja', '74_lag_traBO']","[3.1728783395223137, 2.4401073836000644, 2.3796597443379777, 2.576758260150595, 2.3800448137334222, 2.6026937850046097]","65_lag_72_median_traEU, 65_lag_68_median_amo2, 65_lag_traWP, 71_lag_ensoSSTjfm, 65_lag_69_median_ismPRjja, 74_lag_traBO_1235_65"
LRforcedPSO,61,6,neurTSjfm,shigh,1775.5,2005.5,0.6,76,66,66,18.308209303064903,0.1234254771637619,1235,"['72_lag_ginwSSTjfm', '67_lag_eurPSLjfm', '66_lag_69_median_atlSICjfm', '75_lag_tripol3', '71_lag_labSSTjfm', '66_lag_glomaSSTjfm']","[1.658198395444437, 1.6625352319728288, 1.9800143904548635, 1.6582595911175184, 2.2109262464597603, 1.8062721465856457]","72_lag_ginwSSTjfm, 67_lag_eurPSLjfm, 66_lag_69_median_atlSICjfm, 75_lag_tripol3, 71_lag_labSSTjfm, 66_lag_glomaSSTjfm_1235_66"
LRforcedPSO,62,6,neurTSjfm,shigh,1776.5,2005.5,0.6,77,67,67,17.357313924236266,-0.09925387249064989,1235,"['69_lag_nchinaPRjja', '67_lag_73_median_seurTSjfm', '73_lag_ormenSSTjfm', '70_lag_solFORC', '69_lag_traEC', '67_lag_76_median_glomaSSTjfm']","[2.5459823163081388, 2.435996033992222, 2.7105862309200113, 2.637398087645877, 3.0176223120304426, 2.634083089770824]","69_lag_nchinaPRjja, 67_lag_73_median_seurTSjfm, 73_lag_ormenSSTjfm, 70_lag_solFORC, 69_lag_traEC, 67_lag_76_median_glomaSSTjfm_1235_67"
LRforcedPSO,63,6,neurTSjfm,shigh,1777.5,2005.5,0.6,78,68,68,18.006017198266292,0.03078579426833638,1235,"['68_lag_shSICmar', '68_lag_69_median_ormenSSTjfm', '68_lag_70_median_eurPSLjfm', '68_lag_77_median_nhTSjfm', '73_lag_glomaSSTjfm', '68_lag_71_median_mhfATL60']","[2.095952941646228, 0.1712855193022822, 3.002875050956696, 0.5584603208192735, 5.312623396725623, 1.3176154562536304]","68_lag_shSICmar, 68_lag_69_median_ormenSSTjfm, 68_lag_70_median_eurPSLjfm, 68_lag_77_median_nhTSjfm, 73_lag_glomaSSTjfm, 68_lag_71_median_mhfATL60_1235_68"
LRforcedPSO,64,6,neurTSjfm,shigh,1778.5,2005.5,0.6,79,69,69,17.822732961900932,0.0003712970825517168,1235,"['70_lag_traDS', '70_lag_traIFC', '69_lag_77_median_glTSjfm', '69_lag_76_median_stratZ50ndj02', '78_lag_cetTSjfm', '78_lag_stratZ50ndj01']","[1.5089308448327021, 1.4471686092815663, 1.5012544903780982, 1.2769133785044549, 1.5692124027377272, 1.1769093020537484]","70_lag_traDS, 70_lag_traIFC, 69_lag_77_median_glTSjfm, 69_lag_76_median_stratZ50ndj02, 78_lag_cetTSjfm, 78_lag_stratZ50ndj01_1235_69"
LRforcedPSO,65,6,neurTSjfm,shigh,1779.5,2005.5,0.6,80,70,70,16.41350555867234,0.1259666475693267,1235,"['70_lag_traDP', '76_lag_traIT', '77_lag_stratZ50ndj04', '70_lag_74_median_amo2', '74_lag_glomaSSTjfm', '70_lag_73_median_traEU']","[4.46672285869621, 6.506903336256624, 1.132786498644636, 1.366883872202628, 0.45128782462075634, 1.286915321078169]","70_lag_traDP, 76_lag_traIT, 77_lag_stratZ50ndj04, 70_lag_74_median_amo2, 74_lag_glomaSSTjfm, 70_lag_73_median_traEU_1235_70"
LRforcedPSO,66,6,neurTSjfm,shigh,1780.5,2005.5,0.6,81,71,71,18.253486069996114,0.10875584400715908,1235,"['71_lag_tripol3', '71_lag_77_median_seurTSjfm', '75_lag_yrvPRjja', '71_lag_75_median_ginwSSTjfm', '80_lag_traCA', '79_lag_naoPSLjfm']","[1.0589874124504355, 1.2762978416638284, 1.0823107503379452, 1.3930477572845175, 1.2701491115403685, 1.2822050417877202]","71_lag_tripol3, 71_lag_77_median_seurTSjfm, 75_lag_yrvPRjja, 71_lag_75_median_ginwSSTjfm, 80_lag_traCA, 79_lag_naoPSLjfm_1235_71"
LRforcedPSO,67,6,neurTSjfm,shigh,1781.5,2005.5,0.6,82,72,72,17.844273327466297,0.03643144077764407,1235,"['81_lag_tripol3', '72_lag_73_median_ismPRjja', '81_lag_gyreSSTjfm', '72_lag_78_median_satlSSTjfm', '81_lag_shSICmar', '72_lag_81_median_mhfATL30']","[4.926606798448665, 3.9023146987553385, 2.4562645053065673, 2.5216452450702, 5.626499523300903, 5.690515582710862]","81_lag_tripol3, 72_lag_73_median_ismPRjja, 81_lag_gyreSSTjfm, 72_lag_78_median_satlSSTjfm, 81_lag_shSICmar, 72_lag_81_median_mhfATL30_1235_72"
LRforcedPSO,68,6,neurTSjfm,shigh,1782.5,2005.5,0.6,83,73,73,17.622321842488127,0.10924481056083327,1235,"['78_lag_samPSLann', '73_lag_79_median_traMC', '73_lag_80_median_mhfATL30', '73_lag_77_median_satlSSTjfm', '78_lag_glomaSSTjfm', '73_lag_75_median_samPSLann']","[2.1248502969175735, 3.8499782264745246, 1.6085225789855162, 0.4619278459254872, 0.18114992239257788, 1.7358502143074706]","78_lag_samPSLann, 73_lag_79_median_traMC, 73_lag_80_median_mhfATL30, 73_lag_77_median_satlSSTjfm, 78_lag_glomaSSTjfm, 73_lag_75_median_samPSLann_1235_73"
LRforcedPSO,69,6,neurTSjfm,shigh,1783.5,2005.5,0.6,84,74,74,18.302244689702707,0.024982334272046852,1235,"['80_lag_yrvPRjja', '74_lag_78_median_nppc3SSTjfm', '79_lag_traBO', '74_lag_83_median_traFS', '79_lag_traEU', '82_lag_traMC']","[1.4656473290997614, 0.15940027787716105, 4.017988978223164, 1.0054736541096254, 1.0472720727523406, 4.823742012231495]","80_lag_yrvPRjja, 74_lag_78_median_nppc3SSTjfm, 79_lag_traBO, 74_lag_83_median_traFS, 79_lag_traEU, 82_lag_traMC_1235_74"
LRforcedPSO,70,6,neurTSjfm,shigh,1784.5,2005.5,0.6,85,75,75,17.864346767572982,-0.005605308054060596,1235,"['75_lag_76_median_nchinaPRjja', '75_lag_81_median_amo2', '76_lag_traWP', '77_lag_mhfATL45', '83_lag_nppc3SSTjfm', '82_lag_gyreSSTjfm']","[0.2180081390801707, 2.9662370264272493, 0.5495804753469198, 2.3428692897251864, 0.4767164879336594, 2.472441822058933]","75_lag_76_median_nchinaPRjja, 75_lag_81_median_amo2, 76_lag_traWP, 77_lag_mhfATL45, 83_lag_nppc3SSTjfm, 82_lag_gyreSSTjfm_1235_75"
LRforcedPSO,71,6,neurTSjfm,shigh,1785.5,2005.5,0.6,86,76,76,18.104963019018356,-0.01747873851125452,1235,"['80_lag_traIFC', '79_lag_yrvPRjja', '76_lag_85_median_shSICmar', '80_lag_samPSLann', '77_lag_mhfATL60', '77_lag_nchinaPRjja']","[1.7716778258855614, 1.6801210459359708, 1.4622164718536421, 1.6901841662123611, 1.6748654905689722, 1.37375481257641]","80_lag_traIFC, 79_lag_yrvPRjja, 76_lag_85_median_shSICmar, 80_lag_samPSLann, 77_lag_mhfATL60, 77_lag_nchinaPRjja_1235_76"
LRforcedPSO,72,6,neurTSjfm,shigh,1786.5,2005.5,0.6,87,77,77,17.75384493240531,0.16738203481881905,1235,"['86_lag_cetTSjfm', '84_lag_cetTSjfm', '79_lag_stratZ50ndj01', '77_lag_81_median_scpPSLjfm', '77_lag_85_median_scpPSLjfm', '82_lag_samPSLann']","[0.48270381755926905, 2.3747360199768934, 1.254684326553468, 5.355825470417701, 3.339263068791074, 3.011241570865188]","86_lag_cetTSjfm, 84_lag_cetTSjfm, 79_lag_stratZ50ndj01, 77_lag_81_median_scpPSLjfm, 77_lag_85_median_scpPSLjfm, 82_lag_samPSLann_1235_77"
LRforcedPSO,73,6,neurTSjfm,shigh,1787.5,2005.5,0.6,88,78,78,19.397957912309753,-0.044843980663915796,1235,"['85_lag_labSSTjfm', '78_lag_84_median_cetTSjfm', '79_lag_traFSC', '86_lag_eapPSLjfm', '87_lag_ismPRjja', '78_lag_84_median_stratZ50ndj03']","[1.8022379069064254, 2.4029795956931435, 2.402983875430816, 1.8192952810593903, 1.9648171446150793, 1.8022431168694384]","85_lag_labSSTjfm, 78_lag_84_median_cetTSjfm, 79_lag_traFSC, 86_lag_eapPSLjfm, 87_lag_ismPRjja, 78_lag_84_median_stratZ50ndj03_1235_78"
LRforcedPSO,74,6,neurTSjfm,shigh,1788.5,2005.5,0.6,89,79,79,18.69433385845674,-0.1968041873561427,1235,"['88_lag_shSICmar', '79_lag_87_median_amoSSTmjjaso', '81_lag_ensoSSTjfm', '79_lag_83_median_traFS', '79_lag_88_median_traDP', '79_lag_82_median_nhSICsep']","[1.7937494152357427, 2.3916594653299508, 1.7937452916325578, 2.1985108603180947, 2.391660369853927, 1.7937483030097041]","88_lag_shSICmar, 79_lag_87_median_amoSSTmjjaso, 81_lag_ensoSSTjfm, 79_lag_83_median_traFS, 79_lag_88_median_traDP, 79_lag_82_median_nhSICsep_1235_79"
LRforcedPSO,75,6,neurTSjfm,shigh,1789.5,2005.5,0.6,90,80,80,17.59757321361595,-0.08128495197240668,1235,"['80_lag_83_median_traDP', '80_lag_88_median_atlSICsep', '80_lag_81_median_traWP', '80_lag_82_median_AMOCann', '80_lag_84_median_satlSSTjfm', '89_lag_amoSSTmjjaso']","[1.230925291139714, 1.2028684778296566, 1.231519648848266, 1.6031045043401775, 1.495841973109912, 1.259367621458085]","80_lag_83_median_traDP, 80_lag_88_median_atlSICsep, 80_lag_81_median_traWP, 80_lag_82_median_AMOCann, 80_lag_84_median_satlSSTjfm, 89_lag_amoSSTmjjaso_1235_80"
LRforcedPSO,76,6,neurTSjfm,shigh,1790.5,2005.5,0.6,91,81,81,19.685049823686736,0.029906725635538235,1235,"['83_lag_traDS', '89_lag_amoSSTmjjaso', '81_lag_86_median_alpi', '81_lag_83_median_stratZ50ndj02', '81_lag_89_median_arcTSjfm', '81_lag_89_median_tripol1']","[2.600163166336526, 2.1314298551048574, 2.335231028986446, 2.4378585176724203, 1.9574305364659534, 1.9542427316154314]","83_lag_traDS, 89_lag_amoSSTmjjaso, 81_lag_86_median_alpi, 81_lag_83_median_stratZ50ndj02, 81_lag_89_median_arcTSjfm, 81_lag_89_median_tripol1_1235_81"
LRforcedPSO,77,6,neurTSjfm,shigh,1791.5,2005.5,0.6,92,82,82,17.32422632538967,-0.024532138413472977,1235,"['82_lag_84_median_atlSICsep', '82_lag_87_median_gyreSSTjfm', '88_lag_nppc3SSTjfm', '82_lag_89_median_cetTSjfm', '82_lag_91_median_nhSICjfm', '82_lag_91_median_wnorPRjfm']","[2.7944791751706397, 2.956443215371474, 2.7255760906376394, 2.2739612625670182, 3.020439859243287, 2.6707768802254885]","82_lag_84_median_atlSICsep, 82_lag_87_median_gyreSSTjfm, 88_lag_nppc3SSTjfm, 82_lag_89_median_cetTSjfm, 82_lag_91_median_nhSICjfm, 82_lag_91_median_wnorPRjfm_1235_82"
LRforcedPSO,78,6,neurTSjfm,shigh,1792.5,2005.5,0.6,93,83,83,18.37326345662124,0.031982086436197356,1235,"['83_lag_85_median_eapPSLjfm', '83_lag_84_median_mhfATL45', '83_lag_92_median_solFORC', '83_lag_84_median_tripol1', '83_lag_91_median_atlSICsep', '86_lag_solFORC']","[3.3883921216601216, 1.9216380825487605, 6.338574205404086, 3.9889901370594654, 2.994413074329854, 9.841051855448121]","83_lag_85_median_eapPSLjfm, 83_lag_84_median_mhfATL45, 83_lag_92_median_solFORC, 83_lag_84_median_tripol1, 83_lag_91_median_atlSICsep, 86_lag_solFORC_1235_83"
LRforcedPSO,79,6,neurTSjfm,shigh,1793.5,2005.5,0.6,94,84,84,18.656033810054307,-0.060453692484346164,1235,"['84_lag_86_median_traMC', '84_lag_86_median_neurTSjfm', '84_lag_93_median_alpi', '93_lag_scpPSLjfm', '92_lag_glTSjfm', '84_lag_90_median_stratZ50ndj04']","[1.9273321478169867, 2.567926217269558, 1.927391987737891, 1.9264541896505434, 2.2800018581903694, 2.5647765435550656]","84_lag_86_median_traMC, 84_lag_86_median_neurTSjfm, 84_lag_93_median_alpi, 93_lag_scpPSLjfm, 92_lag_glTSjfm, 84_lag_90_median_stratZ50ndj04_1235_84"
LRforcedPSO,80,6,neurTSjfm,shigh,1794.5,2005.5,0.6,95,85,85,19.767713433588543,0.025555705211686302,1235,"['85_lag_90_median_tripol3', '90_lag_scpPSLjfm', '93_lag_seurTSjfm', '90_lag_shTSjfm', '85_lag_90_median_nppc3SSTjfm', '91_lag_traIT']","[2.134225723424145, 2.600429517437926, 1.9823992047352905, 1.9503230998518608, 2.6004261148822962, 1.984532999280681]","85_lag_90_median_tripol3, 90_lag_scpPSLjfm, 93_lag_seurTSjfm, 90_lag_shTSjfm, 85_lag_90_median_nppc3SSTjfm, 91_lag_traIT_1235_85"
LRforcedPSO,81,6,neurTSjfm,shigh,1795.5,2005.5,0.6,96,86,86,17.34012963947496,-0.011932514957146841,1235,"['86_lag_89_median_traFSC', '86_lag_87_median_samPSLann', '86_lag_traDP', '95_lag_traFSC', '88_lag_traDS', '88_lag_solFORC']","[2.6201583949834313, 3.1381238147081456, 2.625014082485336, 2.618025345010026, 3.278455389796204, 3.4872017543832823]","86_lag_89_median_traFSC, 86_lag_87_median_samPSLann, 86_lag_traDP, 95_lag_traFSC, 88_lag_traDS, 88_lag_solFORC_1235_86"
LRforcedPSO,82,6,neurTSjfm,shigh,1796.5,2005.5,0.6,97,87,87,19.80732602848175,0.031718028453914485,1235,"['87_lag_89_median_traFB', '91_lag_traDS', '91_lag_nhTSjfm', '87_lag_95_median_glomaSSTjfm', '87_lag_96_median_nchinaPRjja', '94_lag_pdoSSTjfm']","[5.5274338828289, 1.0091133933664587, 0.372011502874539, 3.890281593555618, 0.8356160266910067, 1.0858552263596088]","87_lag_89_median_traFB, 91_lag_traDS, 91_lag_nhTSjfm, 87_lag_95_median_glomaSSTjfm, 87_lag_96_median_nchinaPRjja, 94_lag_pdoSSTjfm_1235_87"
LRforcedPSO,83,6,neurTSjfm,shigh,1797.5,2005.5,0.6,98,88,88,18.267391037230432,0.07331978923461652,1235,"['97_lag_eapPSLjfm', '88_lag_95_median_AMOCann', '91_lag_traBO', '95_lag_satlSSTjfm', '88_lag_95_median_traCA', '88_lag_94_median_nppc2SSTjfm']","[1.0939026116620285, 0.8204413638670457, 0.8204322626484923, 0.8204323890185161, 0.8259006582073829, 0.8204271183652191]","97_lag_eapPSLjfm, 88_lag_95_median_AMOCann, 91_lag_traBO, 95_lag_satlSSTjfm, 88_lag_95_median_traCA, 88_lag_94_median_nppc2SSTjfm_1235_88"
LRforcedPSO,84,6,neurTSjfm,shigh,1798.5,2005.5,0.6,99,89,89,21.000226335729952,0.02752113195527947,1235,"['89_lag_98_median_nchinaPRjja', '89_lag_97_median_glomaSSTjfm', '89_lag_97_median_traTLS', '92_lag_wnorPRjfm', '89_lag_90_median_eapPSLjfm', '91_lag_atlSICsep']","[2.4363827381383985, 4.553114739477637, 1.116684094666578, 1.7688307852467133, 1.6813645942279933, 4.156257557607093]","89_lag_98_median_nchinaPRjja, 89_lag_97_median_glomaSSTjfm, 89_lag_97_median_traTLS, 92_lag_wnorPRjfm, 89_lag_90_median_eapPSLjfm, 91_lag_atlSICsep_1235_89"
LRforcedPSO,85,6,neurTSjfm,shigh,1799.5,2005.5,0.6,100,90,90,19.481787327757655,-0.09551905252209536,1235,"['90_lag_91_median_stratZ50ndj01', '97_lag_atlSICsep', '90_lag_93_median_traFSC', '99_lag_atlSICjfm', '98_lag_seurTSjfm', '97_lag_eapPSLjfm']","[0.31972577406614455, 4.993171369340741, 1.3767658029034209, 2.619206973507284, 0.18013894502557015, 3.2202240317835606]","90_lag_91_median_stratZ50ndj01, 97_lag_atlSICsep, 90_lag_93_median_traFSC, 99_lag_atlSICjfm, 98_lag_seurTSjfm, 97_lag_eapPSLjfm_1235_90"
