model,num_irrelevant,max_allowed_features,target_feature,dataset,year_start,year_end,splitsize,max_lag,init_lag,max_forecast,mae_score,corr_score,n_total_features,selected_feature_list,feature_importances,selected_features
LinearRegression,0,30,shSICmar,picntrl,1066.5,2050.5,0.4,15,1,1,15.422972393876545,-0.0546101462713665,567,"['6_lag_amoSSTjfm', '1_lag_5_median_stratZ50ndj02', '1_lag_10_median_shSICsep', '5_lag_amoSSTjfm', '1_lag_5_median_atlSICjfm', '1_lag_7_median_amoSSTmjjaso', '1_lag_6_median_nhSICjfm', '1_lag_12_median_nhSICjfm', '4_lag_amoSSTjfm', '1_lag_10_median_eurPSLjfm', '1_lag_14_median_stratZ50ndj02', '1_lag_11_median_stratZ50ndj02', '1_lag_9_median_nhSICsep', '1_lag_14_median_nhSICjfm', '1_lag_5_median_naoPSLjfm', '1_lag_6_median_amo2', '1_lag_5_median_amoSSTmjjaso', '1_lag_6_median_stratZ50ndj03', '1_lag_13_median_amo2', '1_lag_9_median_amoSSTjfm', '1_lag_7_median_stratZ50ndj01', '1_lag_11_median_AMOCann', '1_lag_5_median_atlSICsep', '1_lag_12_median_eurPSLjfm', '1_lag_7_median_stratZ50ndj03', '1_lag_13_median_naoPSLjfm', '1_lag_14_median_nhSICsep', '1_lag_8_median_naoPSLjfm', '1_lag_5_median_stratZ50ndj03', '1_lag_5_median_scpPSLjfm']","[0.21502557882407036, 0.02927596199644303, 0.10720153502193484, 0.18171424265267944, 0.009801459206840996, 0.4032721515616252, 0.03593629157457234, 0.3321008984996214, 0.04982128512071399, 0.17846257684372938, 0.31154653212964517, 0.3842733169166945, 0.023919962086931857, 0.3402244870735025, 0.21182746889101883, 0.10413223219382266, 0.4055329869980565, 0.07130652250628276, 0.08101050801204626, 0.35732586235901165, 0.07545756006797912, 0.07119655876464531, 0.021369845971110985, 0.12467479842279919, 0.6666311084184979, 0.5053407804200796, 0.2944409583987654, 0.0833517730276149, 0.1851475237198317, 0.04575632720886414]","6_lag_amoSSTjfm, 1_lag_5_median_stratZ50ndj02, 1_lag_10_median_shSICsep, 5_lag_amoSSTjfm, 1_lag_5_median_atlSICjfm, 1_lag_7_median_amoSSTmjjaso, 1_lag_6_median_nhSICjfm, 1_lag_12_median_nhSICjfm, 4_lag_amoSSTjfm, 1_lag_10_median_eurPSLjfm, 1_lag_14_median_stratZ50ndj02, 1_lag_11_median_stratZ50ndj02, 1_lag_9_median_nhSICsep, 1_lag_14_median_nhSICjfm, 1_lag_5_median_naoPSLjfm, 1_lag_6_median_amo2, 1_lag_5_median_amoSSTmjjaso, 1_lag_6_median_stratZ50ndj03, 1_lag_13_median_amo2, 1_lag_9_median_amoSSTjfm, 1_lag_7_median_stratZ50ndj01, 1_lag_11_median_AMOCann, 1_lag_5_median_atlSICsep, 1_lag_12_median_eurPSLjfm, 1_lag_7_median_stratZ50ndj03, 1_lag_13_median_naoPSLjfm, 1_lag_14_median_nhSICsep, 1_lag_8_median_naoPSLjfm, 1_lag_5_median_stratZ50ndj03, 1_lag_5_median_scpPSLjfm_567_1"
LinearRegression,1,30,shSICmar,picntrl,1067.5,2050.5,0.4,16,1,1,15.212283022390293,0.009255596069225887,609,"['1_lag_15_median_amo3', '1_lag_12_median_nhSICjfm', '1_lag_15_median_naoPSLjfm', '1_lag_10_median_eurPSLjfm', '6_lag_amoSSTjfm', '1_lag_12_median_stratZ50ndj03', '1_lag_4_median_amo3', '1_lag_10_median_amoSSTjfm', '1_lag_4_median_eapPSLjfm', '1_lag_10_median_shSICsep', '1_lag_12_median_stratZ50ndj01', '5_lag_amoSSTjfm', '1_lag_14_median_stratZ50ndj02', '1_lag_15_median_atlSICjfm', '1_lag_8_median_naoPSLjfm', '1_lag_12_median_eurPSLjfm', '1_lag_4_median_stratZ50ndj01', '1_lag_9_median_eurPSLjfm', '1_lag_9_median_amoSSTjfm', '4_lag_amoSSTjfm', '1_lag_6_median_AMOCann', '1_lag_5_median_atlSICsep', '1_lag_11_median_AMOCann', '1_lag_5_median_scpPSLjfm', '1_lag_10_median_eapPSLjfm', '1_lag_15_median_amoSSTmjjaso', '1_lag_5_median_stratZ50ndj03', '1_lag_10_median_stratZ50ndj03', '1_lag_6_median_nhSICjfm', '1_lag_7_median_stratZ50ndj03']","[0.3925753953691258, 0.28972133125816807, 0.37990177002699577, 0.00017603761465537728, 0.10397185793002352, 0.11963060088676468, 0.062498367073194575, 0.2530800960943875, 0.021877612883198595, 0.032747877832051894, 0.2666075487131215, 0.15499286368354626, 0.12719717727757823, 0.09655577174218792, 0.09805172474887645, 0.021957523518683873, 0.11926618141291201, 0.12510041477243924, 0.26709333665796053, 0.09450963714390972, 0.23525070659154923, 0.05197020960308867, 0.18173501463780153, 0.03656128455453147, 0.03476718323477619, 0.11718431018232303, 0.27328204654833144, 0.18748592898598185, 0.08257983234698346, 0.6318253861225542]","1_lag_15_median_amo3, 1_lag_12_median_nhSICjfm, 1_lag_15_median_naoPSLjfm, 1_lag_10_median_eurPSLjfm, 6_lag_amoSSTjfm, 1_lag_12_median_stratZ50ndj03, 1_lag_4_median_amo3, 1_lag_10_median_amoSSTjfm, 1_lag_4_median_eapPSLjfm, 1_lag_10_median_shSICsep, 1_lag_12_median_stratZ50ndj01, 5_lag_amoSSTjfm, 1_lag_14_median_stratZ50ndj02, 1_lag_15_median_atlSICjfm, 1_lag_8_median_naoPSLjfm, 1_lag_12_median_eurPSLjfm, 1_lag_4_median_stratZ50ndj01, 1_lag_9_median_eurPSLjfm, 1_lag_9_median_amoSSTjfm, 4_lag_amoSSTjfm, 1_lag_6_median_AMOCann, 1_lag_5_median_atlSICsep, 1_lag_11_median_AMOCann, 1_lag_5_median_scpPSLjfm, 1_lag_10_median_eapPSLjfm, 1_lag_15_median_amoSSTmjjaso, 1_lag_5_median_stratZ50ndj03, 1_lag_10_median_stratZ50ndj03, 1_lag_6_median_nhSICjfm, 1_lag_7_median_stratZ50ndj03_609_1"
LinearRegression,2,30,shSICmar,picntrl,1068.5,2050.5,0.4,17,1,1,15.592627817722216,-0.0016190313449873422,651,"['1_lag_12_median_stratZ50ndj01', '1_lag_6_median_eurPSLjfm', '6_lag_eapPSLjfm', '1_lag_15_median_atlSICjfm', '12_lag_nhSICsep', '1_lag_13_median_nhSICjfm', '4_lag_eapPSLjfm', '4_lag_stratZ50ndj01', '4_lag_amoSSTjfm', '1_lag_10_median_stratZ50ndj03', '1_lag_5_median_eapPSLjfm', '1_lag_13_median_naoPSLjfm', '1_lag_6_median_AMOCann', '1_lag_5_median_amoSSTjfm', '1_lag_8_median_naoPSLjfm', '1_lag_5_median_scpPSLjfm', '1_lag_9_median_eurPSLjfm', '1_lag_6_median_stratZ50ndj02', '1_lag_7_median_stratZ50ndj02', '1_lag_5_median_stratZ50ndj03', '1_lag_14_median_nhSICjfm', '1_lag_4_median_eapPSLjfm', '1_lag_6_median_nhSICjfm', '12_lag_shSICsep', '1_lag_12_median_stratZ50ndj03', '1_lag_16_median_naoPSLjfm', '1_lag_12_median_eurPSLjfm', '1_lag_16_median_atlSICjfm', '1_lag_14_median_stratZ50ndj02', '1_lag_7_median_stratZ50ndj03']","[0.16322755673042627, 0.20174566009045175, 0.07775803891063045, 0.2890714862898716, 0.005381919732415372, 0.017080741906983287, 0.037935887780604666, 0.056204542569221756, 0.1056907302800599, 0.04285057256031425, 0.25587927407968025, 0.1580072389323478, 0.0895869127078185, 0.057634996020566445, 0.044670244805488216, 0.017934273857935577, 0.2123922893415763, 0.22731636848984582, 0.13847027782976035, 0.21418702176728463, 0.18322796170382402, 0.10043553315572445, 0.004259422911533025, 0.15455356534516876, 0.12887186135111303, 0.2460375771655834, 0.04756492853741133, 0.25634231563498294, 0.1177341148841825, 0.7602595937412124]","1_lag_12_median_stratZ50ndj01, 1_lag_6_median_eurPSLjfm, 6_lag_eapPSLjfm, 1_lag_15_median_atlSICjfm, 12_lag_nhSICsep, 1_lag_13_median_nhSICjfm, 4_lag_eapPSLjfm, 4_lag_stratZ50ndj01, 4_lag_amoSSTjfm, 1_lag_10_median_stratZ50ndj03, 1_lag_5_median_eapPSLjfm, 1_lag_13_median_naoPSLjfm, 1_lag_6_median_AMOCann, 1_lag_5_median_amoSSTjfm, 1_lag_8_median_naoPSLjfm, 1_lag_5_median_scpPSLjfm, 1_lag_9_median_eurPSLjfm, 1_lag_6_median_stratZ50ndj02, 1_lag_7_median_stratZ50ndj02, 1_lag_5_median_stratZ50ndj03, 1_lag_14_median_nhSICjfm, 1_lag_4_median_eapPSLjfm, 1_lag_6_median_nhSICjfm, 12_lag_shSICsep, 1_lag_12_median_stratZ50ndj03, 1_lag_16_median_naoPSLjfm, 1_lag_12_median_eurPSLjfm, 1_lag_16_median_atlSICjfm, 1_lag_14_median_stratZ50ndj02, 1_lag_7_median_stratZ50ndj03_651_1"
LinearRegression,3,30,shSICmar,picntrl,1069.5,2050.5,0.4,18,1,1,15.807091529446959,0.0004471625167242572,693,"['1_lag_7_median_amoSSTjfm', '5_lag_amo3', '4_lag_nhSICjfm', '1_lag_4_median_stratZ50ndj04', '1_lag_9_median_amo1', '1_lag_4_median_eapPSLjfm', '1_lag_13_median_naoPSLjfm', '12_lag_nhSICsep', '1_lag_6_median_stratZ50ndj02', '15_lag_shSICsep', '1_lag_16_median_atlSICjfm', '6_lag_eapPSLjfm', '1_lag_13_median_nhSICjfm', '1_lag_6_median_eurPSLjfm', '1_lag_5_median_stratZ50ndj03', '1_lag_9_median_amoSSTjfm', '1_lag_12_median_stratZ50ndj03', '1_lag_9_median_eurPSLjfm', '1_lag_10_median_eapPSLjfm', '1_lag_6_median_AMOCann', '1_lag_5_median_scpPSLjfm', '1_lag_17_median_stratZ50ndj02', '4_lag_stratZ50ndj01', '1_lag_12_median_eurPSLjfm', '1_lag_12_median_stratZ50ndj01', '1_lag_8_median_naoPSLjfm', '1_lag_14_median_stratZ50ndj02', '1_lag_6_median_nhSICjfm', '12_lag_shSICsep', '1_lag_7_median_stratZ50ndj03']","[0.31872899205759964, 0.09888444865512616, 0.08675592896011865, 0.02006928260903599, 0.29840720335868354, 0.08224311437403173, 0.34332859581067676, 0.016532122987659784, 0.13158965440171674, 0.08844340476914786, 0.01144806979769554, 0.0902207454913577, 0.17696225944372285, 0.24398104276575094, 0.24105518483916274, 0.26923191982383865, 0.09498179217075152, 0.30793860108765286, 0.12393357547620644, 0.12816486588514026, 0.01953504639776003, 0.23068729317180128, 0.07017144658721555, 0.02228909895422584, 0.11542794929395268, 0.037834739983297935, 0.2876576152017669, 0.090784600526214, 0.10380323813824527, 0.7286206338156418]","1_lag_7_median_amoSSTjfm, 5_lag_amo3, 4_lag_nhSICjfm, 1_lag_4_median_stratZ50ndj04, 1_lag_9_median_amo1, 1_lag_4_median_eapPSLjfm, 1_lag_13_median_naoPSLjfm, 12_lag_nhSICsep, 1_lag_6_median_stratZ50ndj02, 15_lag_shSICsep, 1_lag_16_median_atlSICjfm, 6_lag_eapPSLjfm, 1_lag_13_median_nhSICjfm, 1_lag_6_median_eurPSLjfm, 1_lag_5_median_stratZ50ndj03, 1_lag_9_median_amoSSTjfm, 1_lag_12_median_stratZ50ndj03, 1_lag_9_median_eurPSLjfm, 1_lag_10_median_eapPSLjfm, 1_lag_6_median_AMOCann, 1_lag_5_median_scpPSLjfm, 1_lag_17_median_stratZ50ndj02, 4_lag_stratZ50ndj01, 1_lag_12_median_eurPSLjfm, 1_lag_12_median_stratZ50ndj01, 1_lag_8_median_naoPSLjfm, 1_lag_14_median_stratZ50ndj02, 1_lag_6_median_nhSICjfm, 12_lag_shSICsep, 1_lag_7_median_stratZ50ndj03_693_1"
LinearRegression,4,30,shSICmar,picntrl,1070.5,2050.5,0.4,19,1,1,15.5920435669288,0.02885440735613991,735,"['13_lag_amoSSTmjjaso', '6_lag_eapPSLjfm', '1_lag_5_median_stratZ50ndj03', '1_lag_9_median_stratZ50ndj04', '18_lag_amoSSTmjjaso', '1_lag_5_median_amoSSTmjjaso', '6_lag_naoPSLjfm', '1_lag_4_median_stratZ50ndj01', '1_lag_6_median_stratZ50ndj02', '1_lag_9_median_amoSSTjfm', '7_lag_shSICsep', '16_lag_stratZ50ndj03', '4_lag_nhSICjfm', '1_lag_10_median_amoSSTjfm', '4_lag_stratZ50ndj01', '1_lag_16_median_atlSICjfm', '5_lag_amo3', '1_lag_17_median_atlSICjfm', '1_lag_6_median_AMOCann', '1_lag_4_median_stratZ50ndj04', '1_lag_6_median_nhSICjfm', '1_lag_5_median_scpPSLjfm', '17_lag_shSICsep', '1_lag_12_median_eurPSLjfm', '1_lag_6_median_eurPSLjfm', '1_lag_12_median_stratZ50ndj01', '12_lag_shSICsep', '1_lag_8_median_naoPSLjfm', '1_lag_7_median_stratZ50ndj03', '15_lag_shSICsep']","[0.04464768187640794, 0.08388904110245866, 0.18521747679374986, 0.21557786355274094, 0.06557507382713672, 0.25275912757537095, 0.051567006220132106, 0.20645743067523692, 0.06938213599356136, 0.2871907572734787, 0.058511483627293186, 0.15099158942260912, 0.0407056921818235, 0.07291964792585541, 0.10186861908455132, 0.6476703526182037, 0.14183315032768712, 0.6996813738313932, 0.16510798065727014, 0.03723544862495419, 0.09163594332519767, 0.0693104030329043, 0.14493399051184697, 0.1511013813519373, 0.2105558309195065, 0.3089015676601221, 0.0645229223953907, 0.15002756016061097, 0.5454322945803061, 0.021281713560649142]","13_lag_amoSSTmjjaso, 6_lag_eapPSLjfm, 1_lag_5_median_stratZ50ndj03, 1_lag_9_median_stratZ50ndj04, 18_lag_amoSSTmjjaso, 1_lag_5_median_amoSSTmjjaso, 6_lag_naoPSLjfm, 1_lag_4_median_stratZ50ndj01, 1_lag_6_median_stratZ50ndj02, 1_lag_9_median_amoSSTjfm, 7_lag_shSICsep, 16_lag_stratZ50ndj03, 4_lag_nhSICjfm, 1_lag_10_median_amoSSTjfm, 4_lag_stratZ50ndj01, 1_lag_16_median_atlSICjfm, 5_lag_amo3, 1_lag_17_median_atlSICjfm, 1_lag_6_median_AMOCann, 1_lag_4_median_stratZ50ndj04, 1_lag_6_median_nhSICjfm, 1_lag_5_median_scpPSLjfm, 17_lag_shSICsep, 1_lag_12_median_eurPSLjfm, 1_lag_6_median_eurPSLjfm, 1_lag_12_median_stratZ50ndj01, 12_lag_shSICsep, 1_lag_8_median_naoPSLjfm, 1_lag_7_median_stratZ50ndj03, 15_lag_shSICsep_735_1"
LinearRegression,5,30,shSICmar,picntrl,1071.5,2050.5,0.4,20,1,1,15.628375076421298,-0.02044655020220186,777,"['1_lag_6_median_amo3', '1_lag_8_median_eapPSLjfm', '18_lag_nhSICsep', '6_lag_eapPSLjfm', '14_lag_amo2', '1_lag_12_median_stratZ50ndj01', '1_lag_17_median_atlSICjfm', '1_lag_6_median_scpPSLjfm', '1_lag_8_median_nhSICsep', '14_lag_atlSICjfm', '4_lag_eapPSLjfm', '16_lag_stratZ50ndj03', '1_lag_4_median_stratZ50ndj04', '4_lag_stratZ50ndj01', '1_lag_10_median_scpPSLjfm', '7_lag_shSICsep', '1_lag_9_median_amoSSTjfm', '1_lag_6_median_nhSICjfm', '1_lag_12_median_eurPSLjfm', '1_lag_10_median_amoSSTjfm', '12_lag_shSICsep', '1_lag_4_median_amo2', '6_lag_naoPSLjfm', '1_lag_10_median_stratZ50ndj01', '5_lag_amo3', '1_lag_5_median_amoSSTmjjaso', '1_lag_5_median_scpPSLjfm', '1_lag_7_median_stratZ50ndj03', '15_lag_shSICsep', '1_lag_8_median_naoPSLjfm']","[0.048341474809166576, 0.16270875334698265, 0.1287637139113755, 0.0844923627135107, 0.00880040442755747, 0.5664266263769824, 0.011501786068618814, 0.013926174944457805, 0.08553113669073852, 0.00033068893047034453, 0.01716073986406523, 0.169246961476061, 0.03323232041566282, 0.07915265866008696, 0.001258371688430461, 0.03466499856431278, 0.314943036885059, 0.05117919856915039, 0.1286613551380665, 0.049481979714469895, 0.10233457812388495, 0.06604573741450691, 0.0681614031213703, 0.420057300919534, 0.14675009187169533, 0.17134997976838456, 0.07470302406172157, 0.4156659962525576, 0.07033554462069866, 0.18027174023872922]","1_lag_6_median_amo3, 1_lag_8_median_eapPSLjfm, 18_lag_nhSICsep, 6_lag_eapPSLjfm, 14_lag_amo2, 1_lag_12_median_stratZ50ndj01, 1_lag_17_median_atlSICjfm, 1_lag_6_median_scpPSLjfm, 1_lag_8_median_nhSICsep, 14_lag_atlSICjfm, 4_lag_eapPSLjfm, 16_lag_stratZ50ndj03, 1_lag_4_median_stratZ50ndj04, 4_lag_stratZ50ndj01, 1_lag_10_median_scpPSLjfm, 7_lag_shSICsep, 1_lag_9_median_amoSSTjfm, 1_lag_6_median_nhSICjfm, 1_lag_12_median_eurPSLjfm, 1_lag_10_median_amoSSTjfm, 12_lag_shSICsep, 1_lag_4_median_amo2, 6_lag_naoPSLjfm, 1_lag_10_median_stratZ50ndj01, 5_lag_amo3, 1_lag_5_median_amoSSTmjjaso, 1_lag_5_median_scpPSLjfm, 1_lag_7_median_stratZ50ndj03, 15_lag_shSICsep, 1_lag_8_median_naoPSLjfm_777_1"
LinearRegression,6,30,shSICmar,picntrl,1072.5,2050.5,0.4,21,1,1,15.467775980846287,0.0349922837914971,819,"['1_lag_4_median_eurPSLjfm', '5_lag_shSICsep', '7_lag_AMOCann', '18_lag_naoPSLjfm', '1_lag_10_median_scpPSLjfm', '1_lag_20_median_stratZ50ndj01', '1_lag_4_median_eapPSLjfm', '1_lag_6_median_eurPSLjfm', '6_lag_eapPSLjfm', '14_lag_atlSICjfm', '1_lag_10_median_stratZ50ndj01', '7_lag_shSICmar', '1_lag_10_median_amoSSTjfm', '18_lag_stratZ50ndj02', '17_lag_shSICsep', '4_lag_stratZ50ndj01', '1_lag_9_median_amoSSTjfm', '1_lag_9_median_eurPSLjfm', '7_lag_shSICsep', '5_lag_amo3', '1_lag_5_median_amoSSTmjjaso', '18_lag_nhSICsep', '16_lag_stratZ50ndj03', '1_lag_8_median_naoPSLjfm', '1_lag_4_median_stratZ50ndj01', '6_lag_naoPSLjfm', '1_lag_6_median_nhSICjfm', '12_lag_shSICsep', '1_lag_7_median_stratZ50ndj03', '15_lag_shSICsep']","[0.12661903924910575, 0.05748333680812424, 0.0027820939961151663, 0.07038415859398621, 0.0548922538330469, 0.08668941677722773, 0.06432791142759009, 0.11677988156985587, 0.0784447972069758, 0.020035880368456896, 0.05152731426638905, 0.0857253412792434, 0.1095553606294233, 0.1199781676796357, 0.044607437398017424, 0.13665602874408786, 0.30479211212389623, 0.13962772706103707, 0.021325590132222905, 0.1429016164043712, 0.15241700850029466, 0.1365114297261101, 0.17350416007167954, 0.14983468758850685, 0.10937908914262137, 0.06107134935490995, 0.12153722352030204, 0.09222203478043606, 0.4874017717295742, 0.03798309543485524]","1_lag_4_median_eurPSLjfm, 5_lag_shSICsep, 7_lag_AMOCann, 18_lag_naoPSLjfm, 1_lag_10_median_scpPSLjfm, 1_lag_20_median_stratZ50ndj01, 1_lag_4_median_eapPSLjfm, 1_lag_6_median_eurPSLjfm, 6_lag_eapPSLjfm, 14_lag_atlSICjfm, 1_lag_10_median_stratZ50ndj01, 7_lag_shSICmar, 1_lag_10_median_amoSSTjfm, 18_lag_stratZ50ndj02, 17_lag_shSICsep, 4_lag_stratZ50ndj01, 1_lag_9_median_amoSSTjfm, 1_lag_9_median_eurPSLjfm, 7_lag_shSICsep, 5_lag_amo3, 1_lag_5_median_amoSSTmjjaso, 18_lag_nhSICsep, 16_lag_stratZ50ndj03, 1_lag_8_median_naoPSLjfm, 1_lag_4_median_stratZ50ndj01, 6_lag_naoPSLjfm, 1_lag_6_median_nhSICjfm, 12_lag_shSICsep, 1_lag_7_median_stratZ50ndj03, 15_lag_shSICsep_819_1"
LinearRegression,7,30,shSICmar,picntrl,1073.5,2050.5,0.4,22,2,2,14.420338459487922,0.08658851273790476,819,"['2_lag_5_median_AMOCann', '2_lag_21_median_amoSSTmjjaso', '11_lag_AMOCann', '11_lag_eapPSLjfm', '18_lag_nhSICjfm', '18_lag_stratZ50ndj02', '7_lag_amoSSTjfm', '2_lag_9_median_amoSSTjfm', '2_lag_7_median_amo3', '4_lag_eurPSLjfm', '2_lag_8_median_amoSSTjfm', '2_lag_5_median_amo3', '2_lag_11_median_amo3', '15_lag_shSICsep', '9_lag_amo1', '8_lag_naoPSLjfm', '2_lag_11_median_shSICsep', '21_lag_shSICsep', '5_lag_amo3', '6_lag_eapPSLjfm', '2_lag_7_median_amo1', '2_lag_7_median_nppc2SSTjfm', '2_lag_7_median_shSICmar', '7_lag_AMOCann', '5_lag_nhSICjfm', '2_lag_7_median_stratZ50ndj03', '2_lag_5_median_scpPSLjfm', '18_lag_nhSICsep', '2_lag_5_median_amoSSTmjjaso', '2_lag_5_median_amo1']","[0.07196015549045398, 0.09660325359016618, 0.1478839425167465, 0.1152684793779527, 0.03359261581993285, 0.11565912528495262, 0.09935669394560483, 0.14414219473753592, 0.24777317266944862, 0.04863234502608426, 0.12697575176065254, 0.22188865801528362, 0.23793006338291955, 0.09624952901016204, 0.11186692158773447, 0.11731533379978426, 0.0369651038283934, 0.10156171972577384, 0.06350926019994813, 0.07910984806452814, 0.19885885902495154, 0.02173962457956044, 0.13205665453568777, 0.0425168354948563, 0.029359458149103224, 0.38476699014679044, 0.008352565069686142, 0.15790728601878706, 0.1941546389716711, 0.12821735067625292]","2_lag_5_median_AMOCann, 2_lag_21_median_amoSSTmjjaso, 11_lag_AMOCann, 11_lag_eapPSLjfm, 18_lag_nhSICjfm, 18_lag_stratZ50ndj02, 7_lag_amoSSTjfm, 2_lag_9_median_amoSSTjfm, 2_lag_7_median_amo3, 4_lag_eurPSLjfm, 2_lag_8_median_amoSSTjfm, 2_lag_5_median_amo3, 2_lag_11_median_amo3, 15_lag_shSICsep, 9_lag_amo1, 8_lag_naoPSLjfm, 2_lag_11_median_shSICsep, 21_lag_shSICsep, 5_lag_amo3, 6_lag_eapPSLjfm, 2_lag_7_median_amo1, 2_lag_7_median_nppc2SSTjfm, 2_lag_7_median_shSICmar, 7_lag_AMOCann, 5_lag_nhSICjfm, 2_lag_7_median_stratZ50ndj03, 2_lag_5_median_scpPSLjfm, 18_lag_nhSICsep, 2_lag_5_median_amoSSTmjjaso, 2_lag_5_median_amo1_819_2"
LinearRegression,8,30,shSICmar,picntrl,1074.5,2050.5,0.4,23,3,3,16.470016751023696,-0.07810263664142673,819,"['3_lag_10_median_naoPSLjfm', '3_lag_14_median_nhSICjfm', '10_lag_nppc2SSTjfm', '3_lag_6_median_scpPSLjfm', '12_lag_amoSSTmjjaso', '3_lag_8_median_nppc2SSTjfm', '15_lag_nppc2SSTjfm', '13_lag_shSICsep', '3_lag_16_median_stratZ50ndj03', '3_lag_10_median_atlSICsep', '3_lag_6_median_stratZ50ndj02', '3_lag_21_median_amoSSTmjjaso', '3_lag_8_median_stratZ50ndj04', '7_lag_stratZ50ndj04', '22_lag_shSICsep', '9_lag_eapPSLjfm', '3_lag_10_median_amoSSTmjjaso', '22_lag_amo2', '22_lag_eapPSLjfm', '11_lag_eapPSLjfm', '14_lag_amoSSTmjjaso', '3_lag_8_median_eapPSLjfm', '17_lag_shSICsep', '9_lag_amo1', '5_lag_nhSICsep', '22_lag_amo1', '3_lag_6_median_shSICsep', '3_lag_6_median_nhSICjfm', '15_lag_shSICsep', '3_lag_6_median_AMOCann']","[0.31640302081417715, 0.2883186601770925, 0.011274680716634561, 0.03050476624663639, 0.04618582804039258, 0.050416930489725086, 0.046945702634911504, 0.02233541148874787, 0.2724439808906154, 0.4043836764269883, 0.04601202985310088, 0.20527983355836937, 0.31283887885603934, 0.05865796010164304, 0.05216250108707625, 0.10250369270265063, 0.018833922646364805, 0.024051495614816804, 0.1436926448557324, 0.10138565281678444, 0.045029370509907254, 0.08413647605308638, 0.09687521327024284, 0.17012754254581341, 0.10587402238771323, 0.0801100108666368, 0.10643968847059014, 0.20593089259698358, 0.04192464996988609, 0.03260871657205384]","3_lag_10_median_naoPSLjfm, 3_lag_14_median_nhSICjfm, 10_lag_nppc2SSTjfm, 3_lag_6_median_scpPSLjfm, 12_lag_amoSSTmjjaso, 3_lag_8_median_nppc2SSTjfm, 15_lag_nppc2SSTjfm, 13_lag_shSICsep, 3_lag_16_median_stratZ50ndj03, 3_lag_10_median_atlSICsep, 3_lag_6_median_stratZ50ndj02, 3_lag_21_median_amoSSTmjjaso, 3_lag_8_median_stratZ50ndj04, 7_lag_stratZ50ndj04, 22_lag_shSICsep, 9_lag_eapPSLjfm, 3_lag_10_median_amoSSTmjjaso, 22_lag_amo2, 22_lag_eapPSLjfm, 11_lag_eapPSLjfm, 14_lag_amoSSTmjjaso, 3_lag_8_median_eapPSLjfm, 17_lag_shSICsep, 9_lag_amo1, 5_lag_nhSICsep, 22_lag_amo1, 3_lag_6_median_shSICsep, 3_lag_6_median_nhSICjfm, 15_lag_shSICsep, 3_lag_6_median_AMOCann_819_3"
LinearRegression,9,30,shSICmar,picntrl,1075.5,2050.5,0.4,24,4,4,15.273725048362781,-0.0400572625076159,819,"['4_lag_atlSICjfm', '7_lag_naoPSLjfm', '10_lag_stratZ50ndj04', '4_lag_19_median_stratZ50ndj02', '11_lag_stratZ50ndj02', '4_lag_7_median_shSICsep', '4_lag_13_median_shSICsep', '4_lag_21_median_amoSSTmjjaso', '4_lag_14_median_stratZ50ndj01', '4_lag_amo1', '18_lag_nppc2SSTjfm', '7_lag_stratZ50ndj04', '4_lag_12_median_atlSICjfm', '17_lag_shSICsep', '10_lag_shSICsep', '15_lag_shSICsep', '4_lag_7_median_nhSICsep', '9_lag_amo1', '14_lag_amoSSTmjjaso', '22_lag_amo2', '4_lag_7_median_naoPSLjfm', '11_lag_eapPSLjfm', '12_lag_atlSICjfm', '12_lag_amoSSTmjjaso', '18_lag_amo2', '4_lag_8_median_atlSICsep', '7_lag_AMOCann', '4_lag_7_median_stratZ50ndj04', '4_lag_9_median_eurPSLjfm', '4_lag_7_median_nhSICjfm']","[0.06816516743940283, 0.06891329289604096, 0.00529144028526, 0.05341850694993418, 0.00022026621244206288, 0.043943555573067665, 0.11302385974789819, 0.10331143409129112, 0.25533296314221543, 0.031693135075989226, 0.0016728666930254364, 0.04421436921231844, 0.09400285088473612, 0.06926804080172133, 0.11557588033003613, 0.05636810288529519, 0.027605702673557053, 0.1643819248274745, 0.04985460173302379, 0.05935706536947403, 0.05472195530254817, 0.11403367051383953, 0.09759536294101552, 0.024323760251993717, 0.011040489869582948, 0.2171060223355918, 0.013631904992867983, 0.17341657804902721, 0.03962518588102385, 0.030291697804232784]","4_lag_atlSICjfm, 7_lag_naoPSLjfm, 10_lag_stratZ50ndj04, 4_lag_19_median_stratZ50ndj02, 11_lag_stratZ50ndj02, 4_lag_7_median_shSICsep, 4_lag_13_median_shSICsep, 4_lag_21_median_amoSSTmjjaso, 4_lag_14_median_stratZ50ndj01, 4_lag_amo1, 18_lag_nppc2SSTjfm, 7_lag_stratZ50ndj04, 4_lag_12_median_atlSICjfm, 17_lag_shSICsep, 10_lag_shSICsep, 15_lag_shSICsep, 4_lag_7_median_nhSICsep, 9_lag_amo1, 14_lag_amoSSTmjjaso, 22_lag_amo2, 4_lag_7_median_naoPSLjfm, 11_lag_eapPSLjfm, 12_lag_atlSICjfm, 12_lag_amoSSTmjjaso, 18_lag_amo2, 4_lag_8_median_atlSICsep, 7_lag_AMOCann, 4_lag_7_median_stratZ50ndj04, 4_lag_9_median_eurPSLjfm, 4_lag_7_median_nhSICjfm_819_4"
LinearRegression,10,30,shSICmar,picntrl,1076.5,2050.5,0.4,25,5,5,15.75019294185883,0.033730147607743864,819,"['11_lag_eapPSLjfm', '15_lag_atlSICsep', '5_lag_24_median_amo3', '9_lag_scpPSLjfm', '10_lag_stratZ50ndj02', '8_lag_eapPSLjfm', '5_lag_11_median_naoPSLjfm', '5_lag_10_median_AMOCann', '12_lag_atlSICjfm', '21_lag_amoSSTmjjaso', '10_lag_atlSICjfm', '14_lag_amo3', '21_lag_amo3', '8_lag_nhSICsep', '13_lag_amoSSTmjjaso', '5_lag_14_median_nhSICsep', '10_lag_nppc2SSTjfm', '14_lag_shSICsep', '22_lag_amo1', '5_lag_8_median_eapPSLjfm', '15_lag_nhSICjfm', '11_lag_stratZ50ndj02', '5_lag_12_median_eurPSLjfm', '5_lag_8_median_atlSICsep', '16_lag_shSICsep', '18_lag_amo2', '9_lag_amo1', '5_lag_8_median_amo2', '5_lag_10_median_shSICmar', '20_lag_nppc2SSTjfm']","[0.10489776466746271, 0.04014523866316087, 0.01973435315606121, 0.06166968418209966, 0.03594786857888899, 0.011340721315193937, 0.13268569588621779, 0.0783799210410617, 0.0959582194074021, 0.05817521425428401, 0.07537513503821999, 0.004378844241226175, 0.112333459299255, 0.0043079894224407325, 0.08490859932145861, 0.36091583313511344, 0.11347600535203436, 0.04725578570546264, 0.09399336358022412, 0.057332496004272746, 0.07226859141683328, 0.01682603638571959, 0.026067500698369283, 0.3134841905378227, 0.10345490129437782, 0.03776647730012179, 0.14306725426056782, 0.16427114570365445, 0.017659890023349643, 0.09932250145003974]","11_lag_eapPSLjfm, 15_lag_atlSICsep, 5_lag_24_median_amo3, 9_lag_scpPSLjfm, 10_lag_stratZ50ndj02, 8_lag_eapPSLjfm, 5_lag_11_median_naoPSLjfm, 5_lag_10_median_AMOCann, 12_lag_atlSICjfm, 21_lag_amoSSTmjjaso, 10_lag_atlSICjfm, 14_lag_amo3, 21_lag_amo3, 8_lag_nhSICsep, 13_lag_amoSSTmjjaso, 5_lag_14_median_nhSICsep, 10_lag_nppc2SSTjfm, 14_lag_shSICsep, 22_lag_amo1, 5_lag_8_median_eapPSLjfm, 15_lag_nhSICjfm, 11_lag_stratZ50ndj02, 5_lag_12_median_eurPSLjfm, 5_lag_8_median_atlSICsep, 16_lag_shSICsep, 18_lag_amo2, 9_lag_amo1, 5_lag_8_median_amo2, 5_lag_10_median_shSICmar, 20_lag_nppc2SSTjfm_819_5"
LinearRegression,11,30,shSICmar,picntrl,1077.5,2050.5,0.4,26,6,6,15.228204624593145,0.08364464364235501,819,"['12_lag_stratZ50ndj03', '24_lag_amo3', '6_lag_21_median_stratZ50ndj02', '14_lag_nhSICjfm', '6_lag_16_median_stratZ50ndj04', '10_lag_nppc2SSTjfm', '24_lag_amoSSTmjjaso', '11_lag_stratZ50ndj02', '6_lag_11_median_nhSICsep', '6_lag_9_median_nppc2SSTjfm', '9_lag_AMOCann', '6_lag_atlSICsep', '13_lag_amoSSTmjjaso', '6_lag_9_median_amoSSTmjjaso', '9_lag_amo1', '16_lag_shSICsep', '9_lag_scpPSLjfm', '25_lag_nhSICsep', '24_lag_shSICmar', '6_lag_14_median_eurPSLjfm', '6_lag_12_median_nhSICsep', '12_lag_nhSICjfm', '6_lag_AMOCann', '25_lag_nhSICjfm', '6_lag_13_median_stratZ50ndj01', '16_lag_stratZ50ndj01', '6_lag_15_median_naoPSLjfm', '14_lag_shSICsep', '6_lag_9_median_nhSICsep', '6_lag_9_median_eapPSLjfm']","[0.07576341429098564, 0.05291190546060215, 0.18572263758906393, 0.043435848149576926, 0.1500820922691296, 0.11488101546673869, 0.005807503002877125, 0.03132853471303469, 0.040784839269824194, 0.10327721391579854, 0.01652142375147984, 0.11868707066533098, 0.06049407473857067, 0.0431213614848145, 0.15553827340569337, 0.14779410800331697, 0.053064849965433265, 0.05343899658247711, 0.12268737995469485, 0.016701272855130456, 0.28324329539286514, 0.010517992144619329, 0.0417163341988671, 0.010403970792618521, 0.1520126832675751, 0.08112108768391718, 0.2851769919637009, 0.017712187858056165, 0.025883911946821783, 0.23887864510558096]","12_lag_stratZ50ndj03, 24_lag_amo3, 6_lag_21_median_stratZ50ndj02, 14_lag_nhSICjfm, 6_lag_16_median_stratZ50ndj04, 10_lag_nppc2SSTjfm, 24_lag_amoSSTmjjaso, 11_lag_stratZ50ndj02, 6_lag_11_median_nhSICsep, 6_lag_9_median_nppc2SSTjfm, 9_lag_AMOCann, 6_lag_atlSICsep, 13_lag_amoSSTmjjaso, 6_lag_9_median_amoSSTmjjaso, 9_lag_amo1, 16_lag_shSICsep, 9_lag_scpPSLjfm, 25_lag_nhSICsep, 24_lag_shSICmar, 6_lag_14_median_eurPSLjfm, 6_lag_12_median_nhSICsep, 12_lag_nhSICjfm, 6_lag_AMOCann, 25_lag_nhSICjfm, 6_lag_13_median_stratZ50ndj01, 16_lag_stratZ50ndj01, 6_lag_15_median_naoPSLjfm, 14_lag_shSICsep, 6_lag_9_median_nhSICsep, 6_lag_9_median_eapPSLjfm_819_6"
LinearRegression,12,30,shSICmar,picntrl,1078.5,2050.5,0.4,27,7,7,14.776743612793805,0.049016141757166856,819,"['22_lag_nhSICjfm', '7_lag_12_median_atlSICsep', '7_lag_10_median_AMOCann', '7_lag_10_median_stratZ50ndj01', '7_lag_18_median_nhSICjfm', '7_lag_26_median_amo1', '25_lag_AMOCann', '20_lag_stratZ50ndj04', '18_lag_stratZ50ndj01', '7_lag_amo2', '7_lag_10_median_eapPSLjfm', '17_lag_nhSICjfm', '14_lag_nhSICjfm', '23_lag_AMOCann', '16_lag_stratZ50ndj01', '24_lag_shSICmar', '10_lag_scpPSLjfm', '24_lag_amo3', '13_lag_eapPSLjfm', '7_lag_12_median_stratZ50ndj04', '7_lag_16_median_scpPSLjfm', '7_lag_15_median_naoPSLjfm', '13_lag_amoSSTmjjaso', '18_lag_amo2', '7_lag_12_median_nhSICsep', '7_lag_10_median_scpPSLjfm', '9_lag_AMOCann', '7_lag_14_median_scpPSLjfm', '7_lag_10_median_nppc2SSTjfm', '14_lag_shSICsep']","[0.010224603586408039, 0.30638641806399836, 0.06994774631296731, 0.06473808812191406, 0.054391997497012186, 0.1275351044036581, 0.0025686889834393347, 0.04450066673198348, 0.00998236516197082, 0.1360100495555552, 0.1611782912317099, 0.02569792171912272, 0.03934183142509867, 0.10613146812718079, 0.09282511351505725, 0.09643917257012838, 0.03772563299913176, 0.052673854942315856, 0.036164893889794186, 0.2024710495039832, 0.0030989609964560735, 0.20438443425815064, 0.044256199142878705, 0.0043327044835079764, 0.2350797067277352, 0.011929058878489895, 0.0012051838217146632, 0.18895901593542652, 0.05494435456611802, 0.09154035915015632]","22_lag_nhSICjfm, 7_lag_12_median_atlSICsep, 7_lag_10_median_AMOCann, 7_lag_10_median_stratZ50ndj01, 7_lag_18_median_nhSICjfm, 7_lag_26_median_amo1, 25_lag_AMOCann, 20_lag_stratZ50ndj04, 18_lag_stratZ50ndj01, 7_lag_amo2, 7_lag_10_median_eapPSLjfm, 17_lag_nhSICjfm, 14_lag_nhSICjfm, 23_lag_AMOCann, 16_lag_stratZ50ndj01, 24_lag_shSICmar, 10_lag_scpPSLjfm, 24_lag_amo3, 13_lag_eapPSLjfm, 7_lag_12_median_stratZ50ndj04, 7_lag_16_median_scpPSLjfm, 7_lag_15_median_naoPSLjfm, 13_lag_amoSSTmjjaso, 18_lag_amo2, 7_lag_12_median_nhSICsep, 7_lag_10_median_scpPSLjfm, 9_lag_AMOCann, 7_lag_14_median_scpPSLjfm, 7_lag_10_median_nppc2SSTjfm, 14_lag_shSICsep_819_7"
LinearRegression,13,30,shSICmar,picntrl,1079.5,2050.5,0.4,28,8,8,14.739532265112253,0.051082894170091014,819,"['8_lag_22_median_stratZ50ndj01', '8_lag_11_median_amo1', '15_lag_nhSICjfm', '10_lag_atlSICjfm', '27_lag_atlSICsep', '13_lag_amo3', '8_lag_13_median_amo1', '19_lag_amoSSTmjjaso', '22_lag_nhSICjfm', '8_lag_11_median_scpPSLjfm', '13_lag_amo2', '8_lag_14_median_eurPSLjfm', '11_lag_shSICmar', '13_lag_amoSSTmjjaso', '14_lag_nhSICjfm', '26_lag_atlSICsep', '14_lag_nppc2SSTjfm', '17_lag_nhSICjfm', '11_lag_amoSSTmjjaso', '8_lag_13_median_atlSICsep', '25_lag_nhSICjfm', '12_lag_shSICsep', '11_lag_scpPSLjfm', '15_lag_atlSICjfm', '8_lag_13_median_stratZ50ndj02', '8_lag_nhSICjfm', '18_lag_AMOCann', '12_lag_nppc2SSTjfm', '24_lag_amo3', '8_lag_11_median_nppc2SSTjfm']","[0.12423696241862306, 0.18616862490141056, 0.010504221169979329, 0.042085515738049466, 0.0443740138244049, 0.10171622859998594, 0.1574945278308803, 0.022073533503787848, 0.005075601048416362, 0.06810244595273304, 0.035865038739221033, 0.046510365876667126, 0.037777416437601685, 0.04143473415491281, 0.02151688754095277, 0.05674215696488426, 0.0635405142222521, 0.046800098702211794, 0.018096217179847413, 0.2783480414650088, 0.01476161892564352, 0.04076357666191782, 0.07031113264763965, 0.028622050037796144, 0.07475907603601614, 0.05029633342941292, 0.0013958821009905642, 0.05956314073488427, 0.028089900304192072, 0.048999990309830384]","8_lag_22_median_stratZ50ndj01, 8_lag_11_median_amo1, 15_lag_nhSICjfm, 10_lag_atlSICjfm, 27_lag_atlSICsep, 13_lag_amo3, 8_lag_13_median_amo1, 19_lag_amoSSTmjjaso, 22_lag_nhSICjfm, 8_lag_11_median_scpPSLjfm, 13_lag_amo2, 8_lag_14_median_eurPSLjfm, 11_lag_shSICmar, 13_lag_amoSSTmjjaso, 14_lag_nhSICjfm, 26_lag_atlSICsep, 14_lag_nppc2SSTjfm, 17_lag_nhSICjfm, 11_lag_amoSSTmjjaso, 8_lag_13_median_atlSICsep, 25_lag_nhSICjfm, 12_lag_shSICsep, 11_lag_scpPSLjfm, 15_lag_atlSICjfm, 8_lag_13_median_stratZ50ndj02, 8_lag_nhSICjfm, 18_lag_AMOCann, 12_lag_nppc2SSTjfm, 24_lag_amo3, 8_lag_11_median_nppc2SSTjfm_819_8"
LinearRegression,14,30,shSICmar,picntrl,1080.5,2050.5,0.4,29,9,9,14.594080422811889,0.06295321986526838,819,"['12_lag_nppc2SSTjfm', '17_lag_nhSICjfm', '27_lag_amo3', '20_lag_naoPSLjfm', '9_lag_19_median_eurPSLjfm', '13_lag_nhSICsep', '9_lag_15_median_amo2', '9_lag_22_median_nhSICsep', '11_lag_shSICmar', '23_lag_stratZ50ndj02', '9_lag_28_median_stratZ50ndj02', '9_lag_24_median_nhSICjfm', '18_lag_stratZ50ndj01', '28_lag_amo3', '18_lag_scpPSLjfm', '28_lag_shSICmar', '9_lag_AMOCann', '11_lag_amoSSTjfm', '25_lag_eapPSLjfm', '14_lag_nppc2SSTjfm', '9_lag_13_median_stratZ50ndj04', '15_lag_atlSICjfm', '14_lag_eapPSLjfm', '13_lag_eapPSLjfm', '11_lag_amoSSTmjjaso', '18_lag_AMOCann', '25_lag_nhSICjfm', '19_lag_nhSICsep', '9_lag_22_median_stratZ50ndj01', '9_lag_12_median_amo2']","[0.019118388286328218, 0.07828249498174353, 0.08711215022503999, 0.007747532052673428, 0.332366301896226, 0.14347579020022497, 0.16602734148162457, 0.28986918560411207, 0.09454485828067005, 0.10364642214409403, 0.5063387768079834, 0.05253655248609675, 0.023003405945299777, 0.16028647378242547, 0.039413761410271905, 0.07483491525083581, 0.0008239574705131771, 0.09467459662649352, 0.11087521600904165, 0.058821561102853914, 0.17658300605242044, 0.05611201272432968, 0.08092093335787681, 0.05058235557303655, 0.07361155107840076, 0.024354021304704883, 0.018720531071435384, 0.15791941960390932, 0.11458534553178794, 0.0037108290259363352]","12_lag_nppc2SSTjfm, 17_lag_nhSICjfm, 27_lag_amo3, 20_lag_naoPSLjfm, 9_lag_19_median_eurPSLjfm, 13_lag_nhSICsep, 9_lag_15_median_amo2, 9_lag_22_median_nhSICsep, 11_lag_shSICmar, 23_lag_stratZ50ndj02, 9_lag_28_median_stratZ50ndj02, 9_lag_24_median_nhSICjfm, 18_lag_stratZ50ndj01, 28_lag_amo3, 18_lag_scpPSLjfm, 28_lag_shSICmar, 9_lag_AMOCann, 11_lag_amoSSTjfm, 25_lag_eapPSLjfm, 14_lag_nppc2SSTjfm, 9_lag_13_median_stratZ50ndj04, 15_lag_atlSICjfm, 14_lag_eapPSLjfm, 13_lag_eapPSLjfm, 11_lag_amoSSTmjjaso, 18_lag_AMOCann, 25_lag_nhSICjfm, 19_lag_nhSICsep, 9_lag_22_median_stratZ50ndj01, 9_lag_12_median_amo2_819_9"
LinearRegression,15,30,shSICmar,picntrl,1081.5,2050.5,0.4,30,10,10,15.463011295209574,0.0390552947867452,819,"['10_lag_13_median_stratZ50ndj01', '10_lag_13_median_amoSSTjfm', '29_lag_shSICsep', '13_lag_nhSICjfm', '23_lag_amo3', '10_lag_16_median_amo2', '10_lag_14_median_shSICmar', '17_lag_naoPSLjfm', '20_lag_amoSSTmjjaso', '27_lag_shSICsep', '27_lag_eapPSLjfm', '19_lag_nhSICsep', '12_lag_amo2', '22_lag_nhSICjfm', '13_lag_nhSICsep', '25_lag_eapPSLjfm', '13_lag_nppc2SSTjfm', '27_lag_nhSICjfm', '18_lag_AMOCann', '10_lag_16_median_atlSICjfm', '20_lag_nhSICsep', '15_lag_atlSICjfm', '20_lag_nhSICjfm', '10_lag_15_median_atlSICjfm', '10_lag_14_median_stratZ50ndj02', '23_lag_stratZ50ndj02', '13_lag_eapPSLjfm', '10_lag_18_median_atlSICjfm', '10_lag_17_median_atlSICjfm', '10_lag_13_median_stratZ50ndj04']","[0.10320835477389644, 0.06586398985750136, 0.18097951408182256, 0.17887629948500228, 0.04944128042432769, 0.14623822713169699, 0.12760427157232834, 0.02408300452154072, 0.03363595491970306, 0.05778728589169479, 0.008140092096123997, 0.17284298351716668, 0.06611897903841009, 0.011244151882391192, 0.22936436075144648, 0.12128393795501405, 0.05300671197473762, 0.08001402556127299, 0.03873042999607402, 0.38115265636957735, 0.0261253998334171, 0.04085299603297852, 0.13410842636668802, 0.28234321296474396, 0.28351082250216336, 0.09267957285425768, 0.02713049652414268, 0.34599700126628086, 0.39093061558426895, 0.18517382191490192]","10_lag_13_median_stratZ50ndj01, 10_lag_13_median_amoSSTjfm, 29_lag_shSICsep, 13_lag_nhSICjfm, 23_lag_amo3, 10_lag_16_median_amo2, 10_lag_14_median_shSICmar, 17_lag_naoPSLjfm, 20_lag_amoSSTmjjaso, 27_lag_shSICsep, 27_lag_eapPSLjfm, 19_lag_nhSICsep, 12_lag_amo2, 22_lag_nhSICjfm, 13_lag_nhSICsep, 25_lag_eapPSLjfm, 13_lag_nppc2SSTjfm, 27_lag_nhSICjfm, 18_lag_AMOCann, 10_lag_16_median_atlSICjfm, 20_lag_nhSICsep, 15_lag_atlSICjfm, 20_lag_nhSICjfm, 10_lag_15_median_atlSICjfm, 10_lag_14_median_stratZ50ndj02, 23_lag_stratZ50ndj02, 13_lag_eapPSLjfm, 10_lag_18_median_atlSICjfm, 10_lag_17_median_atlSICjfm, 10_lag_13_median_stratZ50ndj04_819_10"
LinearRegression,16,30,shSICmar,picntrl,1082.5,2050.5,0.4,31,11,11,14.27237054558627,0.08540483206225545,819,"['11_lag_14_median_nppc2SSTjfm', '11_lag_22_median_stratZ50ndj01', '19_lag_nhSICjfm', '29_lag_amo2', '18_lag_nhSICjfm', '27_lag_AMOCann', '29_lag_nhSICjfm', '25_lag_eapPSLjfm', '15_lag_scpPSLjfm', '16_lag_stratZ50ndj04', '11_lag_15_median_nhSICjfm', '11_lag_18_median_amoSSTjfm', '11_lag_14_median_eurPSLjfm', '13_lag_nhSICjfm', '23_lag_AMOCann', '13_lag_eapPSLjfm', '11_lag_16_median_shSICsep', '15_lag_shSICsep', '26_lag_stratZ50ndj04', '11_lag_14_median_stratZ50ndj02', '25_lag_nhSICjfm', '11_lag_16_median_atlSICjfm', '11_lag_14_median_shSICsep', '23_lag_stratZ50ndj02', '11_lag_16_median_amo2', '25_lag_shSICsep', '19_lag_nhSICsep', '11_lag_16_median_amo1', '30_lag_amo3', '15_lag_atlSICjfm']","[0.03752156495972428, 0.12305429686476414, 0.1460430169942772, 0.035414775829326825, 0.09521568522420201, 0.10232038055947254, 0.06638213724904303, 0.0961447834183059, 0.07833238493168278, 0.03788956523574468, 0.1938438550053562, 0.22165344550581995, 0.17324275269901548, 0.013035283634205861, 0.12583196467423327, 0.045299227135536066, 0.001268381274532477, 0.12198594064942297, 0.07695857017746985, 0.2479266911529304, 0.015841188312986434, 0.012711986022637525, 0.13162911829380813, 0.08329639892586987, 0.03995110630492786, 0.07472961584427426, 0.22341356371807602, 0.16449328198621377, 0.11012096211706622, 0.06547233093795465]","11_lag_14_median_nppc2SSTjfm, 11_lag_22_median_stratZ50ndj01, 19_lag_nhSICjfm, 29_lag_amo2, 18_lag_nhSICjfm, 27_lag_AMOCann, 29_lag_nhSICjfm, 25_lag_eapPSLjfm, 15_lag_scpPSLjfm, 16_lag_stratZ50ndj04, 11_lag_15_median_nhSICjfm, 11_lag_18_median_amoSSTjfm, 11_lag_14_median_eurPSLjfm, 13_lag_nhSICjfm, 23_lag_AMOCann, 13_lag_eapPSLjfm, 11_lag_16_median_shSICsep, 15_lag_shSICsep, 26_lag_stratZ50ndj04, 11_lag_14_median_stratZ50ndj02, 25_lag_nhSICjfm, 11_lag_16_median_atlSICjfm, 11_lag_14_median_shSICsep, 23_lag_stratZ50ndj02, 11_lag_16_median_amo2, 25_lag_shSICsep, 19_lag_nhSICsep, 11_lag_16_median_amo1, 30_lag_amo3, 15_lag_atlSICjfm_819_11"
LinearRegression,17,30,shSICmar,picntrl,1083.5,2050.5,0.4,32,12,12,14.660114632618837,0.0006332151500522745,819,"['12_lag_eapPSLjfm', '26_lag_eapPSLjfm', '29_lag_amo2', '23_lag_amo3', '12_lag_amo2', '25_lag_shSICsep', '26_lag_stratZ50ndj04', '26_lag_atlSICsep', '19_lag_nhSICjfm', '12_lag_17_median_stratZ50ndj03', '29_lag_nhSICjfm', '26_lag_amoSSTmjjaso', '12_lag_23_median_amoSSTjfm', '25_lag_stratZ50ndj04', '12_lag_17_median_stratZ50ndj01', '12_lag_19_median_eurPSLjfm', '12_lag_19_median_AMOCann', '28_lag_naoPSLjfm', '19_lag_nhSICsep', '22_lag_atlSICjfm', '30_lag_amo3', '15_lag_atlSICjfm', '12_lag_17_median_stratZ50ndj02', '16_lag_stratZ50ndj04', '12_lag_16_median_shSICsep', '15_lag_shSICsep', '30_lag_eurPSLjfm', '12_lag_15_median_nppc2SSTjfm', '23_lag_stratZ50ndj02', '12_lag_17_median_naoPSLjfm']","[0.05466587999455671, 0.04192834726964213, 0.05970698438850498, 0.020688200199063134, 0.025350258244925847, 0.06082846676761363, 0.06156260099043577, 0.08308546575755658, 0.07787253331401454, 0.14109772230964265, 0.03635622266250827, 0.05237311295995018, 0.010712862620751733, 0.07135797761393102, 0.04186841670632108, 0.0720340676112899, 0.0018883419186300782, 0.07201608572176188, 0.20281253032628246, 0.05671494033039325, 0.1232694981429471, 0.05830950959258614, 0.13932149419893874, 0.029934346410467657, 0.1336521774936512, 0.21145731995816058, 0.0546349716795939, 0.0976943040042153, 0.07417091778430389, 0.02088535063880571]","12_lag_eapPSLjfm, 26_lag_eapPSLjfm, 29_lag_amo2, 23_lag_amo3, 12_lag_amo2, 25_lag_shSICsep, 26_lag_stratZ50ndj04, 26_lag_atlSICsep, 19_lag_nhSICjfm, 12_lag_17_median_stratZ50ndj03, 29_lag_nhSICjfm, 26_lag_amoSSTmjjaso, 12_lag_23_median_amoSSTjfm, 25_lag_stratZ50ndj04, 12_lag_17_median_stratZ50ndj01, 12_lag_19_median_eurPSLjfm, 12_lag_19_median_AMOCann, 28_lag_naoPSLjfm, 19_lag_nhSICsep, 22_lag_atlSICjfm, 30_lag_amo3, 15_lag_atlSICjfm, 12_lag_17_median_stratZ50ndj02, 16_lag_stratZ50ndj04, 12_lag_16_median_shSICsep, 15_lag_shSICsep, 30_lag_eurPSLjfm, 12_lag_15_median_nppc2SSTjfm, 23_lag_stratZ50ndj02, 12_lag_17_median_naoPSLjfm_819_12"
LinearRegression,18,30,shSICmar,picntrl,1084.5,2050.5,0.4,33,13,13,15.344546438693772,-0.04708977591243064,819,"['16_lag_stratZ50ndj04', '13_lag_atlSICjfm', '13_lag_nhSICsep', '26_lag_atlSICsep', '13_lag_26_median_amo1', '29_lag_nppc2SSTjfm', '23_lag_stratZ50ndj04', '32_lag_stratZ50ndj03', '13_lag_30_median_shSICmar', '28_lag_nhSICjfm', '13_lag_30_median_amoSSTmjjaso', '23_lag_stratZ50ndj02', '25_lag_eapPSLjfm', '13_lag_16_median_amo2', '23_lag_nppc2SSTjfm', '13_lag_31_median_amoSSTmjjaso', '13_lag_20_median_nhSICjfm', '13_lag_24_median_stratZ50ndj01', '24_lag_stratZ50ndj04', '32_lag_nhSICjfm', '18_lag_amo2', '32_lag_nhSICsep', '30_lag_eurPSLjfm', '23_lag_AMOCann', '13_lag_32_median_amo3', '28_lag_naoPSLjfm', '29_lag_nhSICjfm', '13_lag_24_median_stratZ50ndj02', '13_lag_18_median_atlSICjfm', '25_lag_stratZ50ndj04']","[0.03989892463591043, 0.004610417027860664, 0.043506070045370604, 0.04790398253342255, 0.3606995096861848, 0.12125276430741479, 0.11157524314690116, 0.01351798576756123, 0.17080232854691843, 0.005446003960262646, 0.574971341727108, 0.06392553837595875, 0.11014353304441561, 0.10940637277788638, 0.03333735247744744, 0.962414121103009, 0.13168031405130737, 0.09180255151028698, 0.08889656117678857, 0.19236044712862257, 0.06337489441719231, 0.1322136588695108, 0.06553115666509586, 0.0893270226362371, 0.13562404014452395, 0.06445619209877167, 0.027014131192165176, 0.2782069033693112, 0.07001066015968137, 0.055797091245319105]","16_lag_stratZ50ndj04, 13_lag_atlSICjfm, 13_lag_nhSICsep, 26_lag_atlSICsep, 13_lag_26_median_amo1, 29_lag_nppc2SSTjfm, 23_lag_stratZ50ndj04, 32_lag_stratZ50ndj03, 13_lag_30_median_shSICmar, 28_lag_nhSICjfm, 13_lag_30_median_amoSSTmjjaso, 23_lag_stratZ50ndj02, 25_lag_eapPSLjfm, 13_lag_16_median_amo2, 23_lag_nppc2SSTjfm, 13_lag_31_median_amoSSTmjjaso, 13_lag_20_median_nhSICjfm, 13_lag_24_median_stratZ50ndj01, 24_lag_stratZ50ndj04, 32_lag_nhSICjfm, 18_lag_amo2, 32_lag_nhSICsep, 30_lag_eurPSLjfm, 23_lag_AMOCann, 13_lag_32_median_amo3, 28_lag_naoPSLjfm, 29_lag_nhSICjfm, 13_lag_24_median_stratZ50ndj02, 13_lag_18_median_atlSICjfm, 25_lag_stratZ50ndj04_819_13"
LinearRegression,19,30,shSICmar,picntrl,1085.5,2050.5,0.4,34,14,14,16.271867928930842,-0.053273263298982326,819,"['29_lag_amo1', '22_lag_scpPSLjfm', '14_lag_19_median_nhSICsep', '14_lag_25_median_amo1', '20_lag_atlSICjfm', '14_lag_17_median_shSICmar', '14_lag_31_median_stratZ50ndj01', '14_lag_18_median_eurPSLjfm', '28_lag_nhSICjfm', '14_lag_17_median_amo1', '14_lag_24_median_stratZ50ndj04', '14_lag_29_median_shSICmar', '29_lag_amoSSTmjjaso', '27_lag_nhSICjfm', '14_lag_17_median_atlSICjfm', '29_lag_amo2', '19_lag_amo1', '14_lag_17_median_nppc2SSTjfm', '14_lag_19_median_atlSICsep', '28_lag_naoPSLjfm', '18_lag_naoPSLjfm', '14_lag_21_median_nhSICjfm', '24_lag_atlSICsep', '25_lag_AMOCann', '14_lag_29_median_stratZ50ndj01', '14_lag_27_median_stratZ50ndj02', '14_lag_31_median_amoSSTmjjaso', '14_lag_17_median_amoSSTjfm', '14_lag_21_median_shSICmar', '14_lag_17_median_stratZ50ndj04']","[0.14510378533998713, 0.05496947880985203, 0.09221383615357516, 0.5951508257071629, 0.025437680381641768, 0.14266991726467287, 0.5590781662881306, 0.15859966317945492, 0.011740787364098343, 0.03744437952925076, 0.25317177147244574, 0.13463720787530026, 0.04034902174459891, 0.05432280488263758, 0.07373901780794996, 0.05175196780251743, 0.008324619084456544, 0.16544975968688577, 0.31545986445003843, 0.09066208188419589, 0.017872559753358174, 0.10427966922736659, 0.08651748268053837, 0.028239567375974932, 0.8254594191686633, 0.16537620592982682, 0.3115006539450574, 0.21108422716270325, 0.0030650887257835926, 0.004347599937105602]","29_lag_amo1, 22_lag_scpPSLjfm, 14_lag_19_median_nhSICsep, 14_lag_25_median_amo1, 20_lag_atlSICjfm, 14_lag_17_median_shSICmar, 14_lag_31_median_stratZ50ndj01, 14_lag_18_median_eurPSLjfm, 28_lag_nhSICjfm, 14_lag_17_median_amo1, 14_lag_24_median_stratZ50ndj04, 14_lag_29_median_shSICmar, 29_lag_amoSSTmjjaso, 27_lag_nhSICjfm, 14_lag_17_median_atlSICjfm, 29_lag_amo2, 19_lag_amo1, 14_lag_17_median_nppc2SSTjfm, 14_lag_19_median_atlSICsep, 28_lag_naoPSLjfm, 18_lag_naoPSLjfm, 14_lag_21_median_nhSICjfm, 24_lag_atlSICsep, 25_lag_AMOCann, 14_lag_29_median_stratZ50ndj01, 14_lag_27_median_stratZ50ndj02, 14_lag_31_median_amoSSTmjjaso, 14_lag_17_median_amoSSTjfm, 14_lag_21_median_shSICmar, 14_lag_17_median_stratZ50ndj04_819_14"
LinearRegression,20,30,shSICmar,picntrl,1086.5,2050.5,0.4,35,15,15,16.110434391673216,0.009423225533152484,819,"['15_lag_20_median_nhSICjfm', '32_lag_nhSICjfm', '29_lag_nhSICjfm', '33_lag_shSICsep', '31_lag_stratZ50ndj03', '32_lag_shSICsep', '15_lag_30_median_scpPSLjfm', '15_lag_22_median_eurPSLjfm', '15_lag_18_median_shSICsep', '23_lag_nppc2SSTjfm', '15_lag_20_median_nppc2SSTjfm', '15_lag_26_median_scpPSLjfm', '28_lag_naoPSLjfm', '15_lag_19_median_atlSICjfm', '30_lag_amo3', '31_lag_shSICsep', '15_lag_19_median_amo3', '22_lag_stratZ50ndj02', '15_lag_28_median_shSICmar', '15_lag_20_median_stratZ50ndj01', '15_lag_32_median_eurPSLjfm', '28_lag_nhSICjfm', '15_lag_18_median_stratZ50ndj04', '27_lag_nhSICjfm', '18_lag_stratZ50ndj04', '15_lag_24_median_eapPSLjfm', '15_lag_28_median_nppc2SSTjfm', '15_lag_20_median_amo1', '15_lag_AMOCann', '22_lag_AMOCann']","[0.07138613528152879, 0.008293626760512315, 0.07966152307529081, 0.05160050957814793, 0.07518476675780783, 0.0731022343812429, 0.882004519409889, 0.169796250672134, 0.13462680009269762, 0.08272162701908516, 0.10028568524154749, 0.36973544678089454, 0.04576154249725208, 0.07686247138493235, 0.14587605241561377, 0.08061863372700176, 0.2993415078177965, 0.04399676512313303, 0.069058371986626, 0.17398292846179292, 0.5423403347324443, 0.0648635984608234, 0.0211063763833457, 0.15690555807019865, 0.009657198128801184, 0.15318948128070495, 0.19611564695942468, 0.04868651298751068, 0.16267033108674234, 0.17261477495329983]","15_lag_20_median_nhSICjfm, 32_lag_nhSICjfm, 29_lag_nhSICjfm, 33_lag_shSICsep, 31_lag_stratZ50ndj03, 32_lag_shSICsep, 15_lag_30_median_scpPSLjfm, 15_lag_22_median_eurPSLjfm, 15_lag_18_median_shSICsep, 23_lag_nppc2SSTjfm, 15_lag_20_median_nppc2SSTjfm, 15_lag_26_median_scpPSLjfm, 28_lag_naoPSLjfm, 15_lag_19_median_atlSICjfm, 30_lag_amo3, 31_lag_shSICsep, 15_lag_19_median_amo3, 22_lag_stratZ50ndj02, 15_lag_28_median_shSICmar, 15_lag_20_median_stratZ50ndj01, 15_lag_32_median_eurPSLjfm, 28_lag_nhSICjfm, 15_lag_18_median_stratZ50ndj04, 27_lag_nhSICjfm, 18_lag_stratZ50ndj04, 15_lag_24_median_eapPSLjfm, 15_lag_28_median_nppc2SSTjfm, 15_lag_20_median_amo1, 15_lag_AMOCann, 22_lag_AMOCann_819_15"
LinearRegression,21,30,shSICmar,picntrl,1087.5,2050.5,0.4,36,16,16,15.26681739494098,-0.10670947839425635,819,"['16_lag_27_median_stratZ50ndj01', '19_lag_AMOCann', '27_lag_amoSSTjfm', '16_lag_21_median_nppc2SSTjfm', '25_lag_stratZ50ndj04', '16_lag_19_median_eurPSLjfm', '16_lag_23_median_stratZ50ndj02', '23_lag_nhSICjfm', '33_lag_nppc2SSTjfm', '35_lag_AMOCann', '16_lag_29_median_stratZ50ndj01', '25_lag_shSICsep', '24_lag_amoSSTmjjaso', '24_lag_nhSICjfm', '31_lag_amoSSTmjjaso', '16_lag_19_median_AMOCann', '22_lag_atlSICjfm', '30_lag_eurPSLjfm', '16_lag_21_median_stratZ50ndj01', '16_lag_25_median_nppc2SSTjfm', '16_lag_20_median_stratZ50ndj02', '16_lag_23_median_amoSSTmjjaso', '31_lag_nppc2SSTjfm', '27_lag_atlSICjfm', '16_lag_19_median_stratZ50ndj01', '16_lag_21_median_atlSICsep', '16_lag_19_median_amo3', '16_lag_19_median_amoSSTjfm', '21_lag_AMOCann', '16_lag_19_median_amo2']","[0.0193842115158576, 0.012337387414637649, 0.042482856477360505, 0.0020014469574163455, 0.0735278188004127, 0.013158966449200716, 0.03733485684643863, 0.02340686242309649, 0.00907739342121035, 0.06986202069903812, 0.2177622235531404, 0.03100265051434294, 0.008464414176822975, 0.04029274383628587, 0.010636556909017093, 0.1494404615192076, 0.05951855743129556, 0.07197993121521011, 0.1707580551092458, 0.19865495240686404, 0.012722817077795422, 0.08236170359303857, 0.0766166884275862, 0.012584604496471832, 0.16022737539604015, 0.19694993260441404, 0.10701598068783556, 0.014549361236167985, 0.12115465976787324, 0.00013041866499110578]","16_lag_27_median_stratZ50ndj01, 19_lag_AMOCann, 27_lag_amoSSTjfm, 16_lag_21_median_nppc2SSTjfm, 25_lag_stratZ50ndj04, 16_lag_19_median_eurPSLjfm, 16_lag_23_median_stratZ50ndj02, 23_lag_nhSICjfm, 33_lag_nppc2SSTjfm, 35_lag_AMOCann, 16_lag_29_median_stratZ50ndj01, 25_lag_shSICsep, 24_lag_amoSSTmjjaso, 24_lag_nhSICjfm, 31_lag_amoSSTmjjaso, 16_lag_19_median_AMOCann, 22_lag_atlSICjfm, 30_lag_eurPSLjfm, 16_lag_21_median_stratZ50ndj01, 16_lag_25_median_nppc2SSTjfm, 16_lag_20_median_stratZ50ndj02, 16_lag_23_median_amoSSTmjjaso, 31_lag_nppc2SSTjfm, 27_lag_atlSICjfm, 16_lag_19_median_stratZ50ndj01, 16_lag_21_median_atlSICsep, 16_lag_19_median_amo3, 16_lag_19_median_amoSSTjfm, 21_lag_AMOCann, 16_lag_19_median_amo2_819_16"
LinearRegression,22,30,shSICmar,picntrl,1088.5,2050.5,0.4,37,17,17,15.758653116543657,-0.08744664581831166,819,"['27_lag_atlSICjfm', '20_lag_stratZ50ndj04', '17_lag_21_median_naoPSLjfm', '28_lag_nhSICjfm', '17_lag_24_median_stratZ50ndj01', '20_lag_eapPSLjfm', '31_lag_shSICsep', '30_lag_eurPSLjfm', '29_lag_amo1', '17_lag_24_median_atlSICjfm', '17_lag_22_median_atlSICsep', '20_lag_AMOCann', '29_lag_amo2', '31_lag_amoSSTmjjaso', '17_lag_21_median_stratZ50ndj02', '21_lag_stratZ50ndj02', '31_lag_nppc2SSTjfm', '29_lag_atlSICjfm', '19_lag_shSICmar', '29_lag_amoSSTmjjaso', '33_lag_nppc2SSTjfm', '17_lag_22_median_amoSSTmjjaso', '25_lag_shSICsep', '17_lag_28_median_stratZ50ndj01', '32_lag_amo3', '17_lag_24_median_amoSSTmjjaso', '17_lag_22_median_stratZ50ndj02', '17_lag_22_median_eurPSLjfm', '17_lag_20_median_stratZ50ndj02', '22_lag_atlSICjfm']","[0.06141512156098937, 0.03783244478673456, 0.0820200490124573, 0.01978914585750882, 0.12198346603222848, 0.025204493230329396, 0.11206596398136434, 0.04166462457119397, 0.16021273734610275, 0.031044850283712032, 0.32790910340156354, 0.03155552190222918, 0.09501309831779765, 0.031026402574345545, 0.20812581250409146, 0.1386879607144641, 0.05896014643123788, 0.12894963506886664, 0.053287671308619944, 0.08387579641585775, 0.018929206139633597, 0.052985208700483226, 0.038658040309106564, 0.10514233307314684, 0.024892623905544895, 0.08615885074655563, 0.17421741563808474, 0.18954081027658565, 0.2530090440137376, 0.08878151566578132]","27_lag_atlSICjfm, 20_lag_stratZ50ndj04, 17_lag_21_median_naoPSLjfm, 28_lag_nhSICjfm, 17_lag_24_median_stratZ50ndj01, 20_lag_eapPSLjfm, 31_lag_shSICsep, 30_lag_eurPSLjfm, 29_lag_amo1, 17_lag_24_median_atlSICjfm, 17_lag_22_median_atlSICsep, 20_lag_AMOCann, 29_lag_amo2, 31_lag_amoSSTmjjaso, 17_lag_21_median_stratZ50ndj02, 21_lag_stratZ50ndj02, 31_lag_nppc2SSTjfm, 29_lag_atlSICjfm, 19_lag_shSICmar, 29_lag_amoSSTmjjaso, 33_lag_nppc2SSTjfm, 17_lag_22_median_amoSSTmjjaso, 25_lag_shSICsep, 17_lag_28_median_stratZ50ndj01, 32_lag_amo3, 17_lag_24_median_amoSSTmjjaso, 17_lag_22_median_stratZ50ndj02, 17_lag_22_median_eurPSLjfm, 17_lag_20_median_stratZ50ndj02, 22_lag_atlSICjfm_819_17"
LinearRegression,23,30,shSICmar,picntrl,1089.5,2050.5,0.4,38,18,18,14.82077859183173,0.009087411494667809,819,"['36_lag_atlSICsep', '29_lag_amoSSTmjjaso', '23_lag_scpPSLjfm', '25_lag_eurPSLjfm', '25_lag_amoSSTmjjaso', '18_lag_atlSICjfm', '18_lag_22_median_nppc2SSTjfm', '25_lag_shSICsep', '18_lag_27_median_nppc2SSTjfm', '31_lag_amo1', '28_lag_nhSICjfm', '24_lag_amo2', '30_lag_stratZ50ndj03', '33_lag_nppc2SSTjfm', '28_lag_shSICsep', '18_lag_33_median_scpPSLjfm', '35_lag_AMOCann', '18_lag_21_median_stratZ50ndj02', '18_lag_nppc2SSTjfm', '31_lag_nppc2SSTjfm', '29_lag_amo2', '18_lag_23_median_atlSICjfm', '18_lag_22_median_eurPSLjfm', '22_lag_atlSICjfm', '36_lag_nppc2SSTjfm', '18_lag_23_median_AMOCann', '34_lag_amoSSTmjjaso', '18_lag_21_median_stratZ50ndj03', '18_lag_21_median_scpPSLjfm', '18_lag_23_median_stratZ50ndj01']","[0.09838827004644549, 0.01573549945448746, 0.052072431400376956, 0.08115257828596259, 0.0601564191161699, 0.007479849445619994, 0.1648091750367366, 0.047792710378785845, 0.003515099134902027, 0.010655898459921206, 0.005669419048696453, 0.06458842767654892, 0.08306461249929484, 0.03933177256039628, 0.029943173600928054, 0.4178523371744034, 0.033285296011173214, 0.07580914875895728, 0.0430523649038502, 0.02145060959794899, 0.07311798658912075, 0.232554417422264, 0.12677921611149356, 0.005856173336862109, 0.03230610873599995, 0.1418606133283414, 0.07222113861758075, 0.008778565460022224, 0.03308598015967555, 0.034138201319988654]","36_lag_atlSICsep, 29_lag_amoSSTmjjaso, 23_lag_scpPSLjfm, 25_lag_eurPSLjfm, 25_lag_amoSSTmjjaso, 18_lag_atlSICjfm, 18_lag_22_median_nppc2SSTjfm, 25_lag_shSICsep, 18_lag_27_median_nppc2SSTjfm, 31_lag_amo1, 28_lag_nhSICjfm, 24_lag_amo2, 30_lag_stratZ50ndj03, 33_lag_nppc2SSTjfm, 28_lag_shSICsep, 18_lag_33_median_scpPSLjfm, 35_lag_AMOCann, 18_lag_21_median_stratZ50ndj02, 18_lag_nppc2SSTjfm, 31_lag_nppc2SSTjfm, 29_lag_amo2, 18_lag_23_median_atlSICjfm, 18_lag_22_median_eurPSLjfm, 22_lag_atlSICjfm, 36_lag_nppc2SSTjfm, 18_lag_23_median_AMOCann, 34_lag_amoSSTmjjaso, 18_lag_21_median_stratZ50ndj03, 18_lag_21_median_scpPSLjfm, 18_lag_23_median_stratZ50ndj01_819_18"
LinearRegression,24,30,shSICmar,picntrl,1090.5,2050.5,0.4,39,19,19,15.715263425909342,-0.03539401512540045,819,"['19_lag_36_median_amo1', '22_lag_amoSSTmjjaso', '19_lag_26_median_AMOCann', '35_lag_amo2', '19_lag_34_median_naoPSLjfm', '35_lag_AMOCann', '31_lag_nppc2SSTjfm', '30_lag_scpPSLjfm', '19_lag_30_median_stratZ50ndj01', '22_lag_atlSICjfm', '25_lag_scpPSLjfm', '24_lag_atlSICsep', '19_lag_26_median_nhSICjfm', '28_lag_nhSICjfm', '34_lag_amoSSTmjjaso', '19_lag_28_median_amo2', '19_lag_shSICmar', '28_lag_AMOCann', '36_lag_atlSICsep', '29_lag_amo2', '19_lag_22_median_AMOCann', '31_lag_shSICsep', '19_lag_22_median_eurPSLjfm', '29_lag_amo1', '19_lag_23_median_eurPSLjfm', '29_lag_amo3', '22_lag_scpPSLjfm', '19_lag_26_median_stratZ50ndj01', '19_lag_22_median_nppc2SSTjfm', '19_lag_24_median_stratZ50ndj02']","[0.3505026917365052, 0.025290397598933548, 0.15702797955718417, 0.00044273647852341805, 0.054813525951844924, 0.025556738946688664, 0.027896814937353, 0.055087791346087635, 0.08197713988928515, 0.1220557806573141, 0.09323558777709534, 0.07170705765263087, 0.1165705935914316, 0.0035794004931612756, 0.0472399922731347, 0.015581680120581563, 0.021631149611039274, 0.11987613137200419, 0.13532976976828878, 0.07974300995482803, 0.007598279129504226, 0.08705393907898143, 0.1048737646586627, 0.07185074108612002, 0.16828661441083256, 0.02847642775313275, 0.12278366787107495, 0.22891905961425532, 0.12829732441733488, 0.06304360974952682]","19_lag_36_median_amo1, 22_lag_amoSSTmjjaso, 19_lag_26_median_AMOCann, 35_lag_amo2, 19_lag_34_median_naoPSLjfm, 35_lag_AMOCann, 31_lag_nppc2SSTjfm, 30_lag_scpPSLjfm, 19_lag_30_median_stratZ50ndj01, 22_lag_atlSICjfm, 25_lag_scpPSLjfm, 24_lag_atlSICsep, 19_lag_26_median_nhSICjfm, 28_lag_nhSICjfm, 34_lag_amoSSTmjjaso, 19_lag_28_median_amo2, 19_lag_shSICmar, 28_lag_AMOCann, 36_lag_atlSICsep, 29_lag_amo2, 19_lag_22_median_AMOCann, 31_lag_shSICsep, 19_lag_22_median_eurPSLjfm, 29_lag_amo1, 19_lag_23_median_eurPSLjfm, 29_lag_amo3, 22_lag_scpPSLjfm, 19_lag_26_median_stratZ50ndj01, 19_lag_22_median_nppc2SSTjfm, 19_lag_24_median_stratZ50ndj02_819_19"
LinearRegression,25,30,shSICmar,picntrl,1091.5,2050.5,0.4,40,20,20,14.912346044473132,0.015808993012269866,819,"['20_lag_24_median_amo3', '23_lag_AMOCann', '20_lag_25_median_eurPSLjfm', '33_lag_nppc2SSTjfm', '35_lag_amo2', '26_lag_AMOCann', '20_lag_28_median_nppc2SSTjfm', '28_lag_nppc2SSTjfm', '35_lag_shSICsep', '30_lag_shSICsep', '33_lag_shSICsep', '27_lag_atlSICjfm', '22_lag_amoSSTmjjaso', '20_lag_24_median_amoSSTmjjaso', '31_lag_nppc2SSTjfm', '29_lag_amo2', '37_lag_shSICsep', '20_lag_27_median_nhSICsep', '20_lag_25_median_stratZ50ndj01', '20_lag_26_median_amoSSTjfm', '22_lag_AMOCann', '39_lag_eurPSLjfm', '38_lag_eurPSLjfm', '20_lag_25_median_shSICsep', '31_lag_amo2', '36_lag_atlSICsep', '29_lag_amo3', '29_lag_amo1', '20_lag_29_median_amo2', '35_lag_AMOCann']","[0.0683152479301978, 0.04583573670769693, 0.08101575893813058, 0.020613501598947096, 0.05895205359815961, 0.07761484386335658, 0.038414036408217014, 0.06146086515988516, 0.1162649454383398, 0.11482356755200467, 0.030066156091197633, 0.0916526101876218, 0.008341241086139598, 0.003331266181596244, 0.028760376523410753, 0.040776410114285254, 0.09497186678063196, 0.04644528274324531, 0.07815336562217391, 0.08365145710742126, 0.05128210615260382, 0.053336910143787095, 0.10981341641139877, 0.06293409561142639, 0.002204082642359658, 0.08301462142700888, 0.05666428122137163, 0.07895606432804843, 0.11477762315367174, 0.05490534134485306]","20_lag_24_median_amo3, 23_lag_AMOCann, 20_lag_25_median_eurPSLjfm, 33_lag_nppc2SSTjfm, 35_lag_amo2, 26_lag_AMOCann, 20_lag_28_median_nppc2SSTjfm, 28_lag_nppc2SSTjfm, 35_lag_shSICsep, 30_lag_shSICsep, 33_lag_shSICsep, 27_lag_atlSICjfm, 22_lag_amoSSTmjjaso, 20_lag_24_median_amoSSTmjjaso, 31_lag_nppc2SSTjfm, 29_lag_amo2, 37_lag_shSICsep, 20_lag_27_median_nhSICsep, 20_lag_25_median_stratZ50ndj01, 20_lag_26_median_amoSSTjfm, 22_lag_AMOCann, 39_lag_eurPSLjfm, 38_lag_eurPSLjfm, 20_lag_25_median_shSICsep, 31_lag_amo2, 36_lag_atlSICsep, 29_lag_amo3, 29_lag_amo1, 20_lag_29_median_amo2, 35_lag_AMOCann_819_20"
LinearRegression,26,30,shSICmar,picntrl,1092.5,2050.5,0.4,41,21,21,14.566650244290912,0.012759419142233155,819,"['21_lag_26_median_shSICsep', '31_lag_nhSICjfm', '25_lag_amo3', '21_lag_25_median_amo3', '30_lag_shSICsep', '21_lag_25_median_stratZ50ndj01', '27_lag_amo2', '39_lag_eurPSLjfm', '36_lag_atlSICsep', '24_lag_AMOCann', '30_lag_eurPSLjfm', '31_lag_nppc2SSTjfm', '21_lag_36_median_scpPSLjfm', '21_lag_26_median_amo3', '21_lag_24_median_scpPSLjfm', '33_lag_nppc2SSTjfm', '21_lag_36_median_stratZ50ndj01', '28_lag_shSICsep', '30_lag_atlSICjfm', '21_lag_26_median_amo1', '33_lag_shSICsep', '21_lag_24_median_stratZ50ndj02', '38_lag_nppc2SSTjfm', '27_lag_stratZ50ndj02', '39_lag_AMOCann', '31_lag_amo2', '21_lag_27_median_amoSSTjfm', '29_lag_amo1', '29_lag_amo3', '21_lag_24_median_amoSSTjfm']","[0.06517516477549205, 0.09988291598425145, 0.06062502211069138, 0.07414331651963406, 0.10349897408889404, 0.039731591179556006, 0.02034533090612034, 0.05990651705034034, 0.11239708044873395, 0.08151553874342074, 0.02684124283190422, 0.05066791255963561, 0.39219556873686884, 0.06109047578076578, 0.010299177278886894, 0.025957199986180766, 0.1589775833224623, 0.06121103921972958, 0.0015914544473319484, 0.06762609732461375, 0.028427995270828857, 0.04440346595660107, 0.08332641589102172, 0.10987116215791483, 0.03570536944792707, 0.022182554494148844, 0.030954400622241356, 0.07921499785574763, 0.053056880177851776, 0.1228283243109426]","21_lag_26_median_shSICsep, 31_lag_nhSICjfm, 25_lag_amo3, 21_lag_25_median_amo3, 30_lag_shSICsep, 21_lag_25_median_stratZ50ndj01, 27_lag_amo2, 39_lag_eurPSLjfm, 36_lag_atlSICsep, 24_lag_AMOCann, 30_lag_eurPSLjfm, 31_lag_nppc2SSTjfm, 21_lag_36_median_scpPSLjfm, 21_lag_26_median_amo3, 21_lag_24_median_scpPSLjfm, 33_lag_nppc2SSTjfm, 21_lag_36_median_stratZ50ndj01, 28_lag_shSICsep, 30_lag_atlSICjfm, 21_lag_26_median_amo1, 33_lag_shSICsep, 21_lag_24_median_stratZ50ndj02, 38_lag_nppc2SSTjfm, 27_lag_stratZ50ndj02, 39_lag_AMOCann, 31_lag_amo2, 21_lag_27_median_amoSSTjfm, 29_lag_amo1, 29_lag_amo3, 21_lag_24_median_amoSSTjfm_819_21"
LinearRegression,27,30,shSICmar,picntrl,1093.5,2050.5,0.4,42,22,22,14.585968428484918,0.04931504234352798,819,"['22_lag_29_median_nhSICjfm', '22_lag_25_median_atlSICjfm', '22_lag_25_median_stratZ50ndj04', '28_lag_shSICsep', '32_lag_nppc2SSTjfm', '22_lag_25_median_shSICmar', '35_lag_AMOCann', '26_lag_stratZ50ndj03', '22_lag_27_median_amo1', '30_lag_eurPSLjfm', '25_lag_amo3', '32_lag_shSICsep', '38_lag_nppc2SSTjfm', '22_lag_25_median_scpPSLjfm', '40_lag_amo2', '41_lag_nhSICsep', '22_lag_29_median_amo1', '22_lag_25_median_amoSSTjfm', '27_lag_stratZ50ndj02', '22_lag_25_median_shSICsep', '30_lag_atlSICjfm', '29_lag_amo1', '29_lag_amo3', '39_lag_AMOCann', '22_lag_25_median_amo2', '34_lag_stratZ50ndj04', '22_lag_29_median_amo3', '22_lag_29_median_eurPSLjfm', '22_lag_26_median_amo3', '22_lag_33_median_scpPSLjfm']","[0.07687882712394885, 0.055079933938603755, 0.17222255659079086, 0.0052878158087246606, 0.0004694945638649007, 0.09211330448383594, 0.03657134630496323, 0.09672320905132381, 0.008221480900028557, 0.06744676561099454, 0.009518812630603784, 0.0006519241760535735, 0.10594580871756788, 0.0020084229807321983, 0.06893615725303581, 0.12130174010955123, 0.01387600463939209, 0.1451274075169215, 0.094584428805763, 0.01158497647615477, 0.00895010804481256, 0.11286480823417278, 0.05103090071240575, 0.07908930686539616, 0.06747943556945205, 0.10492260137911774, 0.39549436544019095, 0.249664104256366, 0.3156733054043479, 0.29320180436369775]","22_lag_29_median_nhSICjfm, 22_lag_25_median_atlSICjfm, 22_lag_25_median_stratZ50ndj04, 28_lag_shSICsep, 32_lag_nppc2SSTjfm, 22_lag_25_median_shSICmar, 35_lag_AMOCann, 26_lag_stratZ50ndj03, 22_lag_27_median_amo1, 30_lag_eurPSLjfm, 25_lag_amo3, 32_lag_shSICsep, 38_lag_nppc2SSTjfm, 22_lag_25_median_scpPSLjfm, 40_lag_amo2, 41_lag_nhSICsep, 22_lag_29_median_amo1, 22_lag_25_median_amoSSTjfm, 27_lag_stratZ50ndj02, 22_lag_25_median_shSICsep, 30_lag_atlSICjfm, 29_lag_amo1, 29_lag_amo3, 39_lag_AMOCann, 22_lag_25_median_amo2, 34_lag_stratZ50ndj04, 22_lag_29_median_amo3, 22_lag_29_median_eurPSLjfm, 22_lag_26_median_amo3, 22_lag_33_median_scpPSLjfm_819_22"
LinearRegression,28,30,shSICmar,picntrl,1094.5,2050.5,0.4,43,23,23,15.681959175604817,-0.0913906296809436,819,"['23_lag_29_median_amo1', '23_lag_36_median_naoPSLjfm', '23_lag_34_median_amoSSTjfm', '28_lag_shSICsep', '23_lag_31_median_scpPSLjfm', '40_lag_nppc2SSTjfm', '28_lag_naoPSLjfm', '35_lag_AMOCann', '31_lag_nhSICjfm', '41_lag_amoSSTmjjaso', '42_lag_eurPSLjfm', '25_lag_nhSICsep', '23_lag_32_median_amoSSTjfm', '32_lag_nppc2SSTjfm', '35_lag_stratZ50ndj02', '23_lag_28_median_amo3', '23_lag_30_median_amoSSTjfm', '23_lag_26_median_stratZ50ndj01', '29_lag_amo1', '39_lag_AMOCann', '42_lag_stratZ50ndj03', '23_lag_28_median_nhSICjfm', '23_lag_28_median_eapPSLjfm', '23_lag_30_median_amo3', '23_lag_29_median_eapPSLjfm', '38_lag_nppc2SSTjfm', '23_lag_33_median_scpPSLjfm', '23_lag_26_median_amoSSTjfm', '27_lag_stratZ50ndj02', '23_lag_26_median_amo2']","[0.18507865331956472, 0.11256498335070665, 0.23259619162432307, 0.0045554573870155955, 0.19206408969021604, 0.08389936329780115, 0.05798145503055718, 0.04435772475887875, 0.08791688354943815, 0.0954300873800335, 0.046974961627173184, 0.11734746058741453, 0.0999789130809038, 0.00469501690068397, 0.07541806908392494, 0.02586024242752813, 0.6526018109618945, 0.048275110763425784, 0.12413220562327297, 0.048369014452862416, 0.10435927227057534, 0.2541218364307716, 0.4209119153073912, 0.3798078521293885, 0.47588800788682556, 0.07192291602401772, 0.36319819265502795, 0.15074539442174764, 0.13198823126271794, 0.02105113081900032]","23_lag_29_median_amo1, 23_lag_36_median_naoPSLjfm, 23_lag_34_median_amoSSTjfm, 28_lag_shSICsep, 23_lag_31_median_scpPSLjfm, 40_lag_nppc2SSTjfm, 28_lag_naoPSLjfm, 35_lag_AMOCann, 31_lag_nhSICjfm, 41_lag_amoSSTmjjaso, 42_lag_eurPSLjfm, 25_lag_nhSICsep, 23_lag_32_median_amoSSTjfm, 32_lag_nppc2SSTjfm, 35_lag_stratZ50ndj02, 23_lag_28_median_amo3, 23_lag_30_median_amoSSTjfm, 23_lag_26_median_stratZ50ndj01, 29_lag_amo1, 39_lag_AMOCann, 42_lag_stratZ50ndj03, 23_lag_28_median_nhSICjfm, 23_lag_28_median_eapPSLjfm, 23_lag_30_median_amo3, 23_lag_29_median_eapPSLjfm, 38_lag_nppc2SSTjfm, 23_lag_33_median_scpPSLjfm, 23_lag_26_median_amoSSTjfm, 27_lag_stratZ50ndj02, 23_lag_26_median_amo2_819_23"
LinearRegression,29,30,shSICmar,picntrl,1095.5,2050.5,0.4,44,24,24,15.096619077888569,-0.008093705207217174,819,"['24_lag_28_median_nppc2SSTjfm', '40_lag_atlSICsep', '24_lag_27_median_nhSICjfm', '36_lag_atlSICsep', '39_lag_nppc2SSTjfm', '24_lag_29_median_amoSSTmjjaso', '24_lag_27_median_amo2', '28_lag_stratZ50ndj02', '24_lag_29_median_stratZ50ndj02', '35_lag_AMOCann', '35_lag_stratZ50ndj02', '24_lag_33_median_naoPSLjfm', '24_lag_27_median_amo3', '24_lag_31_median_amoSSTmjjaso', '24_lag_29_median_eapPSLjfm', '38_lag_amo1', '29_lag_amo3', '43_lag_AMOCann', '26_lag_AMOCann', '42_lag_nhSICjfm', '35_lag_shSICsep', '43_lag_nppc2SSTjfm', '39_lag_stratZ50ndj04', '38_lag_amo3', '24_lag_27_median_amoSSTjfm', '24_lag_35_median_nhSICjfm', '33_lag_nhSICjfm', '38_lag_nppc2SSTjfm', '27_lag_stratZ50ndj02', '40_lag_nppc2SSTjfm']","[0.22373856455931732, 0.05031192388443356, 0.09516978481580297, 0.12587121501384668, 0.05143955608735789, 0.12343171504868175, 0.05016624638260333, 0.07291913155119122, 0.14048163956779447, 0.06441493033665999, 0.0810789404783006, 0.08535551556623665, 0.03702654445926684, 0.11344030221257966, 0.0064766647023705454, 0.036350177914226046, 0.1124668343000148, 0.10621665640946773, 0.058714234858649704, 0.1176007186658902, 0.02519044771659871, 0.13079770897065696, 0.12804577169422376, 0.043417468070391325, 0.1299954132257802, 0.26131679142767605, 0.03911225989248454, 0.06956181675891497, 0.13395462473715358, 0.14763596285862332]","24_lag_28_median_nppc2SSTjfm, 40_lag_atlSICsep, 24_lag_27_median_nhSICjfm, 36_lag_atlSICsep, 39_lag_nppc2SSTjfm, 24_lag_29_median_amoSSTmjjaso, 24_lag_27_median_amo2, 28_lag_stratZ50ndj02, 24_lag_29_median_stratZ50ndj02, 35_lag_AMOCann, 35_lag_stratZ50ndj02, 24_lag_33_median_naoPSLjfm, 24_lag_27_median_amo3, 24_lag_31_median_amoSSTmjjaso, 24_lag_29_median_eapPSLjfm, 38_lag_amo1, 29_lag_amo3, 43_lag_AMOCann, 26_lag_AMOCann, 42_lag_nhSICjfm, 35_lag_shSICsep, 43_lag_nppc2SSTjfm, 39_lag_stratZ50ndj04, 38_lag_amo3, 24_lag_27_median_amoSSTjfm, 24_lag_35_median_nhSICjfm, 33_lag_nhSICjfm, 38_lag_nppc2SSTjfm, 27_lag_stratZ50ndj02, 40_lag_nppc2SSTjfm_819_24"
LinearRegression,30,30,shSICmar,picntrl,1096.5,2050.5,0.4,45,25,25,14.948859012758259,-0.02251106230733276,819,"['25_lag_33_median_atlSICjfm', '43_lag_AMOCann', '39_lag_nppc2SSTjfm', '35_lag_stratZ50ndj02', '29_lag_eurPSLjfm', '25_lag_30_median_nhSICsep', '30_lag_nppc2SSTjfm', '29_lag_atlSICjfm', '36_lag_shSICmar', '43_lag_nhSICsep', '29_lag_nhSICsep', '34_lag_atlSICjfm', '25_lag_37_median_nhSICsep', '36_lag_nppc2SSTjfm', '33_lag_stratZ50ndj01', '41_lag_naoPSLjfm', '33_lag_atlSICjfm', '25_lag_29_median_nhSICsep', '33_lag_shSICsep', '25_lag_28_median_stratZ50ndj02', '35_lag_shSICsep', '38_lag_amo3', '39_lag_stratZ50ndj04', '42_lag_eurPSLjfm', '25_lag_32_median_amo1', '44_lag_nhSICsep', '39_lag_AMOCann', '25_lag_28_median_nppc2SSTjfm', '25_lag_32_median_atlSICjfm', '25_lag_29_median_eapPSLjfm']","[0.5914249301995492, 0.08534791727970509, 0.06540090206217301, 0.055038615665007146, 0.012719697277335384, 0.3296790596538648, 0.05489261446911173, 0.17294541211597161, 0.13790984283637295, 0.10472550447863295, 0.09600147872538371, 0.1186921538933342, 0.0487371085532583, 0.07674523970271109, 0.00495120349580511, 0.026378356544661204, 0.09095185598049042, 0.18788578521302512, 0.008333269699969396, 0.21199311346657854, 0.1038013600203276, 0.021316670910997437, 0.1261466798347866, 0.05998094483663958, 0.08798967912566635, 0.002266112955131974, 0.05396006450968776, 0.145333735198919, 0.24323437920970598, 0.05908316463614949]","25_lag_33_median_atlSICjfm, 43_lag_AMOCann, 39_lag_nppc2SSTjfm, 35_lag_stratZ50ndj02, 29_lag_eurPSLjfm, 25_lag_30_median_nhSICsep, 30_lag_nppc2SSTjfm, 29_lag_atlSICjfm, 36_lag_shSICmar, 43_lag_nhSICsep, 29_lag_nhSICsep, 34_lag_atlSICjfm, 25_lag_37_median_nhSICsep, 36_lag_nppc2SSTjfm, 33_lag_stratZ50ndj01, 41_lag_naoPSLjfm, 33_lag_atlSICjfm, 25_lag_29_median_nhSICsep, 33_lag_shSICsep, 25_lag_28_median_stratZ50ndj02, 35_lag_shSICsep, 38_lag_amo3, 39_lag_stratZ50ndj04, 42_lag_eurPSLjfm, 25_lag_32_median_amo1, 44_lag_nhSICsep, 39_lag_AMOCann, 25_lag_28_median_nppc2SSTjfm, 25_lag_32_median_atlSICjfm, 25_lag_29_median_eapPSLjfm_819_25"
LinearRegression,31,30,shSICmar,picntrl,1097.5,2050.5,0.4,46,26,26,15.206807472686258,-0.031005184570692776,819,"['43_lag_nhSICsep', '26_lag_41_median_stratZ50ndj02', '44_lag_amoSSTmjjaso', '26_lag_31_median_shSICsep', '45_lag_amo3', '26_lag_35_median_naoPSLjfm', '41_lag_nhSICsep', '34_lag_shSICmar', '37_lag_stratZ50ndj01', '26_lag_35_median_atlSICjfm', '44_lag_eurPSLjfm', '26_lag_31_median_eurPSLjfm', '42_lag_atlSICsep', '29_lag_amo1', '26_lag_33_median_nppc2SSTjfm', '39_lag_nppc2SSTjfm', '40_lag_nhSICjfm', '35_lag_stratZ50ndj02', '26_lag_stratZ50ndj03', '26_lag_shSICmar', '29_lag_amoSSTmjjaso', '35_lag_shSICsep', '33_lag_stratZ50ndj01', '44_lag_nhSICsep', '26_lag_37_median_nhSICsep', '26_lag_AMOCann', '36_lag_nppc2SSTjfm', '26_lag_29_median_naoPSLjfm', '39_lag_stratZ50ndj04', '26_lag_31_median_nhSICsep']","[0.0643917366343544, 0.13370529527069294, 0.015363215598710159, 0.15126475122599634, 0.10366590083999172, 0.018802356951348152, 0.11707054887068884, 0.05184836139505177, 0.07870703551603138, 0.045506068549952296, 0.07266865272555614, 0.1537919180559909, 0.051824656143230015, 0.13764730225217328, 0.2998930151972279, 0.05842121003284853, 0.005345657051536439, 0.0986685786983446, 0.06912113184822459, 0.07492436214567967, 0.03553819237692635, 0.10539702814737109, 0.020974821091933306, 0.011150383034879516, 0.04697641955000248, 0.014676522471897609, 0.12908765374017125, 0.03345374445308132, 0.13844347612089317, 0.006567882623170054]","43_lag_nhSICsep, 26_lag_41_median_stratZ50ndj02, 44_lag_amoSSTmjjaso, 26_lag_31_median_shSICsep, 45_lag_amo3, 26_lag_35_median_naoPSLjfm, 41_lag_nhSICsep, 34_lag_shSICmar, 37_lag_stratZ50ndj01, 26_lag_35_median_atlSICjfm, 44_lag_eurPSLjfm, 26_lag_31_median_eurPSLjfm, 42_lag_atlSICsep, 29_lag_amo1, 26_lag_33_median_nppc2SSTjfm, 39_lag_nppc2SSTjfm, 40_lag_nhSICjfm, 35_lag_stratZ50ndj02, 26_lag_stratZ50ndj03, 26_lag_shSICmar, 29_lag_amoSSTmjjaso, 35_lag_shSICsep, 33_lag_stratZ50ndj01, 44_lag_nhSICsep, 26_lag_37_median_nhSICsep, 26_lag_AMOCann, 36_lag_nppc2SSTjfm, 26_lag_29_median_naoPSLjfm, 39_lag_stratZ50ndj04, 26_lag_31_median_nhSICsep_819_26"
LinearRegression,32,30,shSICmar,picntrl,1098.5,2050.5,0.4,47,27,27,15.022333514209937,0.056340351733089586,819,"['36_lag_atlSICsep', '27_lag_stratZ50ndj02', '27_lag_34_median_AMOCann', '31_lag_stratZ50ndj03', '39_lag_shSICsep', '27_lag_38_median_amo1', '39_lag_AMOCann', '27_lag_46_median_amoSSTmjjaso', '27_lag_42_median_stratZ50ndj01', '36_lag_nhSICjfm', '27_lag_nppc2SSTjfm', '36_lag_shSICmar', '39_lag_stratZ50ndj04', '34_lag_stratZ50ndj04', '43_lag_AMOCann', '27_lag_32_median_amo3', '43_lag_eapPSLjfm', '27_lag_33_median_scpPSLjfm', '27_lag_30_median_shSICsep', '43_lag_nhSICsep', '30_lag_stratZ50ndj04', '32_lag_shSICsep', '40_lag_naoPSLjfm', '38_lag_amo3', '27_lag_32_median_amo2', '33_lag_atlSICsep', '40_lag_nhSICjfm', '27_lag_32_median_nppc2SSTjfm', '27_lag_36_median_stratZ50ndj01', '36_lag_nppc2SSTjfm']","[0.11801758534457327, 0.17856806135751394, 0.06636341916614635, 0.15297289133005126, 0.015784249076541485, 0.2413100255189359, 0.0905636395156419, 0.10487152437163076, 0.7384666756635012, 0.07382904968909222, 0.013258814881575917, 0.06828101633007516, 0.12638078613923204, 0.04588814053570039, 0.0957696769605163, 0.00150923116339965, 0.00627059997260215, 0.07041264808349545, 0.08164165680696439, 0.10283418746917661, 0.07081872214773116, 0.12961672949397918, 0.09525996646449622, 0.03681120489047369, 0.063063302541144, 0.04323862096038441, 0.0066916768609221675, 0.20876272447444424, 0.194650746566865, 0.10554065895122007]","36_lag_atlSICsep, 27_lag_stratZ50ndj02, 27_lag_34_median_AMOCann, 31_lag_stratZ50ndj03, 39_lag_shSICsep, 27_lag_38_median_amo1, 39_lag_AMOCann, 27_lag_46_median_amoSSTmjjaso, 27_lag_42_median_stratZ50ndj01, 36_lag_nhSICjfm, 27_lag_nppc2SSTjfm, 36_lag_shSICmar, 39_lag_stratZ50ndj04, 34_lag_stratZ50ndj04, 43_lag_AMOCann, 27_lag_32_median_amo3, 43_lag_eapPSLjfm, 27_lag_33_median_scpPSLjfm, 27_lag_30_median_shSICsep, 43_lag_nhSICsep, 30_lag_stratZ50ndj04, 32_lag_shSICsep, 40_lag_naoPSLjfm, 38_lag_amo3, 27_lag_32_median_amo2, 33_lag_atlSICsep, 40_lag_nhSICjfm, 27_lag_32_median_nppc2SSTjfm, 27_lag_36_median_stratZ50ndj01, 36_lag_nppc2SSTjfm_819_27"
LinearRegression,33,30,shSICmar,picntrl,1099.5,2050.5,0.4,48,28,28,14.934833483177764,-0.03946796579977463,819,"['28_lag_37_median_shSICsep', '43_lag_AMOCann', '40_lag_amoSSTmjjaso', '28_lag_32_median_eapPSLjfm', '28_lag_33_median_atlSICjfm', '44_lag_naoPSLjfm', '28_lag_31_median_scpPSLjfm', '28_lag_naoPSLjfm', '46_lag_nhSICsep', '46_lag_amo3', '46_lag_stratZ50ndj01', '28_lag_31_median_atlSICjfm', '42_lag_stratZ50ndj04', '44_lag_amoSSTmjjaso', '46_lag_amo1', '40_lag_naoPSLjfm', '46_lag_AMOCann', '28_lag_32_median_stratZ50ndj03', '36_lag_atlSICsep', '46_lag_amo2', '28_lag_33_median_scpPSLjfm', '32_lag_shSICsep', '34_lag_atlSICjfm', '47_lag_stratZ50ndj03', '36_lag_shSICmar', '39_lag_AMOCann', '28_lag_31_median_atlSICsep', '28_lag_33_median_AMOCann', '36_lag_nppc2SSTjfm', '28_lag_shSICsep']","[0.10046964196363425, 0.11606331805023341, 0.006749659210455536, 0.10153438345133317, 0.23598404371448728, 0.0479113130794881, 0.0015972952340020954, 0.022217095455038995, 0.059310326748433465, 0.009270185673757463, 0.007838870553865718, 0.17120773150286364, 0.06971225741841539, 0.04038086492889306, 0.0744328677849986, 0.047892845326600306, 0.04974453714637521, 0.2242441017489646, 0.08058759636010308, 0.036651927083642614, 0.07790092606678, 0.062019850619677463, 0.1397893523827098, 0.15946679831543814, 0.05825353795357224, 0.051918317825702276, 0.28952342271244264, 0.030307665425888534, 0.10238997943605109, 0.02871693598315065]","28_lag_37_median_shSICsep, 43_lag_AMOCann, 40_lag_amoSSTmjjaso, 28_lag_32_median_eapPSLjfm, 28_lag_33_median_atlSICjfm, 44_lag_naoPSLjfm, 28_lag_31_median_scpPSLjfm, 28_lag_naoPSLjfm, 46_lag_nhSICsep, 46_lag_amo3, 46_lag_stratZ50ndj01, 28_lag_31_median_atlSICjfm, 42_lag_stratZ50ndj04, 44_lag_amoSSTmjjaso, 46_lag_amo1, 40_lag_naoPSLjfm, 46_lag_AMOCann, 28_lag_32_median_stratZ50ndj03, 36_lag_atlSICsep, 46_lag_amo2, 28_lag_33_median_scpPSLjfm, 32_lag_shSICsep, 34_lag_atlSICjfm, 47_lag_stratZ50ndj03, 36_lag_shSICmar, 39_lag_AMOCann, 28_lag_31_median_atlSICsep, 28_lag_33_median_AMOCann, 36_lag_nppc2SSTjfm, 28_lag_shSICsep_819_28"
LinearRegression,34,30,shSICmar,picntrl,1100.5,2050.5,0.4,49,29,29,14.337805635150604,0.07766437187924742,819,"['38_lag_shSICsep', '41_lag_nhSICsep', '42_lag_nhSICjfm', '29_lag_38_median_stratZ50ndj01', '36_lag_shSICmar', '29_lag_44_median_stratZ50ndj02', '43_lag_nhSICsep', '35_lag_stratZ50ndj02', '29_lag_33_median_nhSICsep', '33_lag_shSICsep', '29_lag_34_median_amo3', '29_lag_41_median_eurPSLjfm', '41_lag_amoSSTmjjaso', '29_lag_37_median_eurPSLjfm', '29_lag_32_median_nppc2SSTjfm', '42_lag_stratZ50ndj04', '37_lag_shSICsep', '29_lag_38_median_atlSICsep', '29_lag_32_median_eapPSLjfm', '35_lag_AMOCann', '46_lag_amo3', '44_lag_naoPSLjfm', '39_lag_AMOCann', '43_lag_eapPSLjfm', '40_lag_amo2', '32_lag_shSICsep', '29_lag_32_median_stratZ50ndj02', '40_lag_naoPSLjfm', '43_lag_AMOCann', '36_lag_nppc2SSTjfm']","[0.06523545401412723, 0.08854263227991571, 0.02191797013777747, 0.41152093020433184, 0.044005196474195235, 0.40793640550717924, 0.05374801621458494, 0.10145035311246817, 0.0429318951257601, 0.0026287902992715943, 0.022721513919441876, 0.21389988464503273, 0.1424247608537573, 0.033247904175058296, 0.03239684229193679, 0.06349638012622023, 0.09235368659389408, 0.1534642657244398, 0.17173234537067136, 0.06484880081257627, 0.0014379933847700477, 0.057301710091584766, 0.07666230709925571, 0.0051086469606894365, 0.128013206553032, 0.13775903350033425, 0.012037588057098892, 0.05601529490582362, 0.10829032419652279, 0.11793715884730163]","38_lag_shSICsep, 41_lag_nhSICsep, 42_lag_nhSICjfm, 29_lag_38_median_stratZ50ndj01, 36_lag_shSICmar, 29_lag_44_median_stratZ50ndj02, 43_lag_nhSICsep, 35_lag_stratZ50ndj02, 29_lag_33_median_nhSICsep, 33_lag_shSICsep, 29_lag_34_median_amo3, 29_lag_41_median_eurPSLjfm, 41_lag_amoSSTmjjaso, 29_lag_37_median_eurPSLjfm, 29_lag_32_median_nppc2SSTjfm, 42_lag_stratZ50ndj04, 37_lag_shSICsep, 29_lag_38_median_atlSICsep, 29_lag_32_median_eapPSLjfm, 35_lag_AMOCann, 46_lag_amo3, 44_lag_naoPSLjfm, 39_lag_AMOCann, 43_lag_eapPSLjfm, 40_lag_amo2, 32_lag_shSICsep, 29_lag_32_median_stratZ50ndj02, 40_lag_naoPSLjfm, 43_lag_AMOCann, 36_lag_nppc2SSTjfm_819_29"
LinearRegression,35,30,shSICmar,picntrl,1101.5,2050.5,0.4,50,30,30,15.141628122687223,0.05550546264973078,819,"['46_lag_amo3', '30_lag_41_median_scpPSLjfm', '44_lag_amoSSTmjjaso', '43_lag_eapPSLjfm', '42_lag_stratZ50ndj04', '47_lag_stratZ50ndj01', '35_lag_stratZ50ndj03', '49_lag_amo1', '47_lag_stratZ50ndj02', '39_lag_stratZ50ndj04', '30_lag_49_median_amo3', '30_lag_34_median_naoPSLjfm', '30_lag_34_median_stratZ50ndj02', '37_lag_stratZ50ndj01', '38_lag_shSICmar', '39_lag_AMOCann', '30_lag_36_median_amo2', '48_lag_shSICsep', '45_lag_stratZ50ndj03', '47_lag_amo3', '38_lag_nppc2SSTjfm', '44_lag_stratZ50ndj04', '30_lag_41_median_stratZ50ndj02', '30_lag_nhSICjfm', '30_lag_41_median_stratZ50ndj01', '46_lag_atlSICjfm', '41_lag_shSICsep', '30_lag_35_median_amo2', '36_lag_nppc2SSTjfm', '46_lag_AMOCann']","[0.04959674127043518, 0.018914075983963094, 0.05128427382971349, 0.004027039067574297, 0.08024027778108136, 0.11541176935766766, 0.02306210465275706, 0.03475532813218279, 0.0730916296518219, 0.16419999029489346, 0.03818538760916049, 0.17157728063442357, 0.04321236950837146, 0.0417128058619999, 0.07690749153305271, 0.0559492654284312, 0.038009250648903356, 0.14840111605359196, 0.022533790356880447, 0.10213095701448113, 0.038887387258745076, 0.026324686611519318, 0.19636039760658913, 0.04999863952163143, 0.5265569719222795, 0.035345626939570066, 0.09058952098109324, 0.1874005398264411, 0.09564009661090357, 0.13726552237771034]","46_lag_amo3, 30_lag_41_median_scpPSLjfm, 44_lag_amoSSTmjjaso, 43_lag_eapPSLjfm, 42_lag_stratZ50ndj04, 47_lag_stratZ50ndj01, 35_lag_stratZ50ndj03, 49_lag_amo1, 47_lag_stratZ50ndj02, 39_lag_stratZ50ndj04, 30_lag_49_median_amo3, 30_lag_34_median_naoPSLjfm, 30_lag_34_median_stratZ50ndj02, 37_lag_stratZ50ndj01, 38_lag_shSICmar, 39_lag_AMOCann, 30_lag_36_median_amo2, 48_lag_shSICsep, 45_lag_stratZ50ndj03, 47_lag_amo3, 38_lag_nppc2SSTjfm, 44_lag_stratZ50ndj04, 30_lag_41_median_stratZ50ndj02, 30_lag_nhSICjfm, 30_lag_41_median_stratZ50ndj01, 46_lag_atlSICjfm, 41_lag_shSICsep, 30_lag_35_median_amo2, 36_lag_nppc2SSTjfm, 46_lag_AMOCann_819_30"
LinearRegression,36,30,shSICmar,picntrl,1102.5,2050.5,0.4,51,31,31,14.542267344684996,0.1171834196595954,819,"['31_lag_36_median_stratZ50ndj03', '42_lag_atlSICsep', '31_lag_34_median_stratZ50ndj03', '47_lag_stratZ50ndj02', '35_lag_stratZ50ndj02', '31_lag_40_median_nppc2SSTjfm', '31_lag_50_median_amo3', '31_lag_40_median_atlSICsep', '31_lag_34_median_atlSICsep', '47_lag_stratZ50ndj03', '40_lag_AMOCann', '31_lag_47_median_amoSSTmjjaso', '41_lag_shSICsep', '38_lag_shSICmar', '46_lag_atlSICjfm', '44_lag_stratZ50ndj04', '31_lag_46_median_scpPSLjfm', '31_lag_48_median_amoSSTmjjaso', '33_lag_AMOCann', '31_lag_34_median_amo3', '44_lag_naoPSLjfm', '44_lag_amoSSTmjjaso', '39_lag_AMOCann', '38_lag_nppc2SSTjfm', '47_lag_amo3', '31_lag_36_median_stratZ50ndj01', '36_lag_nppc2SSTjfm', '31_lag_42_median_naoPSLjfm', '46_lag_AMOCann', '31_lag_34_median_amo2']","[0.08027675391290913, 0.13094649628239335, 0.05717522524597048, 0.04351938305534048, 0.09810333551137157, 0.38724643460501396, 0.06104759262154435, 0.018694266298070004, 0.015346022914933023, 0.16280245204099109, 0.11569425270850638, 0.6201189064987588, 0.006088819781687244, 0.1040526768693684, 0.0224394484508877, 0.009922102779224815, 0.48560750917636586, 0.46180511494457366, 0.009275262921612432, 0.03973415610087214, 0.07840015064765955, 0.047632306934371094, 0.11107658859531262, 0.09682337790808732, 0.08843095997932701, 0.19730525754121098, 0.1494759691129279, 0.07048390953359758, 0.16432932111702456, 0.14478433832936294]","31_lag_36_median_stratZ50ndj03, 42_lag_atlSICsep, 31_lag_34_median_stratZ50ndj03, 47_lag_stratZ50ndj02, 35_lag_stratZ50ndj02, 31_lag_40_median_nppc2SSTjfm, 31_lag_50_median_amo3, 31_lag_40_median_atlSICsep, 31_lag_34_median_atlSICsep, 47_lag_stratZ50ndj03, 40_lag_AMOCann, 31_lag_47_median_amoSSTmjjaso, 41_lag_shSICsep, 38_lag_shSICmar, 46_lag_atlSICjfm, 44_lag_stratZ50ndj04, 31_lag_46_median_scpPSLjfm, 31_lag_48_median_amoSSTmjjaso, 33_lag_AMOCann, 31_lag_34_median_amo3, 44_lag_naoPSLjfm, 44_lag_amoSSTmjjaso, 39_lag_AMOCann, 38_lag_nppc2SSTjfm, 47_lag_amo3, 31_lag_36_median_stratZ50ndj01, 36_lag_nppc2SSTjfm, 31_lag_42_median_naoPSLjfm, 46_lag_AMOCann, 31_lag_34_median_amo2_819_31"
LinearRegression,37,30,shSICmar,picntrl,1103.5,2050.5,0.4,52,32,32,15.668222783092823,0.05784239332657472,819,"['32_lag_43_median_scpPSLjfm', '44_lag_nhSICjfm', '32_lag_36_median_stratZ50ndj01', '36_lag_amo2', '48_lag_AMOCann', '32_lag_45_median_amo2', '51_lag_shSICsep', '36_lag_shSICmar', '47_lag_amo3', '32_lag_35_median_AMOCann', '44_lag_eapPSLjfm', '38_lag_shSICmar', '47_lag_stratZ50ndj01', '51_lag_amoSSTmjjaso', '32_lag_51_median_amo3', '49_lag_nppc2SSTjfm', '49_lag_shSICsep', '46_lag_atlSICjfm', '43_lag_nhSICsep', '45_lag_stratZ50ndj03', '32_lag_37_median_atlSICsep', '35_lag_shSICmar', '32_lag_35_median_nppc2SSTjfm', '32_lag_35_median_scpPSLjfm', '43_lag_eapPSLjfm', '32_lag_45_median_stratZ50ndj01', '46_lag_AMOCann', '32_lag_35_median_stratZ50ndj04', '43_lag_AMOCann', '36_lag_nppc2SSTjfm']","[0.05054851306928454, 0.12262652031078344, 0.09301438988998349, 0.03356524232662145, 0.04345501275721312, 0.12525282495370094, 0.12227638422041863, 0.026739156190288896, 0.09334936606920177, 0.12738155435395374, 0.028918925586011685, 0.0844409730683442, 0.11926798957397114, 0.009669646846837493, 0.00152244098584318, 0.01523832791153355, 0.09226028926273734, 0.03667796267717724, 0.09622435429368592, 0.05942177432806985, 0.009745266659390638, 0.03668321571643069, 0.0675614005172554, 0.16725583713297787, 0.06170443758021425, 0.4210005694054201, 0.1680475726521124, 0.16909947021098257, 0.1193287144660672, 0.0949431160513618]","32_lag_43_median_scpPSLjfm, 44_lag_nhSICjfm, 32_lag_36_median_stratZ50ndj01, 36_lag_amo2, 48_lag_AMOCann, 32_lag_45_median_amo2, 51_lag_shSICsep, 36_lag_shSICmar, 47_lag_amo3, 32_lag_35_median_AMOCann, 44_lag_eapPSLjfm, 38_lag_shSICmar, 47_lag_stratZ50ndj01, 51_lag_amoSSTmjjaso, 32_lag_51_median_amo3, 49_lag_nppc2SSTjfm, 49_lag_shSICsep, 46_lag_atlSICjfm, 43_lag_nhSICsep, 45_lag_stratZ50ndj03, 32_lag_37_median_atlSICsep, 35_lag_shSICmar, 32_lag_35_median_nppc2SSTjfm, 32_lag_35_median_scpPSLjfm, 43_lag_eapPSLjfm, 32_lag_45_median_stratZ50ndj01, 46_lag_AMOCann, 32_lag_35_median_stratZ50ndj04, 43_lag_AMOCann, 36_lag_nppc2SSTjfm_819_32"
LinearRegression,38,30,shSICmar,picntrl,1104.5,2050.5,0.4,53,33,33,16.25634968118484,0.016154385125960916,819,"['41_lag_stratZ50ndj01', '43_lag_eapPSLjfm', '51_lag_eapPSLjfm', '33_lag_50_median_amoSSTmjjaso', '47_lag_amo3', '33_lag_44_median_atlSICsep', '33_lag_48_median_eapPSLjfm', '48_lag_stratZ50ndj04', '33_lag_38_median_scpPSLjfm', '33_lag_42_median_eapPSLjfm', '51_lag_shSICsep', '40_lag_nhSICjfm', '51_lag_AMOCann', '36_lag_amo2', '33_lag_38_median_stratZ50ndj03', '46_lag_amoSSTjfm', '43_lag_amo2', '47_lag_stratZ50ndj01', '39_lag_nhSICjfm', '36_lag_stratZ50ndj01', '49_lag_atlSICsep', '33_lag_36_median_scpPSLjfm', '51_lag_stratZ50ndj03', '47_lag_stratZ50ndj02', '33_lag_36_median_stratZ50ndj04', '33_lag_36_median_nppc2SSTjfm', '33_lag_40_median_eurPSLjfm', '43_lag_AMOCann', '33_lag_36_median_stratZ50ndj01', '36_lag_nppc2SSTjfm']","[0.020784297938625754, 0.09498114893007739, 0.10940356589087635, 0.3367314198143314, 0.08174276344694534, 0.007902502301490229, 0.8343934398969475, 0.10603555747086692, 0.039641533773956975, 0.4542423556756258, 0.16962641281406057, 0.007673789163806387, 0.07130650731732402, 0.059362868754956305, 0.051217966945293666, 0.14001332680941975, 0.23849428553857677, 0.09854162152905939, 0.10693334585388863, 0.048449796327466085, 0.0736209289543624, 0.03100240437333357, 0.13940893304951646, 0.03105766410804466, 0.021864695243252685, 0.1945993770661234, 0.25961155261725866, 0.2069051581444678, 0.11412036679438999, 0.16687507077136948]","41_lag_stratZ50ndj01, 43_lag_eapPSLjfm, 51_lag_eapPSLjfm, 33_lag_50_median_amoSSTmjjaso, 47_lag_amo3, 33_lag_44_median_atlSICsep, 33_lag_48_median_eapPSLjfm, 48_lag_stratZ50ndj04, 33_lag_38_median_scpPSLjfm, 33_lag_42_median_eapPSLjfm, 51_lag_shSICsep, 40_lag_nhSICjfm, 51_lag_AMOCann, 36_lag_amo2, 33_lag_38_median_stratZ50ndj03, 46_lag_amoSSTjfm, 43_lag_amo2, 47_lag_stratZ50ndj01, 39_lag_nhSICjfm, 36_lag_stratZ50ndj01, 49_lag_atlSICsep, 33_lag_36_median_scpPSLjfm, 51_lag_stratZ50ndj03, 47_lag_stratZ50ndj02, 33_lag_36_median_stratZ50ndj04, 33_lag_36_median_nppc2SSTjfm, 33_lag_40_median_eurPSLjfm, 43_lag_AMOCann, 33_lag_36_median_stratZ50ndj01, 36_lag_nppc2SSTjfm_819_33"
LinearRegression,39,30,shSICmar,picntrl,1105.5,2050.5,0.4,54,34,34,15.671949778946855,0.12838628209344907,819,"['53_lag_amo1', '50_lag_amo2', '36_lag_nppc2SSTjfm', '36_lag_amo2', '51_lag_amoSSTmjjaso', '53_lag_atlSICjfm', '34_lag_37_median_shSICmar', '41_lag_stratZ50ndj01', '34_lag_38_median_amoSSTmjjaso', '38_lag_amo2', '34_lag_37_median_scpPSLjfm', '34_lag_37_median_eapPSLjfm', '53_lag_amo3', '34_lag_41_median_shSICmar', '38_lag_nhSICsep', '34_lag_38_median_stratZ50ndj02', '34_lag_amoSSTmjjaso', '37_lag_stratZ50ndj01', '51_lag_shSICsep', '51_lag_eapPSLjfm', '39_lag_AMOCann', '40_lag_naoPSLjfm', '43_lag_amo2', '47_lag_amo1', '50_lag_amoSSTmjjaso', '43_lag_AMOCann', '40_lag_nhSICjfm', '47_lag_amo3', '51_lag_stratZ50ndj03', '46_lag_AMOCann']","[0.08789555832308192, 0.029289609804188765, 0.08656259505640104, 0.10562308288581734, 0.06467704417311504, 0.08058115252958468, 0.06768284055354674, 0.018484060606450345, 0.23460974161033588, 0.05002605849835492, 0.03226753272373757, 0.004245552024619613, 0.1609876883071531, 0.06126145781033095, 0.035444428188979665, 0.02944331380254005, 0.06646597633207293, 0.0731695745328723, 0.24457505137539304, 0.10391751360622119, 0.007166555462065275, 0.03623479619992229, 0.2042758622021262, 0.019023935519051512, 0.060691547324056704, 0.09918393422654359, 0.08390484439428073, 0.15914383124408935, 0.1530127508323857, 0.12542481963392252]","53_lag_amo1, 50_lag_amo2, 36_lag_nppc2SSTjfm, 36_lag_amo2, 51_lag_amoSSTmjjaso, 53_lag_atlSICjfm, 34_lag_37_median_shSICmar, 41_lag_stratZ50ndj01, 34_lag_38_median_amoSSTmjjaso, 38_lag_amo2, 34_lag_37_median_scpPSLjfm, 34_lag_37_median_eapPSLjfm, 53_lag_amo3, 34_lag_41_median_shSICmar, 38_lag_nhSICsep, 34_lag_38_median_stratZ50ndj02, 34_lag_amoSSTmjjaso, 37_lag_stratZ50ndj01, 51_lag_shSICsep, 51_lag_eapPSLjfm, 39_lag_AMOCann, 40_lag_naoPSLjfm, 43_lag_amo2, 47_lag_amo1, 50_lag_amoSSTmjjaso, 43_lag_AMOCann, 40_lag_nhSICjfm, 47_lag_amo3, 51_lag_stratZ50ndj03, 46_lag_AMOCann_819_34"
LinearRegression,40,30,shSICmar,picntrl,1106.5,2050.5,0.4,55,35,35,14.758739826377393,0.1541260218988486,819,"['50_lag_nhSICjfm', '35_lag_44_median_amoSSTmjjaso', '47_lag_nhSICsep', '51_lag_AMOCann', '53_lag_amo3', '35_lag_38_median_stratZ50ndj02', '40_lag_naoPSLjfm', '35_lag_amo2', '35_lag_40_median_shSICmar', '35_lag_38_median_stratZ50ndj04', '45_lag_nhSICjfm', '35_lag_44_median_shSICmar', '53_lag_amoSSTmjjaso', '35_lag_40_median_amo1', '51_lag_eapPSLjfm', '37_lag_atlSICsep', '54_lag_shSICsep', '51_lag_stratZ50ndj03', '43_lag_amo3', '39_lag_AMOCann', '45_lag_nppc2SSTjfm', '47_lag_amo1', '49_lag_nppc2SSTjfm', '46_lag_AMOCann', '35_lag_40_median_amo2', '38_lag_nhSICsep', '50_lag_amoSSTmjjaso', '43_lag_AMOCann', '47_lag_amo3', '40_lag_nhSICjfm']","[0.08941968105297225, 0.06633982980055321, 0.007402153827202918, 0.05860849985372157, 0.1353712800850985, 0.004152265901953588, 0.035319149415476966, 0.057419295284615444, 0.007608752435153489, 0.21979162500235866, 0.10633444374473373, 0.08891115795025414, 0.06857768747076588, 0.1336317318633451, 0.10500081718757202, 0.024819403964423434, 0.13263117237106306, 0.11308638959601577, 0.007009818305189711, 0.04706502062094515, 0.016660213108911914, 0.008819552219619066, 0.09174293304930864, 0.12670902548817015, 0.040260532279298926, 0.034296662676437335, 0.06945847780090943, 0.1178280083536256, 0.14679312305246142, 0.036819088880537795]","50_lag_nhSICjfm, 35_lag_44_median_amoSSTmjjaso, 47_lag_nhSICsep, 51_lag_AMOCann, 53_lag_amo3, 35_lag_38_median_stratZ50ndj02, 40_lag_naoPSLjfm, 35_lag_amo2, 35_lag_40_median_shSICmar, 35_lag_38_median_stratZ50ndj04, 45_lag_nhSICjfm, 35_lag_44_median_shSICmar, 53_lag_amoSSTmjjaso, 35_lag_40_median_amo1, 51_lag_eapPSLjfm, 37_lag_atlSICsep, 54_lag_shSICsep, 51_lag_stratZ50ndj03, 43_lag_amo3, 39_lag_AMOCann, 45_lag_nppc2SSTjfm, 47_lag_amo1, 49_lag_nppc2SSTjfm, 46_lag_AMOCann, 35_lag_40_median_amo2, 38_lag_nhSICsep, 50_lag_amoSSTmjjaso, 43_lag_AMOCann, 47_lag_amo3, 40_lag_nhSICjfm_819_35"
LinearRegression,41,30,shSICmar,picntrl,1107.5,2050.5,0.4,56,36,36,15.049518119921181,0.08741609879166497,819,"['36_lag_48_median_stratZ50ndj01', '36_lag_43_median_eurPSLjfm', '51_lag_eapPSLjfm', '42_lag_atlSICsep', '48_lag_amo3', '43_lag_amo2', '50_lag_amoSSTmjjaso', '36_lag_41_median_atlSICjfm', '38_lag_amo2', '46_lag_AMOCann', '53_lag_nhSICsep', '43_lag_shSICsep', '39_lag_stratZ50ndj04', '36_lag_40_median_atlSICsep', '54_lag_shSICsep', '45_lag_nhSICjfm', '36_lag_AMOCann', '40_lag_nhSICjfm', '53_lag_amoSSTmjjaso', '36_lag_43_median_stratZ50ndj02', '36_lag_41_median_shSICmar', '40_lag_amo3', '47_lag_stratZ50ndj02', '43_lag_AMOCann', '36_lag_43_median_naoPSLjfm', '36_lag_40_median_amoSSTjfm', '36_lag_41_median_eurPSLjfm', '36_lag_39_median_atlSICjfm', '47_lag_amo3', '36_lag_nppc2SSTjfm']","[0.6264655517375253, 0.15212432053235178, 0.07449723910746583, 0.060769803067264094, 0.02450484646970506, 0.1847041958150884, 0.010188711742117629, 0.04088388594022884, 0.01595915848626762, 0.15355883035709195, 0.05813379282956143, 0.05612739328741558, 0.10356973712733596, 0.028551329596353772, 0.1606624156000625, 0.08371050916401436, 0.1066412463266237, 0.021778180264628667, 0.0022221025189678723, 0.11257896922217779, 0.04116516590999657, 0.023612522606295774, 0.04318872913018023, 0.08261773437030208, 0.24506003201205917, 0.215125883903631, 0.20993567035284277, 0.13298324885816099, 0.09566639388995865, 0.12343055956500132]","36_lag_48_median_stratZ50ndj01, 36_lag_43_median_eurPSLjfm, 51_lag_eapPSLjfm, 42_lag_atlSICsep, 48_lag_amo3, 43_lag_amo2, 50_lag_amoSSTmjjaso, 36_lag_41_median_atlSICjfm, 38_lag_amo2, 46_lag_AMOCann, 53_lag_nhSICsep, 43_lag_shSICsep, 39_lag_stratZ50ndj04, 36_lag_40_median_atlSICsep, 54_lag_shSICsep, 45_lag_nhSICjfm, 36_lag_AMOCann, 40_lag_nhSICjfm, 53_lag_amoSSTmjjaso, 36_lag_43_median_stratZ50ndj02, 36_lag_41_median_shSICmar, 40_lag_amo3, 47_lag_stratZ50ndj02, 43_lag_AMOCann, 36_lag_43_median_naoPSLjfm, 36_lag_40_median_amoSSTjfm, 36_lag_41_median_eurPSLjfm, 36_lag_39_median_atlSICjfm, 47_lag_amo3, 36_lag_nppc2SSTjfm_819_36"
LinearRegression,42,30,shSICmar,picntrl,1108.5,2050.5,0.4,57,37,37,15.702632134208763,0.08637743359609866,819,"['37_lag_40_median_AMOCann', '40_lag_amo3', '49_lag_nppc2SSTjfm', '37_lag_48_median_stratZ50ndj01', '50_lag_atlSICjfm', '37_lag_44_median_nppc2SSTjfm', '47_lag_AMOCann', '37_lag_40_median_eurPSLjfm', '54_lag_AMOCann', '37_lag_47_median_stratZ50ndj01', '42_lag_atlSICjfm', '37_lag_42_median_stratZ50ndj02', '37_lag_55_median_shSICmar', '40_lag_AMOCann', '49_lag_nhSICjfm', '47_lag_amo3', '56_lag_amo3', '41_lag_amoSSTjfm', '37_lag_40_median_atlSICjfm', '53_lag_amoSSTmjjaso', '37_lag_50_median_naoPSLjfm', '37_lag_42_median_amoSSTmjjaso', '37_lag_44_median_eapPSLjfm', '49_lag_nhSICsep', '45_lag_nhSICjfm', '45_lag_nhSICsep', '37_lag_44_median_stratZ50ndj01', '43_lag_AMOCann', '54_lag_shSICsep', '37_lag_44_median_amo3']","[0.2697207998192669, 0.06799127499147262, 0.063390711615857, 0.21274758673833166, 0.08011817609160402, 0.11783534310607834, 0.024978876473393745, 0.2122279322453083, 0.04106246815825254, 0.45282376134818403, 0.07825352797985648, 0.05833921540503518, 0.13984713574667942, 0.18895546726008108, 0.06336503909425013, 0.10741764309691747, 0.04063071476146972, 0.12015028417243634, 0.001996091292051236, 0.022370101042706123, 0.08370774600252257, 0.11671799758142357, 0.21096592603280992, 0.0019010313068505654, 0.391575009972498, 0.309203688049033, 0.28991955461350466, 0.11381988758202702, 0.15566395750775625, 0.07324219086874023]","37_lag_40_median_AMOCann, 40_lag_amo3, 49_lag_nppc2SSTjfm, 37_lag_48_median_stratZ50ndj01, 50_lag_atlSICjfm, 37_lag_44_median_nppc2SSTjfm, 47_lag_AMOCann, 37_lag_40_median_eurPSLjfm, 54_lag_AMOCann, 37_lag_47_median_stratZ50ndj01, 42_lag_atlSICjfm, 37_lag_42_median_stratZ50ndj02, 37_lag_55_median_shSICmar, 40_lag_AMOCann, 49_lag_nhSICjfm, 47_lag_amo3, 56_lag_amo3, 41_lag_amoSSTjfm, 37_lag_40_median_atlSICjfm, 53_lag_amoSSTmjjaso, 37_lag_50_median_naoPSLjfm, 37_lag_42_median_amoSSTmjjaso, 37_lag_44_median_eapPSLjfm, 49_lag_nhSICsep, 45_lag_nhSICjfm, 45_lag_nhSICsep, 37_lag_44_median_stratZ50ndj01, 43_lag_AMOCann, 54_lag_shSICsep, 37_lag_44_median_amo3_819_37"
LinearRegression,43,30,shSICmar,picntrl,1109.5,2050.5,0.4,58,38,38,15.610580083632435,0.09306074561603139,819,"['57_lag_shSICmar', '38_lag_49_median_stratZ50ndj02', '38_lag_49_median_scpPSLjfm', '38_lag_53_median_naoPSLjfm', '47_lag_stratZ50ndj02', '41_lag_shSICsep', '54_lag_scpPSLjfm', '48_lag_shSICsep', '49_lag_nhSICsep', '38_lag_41_median_atlSICjfm', '38_lag_47_median_stratZ50ndj01', '52_lag_nhSICsep', '53_lag_amoSSTmjjaso', '49_lag_atlSICjfm', '51_lag_stratZ50ndj03', '47_lag_amo3', '38_lag_44_median_stratZ50ndj01', '45_lag_nhSICsep', '52_lag_stratZ50ndj03', '38_lag_45_median_atlSICjfm', '52_lag_nhSICjfm', '48_lag_stratZ50ndj04', '38_lag_45_median_amo1', '38_lag_41_median_stratZ50ndj02', '45_lag_nhSICjfm', '48_lag_nppc2SSTjfm', '56_lag_amo3', '57_lag_atlSICsep', '38_lag_43_median_stratZ50ndj01', '38_lag_43_median_amo2']","[0.11440841850009191, 0.18669595383674445, 0.17112652019678792, 0.04220457798235911, 0.010367558190091641, 0.02865561915462773, 0.0670394934496206, 0.09547957407592159, 0.055141007859158354, 0.08686953990190212, 0.49583110471953423, 0.10337532903362052, 0.03773391088157202, 0.032868855237911845, 0.11123987141809184, 0.07494382038210466, 0.33318642044189045, 0.2625904722554169, 0.05036590625423804, 0.034772318301251534, 0.15325403320825853, 0.07256137202126683, 0.22095350331633062, 0.00016668051876350676, 0.35244561850538864, 0.04861125194829796, 0.039004020693424235, 0.16643778039744023, 0.059957987238827185, 0.09787912424672567]","57_lag_shSICmar, 38_lag_49_median_stratZ50ndj02, 38_lag_49_median_scpPSLjfm, 38_lag_53_median_naoPSLjfm, 47_lag_stratZ50ndj02, 41_lag_shSICsep, 54_lag_scpPSLjfm, 48_lag_shSICsep, 49_lag_nhSICsep, 38_lag_41_median_atlSICjfm, 38_lag_47_median_stratZ50ndj01, 52_lag_nhSICsep, 53_lag_amoSSTmjjaso, 49_lag_atlSICjfm, 51_lag_stratZ50ndj03, 47_lag_amo3, 38_lag_44_median_stratZ50ndj01, 45_lag_nhSICsep, 52_lag_stratZ50ndj03, 38_lag_45_median_atlSICjfm, 52_lag_nhSICjfm, 48_lag_stratZ50ndj04, 38_lag_45_median_amo1, 38_lag_41_median_stratZ50ndj02, 45_lag_nhSICjfm, 48_lag_nppc2SSTjfm, 56_lag_amo3, 57_lag_atlSICsep, 38_lag_43_median_stratZ50ndj01, 38_lag_43_median_amo2_819_38"
LinearRegression,44,30,shSICmar,picntrl,1110.5,2050.5,0.4,59,39,39,15.763501705926831,-0.007868457530399813,819,"['48_lag_stratZ50ndj04', '42_lag_atlSICjfm', '46_lag_stratZ50ndj04', '53_lag_shSICmar', '53_lag_amoSSTjfm', '47_lag_shSICsep', '39_lag_42_median_eurPSLjfm', '39_lag_42_median_amoSSTmjjaso', '39_lag_46_median_scpPSLjfm', '52_lag_nhSICsep', '47_lag_AMOCann', '58_lag_nppc2SSTjfm', '56_lag_amo3', '45_lag_amoSSTmjjaso', '39_lag_42_median_amo2', '39_lag_42_median_AMOCann', '51_lag_AMOCann', '44_lag_nhSICsep', '47_lag_amo1', '39_lag_47_median_stratZ50ndj01', '49_lag_nhSICsep', '47_lag_stratZ50ndj01', '53_lag_stratZ50ndj02', '52_lag_stratZ50ndj03', '53_lag_nhSICsep', '45_lag_nhSICjfm', '39_lag_scpPSLjfm', '58_lag_eapPSLjfm', '53_lag_amoSSTmjjaso', '57_lag_atlSICsep']","[0.061635803656018326, 0.11426388136386557, 0.050788119114174156, 0.13852271342561598, 0.15111833235136657, 0.042974408052481976, 0.10883531451841542, 0.12933529842880664, 0.08119572930421566, 0.010010797116911125, 0.12349987469424703, 0.029675999049065253, 0.019641367165424806, 0.023818769192956425, 0.07802511892471369, 0.02622068378031367, 0.04915348913062336, 0.03448473364230653, 0.008315045199553173, 0.19555944156407332, 0.03360343609013622, 0.11412729057972744, 0.12436659475543846, 0.04343755235439335, 0.013220839882899328, 0.13304421304505074, 0.09162325926096503, 0.15064058113008083, 0.0968307095869704, 0.2290551826238425]","48_lag_stratZ50ndj04, 42_lag_atlSICjfm, 46_lag_stratZ50ndj04, 53_lag_shSICmar, 53_lag_amoSSTjfm, 47_lag_shSICsep, 39_lag_42_median_eurPSLjfm, 39_lag_42_median_amoSSTmjjaso, 39_lag_46_median_scpPSLjfm, 52_lag_nhSICsep, 47_lag_AMOCann, 58_lag_nppc2SSTjfm, 56_lag_amo3, 45_lag_amoSSTmjjaso, 39_lag_42_median_amo2, 39_lag_42_median_AMOCann, 51_lag_AMOCann, 44_lag_nhSICsep, 47_lag_amo1, 39_lag_47_median_stratZ50ndj01, 49_lag_nhSICsep, 47_lag_stratZ50ndj01, 53_lag_stratZ50ndj02, 52_lag_stratZ50ndj03, 53_lag_nhSICsep, 45_lag_nhSICjfm, 39_lag_scpPSLjfm, 58_lag_eapPSLjfm, 53_lag_amoSSTmjjaso, 57_lag_atlSICsep_819_39"
LinearRegression,45,30,shSICmar,picntrl,1111.5,2050.5,0.4,60,40,40,16.913887165123334,0.026892338472488776,819,"['40_lag_45_median_stratZ50ndj02', '53_lag_nppc2SSTjfm', '47_lag_amo3', '40_lag_55_median_eurPSLjfm', '44_lag_nhSICsep', '40_lag_55_median_shSICmar', '58_lag_nppc2SSTjfm', '40_lag_43_median_scpPSLjfm', '40_lag_nppc2SSTjfm', '40_lag_45_median_amoSSTmjjaso', '40_lag_51_median_scpPSLjfm', '47_lag_shSICsep', '40_lag_46_median_atlSICsep', '40_lag_53_median_eurPSLjfm', '40_lag_43_median_AMOCann', '40_lag_47_median_eurPSLjfm', '40_lag_naoPSLjfm', '54_lag_stratZ50ndj04', '45_lag_nhSICjfm', '53_lag_amoSSTmjjaso', '40_lag_43_median_amoSSTjfm', '51_lag_AMOCann', '53_lag_shSICmar', '45_lag_amoSSTmjjaso', '40_lag_43_median_atlSICjfm', '53_lag_stratZ50ndj02', '40_lag_44_median_stratZ50ndj02', '57_lag_shSICsep', '53_lag_nhSICsep', '57_lag_atlSICsep']","[0.073233897385178, 0.04467124668483363, 0.09308704397031758, 0.19248539444269888, 0.0014121207912877031, 0.06495584184192296, 0.02258822406941018, 0.1075627525966592, 0.10631915969506034, 0.04307466274780942, 0.14381061207335105, 0.07592083302182641, 0.04987205341674319, 0.42613018170293165, 0.1698596584892397, 0.21712450084064217, 0.08688112222797122, 0.06753509719442324, 0.11369723341154576, 0.014919968439381197, 0.166795593488403, 0.034569544584752435, 0.14336432669443172, 0.0727051868021578, 0.15070625233022694, 0.10710635004762083, 0.3418115753044981, 0.13726333250377107, 0.03962931575649286, 0.25622560020414514]","40_lag_45_median_stratZ50ndj02, 53_lag_nppc2SSTjfm, 47_lag_amo3, 40_lag_55_median_eurPSLjfm, 44_lag_nhSICsep, 40_lag_55_median_shSICmar, 58_lag_nppc2SSTjfm, 40_lag_43_median_scpPSLjfm, 40_lag_nppc2SSTjfm, 40_lag_45_median_amoSSTmjjaso, 40_lag_51_median_scpPSLjfm, 47_lag_shSICsep, 40_lag_46_median_atlSICsep, 40_lag_53_median_eurPSLjfm, 40_lag_43_median_AMOCann, 40_lag_47_median_eurPSLjfm, 40_lag_naoPSLjfm, 54_lag_stratZ50ndj04, 45_lag_nhSICjfm, 53_lag_amoSSTmjjaso, 40_lag_43_median_amoSSTjfm, 51_lag_AMOCann, 53_lag_shSICmar, 45_lag_amoSSTmjjaso, 40_lag_43_median_atlSICjfm, 53_lag_stratZ50ndj02, 40_lag_44_median_stratZ50ndj02, 57_lag_shSICsep, 53_lag_nhSICsep, 57_lag_atlSICsep_819_40"
LinearRegression,46,30,shSICmar,picntrl,1112.5,2050.5,0.4,61,41,41,16.57607167235053,0.11572363412415636,819,"['43_lag_AMOCann', '48_lag_amo1', '56_lag_stratZ50ndj04', '54_lag_shSICsep', '49_lag_nppc2SSTjfm', '54_lag_stratZ50ndj04', '41_lag_44_median_eurPSLjfm', '51_lag_amo1', '41_lag_50_median_naoPSLjfm', '41_lag_48_median_amo3', '41_lag_44_median_atlSICjfm', '55_lag_atlSICjfm', '41_lag_49_median_atlSICjfm', '49_lag_atlSICjfm', '41_lag_52_median_naoPSLjfm', '41_lag_46_median_amoSSTjfm', '41_lag_shSICsep', '41_lag_52_median_shSICmar', '41_lag_48_median_nhSICjfm', '44_lag_AMOCann', '45_lag_nhSICsep', '47_lag_nhSICjfm', '53_lag_nhSICsep', '41_lag_44_median_stratZ50ndj02', '47_lag_shSICsep', '56_lag_amo3', '41_lag_48_median_amo1', '57_lag_atlSICsep', '41_lag_46_median_atlSICsep', '41_lag_54_median_naoPSLjfm']","[0.0731229210286354, 0.030292813904128246, 0.14191189515624325, 0.17811682910162133, 0.08865347545968194, 0.0792661730933321, 0.06732241742543763, 0.04510720530811715, 0.17305298447926687, 0.10227049791675855, 0.13909216472814073, 0.024557917582692698, 0.31789641211114505, 0.11362658045244661, 0.6039406544180695, 0.1929614408716962, 0.052023079758507236, 0.07013443619509373, 0.4076101606364908, 0.06808413089895708, 0.11379262645018796, 0.09842465841728075, 0.056051257188875284, 0.3106090041261684, 0.05646257505294187, 0.0009521153480546813, 0.129927797581696, 0.2616772491993736, 0.005555261543275155, 0.8114785697809691]","43_lag_AMOCann, 48_lag_amo1, 56_lag_stratZ50ndj04, 54_lag_shSICsep, 49_lag_nppc2SSTjfm, 54_lag_stratZ50ndj04, 41_lag_44_median_eurPSLjfm, 51_lag_amo1, 41_lag_50_median_naoPSLjfm, 41_lag_48_median_amo3, 41_lag_44_median_atlSICjfm, 55_lag_atlSICjfm, 41_lag_49_median_atlSICjfm, 49_lag_atlSICjfm, 41_lag_52_median_naoPSLjfm, 41_lag_46_median_amoSSTjfm, 41_lag_shSICsep, 41_lag_52_median_shSICmar, 41_lag_48_median_nhSICjfm, 44_lag_AMOCann, 45_lag_nhSICsep, 47_lag_nhSICjfm, 53_lag_nhSICsep, 41_lag_44_median_stratZ50ndj02, 47_lag_shSICsep, 56_lag_amo3, 41_lag_48_median_amo1, 57_lag_atlSICsep, 41_lag_46_median_atlSICsep, 41_lag_54_median_naoPSLjfm_819_41"
LinearRegression,47,30,shSICmar,picntrl,1113.5,2050.5,0.4,62,42,42,15.514050955605747,0.0448478760963355,819,"['42_lag_48_median_amo2', '49_lag_atlSICjfm', '60_lag_amoSSTmjjaso', '42_lag_60_median_stratZ50ndj01', '60_lag_amo3', '42_lag_54_median_naoPSLjfm', '42_lag_47_median_nhSICjfm', '61_lag_amoSSTmjjaso', '42_lag_46_median_stratZ50ndj02', '42_lag_49_median_eurPSLjfm', '47_lag_stratZ50ndj02', '48_lag_amo1', '42_lag_48_median_stratZ50ndj01', '49_lag_nppc2SSTjfm', '61_lag_AMOCann', '42_lag_45_median_naoPSLjfm', '49_lag_atlSICsep', '58_lag_nhSICjfm', '42_lag_49_median_atlSICjfm', '42_lag_46_median_amoSSTjfm', '47_lag_shSICsep', '42_lag_48_median_amo1', '45_lag_nhSICsep', '53_lag_nhSICsep', '55_lag_atlSICjfm', '42_lag_46_median_nhSICjfm', '47_lag_nhSICjfm', '42_lag_51_median_naoPSLjfm', '57_lag_atlSICsep', '54_lag_shSICsep']","[0.15819779036120374, 0.07543687273801689, 0.05298228896698391, 0.24754158840071472, 0.05454027376606968, 0.39053154029547, 0.28390484214430217, 0.035694871966483, 0.021824264190749267, 0.00856186528801646, 0.02454504184026799, 0.016370019978928507, 0.17629788489559153, 0.1095662265110324, 0.04036952255335253, 0.15413695650062986, 0.03830266415395434, 0.02056785594543388, 0.1859677757861019, 0.07121887389057605, 0.0032712576924862173, 0.028337925620407572, 0.1104124628594097, 0.0463984182134841, 0.043375630407556834, 0.02183742128487836, 0.0682971524451792, 0.4444909396818155, 0.2253957246730427, 0.1617593884831306]","42_lag_48_median_amo2, 49_lag_atlSICjfm, 60_lag_amoSSTmjjaso, 42_lag_60_median_stratZ50ndj01, 60_lag_amo3, 42_lag_54_median_naoPSLjfm, 42_lag_47_median_nhSICjfm, 61_lag_amoSSTmjjaso, 42_lag_46_median_stratZ50ndj02, 42_lag_49_median_eurPSLjfm, 47_lag_stratZ50ndj02, 48_lag_amo1, 42_lag_48_median_stratZ50ndj01, 49_lag_nppc2SSTjfm, 61_lag_AMOCann, 42_lag_45_median_naoPSLjfm, 49_lag_atlSICsep, 58_lag_nhSICjfm, 42_lag_49_median_atlSICjfm, 42_lag_46_median_amoSSTjfm, 47_lag_shSICsep, 42_lag_48_median_amo1, 45_lag_nhSICsep, 53_lag_nhSICsep, 55_lag_atlSICjfm, 42_lag_46_median_nhSICjfm, 47_lag_nhSICjfm, 42_lag_51_median_naoPSLjfm, 57_lag_atlSICsep, 54_lag_shSICsep_819_42"
LinearRegression,48,30,shSICmar,picntrl,1114.5,2050.5,0.4,63,43,43,15.693118981882506,0.028321303868815262,819,"['43_lag_50_median_scpPSLjfm', '56_lag_naoPSLjfm', '55_lag_shSICsep', '61_lag_amoSSTmjjaso', '56_lag_stratZ50ndj04', '50_lag_atlSICsep', '43_lag_stratZ50ndj04', '49_lag_atlSICsep', '49_lag_atlSICjfm', '43_lag_48_median_stratZ50ndj01', '52_lag_atlSICjfm', '51_lag_nhSICjfm', '45_lag_amoSSTmjjaso', '60_lag_amo3', '61_lag_shSICsep', '43_lag_48_median_amo2', '43_lag_48_median_amo1', '58_lag_stratZ50ndj02', '55_lag_atlSICjfm', '56_lag_amo3', '43_lag_50_median_stratZ50ndj01', '54_lag_shSICsep', '47_lag_nhSICjfm', '43_lag_46_median_amo2', '43_lag_AMOCann', '43_lag_62_median_amo3', '46_lag_nppc2SSTjfm', '48_lag_amo1', '43_lag_48_median_stratZ50ndj03', '57_lag_atlSICsep']","[0.10109749882659019, 0.048905201574159875, 0.005328860694917823, 0.018404976313157868, 0.12877671407582061, 0.04626850481155523, 0.02581243960119291, 0.06088242258916395, 0.010025649822861792, 0.3654354598037377, 0.1283867457490806, 0.03420632887693729, 0.008847103689905461, 0.06227612475376417, 0.10002351978845948, 0.05763539315167758, 0.007414723390611216, 0.056634793691841684, 0.05925917910235797, 0.12844567599024104, 0.16517720793039467, 0.21192950442854702, 0.05197531684493388, 0.1345002523679212, 0.1563453025346525, 0.5902469828681611, 0.11847470535034348, 0.058649476933238666, 0.3100829792771867, 0.2627717938991889]","43_lag_50_median_scpPSLjfm, 56_lag_naoPSLjfm, 55_lag_shSICsep, 61_lag_amoSSTmjjaso, 56_lag_stratZ50ndj04, 50_lag_atlSICsep, 43_lag_stratZ50ndj04, 49_lag_atlSICsep, 49_lag_atlSICjfm, 43_lag_48_median_stratZ50ndj01, 52_lag_atlSICjfm, 51_lag_nhSICjfm, 45_lag_amoSSTmjjaso, 60_lag_amo3, 61_lag_shSICsep, 43_lag_48_median_amo2, 43_lag_48_median_amo1, 58_lag_stratZ50ndj02, 55_lag_atlSICjfm, 56_lag_amo3, 43_lag_50_median_stratZ50ndj01, 54_lag_shSICsep, 47_lag_nhSICjfm, 43_lag_46_median_amo2, 43_lag_AMOCann, 43_lag_62_median_amo3, 46_lag_nppc2SSTjfm, 48_lag_amo1, 43_lag_48_median_stratZ50ndj03, 57_lag_atlSICsep_819_43"
LinearRegression,49,30,shSICmar,picntrl,1115.5,2050.5,0.4,64,44,44,16.65512756274287,0.044645972095831495,819,"['59_lag_amoSSTmjjaso', '44_lag_stratZ50ndj04', '44_lag_54_median_eapPSLjfm', '47_lag_nhSICjfm', '44_lag_63_median_amo3', '53_lag_nhSICsep', '60_lag_amo3', '61_lag_scpPSLjfm', '51_lag_amoSSTmjjaso', '53_lag_amoSSTmjjaso', '44_lag_59_median_stratZ50ndj01', '44_lag_62_median_amo3', '55_lag_nhSICjfm', '44_lag_47_median_nppc2SSTjfm', '55_lag_atlSICjfm', '54_lag_shSICsep', '58_lag_stratZ50ndj02', '44_lag_47_median_AMOCann', '46_lag_AMOCann', '44_lag_50_median_scpPSLjfm', '55_lag_shSICsep', '44_lag_49_median_amo2', '63_lag_nhSICjfm', '44_lag_55_median_eapPSLjfm', '57_lag_atlSICsep', '44_lag_49_median_scpPSLjfm', '44_lag_shSICsep', '51_lag_shSICsep', '44_lag_47_median_stratZ50ndj04', '52_lag_atlSICjfm']","[0.013894054899514506, 0.037469370081135295, 0.13322096053634663, 0.08497824172905617, 0.8535051898346078, 0.06683866625200308, 0.07847744880421631, 0.043988517896225245, 0.09471595501670153, 0.059674912237528556, 0.26157741079812025, 1.3717317995587417, 0.1613120640379723, 0.10007877582643263, 0.06792548115435354, 0.18452234975733647, 0.0696304749958359, 0.043946793772449005, 0.143578576989695, 0.05505116534271122, 0.10988722133525175, 0.09148837534278594, 0.1036320110062868, 0.5907994589917007, 0.21961572028809961, 0.12980717360036975, 0.04916546442060329, 0.1305308976365041, 0.07675895144693848, 0.15773851800404715]","59_lag_amoSSTmjjaso, 44_lag_stratZ50ndj04, 44_lag_54_median_eapPSLjfm, 47_lag_nhSICjfm, 44_lag_63_median_amo3, 53_lag_nhSICsep, 60_lag_amo3, 61_lag_scpPSLjfm, 51_lag_amoSSTmjjaso, 53_lag_amoSSTmjjaso, 44_lag_59_median_stratZ50ndj01, 44_lag_62_median_amo3, 55_lag_nhSICjfm, 44_lag_47_median_nppc2SSTjfm, 55_lag_atlSICjfm, 54_lag_shSICsep, 58_lag_stratZ50ndj02, 44_lag_47_median_AMOCann, 46_lag_AMOCann, 44_lag_50_median_scpPSLjfm, 55_lag_shSICsep, 44_lag_49_median_amo2, 63_lag_nhSICjfm, 44_lag_55_median_eapPSLjfm, 57_lag_atlSICsep, 44_lag_49_median_scpPSLjfm, 44_lag_shSICsep, 51_lag_shSICsep, 44_lag_47_median_stratZ50ndj04, 52_lag_atlSICjfm_819_44"
LinearRegression,50,30,shSICmar,picntrl,1116.5,2050.5,0.4,65,45,45,16.20218424345825,-0.03263653152229506,819,"['45_lag_48_median_amoSSTjfm', '48_lag_nppc2SSTjfm', '56_lag_shSICmar', '64_lag_stratZ50ndj01', '50_lag_atlSICsep', '63_lag_stratZ50ndj02', '45_lag_52_median_amo2', '45_lag_48_median_stratZ50ndj03', '48_lag_shSICmar', '60_lag_AMOCann', '45_lag_nhSICsep', '53_lag_nhSICsep', '45_lag_54_median_eapPSLjfm', '62_lag_stratZ50ndj04', '55_lag_atlSICjfm', '53_lag_amo2', '45_lag_amo2', '61_lag_amoSSTmjjaso', '45_lag_50_median_amoSSTjfm', '45_lag_50_median_scpPSLjfm', '56_lag_stratZ50ndj04', '52_lag_atlSICjfm', '57_lag_atlSICsep', '51_lag_amoSSTmjjaso', '45_lag_56_median_amoSSTjfm', '45_lag_52_median_naoPSLjfm', '47_lag_stratZ50ndj01', '45_lag_nhSICjfm', '45_lag_amoSSTmjjaso', '51_lag_AMOCann']","[0.12839662981975952, 0.016591655301732143, 0.1491444445713608, 0.013994598156588722, 0.03103433176478586, 0.09928655736393814, 0.1361871582345265, 0.22885605056512642, 0.07899569491085963, 0.01828353149274311, 0.236077460223032, 0.009093833314996707, 0.5458179773233958, 0.07100745126364649, 0.008940573467068067, 0.04125421294919418, 0.014422134949453403, 0.03443987329765442, 0.007822706352928036, 0.04016158601301119, 0.1007793525212574, 0.04722988864807007, 0.22044458933647007, 0.09282091774364438, 0.22901986563147783, 0.16590490439274855, 0.06493864285728243, 0.2599476101680156, 0.052381422891758775, 0.004277405875408702]","45_lag_48_median_amoSSTjfm, 48_lag_nppc2SSTjfm, 56_lag_shSICmar, 64_lag_stratZ50ndj01, 50_lag_atlSICsep, 63_lag_stratZ50ndj02, 45_lag_52_median_amo2, 45_lag_48_median_stratZ50ndj03, 48_lag_shSICmar, 60_lag_AMOCann, 45_lag_nhSICsep, 53_lag_nhSICsep, 45_lag_54_median_eapPSLjfm, 62_lag_stratZ50ndj04, 55_lag_atlSICjfm, 53_lag_amo2, 45_lag_amo2, 61_lag_amoSSTmjjaso, 45_lag_50_median_amoSSTjfm, 45_lag_50_median_scpPSLjfm, 56_lag_stratZ50ndj04, 52_lag_atlSICjfm, 57_lag_atlSICsep, 51_lag_amoSSTmjjaso, 45_lag_56_median_amoSSTjfm, 45_lag_52_median_naoPSLjfm, 47_lag_stratZ50ndj01, 45_lag_nhSICjfm, 45_lag_amoSSTmjjaso, 51_lag_AMOCann_819_45"
LinearRegression,51,30,shSICmar,picntrl,1117.5,2050.5,0.4,66,46,46,16.020363259999797,0.04885833551973849,819,"['46_lag_57_median_stratZ50ndj02', '46_lag_57_median_naoPSLjfm', '49_lag_eurPSLjfm', '46_lag_55_median_shSICsep', '63_lag_nhSICjfm', '58_lag_amoSSTmjjaso', '46_lag_49_median_amo1', '46_lag_55_median_eapPSLjfm', '51_lag_nhSICjfm', '53_lag_amo2', '58_lag_shSICmar', '65_lag_shSICmar', '46_lag_49_median_scpPSLjfm', '46_lag_nhSICjfm', '58_lag_stratZ50ndj02', '46_lag_59_median_stratZ50ndj01', '52_lag_atlSICjfm', '52_lag_nhSICsep', '51_lag_shSICsep', '60_lag_eurPSLjfm', '50_lag_atlSICsep', '52_lag_nhSICjfm', '46_lag_55_median_eurPSLjfm', '51_lag_amoSSTmjjaso', '46_lag_53_median_eurPSLjfm', '59_lag_amoSSTmjjaso', '46_lag_49_median_AMOCann', '46_lag_61_median_amo1', '46_lag_49_median_stratZ50ndj04', '58_lag_eapPSLjfm']","[0.08318940586394734, 0.0004595811899543306, 0.024965807959963313, 0.3078615820227503, 0.01917714933368041, 0.06775124635151793, 0.06926114190537636, 0.4058225206797371, 0.05788353938876205, 0.09943503623598063, 0.025907804123864918, 0.0017587818915369012, 0.023850501968467608, 0.10122060992694373, 0.03271005836097404, 0.15590944927646175, 0.06114607542711862, 0.17063129852250256, 0.021585172236727068, 0.05343344389017463, 0.027267661758555266, 0.18668173143908864, 0.052396207573499824, 0.036843269317350213, 0.19492921603885258, 0.04019532131735032, 0.0896680076182271, 0.19651339665924533, 0.19808784465155949, 0.12777296930162424]","46_lag_57_median_stratZ50ndj02, 46_lag_57_median_naoPSLjfm, 49_lag_eurPSLjfm, 46_lag_55_median_shSICsep, 63_lag_nhSICjfm, 58_lag_amoSSTmjjaso, 46_lag_49_median_amo1, 46_lag_55_median_eapPSLjfm, 51_lag_nhSICjfm, 53_lag_amo2, 58_lag_shSICmar, 65_lag_shSICmar, 46_lag_49_median_scpPSLjfm, 46_lag_nhSICjfm, 58_lag_stratZ50ndj02, 46_lag_59_median_stratZ50ndj01, 52_lag_atlSICjfm, 52_lag_nhSICsep, 51_lag_shSICsep, 60_lag_eurPSLjfm, 50_lag_atlSICsep, 52_lag_nhSICjfm, 46_lag_55_median_eurPSLjfm, 51_lag_amoSSTmjjaso, 46_lag_53_median_eurPSLjfm, 59_lag_amoSSTmjjaso, 46_lag_49_median_AMOCann, 46_lag_61_median_amo1, 46_lag_49_median_stratZ50ndj04, 58_lag_eapPSLjfm_819_46"
LinearRegression,52,30,shSICmar,picntrl,1118.5,2050.5,0.4,67,47,47,15.20689096720552,-0.05291997679649982,819,"['50_lag_eapPSLjfm', '47_lag_57_median_scpPSLjfm', '60_lag_nhSICjfm', '52_lag_nhSICjfm', '55_lag_atlSICjfm', '47_lag_60_median_nppc2SSTjfm', '47_lag_60_median_amo1', '50_lag_atlSICsep', '60_lag_eurPSLjfm', '52_lag_eurPSLjfm', '58_lag_amoSSTmjjaso', '47_lag_54_median_nhSICsep', '61_lag_AMOCann', '65_lag_shSICmar', '47_lag_stratZ50ndj01', '60_lag_stratZ50ndj01', '58_lag_eurPSLjfm', '47_lag_55_median_eurPSLjfm', '47_lag_56_median_eapPSLjfm', '59_lag_amoSSTmjjaso', '62_lag_nhSICjfm', '63_lag_atlSICsep', '61_lag_amo2', '58_lag_eapPSLjfm', '52_lag_atlSICjfm', '47_lag_50_median_nppc2SSTjfm', '60_lag_nhSICsep', '51_lag_amoSSTmjjaso', '47_lag_52_median_stratZ50ndj03', '47_lag_50_median_amo1']","[0.06534727536781694, 0.2593622357206614, 0.059934355378531146, 0.045280847139259624, 0.051022078905385834, 0.13635189362316294, 0.3184051545401632, 0.05346947417436061, 0.054968597177206396, 0.10953791735577481, 0.11323047754776375, 0.10099953479781372, 0.044093143336063005, 0.0027753912746669796, 0.11746075393518131, 0.06208093929391012, 0.05340553684384406, 0.19438171564925077, 0.10353113425728054, 0.0854617259308045, 0.11899661200854125, 0.03076221634322766, 0.011245692289059759, 0.14188950025155186, 0.013478511475416594, 0.017880361019624563, 0.04954361168873861, 0.04500726555041357, 0.12362288540055799, 0.05529596249367888]","50_lag_eapPSLjfm, 47_lag_57_median_scpPSLjfm, 60_lag_nhSICjfm, 52_lag_nhSICjfm, 55_lag_atlSICjfm, 47_lag_60_median_nppc2SSTjfm, 47_lag_60_median_amo1, 50_lag_atlSICsep, 60_lag_eurPSLjfm, 52_lag_eurPSLjfm, 58_lag_amoSSTmjjaso, 47_lag_54_median_nhSICsep, 61_lag_AMOCann, 65_lag_shSICmar, 47_lag_stratZ50ndj01, 60_lag_stratZ50ndj01, 58_lag_eurPSLjfm, 47_lag_55_median_eurPSLjfm, 47_lag_56_median_eapPSLjfm, 59_lag_amoSSTmjjaso, 62_lag_nhSICjfm, 63_lag_atlSICsep, 61_lag_amo2, 58_lag_eapPSLjfm, 52_lag_atlSICjfm, 47_lag_50_median_nppc2SSTjfm, 60_lag_nhSICsep, 51_lag_amoSSTmjjaso, 47_lag_52_median_stratZ50ndj03, 47_lag_50_median_amo1_819_47"
LinearRegression,53,30,shSICmar,picntrl,1119.5,2050.5,0.4,68,48,48,14.590302171618678,0.045484090448869044,819,"['62_lag_atlSICsep', '48_lag_53_median_amo2', '51_lag_nhSICsep', '52_lag_eurPSLjfm', '48_lag_55_median_nhSICjfm', '60_lag_stratZ50ndj01', '59_lag_shSICsep', '66_lag_nppc2SSTjfm', '48_lag_53_median_atlSICjfm', '48_lag_57_median_scpPSLjfm', '62_lag_stratZ50ndj04', '58_lag_stratZ50ndj02', '59_lag_stratZ50ndj02', '48_lag_52_median_eapPSLjfm', '67_lag_AMOCann', '53_lag_AMOCann', '62_lag_stratZ50ndj01', '48_lag_67_median_amo3', '63_lag_atlSICsep', '48_lag_59_median_scpPSLjfm', '52_lag_nhSICjfm', '53_lag_nhSICjfm', '60_lag_nhSICjfm', '58_lag_eurPSLjfm', '51_lag_amoSSTmjjaso', '48_lag_51_median_scpPSLjfm', '58_lag_eapPSLjfm', '56_lag_nppc2SSTjfm', '60_lag_nhSICsep', '48_lag_51_median_stratZ50ndj01']","[0.06404343220323185, 0.0069997837186373275, 0.09621371041509565, 0.0833091622603913, 0.39294057043722136, 0.07760489580417632, 0.0026908721207008655, 0.040677886788116964, 0.11141637054203131, 0.14319303858945664, 0.10196101110866199, 0.09839820242621201, 0.08068780540551834, 0.10644563838761302, 0.059403643121136065, 0.057714868277736274, 0.03218714991791631, 0.2114825456913036, 0.03343658765500418, 0.32006926587380236, 0.01246567754572175, 0.04315208823015519, 0.18899581084112654, 0.10253320880861104, 0.08711450219072919, 0.14927931429391203, 0.14900443352857076, 0.09434643944549316, 0.08013363085181283, 0.07582149519643586]","62_lag_atlSICsep, 48_lag_53_median_amo2, 51_lag_nhSICsep, 52_lag_eurPSLjfm, 48_lag_55_median_nhSICjfm, 60_lag_stratZ50ndj01, 59_lag_shSICsep, 66_lag_nppc2SSTjfm, 48_lag_53_median_atlSICjfm, 48_lag_57_median_scpPSLjfm, 62_lag_stratZ50ndj04, 58_lag_stratZ50ndj02, 59_lag_stratZ50ndj02, 48_lag_52_median_eapPSLjfm, 67_lag_AMOCann, 53_lag_AMOCann, 62_lag_stratZ50ndj01, 48_lag_67_median_amo3, 63_lag_atlSICsep, 48_lag_59_median_scpPSLjfm, 52_lag_nhSICjfm, 53_lag_nhSICjfm, 60_lag_nhSICjfm, 58_lag_eurPSLjfm, 51_lag_amoSSTmjjaso, 48_lag_51_median_scpPSLjfm, 58_lag_eapPSLjfm, 56_lag_nppc2SSTjfm, 60_lag_nhSICsep, 48_lag_51_median_stratZ50ndj01_819_48"
LinearRegression,54,30,shSICmar,picntrl,1120.5,2050.5,0.4,69,49,49,14.600257854289849,0.07108246213925301,819,"['62_lag_amo3', '66_lag_naoPSLjfm', '62_lag_stratZ50ndj01', '49_lag_60_median_stratZ50ndj03', '52_lag_amo3', '67_lag_nppc2SSTjfm', '52_lag_nhSICjfm', '49_lag_52_median_nhSICsep', '62_lag_stratZ50ndj03', '58_lag_eapPSLjfm', '49_lag_amo1', '58_lag_nppc2SSTjfm', '49_lag_52_median_atlSICjfm', '60_lag_nhSICjfm', '49_lag_53_median_scpPSLjfm', '61_lag_AMOCann', '62_lag_eurPSLjfm', '52_lag_scpPSLjfm', '49_lag_68_median_amo3', '49_lag_52_median_eapPSLjfm', '62_lag_stratZ50ndj04', '53_lag_stratZ50ndj02', '49_lag_nppc2SSTjfm', '49_lag_57_median_scpPSLjfm', '49_lag_55_median_eapPSLjfm', '68_lag_atlSICsep', '60_lag_stratZ50ndj01', '60_lag_nhSICsep', '56_lag_nppc2SSTjfm', '49_lag_52_median_amo2']","[0.006199605474147168, 0.04450682340437602, 0.03438574422351426, 0.055091244818488656, 0.055749269543688196, 0.004956016933020311, 0.13838381205008693, 0.07146876587000202, 0.11851299771052204, 0.12843601487439912, 0.056707429653601094, 0.014672448117954496, 0.09382260650635434, 0.09736625633944411, 0.09072021729751589, 0.01016928194500595, 0.08710546856136706, 0.04255902849165477, 0.28684289958540454, 0.0422892184247805, 0.0869509604511624, 0.09027530880271703, 0.06453214935480493, 0.3054519572187242, 0.12399659232789415, 0.023540612977216036, 0.07827804243314603, 0.008947143404352504, 0.07693511405988465, 0.0651971467570656]","62_lag_amo3, 66_lag_naoPSLjfm, 62_lag_stratZ50ndj01, 49_lag_60_median_stratZ50ndj03, 52_lag_amo3, 67_lag_nppc2SSTjfm, 52_lag_nhSICjfm, 49_lag_52_median_nhSICsep, 62_lag_stratZ50ndj03, 58_lag_eapPSLjfm, 49_lag_amo1, 58_lag_nppc2SSTjfm, 49_lag_52_median_atlSICjfm, 60_lag_nhSICjfm, 49_lag_53_median_scpPSLjfm, 61_lag_AMOCann, 62_lag_eurPSLjfm, 52_lag_scpPSLjfm, 49_lag_68_median_amo3, 49_lag_52_median_eapPSLjfm, 62_lag_stratZ50ndj04, 53_lag_stratZ50ndj02, 49_lag_nppc2SSTjfm, 49_lag_57_median_scpPSLjfm, 49_lag_55_median_eapPSLjfm, 68_lag_atlSICsep, 60_lag_stratZ50ndj01, 60_lag_nhSICsep, 56_lag_nppc2SSTjfm, 49_lag_52_median_amo2_819_49"
LinearRegression,55,30,shSICmar,picntrl,1121.5,2050.5,0.4,70,50,50,15.676136658642134,0.01223253532082544,819,"['54_lag_shSICsep', '64_lag_atlSICsep', '69_lag_amo2', '58_lag_shSICmar', '65_lag_amo2', '69_lag_atlSICjfm', '62_lag_stratZ50ndj03', '52_lag_atlSICjfm', '65_lag_atlSICjfm', '55_lag_AMOCann', '50_lag_55_median_nppc2SSTjfm', '60_lag_stratZ50ndj01', '50_lag_56_median_naoPSLjfm', '68_lag_amo1', '50_lag_57_median_scpPSLjfm', '60_lag_eurPSLjfm', '58_lag_eapPSLjfm', '50_lag_55_median_nhSICjfm', '59_lag_stratZ50ndj03', '50_lag_55_median_amoSSTjfm', '62_lag_shSICmar', '50_lag_61_median_stratZ50ndj03', '53_lag_stratZ50ndj02', '50_lag_54_median_nhSICsep', '53_lag_AMOCann', '67_lag_AMOCann', '59_lag_stratZ50ndj04', '56_lag_nppc2SSTjfm', '50_lag_55_median_amoSSTmjjaso', '50_lag_53_median_AMOCann']","[0.13514915717078452, 0.07063366075395935, 0.06375492339570973, 0.08614701954882589, 0.1766629521923296, 0.025476114760264214, 0.10304206606720784, 0.15488751877371204, 0.05985178999701724, 0.10314526205745436, 0.021558338262109927, 0.07579384739228771, 0.10726111039601474, 0.010165505029395372, 0.28286585747930965, 0.028220724698234608, 0.14324947024907222, 0.3775448110097934, 0.05249164854259864, 0.041333617569728254, 0.1486093514574755, 0.16735274070913916, 0.06865867396884359, 0.30888569157001083, 0.11323567707998905, 0.05153708423876333, 0.09901055898834853, 0.06611057764996042, 0.036204525422571715, 0.09228522862627468]","54_lag_shSICsep, 64_lag_atlSICsep, 69_lag_amo2, 58_lag_shSICmar, 65_lag_amo2, 69_lag_atlSICjfm, 62_lag_stratZ50ndj03, 52_lag_atlSICjfm, 65_lag_atlSICjfm, 55_lag_AMOCann, 50_lag_55_median_nppc2SSTjfm, 60_lag_stratZ50ndj01, 50_lag_56_median_naoPSLjfm, 68_lag_amo1, 50_lag_57_median_scpPSLjfm, 60_lag_eurPSLjfm, 58_lag_eapPSLjfm, 50_lag_55_median_nhSICjfm, 59_lag_stratZ50ndj03, 50_lag_55_median_amoSSTjfm, 62_lag_shSICmar, 50_lag_61_median_stratZ50ndj03, 53_lag_stratZ50ndj02, 50_lag_54_median_nhSICsep, 53_lag_AMOCann, 67_lag_AMOCann, 59_lag_stratZ50ndj04, 56_lag_nppc2SSTjfm, 50_lag_55_median_amoSSTmjjaso, 50_lag_53_median_AMOCann_819_50"
LinearRegression,56,30,shSICmar,picntrl,1122.5,2050.5,0.4,71,51,51,15.603673332925297,-0.03794830336932088,819,"['61_lag_eapPSLjfm', '51_lag_68_median_scpPSLjfm', '65_lag_eurPSLjfm', '67_lag_atlSICjfm', '64_lag_atlSICsep', '53_lag_nhSICsep', '67_lag_AMOCann', '51_lag_54_median_amo3', '62_lag_shSICmar', '51_lag_55_median_nppc2SSTjfm', '59_lag_stratZ50ndj03', '55_lag_AMOCann', '68_lag_amo1', '51_lag_59_median_scpPSLjfm', '51_lag_62_median_naoPSLjfm', '51_lag_55_median_nhSICjfm', '51_lag_70_median_eurPSLjfm', '53_lag_AMOCann', '51_lag_60_median_amoSSTmjjaso', '51_lag_54_median_scpPSLjfm', '51_lag_55_median_naoPSLjfm', '56_lag_nppc2SSTjfm', '61_lag_AMOCann', '55_lag_shSICsep', '55_lag_stratZ50ndj04', '54_lag_shSICsep', '51_lag_54_median_stratZ50ndj04', '65_lag_amo2', '51_lag_64_median_scpPSLjfm', '59_lag_stratZ50ndj04']","[0.04409033784201378, 0.5331938062351982, 0.09019135696489651, 0.0928019254115062, 0.06366755131650897, 0.04534020016129059, 0.05030033924167977, 0.04242007121428344, 0.17020275016203124, 0.01014234200335836, 0.08920680478280836, 0.04212528255901821, 0.04921061065686878, 0.4085518636108003, 0.163472241431651, 0.09218811068556436, 0.4239770921671128, 0.030321722141777863, 0.16834980606067718, 0.21552340403604967, 0.10103870135999214, 0.07059105802770742, 0.02907835391929353, 0.03217189311794985, 0.07247849456827822, 0.15877197333355517, 0.011799161790307544, 0.15614874706762502, 0.4242235305306479, 0.11144910950466913]","61_lag_eapPSLjfm, 51_lag_68_median_scpPSLjfm, 65_lag_eurPSLjfm, 67_lag_atlSICjfm, 64_lag_atlSICsep, 53_lag_nhSICsep, 67_lag_AMOCann, 51_lag_54_median_amo3, 62_lag_shSICmar, 51_lag_55_median_nppc2SSTjfm, 59_lag_stratZ50ndj03, 55_lag_AMOCann, 68_lag_amo1, 51_lag_59_median_scpPSLjfm, 51_lag_62_median_naoPSLjfm, 51_lag_55_median_nhSICjfm, 51_lag_70_median_eurPSLjfm, 53_lag_AMOCann, 51_lag_60_median_amoSSTmjjaso, 51_lag_54_median_scpPSLjfm, 51_lag_55_median_naoPSLjfm, 56_lag_nppc2SSTjfm, 61_lag_AMOCann, 55_lag_shSICsep, 55_lag_stratZ50ndj04, 54_lag_shSICsep, 51_lag_54_median_stratZ50ndj04, 65_lag_amo2, 51_lag_64_median_scpPSLjfm, 59_lag_stratZ50ndj04_819_51"
LinearRegression,57,30,shSICmar,picntrl,1123.5,2050.5,0.4,72,52,52,16.03687244388294,-0.053438603531110226,819,"['54_lag_stratZ50ndj03', '67_lag_eurPSLjfm', '52_lag_56_median_amo3', '61_lag_stratZ50ndj02', '64_lag_atlSICsep', '52_lag_57_median_scpPSLjfm', '65_lag_stratZ50ndj04', '62_lag_shSICmar', '59_lag_stratZ50ndj04', '61_lag_shSICmar', '52_lag_55_median_scpPSLjfm', '71_lag_scpPSLjfm', '65_lag_shSICsep', '66_lag_atlSICjfm', '52_lag_63_median_stratZ50ndj01', '55_lag_shSICsep', '71_lag_amo3', '65_lag_eurPSLjfm', '52_lag_59_median_shSICmar', '61_lag_eapPSLjfm', '70_lag_shSICmar', '71_lag_atlSICsep', '69_lag_AMOCann', '65_lag_amo2', '52_lag_57_median_atlSICsep', '60_lag_eurPSLjfm', '52_lag_57_median_nhSICsep', '67_lag_AMOCann', '54_lag_shSICsep', '61_lag_AMOCann']","[0.05525370111227065, 0.01008106290301932, 0.09179474204645556, 0.03417171102279411, 0.08470405858326781, 0.19355868626206243, 0.05058678304107858, 0.1399244448969805, 0.05600482919836939, 0.019414784291273253, 0.05894594464378247, 0.028069829953692792, 0.035749939420488486, 0.03998670940821844, 0.17357141616704366, 0.08046852952341461, 0.017142952907920454, 0.10563593478205309, 0.4252859741251859, 0.018718211605946077, 0.08228612553788207, 0.09831632434945507, 0.1636228488813089, 0.1556284429411155, 0.1541380870869796, 0.04224879239665958, 0.11688539900254756, 0.1148554636847687, 0.08511923760900217, 0.022445406903825973]","54_lag_stratZ50ndj03, 67_lag_eurPSLjfm, 52_lag_56_median_amo3, 61_lag_stratZ50ndj02, 64_lag_atlSICsep, 52_lag_57_median_scpPSLjfm, 65_lag_stratZ50ndj04, 62_lag_shSICmar, 59_lag_stratZ50ndj04, 61_lag_shSICmar, 52_lag_55_median_scpPSLjfm, 71_lag_scpPSLjfm, 65_lag_shSICsep, 66_lag_atlSICjfm, 52_lag_63_median_stratZ50ndj01, 55_lag_shSICsep, 71_lag_amo3, 65_lag_eurPSLjfm, 52_lag_59_median_shSICmar, 61_lag_eapPSLjfm, 70_lag_shSICmar, 71_lag_atlSICsep, 69_lag_AMOCann, 65_lag_amo2, 52_lag_57_median_atlSICsep, 60_lag_eurPSLjfm, 52_lag_57_median_nhSICsep, 67_lag_AMOCann, 54_lag_shSICsep, 61_lag_AMOCann_819_52"
LinearRegression,58,30,shSICmar,picntrl,1124.5,2050.5,0.4,73,53,53,15.369800256367641,0.0009867261172172197,819,"['53_lag_amo3', '54_lag_shSICsep', '53_lag_54_median_shSICsep', '55_lag_stratZ50ndj04', '65_lag_nhSICjfm', '69_lag_shSICsep', '60_lag_nppc2SSTjfm', '56_lag_stratZ50ndj04', '59_lag_amo2', '62_lag_shSICmar', '67_lag_AMOCann', '61_lag_atlSICsep', '71_lag_atlSICsep', '65_lag_amo2', '53_lag_56_median_stratZ50ndj03', '53_lag_atlSICjfm', '53_lag_60_median_stratZ50ndj02', '53_lag_59_median_stratZ50ndj02', '64_lag_shSICsep', '53_lag_AMOCann', '53_lag_56_median_nppc2SSTjfm', '71_lag_scpPSLjfm', '70_lag_shSICmar', '65_lag_eurPSLjfm', '53_lag_58_median_stratZ50ndj02', '53_lag_stratZ50ndj02', '59_lag_stratZ50ndj02', '53_lag_amoSSTmjjaso', '53_lag_56_median_shSICmar', '61_lag_AMOCann']","[0.05013151794402162, 1090100678630.9207, 1090100678630.8202, 0.07594445739955295, 0.027354943285973436, 0.06902430318117002, 0.03776478410440305, 0.03546370434521001, 0.024274038729606196, 0.12996495513138615, 0.09209912048911485, 0.00606704074150343, 0.12183311272249854, 0.1770295844351782, 0.06649748355503204, 0.057054048534325656, 0.23096663907615742, 0.05854034423828125, 0.0109710693359375, 0.07647705078125, 0.1667633056640625, 0.0030670166015625, 0.08160400390625, 0.09676742553710938, 0.02361297607421875, 0.0634307861328125, 0.06644439697265625, 0.0419921875, 0.2450714111328125, 0.033538818359375]","53_lag_amo3, 54_lag_shSICsep, 53_lag_54_median_shSICsep, 55_lag_stratZ50ndj04, 65_lag_nhSICjfm, 69_lag_shSICsep, 60_lag_nppc2SSTjfm, 56_lag_stratZ50ndj04, 59_lag_amo2, 62_lag_shSICmar, 67_lag_AMOCann, 61_lag_atlSICsep, 71_lag_atlSICsep, 65_lag_amo2, 53_lag_56_median_stratZ50ndj03, 53_lag_atlSICjfm, 53_lag_60_median_stratZ50ndj02, 53_lag_59_median_stratZ50ndj02, 64_lag_shSICsep, 53_lag_AMOCann, 53_lag_56_median_nppc2SSTjfm, 71_lag_scpPSLjfm, 70_lag_shSICmar, 65_lag_eurPSLjfm, 53_lag_58_median_stratZ50ndj02, 53_lag_stratZ50ndj02, 59_lag_stratZ50ndj02, 53_lag_amoSSTmjjaso, 53_lag_56_median_shSICmar, 61_lag_AMOCann_819_53"
LinearRegression,59,30,shSICmar,picntrl,1125.5,2050.5,0.4,74,54,54,15.510652310548457,0.01213085503281306,819,"['58_lag_scpPSLjfm', '58_lag_nppc2SSTjfm', '64_lag_shSICmar', '54_lag_57_median_amoSSTjfm', '71_lag_shSICmar', '73_lag_shSICsep', '60_lag_stratZ50ndj01', '56_lag_AMOCann', '73_lag_shSICmar', '69_lag_nppc2SSTjfm', '54_lag_58_median_scpPSLjfm', '66_lag_scpPSLjfm', '58_lag_stratZ50ndj02', '63_lag_atlSICsep', '54_lag_57_median_AMOCann', '71_lag_eapPSLjfm', '65_lag_amoSSTmjjaso', '57_lag_amo1', '54_lag_59_median_amo1', '54_lag_73_median_amo3', '65_lag_eurPSLjfm', '61_lag_shSICsep', '61_lag_AMOCann', '72_lag_nhSICsep', '60_lag_eurPSLjfm', '54_lag_57_median_shSICmar', '54_lag_shSICsep', '59_lag_stratZ50ndj02', '57_lag_amo3', '71_lag_eurPSLjfm']","[0.07562870471423702, 0.12679891156930384, 0.007519237618434374, 0.1756065909896356, 0.06377864244727358, 0.08618545517595334, 0.03886607981611955, 0.0528808456151112, 0.11369983452626503, 0.10037356333634814, 0.007914279516825792, 0.06266929923097737, 0.10047455162650931, 0.04676249040284137, 0.006333441909062694, 0.02580722418731443, 0.02584892806908337, 0.07721385344509016, 0.4951661187449692, 0.09088774064791247, 0.08902139582646605, 0.07878811476580444, 0.008958813162101478, 0.01419683967757069, 0.024438569958269745, 0.28891313512587, 0.0890664481041196, 0.10835949803308309, 0.0382895763147156, 0.01861962158617283]","58_lag_scpPSLjfm, 58_lag_nppc2SSTjfm, 64_lag_shSICmar, 54_lag_57_median_amoSSTjfm, 71_lag_shSICmar, 73_lag_shSICsep, 60_lag_stratZ50ndj01, 56_lag_AMOCann, 73_lag_shSICmar, 69_lag_nppc2SSTjfm, 54_lag_58_median_scpPSLjfm, 66_lag_scpPSLjfm, 58_lag_stratZ50ndj02, 63_lag_atlSICsep, 54_lag_57_median_AMOCann, 71_lag_eapPSLjfm, 65_lag_amoSSTmjjaso, 57_lag_amo1, 54_lag_59_median_amo1, 54_lag_73_median_amo3, 65_lag_eurPSLjfm, 61_lag_shSICsep, 61_lag_AMOCann, 72_lag_nhSICsep, 60_lag_eurPSLjfm, 54_lag_57_median_shSICmar, 54_lag_shSICsep, 59_lag_stratZ50ndj02, 57_lag_amo3, 71_lag_eurPSLjfm_819_54"
LinearRegression,60,30,shSICmar,picntrl,1126.5,2050.5,0.4,75,55,55,15.162981885013947,-0.025103554990605306,819,"['55_lag_61_median_stratZ50ndj03', '55_lag_68_median_eapPSLjfm', '55_lag_stratZ50ndj04', '55_lag_72_median_atlSICjfm', '63_lag_stratZ50ndj02', '55_lag_62_median_atlSICjfm', '69_lag_shSICsep', '57_lag_amoSSTmjjaso', '71_lag_nppc2SSTjfm', '59_lag_stratZ50ndj02', '61_lag_shSICmar', '71_lag_atlSICsep', '61_lag_shSICsep', '55_lag_58_median_eurPSLjfm', '58_lag_eapPSLjfm', '68_lag_nhSICsep', '59_lag_nhSICsep', '55_lag_65_median_nppc2SSTjfm', '61_lag_AMOCann', '55_lag_66_median_naoPSLjfm', '63_lag_atlSICsep', '60_lag_eurPSLjfm', '68_lag_atlSICsep', '69_lag_nhSICjfm', '62_lag_shSICmar', '55_lag_62_median_scpPSLjfm', '55_lag_58_median_scpPSLjfm', '55_lag_59_median_stratZ50ndj01', '65_lag_eurPSLjfm', '55_lag_58_median_stratZ50ndj02']","[0.26650630755316934, 0.17152835432283453, 0.16524029708311613, 0.27118051011456307, 0.05825987461825105, 0.14672038100653514, 0.02678786214053686, 0.0003269390595759336, 0.050306242437151205, 0.10838217670305292, 0.008850730427960331, 0.19172273955088998, 0.12684771394553265, 0.05930055768917241, 0.08613203870192124, 0.06399112282285532, 0.052521325989823155, 0.4581198977026589, 0.06212118695397624, 0.3848074669962951, 0.026230962568428894, 0.06248682613427827, 0.016924976772320858, 0.1445368968710277, 0.19105769370394732, 0.31106110950867133, 0.12526878597647473, 0.1046687361601843, 0.07665116126462496, 0.09026074678132592]","55_lag_61_median_stratZ50ndj03, 55_lag_68_median_eapPSLjfm, 55_lag_stratZ50ndj04, 55_lag_72_median_atlSICjfm, 63_lag_stratZ50ndj02, 55_lag_62_median_atlSICjfm, 69_lag_shSICsep, 57_lag_amoSSTmjjaso, 71_lag_nppc2SSTjfm, 59_lag_stratZ50ndj02, 61_lag_shSICmar, 71_lag_atlSICsep, 61_lag_shSICsep, 55_lag_58_median_eurPSLjfm, 58_lag_eapPSLjfm, 68_lag_nhSICsep, 59_lag_nhSICsep, 55_lag_65_median_nppc2SSTjfm, 61_lag_AMOCann, 55_lag_66_median_naoPSLjfm, 63_lag_atlSICsep, 60_lag_eurPSLjfm, 68_lag_atlSICsep, 69_lag_nhSICjfm, 62_lag_shSICmar, 55_lag_62_median_scpPSLjfm, 55_lag_58_median_scpPSLjfm, 55_lag_59_median_stratZ50ndj01, 65_lag_eurPSLjfm, 55_lag_58_median_stratZ50ndj02_819_55"
LinearRegression,61,30,shSICmar,picntrl,1127.5,2050.5,0.4,76,56,56,15.277565160471475,-0.023285698811456996,819,"['58_lag_amo3', '72_lag_scpPSLjfm', '58_lag_stratZ50ndj02', '56_lag_66_median_eurPSLjfm', '56_lag_66_median_eapPSLjfm', '56_lag_stratZ50ndj02', '71_lag_nppc2SSTjfm', '56_lag_59_median_shSICmar', '70_lag_shSICmar', '65_lag_eurPSLjfm', '59_lag_nhSICsep', '69_lag_nppc2SSTjfm', '56_lag_59_median_scpPSLjfm', '56_lag_61_median_AMOCann', '56_lag_59_median_stratZ50ndj01', '72_lag_atlSICsep', '56_lag_AMOCann', '68_lag_stratZ50ndj03', '58_lag_nppc2SSTjfm', '72_lag_shSICsep', '56_lag_shSICmar', '66_lag_nhSICsep', '56_lag_59_median_stratZ50ndj03', '56_lag_61_median_amo2', '64_lag_shSICmar', '56_lag_71_median_atlSICjfm', '56_lag_stratZ50ndj04', '67_lag_naoPSLjfm', '68_lag_nhSICsep', '74_lag_AMOCann']","[0.08581637461101037, 0.058774681622548154, 0.09300730860873006, 0.1298700270955034, 0.11312328627286891, 0.12173852356179268, 0.019423145193382788, 0.11820337339364186, 0.05572646603231622, 0.10557278529707041, 0.013255209645914527, 0.10993672607531178, 0.06476895753768297, 0.028497938095982188, 0.15224947134924963, 0.017607423612434205, 0.11040808049122075, 0.07456088263400376, 0.09400805163476947, 0.02260547834345667, 0.17310753691830558, 0.054474730559413265, 0.07058246154837106, 0.02937566496424089, 0.00697733081152374, 0.003405975643544179, 0.08598399766884521, 0.04131652640953602, 0.0951090795571785, 0.11511205292466502]","58_lag_amo3, 72_lag_scpPSLjfm, 58_lag_stratZ50ndj02, 56_lag_66_median_eurPSLjfm, 56_lag_66_median_eapPSLjfm, 56_lag_stratZ50ndj02, 71_lag_nppc2SSTjfm, 56_lag_59_median_shSICmar, 70_lag_shSICmar, 65_lag_eurPSLjfm, 59_lag_nhSICsep, 69_lag_nppc2SSTjfm, 56_lag_59_median_scpPSLjfm, 56_lag_61_median_AMOCann, 56_lag_59_median_stratZ50ndj01, 72_lag_atlSICsep, 56_lag_AMOCann, 68_lag_stratZ50ndj03, 58_lag_nppc2SSTjfm, 72_lag_shSICsep, 56_lag_shSICmar, 66_lag_nhSICsep, 56_lag_59_median_stratZ50ndj03, 56_lag_61_median_amo2, 64_lag_shSICmar, 56_lag_71_median_atlSICjfm, 56_lag_stratZ50ndj04, 67_lag_naoPSLjfm, 68_lag_nhSICsep, 74_lag_AMOCann_819_56"
LinearRegression,62,30,shSICmar,picntrl,1128.5,2050.5,0.4,77,57,57,15.436932421717326,-0.08333993317340459,819,"['75_lag_stratZ50ndj04', '57_lag_60_median_amoSSTjfm', '57_lag_61_median_eurPSLjfm', '75_lag_eurPSLjfm', '72_lag_shSICsep', '73_lag_AMOCann', '71_lag_scpPSLjfm', '64_lag_shSICmar', '72_lag_stratZ50ndj01', '62_lag_naoPSLjfm', '74_lag_AMOCann', '57_lag_60_median_stratZ50ndj01', '68_lag_AMOCann', '57_lag_68_median_amo2', '68_lag_nhSICsep', '67_lag_naoPSLjfm', '62_lag_amoSSTmjjaso', '59_lag_stratZ50ndj04', '71_lag_amo1', '64_lag_amo2', '60_lag_nppc2SSTjfm', '57_lag_65_median_nppc2SSTjfm', '57_lag_66_median_atlSICjfm', '57_lag_72_median_atlSICjfm', '57_lag_60_median_stratZ50ndj02', '69_lag_nhSICjfm', '57_lag_64_median_nhSICsep', '70_lag_nhSICjfm', '57_lag_62_median_amoSSTjfm', '57_lag_60_median_eurPSLjfm']","[0.06532945691446244, 0.10457452131392997, 0.0239209728190834, 0.11601774585076352, 0.015174607646247784, 0.06535490164486588, 0.007648262995013096, 0.04595226677720027, 0.013837522491669151, 0.008165956029342265, 0.11677681237921197, 0.1021093569470533, 0.0368094050313791, 0.05641211586645322, 0.10247481856446239, 0.024156134235243636, 0.04416215604893245, 0.10924751120674285, 0.011503447228222262, 0.007518019513819033, 0.17860945715885487, 0.6389119311654121, 0.30431808675174826, 0.28483020586446856, 0.18894467596306425, 0.14729943180981328, 0.02059484129546337, 0.018699624518403332, 0.033454306632638486, 0.11878394289756274]","75_lag_stratZ50ndj04, 57_lag_60_median_amoSSTjfm, 57_lag_61_median_eurPSLjfm, 75_lag_eurPSLjfm, 72_lag_shSICsep, 73_lag_AMOCann, 71_lag_scpPSLjfm, 64_lag_shSICmar, 72_lag_stratZ50ndj01, 62_lag_naoPSLjfm, 74_lag_AMOCann, 57_lag_60_median_stratZ50ndj01, 68_lag_AMOCann, 57_lag_68_median_amo2, 68_lag_nhSICsep, 67_lag_naoPSLjfm, 62_lag_amoSSTmjjaso, 59_lag_stratZ50ndj04, 71_lag_amo1, 64_lag_amo2, 60_lag_nppc2SSTjfm, 57_lag_65_median_nppc2SSTjfm, 57_lag_66_median_atlSICjfm, 57_lag_72_median_atlSICjfm, 57_lag_60_median_stratZ50ndj02, 69_lag_nhSICjfm, 57_lag_64_median_nhSICsep, 70_lag_nhSICjfm, 57_lag_62_median_amoSSTjfm, 57_lag_60_median_eurPSLjfm_819_57"
LinearRegression,63,30,shSICmar,picntrl,1129.5,2050.5,0.4,78,58,58,15.003129858578623,-0.021037772476158494,819,"['68_lag_stratZ50ndj02', '74_lag_nhSICsep', '72_lag_shSICsep', '73_lag_atlSICsep', '70_lag_shSICmar', '58_lag_68_median_nppc2SSTjfm', '58_lag_63_median_stratZ50ndj03', '69_lag_nhSICjfm', '58_lag_71_median_atlSICjfm', '58_lag_63_median_stratZ50ndj04', '62_lag_eurPSLjfm', '76_lag_stratZ50ndj02', '75_lag_amo3', '64_lag_AMOCann', '64_lag_stratZ50ndj01', '63_lag_naoPSLjfm', '74_lag_amo3', '58_lag_scpPSLjfm', '60_lag_AMOCann', '58_lag_61_median_nppc2SSTjfm', '69_lag_nppc2SSTjfm', '58_lag_61_median_scpPSLjfm', '58_lag_65_median_stratZ50ndj01', '58_lag_61_median_eapPSLjfm', '68_lag_nhSICsep', '58_lag_61_median_amoSSTjfm', '58_lag_65_median_amo3', '58_lag_63_median_stratZ50ndj01', '61_lag_shSICmar', '70_lag_nhSICjfm']","[0.009531822967326194, 0.017327248659948814, 6.277103158719125e-05, 0.15915184192386886, 0.053790571488285456, 0.4805196464155416, 0.021740868451521015, 0.10224644323360302, 0.005398504215812007, 0.09254039956750829, 0.0643631724672702, 0.04846211827938424, 0.05333660042030238, 0.15794391420510073, 0.04751794547355444, 0.011895912333659239, 0.06723230947939278, 0.09645490520700573, 0.031474864294349536, 0.10548951792857307, 0.08434976274940767, 0.10398329974521346, 0.2030392615605731, 0.004664012763321746, 0.09871685763489803, 0.020450818684229866, 0.04571871711439162, 0.01795713717286508, 0.06532715522767704, 0.03525707887642634]","68_lag_stratZ50ndj02, 74_lag_nhSICsep, 72_lag_shSICsep, 73_lag_atlSICsep, 70_lag_shSICmar, 58_lag_68_median_nppc2SSTjfm, 58_lag_63_median_stratZ50ndj03, 69_lag_nhSICjfm, 58_lag_71_median_atlSICjfm, 58_lag_63_median_stratZ50ndj04, 62_lag_eurPSLjfm, 76_lag_stratZ50ndj02, 75_lag_amo3, 64_lag_AMOCann, 64_lag_stratZ50ndj01, 63_lag_naoPSLjfm, 74_lag_amo3, 58_lag_scpPSLjfm, 60_lag_AMOCann, 58_lag_61_median_nppc2SSTjfm, 69_lag_nppc2SSTjfm, 58_lag_61_median_scpPSLjfm, 58_lag_65_median_stratZ50ndj01, 58_lag_61_median_eapPSLjfm, 68_lag_nhSICsep, 58_lag_61_median_amoSSTjfm, 58_lag_65_median_amo3, 58_lag_63_median_stratZ50ndj01, 61_lag_shSICmar, 70_lag_nhSICjfm_819_58"
LinearRegression,64,30,shSICmar,picntrl,1130.5,2050.5,0.4,79,59,59,15.92474249943211,-0.08360239833606162,819,"['71_lag_atlSICsep', '59_lag_64_median_nhSICsep', '59_lag_64_median_amo1', '73_lag_stratZ50ndj02', '59_lag_68_median_nppc2SSTjfm', '69_lag_nppc2SSTjfm', '59_lag_63_median_eapPSLjfm', '59_lag_70_median_amoSSTmjjaso', '77_lag_stratZ50ndj04', '75_lag_amoSSTjfm', '77_lag_amoSSTjfm', '65_lag_nppc2SSTjfm', '75_lag_amo3', '73_lag_shSICmar', '74_lag_AMOCann', '70_lag_shSICmar', '68_lag_nhSICjfm', '66_lag_nhSICsep', '61_lag_shSICsep', '78_lag_scpPSLjfm', '72_lag_stratZ50ndj01', '62_lag_shSICmar', '71_lag_nhSICjfm', '59_lag_62_median_stratZ50ndj04', '59_lag_74_median_naoPSLjfm', '70_lag_scpPSLjfm', '73_lag_atlSICsep', '59_lag_66_median_nhSICjfm', '59_lag_62_median_nppc2SSTjfm', '70_lag_nhSICjfm']","[0.09007580904246508, 0.14121902290274443, 0.16049399156376395, 0.07305795471186532, 0.28218071945783957, 0.1020698574053396, 0.00840536297248068, 0.039850842779054166, 0.029775296336917202, 0.19971538763785415, 0.10410456671457564, 0.03924069384248452, 0.21113535485767576, 0.12120498134340363, 0.09497741925226406, 0.08919134683835772, 0.011913745967570857, 0.012241109563309538, 0.1272772153813891, 0.0646886580662279, 0.019661083591495817, 0.20463985414871294, 0.05614030076043211, 0.1297075925912411, 0.537174926566976, 0.08424445453112164, 0.11147472548819926, 0.10792251966047739, 0.00785851177114754, 0.013986340049193446]","71_lag_atlSICsep, 59_lag_64_median_nhSICsep, 59_lag_64_median_amo1, 73_lag_stratZ50ndj02, 59_lag_68_median_nppc2SSTjfm, 69_lag_nppc2SSTjfm, 59_lag_63_median_eapPSLjfm, 59_lag_70_median_amoSSTmjjaso, 77_lag_stratZ50ndj04, 75_lag_amoSSTjfm, 77_lag_amoSSTjfm, 65_lag_nppc2SSTjfm, 75_lag_amo3, 73_lag_shSICmar, 74_lag_AMOCann, 70_lag_shSICmar, 68_lag_nhSICjfm, 66_lag_nhSICsep, 61_lag_shSICsep, 78_lag_scpPSLjfm, 72_lag_stratZ50ndj01, 62_lag_shSICmar, 71_lag_nhSICjfm, 59_lag_62_median_stratZ50ndj04, 59_lag_74_median_naoPSLjfm, 70_lag_scpPSLjfm, 73_lag_atlSICsep, 59_lag_66_median_nhSICjfm, 59_lag_62_median_nppc2SSTjfm, 70_lag_nhSICjfm_819_59"
LinearRegression,65,30,shSICmar,picntrl,1131.5,2050.5,0.4,80,60,60,16.575015861984188,-0.1362986896459063,819,"['62_lag_AMOCann', '66_lag_amo1', '60_lag_AMOCann', '76_lag_amo3', '69_lag_atlSICsep', '72_lag_nhSICsep', '60_lag_68_median_nppc2SSTjfm', '73_lag_stratZ50ndj02', '73_lag_amo1', '68_lag_nhSICjfm', '60_lag_66_median_amo1', '60_lag_66_median_amo2', '72_lag_stratZ50ndj01', '70_lag_amo3', '66_lag_shSICsep', '67_lag_atlSICsep', '70_lag_nhSICjfm', '68_lag_atlSICsep', '60_lag_75_median_nppc2SSTjfm', '62_lag_eurPSLjfm', '60_lag_65_median_nhSICjfm', '60_lag_73_median_stratZ50ndj01', '74_lag_AMOCann', '60_lag_66_median_stratZ50ndj01', '73_lag_atlSICsep', '60_lag_shSICsep', '77_lag_AMOCann', '60_lag_63_median_atlSICjfm', '73_lag_shSICmar', '60_lag_63_median_stratZ50ndj04']","[0.03616064427564507, 0.14530277771332803, 0.019094042259772497, 0.0007075825196631528, 0.10807390551762865, 0.10326333843203891, 0.27423171883842024, 0.13324638731933486, 0.16489336571245708, 0.07300138459020393, 0.3650530240526264, 0.01294088180875821, 0.008380518041590599, 0.12218977260723198, 0.055403909402416705, 0.05537521374654825, 0.05882903692172565, 0.030070925732894528, 0.24613745683347052, 0.07006662817152642, 0.08152175642174485, 0.06929623173655916, 0.13143104597651176, 0.2633105898658879, 0.17063328657777305, 0.03151751848373415, 0.17069766060723607, 0.03532646189420472, 0.1319876059415806, 0.10185887478057452]","62_lag_AMOCann, 66_lag_amo1, 60_lag_AMOCann, 76_lag_amo3, 69_lag_atlSICsep, 72_lag_nhSICsep, 60_lag_68_median_nppc2SSTjfm, 73_lag_stratZ50ndj02, 73_lag_amo1, 68_lag_nhSICjfm, 60_lag_66_median_amo1, 60_lag_66_median_amo2, 72_lag_stratZ50ndj01, 70_lag_amo3, 66_lag_shSICsep, 67_lag_atlSICsep, 70_lag_nhSICjfm, 68_lag_atlSICsep, 60_lag_75_median_nppc2SSTjfm, 62_lag_eurPSLjfm, 60_lag_65_median_nhSICjfm, 60_lag_73_median_stratZ50ndj01, 74_lag_AMOCann, 60_lag_66_median_stratZ50ndj01, 73_lag_atlSICsep, 60_lag_shSICsep, 77_lag_AMOCann, 60_lag_63_median_atlSICjfm, 73_lag_shSICmar, 60_lag_63_median_stratZ50ndj04_819_60"
LinearRegression,66,30,shSICmar,picntrl,1132.5,2050.5,0.4,81,61,61,15.882162547312538,-0.07055029626323044,819,"['61_lag_scpPSLjfm', '76_lag_amo3', '72_lag_nhSICsep', '77_lag_amo3', '73_lag_shSICsep', '61_lag_76_median_stratZ50ndj01', '66_lag_nppc2SSTjfm', '63_lag_AMOCann', '65_lag_atlSICjfm', '61_lag_68_median_nppc2SSTjfm', '61_lag_66_median_amo3', '61_lag_64_median_stratZ50ndj04', '74_lag_amoSSTjfm', '68_lag_nhSICjfm', '77_lag_scpPSLjfm', '67_lag_atlSICsep', '61_lag_shSICmar', '61_lag_67_median_amoSSTmjjaso', '73_lag_amo1', '70_lag_nhSICjfm', '66_lag_nhSICsep', '72_lag_shSICsep', '77_lag_AMOCann', '61_lag_67_median_amo2', '73_lag_nppc2SSTjfm', '61_lag_66_median_stratZ50ndj01', '61_lag_66_median_amo1', '74_lag_AMOCann', '61_lag_66_median_eapPSLjfm', '61_lag_64_median_nppc2SSTjfm']","[0.027541227610787304, 0.06083314077712369, 0.0794588092772254, 0.06721891760005656, 0.011777426940745407, 0.021017573683671773, 0.11810907738263544, 0.10122517165348434, 0.0028085914106859354, 0.30707929831945685, 0.08881586222779037, 0.052469898187588536, 0.14110019309746, 0.05309417854685867, 0.07666296695291004, 0.060137273120088645, 0.10765539393062305, 0.2113144741346106, 0.08775834401010849, 0.012400710630400021, 0.06133724503611329, 0.02275939878330684, 0.21467743841643736, 0.021356815035931617, 0.0747487853682268, 0.20231569012448344, 0.3920700540387684, 0.09581675276282144, 0.03543171252754517, 0.2072186925103614]","61_lag_scpPSLjfm, 76_lag_amo3, 72_lag_nhSICsep, 77_lag_amo3, 73_lag_shSICsep, 61_lag_76_median_stratZ50ndj01, 66_lag_nppc2SSTjfm, 63_lag_AMOCann, 65_lag_atlSICjfm, 61_lag_68_median_nppc2SSTjfm, 61_lag_66_median_amo3, 61_lag_64_median_stratZ50ndj04, 74_lag_amoSSTjfm, 68_lag_nhSICjfm, 77_lag_scpPSLjfm, 67_lag_atlSICsep, 61_lag_shSICmar, 61_lag_67_median_amoSSTmjjaso, 73_lag_amo1, 70_lag_nhSICjfm, 66_lag_nhSICsep, 72_lag_shSICsep, 77_lag_AMOCann, 61_lag_67_median_amo2, 73_lag_nppc2SSTjfm, 61_lag_66_median_stratZ50ndj01, 61_lag_66_median_amo1, 74_lag_AMOCann, 61_lag_66_median_eapPSLjfm, 61_lag_64_median_nppc2SSTjfm_819_61"
LinearRegression,67,30,shSICmar,picntrl,1133.5,2050.5,0.4,82,62,62,15.722450725302307,-0.10725001805651957,819,"['76_lag_amoSSTjfm', '75_lag_eapPSLjfm', '66_lag_nhSICsep', '72_lag_amo2', '70_lag_amo3', '67_lag_atlSICsep', '62_lag_72_median_nppc2SSTjfm', '72_lag_nppc2SSTjfm', '72_lag_amo3', '62_lag_65_median_AMOCann', '66_lag_eapPSLjfm', '80_lag_nhSICsep', '62_lag_66_median_stratZ50ndj01', '62_lag_66_median_amo3', '62_lag_68_median_amo2', '65_lag_atlSICjfm', '62_lag_66_median_naoPSLjfm', '68_lag_shSICmar', '70_lag_shSICmar', '73_lag_atlSICsep', '67_lag_naoPSLjfm', '72_lag_stratZ50ndj01', '66_lag_nppc2SSTjfm', '73_lag_stratZ50ndj02', '62_lag_69_median_nppc2SSTjfm', '76_lag_eapPSLjfm', '81_lag_nppc2SSTjfm', '77_lag_AMOCann', '62_lag_73_median_stratZ50ndj01', '74_lag_AMOCann']","[0.05080902384196365, 0.07364517687843247, 0.02080228744805921, 0.16369204142811405, 0.09080332995194801, 0.040496124386844384, 0.25882237196417474, 0.0663086281236796, 0.08652016439741747, 0.14332441999368936, 0.00874988134880506, 0.002880020017480944, 0.0014098285893365714, 0.04321760917822622, 0.013052540797375308, 0.000515213396861544, 0.038876839545096416, 0.13253496761854486, 0.07402601064428928, 0.16980563120466222, 0.005434424261647402, 0.03780421185436098, 0.12795740981864998, 0.08647048400521934, 0.2816201949446167, 0.0938962797532911, 0.09854985494787485, 0.23995612038965292, 0.10149109934281884, 0.12148300882242427]","76_lag_amoSSTjfm, 75_lag_eapPSLjfm, 66_lag_nhSICsep, 72_lag_amo2, 70_lag_amo3, 67_lag_atlSICsep, 62_lag_72_median_nppc2SSTjfm, 72_lag_nppc2SSTjfm, 72_lag_amo3, 62_lag_65_median_AMOCann, 66_lag_eapPSLjfm, 80_lag_nhSICsep, 62_lag_66_median_stratZ50ndj01, 62_lag_66_median_amo3, 62_lag_68_median_amo2, 65_lag_atlSICjfm, 62_lag_66_median_naoPSLjfm, 68_lag_shSICmar, 70_lag_shSICmar, 73_lag_atlSICsep, 67_lag_naoPSLjfm, 72_lag_stratZ50ndj01, 66_lag_nppc2SSTjfm, 73_lag_stratZ50ndj02, 62_lag_69_median_nppc2SSTjfm, 76_lag_eapPSLjfm, 81_lag_nppc2SSTjfm, 77_lag_AMOCann, 62_lag_73_median_stratZ50ndj01, 74_lag_AMOCann_819_62"
LinearRegression,68,30,shSICmar,picntrl,1134.5,2050.5,0.4,83,63,63,15.81106419746139,-0.12381465993035813,819,"['63_lag_68_median_eurPSLjfm', '67_lag_naoPSLjfm', '63_lag_70_median_nhSICsep', '69_lag_shSICsep', '78_lag_atlSICjfm', '75_lag_eapPSLjfm', '63_lag_72_median_nppc2SSTjfm', '82_lag_amoSSTjfm', '63_lag_68_median_atlSICjfm', '72_lag_stratZ50ndj01', '63_lag_73_median_stratZ50ndj01', '63_lag_70_median_atlSICsep', '63_lag_66_median_stratZ50ndj02', '63_lag_78_median_atlSICjfm', '82_lag_atlSICsep', '70_lag_shSICmar', '76_lag_amo3', '81_lag_atlSICjfm', '73_lag_stratZ50ndj02', '77_lag_scpPSLjfm', '73_lag_shSICsep', '77_lag_eurPSLjfm', '72_lag_naoPSLjfm', '77_lag_AMOCann', '63_lag_70_median_atlSICjfm', '63_lag_67_median_nhSICsep', '74_lag_shSICsep', '76_lag_eapPSLjfm', '63_lag_68_median_stratZ50ndj01', '81_lag_nppc2SSTjfm']","[0.06282143551190526, 0.006703651346355852, 0.2594927983564801, 0.06832932218053271, 0.014047059809240151, 0.1029601053895293, 0.21519257061734287, 0.07871771103598937, 0.013776503711344612, 0.0705928294734668, 0.18555745964857928, 0.2830814825786826, 0.0564939340508864, 0.2123688181912188, 0.0779233649970379, 0.10560210969527666, 0.06832416189961919, 0.012865118150610564, 0.09320062292096425, 0.08648509774093124, 0.04860498627949044, 0.07740930439919687, 0.101011467397152, 0.22051944822453295, 0.12709684757484088, 0.1203107620176288, 0.003423250350638948, 0.10610215602020998, 0.29641715839809657, 0.14316965755775268]","63_lag_68_median_eurPSLjfm, 67_lag_naoPSLjfm, 63_lag_70_median_nhSICsep, 69_lag_shSICsep, 78_lag_atlSICjfm, 75_lag_eapPSLjfm, 63_lag_72_median_nppc2SSTjfm, 82_lag_amoSSTjfm, 63_lag_68_median_atlSICjfm, 72_lag_stratZ50ndj01, 63_lag_73_median_stratZ50ndj01, 63_lag_70_median_atlSICsep, 63_lag_66_median_stratZ50ndj02, 63_lag_78_median_atlSICjfm, 82_lag_atlSICsep, 70_lag_shSICmar, 76_lag_amo3, 81_lag_atlSICjfm, 73_lag_stratZ50ndj02, 77_lag_scpPSLjfm, 73_lag_shSICsep, 77_lag_eurPSLjfm, 72_lag_naoPSLjfm, 77_lag_AMOCann, 63_lag_70_median_atlSICjfm, 63_lag_67_median_nhSICsep, 74_lag_shSICsep, 76_lag_eapPSLjfm, 63_lag_68_median_stratZ50ndj01, 81_lag_nppc2SSTjfm_819_63"
LinearRegression,69,30,shSICmar,picntrl,1135.5,2050.5,0.4,84,64,64,15.291953217421295,0.0077005835557447866,819,"['64_lag_71_median_nhSICjfm', '80_lag_eapPSLjfm', '81_lag_amo1', '80_lag_amo1', '64_lag_70_median_stratZ50ndj04', '68_lag_amoSSTmjjaso', '73_lag_shSICsep', '75_lag_amo3', '79_lag_naoPSLjfm', '67_lag_eurPSLjfm', '82_lag_amoSSTmjjaso', '82_lag_shSICmar', '64_lag_67_median_atlSICsep', '78_lag_atlSICsep', '76_lag_shSICsep', '73_lag_stratZ50ndj02', '75_lag_eapPSLjfm', '82_lag_atlSICsep', '73_lag_atlSICsep', '76_lag_amo3', '76_lag_eapPSLjfm', '70_lag_AMOCann', '64_lag_67_median_scpPSLjfm', '78_lag_nhSICjfm', '64_lag_69_median_nhSICjfm', '69_lag_shSICsep', '78_lag_atlSICjfm', '67_lag_atlSICsep', '64_lag_67_median_atlSICjfm', '70_lag_shSICmar']","[0.08791083244735663, 0.06214683583692234, 0.23699982424733135, 0.027944021870203083, 0.01993909323495092, 0.002636926167182598, 0.013981315659395145, 0.023528255497078945, 0.036186055030721004, 0.025663710308783946, 0.13236029384214587, 0.004747948793356346, 0.17946218791729177, 0.02814417509741252, 0.11873319083365046, 0.049680080582899494, 0.11794011805978553, 0.08806884313848586, 0.13931754073196767, 0.01210158815861044, 0.09026589387354665, 0.12860808556113268, 0.12520975939620835, 0.129201202716942, 0.011865738411600692, 0.04652555448837213, 0.03276478587227162, 0.07195600006749266, 0.031136513412483083, 0.07254516580474524]","64_lag_71_median_nhSICjfm, 80_lag_eapPSLjfm, 81_lag_amo1, 80_lag_amo1, 64_lag_70_median_stratZ50ndj04, 68_lag_amoSSTmjjaso, 73_lag_shSICsep, 75_lag_amo3, 79_lag_naoPSLjfm, 67_lag_eurPSLjfm, 82_lag_amoSSTmjjaso, 82_lag_shSICmar, 64_lag_67_median_atlSICsep, 78_lag_atlSICsep, 76_lag_shSICsep, 73_lag_stratZ50ndj02, 75_lag_eapPSLjfm, 82_lag_atlSICsep, 73_lag_atlSICsep, 76_lag_amo3, 76_lag_eapPSLjfm, 70_lag_AMOCann, 64_lag_67_median_scpPSLjfm, 78_lag_nhSICjfm, 64_lag_69_median_nhSICjfm, 69_lag_shSICsep, 78_lag_atlSICjfm, 67_lag_atlSICsep, 64_lag_67_median_atlSICjfm, 70_lag_shSICmar_819_64"
LinearRegression,70,30,shSICmar,picntrl,1136.5,2050.5,0.4,85,65,65,15.424185335590286,-0.10537527985261473,819,"['75_lag_eapPSLjfm', '72_lag_nhSICsep', '65_lag_74_median_eapPSLjfm', '82_lag_nppc2SSTjfm', '76_lag_amo3', '82_lag_naoPSLjfm', '83_lag_stratZ50ndj02', '68_lag_shSICmar', '65_lag_82_median_eurPSLjfm', '82_lag_amoSSTmjjaso', '81_lag_AMOCann', '65_lag_72_median_scpPSLjfm', '70_lag_nhSICsep', '73_lag_atlSICsep', '65_lag_70_median_scpPSLjfm', '82_lag_nhSICjfm', '65_lag_eurPSLjfm', '72_lag_nhSICjfm', '65_lag_70_median_eapPSLjfm', '65_lag_80_median_stratZ50ndj01', '73_lag_stratZ50ndj02', '65_lag_amoSSTmjjaso', '65_lag_72_median_naoPSLjfm', '65_lag_74_median_nppc2SSTjfm', '75_lag_amo3', '65_lag_68_median_amoSSTjfm', '81_lag_nppc2SSTjfm', '78_lag_atlSICjfm', '69_lag_shSICsep', '70_lag_shSICmar']","[0.10360424149382196, 0.12725919142665407, 0.4282479757639062, 0.00847351234537982, 0.01008090060003503, 0.15647014528625075, 0.10878215741939057, 0.10839827658185498, 0.006456979700774829, 0.07869882934767942, 0.026601748263149032, 0.07311321097814258, 0.006774734889294545, 0.17513302336189931, 0.02512288623900702, 0.022479326969247485, 0.09934645500527138, 0.15851414494059923, 0.3125135300719001, 0.033271237012060986, 0.11814144895054823, 0.018555082706530154, 0.27216045198073774, 0.160928885402488, 0.006538767009650254, 0.18982424544253032, 0.06317254043278481, 0.01880462219261087, 0.11657033733064347, 0.07713522618092358]","75_lag_eapPSLjfm, 72_lag_nhSICsep, 65_lag_74_median_eapPSLjfm, 82_lag_nppc2SSTjfm, 76_lag_amo3, 82_lag_naoPSLjfm, 83_lag_stratZ50ndj02, 68_lag_shSICmar, 65_lag_82_median_eurPSLjfm, 82_lag_amoSSTmjjaso, 81_lag_AMOCann, 65_lag_72_median_scpPSLjfm, 70_lag_nhSICsep, 73_lag_atlSICsep, 65_lag_70_median_scpPSLjfm, 82_lag_nhSICjfm, 65_lag_eurPSLjfm, 72_lag_nhSICjfm, 65_lag_70_median_eapPSLjfm, 65_lag_80_median_stratZ50ndj01, 73_lag_stratZ50ndj02, 65_lag_amoSSTmjjaso, 65_lag_72_median_naoPSLjfm, 65_lag_74_median_nppc2SSTjfm, 75_lag_amo3, 65_lag_68_median_amoSSTjfm, 81_lag_nppc2SSTjfm, 78_lag_atlSICjfm, 69_lag_shSICsep, 70_lag_shSICmar_819_65"
LinearRegression,71,30,shSICmar,picntrl,1137.5,2050.5,0.4,86,66,66,15.690771189884993,-0.16125074546204204,819,"['66_lag_75_median_naoPSLjfm', '76_lag_AMOCann', '66_lag_85_median_nhSICjfm', '66_lag_eapPSLjfm', '77_lag_amoSSTmjjaso', '66_lag_69_median_stratZ50ndj01', '69_lag_shSICsep', '74_lag_nhSICjfm', '82_lag_amoSSTjfm', '79_lag_shSICmar', '66_lag_69_median_amoSSTjfm', '75_lag_eapPSLjfm', '72_lag_AMOCann', '76_lag_amo3', '66_lag_79_median_atlSICjfm', '73_lag_stratZ50ndj02', '66_lag_69_median_amo3', '82_lag_shSICmar', '66_lag_69_median_stratZ50ndj04', '83_lag_amo1', '66_lag_71_median_amo3', '66_lag_77_median_atlSICjfm', '76_lag_amoSSTmjjaso', '66_lag_shSICmar', '70_lag_shSICmar', '66_lag_71_median_amoSSTmjjaso', '66_lag_69_median_scpPSLjfm', '78_lag_nhSICjfm', '66_lag_69_median_eapPSLjfm', '82_lag_amoSSTmjjaso']","[0.2395794614780674, 0.20668878480472713, 0.49929225217876655, 0.009410704940271781, 0.03467374860081707, 0.02357263466395628, 0.12890961391248504, 0.009625651296743169, 0.23160845694353885, 0.06186592554314662, 0.02236145163664467, 0.10508831913137755, 0.03591281806849585, 0.05513519305749103, 0.20784660329175816, 0.046445687821098376, 0.19619709771831315, 0.023277467947659693, 0.027997572499762563, 0.060102381936188165, 0.2797969662872681, 0.2565597622792848, 0.105530522109266, 0.06815617568644228, 0.03981654878367587, 0.05415295450526112, 0.12023115391933115, 0.15400531003496531, 0.02600324215783198, 0.17531834290544532]","66_lag_75_median_naoPSLjfm, 76_lag_AMOCann, 66_lag_85_median_nhSICjfm, 66_lag_eapPSLjfm, 77_lag_amoSSTmjjaso, 66_lag_69_median_stratZ50ndj01, 69_lag_shSICsep, 74_lag_nhSICjfm, 82_lag_amoSSTjfm, 79_lag_shSICmar, 66_lag_69_median_amoSSTjfm, 75_lag_eapPSLjfm, 72_lag_AMOCann, 76_lag_amo3, 66_lag_79_median_atlSICjfm, 73_lag_stratZ50ndj02, 66_lag_69_median_amo3, 82_lag_shSICmar, 66_lag_69_median_stratZ50ndj04, 83_lag_amo1, 66_lag_71_median_amo3, 66_lag_77_median_atlSICjfm, 76_lag_amoSSTmjjaso, 66_lag_shSICmar, 70_lag_shSICmar, 66_lag_71_median_amoSSTmjjaso, 66_lag_69_median_scpPSLjfm, 78_lag_nhSICjfm, 66_lag_69_median_eapPSLjfm, 82_lag_amoSSTmjjaso_819_66"
LinearRegression,72,30,shSICmar,picntrl,1138.5,2050.5,0.4,87,67,67,15.456641513219854,-0.09528053679955868,819,"['74_lag_AMOCann', '86_lag_nhSICjfm', '81_lag_eurPSLjfm', '80_lag_nppc2SSTjfm', '73_lag_stratZ50ndj02', '67_lag_72_median_amo3', '70_lag_amo3', '80_lag_stratZ50ndj04', '79_lag_stratZ50ndj03', '85_lag_stratZ50ndj03', '72_lag_stratZ50ndj03', '79_lag_shSICmar', '81_lag_amo1', '84_lag_nhSICjfm', '78_lag_nhSICjfm', '81_lag_atlSICjfm', '67_lag_80_median_shSICsep', '67_lag_72_median_eurPSLjfm', '69_lag_scpPSLjfm', '83_lag_nhSICsep', '78_lag_amoSSTmjjaso', '82_lag_amoSSTmjjaso', '67_lag_70_median_scpPSLjfm', '67_lag_77_median_atlSICjfm', '81_lag_shSICsep', '81_lag_nppc2SSTjfm', '67_lag_72_median_amoSSTmjjaso', '84_lag_AMOCann', '86_lag_atlSICsep', '86_lag_AMOCann']","[0.15517837742187257, 0.1188686119722991, 0.009912782699372152, 0.03614129080595077, 0.06168053766355259, 0.00266413750907053, 0.10388419433514463, 0.11814324821581836, 0.024402590419705213, 0.06740916431588793, 0.05405374739065481, 0.000822662563340629, 0.2443868641358432, 0.07101617796450135, 0.0707112793252528, 0.059902720440238796, 0.01649998067688669, 0.029245465236738294, 0.12786172780726482, 0.0943479788581198, 0.0746061245285735, 0.10114459814570445, 0.15830391115187278, 0.24400539156382567, 0.0282082260012565, 0.042724757407899924, 0.1360144083374809, 0.0790645014037508, 0.10483486869551019, 0.050466637193798035]","74_lag_AMOCann, 86_lag_nhSICjfm, 81_lag_eurPSLjfm, 80_lag_nppc2SSTjfm, 73_lag_stratZ50ndj02, 67_lag_72_median_amo3, 70_lag_amo3, 80_lag_stratZ50ndj04, 79_lag_stratZ50ndj03, 85_lag_stratZ50ndj03, 72_lag_stratZ50ndj03, 79_lag_shSICmar, 81_lag_amo1, 84_lag_nhSICjfm, 78_lag_nhSICjfm, 81_lag_atlSICjfm, 67_lag_80_median_shSICsep, 67_lag_72_median_eurPSLjfm, 69_lag_scpPSLjfm, 83_lag_nhSICsep, 78_lag_amoSSTmjjaso, 82_lag_amoSSTmjjaso, 67_lag_70_median_scpPSLjfm, 67_lag_77_median_atlSICjfm, 81_lag_shSICsep, 81_lag_nppc2SSTjfm, 67_lag_72_median_amoSSTmjjaso, 84_lag_AMOCann, 86_lag_atlSICsep, 86_lag_AMOCann_819_67"
LinearRegression,73,30,shSICmar,picntrl,1139.5,2050.5,0.4,88,68,68,16.228356859421353,-0.11776800621912123,819,"['72_lag_naoPSLjfm', '77_lag_AMOCann', '83_lag_nhSICsep', '77_lag_stratZ50ndj01', '75_lag_atlSICsep', '68_lag_71_median_amo3', '72_lag_stratZ50ndj03', '81_lag_eurPSLjfm', '68_lag_77_median_eurPSLjfm', '68_lag_71_median_amoSSTjfm', '73_lag_atlSICsep', '79_lag_naoPSLjfm', '82_lag_atlSICsep', '73_lag_stratZ50ndj01', '84_lag_shSICmar', '82_lag_stratZ50ndj04', '86_lag_AMOCann', '71_lag_eapPSLjfm', '84_lag_atlSICjfm', '81_lag_shSICsep', '68_lag_73_median_amoSSTmjjaso', '73_lag_amo1', '81_lag_nppc2SSTjfm', '81_lag_amo1', '82_lag_amoSSTmjjaso', '85_lag_stratZ50ndj03', '84_lag_AMOCann', '87_lag_nhSICjfm', '81_lag_atlSICjfm', '86_lag_atlSICsep']","[0.07888693320876108, 0.21492423586720577, 0.10869381138948873, 0.0580807464025691, 0.10057078405844531, 0.07010294950460592, 0.06257406905916726, 0.005354007197667522, 0.015031457928105216, 0.184577860436622, 0.19559910206008477, 0.03031843675850066, 0.061523520100125774, 0.059155020457387436, 0.1535540303201759, 0.15205628125554072, 0.059778086267856495, 0.044318568187383486, 0.07285835675338043, 0.08664391015166709, 0.10498496594384835, 0.1117159062550643, 0.054415559487785585, 0.22911842198754323, 0.1413485732408449, 0.0804698949147593, 0.04718553126258764, 0.0930562349563612, 0.09554487090467714, 0.11274531172047517]","72_lag_naoPSLjfm, 77_lag_AMOCann, 83_lag_nhSICsep, 77_lag_stratZ50ndj01, 75_lag_atlSICsep, 68_lag_71_median_amo3, 72_lag_stratZ50ndj03, 81_lag_eurPSLjfm, 68_lag_77_median_eurPSLjfm, 68_lag_71_median_amoSSTjfm, 73_lag_atlSICsep, 79_lag_naoPSLjfm, 82_lag_atlSICsep, 73_lag_stratZ50ndj01, 84_lag_shSICmar, 82_lag_stratZ50ndj04, 86_lag_AMOCann, 71_lag_eapPSLjfm, 84_lag_atlSICjfm, 81_lag_shSICsep, 68_lag_73_median_amoSSTmjjaso, 73_lag_amo1, 81_lag_nppc2SSTjfm, 81_lag_amo1, 82_lag_amoSSTmjjaso, 85_lag_stratZ50ndj03, 84_lag_AMOCann, 87_lag_nhSICjfm, 81_lag_atlSICjfm, 86_lag_atlSICsep_819_68"
LinearRegression,74,30,shSICmar,picntrl,1140.5,2050.5,0.4,89,69,69,16.12037894440233,-0.12337162863151342,819,"['83_lag_nppc2SSTjfm', '82_lag_stratZ50ndj04', '69_lag_74_median_shSICmar', '75_lag_eapPSLjfm', '85_lag_amo2', '83_lag_nhSICsep', '73_lag_eapPSLjfm', '81_lag_amo1', '88_lag_eapPSLjfm', '73_lag_shSICsep', '69_lag_eapPSLjfm', '69_lag_atlSICsep', '69_lag_72_median_shSICmar', '73_lag_stratZ50ndj04', '85_lag_shSICmar', '81_lag_amo2', '71_lag_AMOCann', '75_lag_stratZ50ndj04', '69_lag_73_median_amoSSTmjjaso', '79_lag_amo3', '80_lag_amo2', '84_lag_AMOCann', '69_lag_atlSICjfm', '82_lag_amoSSTmjjaso', '87_lag_nhSICjfm', '86_lag_atlSICsep', '86_lag_shSICsep', '85_lag_stratZ50ndj03', '81_lag_atlSICjfm', '81_lag_nppc2SSTjfm']","[0.004133742792409597, 0.15463707305967922, 0.2429797970395573, 0.11120675147215923, 0.14637245601125837, 0.1412212495589063, 0.060282817350981836, 0.1811555669278355, 0.09475780635010862, 0.06648702153526614, 0.05460319758266249, 0.15127444002017634, 0.14050795833316151, 0.028245355917457752, 0.1043819676763061, 0.11396237179058552, 0.06237452959337252, 0.05403908238873009, 0.09653584386090294, 0.13159361616231122, 0.00337670754528515, 0.12405035246369209, 0.042668760329773014, 0.06206759673378613, 0.05360852170453692, 0.13288015488324864, 0.10784593120247808, 0.09062141843490631, 0.12543133796146907, 0.0953591365058265]","83_lag_nppc2SSTjfm, 82_lag_stratZ50ndj04, 69_lag_74_median_shSICmar, 75_lag_eapPSLjfm, 85_lag_amo2, 83_lag_nhSICsep, 73_lag_eapPSLjfm, 81_lag_amo1, 88_lag_eapPSLjfm, 73_lag_shSICsep, 69_lag_eapPSLjfm, 69_lag_atlSICsep, 69_lag_72_median_shSICmar, 73_lag_stratZ50ndj04, 85_lag_shSICmar, 81_lag_amo2, 71_lag_AMOCann, 75_lag_stratZ50ndj04, 69_lag_73_median_amoSSTmjjaso, 79_lag_amo3, 80_lag_amo2, 84_lag_AMOCann, 69_lag_atlSICjfm, 82_lag_amoSSTmjjaso, 87_lag_nhSICjfm, 86_lag_atlSICsep, 86_lag_shSICsep, 85_lag_stratZ50ndj03, 81_lag_atlSICjfm, 81_lag_nppc2SSTjfm_819_69"
LinearRegression,75,30,shSICmar,picntrl,1141.5,2050.5,0.4,90,70,70,15.749939180281137,-0.07844510837713278,819,"['77_lag_AMOCann', '86_lag_stratZ50ndj03', '73_lag_stratZ50ndj02', '86_lag_atlSICsep', '70_lag_77_median_stratZ50ndj01', '70_lag_73_median_nhSICjfm', '70_lag_scpPSLjfm', '81_lag_amo2', '85_lag_shSICmar', '70_lag_75_median_AMOCann', '70_lag_nhSICjfm', '87_lag_nhSICjfm', '81_lag_nppc2SSTjfm', '75_lag_atlSICsep', '82_lag_atlSICsep', '87_lag_eapPSLjfm', '70_lag_73_median_amoSSTmjjaso', '78_lag_stratZ50ndj02', '70_lag_79_median_naoPSLjfm', '81_lag_amo1', '85_lag_amo2', '88_lag_nhSICsep', '80_lag_atlSICjfm', '84_lag_AMOCann', '73_lag_shSICsep', '70_lag_73_median_nppc2SSTjfm', '70_lag_77_median_nppc2SSTjfm', '81_lag_atlSICjfm', '82_lag_amoSSTmjjaso', '89_lag_stratZ50ndj03']","[0.24526067230188825, 0.03943941781888282, 0.05859762635405793, 0.11934872830120408, 0.06562605580328838, 0.03549939495605282, 0.052023431228781884, 0.1098196007451781, 0.08016052172945576, 0.12794184695189878, 0.020071521863629944, 0.1259032951282403, 0.09101415206309524, 0.10068918589206322, 0.057739762675475675, 0.10140581995254223, 0.0712423696822345, 0.1128255574059426, 0.06652639971848316, 0.23673775365755484, 0.10705059175064943, 0.10280413767093739, 0.1055679269746442, 0.04516029631801244, 0.03254945915124329, 0.09090583769509543, 0.13225277685104195, 0.09879698054640108, 0.07158812570059576, 0.129205290461814]","77_lag_AMOCann, 86_lag_stratZ50ndj03, 73_lag_stratZ50ndj02, 86_lag_atlSICsep, 70_lag_77_median_stratZ50ndj01, 70_lag_73_median_nhSICjfm, 70_lag_scpPSLjfm, 81_lag_amo2, 85_lag_shSICmar, 70_lag_75_median_AMOCann, 70_lag_nhSICjfm, 87_lag_nhSICjfm, 81_lag_nppc2SSTjfm, 75_lag_atlSICsep, 82_lag_atlSICsep, 87_lag_eapPSLjfm, 70_lag_73_median_amoSSTmjjaso, 78_lag_stratZ50ndj02, 70_lag_79_median_naoPSLjfm, 81_lag_amo1, 85_lag_amo2, 88_lag_nhSICsep, 80_lag_atlSICjfm, 84_lag_AMOCann, 73_lag_shSICsep, 70_lag_73_median_nppc2SSTjfm, 70_lag_77_median_nppc2SSTjfm, 81_lag_atlSICjfm, 82_lag_amoSSTmjjaso, 89_lag_stratZ50ndj03_819_70"
LinearRegression,76,30,shSICmar,picntrl,1142.5,2050.5,0.4,91,71,71,15.57869712755333,-0.05211825558449033,819,"['76_lag_AMOCann', '85_lag_nppc2SSTjfm', '88_lag_nhSICjfm', '73_lag_nppc2SSTjfm', '88_lag_atlSICjfm', '81_lag_atlSICjfm', '71_lag_88_median_scpPSLjfm', '78_lag_nppc2SSTjfm', '88_lag_amoSSTmjjaso', '88_lag_eapPSLjfm', '85_lag_scpPSLjfm', '89_lag_AMOCann', '75_lag_atlSICsep', '84_lag_shSICmar', '89_lag_shSICmar', '73_lag_atlSICsep', '71_lag_82_median_AMOCann', '87_lag_amo3', '71_lag_78_median_amo3', '83_lag_nhSICjfm', '89_lag_atlSICsep', '88_lag_stratZ50ndj02', '88_lag_nhSICsep', '87_lag_eapPSLjfm', '81_lag_amo1', '80_lag_atlSICjfm', '71_lag_74_median_stratZ50ndj02', '82_lag_amoSSTmjjaso', '71_lag_74_median_amo2', '89_lag_stratZ50ndj03']","[0.04948800379126908, 0.13867996865838692, 0.13220986323113762, 0.046731383312445994, 0.14222840993676997, 0.08857565660684502, 0.21227607621986602, 0.008310790751926058, 0.08206422832044293, 0.058454802145857875, 0.06387336189356868, 0.028104459413000996, 0.042200308250478304, 0.08525993778257993, 0.01384579274917723, 0.14281144616140634, 0.4095253780616033, 0.02066901356897039, 0.09660664942535586, 0.10461217425143358, 0.11486103736999496, 0.07098860765232023, 0.1485235222613513, 0.11027112511489032, 0.16972399370348037, 0.08630485676079408, 0.0799996494490016, 0.09048049397635921, 0.24008180341016805, 0.13903147383513323]","76_lag_AMOCann, 85_lag_nppc2SSTjfm, 88_lag_nhSICjfm, 73_lag_nppc2SSTjfm, 88_lag_atlSICjfm, 81_lag_atlSICjfm, 71_lag_88_median_scpPSLjfm, 78_lag_nppc2SSTjfm, 88_lag_amoSSTmjjaso, 88_lag_eapPSLjfm, 85_lag_scpPSLjfm, 89_lag_AMOCann, 75_lag_atlSICsep, 84_lag_shSICmar, 89_lag_shSICmar, 73_lag_atlSICsep, 71_lag_82_median_AMOCann, 87_lag_amo3, 71_lag_78_median_amo3, 83_lag_nhSICjfm, 89_lag_atlSICsep, 88_lag_stratZ50ndj02, 88_lag_nhSICsep, 87_lag_eapPSLjfm, 81_lag_amo1, 80_lag_atlSICjfm, 71_lag_74_median_stratZ50ndj02, 82_lag_amoSSTmjjaso, 71_lag_74_median_amo2, 89_lag_stratZ50ndj03_819_71"
LinearRegression,77,30,shSICmar,picntrl,1143.5,2050.5,0.4,92,72,72,15.830237192304779,-0.029490533856340637,819,"['85_lag_eapPSLjfm', '72_lag_89_median_scpPSLjfm', '81_lag_atlSICjfm', '74_lag_nhSICjfm', '77_lag_atlSICsep', '88_lag_nhSICsep', '72_lag_scpPSLjfm', '88_lag_stratZ50ndj02', '72_lag_75_median_naoPSLjfm', '75_lag_AMOCann', '80_lag_atlSICjfm', '85_lag_amo2', '72_lag_75_median_amoSSTmjjaso', '85_lag_nppc2SSTjfm', '75_lag_amo1', '90_lag_AMOCann', '87_lag_nhSICjfm', '72_lag_75_median_AMOCann', '88_lag_eapPSLjfm', '85_lag_scpPSLjfm', '91_lag_amoSSTmjjaso', '82_lag_amoSSTmjjaso', '81_lag_nppc2SSTjfm', '89_lag_AMOCann', '72_lag_77_median_scpPSLjfm', '87_lag_eapPSLjfm', '89_lag_stratZ50ndj03', '72_lag_75_median_nppc2SSTjfm', '81_lag_amo1', '72_lag_79_median_scpPSLjfm']","[0.0904190379127913, 0.3023058172269484, 0.10933822592564826, 0.04648008297095088, 0.042170891094074354, 0.11070776127293842, 0.10060712374085923, 0.08376573287489482, 0.15159898230886776, 0.1634370844695934, 0.11488177388872942, 0.16922829209416307, 0.0366953375307486, 0.15500904128261692, 0.10502080101798211, 0.010379830643850861, 0.137480067051601, 0.023472549824418862, 0.052076469088290195, 0.06140570352059817, 0.12086157516191848, 0.1016755022920118, 0.10860027112502567, 0.015588171219023297, 0.04118190313200101, 0.08826356418403407, 0.15934431990035372, 0.020221189616274504, 0.20245270558702502, 0.18115619694520294]","85_lag_eapPSLjfm, 72_lag_89_median_scpPSLjfm, 81_lag_atlSICjfm, 74_lag_nhSICjfm, 77_lag_atlSICsep, 88_lag_nhSICsep, 72_lag_scpPSLjfm, 88_lag_stratZ50ndj02, 72_lag_75_median_naoPSLjfm, 75_lag_AMOCann, 80_lag_atlSICjfm, 85_lag_amo2, 72_lag_75_median_amoSSTmjjaso, 85_lag_nppc2SSTjfm, 75_lag_amo1, 90_lag_AMOCann, 87_lag_nhSICjfm, 72_lag_75_median_AMOCann, 88_lag_eapPSLjfm, 85_lag_scpPSLjfm, 91_lag_amoSSTmjjaso, 82_lag_amoSSTmjjaso, 81_lag_nppc2SSTjfm, 89_lag_AMOCann, 72_lag_77_median_scpPSLjfm, 87_lag_eapPSLjfm, 89_lag_stratZ50ndj03, 72_lag_75_median_nppc2SSTjfm, 81_lag_amo1, 72_lag_79_median_scpPSLjfm_819_72"
LinearRegression,78,30,shSICmar,picntrl,1144.5,2050.5,0.4,93,73,73,15.423088828729473,-0.04024883472207449,819,"['85_lag_stratZ50ndj04', '77_lag_amoSSTmjjaso', '86_lag_stratZ50ndj04', '88_lag_eapPSLjfm', '76_lag_AMOCann', '80_lag_amoSSTmjjaso', '89_lag_atlSICsep', '73_lag_82_median_naoPSLjfm', '73_lag_82_median_eapPSLjfm', '76_lag_stratZ50ndj01', '88_lag_stratZ50ndj02', '87_lag_shSICsep', '81_lag_atlSICjfm', '80_lag_atlSICjfm', '85_lag_nppc2SSTjfm', '79_lag_naoPSLjfm', '73_lag_92_median_amoSSTmjjaso', '80_lag_amo1', '73_lag_nppc2SSTjfm', '73_lag_79_median_scpPSLjfm', '81_lag_nppc2SSTjfm', '88_lag_nhSICsep', '73_lag_76_median_atlSICjfm', '73_lag_80_median_eurPSLjfm', '89_lag_AMOCann', '87_lag_eapPSLjfm', '82_lag_amoSSTmjjaso', '89_lag_stratZ50ndj03', '81_lag_amo1', '73_lag_76_median_stratZ50ndj01']","[0.1532862478009626, 0.030327754222311383, 0.08328250709322677, 0.05140704106691544, 0.18014800750038124, 0.043030357550325145, 0.011700523131721974, 0.05372316580049955, 0.1593394384831668, 0.12109204823621159, 0.07446929192206665, 0.005619081809032605, 0.06128417272847344, 0.1081373295690663, 0.12682395088741646, 0.032231392048471814, 0.13629029239400964, 0.02386578143308444, 0.001963221089393754, 0.09995917860265424, 0.08940728429744435, 0.0630375135900527, 0.03409350682743532, 0.12760706380363604, 0.016419779780644995, 0.11999862063605371, 0.08227019477499264, 0.12032833668922001, 0.23244721625379003, 0.13693833567627647]","85_lag_stratZ50ndj04, 77_lag_amoSSTmjjaso, 86_lag_stratZ50ndj04, 88_lag_eapPSLjfm, 76_lag_AMOCann, 80_lag_amoSSTmjjaso, 89_lag_atlSICsep, 73_lag_82_median_naoPSLjfm, 73_lag_82_median_eapPSLjfm, 76_lag_stratZ50ndj01, 88_lag_stratZ50ndj02, 87_lag_shSICsep, 81_lag_atlSICjfm, 80_lag_atlSICjfm, 85_lag_nppc2SSTjfm, 79_lag_naoPSLjfm, 73_lag_92_median_amoSSTmjjaso, 80_lag_amo1, 73_lag_nppc2SSTjfm, 73_lag_79_median_scpPSLjfm, 81_lag_nppc2SSTjfm, 88_lag_nhSICsep, 73_lag_76_median_atlSICjfm, 73_lag_80_median_eurPSLjfm, 89_lag_AMOCann, 87_lag_eapPSLjfm, 82_lag_amoSSTmjjaso, 89_lag_stratZ50ndj03, 81_lag_amo1, 73_lag_76_median_stratZ50ndj01_819_73"
LinearRegression,79,30,shSICmar,picntrl,1145.5,2050.5,0.4,94,74,74,15.514329417505959,-0.027686930370915776,819,"['74_lag_89_median_amo3', '74_lag_82_median_naoPSLjfm', '81_lag_nppc2SSTjfm', '74_lag_77_median_nppc2SSTjfm', '74_lag_80_median_amoSSTjfm', '74_lag_nhSICjfm', '77_lag_atlSICsep', '83_lag_atlSICsep', '80_lag_atlSICjfm', '74_lag_77_median_scpPSLjfm', '91_lag_amoSSTmjjaso', '74_lag_79_median_scpPSLjfm', '81_lag_atlSICjfm', '79_lag_naoPSLjfm', '89_lag_atlSICjfm', '74_lag_77_median_shSICmar', '87_lag_eapPSLjfm', '88_lag_stratZ50ndj02', '74_lag_77_median_amoSSTjfm', '78_lag_amo1', '88_lag_eapPSLjfm', '88_lag_nhSICsep', '74_lag_77_median_stratZ50ndj02', '82_lag_amoSSTmjjaso', '89_lag_stratZ50ndj03', '85_lag_nppc2SSTjfm', '85_lag_stratZ50ndj04', '74_lag_79_median_stratZ50ndj04', '74_lag_82_median_atlSICjfm', '81_lag_amo1']","[0.3090575491766935, 0.10511974843822336, 0.08863243514666404, 0.04069531896810287, 0.45586140348352067, 0.01734582173222596, 0.1058738367011523, 0.06321189048277424, 0.12965298101233397, 0.04396007356965097, 0.10453491395532197, 0.27920085485238094, 0.02958651182181433, 0.032529379154278656, 0.03385361816303454, 0.07711089079929033, 0.0994887703410331, 0.08117907289620119, 0.15623291327779698, 0.018122043433769976, 0.06704890726287047, 0.06271620856996486, 0.05821934310564173, 0.111696781696007, 0.15459590843737986, 0.11753976500003287, 0.12484472933497176, 0.2656103008581462, 0.24349449304390763, 0.18558512197077737]","74_lag_89_median_amo3, 74_lag_82_median_naoPSLjfm, 81_lag_nppc2SSTjfm, 74_lag_77_median_nppc2SSTjfm, 74_lag_80_median_amoSSTjfm, 74_lag_nhSICjfm, 77_lag_atlSICsep, 83_lag_atlSICsep, 80_lag_atlSICjfm, 74_lag_77_median_scpPSLjfm, 91_lag_amoSSTmjjaso, 74_lag_79_median_scpPSLjfm, 81_lag_atlSICjfm, 79_lag_naoPSLjfm, 89_lag_atlSICjfm, 74_lag_77_median_shSICmar, 87_lag_eapPSLjfm, 88_lag_stratZ50ndj02, 74_lag_77_median_amoSSTjfm, 78_lag_amo1, 88_lag_eapPSLjfm, 88_lag_nhSICsep, 74_lag_77_median_stratZ50ndj02, 82_lag_amoSSTmjjaso, 89_lag_stratZ50ndj03, 85_lag_nppc2SSTjfm, 85_lag_stratZ50ndj04, 74_lag_79_median_stratZ50ndj04, 74_lag_82_median_atlSICjfm, 81_lag_amo1_819_74"
LinearRegression,80,30,shSICmar,picntrl,1146.5,2050.5,0.4,95,75,75,15.19092505957171,0.009664050262138135,819,"['75_lag_86_median_scpPSLjfm', '91_lag_scpPSLjfm', '75_lag_82_median_stratZ50ndj01', '75_lag_shSICmar', '89_lag_amo1', '88_lag_nhSICsep', '85_lag_naoPSLjfm', '81_lag_atlSICjfm', '89_lag_AMOCann', '81_lag_scpPSLjfm', '75_lag_82_median_atlSICjfm', '85_lag_stratZ50ndj04', '75_lag_82_median_nppc2SSTjfm', '91_lag_amoSSTmjjaso', '82_lag_nhSICjfm', '85_lag_nppc2SSTjfm', '81_lag_AMOCann', '89_lag_stratZ50ndj03', '75_lag_78_median_scpPSLjfm', '87_lag_eapPSLjfm', '80_lag_atlSICjfm', '75_lag_amo1', '75_lag_78_median_nhSICjfm', '84_lag_scpPSLjfm', '75_lag_80_median_stratZ50ndj03', '87_lag_AMOCann', '75_lag_80_median_amoSSTjfm', '82_lag_amoSSTmjjaso', '75_lag_78_median_stratZ50ndj01', '81_lag_amo1']","[0.2897984418967601, 0.01018008929649776, 0.16655914034038424, 0.009947767891204601, 0.009139867304957895, 0.054377745219380075, 0.047368161377222086, 0.07466450685071047, 0.008830353636411032, 0.04907246440743972, 0.16760289448418772, 0.13760336355481714, 0.1743148709892568, 0.07608057505095776, 0.056942398169119425, 0.11113976512067857, 0.06678557536366145, 0.1383980703344526, 0.15610006989906366, 0.08382959516844199, 0.11461720428256582, 0.10093387971063326, 0.08735772540323289, 0.04220288992073123, 0.050546914348253466, 0.040478874411935636, 0.21262223415788056, 0.0978641058752131, 0.06884953370237613, 0.18578689628377107]","75_lag_86_median_scpPSLjfm, 91_lag_scpPSLjfm, 75_lag_82_median_stratZ50ndj01, 75_lag_shSICmar, 89_lag_amo1, 88_lag_nhSICsep, 85_lag_naoPSLjfm, 81_lag_atlSICjfm, 89_lag_AMOCann, 81_lag_scpPSLjfm, 75_lag_82_median_atlSICjfm, 85_lag_stratZ50ndj04, 75_lag_82_median_nppc2SSTjfm, 91_lag_amoSSTmjjaso, 82_lag_nhSICjfm, 85_lag_nppc2SSTjfm, 81_lag_AMOCann, 89_lag_stratZ50ndj03, 75_lag_78_median_scpPSLjfm, 87_lag_eapPSLjfm, 80_lag_atlSICjfm, 75_lag_amo1, 75_lag_78_median_nhSICjfm, 84_lag_scpPSLjfm, 75_lag_80_median_stratZ50ndj03, 87_lag_AMOCann, 75_lag_80_median_amoSSTjfm, 82_lag_amoSSTmjjaso, 75_lag_78_median_stratZ50ndj01, 81_lag_amo1_819_75"
LinearRegression,81,30,shSICmar,picntrl,1147.5,2050.5,0.4,96,76,76,15.554178261087644,0.011976608227484595,819,"['76_lag_AMOCann', '76_lag_79_median_amoSSTjfm', '76_lag_81_median_stratZ50ndj01', '85_lag_amo2', '76_lag_83_median_amo3', '81_lag_amoSSTmjjaso', '76_lag_85_median_eapPSLjfm', '76_lag_82_median_stratZ50ndj03', '88_lag_nppc2SSTjfm', '76_lag_93_median_scpPSLjfm', '91_lag_amoSSTmjjaso', '91_lag_naoPSLjfm', '81_lag_AMOCann', '80_lag_eapPSLjfm', '76_lag_87_median_naoPSLjfm', '81_lag_scpPSLjfm', '85_lag_stratZ50ndj04', '82_lag_shSICsep', '89_lag_stratZ50ndj03', '76_lag_81_median_eapPSLjfm', '78_lag_shSICsep', '76_lag_83_median_scpPSLjfm', '94_lag_amo2', '76_lag_81_median_nhSICsep', '94_lag_AMOCann', '76_lag_80_median_amoSSTjfm', '82_lag_amoSSTmjjaso', '87_lag_AMOCann', '81_lag_amo1', '84_lag_scpPSLjfm']","[0.15336043215129952, 0.11699604073303785, 0.09202207832608618, 0.1312066063473839, 0.04254303027115468, 0.0735213708960614, 0.45292179768444396, 0.021368469177125756, 0.004205534366941619, 0.5422307730399106, 0.1118669692292642, 0.08923483251557002, 0.0881924708087194, 0.041470852252011775, 0.17410852116055964, 0.00611560463162338, 0.15844267299311798, 0.064525809657014, 0.10777189117114139, 0.2631449473923508, 0.14964170411941102, 0.08810342375533547, 0.1409126587526464, 0.12572887359764723, 0.08795222910316627, 0.04192407811156437, 0.13078480996093536, 0.07047150573499388, 0.2210888771892728, 0.060160187651809444]","76_lag_AMOCann, 76_lag_79_median_amoSSTjfm, 76_lag_81_median_stratZ50ndj01, 85_lag_amo2, 76_lag_83_median_amo3, 81_lag_amoSSTmjjaso, 76_lag_85_median_eapPSLjfm, 76_lag_82_median_stratZ50ndj03, 88_lag_nppc2SSTjfm, 76_lag_93_median_scpPSLjfm, 91_lag_amoSSTmjjaso, 91_lag_naoPSLjfm, 81_lag_AMOCann, 80_lag_eapPSLjfm, 76_lag_87_median_naoPSLjfm, 81_lag_scpPSLjfm, 85_lag_stratZ50ndj04, 82_lag_shSICsep, 89_lag_stratZ50ndj03, 76_lag_81_median_eapPSLjfm, 78_lag_shSICsep, 76_lag_83_median_scpPSLjfm, 94_lag_amo2, 76_lag_81_median_nhSICsep, 94_lag_AMOCann, 76_lag_80_median_amoSSTjfm, 82_lag_amoSSTmjjaso, 87_lag_AMOCann, 81_lag_amo1, 84_lag_scpPSLjfm_819_76"
LinearRegression,82,30,shSICmar,picntrl,1148.5,2050.5,0.4,97,77,77,15.70080287151766,0.00363281131075529,819,"['93_lag_amo1', '82_lag_stratZ50ndj02', '77_lag_80_median_shSICmar', '77_lag_88_median_scpPSLjfm', '93_lag_amo3', '77_lag_84_median_atlSICjfm', '96_lag_nhSICsep', '94_lag_shSICsep', '77_lag_80_median_amoSSTmjjaso', '77_lag_80_median_amo2', '80_lag_atlSICjfm', '77_lag_82_median_amoSSTjfm', '85_lag_stratZ50ndj04', '88_lag_amo3', '77_lag_80_median_amo1', '92_lag_eapPSLjfm', '81_lag_amo2', '85_lag_naoPSLjfm', '88_lag_nhSICsep', '77_lag_80_median_shSICsep', '77_lag_90_median_naoPSLjfm', '88_lag_stratZ50ndj02', '77_lag_92_median_naoPSLjfm', '77_lag_84_median_stratZ50ndj03', '84_lag_scpPSLjfm', '77_lag_80_median_stratZ50ndj01', '91_lag_nppc2SSTjfm', '89_lag_stratZ50ndj03', '81_lag_amo1', '87_lag_AMOCann']","[0.0024512501685480022, 0.09131465907218526, 0.07603454705636052, 0.08688369716101423, 0.013612840634511849, 0.32004127966553975, 0.05763338403759734, 0.0432980098292488, 0.1199767994283732, 0.04117913156018624, 0.20815168483983676, 0.29083997432417713, 0.1271885595389633, 0.0063228204793460965, 0.06350777014064961, 0.08953147075187358, 0.09238358041070564, 0.08006613531682648, 0.07358445310437078, 0.07768596150339403, 0.5659085455873526, 0.07180879599227297, 0.36639008229140607, 0.4262705455517072, 0.026658112174843353, 0.06052139875398224, 0.04082891402140956, 0.1912405641759184, 0.24892318969570443, 0.03764038196828536]","93_lag_amo1, 82_lag_stratZ50ndj02, 77_lag_80_median_shSICmar, 77_lag_88_median_scpPSLjfm, 93_lag_amo3, 77_lag_84_median_atlSICjfm, 96_lag_nhSICsep, 94_lag_shSICsep, 77_lag_80_median_amoSSTmjjaso, 77_lag_80_median_amo2, 80_lag_atlSICjfm, 77_lag_82_median_amoSSTjfm, 85_lag_stratZ50ndj04, 88_lag_amo3, 77_lag_80_median_amo1, 92_lag_eapPSLjfm, 81_lag_amo2, 85_lag_naoPSLjfm, 88_lag_nhSICsep, 77_lag_80_median_shSICsep, 77_lag_90_median_naoPSLjfm, 88_lag_stratZ50ndj02, 77_lag_92_median_naoPSLjfm, 77_lag_84_median_stratZ50ndj03, 84_lag_scpPSLjfm, 77_lag_80_median_stratZ50ndj01, 91_lag_nppc2SSTjfm, 89_lag_stratZ50ndj03, 81_lag_amo1, 87_lag_AMOCann_819_77"
LinearRegression,83,30,shSICmar,picntrl,1149.5,2050.5,0.4,98,78,78,15.430277809436657,-0.030010272540054794,819,"['89_lag_naoPSLjfm', '86_lag_shSICsep', '90_lag_amo3', '91_lag_nppc2SSTjfm', '96_lag_amo1', '85_lag_nppc2SSTjfm', '78_lag_stratZ50ndj04', '78_lag_81_median_naoPSLjfm', '92_lag_eapPSLjfm', '78_lag_95_median_amoSSTmjjaso', '78_lag_97_median_amoSSTmjjaso', '78_lag_atlSICsep', '81_lag_amo2', '83_lag_eapPSLjfm', '85_lag_naoPSLjfm', '83_lag_eurPSLjfm', '88_lag_stratZ50ndj02', '78_lag_86_median_scpPSLjfm', '81_lag_AMOCann', '88_lag_nhSICsep', '94_lag_nhSICsep', '88_lag_amoSSTmjjaso', '84_lag_scpPSLjfm', '78_lag_93_median_scpPSLjfm', '89_lag_AMOCann', '82_lag_stratZ50ndj04', '87_lag_nhSICjfm', '81_lag_amo1', '91_lag_naoPSLjfm', '89_lag_stratZ50ndj03']","[0.12659521879610344, 0.004879894356956821, 0.06460511283894371, 0.06516212060242692, 0.007577787722743301, 0.10519077299532642, 0.07307111096129193, 0.023966207643579023, 0.08882958240795955, 0.3593542539229227, 0.511379794403151, 0.0383178063994075, 0.07492627419946273, 0.07528916749361786, 0.023790774446589173, 0.02329958212595452, 0.11653027980409476, 0.17410558895802547, 0.053603052945088776, 0.14633781260108503, 0.03110171356420001, 0.15451532538881954, 0.04799390927896948, 0.5046595292012126, 0.016341165846249235, 0.1856698626505617, 0.10367621187101873, 0.14913643616574204, 0.09761085204633768, 0.15665716745070052]","89_lag_naoPSLjfm, 86_lag_shSICsep, 90_lag_amo3, 91_lag_nppc2SSTjfm, 96_lag_amo1, 85_lag_nppc2SSTjfm, 78_lag_stratZ50ndj04, 78_lag_81_median_naoPSLjfm, 92_lag_eapPSLjfm, 78_lag_95_median_amoSSTmjjaso, 78_lag_97_median_amoSSTmjjaso, 78_lag_atlSICsep, 81_lag_amo2, 83_lag_eapPSLjfm, 85_lag_naoPSLjfm, 83_lag_eurPSLjfm, 88_lag_stratZ50ndj02, 78_lag_86_median_scpPSLjfm, 81_lag_AMOCann, 88_lag_nhSICsep, 94_lag_nhSICsep, 88_lag_amoSSTmjjaso, 84_lag_scpPSLjfm, 78_lag_93_median_scpPSLjfm, 89_lag_AMOCann, 82_lag_stratZ50ndj04, 87_lag_nhSICjfm, 81_lag_amo1, 91_lag_naoPSLjfm, 89_lag_stratZ50ndj03_819_78"
LinearRegression,84,30,shSICmar,picntrl,1150.5,2050.5,0.4,99,79,79,17.149742647138737,-0.04962622244687906,819,"['88_lag_amoSSTmjjaso', '79_lag_88_median_amo1', '79_lag_98_median_amoSSTmjjaso', '82_lag_shSICmar', '79_lag_83_median_stratZ50ndj01', '97_lag_amo1', '83_lag_atlSICjfm', '82_lag_stratZ50ndj04', '79_lag_amo2', '85_lag_shSICsep', '91_lag_eapPSLjfm', '92_lag_nhSICjfm', '79_lag_88_median_naoPSLjfm', '82_lag_stratZ50ndj02', '91_lag_atlSICsep', '98_lag_nhSICsep', '79_lag_82_median_eapPSLjfm', '84_lag_nhSICsep', '86_lag_stratZ50ndj01', '79_lag_amo1', '81_lag_amo1', '95_lag_AMOCann', '93_lag_nhSICjfm', '88_lag_stratZ50ndj02', '90_lag_amo3', '84_lag_scpPSLjfm', '89_lag_stratZ50ndj03', '79_lag_84_median_naoPSLjfm', '89_lag_AMOCann', '81_lag_AMOCann']","[0.11165688191665726, 0.841812680235019, 0.6260458858914374, 0.03043555240169672, 0.06976006347835016, 0.04325588992414964, 0.10850393242483744, 0.20132449675168657, 0.10234181604996918, 0.08682565126552008, 0.050799638075271256, 0.07521670078594338, 0.1937366954148124, 0.09398075771092838, 0.012902016737015588, 0.1220696693952558, 0.1531398862384182, 0.1346662793558564, 0.15419046100034994, 0.08203888239537532, 0.0727827717044639, 0.06607807267154209, 0.07175369612364035, 0.08578143511018074, 0.04437742178256271, 0.08215003943314504, 0.1429748279723427, 0.025129292536715912, 0.030754188903268365, 0.08665881899711902]","88_lag_amoSSTmjjaso, 79_lag_88_median_amo1, 79_lag_98_median_amoSSTmjjaso, 82_lag_shSICmar, 79_lag_83_median_stratZ50ndj01, 97_lag_amo1, 83_lag_atlSICjfm, 82_lag_stratZ50ndj04, 79_lag_amo2, 85_lag_shSICsep, 91_lag_eapPSLjfm, 92_lag_nhSICjfm, 79_lag_88_median_naoPSLjfm, 82_lag_stratZ50ndj02, 91_lag_atlSICsep, 98_lag_nhSICsep, 79_lag_82_median_eapPSLjfm, 84_lag_nhSICsep, 86_lag_stratZ50ndj01, 79_lag_amo1, 81_lag_amo1, 95_lag_AMOCann, 93_lag_nhSICjfm, 88_lag_stratZ50ndj02, 90_lag_amo3, 84_lag_scpPSLjfm, 89_lag_stratZ50ndj03, 79_lag_84_median_naoPSLjfm, 89_lag_AMOCann, 81_lag_AMOCann_819_79"
LinearRegression,85,30,shSICmar,picntrl,1151.5,2050.5,0.4,100,80,80,16.47495696435126,0.0009047884964034469,819,"['96_lag_amo3', '80_lag_89_median_naoPSLjfm', '80_lag_96_median_amoSSTmjjaso', '92_lag_eapPSLjfm', '97_lag_amoSSTjfm', '80_lag_99_median_amoSSTmjjaso', '95_lag_scpPSLjfm', '92_lag_nhSICjfm', '98_lag_AMOCann', '99_lag_stratZ50ndj03', '80_lag_84_median_nhSICsep', '81_lag_AMOCann', '80_lag_81_median_AMOCann', '80_lag_98_median_amoSSTmjjaso', '83_lag_shSICsep', '80_lag_atlSICjfm', '80_lag_84_median_stratZ50ndj01', '89_lag_nhSICjfm', '96_lag_atlSICsep', '93_lag_nhSICjfm', '84_lag_shSICmar', '80_lag_97_median_amoSSTmjjaso', '83_lag_atlSICjfm', '98_lag_nhSICsep', '97_lag_amo3', '94_lag_amo1', '86_lag_stratZ50ndj01', '97_lag_amo1', '87_lag_nhSICjfm', '88_lag_stratZ50ndj02']","[0.06274920580552817, 0.3873255043316638, 0.32948171974483426, 0.11172103122355602, 0.18456771659226237, 1.1320750347363921, 0.0650131192899072, 0.03981009426358565, 0.07566021166901914, 0.07046443025316236, 0.1543661866938025, 115723462138583.28, 115723462138583.39, 0.27237283299049936, 0.027996875997679242, 0.03453519105244273, 0.041162079886034014, 0.07701380581288136, 0.1941388067390458, 0.1159577282923322, 0.14696535339440248, 1.2268422735709592, 0.18687553828173192, 0.1643816286128671, 0.08264943748781009, 0.04736778702850872, 0.15618054640936843, 0.15837626837733615, 0.08312583933780338, 0.06679096529835306]","96_lag_amo3, 80_lag_89_median_naoPSLjfm, 80_lag_96_median_amoSSTmjjaso, 92_lag_eapPSLjfm, 97_lag_amoSSTjfm, 80_lag_99_median_amoSSTmjjaso, 95_lag_scpPSLjfm, 92_lag_nhSICjfm, 98_lag_AMOCann, 99_lag_stratZ50ndj03, 80_lag_84_median_nhSICsep, 81_lag_AMOCann, 80_lag_81_median_AMOCann, 80_lag_98_median_amoSSTmjjaso, 83_lag_shSICsep, 80_lag_atlSICjfm, 80_lag_84_median_stratZ50ndj01, 89_lag_nhSICjfm, 96_lag_atlSICsep, 93_lag_nhSICjfm, 84_lag_shSICmar, 80_lag_97_median_amoSSTmjjaso, 83_lag_atlSICjfm, 98_lag_nhSICsep, 97_lag_amo3, 94_lag_amo1, 86_lag_stratZ50ndj01, 97_lag_amo1, 87_lag_nhSICjfm, 88_lag_stratZ50ndj02_819_80"
