model,num_irrelevant,max_allowed_features,target_feature,dataset,year_start,year_end,splitsize,max_lag,init_lag,max_forecast,mae_score,corr_score,n_total_features,selected_feature_list,feature_importances,selected_features
LRforcedPSO,0,30,amoSSTmjjaso,picntrl,1066.5,2050.5,0.4,15,1,1,23.730008807672466,0.009173245878180216,1728,"['1_lag_glomaSSTjfm', '1_lag_5_median_labSSTjfm', '1_lag_7_median_alpi', '6_lag_tripol3', '7_lag_naoPSLjfm', '12_lag_tripol2', '4_lag_traFSC', '10_lag_nppc2SSTjfm', '13_lag_traEC', '8_lag_nhSICjfm', '6_lag_samPSLann', '1_lag_7_median_traDP', '4_lag_shSICsep', '1_lag_2_median_naoPSLjfm', '1_lag_7_median_traBO', '5_lag_mhfIP30', '4_lag_AMOCann', '4_lag_traTLS', '1_lag_4_median_glomaSSTjfm', '3_lag_traCA', '7_lag_nhTSjfm', '11_lag_shTSjfm', '10_lag_ismPRjja', '1_lag_12_median_nhSICsep', '1_lag_5_median_traFS', '2_lag_arcTSjfm', '9_lag_tripol3', '1_lag_3_median_traEU', '1_lag_14_median_ormenSSTjfm', '2_lag_wnorPRjfm']","[5.183313764603423, 8.511577880864836, 3.608438346997522, 4.032714122937637, 4.975276552310195, 2.4396143535439707, 9.012377536945301, 6.206299397327641, 2.2817169419972156, 8.639381072765321, 1.3796104649487688, 2.2655003099641817, 7.9104449377355035, 5.127798546955016, 5.170270832826429, 6.583833980726034, 4.039478269427452, 1.6489782963735458, 6.269522486971631, 4.002706922839496, 2.5669061423419226, 5.971802147813885, 2.4972523913769233, 3.9832397303474636, 2.3387900415926293, 4.637842265280449, 3.8788073165155224, 7.478151758476905, 3.0889585539876308, 2.3813122850120223]","1_lag_glomaSSTjfm, 1_lag_5_median_labSSTjfm, 1_lag_7_median_alpi, 6_lag_tripol3, 7_lag_naoPSLjfm, 12_lag_tripol2, 4_lag_traFSC, 10_lag_nppc2SSTjfm, 13_lag_traEC, 8_lag_nhSICjfm, 6_lag_samPSLann, 1_lag_7_median_traDP, 4_lag_shSICsep, 1_lag_2_median_naoPSLjfm, 1_lag_7_median_traBO, 5_lag_mhfIP30, 4_lag_AMOCann, 4_lag_traTLS, 1_lag_4_median_glomaSSTjfm, 3_lag_traCA, 7_lag_nhTSjfm, 11_lag_shTSjfm, 10_lag_ismPRjja, 1_lag_12_median_nhSICsep, 1_lag_5_median_traFS, 2_lag_arcTSjfm, 9_lag_tripol3, 1_lag_3_median_traEU, 1_lag_14_median_ormenSSTjfm, 2_lag_wnorPRjfm_1728_1"
LRforcedPSO,1,30,amoSSTmjjaso,picntrl,1067.5,2050.5,0.4,16,1,1,24.61406703876467,0.014937431687599577,1856,"['1_lag_15_median_traDS', '1_lag_12_median_nppc3SSTjfm', '1_lag_8_median_traBO', '1_lag_amo3', '1_lag_7_median_seurTSjfm', '1_lag_4_median_alpi', '1_lag_4_median_yrvPRjja', '15_lag_satlSSTjfm', '14_lag_amo3', '1_lag_7_median_traFS', '5_lag_nppc3SSTjfm', '5_lag_eurPSLjfm', '1_lag_15_median_amo1', '1_lag_4_median_mhfATL30', '4_lag_nppc2SSTjfm', '12_lag_shSICsep', '11_lag_satlSSTjfm', '11_lag_mhfATL30', '10_lag_seurTSjfm', '1_lag_2_median_stratZ50ndj02', '9_lag_glomaSSTjfm', '12_lag_labSSTjfm', '14_lag_tripol2', '11_lag_neurTSjfm', '10_lag_stratZ50ndj01', '15_lag_pdoSSTjfm', '6_lag_tripol1', '1_lag_3_median_neurTSjfm', '1_lag_13_median_atlSICjfm', '8_lag_mhfATL45']","[2.906014220678097, 7.414543468151413, 0.5713665325443884, 4.663407806069404, 1.7717731580026097, 6.118175811653101, 0.6930975715173222, 2.7953720583859436, 7.788826963833589, 7.712748294869298, 8.791607033240805, 4.746355912489397, 3.5160048819935223, 9.381936304502357, 0.557984931893742, 9.033581657814043, 3.395243350906039, 0.38144338986081294, 0.04640533305400929, 8.374173070115607, 1.9378867996231506, 4.598428187145371, 0.004511345373600761, 2.419457977898505, 7.471901103649719, 3.1144639624216346, 3.2307946501198934, 3.9969320025922705, 5.861519893471192, 0.7295038921428656]","1_lag_15_median_traDS, 1_lag_12_median_nppc3SSTjfm, 1_lag_8_median_traBO, 1_lag_amo3, 1_lag_7_median_seurTSjfm, 1_lag_4_median_alpi, 1_lag_4_median_yrvPRjja, 15_lag_satlSSTjfm, 14_lag_amo3, 1_lag_7_median_traFS, 5_lag_nppc3SSTjfm, 5_lag_eurPSLjfm, 1_lag_15_median_amo1, 1_lag_4_median_mhfATL30, 4_lag_nppc2SSTjfm, 12_lag_shSICsep, 11_lag_satlSSTjfm, 11_lag_mhfATL30, 10_lag_seurTSjfm, 1_lag_2_median_stratZ50ndj02, 9_lag_glomaSSTjfm, 12_lag_labSSTjfm, 14_lag_tripol2, 11_lag_neurTSjfm, 10_lag_stratZ50ndj01, 15_lag_pdoSSTjfm, 6_lag_tripol1, 1_lag_3_median_neurTSjfm, 1_lag_13_median_atlSICjfm, 8_lag_mhfATL45_1856_1"
LRforcedPSO,2,30,amoSSTmjjaso,picntrl,1068.5,2050.5,0.4,17,1,1,22.78952725757085,0.04791625931318958,1984,"['4_lag_stratZ50ndj01', '5_lag_atlSICjfm', '9_lag_arcTSjfm', '14_lag_mhfATL60', '1_lag_15_median_eurPSLjfm', '1_lag_6_median_samPSLann', '1_lag_14_median_traMC', '1_lag_15_median_traMC', '14_lag_samPSLann', '1_lag_10_median_traWP', '2_lag_ensoSSTjfm', '3_lag_stratZ50ndj04', '3_lag_neurTSjfm', '1_lag_3_median_traFS', '6_lag_stratZ50ndj04', '1_lag_5_median_seurTSjfm', '1_lag_3_median_nhSICjfm', '9_lag_eurPSLjfm', '12_lag_eapPSLjfm', '6_lag_traCA', '16_lag_traBS', '11_lag_eapPSLjfm', '1_lag_5_median_scpPSLjfm', '13_lag_traIT', '1_lag_13_median_ormenSSTjfm', '3_lag_alpi', '8_lag_satlSSTjfm', '1_lag_5_median_nppc2SSTjfm', '1_lag_5_median_traBO', '12_lag_mhfATL60']","[0.20930691454450034, 4.2906643949209595, 3.9207929399336283, 1.0139141327494823, 0.31008925048380753, 9.170773403870722, 2.038064538324857, 3.5999178324313483, 0.4046999912400686, 1.992164081472037, 6.190816789651482, 6.754421757254101, 3.8981701664040465, 0.0017314470581517583, 3.8374769405340174, 3.88202704561494, 2.9838783829684417, 5.020453773859275, 2.2750371010286834, 2.8608604860231956, 7.63721967281257, 6.65170295345137, 2.8660622731258893, 5.172053371237098, 7.209426810488228, 2.4033143670010197, 3.0172813753392287, 2.6533131877046223, 0.21377085182042066, 7.168962172622937]","4_lag_stratZ50ndj01, 5_lag_atlSICjfm, 9_lag_arcTSjfm, 14_lag_mhfATL60, 1_lag_15_median_eurPSLjfm, 1_lag_6_median_samPSLann, 1_lag_14_median_traMC, 1_lag_15_median_traMC, 14_lag_samPSLann, 1_lag_10_median_traWP, 2_lag_ensoSSTjfm, 3_lag_stratZ50ndj04, 3_lag_neurTSjfm, 1_lag_3_median_traFS, 6_lag_stratZ50ndj04, 1_lag_5_median_seurTSjfm, 1_lag_3_median_nhSICjfm, 9_lag_eurPSLjfm, 12_lag_eapPSLjfm, 6_lag_traCA, 16_lag_traBS, 11_lag_eapPSLjfm, 1_lag_5_median_scpPSLjfm, 13_lag_traIT, 1_lag_13_median_ormenSSTjfm, 3_lag_alpi, 8_lag_satlSSTjfm, 1_lag_5_median_nppc2SSTjfm, 1_lag_5_median_traBO, 12_lag_mhfATL60_1984_1"
LRforcedPSO,3,30,amoSSTmjjaso,picntrl,1069.5,2050.5,0.4,18,1,1,25.176261152714165,0.027606364701650093,2112,"['17_lag_neurTSjfm', '1_lag_9_median_AMOCann', '1_lag_16_median_stratZ50ndj02', '3_lag_traBS', '1_lag_15_median_traDP', '1_lag_3_median_stratZ50ndj03', '1_lag_17_median_mhfATL60', '1_lag_9_median_gyreSSTjfm', '15_lag_stratZ50ndj03', '16_lag_shSICsep', '4_lag_mhfATL60', '1_lag_4_median_traIFC', '13_lag_traBO', '14_lag_alpi', '4_lag_naoPSLjfm', '1_lag_11_median_stratZ50ndj03', '1_lag_3_median_traFB', '6_lag_stratZ50ndj01', '1_lag_5_median_traFB', '1_lag_mhfATL30', '1_lag_4_median_amo2', '1_lag_8_median_yrvPRjja', '16_lag_nhTSjfm', '13_lag_eurPSLjfm', '12_lag_alpi', '1_lag_6_median_traFS', '9_lag_labSSTjfm', '4_lag_alpi', '5_lag_labSSTjfm', '10_lag_gyreSSTjfm']","[3.1887786829037035, 5.69967318093093, 7.836987970827327, 9.114954483084897, 1.0264043898960615, 0.6992751130821695, 6.343068693147686, 1.5957322052663603, 8.205151793003452, 5.60966348041508, 1.5565275771182137, 2.612043240135309, 3.4962070371477854, 9.008344769387648, 4.037727968644003, 1.1776896236800063, 7.695944251220137, 2.8133871928398886, 4.71263154551024, 0.6275241047365814, 4.509552366920415, 2.3618331815061566, 7.026820060510454, 5.204013383297479, 4.880887426670686, 0.29347026190457015, 1.3663393258559502, 5.551127181638749, 3.093102866576352, 8.293274197248891]","17_lag_neurTSjfm, 1_lag_9_median_AMOCann, 1_lag_16_median_stratZ50ndj02, 3_lag_traBS, 1_lag_15_median_traDP, 1_lag_3_median_stratZ50ndj03, 1_lag_17_median_mhfATL60, 1_lag_9_median_gyreSSTjfm, 15_lag_stratZ50ndj03, 16_lag_shSICsep, 4_lag_mhfATL60, 1_lag_4_median_traIFC, 13_lag_traBO, 14_lag_alpi, 4_lag_naoPSLjfm, 1_lag_11_median_stratZ50ndj03, 1_lag_3_median_traFB, 6_lag_stratZ50ndj01, 1_lag_5_median_traFB, 1_lag_mhfATL30, 1_lag_4_median_amo2, 1_lag_8_median_yrvPRjja, 16_lag_nhTSjfm, 13_lag_eurPSLjfm, 12_lag_alpi, 1_lag_6_median_traFS, 9_lag_labSSTjfm, 4_lag_alpi, 5_lag_labSSTjfm, 10_lag_gyreSSTjfm_2112_1"
LRforcedPSO,4,30,amoSSTmjjaso,picntrl,1070.5,2050.5,0.4,19,1,1,24.13134651218398,0.053908416270373224,2240,"['4_lag_traFB', '1_lag_2_median_amo2', '4_lag_traIFC', '1_lag_10_median_eurPSLjfm', '1_lag_8_median_naoPSLjfm', '1_lag_12_median_stratZ50ndj03', '1_lag_12_median_seurTSjfm', '1_lag_3_median_stratZ50ndj03', '1_lag_16_median_labSSTjfm', '5_lag_arcTSjfm', '1_lag_9_median_cetTSjfm', '2_lag_shTSjfm', '1_lag_4_median_tripol3', '1_lag_11_median_traEC', '12_lag_tripol2', '2_lag_seurTSjfm', '14_lag_naoPSLjfm', '1_lag_5_median_neurTSjfm', '18_lag_neurTSjfm', '4_lag_traFS', '1_lag_2_median_stratZ50ndj04', '1_lag_15_median_traIFC', '1_lag_amo3', '3_lag_amoSSTmjjaso', '1_lag_16_median_traTLS', '18_lag_glomaSSTjfm', '4_lag_traMC', '1_lag_6_median_traFS', '1_lag_8_median_nhTSjfm', '5_lag_traFSC']","[6.469270634411551, 1.8235912843816813, 4.462791062712315, 5.273166556969602, 2.701499349699377, 5.015192363876748, 6.2886389982152435, 3.1986058031423266, 1.2972287127390274, 1.2238753527410324, 8.61091755845893, 0.8054598889352889, 9.441650739074799, 5.6728708707728615, 3.582199364207268, 2.9889315246195487, 1.0251548085777884, 5.589252034760859, 4.562316541160179, 4.776133064194312, 4.796009709649718, 2.8020495353479458, 3.446424298584949, 9.336199697883341, 7.211692828093234, 0.06811113886269204, 7.399567528698414, 6.238928883584158, 7.034883321378199, 6.028289599358256]","4_lag_traFB, 1_lag_2_median_amo2, 4_lag_traIFC, 1_lag_10_median_eurPSLjfm, 1_lag_8_median_naoPSLjfm, 1_lag_12_median_stratZ50ndj03, 1_lag_12_median_seurTSjfm, 1_lag_3_median_stratZ50ndj03, 1_lag_16_median_labSSTjfm, 5_lag_arcTSjfm, 1_lag_9_median_cetTSjfm, 2_lag_shTSjfm, 1_lag_4_median_tripol3, 1_lag_11_median_traEC, 12_lag_tripol2, 2_lag_seurTSjfm, 14_lag_naoPSLjfm, 1_lag_5_median_neurTSjfm, 18_lag_neurTSjfm, 4_lag_traFS, 1_lag_2_median_stratZ50ndj04, 1_lag_15_median_traIFC, 1_lag_amo3, 3_lag_amoSSTmjjaso, 1_lag_16_median_traTLS, 18_lag_glomaSSTjfm, 4_lag_traMC, 1_lag_6_median_traFS, 1_lag_8_median_nhTSjfm, 5_lag_traFSC_2240_1"
LRforcedPSO,5,30,amoSSTmjjaso,picntrl,1071.5,2050.5,0.4,20,1,1,24.000867733583103,0.0641533895045659,2368,"['1_lag_19_median_traIT', '19_lag_traFB', '1_lag_12_median_glTSjfm', '1_lag_17_median_arcTSjfm', '1_lag_6_median_traFS', '1_lag_alpi', '7_lag_gyreSSTjfm', '1_lag_19_median_pdoSSTjfm', '1_lag_seurTSjfm', '12_lag_traBO', '10_lag_mhfATL60', '1_lag_16_median_atlSICjfm', '1_lag_10_median_stratZ50ndj01', '1_lag_12_median_nchinaPRjja', '11_lag_amo3', '12_lag_naoPSLjfm', '17_lag_cetTSjfm', '2_lag_wnorPRjfm', '17_lag_nchinaPRjja', '1_lag_11_median_arcTSjfm', '1_lag_16_median_ensoSSTjfm', '15_lag_alpi', '1_lag_3_median_tripol2', '1_lag_9_median_samPSLann', '10_lag_nhSICjfm', '11_lag_shSICsep', '6_lag_satlSSTjfm', '7_lag_traBO', '3_lag_ismPRjja', '7_lag_mhfIP30']","[6.847321167046183, 6.135968158685592, 5.399760352904195, 7.398641510688719, 2.9884921350145133, 2.20876291754756, 7.477427962093075, 8.601716156450443, 9.15650655856523, 4.183459250973365, 5.525921159659877, 8.324577919353215, 4.438675005582377, 0.11739818996586493, 2.6577801821485956, 2.7673172990185364, 5.921746476483456, 1.7097278717952964, 7.551893526500441, 0.6579569343054246, 3.4529536793677647, 1.2249214217611915, 4.555661939378766, 4.470959643551318, 4.859786992545299, 3.6020837278455016, 4.015433141975104, 5.904273782411693, 3.899937423738333, 3.017583628021468]","1_lag_19_median_traIT, 19_lag_traFB, 1_lag_12_median_glTSjfm, 1_lag_17_median_arcTSjfm, 1_lag_6_median_traFS, 1_lag_alpi, 7_lag_gyreSSTjfm, 1_lag_19_median_pdoSSTjfm, 1_lag_seurTSjfm, 12_lag_traBO, 10_lag_mhfATL60, 1_lag_16_median_atlSICjfm, 1_lag_10_median_stratZ50ndj01, 1_lag_12_median_nchinaPRjja, 11_lag_amo3, 12_lag_naoPSLjfm, 17_lag_cetTSjfm, 2_lag_wnorPRjfm, 17_lag_nchinaPRjja, 1_lag_11_median_arcTSjfm, 1_lag_16_median_ensoSSTjfm, 15_lag_alpi, 1_lag_3_median_tripol2, 1_lag_9_median_samPSLann, 10_lag_nhSICjfm, 11_lag_shSICsep, 6_lag_satlSSTjfm, 7_lag_traBO, 3_lag_ismPRjja, 7_lag_mhfIP30_2368_1"
LRforcedPSO,6,30,amoSSTmjjaso,picntrl,1072.5,2050.5,0.4,21,1,1,28.086432964612428,-0.04103715847670947,2496,"['1_lag_11_median_wnorPRjfm', '1_lag_17_median_satlSSTjfm', '17_lag_traFSC', '15_lag_nhSICjfm', '1_lag_11_median_ginwSSTjfm', '1_lag_9_median_nchinaPRjja', '1_lag_18_median_arcTSjfm', '2_lag_ismPRjja', '15_lag_mhfIP30', '1_lag_17_median_shSICsep', '1_lag_7_median_shSICsep', '1_lag_8_median_traDP', '6_lag_nhSICjfm', '17_lag_shSICmar', '18_lag_samPSLann', '1_lag_7_median_wnorPRjfm', '1_lag_13_median_neurTSjfm', '1_lag_13_median_mhfIP30', '1_lag_18_median_yrvPRjja', '1_lag_9_median_eapPSLjfm', '14_lag_atlSICjfm', '5_lag_traEU', '1_lag_12_median_alpi', '1_lag_9_median_wnorPRjfm', '8_lag_tripol3', '1_lag_13_median_tripol3', '10_lag_tripol2', '10_lag_nhTSjfm', '1_lag_5_median_traFB', '19_lag_amoSSTmjjaso']","[1.699355948570151, 4.505659046855605, 5.498552547270798, 1.5670216647967798, 0.054598634981910976, 4.104388398844838, 6.704112844611053, 4.022345898292139, 2.999940976732569, 2.8920088292427355, 2.970051862979677, 6.3513703243864725, 4.825112370930292, 3.898529585363981, 4.631189112386034, 0.6603139718862536, 4.939781564059517, 5.10953286911763, 3.6368026333121595, 1.2497639296264929, 6.627499170840817, 1.429384545193459, 7.724338140715014, 8.204679161737182, 2.8281918268836526, 2.2418887311339724, 4.890740013388514, 5.6453500093015645, 5.493526758010421, 7.553303232093931]","1_lag_11_median_wnorPRjfm, 1_lag_17_median_satlSSTjfm, 17_lag_traFSC, 15_lag_nhSICjfm, 1_lag_11_median_ginwSSTjfm, 1_lag_9_median_nchinaPRjja, 1_lag_18_median_arcTSjfm, 2_lag_ismPRjja, 15_lag_mhfIP30, 1_lag_17_median_shSICsep, 1_lag_7_median_shSICsep, 1_lag_8_median_traDP, 6_lag_nhSICjfm, 17_lag_shSICmar, 18_lag_samPSLann, 1_lag_7_median_wnorPRjfm, 1_lag_13_median_neurTSjfm, 1_lag_13_median_mhfIP30, 1_lag_18_median_yrvPRjja, 1_lag_9_median_eapPSLjfm, 14_lag_atlSICjfm, 5_lag_traEU, 1_lag_12_median_alpi, 1_lag_9_median_wnorPRjfm, 8_lag_tripol3, 1_lag_13_median_tripol3, 10_lag_tripol2, 10_lag_nhTSjfm, 1_lag_5_median_traFB, 19_lag_amoSSTmjjaso_2496_1"
LRforcedPSO,7,30,amoSSTmjjaso,picntrl,1073.5,2050.5,0.4,22,1,1,24.878889261317177,0.06606525001899201,2624,"['1_lag_5_median_traFSC', '16_lag_ormenSSTjfm', '18_lag_traIFC', '1_lag_5_median_stratZ50ndj01', '1_lag_7_median_traEC', '20_lag_amoSSTmjjaso', '1_lag_20_median_cetTSjfm', '15_lag_traIT', '1_lag_9_median_traFSC', '1_lag_2_median_ormenSSTjfm', '9_lag_alpi', '1_lag_7_median_samPSLann', '1_lag_8_median_ensoSSTjfm', '10_lag_ensoSSTjfm', '16_lag_traFB', '1_lag_11_median_nppc3SSTjfm', '8_lag_atlSICjfm', '18_lag_seurTSjfm', '16_lag_pdoSSTjfm', '1_lag_19_median_stratZ50ndj03', '1_lag_9_median_nppc2SSTjfm', '7_lag_glTSjfm', '1_lag_16_median_neurTSjfm', '1_lag_5_median_traBO', '7_lag_traFS', '1_lag_13_median_amo3', '15_lag_seurTSjfm', '1_lag_4_median_tripol2', '1_lag_18_median_nhSICsep', '1_lag_7_median_glTSjfm']","[1.3775403611644528, 8.364570939898883, 7.22355593215471, 3.9410579078892045, 1.6941589501002454, 8.320283468473924, 5.648967692105877, 0.6397720074107447, 4.552362596334454, 3.8711582945995326, 4.696154569144948, 8.711661741348085, 7.2169284203915325, 5.11562682418505, 1.5868782161637878, 3.9695841784273718, 4.231080031288666, 4.936275842795148, 5.354693763707008, 2.061711614635926, 5.948676177668832, 9.991468402555572, 0.953540126346331, 2.6050990903542637, 2.237960514217212, 7.3754042813386995, 4.788567413404561, 3.9767183413980955, 6.4523671688352735, 0.9013135149607194]","1_lag_5_median_traFSC, 16_lag_ormenSSTjfm, 18_lag_traIFC, 1_lag_5_median_stratZ50ndj01, 1_lag_7_median_traEC, 20_lag_amoSSTmjjaso, 1_lag_20_median_cetTSjfm, 15_lag_traIT, 1_lag_9_median_traFSC, 1_lag_2_median_ormenSSTjfm, 9_lag_alpi, 1_lag_7_median_samPSLann, 1_lag_8_median_ensoSSTjfm, 10_lag_ensoSSTjfm, 16_lag_traFB, 1_lag_11_median_nppc3SSTjfm, 8_lag_atlSICjfm, 18_lag_seurTSjfm, 16_lag_pdoSSTjfm, 1_lag_19_median_stratZ50ndj03, 1_lag_9_median_nppc2SSTjfm, 7_lag_glTSjfm, 1_lag_16_median_neurTSjfm, 1_lag_5_median_traBO, 7_lag_traFS, 1_lag_13_median_amo3, 15_lag_seurTSjfm, 1_lag_4_median_tripol2, 1_lag_18_median_nhSICsep, 1_lag_7_median_glTSjfm_2624_1"
LRforcedPSO,8,30,amoSSTmjjaso,picntrl,1074.5,2050.5,0.4,23,1,1,24.330092528886535,-0.05701744714501377,2752,"['1_lag_9_median_traBS', '16_lag_glomaSSTjfm', '1_lag_4_median_nhTSjfm', '1_lag_15_median_nchinaPRjja', '1_lag_20_median_shSICsep', '4_lag_traWP', '1_lag_14_median_stratZ50ndj03', '14_lag_stratZ50ndj03', '8_lag_nhTSjfm', '18_lag_gyreSSTjfm', '4_lag_scpPSLjfm', '11_lag_traBS', '18_lag_traFSC', '20_lag_traWP', '13_lag_mhfATL60', '9_lag_mhfATL45', '1_lag_4_median_seurTSjfm', '20_lag_naoPSLjfm', '15_lag_eapPSLjfm', '1_lag_21_median_eurPSLjfm', '21_lag_stratZ50ndj01', '12_lag_traTLS', '4_lag_amoSSTmjjaso', '1_lag_2_median_amo3', '1_lag_8_median_tripol2', '18_lag_neurTSjfm', '1_lag_19_median_alpi', '12_lag_mhfIP30', '1_lag_19_median_mhfATL30', '3_lag_traWP']","[1.0522035242049217, 0.6848206959300445, 2.5296809947055987, 4.111075569126914, 2.127188191372131, 6.4693204798949555, 3.691772692746632, 2.4102691598855834, 8.563700123669562, 6.208755318488873, 2.8773045434855753, 0.007871944541907538, 8.01477479795319, 0.17814176778586877, 0.6400723937379933, 0.14818047010589375, 2.3522109015718424, 7.630251482971627, 1.8615219544839494, 1.6062204036710508, 6.72148188129936, 2.5965472299778227, 8.71289779681133, 6.189116366872021, 1.6841084260815027, 1.4536596043966359, 2.5665349579499654, 1.9183893674772676, 1.3975985837557143, 3.265861851957932]","1_lag_9_median_traBS, 16_lag_glomaSSTjfm, 1_lag_4_median_nhTSjfm, 1_lag_15_median_nchinaPRjja, 1_lag_20_median_shSICsep, 4_lag_traWP, 1_lag_14_median_stratZ50ndj03, 14_lag_stratZ50ndj03, 8_lag_nhTSjfm, 18_lag_gyreSSTjfm, 4_lag_scpPSLjfm, 11_lag_traBS, 18_lag_traFSC, 20_lag_traWP, 13_lag_mhfATL60, 9_lag_mhfATL45, 1_lag_4_median_seurTSjfm, 20_lag_naoPSLjfm, 15_lag_eapPSLjfm, 1_lag_21_median_eurPSLjfm, 21_lag_stratZ50ndj01, 12_lag_traTLS, 4_lag_amoSSTmjjaso, 1_lag_2_median_amo3, 1_lag_8_median_tripol2, 18_lag_neurTSjfm, 1_lag_19_median_alpi, 12_lag_mhfIP30, 1_lag_19_median_mhfATL30, 3_lag_traWP_2752_1"
LRforcedPSO,9,30,amoSSTmjjaso,picntrl,1075.5,2050.5,0.4,24,1,1,22.336404788442053,0.04822167099377763,2880,"['1_lag_17_median_amo1', '21_lag_traMC', '23_lag_ginwSSTjfm', '1_lag_13_median_amo2', '1_lag_8_median_amo1', '1_lag_6_median_yrvPRjja', '1_lag_3_median_alpi', '1_lag_18_median_nhSICsep', '18_lag_amo3', '1_lag_16_median_mhfIP30', '21_lag_tripol2', '1_lag_11_median_shSICsep', '18_lag_shTSjfm', '1_lag_5_median_nhSICsep', '7_lag_traIT', '20_lag_wnorPRjfm', '15_lag_traDS', '1_lag_10_median_traCA', '1_lag_13_median_mhfATL30', '12_lag_nhTSjfm', '16_lag_traEU', '18_lag_traCA', '1_lag_19_median_traIT', '1_lag_13_median_samPSLann', '1_lag_16_median_shTSjfm', '1_lag_12_median_amo1', '15_lag_traEC', '14_lag_traIFC', '1_lag_17_median_traFS', '1_lag_14_median_amo2']","[4.50804787528763, 3.61214299787747, 0.3805918116953144, 2.5916203798633326, 9.48231029941488, 6.1363065598889825, 7.357054177516298, 1.6153224542052502, 7.617064055164242, 2.9150146690030816, 2.5800664997835128, 4.015300376666491, 1.0145497250868285, 2.9199749149032295, 9.455239575997545, 9.286295137251365, 3.3241555871226947, 0.9113847761683829, 1.9287587127059567, 2.730134970228981, 3.926390296777173, 5.5460170008222605, 3.686682088265858, 0.17842307449909, 1.6333780036930339, 8.295194817190668, 4.288971715900971, 1.72923239066799, 0.7954272728873075, 7.265957532305837]","1_lag_17_median_amo1, 21_lag_traMC, 23_lag_ginwSSTjfm, 1_lag_13_median_amo2, 1_lag_8_median_amo1, 1_lag_6_median_yrvPRjja, 1_lag_3_median_alpi, 1_lag_18_median_nhSICsep, 18_lag_amo3, 1_lag_16_median_mhfIP30, 21_lag_tripol2, 1_lag_11_median_shSICsep, 18_lag_shTSjfm, 1_lag_5_median_nhSICsep, 7_lag_traIT, 20_lag_wnorPRjfm, 15_lag_traDS, 1_lag_10_median_traCA, 1_lag_13_median_mhfATL30, 12_lag_nhTSjfm, 16_lag_traEU, 18_lag_traCA, 1_lag_19_median_traIT, 1_lag_13_median_samPSLann, 1_lag_16_median_shTSjfm, 1_lag_12_median_amo1, 15_lag_traEC, 14_lag_traIFC, 1_lag_17_median_traFS, 1_lag_14_median_amo2_2880_1"
LRforcedPSO,10,30,amoSSTmjjaso,picntrl,1076.5,2050.5,0.4,25,1,1,23.05951608699298,-0.066606582509276,3008,"['1_lag_22_median_AMOCann', '4_lag_amo1', '10_lag_neurTSjfm', '3_lag_neurTSjfm', '1_lag_stratZ50ndj03', '1_lag_2_median_traTLS', '20_lag_shTSjfm', '1_lag_7_median_ensoSSTjfm', '24_lag_mhfATL30', '8_lag_traEU', '1_lag_8_median_shSICsep', '24_lag_mhfIP30', '15_lag_tripol1', '20_lag_traFB', '1_lag_18_median_wnorPRjfm', '1_lag_3_median_nhSICjfm', '1_lag_14_median_mhfATL45', '5_lag_traMC', '1_lag_3_median_amoSSTmjjaso', '9_lag_eapPSLjfm', '1_lag_15_median_naoPSLjfm', '1_lag_atlSICjfm', '23_lag_cetTSjfm', '1_lag_13_median_yrvPRjja', '8_lag_stratZ50ndj02', '9_lag_seurTSjfm', '1_lag_3_median_glomaSSTjfm', '1_lag_20_median_AMOCann', '1_lag_24_median_pdoSSTjfm', '22_lag_traDS']","[5.941781596160467, 4.248524420661566, 0.8181475079053495, 2.059386262311702, 2.9290967041704574, 0.46793438798264475, 2.4666147332321344, 3.4025287265402966, 0.24193422309832613, 1.88625281899043, 3.331913370222413, 3.746524979013202, 0.9522860625706819, 0.44391978554697076, 6.348379783987747, 6.0061044453362955, 9.326956565167272, 7.3961736083930845, 4.525639802914377, 3.9749251763648203, 0.07765308758474632, 1.0079969762485241, 7.914832559896926, 6.188588985556304, 4.592556765232443, 2.325232013656324, 3.445365857829385, 6.521339936804726, 5.207336592749174, 1.0553916693954601]","1_lag_22_median_AMOCann, 4_lag_amo1, 10_lag_neurTSjfm, 3_lag_neurTSjfm, 1_lag_stratZ50ndj03, 1_lag_2_median_traTLS, 20_lag_shTSjfm, 1_lag_7_median_ensoSSTjfm, 24_lag_mhfATL30, 8_lag_traEU, 1_lag_8_median_shSICsep, 24_lag_mhfIP30, 15_lag_tripol1, 20_lag_traFB, 1_lag_18_median_wnorPRjfm, 1_lag_3_median_nhSICjfm, 1_lag_14_median_mhfATL45, 5_lag_traMC, 1_lag_3_median_amoSSTmjjaso, 9_lag_eapPSLjfm, 1_lag_15_median_naoPSLjfm, 1_lag_atlSICjfm, 23_lag_cetTSjfm, 1_lag_13_median_yrvPRjja, 8_lag_stratZ50ndj02, 9_lag_seurTSjfm, 1_lag_3_median_glomaSSTjfm, 1_lag_20_median_AMOCann, 1_lag_24_median_pdoSSTjfm, 22_lag_traDS_3008_1"
LRforcedPSO,11,30,amoSSTmjjaso,picntrl,1077.5,2050.5,0.4,26,1,1,22.447207660077005,0.08705150636463242,3136,"['1_lag_21_median_traBS', '1_lag_22_median_shSICsep', '17_lag_scpPSLjfm', '1_lag_6_median_nhSICsep', '25_lag_neurTSjfm', '1_lag_4_median_pdoSSTjfm', '5_lag_ginwSSTjfm', '1_lag_3_median_nhSICjfm', '17_lag_traFS', '11_lag_stratZ50ndj04', '17_lag_eapPSLjfm', '1_lag_23_median_alpi', '11_lag_eapPSLjfm', '20_lag_shSICmar', '24_lag_yrvPRjja', '3_lag_mhfATL45', '1_lag_6_median_shSICmar', '1_lag_22_median_amo1', '1_lag_6_median_ginwSSTjfm', '1_lag_14_median_amoSSTmjjaso', '19_lag_mhfATL45', '25_lag_traMC', '1_lag_13_median_naoPSLjfm', '9_lag_samPSLann', '20_lag_nhTSjfm', '1_lag_6_median_labSSTjfm', '14_lag_alpi', '1_lag_10_median_eurPSLjfm', '23_lag_stratZ50ndj03', '16_lag_shSICsep']","[7.366390225358071, 1.6503087993140895, 5.692734300468288, 5.388735834484006, 2.5759153879708307, 2.0065706174392304, 5.224881730225945, 2.614890724011061, 4.326521898598228, 1.8277808176224326, 0.9412279476811687, 2.6944619806409076, 8.92707864159647, 3.414082362014539, 5.254858725573435, 3.3748523715474406, 7.83384434635548, 5.433585291467198, 9.357508051829848, 1.9772859957006048, 4.328747472332314, 1.0437267987667447, 0.2562905594600551, 3.7845877439112607, 0.8022571488221857, 8.405224729035034, 2.3968833258762956, 2.5548877355289417, 3.2547294824368915, 5.40715125448436]","1_lag_21_median_traBS, 1_lag_22_median_shSICsep, 17_lag_scpPSLjfm, 1_lag_6_median_nhSICsep, 25_lag_neurTSjfm, 1_lag_4_median_pdoSSTjfm, 5_lag_ginwSSTjfm, 1_lag_3_median_nhSICjfm, 17_lag_traFS, 11_lag_stratZ50ndj04, 17_lag_eapPSLjfm, 1_lag_23_median_alpi, 11_lag_eapPSLjfm, 20_lag_shSICmar, 24_lag_yrvPRjja, 3_lag_mhfATL45, 1_lag_6_median_shSICmar, 1_lag_22_median_amo1, 1_lag_6_median_ginwSSTjfm, 1_lag_14_median_amoSSTmjjaso, 19_lag_mhfATL45, 25_lag_traMC, 1_lag_13_median_naoPSLjfm, 9_lag_samPSLann, 20_lag_nhTSjfm, 1_lag_6_median_labSSTjfm, 14_lag_alpi, 1_lag_10_median_eurPSLjfm, 23_lag_stratZ50ndj03, 16_lag_shSICsep_3136_1"
LRforcedPSO,12,30,amoSSTmjjaso,picntrl,1078.5,2050.5,0.4,27,1,1,23.26347171282534,-0.011779453586945841,3264,"['1_lag_14_median_traWP', '1_lag_12_median_nhTSjfm', '1_lag_amo1', '1_lag_16_median_traCA', '12_lag_nhTSjfm', '2_lag_traIT', '4_lag_traWP', '1_lag_5_median_stratZ50ndj04', '1_lag_14_median_seurTSjfm', '1_lag_4_median_traMC', '14_lag_tripol2', '1_lag_mhfATL45', '1_lag_26_median_nhTSjfm', '11_lag_seurTSjfm', '1_lag_13_median_traFB', '1_lag_13_median_nhSICjfm', '1_lag_13_median_tripol1', '3_lag_traEC', '25_lag_labSSTjfm', '2_lag_shSICmar', '1_lag_12_median_pdoSSTjfm', '1_lag_8_median_neurTSjfm', '7_lag_atlSICjfm', '1_lag_22_median_naoPSLjfm', '1_lag_17_median_mhfIP30', '1_lag_14_median_pdoSSTjfm', '1_lag_25_median_traFS', '3_lag_gyreSSTjfm', '1_lag_6_median_traEU', '13_lag_amo3']","[2.8772604729554967, 2.369114857351848, 2.500675142590298, 3.5009271547347147, 0.35300421913320434, 7.678220350532371, 0.023853250730320852, 2.837817846596394, 6.703195179312353, 0.452404876382861, 0.1906075780204688, 2.8746129783741843, 1.712914022408242, 6.21902546015022, 8.996651745720616, 1.6461992334490105, 6.5009331537428405, 0.21928405815133267, 9.407867084211832, 2.3301408116588496, 7.128251190725288, 0.6759681004415778, 4.3183463349717695, 1.8128477393412048, 2.7014591025075285, 7.641916966802359, 3.300577950809358, 7.555900213523675, 5.093358925484575, 7.024491541587068]","1_lag_14_median_traWP, 1_lag_12_median_nhTSjfm, 1_lag_amo1, 1_lag_16_median_traCA, 12_lag_nhTSjfm, 2_lag_traIT, 4_lag_traWP, 1_lag_5_median_stratZ50ndj04, 1_lag_14_median_seurTSjfm, 1_lag_4_median_traMC, 14_lag_tripol2, 1_lag_mhfATL45, 1_lag_26_median_nhTSjfm, 11_lag_seurTSjfm, 1_lag_13_median_traFB, 1_lag_13_median_nhSICjfm, 1_lag_13_median_tripol1, 3_lag_traEC, 25_lag_labSSTjfm, 2_lag_shSICmar, 1_lag_12_median_pdoSSTjfm, 1_lag_8_median_neurTSjfm, 7_lag_atlSICjfm, 1_lag_22_median_naoPSLjfm, 1_lag_17_median_mhfIP30, 1_lag_14_median_pdoSSTjfm, 1_lag_25_median_traFS, 3_lag_gyreSSTjfm, 1_lag_6_median_traEU, 13_lag_amo3_3264_1"
LRforcedPSO,13,30,amoSSTmjjaso,picntrl,1079.5,2050.5,0.4,28,1,1,29.316101873743527,0.010998464283472578,3392,"['1_lag_21_median_stratZ50ndj04', '1_lag_16_median_eapPSLjfm', '1_lag_tripol3', '27_lag_alpi', '12_lag_yrvPRjja', '1_lag_22_median_traTLS', '8_lag_nhTSjfm', '14_lag_nchinaPRjja', '27_lag_traDS', '1_lag_19_median_mhfATL30', '1_lag_3_median_shTSjfm', '1_lag_12_median_shTSjfm', '26_lag_traIFC', '1_lag_13_median_labSSTjfm', '10_lag_nchinaPRjja', '25_lag_tripol2', '1_lag_nppc3SSTjfm', '1_lag_20_median_samPSLann', '1_lag_17_median_nchinaPRjja', '1_lag_26_median_traEU', '1_lag_12_median_atlSICjfm', '17_lag_traTLS', '1_lag_17_median_ormenSSTjfm', '11_lag_samPSLann', '1_lag_17_median_satlSSTjfm', '1_lag_21_median_naoPSLjfm', '1_lag_7_median_stratZ50ndj01', '1_lag_9_median_eapPSLjfm', '1_lag_13_median_traWP', '23_lag_traFSC']","[8.489354205986102, 0.9807431325332097, 4.428024751790902, 5.464965723350894, 0.05825012355624004, 5.690031933300428, 6.841788473750469, 6.209297777621973, 2.3855644570001626, 8.463865294968507, 1.2129702064196461, 4.12340960916743, 2.6069881930780774, 0.5779743317533299, 3.3783967028547206, 4.906844656399162, 8.215976524260729, 3.6319217537768544, 7.78429711496441, 8.529095154002789, 0.45598515617173163, 5.860018183480307, 9.076812979121026, 4.685932127683701, 7.218592180237632, 3.056981474129067, 5.897003840188361, 3.897713117269868, 5.873823136754188, 7.639403953894064]","1_lag_21_median_stratZ50ndj04, 1_lag_16_median_eapPSLjfm, 1_lag_tripol3, 27_lag_alpi, 12_lag_yrvPRjja, 1_lag_22_median_traTLS, 8_lag_nhTSjfm, 14_lag_nchinaPRjja, 27_lag_traDS, 1_lag_19_median_mhfATL30, 1_lag_3_median_shTSjfm, 1_lag_12_median_shTSjfm, 26_lag_traIFC, 1_lag_13_median_labSSTjfm, 10_lag_nchinaPRjja, 25_lag_tripol2, 1_lag_nppc3SSTjfm, 1_lag_20_median_samPSLann, 1_lag_17_median_nchinaPRjja, 1_lag_26_median_traEU, 1_lag_12_median_atlSICjfm, 17_lag_traTLS, 1_lag_17_median_ormenSSTjfm, 11_lag_samPSLann, 1_lag_17_median_satlSSTjfm, 1_lag_21_median_naoPSLjfm, 1_lag_7_median_stratZ50ndj01, 1_lag_9_median_eapPSLjfm, 1_lag_13_median_traWP, 23_lag_traFSC_3392_1"
LRforcedPSO,14,30,amoSSTmjjaso,picntrl,1080.5,2050.5,0.4,29,1,1,28.722221950641476,0.141634174024857,3520,"['10_lag_traFSC', '25_lag_tripol2', '27_lag_glTSjfm', '12_lag_seurTSjfm', '1_lag_8_median_arcTSjfm', '9_lag_labSSTjfm', '1_lag_6_median_traBO', '1_lag_9_median_traBS', '1_lag_11_median_eurPSLjfm', '26_lag_arcTSjfm', '1_lag_18_median_nhTSjfm', '23_lag_scpPSLjfm', '17_lag_shSICsep', '1_lag_21_median_traDP', '1_lag_16_median_tripol1', '15_lag_nppc3SSTjfm', '1_lag_27_median_amo2', '8_lag_arcTSjfm', '1_lag_2_median_ormenSSTjfm', '21_lag_mhfIP30', '1_lag_27_median_samPSLann', '1_lag_15_median_amo1', '1_lag_8_median_nhTSjfm', '6_lag_traIT', '20_lag_alpi', '15_lag_labSSTjfm', '1_lag_8_median_pdoSSTjfm', '7_lag_stratZ50ndj04', '1_lag_21_median_traFS', '25_lag_traEU']","[1.861765316769512, 2.6550383426289903, 4.374458126324741, 3.220469062661399, 5.601441162175023, 5.977562015328893, 8.079119857521697, 4.587556705184374, 6.042261520900894, 8.744660011518263, 5.853733743375216, 2.480059532685633, 3.5849975054522236, 5.633861658041113, 0.23226106480703024, 0.9894592655599226, 8.836236461286628, 0.35955221865877185, 1.3421246595376992, 1.5028081479241155, 4.546825425284526, 6.56530354566706, 3.807687339430208, 7.920768878651778, 0.3422434319754082, 6.944243080052093, 0.10121581061147111, 7.421066267590586, 5.746405762419167, 0.9914539021875317]","10_lag_traFSC, 25_lag_tripol2, 27_lag_glTSjfm, 12_lag_seurTSjfm, 1_lag_8_median_arcTSjfm, 9_lag_labSSTjfm, 1_lag_6_median_traBO, 1_lag_9_median_traBS, 1_lag_11_median_eurPSLjfm, 26_lag_arcTSjfm, 1_lag_18_median_nhTSjfm, 23_lag_scpPSLjfm, 17_lag_shSICsep, 1_lag_21_median_traDP, 1_lag_16_median_tripol1, 15_lag_nppc3SSTjfm, 1_lag_27_median_amo2, 8_lag_arcTSjfm, 1_lag_2_median_ormenSSTjfm, 21_lag_mhfIP30, 1_lag_27_median_samPSLann, 1_lag_15_median_amo1, 1_lag_8_median_nhTSjfm, 6_lag_traIT, 20_lag_alpi, 15_lag_labSSTjfm, 1_lag_8_median_pdoSSTjfm, 7_lag_stratZ50ndj04, 1_lag_21_median_traFS, 25_lag_traEU_3520_1"
LRforcedPSO,15,30,amoSSTmjjaso,picntrl,1081.5,2050.5,0.4,30,1,1,23.12061438119026,-0.006337086856737612,3648,"['12_lag_stratZ50ndj03', '1_lag_2_median_alpi', '20_lag_seurTSjfm', '14_lag_shSICsep', '1_lag_27_median_traMC', '17_lag_traFSC', '20_lag_stratZ50ndj03', '15_lag_tripol1', '1_lag_11_median_satlSSTjfm', '1_lag_20_median_gyreSSTjfm', '1_lag_26_median_nppc2SSTjfm', '1_lag_tripol2', '17_lag_satlSSTjfm', '1_lag_14_median_nchinaPRjja', '1_lag_13_median_AMOCann', '1_lag_2_median_ismPRjja', '1_lag_15_median_pdoSSTjfm', '1_lag_amo2', '1_lag_8_median_shTSjfm', '1_lag_19_median_traMC', '1_lag_11_median_stratZ50ndj03', '1_lag_28_median_stratZ50ndj04', '1_lag_3_median_eapPSLjfm', '1_lag_6_median_mhfIP30', '1_lag_5_median_glomaSSTjfm', '1_lag_15_median_arcTSjfm', '1_lag_23_median_wnorPRjfm', '1_lag_11_median_scpPSLjfm', '1_lag_5_median_shSICmar', '1_lag_25_median_traCA']","[7.350615436818546, 7.286069168030879, 2.619861771781258, 1.721912577263108, 2.4251870355638, 5.477438223614457, 1.2894539603763953, 4.872470459257759, 3.3706290659762628, 9.254947793727027, 3.980370484144732, 8.353130291981188, 1.3255444839731751, 7.831567194876479, 1.0813392928070602, 5.696240577209455, 7.941917645751207, 1.464130953860563, 0.8880526079701454, 1.0348522360154515, 4.812507493449134, 3.917437914588506, 1.6027980943881666, 3.100603999789458, 8.711568064917984, 2.8668585683088583, 4.643242064183872, 4.264065830686302, 1.0571913784297031, 2.9129823040835277]","12_lag_stratZ50ndj03, 1_lag_2_median_alpi, 20_lag_seurTSjfm, 14_lag_shSICsep, 1_lag_27_median_traMC, 17_lag_traFSC, 20_lag_stratZ50ndj03, 15_lag_tripol1, 1_lag_11_median_satlSSTjfm, 1_lag_20_median_gyreSSTjfm, 1_lag_26_median_nppc2SSTjfm, 1_lag_tripol2, 17_lag_satlSSTjfm, 1_lag_14_median_nchinaPRjja, 1_lag_13_median_AMOCann, 1_lag_2_median_ismPRjja, 1_lag_15_median_pdoSSTjfm, 1_lag_amo2, 1_lag_8_median_shTSjfm, 1_lag_19_median_traMC, 1_lag_11_median_stratZ50ndj03, 1_lag_28_median_stratZ50ndj04, 1_lag_3_median_eapPSLjfm, 1_lag_6_median_mhfIP30, 1_lag_5_median_glomaSSTjfm, 1_lag_15_median_arcTSjfm, 1_lag_23_median_wnorPRjfm, 1_lag_11_median_scpPSLjfm, 1_lag_5_median_shSICmar, 1_lag_25_median_traCA_3648_1"
LRforcedPSO,16,30,amoSSTmjjaso,picntrl,1082.5,2050.5,0.4,31,1,1,25.964006623822204,0.03964812905444803,3776,"['2_lag_traWP', '21_lag_glomaSSTjfm', '15_lag_eapPSLjfm', '1_lag_24_median_ginwSSTjfm', '1_lag_2_median_pdoSSTjfm', '1_lag_13_median_samPSLann', '16_lag_amoSSTmjjaso', '20_lag_samPSLann', '6_lag_shSICsep', '28_lag_tripol1', '1_lag_9_median_traTLS', '30_lag_naoPSLjfm', '1_lag_3_median_traFB', '24_lag_gyreSSTjfm', '18_lag_mhfIP30', '27_lag_samPSLann', '1_lag_17_median_samPSLann', '1_lag_5_median_gyreSSTjfm', '20_lag_amo1', '1_lag_4_median_amo2', '1_lag_10_median_shSICsep', '1_lag_14_median_seurTSjfm', '12_lag_nchinaPRjja', '1_lag_16_median_cetTSjfm', '1_lag_amo1', '26_lag_shTSjfm', '25_lag_eapPSLjfm', '1_lag_10_median_amo3', '16_lag_arcTSjfm', '1_lag_5_median_tripol2']","[5.0424566696381845, 4.24493456519942, 5.785237961149285, 7.453031579188792, 2.8774113275691686, 5.303733713122187, 5.709029299263593, 8.090132302176851, 1.3246695896766898, 0.9757335900507265, 1.0843647684023558, 9.918485733510412, 1.8170284656866436, 3.7914284000753113, 2.919770819414513, 1.9782074159281358, 2.5801068549291415, 3.9275275442518787, 3.243812974770295, 8.57600566029982, 1.8903105785853231, 1.4379107842735888, 7.98222026617696, 5.226100218789442, 2.035397861011184, 6.88169152429214, 2.8652046716786614, 6.787092042699725, 4.957584023633119, 3.866784840866462]","2_lag_traWP, 21_lag_glomaSSTjfm, 15_lag_eapPSLjfm, 1_lag_24_median_ginwSSTjfm, 1_lag_2_median_pdoSSTjfm, 1_lag_13_median_samPSLann, 16_lag_amoSSTmjjaso, 20_lag_samPSLann, 6_lag_shSICsep, 28_lag_tripol1, 1_lag_9_median_traTLS, 30_lag_naoPSLjfm, 1_lag_3_median_traFB, 24_lag_gyreSSTjfm, 18_lag_mhfIP30, 27_lag_samPSLann, 1_lag_17_median_samPSLann, 1_lag_5_median_gyreSSTjfm, 20_lag_amo1, 1_lag_4_median_amo2, 1_lag_10_median_shSICsep, 1_lag_14_median_seurTSjfm, 12_lag_nchinaPRjja, 1_lag_16_median_cetTSjfm, 1_lag_amo1, 26_lag_shTSjfm, 25_lag_eapPSLjfm, 1_lag_10_median_amo3, 16_lag_arcTSjfm, 1_lag_5_median_tripol2_3776_1"
LRforcedPSO,17,30,amoSSTmjjaso,picntrl,1083.5,2050.5,0.4,32,2,2,36.31943978877844,0.03387940525374815,3776,"['2_lag_24_median_atlSICjfm', '22_lag_traBO', '2_lag_27_median_tripol2', '2_lag_25_median_traIT', '21_lag_traCA', '14_lag_stratZ50ndj04', '20_lag_traIT', '2_lag_28_median_atlSICsep', '2_lag_20_median_tripol1', '22_lag_atlSICsep', '2_lag_22_median_mhfATL60', '2_lag_10_median_tripol2', '15_lag_atlSICjfm', '21_lag_scpPSLjfm', '2_lag_11_median_traDP', '2_lag_16_median_AMOCann', '2_lag_4_median_cetTSjfm', '2_lag_24_median_shTSjfm', '23_lag_nppc2SSTjfm', '2_lag_26_median_shSICsep', '2_lag_20_median_glomaSSTjfm', '27_lag_eapPSLjfm', '2_lag_8_median_eurPSLjfm', '2_lag_8_median_ismPRjja', '15_lag_traMC', '25_lag_stratZ50ndj02', '2_lag_5_median_shSICsep', '2_lag_20_median_traTLS', '2_lag_3_median_nhSICsep', '2_lag_12_median_mhfATL60']","[6.753193871494993, 5.642476477711202, 7.124041708244282, 6.7003878514699515, 8.607095344939012, 6.139624054195767, 5.761161471963035, 0.38439973974314157, 0.7174201392528072, 3.635418817071095, 6.018199153208972, 9.96829600333382, 1.560831127584887, 2.8801703930002613, 7.629027078812354, 6.382210167707938, 0.6104755520998122, 3.6643475285906852, 2.3952433744918515, 4.620898885739786, 4.927850948988263, 3.6651612167042575, 3.1835019485209344, 3.073686520894068, 4.257013627276532, 4.278782220026137, 2.952897860096071, 6.056944655662388, 1.2664880054853374, 1.6149489552784821]","2_lag_24_median_atlSICjfm, 22_lag_traBO, 2_lag_27_median_tripol2, 2_lag_25_median_traIT, 21_lag_traCA, 14_lag_stratZ50ndj04, 20_lag_traIT, 2_lag_28_median_atlSICsep, 2_lag_20_median_tripol1, 22_lag_atlSICsep, 2_lag_22_median_mhfATL60, 2_lag_10_median_tripol2, 15_lag_atlSICjfm, 21_lag_scpPSLjfm, 2_lag_11_median_traDP, 2_lag_16_median_AMOCann, 2_lag_4_median_cetTSjfm, 2_lag_24_median_shTSjfm, 23_lag_nppc2SSTjfm, 2_lag_26_median_shSICsep, 2_lag_20_median_glomaSSTjfm, 27_lag_eapPSLjfm, 2_lag_8_median_eurPSLjfm, 2_lag_8_median_ismPRjja, 15_lag_traMC, 25_lag_stratZ50ndj02, 2_lag_5_median_shSICsep, 2_lag_20_median_traTLS, 2_lag_3_median_nhSICsep, 2_lag_12_median_mhfATL60_3776_2"
LRforcedPSO,18,30,amoSSTmjjaso,picntrl,1084.5,2050.5,0.4,33,3,3,31.685228283070774,-0.10314949461738455,3776,"['3_lag_4_median_wnorPRjfm', '14_lag_wnorPRjfm', '3_lag_22_median_nchinaPRjja', '3_lag_21_median_alpi', '3_lag_13_median_cetTSjfm', '3_lag_5_median_arcTSjfm', '3_lag_23_median_stratZ50ndj03', '3_lag_16_median_ginwSSTjfm', '3_lag_28_median_neurTSjfm', '27_lag_traWP', '3_lag_18_median_traTLS', '3_lag_20_median_amo2', '3_lag_31_median_mhfATL60', '7_lag_traIT', '3_lag_16_median_traFB', '3_lag_18_median_nhSICjfm', '11_lag_scpPSLjfm', '3_lag_31_median_traDP', '3_lag_10_median_scpPSLjfm', '3_lag_13_median_scpPSLjfm', '9_lag_ginwSSTjfm', '3_lag_18_median_atlSICsep', '3_lag_22_median_nppc3SSTjfm', '10_lag_tripol3', '31_lag_traEU', '3_lag_20_median_traTLS', '3_lag_31_median_labSSTjfm', '20_lag_samPSLann', '15_lag_mhfATL30', '3_lag_9_median_traTLS']","[5.777160328399134, 4.244080473494794, 1.8757560721407192, 7.312542059764876, 3.043887626554705, 6.845859409658168, 0.9731910860196997, 3.816402231503327, 5.977302143806096, 9.866218477664784, 5.965494479871234, 9.740650339459158, 7.669716999325454, 5.950189673726318, 2.1339262639290286, 2.744756827621395, 2.7006993927307335, 3.473066147705312, 3.9067524651100687, 2.2895435693859216, 2.268816233466911, 1.3050108090085484, 6.043278202026208, 0.35031245190130633, 0.6921889044767138, 6.165037266449245, 0.8078013988144335, 7.321314094689139, 6.433135831400405, 0.14356690027511476]","3_lag_4_median_wnorPRjfm, 14_lag_wnorPRjfm, 3_lag_22_median_nchinaPRjja, 3_lag_21_median_alpi, 3_lag_13_median_cetTSjfm, 3_lag_5_median_arcTSjfm, 3_lag_23_median_stratZ50ndj03, 3_lag_16_median_ginwSSTjfm, 3_lag_28_median_neurTSjfm, 27_lag_traWP, 3_lag_18_median_traTLS, 3_lag_20_median_amo2, 3_lag_31_median_mhfATL60, 7_lag_traIT, 3_lag_16_median_traFB, 3_lag_18_median_nhSICjfm, 11_lag_scpPSLjfm, 3_lag_31_median_traDP, 3_lag_10_median_scpPSLjfm, 3_lag_13_median_scpPSLjfm, 9_lag_ginwSSTjfm, 3_lag_18_median_atlSICsep, 3_lag_22_median_nppc3SSTjfm, 10_lag_tripol3, 31_lag_traEU, 3_lag_20_median_traTLS, 3_lag_31_median_labSSTjfm, 20_lag_samPSLann, 15_lag_mhfATL30, 3_lag_9_median_traTLS_3776_3"
LRforcedPSO,19,30,amoSSTmjjaso,picntrl,1085.5,2050.5,0.4,34,4,4,25.78875149260871,0.06219275129208203,3776,"['14_lag_mhfATL30', '4_lag_13_median_eurPSLjfm', '4_lag_15_median_traDS', '22_lag_AMOCann', '4_lag_29_median_nhSICsep', '4_lag_23_median_naoPSLjfm', '4_lag_10_median_glTSjfm', '4_lag_12_median_mhfIP30', '4_lag_8_median_stratZ50ndj01', '4_lag_33_median_nchinaPRjja', '4_lag_24_median_traBS', '27_lag_traMC', '29_lag_naoPSLjfm', '28_lag_amoSSTmjjaso', '4_lag_13_median_traDP', '16_lag_traEC', '4_lag_11_median_traEC', '32_lag_traEC', '4_lag_30_median_gyreSSTjfm', '4_lag_22_median_tripol2', '23_lag_mhfATL60', '23_lag_stratZ50ndj04', '6_lag_atlSICjfm', '4_lag_24_median_nhSICsep', '4_lag_29_median_nchinaPRjja', '4_lag_13_median_glTSjfm', '17_lag_mhfATL30', '5_lag_stratZ50ndj03', '4_lag_27_median_traEC', '4_lag_16_median_ismPRjja']","[0.18925523831314095, 2.4060247010951628, 5.523581414938885, 7.97124326745182, 5.532230195742953, 3.8085928303826577, 2.725099196632817, 6.123488765357741, 4.3360278193984225, 7.546547028856178, 1.012371170492571, 7.759558413456418, 4.6980753704113525, 5.271161496311563, 3.982074404927907, 6.770607003087175, 5.773310560873288, 3.753958173006467, 1.6963237148212684, 4.746784479433641, 1.2942225162689862, 3.700606502437843, 6.793405319598261, 1.699951758716992, 1.0499479613327836, 8.884487962574987, 5.24709673532643, 3.804336650242133, 5.962223090681144, 8.025902265077395]","14_lag_mhfATL30, 4_lag_13_median_eurPSLjfm, 4_lag_15_median_traDS, 22_lag_AMOCann, 4_lag_29_median_nhSICsep, 4_lag_23_median_naoPSLjfm, 4_lag_10_median_glTSjfm, 4_lag_12_median_mhfIP30, 4_lag_8_median_stratZ50ndj01, 4_lag_33_median_nchinaPRjja, 4_lag_24_median_traBS, 27_lag_traMC, 29_lag_naoPSLjfm, 28_lag_amoSSTmjjaso, 4_lag_13_median_traDP, 16_lag_traEC, 4_lag_11_median_traEC, 32_lag_traEC, 4_lag_30_median_gyreSSTjfm, 4_lag_22_median_tripol2, 23_lag_mhfATL60, 23_lag_stratZ50ndj04, 6_lag_atlSICjfm, 4_lag_24_median_nhSICsep, 4_lag_29_median_nchinaPRjja, 4_lag_13_median_glTSjfm, 17_lag_mhfATL30, 5_lag_stratZ50ndj03, 4_lag_27_median_traEC, 4_lag_16_median_ismPRjja_3776_4"
LRforcedPSO,20,30,amoSSTmjjaso,picntrl,1086.5,2050.5,0.4,35,5,5,22.089730034991106,0.07004853155874659,3776,"['7_lag_atlSICsep', '5_lag_12_median_shTSjfm', '14_lag_nhSICjfm', '5_lag_11_median_ismPRjja', '10_lag_wnorPRjfm', '5_lag_28_median_arcTSjfm', '31_lag_traDS', '7_lag_nhSICjfm', '5_lag_21_median_tripol3', '12_lag_eurPSLjfm', '14_lag_cetTSjfm', '5_lag_naoPSLjfm', '5_lag_27_median_traTLS', '15_lag_traTLS', '20_lag_mhfIP30', '12_lag_alpi', '21_lag_nppc2SSTjfm', '5_lag_22_median_stratZ50ndj02', '5_lag_7_median_nchinaPRjja', '11_lag_eapPSLjfm', '20_lag_mhfATL60', '31_lag_traFS', '20_lag_yrvPRjja', '6_lag_traIFC', '33_lag_traBS', '33_lag_traEU', '9_lag_traFS', '21_lag_alpi', '5_lag_22_median_traDS', '13_lag_atlSICjfm']","[3.473380228836076, 1.6574851051563044, 6.172191739752506, 2.899925923481364, 5.321188225899938, 4.343350951517424, 7.4224045285863856, 3.9746395097181804, 6.4550822023522905, 4.769196705401619, 8.175466523421882, 0.5061840371503141, 3.9858191553133526, 4.573145997329737, 2.802468339149474, 4.098716509939402, 5.216658668417531, 9.506953360128097, 0.7316327850430326, 6.039522470704679, 3.0366210682858448, 4.800906005269274, 4.764253210407949, 2.6793244184498066, 1.6605615105575176, 0.8189365724855246, 3.2325828564705557, 1.4918103946979127, 1.8343274845250317, 0.6209303239274107]","7_lag_atlSICsep, 5_lag_12_median_shTSjfm, 14_lag_nhSICjfm, 5_lag_11_median_ismPRjja, 10_lag_wnorPRjfm, 5_lag_28_median_arcTSjfm, 31_lag_traDS, 7_lag_nhSICjfm, 5_lag_21_median_tripol3, 12_lag_eurPSLjfm, 14_lag_cetTSjfm, 5_lag_naoPSLjfm, 5_lag_27_median_traTLS, 15_lag_traTLS, 20_lag_mhfIP30, 12_lag_alpi, 21_lag_nppc2SSTjfm, 5_lag_22_median_stratZ50ndj02, 5_lag_7_median_nchinaPRjja, 11_lag_eapPSLjfm, 20_lag_mhfATL60, 31_lag_traFS, 20_lag_yrvPRjja, 6_lag_traIFC, 33_lag_traBS, 33_lag_traEU, 9_lag_traFS, 21_lag_alpi, 5_lag_22_median_traDS, 13_lag_atlSICjfm_3776_5"
LRforcedPSO,21,30,amoSSTmjjaso,picntrl,1087.5,2050.5,0.4,36,6,6,20.82815890556604,0.06333351950197802,3776,"['21_lag_traIT', '16_lag_mhfATL45', '34_lag_stratZ50ndj03', '35_lag_traEU', '34_lag_stratZ50ndj01', '6_lag_24_median_glomaSSTjfm', '6_lag_10_median_wnorPRjfm', '24_lag_atlSICjfm', '12_lag_nhSICjfm', '17_lag_traTLS', '10_lag_traFS', '6_lag_23_median_traTLS', '6_lag_14_median_nppc3SSTjfm', '28_lag_scpPSLjfm', '26_lag_traBS', '18_lag_naoPSLjfm', '6_lag_33_median_nppc3SSTjfm', '13_lag_shSICsep', '27_lag_traFB', '24_lag_traFS', '31_lag_traWP', '25_lag_traEU', '13_lag_traDP', '6_lag_33_median_traTLS', '29_lag_nchinaPRjja', '6_lag_14_median_tripol3', '6_lag_28_median_amo2', '30_lag_samPSLann', '6_lag_13_median_traBO', '6_lag_19_median_pdoSSTjfm']","[7.023267727991833, 0.6069106543956089, 1.6300130628852099, 5.063109372472656, 7.846366333144381, 0.5981192755932785, 5.3920089391607, 2.310727883777619, 2.8796349019930423, 6.086287690593757, 2.0834252511922706, 5.366174663627321, 0.45229413584720923, 0.7543156468258552, 1.7749776678067661, 0.09363635398121417, 1.3120942536416464, 0.3205719014511903, 5.092458776050961, 0.3533323238140724, 3.7960122833037495, 1.8010548957387247, 4.1052617228348165, 0.0969848743537014, 3.876322353504653, 8.791058445488467, 8.437568366669964, 0.17864973207296408, 1.5338414879240716, 1.2489702490307835]","21_lag_traIT, 16_lag_mhfATL45, 34_lag_stratZ50ndj03, 35_lag_traEU, 34_lag_stratZ50ndj01, 6_lag_24_median_glomaSSTjfm, 6_lag_10_median_wnorPRjfm, 24_lag_atlSICjfm, 12_lag_nhSICjfm, 17_lag_traTLS, 10_lag_traFS, 6_lag_23_median_traTLS, 6_lag_14_median_nppc3SSTjfm, 28_lag_scpPSLjfm, 26_lag_traBS, 18_lag_naoPSLjfm, 6_lag_33_median_nppc3SSTjfm, 13_lag_shSICsep, 27_lag_traFB, 24_lag_traFS, 31_lag_traWP, 25_lag_traEU, 13_lag_traDP, 6_lag_33_median_traTLS, 29_lag_nchinaPRjja, 6_lag_14_median_tripol3, 6_lag_28_median_amo2, 30_lag_samPSLann, 6_lag_13_median_traBO, 6_lag_19_median_pdoSSTjfm_3776_6"
LRforcedPSO,22,30,amoSSTmjjaso,picntrl,1088.5,2050.5,0.4,37,7,7,24.628360984900795,0.012184138862879378,3776,"['35_lag_eurPSLjfm', '14_lag_labSSTjfm', '25_lag_arcTSjfm', '35_lag_nhTSjfm', '7_lag_29_median_stratZ50ndj04', '7_lag_35_median_traFB', '7_lag_28_median_traFSC', '7_lag_18_median_nhTSjfm', '24_lag_traFB', '12_lag_ismPRjja', '31_lag_mhfATL60', '30_lag_ormenSSTjfm', '7_lag_12_median_gyreSSTjfm', '7_lag_12_median_mhfATL60', '28_lag_amo1', '7_lag_22_median_traDS', '23_lag_neurTSjfm', '7_lag_8_median_yrvPRjja', '7_lag_21_median_stratZ50ndj02', '14_lag_stratZ50ndj04', '9_lag_cetTSjfm', '7_lag_14_median_mhfIP30', '7_lag_14_median_ormenSSTjfm', '7_lag_29_median_atlSICsep', '14_lag_satlSSTjfm', '30_lag_shSICmar', '7_lag_13_median_amo3', '7_lag_20_median_atlSICjfm', '7_lag_32_median_stratZ50ndj01', '7_lag_26_median_stratZ50ndj04']","[3.2227438432219824, 1.317050254050276, 5.101626945539659, 7.429549455449088, 1.9921082681685434, 7.444751361101655, 0.6627832599620369, 4.198636341867726, 1.6514145067130492, 3.3949994757939432, 1.4226193301834797, 5.603274075497897, 0.5938437593921329, 6.149257089755515, 3.018421148893271, 0.7102269155414298, 2.2678503770176484, 1.8350462469529187, 0.5531270657866045, 2.743116194742953, 3.9533793958990255, 7.074411427431972, 7.184847615786609, 2.0059325848961755, 6.8332525689034584, 8.575917467227397, 6.376651579932493, 9.56107629294489, 2.8615584624033925, 6.95265331161516]","35_lag_eurPSLjfm, 14_lag_labSSTjfm, 25_lag_arcTSjfm, 35_lag_nhTSjfm, 7_lag_29_median_stratZ50ndj04, 7_lag_35_median_traFB, 7_lag_28_median_traFSC, 7_lag_18_median_nhTSjfm, 24_lag_traFB, 12_lag_ismPRjja, 31_lag_mhfATL60, 30_lag_ormenSSTjfm, 7_lag_12_median_gyreSSTjfm, 7_lag_12_median_mhfATL60, 28_lag_amo1, 7_lag_22_median_traDS, 23_lag_neurTSjfm, 7_lag_8_median_yrvPRjja, 7_lag_21_median_stratZ50ndj02, 14_lag_stratZ50ndj04, 9_lag_cetTSjfm, 7_lag_14_median_mhfIP30, 7_lag_14_median_ormenSSTjfm, 7_lag_29_median_atlSICsep, 14_lag_satlSSTjfm, 30_lag_shSICmar, 7_lag_13_median_amo3, 7_lag_20_median_atlSICjfm, 7_lag_32_median_stratZ50ndj01, 7_lag_26_median_stratZ50ndj04_3776_7"
LRforcedPSO,23,30,amoSSTmjjaso,picntrl,1089.5,2050.5,0.4,38,8,8,22.53480320389585,-0.10430466337226102,3776,"['8_lag_9_median_amo3', '8_lag_nhSICsep', '8_lag_28_median_traFB', '9_lag_nhSICsep', '20_lag_traFSC', '34_lag_arcTSjfm', '8_lag_25_median_mhfATL30', '15_lag_nppc2SSTjfm', '9_lag_stratZ50ndj02', '14_lag_amoSSTmjjaso', '8_lag_36_median_traTLS', '8_lag_10_median_gyreSSTjfm', '20_lag_mhfATL30', '8_lag_23_median_nhSICsep', '22_lag_ormenSSTjfm', '20_lag_arcTSjfm', '12_lag_traFS', '8_lag_28_median_traBS', '9_lag_alpi', '8_lag_35_median_ensoSSTjfm', '8_lag_29_median_stratZ50ndj03', '14_lag_ginwSSTjfm', '19_lag_nppc3SSTjfm', '31_lag_alpi', '16_lag_nppc2SSTjfm', '8_lag_16_median_tripol1', '31_lag_traTLS', '8_lag_11_median_pdoSSTjfm', '8_lag_32_median_nppc2SSTjfm', '36_lag_traIT']","[1.0697821016369709, 0.14040683256422426, 9.669619965486998, 5.014744879537233, 0.3242169741831695, 3.9281030266724493, 3.9971666168733027, 1.318446482983905, 1.3516249350144172, 5.1349187485215015, 2.518623403555045, 4.872750076397823, 2.0538002027563724, 6.377018901828379, 2.2641292348895847, 0.14481280010663866, 7.281553239208773, 1.7243285613156232, 5.623758205181883, 0.6584809124262421, 6.047887401824323, 0.20466514474326658, 7.690291621438252, 1.44917175303463, 1.3330444043333927, 8.467845569053207, 0.08652768624584795, 4.794971557710625, 5.513962445080708, 1.4842776528531765]","8_lag_9_median_amo3, 8_lag_nhSICsep, 8_lag_28_median_traFB, 9_lag_nhSICsep, 20_lag_traFSC, 34_lag_arcTSjfm, 8_lag_25_median_mhfATL30, 15_lag_nppc2SSTjfm, 9_lag_stratZ50ndj02, 14_lag_amoSSTmjjaso, 8_lag_36_median_traTLS, 8_lag_10_median_gyreSSTjfm, 20_lag_mhfATL30, 8_lag_23_median_nhSICsep, 22_lag_ormenSSTjfm, 20_lag_arcTSjfm, 12_lag_traFS, 8_lag_28_median_traBS, 9_lag_alpi, 8_lag_35_median_ensoSSTjfm, 8_lag_29_median_stratZ50ndj03, 14_lag_ginwSSTjfm, 19_lag_nppc3SSTjfm, 31_lag_alpi, 16_lag_nppc2SSTjfm, 8_lag_16_median_tripol1, 31_lag_traTLS, 8_lag_11_median_pdoSSTjfm, 8_lag_32_median_nppc2SSTjfm, 36_lag_traIT_3776_8"
LRforcedPSO,24,30,amoSSTmjjaso,picntrl,1090.5,2050.5,0.4,39,9,9,20.89620548667915,0.008833840858180146,3776,"['13_lag_glTSjfm', '9_lag_10_median_tripol3', '12_lag_alpi', '9_lag_35_median_tripol1', '9_lag_18_median_traFSC', '9_lag_11_median_traIT', '28_lag_eurPSLjfm', '9_lag_37_median_traEU', '31_lag_glomaSSTjfm', '34_lag_nhSICsep', '9_lag_30_median_nppc2SSTjfm', '31_lag_arcTSjfm', '13_lag_nhSICsep', '9_lag_25_median_amoSSTmjjaso', '17_lag_glTSjfm', '15_lag_glomaSSTjfm', '27_lag_wnorPRjfm', '9_lag_19_median_stratZ50ndj01', '9_lag_23_median_traFB', '9_lag_12_median_nhSICsep', '23_lag_traEU', '9_lag_30_median_AMOCann', '9_lag_satlSSTjfm', '9_lag_23_median_scpPSLjfm', '9_lag_20_median_tripol1', '12_lag_labSSTjfm', '24_lag_traEU', '9_lag_mhfATL60', '36_lag_stratZ50ndj02', '9_lag_13_median_traFS']","[0.3900745491631348, 6.3383592564977675, 0.013463398958977635, 1.6776836085619387, 4.186937982900815, 6.367698299024202, 7.255587902124871, 3.3050886988264345, 1.9435739809676544, 2.0437736640826483, 8.501633120620847, 2.756582670783718, 2.3511563784609013, 2.247375919976651, 0.7529297073174295, 2.200981294675975, 6.409000284481352, 1.9875014245863305, 1.1575514232887905, 3.0763449561246503, 7.917429136031902, 6.73754691021195, 2.101848490149905, 0.2989464413636398, 5.934912310871483, 4.155065422377515, 4.130011588587898, 2.4956478114425824, 3.313338956641733, 7.216404508212126]","13_lag_glTSjfm, 9_lag_10_median_tripol3, 12_lag_alpi, 9_lag_35_median_tripol1, 9_lag_18_median_traFSC, 9_lag_11_median_traIT, 28_lag_eurPSLjfm, 9_lag_37_median_traEU, 31_lag_glomaSSTjfm, 34_lag_nhSICsep, 9_lag_30_median_nppc2SSTjfm, 31_lag_arcTSjfm, 13_lag_nhSICsep, 9_lag_25_median_amoSSTmjjaso, 17_lag_glTSjfm, 15_lag_glomaSSTjfm, 27_lag_wnorPRjfm, 9_lag_19_median_stratZ50ndj01, 9_lag_23_median_traFB, 9_lag_12_median_nhSICsep, 23_lag_traEU, 9_lag_30_median_AMOCann, 9_lag_satlSSTjfm, 9_lag_23_median_scpPSLjfm, 9_lag_20_median_tripol1, 12_lag_labSSTjfm, 24_lag_traEU, 9_lag_mhfATL60, 36_lag_stratZ50ndj02, 9_lag_13_median_traFS_3776_9"
LRforcedPSO,25,30,amoSSTmjjaso,picntrl,1091.5,2050.5,0.4,40,10,10,30.122368845725905,-0.07976591333456684,3776,"['34_lag_labSSTjfm', '10_lag_16_median_pdoSSTjfm', '10_lag_35_median_mhfATL60', '11_lag_traIT', '10_lag_14_median_traEU', '10_lag_28_median_traEC', '15_lag_traIFC', '30_lag_arcTSjfm', '20_lag_tripol2', '19_lag_stratZ50ndj01', '10_lag_12_median_stratZ50ndj04', '10_lag_12_median_scpPSLjfm', '10_lag_15_median_AMOCann', '10_lag_37_median_shSICmar', '39_lag_traDS', '10_lag_37_median_amo2', '11_lag_alpi', '10_lag_23_median_tripol3', '14_lag_seurTSjfm', '10_lag_19_median_atlSICsep', '10_lag_30_median_ginwSSTjfm', '16_lag_traCA', '10_lag_19_median_pdoSSTjfm', '27_lag_traBS', '10_lag_36_median_seurTSjfm', '10_lag_23_median_tripol1', '17_lag_arcTSjfm', '10_lag_39_median_traEC', '10_lag_11_median_naoPSLjfm', '31_lag_traIFC']","[3.44892804296531, 2.9647501403533543, 9.739969819273366, 3.607150292996975, 7.2422179959230135, 9.786765079360114, 3.9799438998711274, 7.815998895334781, 8.058377567311194, 1.1557897606847227, 5.958779131660174, 6.512688894593889, 1.8915636234008772, 4.217231941962023, 0.09861213426526128, 5.859869362261911, 0.3505795602322692, 9.82924001579022, 0.805903448907408, 2.1843565153646836, 2.0351601286136223, 4.175040174020477, 6.598483440448991, 1.0569007493974176, 3.226271237395464, 9.803488646117826, 3.975876135927101, 8.268381116255885, 1.8990043344776968, 9.073990733632378]","34_lag_labSSTjfm, 10_lag_16_median_pdoSSTjfm, 10_lag_35_median_mhfATL60, 11_lag_traIT, 10_lag_14_median_traEU, 10_lag_28_median_traEC, 15_lag_traIFC, 30_lag_arcTSjfm, 20_lag_tripol2, 19_lag_stratZ50ndj01, 10_lag_12_median_stratZ50ndj04, 10_lag_12_median_scpPSLjfm, 10_lag_15_median_AMOCann, 10_lag_37_median_shSICmar, 39_lag_traDS, 10_lag_37_median_amo2, 11_lag_alpi, 10_lag_23_median_tripol3, 14_lag_seurTSjfm, 10_lag_19_median_atlSICsep, 10_lag_30_median_ginwSSTjfm, 16_lag_traCA, 10_lag_19_median_pdoSSTjfm, 27_lag_traBS, 10_lag_36_median_seurTSjfm, 10_lag_23_median_tripol1, 17_lag_arcTSjfm, 10_lag_39_median_traEC, 10_lag_11_median_naoPSLjfm, 31_lag_traIFC_3776_10"
LRforcedPSO,26,30,amoSSTmjjaso,picntrl,1092.5,2050.5,0.4,41,11,11,26.062817612323983,0.008900949659002653,3776,"['31_lag_pdoSSTjfm', '11_lag_34_median_yrvPRjja', '26_lag_eapPSLjfm', '27_lag_tripol1', '11_lag_28_median_glTSjfm', '11_lag_39_median_stratZ50ndj02', '25_lag_shSICmar', '11_lag_28_median_traDS', '30_lag_tripol3', '11_lag_17_median_ginwSSTjfm', '36_lag_labSSTjfm', '37_lag_cetTSjfm', '11_lag_34_median_stratZ50ndj01', '32_lag_stratZ50ndj01', '11_lag_36_median_tripol3', '29_lag_satlSSTjfm', '11_lag_18_median_samPSLann', '11_lag_27_median_stratZ50ndj03', '33_lag_tripol3', '20_lag_traIT', '11_lag_26_median_nppc3SSTjfm', '30_lag_ormenSSTjfm', '11_lag_23_median_cetTSjfm', '11_lag_37_median_traDS', '11_lag_26_median_alpi', '24_lag_traEC', '11_lag_30_median_nppc2SSTjfm', '21_lag_atlSICjfm', '11_lag_32_median_eapPSLjfm', '27_lag_traFSC']","[5.368898126090967, 1.6401377733068205, 7.328882844498153, 6.31293166201219, 3.5174287205400434, 2.067645545590306, 1.1827258986498084, 5.747432125844762, 0.4399471611548087, 5.94084896080191, 4.908974335253378, 4.403681279513865, 6.790413905149233, 1.1657170671478454, 1.9496588649848476, 2.58803331548118, 2.411218890725774, 2.9005841998834576, 1.6107339837007633, 6.1433103221407706, 5.345339602043624, 1.1778047333252673, 9.592589287017951, 2.634887007156406, 1.5290643844761362, 0.3692997887646339, 3.65547185054651, 8.3122354519892, 4.061705585684249, 4.910389072481907]","31_lag_pdoSSTjfm, 11_lag_34_median_yrvPRjja, 26_lag_eapPSLjfm, 27_lag_tripol1, 11_lag_28_median_glTSjfm, 11_lag_39_median_stratZ50ndj02, 25_lag_shSICmar, 11_lag_28_median_traDS, 30_lag_tripol3, 11_lag_17_median_ginwSSTjfm, 36_lag_labSSTjfm, 37_lag_cetTSjfm, 11_lag_34_median_stratZ50ndj01, 32_lag_stratZ50ndj01, 11_lag_36_median_tripol3, 29_lag_satlSSTjfm, 11_lag_18_median_samPSLann, 11_lag_27_median_stratZ50ndj03, 33_lag_tripol3, 20_lag_traIT, 11_lag_26_median_nppc3SSTjfm, 30_lag_ormenSSTjfm, 11_lag_23_median_cetTSjfm, 11_lag_37_median_traDS, 11_lag_26_median_alpi, 24_lag_traEC, 11_lag_30_median_nppc2SSTjfm, 21_lag_atlSICjfm, 11_lag_32_median_eapPSLjfm, 27_lag_traFSC_3776_11"
LRforcedPSO,27,30,amoSSTmjjaso,picntrl,1093.5,2050.5,0.4,42,12,12,23.08503367641645,0.005337013625753147,3776,"['12_lag_40_median_traTLS', '25_lag_naoPSLjfm', '12_lag_27_median_nhSICsep', '12_lag_29_median_amo2', '24_lag_neurTSjfm', '12_lag_40_median_amoSSTmjjaso', '12_lag_27_median_mhfIP30', '12_lag_13_median_shTSjfm', '12_lag_31_median_mhfATL60', '39_lag_ormenSSTjfm', '12_lag_22_median_pdoSSTjfm', '24_lag_amoSSTmjjaso', '23_lag_ensoSSTjfm', '37_lag_labSSTjfm', '12_lag_shTSjfm', '12_lag_21_median_satlSSTjfm', '34_lag_traCA', '12_lag_16_median_ginwSSTjfm', '12_lag_32_median_eurPSLjfm', '29_lag_mhfATL60', '39_lag_traDS', '12_lag_33_median_atlSICsep', '24_lag_cetTSjfm', '38_lag_mhfATL60', '31_lag_nhSICjfm', '12_lag_16_median_traIFC', '15_lag_ensoSSTjfm', '12_lag_41_median_traEU', '12_lag_35_median_labSSTjfm', '12_lag_41_median_traFB']","[9.292765878332922, 1.9614361759556047, 4.879287581619565, 7.339009956182473, 7.128582651962059, 2.509100360697758, 9.896509455128271, 0.7837331338815687, 7.6734916414419985, 2.6765537124612244, 1.3806107605455686, 7.754783007788745, 1.3987012207669167, 6.697654157421531, 0.41667571458254926, 7.4988609148581675, 4.889573957932603, 1.4690818530550018, 5.1653922850124125, 1.1123025131938427, 1.8742692066039073, 8.401110324985952, 4.841145892911218, 1.5125654008051566, 1.426742099147285, 4.996056963154377, 4.633580448760912, 6.1812768179675714, 0.811530550290879, 5.880587776510453]","12_lag_40_median_traTLS, 25_lag_naoPSLjfm, 12_lag_27_median_nhSICsep, 12_lag_29_median_amo2, 24_lag_neurTSjfm, 12_lag_40_median_amoSSTmjjaso, 12_lag_27_median_mhfIP30, 12_lag_13_median_shTSjfm, 12_lag_31_median_mhfATL60, 39_lag_ormenSSTjfm, 12_lag_22_median_pdoSSTjfm, 24_lag_amoSSTmjjaso, 23_lag_ensoSSTjfm, 37_lag_labSSTjfm, 12_lag_shTSjfm, 12_lag_21_median_satlSSTjfm, 34_lag_traCA, 12_lag_16_median_ginwSSTjfm, 12_lag_32_median_eurPSLjfm, 29_lag_mhfATL60, 39_lag_traDS, 12_lag_33_median_atlSICsep, 24_lag_cetTSjfm, 38_lag_mhfATL60, 31_lag_nhSICjfm, 12_lag_16_median_traIFC, 15_lag_ensoSSTjfm, 12_lag_41_median_traEU, 12_lag_35_median_labSSTjfm, 12_lag_41_median_traFB_3776_12"
LRforcedPSO,28,30,amoSSTmjjaso,picntrl,1094.5,2050.5,0.4,43,13,13,22.46421578440592,-0.020152543991458768,3776,"['13_lag_30_median_nhSICsep', '30_lag_nhSICsep', '13_lag_14_median_traWP', '13_lag_28_median_nppc3SSTjfm', '13_lag_32_median_ginwSSTjfm', '13_lag_14_median_eapPSLjfm', '13_lag_39_median_tripol1', '30_lag_mhfATL30', '13_lag_16_median_amo2', '37_lag_labSSTjfm', '13_lag_22_median_traIFC', '22_lag_eurPSLjfm', '13_lag_17_median_gyreSSTjfm', '13_lag_26_median_ginwSSTjfm', '13_lag_19_median_shSICsep', '26_lag_AMOCann', '13_lag_22_median_cetTSjfm', '13_lag_19_median_traIFC', '13_lag_27_median_glTSjfm', '13_lag_31_median_atlSICjfm', '13_lag_32_median_stratZ50ndj04', '13_lag_24_median_naoPSLjfm', '13_lag_29_median_wnorPRjfm', '13_lag_39_median_shTSjfm', '13_lag_17_median_eurPSLjfm', '13_lag_37_median_ormenSSTjfm', '35_lag_glTSjfm', '24_lag_yrvPRjja', '19_lag_amo1', '13_lag_31_median_traBO']","[9.842185371462008, 1.3817680677967985, 2.7552255534074703, 4.1671755884337, 3.4406351587588233, 7.818158246258651, 5.428345325940738, 7.132148775739715, 8.642499771344825, 1.1853281585704742, 6.063755008871128, 2.400069569438889, 0.6536548224883294, 7.007115015267202, 6.549050033270081, 0.06964728532193654, 1.9868161314866466, 0.7989679118987869, 2.998281619865919, 5.89793699193597, 2.520133823082645, 7.1393653554672865, 7.8877200107684295, 4.224971985543922, 4.033384074513538, 2.031656256540451, 6.306305598303766, 2.4256162524648968, 5.5980603529373525, 6.361467669535852]","13_lag_30_median_nhSICsep, 30_lag_nhSICsep, 13_lag_14_median_traWP, 13_lag_28_median_nppc3SSTjfm, 13_lag_32_median_ginwSSTjfm, 13_lag_14_median_eapPSLjfm, 13_lag_39_median_tripol1, 30_lag_mhfATL30, 13_lag_16_median_amo2, 37_lag_labSSTjfm, 13_lag_22_median_traIFC, 22_lag_eurPSLjfm, 13_lag_17_median_gyreSSTjfm, 13_lag_26_median_ginwSSTjfm, 13_lag_19_median_shSICsep, 26_lag_AMOCann, 13_lag_22_median_cetTSjfm, 13_lag_19_median_traIFC, 13_lag_27_median_glTSjfm, 13_lag_31_median_atlSICjfm, 13_lag_32_median_stratZ50ndj04, 13_lag_24_median_naoPSLjfm, 13_lag_29_median_wnorPRjfm, 13_lag_39_median_shTSjfm, 13_lag_17_median_eurPSLjfm, 13_lag_37_median_ormenSSTjfm, 35_lag_glTSjfm, 24_lag_yrvPRjja, 19_lag_amo1, 13_lag_31_median_traBO_3776_13"
LRforcedPSO,29,30,amoSSTmjjaso,picntrl,1095.5,2050.5,0.4,44,14,14,23.35786090805142,-0.012491373689245938,3776,"['19_lag_traMC', '14_lag_39_median_tripol3', '14_lag_32_median_traEU', '34_lag_nhSICsep', '14_lag_25_median_nchinaPRjja', '14_lag_15_median_stratZ50ndj02', '14_lag_30_median_satlSSTjfm', '14_lag_22_median_nppc2SSTjfm', '14_lag_15_median_nppc3SSTjfm', '14_lag_27_median_nhSICjfm', '14_lag_37_median_naoPSLjfm', '24_lag_nhSICjfm', '31_lag_mhfIP30', '14_lag_23_median_nppc2SSTjfm', '36_lag_wnorPRjfm', '14_lag_39_median_traFSC', '41_lag_samPSLann', '14_lag_21_median_glTSjfm', '34_lag_atlSICsep', '19_lag_shTSjfm', '35_lag_samPSLann', '14_lag_26_median_tripol1', '14_lag_33_median_atlSICjfm', '19_lag_traCA', '36_lag_mhfATL45', '14_lag_27_median_traFSC', '30_lag_amo3', '14_lag_pdoSSTjfm', '30_lag_amoSSTmjjaso', '23_lag_traIFC']","[2.270397763426333, 1.4376651390474198, 8.187958354656072, 1.2144292595702026, 1.4414211230382712, 7.609832353811051, 5.551473448857475, 2.8641027242566253, 5.891431655733491, 1.7660376525558483, 4.673722665776978, 1.6780913952179493, 3.508289370218778, 0.010070215887868272, 5.026996092384028, 6.920569735019058, 5.0381417121441885, 0.43945643991044037, 5.277788852896206, 3.15164320820315, 8.356348831246414, 2.943532614607564, 4.40684833468832, 6.507715618201313, 1.6658098010455529, 1.5678444565580492, 0.7212757041843254, 2.3357336114935876, 1.7264890009048113, 5.801138860158625]","19_lag_traMC, 14_lag_39_median_tripol3, 14_lag_32_median_traEU, 34_lag_nhSICsep, 14_lag_25_median_nchinaPRjja, 14_lag_15_median_stratZ50ndj02, 14_lag_30_median_satlSSTjfm, 14_lag_22_median_nppc2SSTjfm, 14_lag_15_median_nppc3SSTjfm, 14_lag_27_median_nhSICjfm, 14_lag_37_median_naoPSLjfm, 24_lag_nhSICjfm, 31_lag_mhfIP30, 14_lag_23_median_nppc2SSTjfm, 36_lag_wnorPRjfm, 14_lag_39_median_traFSC, 41_lag_samPSLann, 14_lag_21_median_glTSjfm, 34_lag_atlSICsep, 19_lag_shTSjfm, 35_lag_samPSLann, 14_lag_26_median_tripol1, 14_lag_33_median_atlSICjfm, 19_lag_traCA, 36_lag_mhfATL45, 14_lag_27_median_traFSC, 30_lag_amo3, 14_lag_pdoSSTjfm, 30_lag_amoSSTmjjaso, 23_lag_traIFC_3776_14"
LRforcedPSO,30,30,amoSSTmjjaso,picntrl,1096.5,2050.5,0.4,45,15,15,25.059948007699205,0.03641150459587301,3776,"['15_lag_18_median_eapPSLjfm', '32_lag_traFSC', '42_lag_traMC', '15_lag_22_median_mhfATL30', '36_lag_amo2', '30_lag_gyreSSTjfm', '15_lag_33_median_traDP', '41_lag_atlSICjfm', '15_lag_22_median_tripol2', '17_lag_mhfATL30', '38_lag_tripol1', '15_lag_30_median_stratZ50ndj03', '34_lag_traBS', '42_lag_wnorPRjfm', '15_lag_44_median_stratZ50ndj02', '26_lag_traBS', '15_lag_31_median_stratZ50ndj03', '15_lag_29_median_stratZ50ndj01', '15_lag_43_median_mhfIP30', '15_lag_26_median_satlSSTjfm', '44_lag_traTLS', '15_lag_32_median_stratZ50ndj02', '15_lag_25_median_eapPSLjfm', '15_lag_29_median_ginwSSTjfm', '29_lag_traBS', '15_lag_16_median_traDP', '31_lag_neurTSjfm', '15_lag_34_median_traMC', '23_lag_AMOCann', '15_lag_25_median_mhfATL30']","[2.086910597794402, 2.2924704342554705, 5.456914207096137, 7.838818005869815, 4.737442397524676, 3.5683239538290623, 3.4010268498487246, 8.576755048306206, 4.97893285039309, 9.075180879003614, 6.24707991053723, 8.251561797477551, 6.807300238660215, 1.9745221154301156, 2.0809907466812554, 0.8105117915623534, 3.6460749763217564, 7.184679468756272, 5.2858476846416425, 4.549019915820896, 0.420099015193518, 6.666594437664248, 2.1810183758089448, 4.714525588499705, 6.019794745099869, 0.26551916115693786, 2.9962296654774683, 6.762258856097891, 3.569408582603206, 3.7737419636992584]","15_lag_18_median_eapPSLjfm, 32_lag_traFSC, 42_lag_traMC, 15_lag_22_median_mhfATL30, 36_lag_amo2, 30_lag_gyreSSTjfm, 15_lag_33_median_traDP, 41_lag_atlSICjfm, 15_lag_22_median_tripol2, 17_lag_mhfATL30, 38_lag_tripol1, 15_lag_30_median_stratZ50ndj03, 34_lag_traBS, 42_lag_wnorPRjfm, 15_lag_44_median_stratZ50ndj02, 26_lag_traBS, 15_lag_31_median_stratZ50ndj03, 15_lag_29_median_stratZ50ndj01, 15_lag_43_median_mhfIP30, 15_lag_26_median_satlSSTjfm, 44_lag_traTLS, 15_lag_32_median_stratZ50ndj02, 15_lag_25_median_eapPSLjfm, 15_lag_29_median_ginwSSTjfm, 29_lag_traBS, 15_lag_16_median_traDP, 31_lag_neurTSjfm, 15_lag_34_median_traMC, 23_lag_AMOCann, 15_lag_25_median_mhfATL30_3776_15"
LRforcedPSO,31,30,amoSSTmjjaso,picntrl,1097.5,2050.5,0.4,46,16,16,22.465754670397896,0.04382705003183931,3776,"['40_lag_stratZ50ndj04', '16_lag_38_median_traIFC', '16_lag_35_median_mhfIP30', '36_lag_mhfATL45', '31_lag_amo2', '16_lag_43_median_traBS', '30_lag_tripol2', '16_lag_30_median_traTLS', '38_lag_cetTSjfm', '16_lag_27_median_yrvPRjja', '16_lag_18_median_shTSjfm', '16_lag_25_median_shTSjfm', '26_lag_traEU', '16_lag_35_median_AMOCann', '27_lag_stratZ50ndj04', '16_lag_37_median_amo2', '31_lag_traFS', '16_lag_24_median_ginwSSTjfm', '36_lag_samPSLann', '16_lag_31_median_ismPRjja', '16_lag_22_median_traMC', '34_lag_wnorPRjfm', '33_lag_mhfATL60', '16_lag_39_median_traBO', '16_lag_30_median_alpi', '16_lag_26_median_tripol3', '16_lag_20_median_neurTSjfm', '16_lag_40_median_yrvPRjja', '16_lag_33_median_traEU', '22_lag_mhfATL45']","[0.25088991891268897, 9.987178126555023, 5.221093261825276, 8.321990157308903, 0.6170465099306526, 4.620358857993548, 5.605855011745824, 4.3762972923626275, 4.6540990858308025, 2.688154095273603, 2.4916250734332817, 2.66427533044579, 0.13154779037456166, 8.799851449265105, 0.4492305985473344, 0.7226680113151893, 3.7795633296763, 4.290550540058325, 2.183612275317719, 5.183095231467867, 3.9881235534455595, 1.4163576651034333, 0.26747091098870257, 8.273387505072677, 1.636417187312837, 7.527371497520548, 5.799974662492247, 0.046342308105584706, 4.755672698465398, 0.7270982378107593]","40_lag_stratZ50ndj04, 16_lag_38_median_traIFC, 16_lag_35_median_mhfIP30, 36_lag_mhfATL45, 31_lag_amo2, 16_lag_43_median_traBS, 30_lag_tripol2, 16_lag_30_median_traTLS, 38_lag_cetTSjfm, 16_lag_27_median_yrvPRjja, 16_lag_18_median_shTSjfm, 16_lag_25_median_shTSjfm, 26_lag_traEU, 16_lag_35_median_AMOCann, 27_lag_stratZ50ndj04, 16_lag_37_median_amo2, 31_lag_traFS, 16_lag_24_median_ginwSSTjfm, 36_lag_samPSLann, 16_lag_31_median_ismPRjja, 16_lag_22_median_traMC, 34_lag_wnorPRjfm, 33_lag_mhfATL60, 16_lag_39_median_traBO, 16_lag_30_median_alpi, 16_lag_26_median_tripol3, 16_lag_20_median_neurTSjfm, 16_lag_40_median_yrvPRjja, 16_lag_33_median_traEU, 22_lag_mhfATL45_3776_16"
LRforcedPSO,32,30,amoSSTmjjaso,picntrl,1098.5,2050.5,0.4,47,17,17,27.881591970789792,-0.04278340578186933,3776,"['17_lag_22_median_glTSjfm', '38_lag_eurPSLjfm', '19_lag_ormenSSTjfm', '20_lag_mhfATL60', '17_lag_26_median_wnorPRjfm', '17_lag_36_median_shSICsep', '17_lag_24_median_atlSICsep', '33_lag_stratZ50ndj02', '33_lag_traBO', '23_lag_traEU', '23_lag_traIFC', '17_lag_33_median_nhSICjfm', '17_lag_20_median_traBO', '29_lag_mhfATL30', '39_lag_labSSTjfm', '21_lag_traEU', '17_lag_39_median_glomaSSTjfm', '17_lag_46_median_traIT', '35_lag_tripol2', '17_lag_20_median_traWP', '29_lag_seurTSjfm', '31_lag_mhfATL30', '19_lag_nchinaPRjja', '17_lag_37_median_traEU', '32_lag_gyreSSTjfm', '41_lag_traCA', '17_lag_21_median_traBS', '26_lag_yrvPRjja', '46_lag_traCA', '34_lag_stratZ50ndj03']","[7.335901470615742, 1.5864963272578247, 2.7109138962782175, 8.167538861153902, 5.581244864341253, 4.792750681045291, 2.6360802754055594, 3.6604721427241094, 6.140103756016558, 9.67215587850096, 5.298535517692895, 1.6034324102590176, 5.5378586329617185, 4.9419136639103245, 0.03915084142441927, 4.308348251188658, 5.022349991938928, 5.107756522539134, 2.737626693358406, 2.2948179100509787, 0.5060013594929824, 1.3752587750480334, 6.337400721750811, 1.7449405636243842, 4.49375085038125, 9.367378363362459, 1.5770446559526548, 3.432393735670452, 7.864060832873085, 0.8183126840442903]","17_lag_22_median_glTSjfm, 38_lag_eurPSLjfm, 19_lag_ormenSSTjfm, 20_lag_mhfATL60, 17_lag_26_median_wnorPRjfm, 17_lag_36_median_shSICsep, 17_lag_24_median_atlSICsep, 33_lag_stratZ50ndj02, 33_lag_traBO, 23_lag_traEU, 23_lag_traIFC, 17_lag_33_median_nhSICjfm, 17_lag_20_median_traBO, 29_lag_mhfATL30, 39_lag_labSSTjfm, 21_lag_traEU, 17_lag_39_median_glomaSSTjfm, 17_lag_46_median_traIT, 35_lag_tripol2, 17_lag_20_median_traWP, 29_lag_seurTSjfm, 31_lag_mhfATL30, 19_lag_nchinaPRjja, 17_lag_37_median_traEU, 32_lag_gyreSSTjfm, 41_lag_traCA, 17_lag_21_median_traBS, 26_lag_yrvPRjja, 46_lag_traCA, 34_lag_stratZ50ndj03_3776_17"
LRforcedPSO,33,30,amoSSTmjjaso,picntrl,1099.5,2050.5,0.4,48,18,18,22.818978180155785,-0.0322254778136443,3776,"['30_lag_nhSICsep', '18_lag_31_median_traFSC', '18_lag_36_median_traFSC', '18_lag_nppc2SSTjfm', '46_lag_tripol1', '18_lag_42_median_traIT', '21_lag_traBO', '35_lag_stratZ50ndj04', '18_lag_34_median_mhfATL30', '43_lag_satlSSTjfm', '18_lag_45_median_traIT', '18_lag_22_median_stratZ50ndj04', '41_lag_pdoSSTjfm', '19_lag_traDS', '39_lag_wnorPRjfm', '18_lag_44_median_stratZ50ndj04', '18_lag_23_median_neurTSjfm', '23_lag_tripol1', '18_lag_37_median_wnorPRjfm', '18_lag_37_median_stratZ50ndj04', '18_lag_40_median_tripol1', '38_lag_traIT', '24_lag_atlSICjfm', '18_lag_34_median_AMOCann', '18_lag_24_median_cetTSjfm', '42_lag_amo3', '34_lag_atlSICjfm', '18_lag_20_median_traDS', '18_lag_37_median_stratZ50ndj01', '18_lag_45_median_eurPSLjfm']","[3.91428470942029, 6.491882667422509, 9.672162154808838, 1.1461821612382543, 1.4624498911398565, 9.933695408993259, 4.58126011993963, 3.034867858797597, 2.0669865106926277, 1.8332103934335926, 5.548740470757769, 4.598838130775434, 9.017826910700244, 2.9851798131335627, 0.6316645343706249, 3.516437349549035, 1.3940231278421784, 3.409226008759724, 2.0848626073009964, 9.347520402815967, 5.6523291248828755, 2.4905652956915354, 5.2388008920037255, 9.841583296341167, 4.060969064696309, 1.4831913421998735, 8.451024200034695, 2.3359395853610216, 5.474620189897214, 7.842174741671397]","30_lag_nhSICsep, 18_lag_31_median_traFSC, 18_lag_36_median_traFSC, 18_lag_nppc2SSTjfm, 46_lag_tripol1, 18_lag_42_median_traIT, 21_lag_traBO, 35_lag_stratZ50ndj04, 18_lag_34_median_mhfATL30, 43_lag_satlSSTjfm, 18_lag_45_median_traIT, 18_lag_22_median_stratZ50ndj04, 41_lag_pdoSSTjfm, 19_lag_traDS, 39_lag_wnorPRjfm, 18_lag_44_median_stratZ50ndj04, 18_lag_23_median_neurTSjfm, 23_lag_tripol1, 18_lag_37_median_wnorPRjfm, 18_lag_37_median_stratZ50ndj04, 18_lag_40_median_tripol1, 38_lag_traIT, 24_lag_atlSICjfm, 18_lag_34_median_AMOCann, 18_lag_24_median_cetTSjfm, 42_lag_amo3, 34_lag_atlSICjfm, 18_lag_20_median_traDS, 18_lag_37_median_stratZ50ndj01, 18_lag_45_median_eurPSLjfm_3776_18"
LRforcedPSO,34,30,amoSSTmjjaso,picntrl,1100.5,2050.5,0.4,49,19,19,23.73642069746572,-0.023690196327803576,3776,"['19_lag_41_median_mhfATL60', '44_lag_shSICsep', '46_lag_traTLS', '19_lag_33_median_labSSTjfm', '19_lag_44_median_alpi', '19_lag_46_median_atlSICsep', '19_lag_23_median_traTLS', '19_lag_38_median_traFSC', '29_lag_samPSLann', '19_lag_atlSICsep', '26_lag_nppc3SSTjfm', '29_lag_labSSTjfm', '39_lag_ismPRjja', '41_lag_alpi', '26_lag_traBO', '19_lag_48_median_stratZ50ndj01', '19_lag_42_median_ismPRjja', '19_lag_34_median_nhTSjfm', '43_lag_traDP', '19_lag_30_median_traDS', '23_lag_traMC', '38_lag_traFSC', '19_lag_29_median_traDP', '19_lag_20_median_glTSjfm', '38_lag_gyreSSTjfm', '28_lag_seurTSjfm', '19_lag_36_median_traBS', '19_lag_20_median_mhfATL45', '19_lag_42_median_traIT', '19_lag_20_median_traIT']","[7.108243799228404, 2.955320988261885, 0.7505931729777302, 3.92488364596867, 5.036727990511425, 1.1299433875280265, 2.667570366579559, 5.47990536539492, 7.830226050140789, 0.11802319369341951, 2.6375882827060355, 5.227718004295219, 1.9988542703988479, 8.620718705329782, 7.846654583417005, 1.3662047930220353, 2.4496605950312027, 4.525385413317203, 7.882367984255936, 7.433045628303761, 6.231419103138429, 4.552776103352151, 6.184694751171953, 3.38619463680873, 1.473526883920437, 0.781369427355969, 6.1563854361570876, 1.4016251483941744, 0.4811287614027471, 0.5476921368511825]","19_lag_41_median_mhfATL60, 44_lag_shSICsep, 46_lag_traTLS, 19_lag_33_median_labSSTjfm, 19_lag_44_median_alpi, 19_lag_46_median_atlSICsep, 19_lag_23_median_traTLS, 19_lag_38_median_traFSC, 29_lag_samPSLann, 19_lag_atlSICsep, 26_lag_nppc3SSTjfm, 29_lag_labSSTjfm, 39_lag_ismPRjja, 41_lag_alpi, 26_lag_traBO, 19_lag_48_median_stratZ50ndj01, 19_lag_42_median_ismPRjja, 19_lag_34_median_nhTSjfm, 43_lag_traDP, 19_lag_30_median_traDS, 23_lag_traMC, 38_lag_traFSC, 19_lag_29_median_traDP, 19_lag_20_median_glTSjfm, 38_lag_gyreSSTjfm, 28_lag_seurTSjfm, 19_lag_36_median_traBS, 19_lag_20_median_mhfATL45, 19_lag_42_median_traIT, 19_lag_20_median_traIT_3776_19"
LRforcedPSO,35,30,amoSSTmjjaso,picntrl,1101.5,2050.5,0.4,50,20,20,25.012969276489013,-0.008822725477416783,3776,"['46_lag_amo2', '20_lag_40_median_atlSICjfm', '45_lag_atlSICsep', '46_lag_pdoSSTjfm', '20_lag_46_median_tripol1', '43_lag_traDP', '20_lag_43_median_nppc2SSTjfm', '20_lag_24_median_cetTSjfm', '20_lag_24_median_traIT', '39_lag_tripol3', '20_lag_24_median_nhSICsep', '44_lag_traIFC', '20_lag_41_median_traEC', '24_lag_amo1', '20_lag_32_median_glomaSSTjfm', '20_lag_35_median_naoPSLjfm', '44_lag_traEU', '20_lag_27_median_mhfATL60', '20_lag_31_median_traEU', '20_lag_22_median_traFSC', '22_lag_shTSjfm', '20_lag_34_median_labSSTjfm', '21_lag_shTSjfm', '20_lag_21_median_traFSC', '42_lag_atlSICsep', '20_lag_32_median_nppc3SSTjfm', '20_lag_25_median_scpPSLjfm', '41_lag_satlSSTjfm', '36_lag_neurTSjfm', '33_lag_gyreSSTjfm']","[1.3729825930116224, 2.4997730970025733, 2.270409421942583, 0.16107864676772543, 7.090478221486278, 6.842418239353954, 3.156161379537945, 5.896779129637256, 5.609723981711506, 1.1238576134283829, 4.539064144369882, 7.873534476706357, 3.772506541111575, 0.14948640102484312, 6.376743029111054, 4.905712450956042, 1.5905465279616209, 0.1364027714273668, 6.620579671319655, 0.9986814446366328, 0.0785704842103172, 0.9551248906231891, 1.8692283969963501, 3.8574910416810955, 9.084567435649891, 0.507342794126, 3.685290943152612, 8.066648758094011, 3.021642737851849, 0.6172028314085747]","46_lag_amo2, 20_lag_40_median_atlSICjfm, 45_lag_atlSICsep, 46_lag_pdoSSTjfm, 20_lag_46_median_tripol1, 43_lag_traDP, 20_lag_43_median_nppc2SSTjfm, 20_lag_24_median_cetTSjfm, 20_lag_24_median_traIT, 39_lag_tripol3, 20_lag_24_median_nhSICsep, 44_lag_traIFC, 20_lag_41_median_traEC, 24_lag_amo1, 20_lag_32_median_glomaSSTjfm, 20_lag_35_median_naoPSLjfm, 44_lag_traEU, 20_lag_27_median_mhfATL60, 20_lag_31_median_traEU, 20_lag_22_median_traFSC, 22_lag_shTSjfm, 20_lag_34_median_labSSTjfm, 21_lag_shTSjfm, 20_lag_21_median_traFSC, 42_lag_atlSICsep, 20_lag_32_median_nppc3SSTjfm, 20_lag_25_median_scpPSLjfm, 41_lag_satlSSTjfm, 36_lag_neurTSjfm, 33_lag_gyreSSTjfm_3776_20"
LRforcedPSO,36,30,amoSSTmjjaso,picntrl,1102.5,2050.5,0.4,51,21,21,22.49839183097707,0.14671501926028954,3776,"['42_lag_amo2', '21_lag_43_median_naoPSLjfm', '43_lag_traMC', '25_lag_tripol2', '21_lag_38_median_stratZ50ndj03', '40_lag_naoPSLjfm', '32_lag_stratZ50ndj01', '49_lag_traTLS', '21_lag_36_median_shSICsep', '21_lag_25_median_glTSjfm', '21_lag_25_median_arcTSjfm', '39_lag_pdoSSTjfm', '42_lag_traFB', '31_lag_nhSICjfm', '21_lag_30_median_mhfATL30', '45_lag_seurTSjfm', '21_lag_48_median_scpPSLjfm', '21_lag_36_median_traCA', '21_lag_38_median_glomaSSTjfm', '49_lag_traBS', '21_lag_ensoSSTjfm', '21_lag_37_median_stratZ50ndj02', '21_lag_31_median_mhfATL60', '21_lag_42_median_gyreSSTjfm', '21_lag_44_median_shSICsep', '21_lag_50_median_tripol3', '38_lag_traEU', '21_lag_48_median_wnorPRjfm', '21_lag_26_median_mhfATL30', '21_lag_48_median_ormenSSTjfm']","[8.638984113864707, 5.184164830893312, 8.18500340016466, 0.696992435827724, 4.990827481148599, 4.289877135625774, 0.09549889511274756, 6.234306096122392, 1.1156079207261875, 5.062581398513204, 0.5628896121043585, 3.878481099938515, 1.1170061832395977, 6.315529950015062, 4.37576809282694, 7.736369753402048, 9.010106714777962, 0.5950399672022595, 0.23332934223059, 4.957270417789289, 3.7649586347317143, 0.7981589003468024, 0.2462969214241344, 9.059911497289058, 2.1569023567392342, 0.539784808157517, 3.8645664529813892, 0.3494645393379834, 3.5324889252461222, 5.049443406765127]","42_lag_amo2, 21_lag_43_median_naoPSLjfm, 43_lag_traMC, 25_lag_tripol2, 21_lag_38_median_stratZ50ndj03, 40_lag_naoPSLjfm, 32_lag_stratZ50ndj01, 49_lag_traTLS, 21_lag_36_median_shSICsep, 21_lag_25_median_glTSjfm, 21_lag_25_median_arcTSjfm, 39_lag_pdoSSTjfm, 42_lag_traFB, 31_lag_nhSICjfm, 21_lag_30_median_mhfATL30, 45_lag_seurTSjfm, 21_lag_48_median_scpPSLjfm, 21_lag_36_median_traCA, 21_lag_38_median_glomaSSTjfm, 49_lag_traBS, 21_lag_ensoSSTjfm, 21_lag_37_median_stratZ50ndj02, 21_lag_31_median_mhfATL60, 21_lag_42_median_gyreSSTjfm, 21_lag_44_median_shSICsep, 21_lag_50_median_tripol3, 38_lag_traEU, 21_lag_48_median_wnorPRjfm, 21_lag_26_median_mhfATL30, 21_lag_48_median_ormenSSTjfm_3776_21"
LRforcedPSO,37,30,amoSSTmjjaso,picntrl,1103.5,2050.5,0.4,52,22,22,24.109552098848585,-0.0010513897059255713,3776,"['47_lag_mhfATL45', '22_lag_40_median_eapPSLjfm', '47_lag_glomaSSTjfm', '42_lag_traMC', '32_lag_nhSICjfm', '22_lag_47_median_labSSTjfm', '33_lag_traBO', '25_lag_eurPSLjfm', '40_lag_shTSjfm', '22_lag_32_median_stratZ50ndj03', '44_lag_glTSjfm', '22_lag_43_median_mhfATL45', '22_lag_48_median_traFB', '46_lag_wnorPRjfm', '31_lag_traFB', '43_lag_mhfATL60', '23_lag_traDP', '22_lag_27_median_traDP', '24_lag_mhfATL60', '39_lag_traMC', '22_lag_25_median_cetTSjfm', '22_lag_38_median_wnorPRjfm', '22_lag_45_median_nhTSjfm', '22_lag_48_median_naoPSLjfm', '29_lag_traMC', '33_lag_neurTSjfm', '22_lag_24_median_atlSICsep', '51_lag_traFSC', '22_lag_42_median_stratZ50ndj03', '22_lag_shTSjfm']","[0.9180843734528477, 8.005752173798278, 3.2156642839647143, 3.19110947285939, 9.013545593096325, 8.676948990639223, 6.226331002192559, 1.9178585291217036, 0.9801311758829829, 8.68997216571912, 3.997365361157833, 4.3707334086179355, 8.816880761619128, 5.660791919164804, 4.989549062183293, 4.2200899213175, 5.2182375660014895, 7.777383305866536, 4.815377511450056, 1.9035833469076007, 2.328393942430015, 2.6003339686920786, 6.4335797420318315, 0.37676914896126057, 5.793791119408979, 2.4081708134521023, 6.941114713159134, 3.280637829156433, 8.309591267276383, 8.989902053679577]","47_lag_mhfATL45, 22_lag_40_median_eapPSLjfm, 47_lag_glomaSSTjfm, 42_lag_traMC, 32_lag_nhSICjfm, 22_lag_47_median_labSSTjfm, 33_lag_traBO, 25_lag_eurPSLjfm, 40_lag_shTSjfm, 22_lag_32_median_stratZ50ndj03, 44_lag_glTSjfm, 22_lag_43_median_mhfATL45, 22_lag_48_median_traFB, 46_lag_wnorPRjfm, 31_lag_traFB, 43_lag_mhfATL60, 23_lag_traDP, 22_lag_27_median_traDP, 24_lag_mhfATL60, 39_lag_traMC, 22_lag_25_median_cetTSjfm, 22_lag_38_median_wnorPRjfm, 22_lag_45_median_nhTSjfm, 22_lag_48_median_naoPSLjfm, 29_lag_traMC, 33_lag_neurTSjfm, 22_lag_24_median_atlSICsep, 51_lag_traFSC, 22_lag_42_median_stratZ50ndj03, 22_lag_shTSjfm_3776_22"
LRforcedPSO,38,30,amoSSTmjjaso,picntrl,1104.5,2050.5,0.4,53,23,23,23.059757467480132,-0.027883289837354476,3776,"['23_lag_45_median_traMC', '23_lag_31_median_mhfIP30', '23_lag_45_median_amoSSTmjjaso', '26_lag_ensoSSTjfm', '23_lag_31_median_nhSICsep', '35_lag_stratZ50ndj04', '23_lag_36_median_nppc2SSTjfm', '23_lag_26_median_ormenSSTjfm', '27_lag_satlSSTjfm', '41_lag_eurPSLjfm', '34_lag_naoPSLjfm', '33_lag_nchinaPRjja', '37_lag_mhfATL30', '23_lag_27_median_tripol2', '48_lag_arcTSjfm', '23_lag_45_median_pdoSSTjfm', '28_lag_stratZ50ndj04', '35_lag_amo2', '36_lag_amo3', '23_lag_24_median_amo3', '52_lag_nhSICsep', '31_lag_ginwSSTjfm', '23_lag_48_median_tripol2', '23_lag_42_median_stratZ50ndj04', '23_lag_37_median_alpi', '23_lag_42_median_nchinaPRjja', '27_lag_neurTSjfm', '24_lag_traEU', '48_lag_traIFC', '23_lag_29_median_tripol2']","[8.269949099647365, 1.9480526644890102, 3.4515246720509616, 2.7565775012636102, 3.4089904874999206, 1.188931657846041, 6.56911506369681, 1.8020570794284438, 6.767971482096705, 1.1505314268467757, 3.7414844054431384, 0.4649822712325591, 2.6787858557388837, 0.26443062295901143, 0.2447587141015699, 4.231477053918695, 8.030711501304282, 2.7417805236535404, 5.170982061486358, 8.802270158124468, 1.792205457527686, 0.817730625556166, 5.765004156085207, 3.469802220881295, 1.7336019968723555, 5.830036524489596, 2.71519541262011, 2.171560353631337, 2.3471750240879743, 0.00953464723662023]","23_lag_45_median_traMC, 23_lag_31_median_mhfIP30, 23_lag_45_median_amoSSTmjjaso, 26_lag_ensoSSTjfm, 23_lag_31_median_nhSICsep, 35_lag_stratZ50ndj04, 23_lag_36_median_nppc2SSTjfm, 23_lag_26_median_ormenSSTjfm, 27_lag_satlSSTjfm, 41_lag_eurPSLjfm, 34_lag_naoPSLjfm, 33_lag_nchinaPRjja, 37_lag_mhfATL30, 23_lag_27_median_tripol2, 48_lag_arcTSjfm, 23_lag_45_median_pdoSSTjfm, 28_lag_stratZ50ndj04, 35_lag_amo2, 36_lag_amo3, 23_lag_24_median_amo3, 52_lag_nhSICsep, 31_lag_ginwSSTjfm, 23_lag_48_median_tripol2, 23_lag_42_median_stratZ50ndj04, 23_lag_37_median_alpi, 23_lag_42_median_nchinaPRjja, 27_lag_neurTSjfm, 24_lag_traEU, 48_lag_traIFC, 23_lag_29_median_tripol2_3776_23"
LRforcedPSO,39,30,amoSSTmjjaso,picntrl,1105.5,2050.5,0.4,54,24,24,25.117534150144024,0.05525803456860306,3776,"['42_lag_nchinaPRjja', '24_lag_48_median_traEU', '34_lag_eurPSLjfm', '41_lag_stratZ50ndj01', '36_lag_ormenSSTjfm', '24_lag_42_median_tripol1', '24_lag_50_median_traBS', '40_lag_traFB', '24_lag_36_median_stratZ50ndj02', '24_lag_31_median_traTLS', '24_lag_51_median_alpi', '36_lag_ensoSSTjfm', '24_lag_47_median_traEU', '24_lag_40_median_amoSSTmjjaso', '45_lag_nhTSjfm', '33_lag_alpi', '24_lag_51_median_traTLS', '35_lag_nhSICsep', '24_lag_35_median_seurTSjfm', '24_lag_52_median_traIT', '30_lag_nppc2SSTjfm', '24_lag_46_median_nppc2SSTjfm', '24_lag_28_median_nhTSjfm', '33_lag_stratZ50ndj02', '52_lag_labSSTjfm', '52_lag_stratZ50ndj04', '24_lag_30_median_amo3', '24_lag_37_median_mhfATL30', '46_lag_tripol1', '24_lag_30_median_mhfATL60']","[3.9238883120968175, 4.553754264438361, 2.330676619935601, 4.190482418004578, 1.699246016485322, 5.8838133478563215, 0.7856882164259726, 1.438041734469497, 6.033076631189907, 2.310319199415197, 5.810842201181108, 6.019099828861645, 1.802826508926728, 5.609248669714166, 5.056777692355098, 5.164531335770427, 5.107887165908224, 8.74332189593834, 3.7956709791912857, 7.593999215645535, 1.0071201037385116, 6.596353273993067, 2.7474361540389083, 4.171851753438074, 0.7619152818626151, 6.539367148561158, 4.184516117816841, 3.6529202684147766, 1.128944383487907, 0.7573791548846405]","42_lag_nchinaPRjja, 24_lag_48_median_traEU, 34_lag_eurPSLjfm, 41_lag_stratZ50ndj01, 36_lag_ormenSSTjfm, 24_lag_42_median_tripol1, 24_lag_50_median_traBS, 40_lag_traFB, 24_lag_36_median_stratZ50ndj02, 24_lag_31_median_traTLS, 24_lag_51_median_alpi, 36_lag_ensoSSTjfm, 24_lag_47_median_traEU, 24_lag_40_median_amoSSTmjjaso, 45_lag_nhTSjfm, 33_lag_alpi, 24_lag_51_median_traTLS, 35_lag_nhSICsep, 24_lag_35_median_seurTSjfm, 24_lag_52_median_traIT, 30_lag_nppc2SSTjfm, 24_lag_46_median_nppc2SSTjfm, 24_lag_28_median_nhTSjfm, 33_lag_stratZ50ndj02, 52_lag_labSSTjfm, 52_lag_stratZ50ndj04, 24_lag_30_median_amo3, 24_lag_37_median_mhfATL30, 46_lag_tripol1, 24_lag_30_median_mhfATL60_3776_24"
LRforcedPSO,40,30,amoSSTmjjaso,picntrl,1106.5,2050.5,0.4,55,25,25,25.301267821139895,0.008483954065418502,3776,"['25_lag_44_median_traFB', '28_lag_traBS', '36_lag_atlSICsep', '52_lag_traFB', '25_lag_31_median_wnorPRjfm', '37_lag_eapPSLjfm', '25_lag_34_median_stratZ50ndj01', '46_lag_mhfATL45', '48_lag_nchinaPRjja', '49_lag_seurTSjfm', '25_lag_42_median_mhfATL45', '25_lag_34_median_atlSICsep', '25_lag_50_median_tripol3', '30_lag_labSSTjfm', '42_lag_mhfATL45', '25_lag_29_median_mhfATL60', '25_lag_30_median_atlSICsep', '33_lag_satlSSTjfm', '50_lag_shSICsep', '48_lag_amo1', '25_lag_44_median_shSICmar', '25_lag_53_median_traFB', '50_lag_traDP', '25_lag_45_median_atlSICsep', '37_lag_traTLS', '25_lag_45_median_traIT', '25_lag_45_median_amo3', '37_lag_neurTSjfm', '25_lag_32_median_cetTSjfm', '25_lag_26_median_ismPRjja']","[1.0304914647358565, 3.7065104116846648, 7.716244626273674, 3.1093555571123073, 2.1838670495254586, 7.508027604916856, 0.07488155943334718, 4.268158496363041, 1.6143933904674732, 8.514322728024364, 3.627722572508416, 4.508364557811455, 4.610463053401787, 4.072097931686072, 5.581336773065031, 1.9074525194775376, 6.645578640142045, 0.23911517437642082, 6.813139465962421, 1.60751926074723, 2.2148192515565324, 4.10948728843678, 0.6790411446467743, 4.5217156650185375, 5.1309676574899115, 1.4580613206246014, 4.817731266453327, 1.284682228094443, 5.4413054827816065, 1.232073737427239]","25_lag_44_median_traFB, 28_lag_traBS, 36_lag_atlSICsep, 52_lag_traFB, 25_lag_31_median_wnorPRjfm, 37_lag_eapPSLjfm, 25_lag_34_median_stratZ50ndj01, 46_lag_mhfATL45, 48_lag_nchinaPRjja, 49_lag_seurTSjfm, 25_lag_42_median_mhfATL45, 25_lag_34_median_atlSICsep, 25_lag_50_median_tripol3, 30_lag_labSSTjfm, 42_lag_mhfATL45, 25_lag_29_median_mhfATL60, 25_lag_30_median_atlSICsep, 33_lag_satlSSTjfm, 50_lag_shSICsep, 48_lag_amo1, 25_lag_44_median_shSICmar, 25_lag_53_median_traFB, 50_lag_traDP, 25_lag_45_median_atlSICsep, 37_lag_traTLS, 25_lag_45_median_traIT, 25_lag_45_median_amo3, 37_lag_neurTSjfm, 25_lag_32_median_cetTSjfm, 25_lag_26_median_ismPRjja_3776_25"
LRforcedPSO,41,30,amoSSTmjjaso,picntrl,1107.5,2050.5,0.4,56,26,26,31.574377134161082,0.03343140467925329,3776,"['28_lag_mhfIP30', '26_lag_40_median_traCA', '52_lag_ismPRjja', '39_lag_naoPSLjfm', '55_lag_cetTSjfm', '26_lag_35_median_eapPSLjfm', '37_lag_ismPRjja', '26_lag_43_median_nhTSjfm', '55_lag_arcTSjfm', '26_lag_37_median_nppc2SSTjfm', '26_lag_49_median_pdoSSTjfm', '26_lag_49_median_shSICmar', '43_lag_scpPSLjfm', '26_lag_30_median_traCA', '26_lag_45_median_tripol1', '55_lag_ismPRjja', '26_lag_53_median_traFSC', '54_lag_traWP', '26_lag_32_median_glTSjfm', '35_lag_nhTSjfm', '48_lag_gyreSSTjfm', '26_lag_31_median_amo2', '44_lag_cetTSjfm', '43_lag_tripol1', '26_lag_54_median_tripol2', '39_lag_samPSLann', '26_lag_48_median_AMOCann', '26_lag_44_median_traWP', '26_lag_45_median_traIT', '52_lag_gyreSSTjfm']","[1.214870241024986, 3.0499518153715837, 2.153532846362043, 3.125903019528071, 2.224521352661924, 4.246443395403519, 4.829199042587005, 1.1803842238235553, 1.7454037933592126, 4.8675568516535535, 3.6432888222881976, 9.70107597598162, 5.365645469989191, 3.0166744580127736, 5.675770705073713, 8.662819343856514, 9.999180094185503, 8.141353164125018, 8.459114532758125, 0.9328555090665027, 2.1092208719212486, 7.262533629604057, 3.1917398720616337, 3.014797108212665, 3.1073395888316035, 5.263246771959842, 1.3512250433739244, 7.403584452617192, 0.1642600585553815, 2.0398604520184342]","28_lag_mhfIP30, 26_lag_40_median_traCA, 52_lag_ismPRjja, 39_lag_naoPSLjfm, 55_lag_cetTSjfm, 26_lag_35_median_eapPSLjfm, 37_lag_ismPRjja, 26_lag_43_median_nhTSjfm, 55_lag_arcTSjfm, 26_lag_37_median_nppc2SSTjfm, 26_lag_49_median_pdoSSTjfm, 26_lag_49_median_shSICmar, 43_lag_scpPSLjfm, 26_lag_30_median_traCA, 26_lag_45_median_tripol1, 55_lag_ismPRjja, 26_lag_53_median_traFSC, 54_lag_traWP, 26_lag_32_median_glTSjfm, 35_lag_nhTSjfm, 48_lag_gyreSSTjfm, 26_lag_31_median_amo2, 44_lag_cetTSjfm, 43_lag_tripol1, 26_lag_54_median_tripol2, 39_lag_samPSLann, 26_lag_48_median_AMOCann, 26_lag_44_median_traWP, 26_lag_45_median_traIT, 52_lag_gyreSSTjfm_3776_26"
LRforcedPSO,42,30,amoSSTmjjaso,picntrl,1108.5,2050.5,0.4,57,27,27,24.660925186563215,0.07467372979941829,3776,"['38_lag_samPSLann', '27_lag_28_median_stratZ50ndj04', '27_lag_42_median_satlSSTjfm', '27_lag_31_median_gyreSSTjfm', '38_lag_nhSICsep', '27_lag_51_median_traCA', '27_lag_36_median_shTSjfm', '34_lag_tripol2', '41_lag_mhfIP30', '27_lag_44_median_traIT', '27_lag_36_median_stratZ50ndj01', '27_lag_29_median_yrvPRjja', '39_lag_eapPSLjfm', '27_lag_42_median_traFS', '27_lag_31_median_traEU', '34_lag_traBO', '27_lag_51_median_traDP', '36_lag_mhfATL30', '35_lag_shSICsep', '27_lag_52_median_nppc2SSTjfm', '27_lag_56_median_tripol3', '47_lag_ismPRjja', '27_lag_35_median_mhfIP30', '27_lag_39_median_shSICmar', '27_lag_33_median_traFB', '36_lag_labSSTjfm', '27_lag_48_median_nppc2SSTjfm', '56_lag_traFB', '27_lag_32_median_traEC', '28_lag_mhfATL30']","[4.531849705005669, 0.7610638024592493, 7.085802581934431, 4.258225650894531, 1.3139195724958324, 6.851669161564953, 1.267096913790768, 5.111803634785598, 3.8604097582746952, 2.43110732907949, 5.751312180315832, 2.8873723876897266, 2.0342621755517243, 2.678393006419868, 6.271990964443795, 4.288393322411586, 0.1956985849643118, 6.699378433847283, 8.569760188928335, 6.254837755490296, 0.9272148710715484, 4.880553670962692, 3.897470604875652, 6.0861306727951465, 1.4728384472021148, 0.35186144067758107, 5.829224346315534, 6.670138955733691, 3.5172661683552153, 6.838577073967734]","38_lag_samPSLann, 27_lag_28_median_stratZ50ndj04, 27_lag_42_median_satlSSTjfm, 27_lag_31_median_gyreSSTjfm, 38_lag_nhSICsep, 27_lag_51_median_traCA, 27_lag_36_median_shTSjfm, 34_lag_tripol2, 41_lag_mhfIP30, 27_lag_44_median_traIT, 27_lag_36_median_stratZ50ndj01, 27_lag_29_median_yrvPRjja, 39_lag_eapPSLjfm, 27_lag_42_median_traFS, 27_lag_31_median_traEU, 34_lag_traBO, 27_lag_51_median_traDP, 36_lag_mhfATL30, 35_lag_shSICsep, 27_lag_52_median_nppc2SSTjfm, 27_lag_56_median_tripol3, 47_lag_ismPRjja, 27_lag_35_median_mhfIP30, 27_lag_39_median_shSICmar, 27_lag_33_median_traFB, 36_lag_labSSTjfm, 27_lag_48_median_nppc2SSTjfm, 56_lag_traFB, 27_lag_32_median_traEC, 28_lag_mhfATL30_3776_27"
LRforcedPSO,43,30,amoSSTmjjaso,picntrl,1109.5,2050.5,0.4,58,28,28,27.219671369286466,-0.04795255441851737,3776,"['34_lag_ismPRjja', '28_lag_30_median_scpPSLjfm', '45_lag_traFB', '34_lag_mhfATL60', '28_lag_44_median_arcTSjfm', '28_lag_43_median_ginwSSTjfm', '28_lag_36_median_atlSICsep', '28_lag_30_median_gyreSSTjfm', '54_lag_mhfATL60', '39_lag_nppc2SSTjfm', '28_lag_41_median_glTSjfm', '39_lag_mhfATL60', '28_lag_32_median_samPSLann', '35_lag_traIFC', '28_lag_47_median_traIT', '28_lag_40_median_traIFC', '42_lag_naoPSLjfm', '29_lag_nhSICjfm', '28_lag_29_median_cetTSjfm', '31_lag_nchinaPRjja', '30_lag_stratZ50ndj03', '54_lag_ismPRjja', '44_lag_stratZ50ndj02', '36_lag_wnorPRjfm', '35_lag_naoPSLjfm', '43_lag_gyreSSTjfm', '35_lag_mhfATL30', '28_lag_53_median_nppc3SSTjfm', '28_lag_34_median_alpi', '44_lag_AMOCann']","[1.1788645599347447, 6.669571963709171, 2.9379472920206418, 2.4357402446177945, 8.984487595145922, 6.148795873051565, 2.7042624007472327, 1.37771096959791, 6.302980268854576, 8.699806243852429, 4.345939850810542, 4.664721152663475, 2.544129106627972, 3.586226966953012, 8.351336272278873, 4.768305919204425, 2.019109175337487, 6.861051206051664, 3.3726373261530274, 6.709424756259008, 3.999862822746545, 0.12804547869331095, 1.570786263994222, 3.03918588530067, 4.891503656215386, 2.366967087273501, 0.6574582223628251, 0.9368744980754826, 5.9106029516709135, 0.07566715359260279]","34_lag_ismPRjja, 28_lag_30_median_scpPSLjfm, 45_lag_traFB, 34_lag_mhfATL60, 28_lag_44_median_arcTSjfm, 28_lag_43_median_ginwSSTjfm, 28_lag_36_median_atlSICsep, 28_lag_30_median_gyreSSTjfm, 54_lag_mhfATL60, 39_lag_nppc2SSTjfm, 28_lag_41_median_glTSjfm, 39_lag_mhfATL60, 28_lag_32_median_samPSLann, 35_lag_traIFC, 28_lag_47_median_traIT, 28_lag_40_median_traIFC, 42_lag_naoPSLjfm, 29_lag_nhSICjfm, 28_lag_29_median_cetTSjfm, 31_lag_nchinaPRjja, 30_lag_stratZ50ndj03, 54_lag_ismPRjja, 44_lag_stratZ50ndj02, 36_lag_wnorPRjfm, 35_lag_naoPSLjfm, 43_lag_gyreSSTjfm, 35_lag_mhfATL30, 28_lag_53_median_nppc3SSTjfm, 28_lag_34_median_alpi, 44_lag_AMOCann_3776_28"
LRforcedPSO,44,30,amoSSTmjjaso,picntrl,1110.5,2050.5,0.4,59,29,29,21.79682628203914,-0.052022003070632275,3776,"['42_lag_traFB', '29_lag_58_median_yrvPRjja', '29_lag_48_median_traCA', '29_lag_31_median_arcTSjfm', '58_lag_stratZ50ndj04', '29_lag_55_median_amo1', '29_lag_39_median_shSICmar', '29_lag_58_median_satlSSTjfm', '33_lag_naoPSLjfm', '58_lag_traCA', '29_lag_35_median_ormenSSTjfm', '29_lag_35_median_nhTSjfm', '33_lag_traIFC', '29_lag_37_median_wnorPRjfm', '53_lag_eapPSLjfm', '49_lag_glomaSSTjfm', '39_lag_cetTSjfm', '50_lag_shSICsep', '29_lag_51_median_traBO', '33_lag_yrvPRjja', '29_lag_33_median_traTLS', '48_lag_traBO', '29_lag_traDP', '38_lag_ginwSSTjfm', '53_lag_pdoSSTjfm', '29_lag_39_median_ginwSSTjfm', '49_lag_glTSjfm', '29_lag_44_median_traWP', '29_lag_53_median_traMC', '42_lag_traEC']","[3.7200781324294763, 1.3829511624386868, 4.865192136898424, 4.54068288747993, 5.760952956377798, 1.0984667510903545, 7.418241367438361, 0.6781029569315873, 2.6458952936429583, 3.0740518149294633, 9.103989048704221, 4.273572974210406, 0.04565409607352322, 0.40124048382244304, 5.143045932568859, 6.272145123177754, 0.4253581910027968, 1.5849040925437805, 9.011728434128447, 3.9263236074895325, 4.048971173703169, 3.9703065350689393, 0.7949108435502428, 2.6340677149293885, 5.531859235690231, 2.9069980743887536, 3.515540865790733, 1.9991419451292085, 5.684104270156865, 1.7880874978220405]","42_lag_traFB, 29_lag_58_median_yrvPRjja, 29_lag_48_median_traCA, 29_lag_31_median_arcTSjfm, 58_lag_stratZ50ndj04, 29_lag_55_median_amo1, 29_lag_39_median_shSICmar, 29_lag_58_median_satlSSTjfm, 33_lag_naoPSLjfm, 58_lag_traCA, 29_lag_35_median_ormenSSTjfm, 29_lag_35_median_nhTSjfm, 33_lag_traIFC, 29_lag_37_median_wnorPRjfm, 53_lag_eapPSLjfm, 49_lag_glomaSSTjfm, 39_lag_cetTSjfm, 50_lag_shSICsep, 29_lag_51_median_traBO, 33_lag_yrvPRjja, 29_lag_33_median_traTLS, 48_lag_traBO, 29_lag_traDP, 38_lag_ginwSSTjfm, 53_lag_pdoSSTjfm, 29_lag_39_median_ginwSSTjfm, 49_lag_glTSjfm, 29_lag_44_median_traWP, 29_lag_53_median_traMC, 42_lag_traEC_3776_29"
LRforcedPSO,45,30,amoSSTmjjaso,picntrl,1111.5,2050.5,0.4,60,30,30,25.849012202746106,-0.03986416571624627,3776,"['30_lag_54_median_glTSjfm', '33_lag_mhfATL60', '30_lag_55_median_traDS', '50_lag_shSICmar', '31_lag_ormenSSTjfm', '34_lag_naoPSLjfm', '47_lag_wnorPRjfm', '30_lag_53_median_tripol2', '30_lag_54_median_atlSICsep', '54_lag_alpi', '49_lag_nhTSjfm', '30_lag_amo3', '30_lag_59_median_satlSSTjfm', '30_lag_49_median_glTSjfm', '30_lag_58_median_stratZ50ndj02', '41_lag_shSICsep', '30_lag_57_median_tripol1', '30_lag_33_median_traIT', '30_lag_49_median_nhSICsep', '30_lag_56_median_stratZ50ndj03', '33_lag_traMC', '30_lag_41_median_shSICmar', '47_lag_mhfATL45', '54_lag_seurTSjfm', '30_lag_39_median_pdoSSTjfm', '30_lag_38_median_shSICmar', '30_lag_47_median_nhSICjfm', '31_lag_nppc3SSTjfm', '34_lag_AMOCann', '42_lag_shSICmar']","[0.5488896568027215, 4.605248334529225, 7.3685905298331145, 0.26569639880188944, 5.416692810389416, 1.6466996026563958, 0.6429422399151612, 1.6171993615228786, 0.6068210986342102, 4.52524309682776, 0.4969987888838503, 2.174110189266387, 6.5454057392481175, 1.8615757667139192, 0.36605000959110967, 8.72413977172366, 1.98174383032028, 6.481272018433327, 7.477384412108677, 6.1907792215751165, 6.587868635029985, 3.231354604745727, 6.613955352001462, 5.3293531880394, 3.4868847760057715, 5.9901375896964275, 4.837079087418543, 7.902599549214719, 5.021772309942257, 9.67456419122039]","30_lag_54_median_glTSjfm, 33_lag_mhfATL60, 30_lag_55_median_traDS, 50_lag_shSICmar, 31_lag_ormenSSTjfm, 34_lag_naoPSLjfm, 47_lag_wnorPRjfm, 30_lag_53_median_tripol2, 30_lag_54_median_atlSICsep, 54_lag_alpi, 49_lag_nhTSjfm, 30_lag_amo3, 30_lag_59_median_satlSSTjfm, 30_lag_49_median_glTSjfm, 30_lag_58_median_stratZ50ndj02, 41_lag_shSICsep, 30_lag_57_median_tripol1, 30_lag_33_median_traIT, 30_lag_49_median_nhSICsep, 30_lag_56_median_stratZ50ndj03, 33_lag_traMC, 30_lag_41_median_shSICmar, 47_lag_mhfATL45, 54_lag_seurTSjfm, 30_lag_39_median_pdoSSTjfm, 30_lag_38_median_shSICmar, 30_lag_47_median_nhSICjfm, 31_lag_nppc3SSTjfm, 34_lag_AMOCann, 42_lag_shSICmar_3776_30"
LRforcedPSO,46,30,amoSSTmjjaso,picntrl,1112.5,2050.5,0.4,61,31,31,23.82591890001685,0.015360083545749019,3776,"['51_lag_traTLS', '57_lag_ismPRjja', '52_lag_seurTSjfm', '42_lag_arcTSjfm', '36_lag_ismPRjja', '55_lag_mhfIP30', '36_lag_traDS', '31_lag_34_median_traFB', '40_lag_nppc3SSTjfm', '48_lag_neurTSjfm', '31_lag_60_median_glomaSSTjfm', '33_lag_traEU', '31_lag_37_median_glomaSSTjfm', '48_lag_shSICsep', '50_lag_traDS', '31_lag_57_median_traBO', '31_lag_54_median_samPSLann', '44_lag_stratZ50ndj03', '58_lag_shSICmar', '57_lag_pdoSSTjfm', '40_lag_traTLS', '41_lag_traIFC', '31_lag_57_median_traTLS', '48_lag_mhfIP30', '31_lag_38_median_traDP', '59_lag_traWP', '45_lag_stratZ50ndj04', '56_lag_traWP', '59_lag_traMC', '45_lag_shSICsep']","[4.45282799396519, 1.4548821069660995, 4.3517868715058565, 0.7435468974088284, 1.827658671564084, 6.024478959563844, 7.7905133175091805, 0.883698104472252, 0.8111309845639951, 6.1640538721458356, 3.52165644596103, 5.234787731810718, 9.92179290060258, 5.646041041232137, 1.423808913090065, 2.906798569707105, 9.231424790197117, 4.568148520433162, 1.4756779850220259, 7.019838827616233, 1.2407407189103203, 5.722479243816315, 1.2393934253577665, 1.8774291423196683, 3.8847062402106154, 1.032782865546526, 6.706562802960217, 9.951315241668205, 2.914603641959152, 5.841550645189839]","51_lag_traTLS, 57_lag_ismPRjja, 52_lag_seurTSjfm, 42_lag_arcTSjfm, 36_lag_ismPRjja, 55_lag_mhfIP30, 36_lag_traDS, 31_lag_34_median_traFB, 40_lag_nppc3SSTjfm, 48_lag_neurTSjfm, 31_lag_60_median_glomaSSTjfm, 33_lag_traEU, 31_lag_37_median_glomaSSTjfm, 48_lag_shSICsep, 50_lag_traDS, 31_lag_57_median_traBO, 31_lag_54_median_samPSLann, 44_lag_stratZ50ndj03, 58_lag_shSICmar, 57_lag_pdoSSTjfm, 40_lag_traTLS, 41_lag_traIFC, 31_lag_57_median_traTLS, 48_lag_mhfIP30, 31_lag_38_median_traDP, 59_lag_traWP, 45_lag_stratZ50ndj04, 56_lag_traWP, 59_lag_traMC, 45_lag_shSICsep_3776_31"
LRforcedPSO,47,30,amoSSTmjjaso,picntrl,1113.5,2050.5,0.4,62,32,32,24.75820432198234,-0.06605146263140248,3776,"['37_lag_amo1', '32_lag_44_median_scpPSLjfm', '58_lag_amo3', '32_lag_35_median_traWP', '61_lag_naoPSLjfm', '32_lag_34_median_traFB', '38_lag_stratZ50ndj02', '32_lag_59_median_tripol2', '32_lag_41_median_satlSSTjfm', '32_lag_42_median_nppc2SSTjfm', '40_lag_traEC', '52_lag_glTSjfm', '42_lag_mhfIP30', '32_lag_47_median_labSSTjfm', '32_lag_40_median_glomaSSTjfm', '32_lag_47_median_glTSjfm', '32_lag_52_median_satlSSTjfm', '32_lag_57_median_labSSTjfm', '37_lag_stratZ50ndj03', '33_lag_traBO', '34_lag_amoSSTmjjaso', '43_lag_traCA', '55_lag_ismPRjja', '32_lag_42_median_stratZ50ndj01', '32_lag_57_median_satlSSTjfm', '34_lag_naoPSLjfm', '32_lag_55_median_shSICmar', '32_lag_33_median_amo2', '32_lag_46_median_amo3', '32_lag_58_median_traWP']","[2.8273120107846044, 3.8628229486828864, 1.56141165684463, 5.882016016743301, 6.360732529149594, 7.734950448078113, 4.801666317379432, 5.478437575165815, 1.6213365231558434, 9.233553655545109, 0.5872794449920011, 1.8166662356006924, 5.326252670122983, 3.193762525526463, 9.260271432306226, 7.674696043919255, 7.127240472838757, 3.4224651979039837, 3.31501660532372, 6.975313559431755, 0.08861420567778389, 6.737950532692443, 6.416965565200773, 2.538608427156774, 8.947406647965854, 3.6082401531857666, 0.571269865502682, 0.9981800434389747, 6.737574789567809, 7.781982188744362]","37_lag_amo1, 32_lag_44_median_scpPSLjfm, 58_lag_amo3, 32_lag_35_median_traWP, 61_lag_naoPSLjfm, 32_lag_34_median_traFB, 38_lag_stratZ50ndj02, 32_lag_59_median_tripol2, 32_lag_41_median_satlSSTjfm, 32_lag_42_median_nppc2SSTjfm, 40_lag_traEC, 52_lag_glTSjfm, 42_lag_mhfIP30, 32_lag_47_median_labSSTjfm, 32_lag_40_median_glomaSSTjfm, 32_lag_47_median_glTSjfm, 32_lag_52_median_satlSSTjfm, 32_lag_57_median_labSSTjfm, 37_lag_stratZ50ndj03, 33_lag_traBO, 34_lag_amoSSTmjjaso, 43_lag_traCA, 55_lag_ismPRjja, 32_lag_42_median_stratZ50ndj01, 32_lag_57_median_satlSSTjfm, 34_lag_naoPSLjfm, 32_lag_55_median_shSICmar, 32_lag_33_median_amo2, 32_lag_46_median_amo3, 32_lag_58_median_traWP_3776_32"
LRforcedPSO,48,30,amoSSTmjjaso,picntrl,1114.5,2050.5,0.4,63,33,33,27.336578911141796,-0.004707789610938061,3776,"['35_lag_traDP', '60_lag_glomaSSTjfm', '33_lag_54_median_stratZ50ndj04', '35_lag_tripol1', '33_lag_47_median_satlSSTjfm', '33_lag_38_median_mhfATL60', '61_lag_yrvPRjja', '36_lag_traIFC', '62_lag_traMC', '35_lag_gyreSSTjfm', '33_lag_traEC', '33_lag_50_median_gyreSSTjfm', '33_lag_56_median_seurTSjfm', '51_lag_ginwSSTjfm', '59_lag_shSICmar', '35_lag_traIT', '60_lag_traFS', '53_lag_traTLS', '33_lag_50_median_AMOCann', '33_lag_51_median_traEC', '59_lag_yrvPRjja', '51_lag_naoPSLjfm', '33_lag_47_median_amoSSTmjjaso', '33_lag_55_median_shSICmar', '50_lag_AMOCann', '41_lag_mhfATL30', '33_lag_34_median_mhfIP30', '48_lag_traIT', '33_lag_34_median_stratZ50ndj03', '33_lag_59_median_wnorPRjfm']","[3.3551221602046137, 4.388481234477107, 1.3783096603803102, 0.920610443843815, 3.9359588336043387, 8.363810234383603, 4.455133125176265, 3.5667723291907745, 9.96323491981293, 8.755156018362108, 3.6112201382784086, 0.303621122709286, 1.3994295746161072, 0.08526387192878815, 2.2979849982205423, 2.4063260791605714, 0.18150047758556376, 3.858544419343133, 1.9275189825994339, 0.09754189821262038, 7.9994988984391036, 5.191481703636265, 2.6380376458285575, 1.8261520498606547, 4.1326138411789115, 0.04958412264778822, 1.4025625816919742, 7.656597980396858, 9.088511091087794, 7.7460410295950695]","35_lag_traDP, 60_lag_glomaSSTjfm, 33_lag_54_median_stratZ50ndj04, 35_lag_tripol1, 33_lag_47_median_satlSSTjfm, 33_lag_38_median_mhfATL60, 61_lag_yrvPRjja, 36_lag_traIFC, 62_lag_traMC, 35_lag_gyreSSTjfm, 33_lag_traEC, 33_lag_50_median_gyreSSTjfm, 33_lag_56_median_seurTSjfm, 51_lag_ginwSSTjfm, 59_lag_shSICmar, 35_lag_traIT, 60_lag_traFS, 53_lag_traTLS, 33_lag_50_median_AMOCann, 33_lag_51_median_traEC, 59_lag_yrvPRjja, 51_lag_naoPSLjfm, 33_lag_47_median_amoSSTmjjaso, 33_lag_55_median_shSICmar, 50_lag_AMOCann, 41_lag_mhfATL30, 33_lag_34_median_mhfIP30, 48_lag_traIT, 33_lag_34_median_stratZ50ndj03, 33_lag_59_median_wnorPRjfm_3776_33"
LRforcedPSO,49,30,amoSSTmjjaso,picntrl,1115.5,2050.5,0.4,64,34,34,27.54788522382518,0.024758710485820897,3776,"['55_lag_traMC', '34_lag_39_median_alpi', '58_lag_nppc3SSTjfm', '34_lag_40_median_tripol1', '34_lag_58_median_nppc2SSTjfm', '34_lag_40_median_nchinaPRjja', '34_lag_38_median_mhfIP30', '55_lag_stratZ50ndj02', '52_lag_nhSICsep', '34_lag_45_median_traIT', '34_lag_53_median_amoSSTmjjaso', '35_lag_traIFC', '34_lag_36_median_stratZ50ndj01', '34_lag_51_median_glTSjfm', '36_lag_wnorPRjfm', '35_lag_shSICsep', '51_lag_cetTSjfm', '46_lag_amo3', '43_lag_AMOCann', '34_lag_50_median_eapPSLjfm', '39_lag_mhfATL45', '34_lag_38_median_traDP', '34_lag_38_median_alpi', '34_lag_55_median_nchinaPRjja', '38_lag_traEC', '34_lag_56_median_traDP', '44_lag_scpPSLjfm', '54_lag_naoPSLjfm', '35_lag_traIT', '34_lag_51_median_seurTSjfm']","[5.91424522851996, 9.683744296312486, 8.4551822804729, 5.546159752943332, 1.9240840157218226, 3.843941335094348, 1.7585643873694181, 0.5687298835021988, 6.872794525387455, 7.693630164116957, 0.6698626737805, 0.5392928418300933, 3.3361846902942887, 7.035972488863884, 6.70403723241655, 0.4502288674485406, 3.5431898633289594, 3.388780735458843, 5.430224773821283, 2.7436660726853868, 2.7559053048547, 8.77834325572556, 3.391007715412975, 0.008579680013323099, 3.643410659941104, 2.2242259652238587, 5.283472524926589, 2.5147903681773487, 9.321537778598506, 7.369515343485041]","55_lag_traMC, 34_lag_39_median_alpi, 58_lag_nppc3SSTjfm, 34_lag_40_median_tripol1, 34_lag_58_median_nppc2SSTjfm, 34_lag_40_median_nchinaPRjja, 34_lag_38_median_mhfIP30, 55_lag_stratZ50ndj02, 52_lag_nhSICsep, 34_lag_45_median_traIT, 34_lag_53_median_amoSSTmjjaso, 35_lag_traIFC, 34_lag_36_median_stratZ50ndj01, 34_lag_51_median_glTSjfm, 36_lag_wnorPRjfm, 35_lag_shSICsep, 51_lag_cetTSjfm, 46_lag_amo3, 43_lag_AMOCann, 34_lag_50_median_eapPSLjfm, 39_lag_mhfATL45, 34_lag_38_median_traDP, 34_lag_38_median_alpi, 34_lag_55_median_nchinaPRjja, 38_lag_traEC, 34_lag_56_median_traDP, 44_lag_scpPSLjfm, 54_lag_naoPSLjfm, 35_lag_traIT, 34_lag_51_median_seurTSjfm_3776_34"
LRforcedPSO,50,30,amoSSTmjjaso,picntrl,1116.5,2050.5,0.4,65,35,35,24.37710208760894,-0.13195110839093624,3776,"['44_lag_alpi', '35_lag_43_median_traMC', '35_lag_64_median_shSICmar', '35_lag_38_median_nhSICjfm', '35_lag_36_median_traIT', '35_lag_39_median_nhSICjfm', '35_lag_cetTSjfm', '35_lag_44_median_ensoSSTjfm', '35_lag_59_median_stratZ50ndj03', '39_lag_traEC', '58_lag_amo1', '43_lag_mhfATL30', '35_lag_45_median_traMC', '52_lag_yrvPRjja', '63_lag_eurPSLjfm', '35_lag_50_median_traDS', '35_lag_47_median_amoSSTmjjaso', '45_lag_nhSICsep', '62_lag_ensoSSTjfm', '35_lag_46_median_cetTSjfm', '46_lag_tripol2', '61_lag_traFB', '56_lag_tripol1', '35_lag_50_median_atlSICsep', '35_lag_61_median_shSICmar', '35_lag_38_median_eurPSLjfm', '35_lag_39_median_cetTSjfm', '51_lag_traFS', '35_lag_gyreSSTjfm', '57_lag_tripol3']","[6.239523598229347, 0.8857392171319987, 3.0463086128497547, 1.0693484930196036, 0.02651626715147337, 4.547369134348742, 4.310867882182647, 3.282104740308645, 8.678083071802403, 5.829430761204848, 0.501584335863825, 3.3250443243704915, 2.5188384378739066, 4.057079951921384, 0.14549820934377955, 5.705428531172771, 0.2742356819434235, 3.5240087392647945, 3.832298574221509, 7.986240087796038, 1.6540922499577775, 3.204356121062279, 2.977111653247057, 5.208599316366007, 1.4207445943342378, 0.23056544534354018, 1.2236380448126578, 8.267903521505577, 9.477453377002444, 0.3080483005639518]","44_lag_alpi, 35_lag_43_median_traMC, 35_lag_64_median_shSICmar, 35_lag_38_median_nhSICjfm, 35_lag_36_median_traIT, 35_lag_39_median_nhSICjfm, 35_lag_cetTSjfm, 35_lag_44_median_ensoSSTjfm, 35_lag_59_median_stratZ50ndj03, 39_lag_traEC, 58_lag_amo1, 43_lag_mhfATL30, 35_lag_45_median_traMC, 52_lag_yrvPRjja, 63_lag_eurPSLjfm, 35_lag_50_median_traDS, 35_lag_47_median_amoSSTmjjaso, 45_lag_nhSICsep, 62_lag_ensoSSTjfm, 35_lag_46_median_cetTSjfm, 46_lag_tripol2, 61_lag_traFB, 56_lag_tripol1, 35_lag_50_median_atlSICsep, 35_lag_61_median_shSICmar, 35_lag_38_median_eurPSLjfm, 35_lag_39_median_cetTSjfm, 51_lag_traFS, 35_lag_gyreSSTjfm, 57_lag_tripol3_3776_35"
LRforcedPSO,51,30,amoSSTmjjaso,picntrl,1117.5,2050.5,0.4,66,36,36,26.428774938815295,-0.1059922134870042,3776,"['37_lag_amo3', '47_lag_ormenSSTjfm', '65_lag_shSICmar', '50_lag_traFS', '36_lag_52_median_neurTSjfm', '48_lag_mhfIP30', '36_lag_61_median_satlSSTjfm', '43_lag_amoSSTmjjaso', '36_lag_39_median_traTLS', '65_lag_mhfATL45', '44_lag_alpi', '36_lag_traTLS', '43_lag_samPSLann', '37_lag_labSSTjfm', '48_lag_neurTSjfm', '36_lag_43_median_seurTSjfm', '36_lag_60_median_stratZ50ndj01', '57_lag_nhTSjfm', '47_lag_neurTSjfm', '36_lag_44_median_glTSjfm', '36_lag_64_median_traTLS', '52_lag_traFB', '65_lag_nhSICjfm', '39_lag_traWP', '46_lag_yrvPRjja', '36_lag_44_median_pdoSSTjfm', '56_lag_shTSjfm', '50_lag_tripol1', '45_lag_nppc2SSTjfm', '36_lag_39_median_stratZ50ndj01']","[3.5389148916762743, 2.86872640759276, 1.8799513762760895, 4.05480403504518, 9.970459269056121, 6.856144875353728, 0.8773885372076258, 5.555877293940675, 4.176307415276037, 3.3502184506159827, 1.669862181499047, 0.7525660607962301, 2.0854101260063818, 4.556258073132282, 1.2184867959281664, 7.193528247243797, 2.3071262206639425, 6.415160245596031, 1.843662008680516, 4.3403235220234215, 8.883403701058008, 4.416083299343015, 0.5994947727548698, 1.8279126816783169, 0.2418751746763288, 1.172155035181211, 4.120903010550361, 3.6318900242877366, 9.033473688581658, 7.600852085462928]","37_lag_amo3, 47_lag_ormenSSTjfm, 65_lag_shSICmar, 50_lag_traFS, 36_lag_52_median_neurTSjfm, 48_lag_mhfIP30, 36_lag_61_median_satlSSTjfm, 43_lag_amoSSTmjjaso, 36_lag_39_median_traTLS, 65_lag_mhfATL45, 44_lag_alpi, 36_lag_traTLS, 43_lag_samPSLann, 37_lag_labSSTjfm, 48_lag_neurTSjfm, 36_lag_43_median_seurTSjfm, 36_lag_60_median_stratZ50ndj01, 57_lag_nhTSjfm, 47_lag_neurTSjfm, 36_lag_44_median_glTSjfm, 36_lag_64_median_traTLS, 52_lag_traFB, 65_lag_nhSICjfm, 39_lag_traWP, 46_lag_yrvPRjja, 36_lag_44_median_pdoSSTjfm, 56_lag_shTSjfm, 50_lag_tripol1, 45_lag_nppc2SSTjfm, 36_lag_39_median_stratZ50ndj01_3776_36"
LRforcedPSO,52,30,amoSSTmjjaso,picntrl,1118.5,2050.5,0.4,67,37,37,23.834258435198112,-0.005157052868905244,3776,"['38_lag_stratZ50ndj01', '37_lag_45_median_ormenSSTjfm', '55_lag_pdoSSTjfm', '37_lag_45_median_traMC', '40_lag_neurTSjfm', '63_lag_ginwSSTjfm', '37_lag_52_median_eapPSLjfm', '48_lag_shTSjfm', '49_lag_tripol3', '37_lag_41_median_nhTSjfm', '39_lag_amo1', '37_lag_61_median_eapPSLjfm', '38_lag_stratZ50ndj02', '37_lag_40_median_traEC', '37_lag_nchinaPRjja', '41_lag_eurPSLjfm', '37_lag_62_median_ensoSSTjfm', '49_lag_stratZ50ndj02', '60_lag_tripol2', '37_lag_40_median_alpi', '37_lag_52_median_traIFC', '39_lag_eapPSLjfm', '52_lag_glTSjfm', '37_lag_44_median_ginwSSTjfm', '57_lag_amo2', '38_lag_traFB', '64_lag_gyreSSTjfm', '47_lag_mhfATL45', '52_lag_ismPRjja', '37_lag_63_median_amo1']","[5.791348197118772, 0.9655302268086849, 4.7918959453244, 3.2410145097402516, 8.435335955073452, 3.087209941815118, 0.707742162049918, 5.0227599252546185, 6.8709213491536545, 4.235873550898428, 2.8145924379796394, 1.7408226582138475, 0.253717054176839, 1.3558532471635303, 4.661381113020089, 5.1386973333040835, 7.815188838713741, 2.226131091438801, 1.946986680121972, 5.701554114662491, 6.075190894084173, 2.9305595097315322, 5.533591041356578, 6.856151690791434, 1.9638161530031688, 1.8761205942459664, 5.495120928384271, 1.0514687352768455, 3.0125455910264387, 1.9649649367768376]","38_lag_stratZ50ndj01, 37_lag_45_median_ormenSSTjfm, 55_lag_pdoSSTjfm, 37_lag_45_median_traMC, 40_lag_neurTSjfm, 63_lag_ginwSSTjfm, 37_lag_52_median_eapPSLjfm, 48_lag_shTSjfm, 49_lag_tripol3, 37_lag_41_median_nhTSjfm, 39_lag_amo1, 37_lag_61_median_eapPSLjfm, 38_lag_stratZ50ndj02, 37_lag_40_median_traEC, 37_lag_nchinaPRjja, 41_lag_eurPSLjfm, 37_lag_62_median_ensoSSTjfm, 49_lag_stratZ50ndj02, 60_lag_tripol2, 37_lag_40_median_alpi, 37_lag_52_median_traIFC, 39_lag_eapPSLjfm, 52_lag_glTSjfm, 37_lag_44_median_ginwSSTjfm, 57_lag_amo2, 38_lag_traFB, 64_lag_gyreSSTjfm, 47_lag_mhfATL45, 52_lag_ismPRjja, 37_lag_63_median_amo1_3776_37"
LRforcedPSO,53,30,amoSSTmjjaso,picntrl,1119.5,2050.5,0.4,68,38,38,23.325635806158846,0.08213655708225406,3776,"['38_lag_53_median_stratZ50ndj01', '38_lag_57_median_neurTSjfm', '38_lag_66_median_ismPRjja', '38_lag_51_median_eurPSLjfm', '40_lag_alpi', '38_lag_46_median_seurTSjfm', '45_lag_amo1', '46_lag_ensoSSTjfm', '64_lag_stratZ50ndj04', '38_lag_54_median_glomaSSTjfm', '40_lag_amoSSTmjjaso', '57_lag_ginwSSTjfm', '55_lag_stratZ50ndj03', '47_lag_traFS', '38_lag_63_median_amoSSTmjjaso', '38_lag_43_median_alpi', '38_lag_63_median_nhSICjfm', '38_lag_44_median_amoSSTmjjaso', '48_lag_nppc2SSTjfm', '38_lag_62_median_eurPSLjfm', '38_lag_56_median_ormenSSTjfm', '52_lag_shSICmar', '53_lag_stratZ50ndj01', '67_lag_AMOCann', '38_lag_60_median_shSICmar', '38_lag_66_median_amoSSTmjjaso', '44_lag_traEC', '53_lag_traFB', '63_lag_amo2', '38_lag_55_median_atlSICsep']","[3.2842935968295954, 2.1708671650188194, 8.317420680543805, 3.9179342254995237, 9.274287012307202, 0.7927995712116456, 3.0074230542909035, 0.41654855352455833, 8.696045497629363, 1.5908329954080607, 2.0337655547051376, 0.5009023640687609, 4.703640553273676, 0.35628864504161406, 7.292432779182246, 3.7171830103317465, 3.8638289422408523, 3.537790186852698, 4.700152025249538, 5.334237240265935, 5.301225725324425, 0.031146599576567624, 2.213163136020686, 8.572984456150907, 2.9577670243015817, 9.046497105292515, 7.224874803918624, 7.985428372827663, 3.505336187779995, 3.368409054307797]","38_lag_53_median_stratZ50ndj01, 38_lag_57_median_neurTSjfm, 38_lag_66_median_ismPRjja, 38_lag_51_median_eurPSLjfm, 40_lag_alpi, 38_lag_46_median_seurTSjfm, 45_lag_amo1, 46_lag_ensoSSTjfm, 64_lag_stratZ50ndj04, 38_lag_54_median_glomaSSTjfm, 40_lag_amoSSTmjjaso, 57_lag_ginwSSTjfm, 55_lag_stratZ50ndj03, 47_lag_traFS, 38_lag_63_median_amoSSTmjjaso, 38_lag_43_median_alpi, 38_lag_63_median_nhSICjfm, 38_lag_44_median_amoSSTmjjaso, 48_lag_nppc2SSTjfm, 38_lag_62_median_eurPSLjfm, 38_lag_56_median_ormenSSTjfm, 52_lag_shSICmar, 53_lag_stratZ50ndj01, 67_lag_AMOCann, 38_lag_60_median_shSICmar, 38_lag_66_median_amoSSTmjjaso, 44_lag_traEC, 53_lag_traFB, 63_lag_amo2, 38_lag_55_median_atlSICsep_3776_38"
LRforcedPSO,54,30,amoSSTmjjaso,picntrl,1120.5,2050.5,0.4,69,39,39,24.468463390869108,-0.019946286888193145,3776,"['39_lag_46_median_yrvPRjja', '39_lag_58_median_nhSICjfm', '39_lag_62_median_amoSSTmjjaso', '39_lag_40_median_stratZ50ndj01', '39_lag_40_median_traDS', '39_lag_68_median_samPSLann', '39_lag_45_median_yrvPRjja', '39_lag_traIT', '45_lag_nhSICsep', '41_lag_labSSTjfm', '60_lag_traEU', '39_lag_65_median_ensoSSTjfm', '39_lag_44_median_pdoSSTjfm', '39_lag_stratZ50ndj04', '39_lag_41_median_alpi', '57_lag_tripol2', '57_lag_AMOCann', '39_lag_49_median_traBS', '58_lag_atlSICsep', '39_lag_46_median_amo2', '40_lag_pdoSSTjfm', '39_lag_54_median_traMC', '44_lag_AMOCann', '66_lag_traWP', '39_lag_54_median_traFSC', '54_lag_traMC', '65_lag_mhfATL30', '51_lag_neurTSjfm', '66_lag_tripol3', '63_lag_arcTSjfm']","[4.699594731271867, 4.141051038611526, 1.442964590605074, 8.746056833755013, 6.466708435415098, 0.8147878545091576, 9.738025359327114, 6.819115153299942, 5.9298573590928765, 6.480899742241956, 6.9335081658196245, 3.1624816155103774, 4.1191293535865885, 1.2062342225414362, 5.398207971578779, 8.962661948683664, 4.5297889419518516, 4.3731409006069395, 4.909321388284232, 5.440367543071114, 1.765211516362882, 4.592706498378725, 0.0028321603602048384, 2.1806025501716615, 0.9468818797150895, 0.4960250246323117, 5.143485147743807, 2.06441293949268, 7.550299760006482, 1.2365911634485212]","39_lag_46_median_yrvPRjja, 39_lag_58_median_nhSICjfm, 39_lag_62_median_amoSSTmjjaso, 39_lag_40_median_stratZ50ndj01, 39_lag_40_median_traDS, 39_lag_68_median_samPSLann, 39_lag_45_median_yrvPRjja, 39_lag_traIT, 45_lag_nhSICsep, 41_lag_labSSTjfm, 60_lag_traEU, 39_lag_65_median_ensoSSTjfm, 39_lag_44_median_pdoSSTjfm, 39_lag_stratZ50ndj04, 39_lag_41_median_alpi, 57_lag_tripol2, 57_lag_AMOCann, 39_lag_49_median_traBS, 58_lag_atlSICsep, 39_lag_46_median_amo2, 40_lag_pdoSSTjfm, 39_lag_54_median_traMC, 44_lag_AMOCann, 66_lag_traWP, 39_lag_54_median_traFSC, 54_lag_traMC, 65_lag_mhfATL30, 51_lag_neurTSjfm, 66_lag_tripol3, 63_lag_arcTSjfm_3776_39"
LRforcedPSO,55,30,amoSSTmjjaso,picntrl,1121.5,2050.5,0.4,70,40,40,23.489718986824705,0.03475739162425012,3776,"['68_lag_traMC', '45_lag_cetTSjfm', '51_lag_samPSLann', '60_lag_tripol1', '61_lag_neurTSjfm', '40_lag_63_median_atlSICjfm', '67_lag_samPSLann', '58_lag_amo2', '49_lag_naoPSLjfm', '40_lag_50_median_stratZ50ndj03', '40_lag_shTSjfm', '40_lag_67_median_arcTSjfm', '40_lag_69_median_nhSICjfm', '40_lag_64_median_traEU', '40_lag_51_median_gyreSSTjfm', '40_lag_53_median_eapPSLjfm', '41_lag_ormenSSTjfm', '40_lag_66_median_nhSICjfm', '60_lag_wnorPRjfm', '40_lag_51_median_traMC', '40_lag_60_median_pdoSSTjfm', '65_lag_nchinaPRjja', '40_lag_AMOCann', '46_lag_pdoSSTjfm', '61_lag_stratZ50ndj03', '53_lag_tripol2', '43_lag_ensoSSTjfm', '40_lag_48_median_traMC', '50_lag_nchinaPRjja', '43_lag_stratZ50ndj03']","[1.1468708697410968, 3.4699317062984605, 3.653238623862631, 6.012842803578556, 2.4199360740498825, 4.813829316538367, 0.012534031790689681, 0.9350307628068304, 8.128362843511498, 2.86322881888887, 4.009954912214738, 8.404530824453548, 6.80118751857745, 6.614130914631533, 1.9879049165077234, 0.27370930043439756, 5.561230122659271, 7.156571094872016, 5.836531828245266, 2.566550522574791, 5.669277762110077, 2.9833770547839933, 8.987930377184195, 3.318671932529572, 3.0778816517690935, 2.9943038949501357, 1.405962325120445, 4.65074606163024, 5.199518675862302, 2.458664903395089]","68_lag_traMC, 45_lag_cetTSjfm, 51_lag_samPSLann, 60_lag_tripol1, 61_lag_neurTSjfm, 40_lag_63_median_atlSICjfm, 67_lag_samPSLann, 58_lag_amo2, 49_lag_naoPSLjfm, 40_lag_50_median_stratZ50ndj03, 40_lag_shTSjfm, 40_lag_67_median_arcTSjfm, 40_lag_69_median_nhSICjfm, 40_lag_64_median_traEU, 40_lag_51_median_gyreSSTjfm, 40_lag_53_median_eapPSLjfm, 41_lag_ormenSSTjfm, 40_lag_66_median_nhSICjfm, 60_lag_wnorPRjfm, 40_lag_51_median_traMC, 40_lag_60_median_pdoSSTjfm, 65_lag_nchinaPRjja, 40_lag_AMOCann, 46_lag_pdoSSTjfm, 61_lag_stratZ50ndj03, 53_lag_tripol2, 43_lag_ensoSSTjfm, 40_lag_48_median_traMC, 50_lag_nchinaPRjja, 43_lag_stratZ50ndj03_3776_40"
LRforcedPSO,56,30,amoSSTmjjaso,picntrl,1122.5,2050.5,0.4,71,41,41,23.888504731183215,0.0602462312078963,3776,"['41_lag_50_median_nhTSjfm', '62_lag_traWP', '46_lag_eurPSLjfm', '41_lag_55_median_traEU', '50_lag_traFS', '59_lag_AMOCann', '68_lag_nhSICsep', '41_lag_58_median_mhfIP30', '41_lag_62_median_traFB', '41_lag_48_median_mhfIP30', '41_lag_67_median_traFB', '67_lag_mhfATL45', '41_lag_43_median_traFSC', '41_lag_66_median_stratZ50ndj04', '41_lag_63_median_atlSICjfm', '70_lag_traDP', '41_lag_62_median_nhTSjfm', '51_lag_traWP', '41_lag_60_median_ismPRjja', '46_lag_nppc2SSTjfm', '64_lag_atlSICjfm', '42_lag_stratZ50ndj03', '70_lag_tripol2', '41_lag_58_median_traDS', '41_lag_62_median_shTSjfm', '56_lag_traEC', '65_lag_nhTSjfm', '41_lag_65_median_ormenSSTjfm', '69_lag_seurTSjfm', '41_lag_50_median_mhfATL60']","[9.139943764400737, 0.19831031190118154, 4.653619472260619, 1.4787633380713636, 8.150014475595736, 0.7115341150860655, 3.6665357075913967, 5.989738074910697, 2.1048348358030866, 8.433548170981993, 3.4867728759857464, 7.908228978487299, 6.040583576656077, 0.9424388506930015, 1.1941272111752141, 5.703192721837617, 0.45541042946274857, 2.426932036037906, 3.181938358522597, 0.9316703919208198, 8.614983851632154, 1.32902358049272, 2.2401394470311935, 6.0936615435572286, 4.066019479606915, 8.758822971820239, 8.15398987513949, 4.86805838547847, 2.252382783553289, 1.509982254556137]","41_lag_50_median_nhTSjfm, 62_lag_traWP, 46_lag_eurPSLjfm, 41_lag_55_median_traEU, 50_lag_traFS, 59_lag_AMOCann, 68_lag_nhSICsep, 41_lag_58_median_mhfIP30, 41_lag_62_median_traFB, 41_lag_48_median_mhfIP30, 41_lag_67_median_traFB, 67_lag_mhfATL45, 41_lag_43_median_traFSC, 41_lag_66_median_stratZ50ndj04, 41_lag_63_median_atlSICjfm, 70_lag_traDP, 41_lag_62_median_nhTSjfm, 51_lag_traWP, 41_lag_60_median_ismPRjja, 46_lag_nppc2SSTjfm, 64_lag_atlSICjfm, 42_lag_stratZ50ndj03, 70_lag_tripol2, 41_lag_58_median_traDS, 41_lag_62_median_shTSjfm, 56_lag_traEC, 65_lag_nhTSjfm, 41_lag_65_median_ormenSSTjfm, 69_lag_seurTSjfm, 41_lag_50_median_mhfATL60_3776_41"
LRforcedPSO,57,30,amoSSTmjjaso,picntrl,1123.5,2050.5,0.4,72,42,42,21.170554847627315,-0.037697366072306566,3776,"['46_lag_traIFC', '42_lag_60_median_eapPSLjfm', '67_lag_traMC', '42_lag_65_median_traBO', '71_lag_amoSSTmjjaso', '54_lag_ismPRjja', '45_lag_glTSjfm', '42_lag_48_median_nchinaPRjja', '64_lag_traTLS', '54_lag_samPSLann', '42_lag_68_median_nhTSjfm', '42_lag_67_median_satlSSTjfm', '60_lag_traWP', '42_lag_52_median_nchinaPRjja', '42_lag_59_median_traEU', '42_lag_59_median_ginwSSTjfm', '71_lag_nppc3SSTjfm', '43_lag_amoSSTmjjaso', '42_lag_49_median_amo1', '42_lag_70_median_tripol1', '42_lag_60_median_wnorPRjfm', '44_lag_amo3', '42_lag_shSICsep', '42_lag_63_median_traFSC', '52_lag_traDS', '42_lag_68_median_yrvPRjja', '55_lag_yrvPRjja', '42_lag_71_median_stratZ50ndj03', '67_lag_naoPSLjfm', '54_lag_atlSICsep']","[4.977447062460518, 3.2064174347821712, 2.8149115530141557, 1.3549439849369822, 3.7670074215507654, 9.408451590785402, 5.271393376167822, 7.649233571732747, 2.826041670137071, 3.4540528648495172, 5.116997668550667, 1.1981179566082574, 0.8753280095515663, 6.81686146338383, 2.487631277230097, 0.5657220733808739, 0.7079274927343633, 2.168980541726069, 1.0009814879507228, 5.877328687247996, 1.3055343094992988, 2.297332858477377, 0.8542699264709306, 0.7744915658950919, 4.571803643671433, 8.605198753374035, 3.092482979520808, 4.3943998035022425, 5.237963645027561, 0.8953313280382336]","46_lag_traIFC, 42_lag_60_median_eapPSLjfm, 67_lag_traMC, 42_lag_65_median_traBO, 71_lag_amoSSTmjjaso, 54_lag_ismPRjja, 45_lag_glTSjfm, 42_lag_48_median_nchinaPRjja, 64_lag_traTLS, 54_lag_samPSLann, 42_lag_68_median_nhTSjfm, 42_lag_67_median_satlSSTjfm, 60_lag_traWP, 42_lag_52_median_nchinaPRjja, 42_lag_59_median_traEU, 42_lag_59_median_ginwSSTjfm, 71_lag_nppc3SSTjfm, 43_lag_amoSSTmjjaso, 42_lag_49_median_amo1, 42_lag_70_median_tripol1, 42_lag_60_median_wnorPRjfm, 44_lag_amo3, 42_lag_shSICsep, 42_lag_63_median_traFSC, 52_lag_traDS, 42_lag_68_median_yrvPRjja, 55_lag_yrvPRjja, 42_lag_71_median_stratZ50ndj03, 67_lag_naoPSLjfm, 54_lag_atlSICsep_3776_42"
LRforcedPSO,58,30,amoSSTmjjaso,picntrl,1124.5,2050.5,0.4,73,43,43,27.385855942578637,-0.059772442173721824,3776,"['51_lag_amo2', '43_lag_45_median_amoSSTmjjaso', '60_lag_traFS', '43_lag_59_median_nhTSjfm', '43_lag_60_median_cetTSjfm', '43_lag_65_median_samPSLann', '63_lag_traDP', '43_lag_68_median_scpPSLjfm', '43_lag_51_median_stratZ50ndj01', '72_lag_pdoSSTjfm', '43_lag_64_median_stratZ50ndj01', '43_lag_52_median_alpi', '43_lag_58_median_traIT', '43_lag_58_median_traEC', '70_lag_mhfATL45', '43_lag_62_median_atlSICjfm', '54_lag_glTSjfm', '43_lag_49_median_traMC', '60_lag_traBS', '68_lag_amo3', '43_lag_71_median_traFS', '43_lag_52_median_nchinaPRjja', '43_lag_eurPSLjfm', '67_lag_wnorPRjfm', '43_lag_71_median_cetTSjfm', '43_lag_47_median_traIT', '43_lag_45_median_mhfATL45', '67_lag_eapPSLjfm', '56_lag_glTSjfm', '57_lag_tripol3']","[6.039233005273239, 1.540397664688646, 0.2563201724820736, 2.1190032628302635, 3.5940911486330336, 4.007035484033025, 7.2750609853784916, 1.1597591316123808, 7.861033481805549, 8.390485038497264, 0.6656462341197056, 1.5028219290543703, 5.252681060901423, 5.141389781930494, 5.37159263533521, 3.2774681874350513, 8.152404330432166, 1.5613887993562443, 5.897683118422954, 1.5877222643027338, 4.970277172169819, 5.278839534103041, 3.0252259712046037, 6.860140515298298, 9.950102355630806, 3.0461639633809856, 8.699410648236643, 0.38763062748521193, 7.114148420598049, 1.7389036826090063]","51_lag_amo2, 43_lag_45_median_amoSSTmjjaso, 60_lag_traFS, 43_lag_59_median_nhTSjfm, 43_lag_60_median_cetTSjfm, 43_lag_65_median_samPSLann, 63_lag_traDP, 43_lag_68_median_scpPSLjfm, 43_lag_51_median_stratZ50ndj01, 72_lag_pdoSSTjfm, 43_lag_64_median_stratZ50ndj01, 43_lag_52_median_alpi, 43_lag_58_median_traIT, 43_lag_58_median_traEC, 70_lag_mhfATL45, 43_lag_62_median_atlSICjfm, 54_lag_glTSjfm, 43_lag_49_median_traMC, 60_lag_traBS, 68_lag_amo3, 43_lag_71_median_traFS, 43_lag_52_median_nchinaPRjja, 43_lag_eurPSLjfm, 67_lag_wnorPRjfm, 43_lag_71_median_cetTSjfm, 43_lag_47_median_traIT, 43_lag_45_median_mhfATL45, 67_lag_eapPSLjfm, 56_lag_glTSjfm, 57_lag_tripol3_3776_43"
LRforcedPSO,59,30,amoSSTmjjaso,picntrl,1125.5,2050.5,0.4,74,44,44,27.892470949934022,-0.051985492238871306,3776,"['44_lag_62_median_tripol2', '44_lag_59_median_traWP', '62_lag_amo3', '44_lag_47_median_cetTSjfm', '44_lag_45_median_ormenSSTjfm', '44_lag_51_median_tripol2', '44_lag_53_median_nhSICjfm', '44_lag_58_median_nhTSjfm', '55_lag_shSICmar', '45_lag_naoPSLjfm', '46_lag_wnorPRjfm', '52_lag_ginwSSTjfm', '63_lag_yrvPRjja', '66_lag_AMOCann', '44_lag_69_median_satlSSTjfm', '44_lag_54_median_gyreSSTjfm', '44_lag_48_median_seurTSjfm', '65_lag_glTSjfm', '44_lag_45_median_AMOCann', '66_lag_traBS', '66_lag_traCA', '44_lag_69_median_nhTSjfm', '73_lag_seurTSjfm', '72_lag_traFS', '56_lag_traDP', '54_lag_arcTSjfm', '64_lag_tripol2', '44_lag_69_median_mhfATL45', '44_lag_70_median_gyreSSTjfm', '59_lag_traFS']","[6.404756771202933, 1.106087987127255, 2.3994062294361065, 4.843924145953011, 9.160006094197328, 0.13803403014404836, 4.706453808486625, 9.359334359371477, 0.5476381222547193, 5.904588169223331, 3.829176811236117, 0.19649584806068177, 5.997219124265115, 7.221608093776339, 3.0413233979001113, 1.0277748242063094, 4.959694850132443, 2.7139607846678304, 2.251462604081807, 4.576385619436019, 1.9072653279779868, 9.400824085304592, 2.0930886783191553, 1.1275054828497115, 0.2097703757217939, 3.49542227621016, 3.1069707868905123, 0.7009839314422344, 9.473847624203941, 2.9338015573083043]","44_lag_62_median_tripol2, 44_lag_59_median_traWP, 62_lag_amo3, 44_lag_47_median_cetTSjfm, 44_lag_45_median_ormenSSTjfm, 44_lag_51_median_tripol2, 44_lag_53_median_nhSICjfm, 44_lag_58_median_nhTSjfm, 55_lag_shSICmar, 45_lag_naoPSLjfm, 46_lag_wnorPRjfm, 52_lag_ginwSSTjfm, 63_lag_yrvPRjja, 66_lag_AMOCann, 44_lag_69_median_satlSSTjfm, 44_lag_54_median_gyreSSTjfm, 44_lag_48_median_seurTSjfm, 65_lag_glTSjfm, 44_lag_45_median_AMOCann, 66_lag_traBS, 66_lag_traCA, 44_lag_69_median_nhTSjfm, 73_lag_seurTSjfm, 72_lag_traFS, 56_lag_traDP, 54_lag_arcTSjfm, 64_lag_tripol2, 44_lag_69_median_mhfATL45, 44_lag_70_median_gyreSSTjfm, 59_lag_traFS_3776_44"
LRforcedPSO,60,30,amoSSTmjjaso,picntrl,1126.5,2050.5,0.4,75,45,45,25.131888988812232,0.09871108856934549,3776,"['55_lag_neurTSjfm', '50_lag_wnorPRjfm', '58_lag_traFS', '46_lag_traTLS', '74_lag_ormenSSTjfm', '45_lag_52_median_alpi', '45_lag_70_median_wnorPRjfm', '45_lag_65_median_seurTSjfm', '45_lag_74_median_traBO', '55_lag_labSSTjfm', '53_lag_traTLS', '66_lag_glTSjfm', '45_lag_50_median_pdoSSTjfm', '45_lag_59_median_nhSICsep', '45_lag_56_median_traEC', '67_lag_traIT', '73_lag_nhTSjfm', '45_lag_amoSSTmjjaso', '52_lag_stratZ50ndj02', '45_lag_70_median_cetTSjfm', '45_lag_71_median_stratZ50ndj01', '45_lag_74_median_nhSICjfm', '69_lag_traCA', '45_lag_66_median_tripol3', '45_lag_72_median_tripol2', '51_lag_seurTSjfm', '62_lag_shTSjfm', '45_lag_66_median_shSICmar', '45_lag_64_median_naoPSLjfm', '45_lag_74_median_mhfATL60']","[5.918105027493652, 4.355217663555413, 1.8761334244688186, 2.2571693801591834, 4.9497626302473545, 6.575434959182928, 9.082722554493465, 5.390448966855356, 8.812781450124866, 2.1570243365114266, 0.1719590788767391, 4.299347240231559, 4.103003547693797, 7.231599422826648, 0.7561364855151087, 2.2010986718580083, 1.2801831871222742, 4.193218980604062, 1.6918960935254912, 1.3834336555661952, 3.6916500168746698, 9.014850251423763, 1.091367087046745, 3.858935671499035, 0.7857344138964866, 1.9676812181680514, 5.87740896525232, 6.411643249071249, 5.660199943441606, 8.308295272957594]","55_lag_neurTSjfm, 50_lag_wnorPRjfm, 58_lag_traFS, 46_lag_traTLS, 74_lag_ormenSSTjfm, 45_lag_52_median_alpi, 45_lag_70_median_wnorPRjfm, 45_lag_65_median_seurTSjfm, 45_lag_74_median_traBO, 55_lag_labSSTjfm, 53_lag_traTLS, 66_lag_glTSjfm, 45_lag_50_median_pdoSSTjfm, 45_lag_59_median_nhSICsep, 45_lag_56_median_traEC, 67_lag_traIT, 73_lag_nhTSjfm, 45_lag_amoSSTmjjaso, 52_lag_stratZ50ndj02, 45_lag_70_median_cetTSjfm, 45_lag_71_median_stratZ50ndj01, 45_lag_74_median_nhSICjfm, 69_lag_traCA, 45_lag_66_median_tripol3, 45_lag_72_median_tripol2, 51_lag_seurTSjfm, 62_lag_shTSjfm, 45_lag_66_median_shSICmar, 45_lag_64_median_naoPSLjfm, 45_lag_74_median_mhfATL60_3776_45"
LRforcedPSO,61,30,amoSSTmjjaso,picntrl,1127.5,2050.5,0.4,76,46,46,24.449044977051997,-0.032655690886077324,3776,"['46_lag_71_median_shSICsep', '46_lag_58_median_seurTSjfm', '70_lag_tripol2', '59_lag_amo3', '46_lag_67_median_traWP', '46_lag_74_median_yrvPRjja', '62_lag_traBS', '46_lag_62_median_tripol1', '72_lag_stratZ50ndj03', '46_lag_51_median_stratZ50ndj01', '59_lag_seurTSjfm', '46_lag_55_median_mhfATL30', '67_lag_traDP', '46_lag_73_median_ormenSSTjfm', '52_lag_traFB', '70_lag_traDP', '55_lag_ginwSSTjfm', '46_lag_50_median_amo3', '58_lag_traIT', '46_lag_53_median_glTSjfm', '65_lag_traFS', '46_lag_75_median_nhTSjfm', '46_lag_61_median_tripol1', '46_lag_59_median_traWP', '46_lag_shSICsep', '46_lag_55_median_seurTSjfm', '46_lag_54_median_labSSTjfm', '46_lag_70_median_mhfIP30', '46_lag_53_median_cetTSjfm', '46_lag_73_median_amo2']","[8.083198548160922, 2.3756475143212246, 0.25397313136839195, 6.87495241029286, 7.165598947773667, 4.665409702170983, 3.153636620145866, 9.25359757475864, 0.3912835705259372, 8.973849557049347, 6.059207055514555, 1.8020877702861053, 1.9498831160740178, 8.29864776920396, 1.7022176441452874, 3.7217615003699667, 6.027196723457742, 0.44495413727578814, 6.233082414364022, 1.3646981535141869, 3.6830688307186605, 4.4956585913302565, 7.625265867977404, 7.491556301410149, 0.5914796529432653, 3.6481998569892085, 0.8126193917324649, 2.759514353432218, 1.164098585857893, 1.3574188193888013]","46_lag_71_median_shSICsep, 46_lag_58_median_seurTSjfm, 70_lag_tripol2, 59_lag_amo3, 46_lag_67_median_traWP, 46_lag_74_median_yrvPRjja, 62_lag_traBS, 46_lag_62_median_tripol1, 72_lag_stratZ50ndj03, 46_lag_51_median_stratZ50ndj01, 59_lag_seurTSjfm, 46_lag_55_median_mhfATL30, 67_lag_traDP, 46_lag_73_median_ormenSSTjfm, 52_lag_traFB, 70_lag_traDP, 55_lag_ginwSSTjfm, 46_lag_50_median_amo3, 58_lag_traIT, 46_lag_53_median_glTSjfm, 65_lag_traFS, 46_lag_75_median_nhTSjfm, 46_lag_61_median_tripol1, 46_lag_59_median_traWP, 46_lag_shSICsep, 46_lag_55_median_seurTSjfm, 46_lag_54_median_labSSTjfm, 46_lag_70_median_mhfIP30, 46_lag_53_median_cetTSjfm, 46_lag_73_median_amo2_3776_46"
LRforcedPSO,62,30,amoSSTmjjaso,picntrl,1128.5,2050.5,0.4,77,47,47,26.703142225678274,0.07085223973101248,3776,"['51_lag_glTSjfm', '47_lag_67_median_shTSjfm', '47_lag_57_median_nppc3SSTjfm', '57_lag_stratZ50ndj03', '62_lag_atlSICsep', '68_lag_stratZ50ndj01', '47_lag_72_median_cetTSjfm', '68_lag_wnorPRjfm', '59_lag_atlSICjfm', '47_lag_61_median_nhSICsep', '47_lag_70_median_traBS', '47_lag_60_median_ormenSSTjfm', '68_lag_mhfIP30', '54_lag_eurPSLjfm', '47_lag_65_median_stratZ50ndj04', '47_lag_50_median_mhfATL45', '49_lag_traBO', '47_lag_74_median_glomaSSTjfm', '47_lag_70_median_stratZ50ndj03', '68_lag_traDS', '47_lag_55_median_amoSSTmjjaso', '47_lag_69_median_traIFC', '76_lag_wnorPRjfm', '47_lag_66_median_nhSICsep', '70_lag_shTSjfm', '59_lag_glTSjfm', '47_lag_57_median_traIFC', '47_lag_55_median_shSICsep', '47_lag_75_median_stratZ50ndj04', '50_lag_neurTSjfm']","[5.361772145507953, 1.3343961206696697, 6.020240562429514, 4.929100187896478, 5.968548769325615, 3.1106162076187083, 1.1497285655318183, 0.27316093920883233, 2.610008517728808, 8.499818715721702, 8.830501032999397, 2.9433876016579923, 3.053240733248133, 1.0771369345007393, 5.8383722456898735, 5.475335759181035, 5.619293474798557, 4.983890055829313, 7.705434065863832, 4.688764065149449, 7.33597030898594, 1.0020663709432025, 4.387654969314077, 5.895139260435183, 5.698978334610347, 6.80867804980914, 3.308464078182837, 4.319889696031338, 2.73071220877259, 0.8656801774125871]","51_lag_glTSjfm, 47_lag_67_median_shTSjfm, 47_lag_57_median_nppc3SSTjfm, 57_lag_stratZ50ndj03, 62_lag_atlSICsep, 68_lag_stratZ50ndj01, 47_lag_72_median_cetTSjfm, 68_lag_wnorPRjfm, 59_lag_atlSICjfm, 47_lag_61_median_nhSICsep, 47_lag_70_median_traBS, 47_lag_60_median_ormenSSTjfm, 68_lag_mhfIP30, 54_lag_eurPSLjfm, 47_lag_65_median_stratZ50ndj04, 47_lag_50_median_mhfATL45, 49_lag_traBO, 47_lag_74_median_glomaSSTjfm, 47_lag_70_median_stratZ50ndj03, 68_lag_traDS, 47_lag_55_median_amoSSTmjjaso, 47_lag_69_median_traIFC, 76_lag_wnorPRjfm, 47_lag_66_median_nhSICsep, 70_lag_shTSjfm, 59_lag_glTSjfm, 47_lag_57_median_traIFC, 47_lag_55_median_shSICsep, 47_lag_75_median_stratZ50ndj04, 50_lag_neurTSjfm_3776_47"
LRforcedPSO,63,30,amoSSTmjjaso,picntrl,1129.5,2050.5,0.4,78,48,48,23.11188118768525,0.060352261138650616,3776,"['48_lag_73_median_traCA', '48_lag_51_median_mhfATL60', '48_lag_63_median_stratZ50ndj04', '58_lag_nppc2SSTjfm', '63_lag_nhTSjfm', '60_lag_glTSjfm', '48_lag_49_median_shTSjfm', '53_lag_tripol2', '53_lag_traEC', '48_lag_76_median_eurPSLjfm', '48_lag_52_median_shSICmar', '59_lag_nppc2SSTjfm', '66_lag_traBS', '64_lag_traFB', '60_lag_traWP', '55_lag_traDS', '48_lag_66_median_stratZ50ndj04', '48_lag_51_median_AMOCann', '48_lag_76_median_satlSSTjfm', '54_lag_wnorPRjfm', '48_lag_61_median_pdoSSTjfm', '52_lag_scpPSLjfm', '48_lag_75_median_labSSTjfm', '48_lag_65_median_mhfATL60', '48_lag_70_median_traFB', '48_lag_60_median_atlSICsep', '63_lag_shSICsep', '74_lag_traFS', '62_lag_traFSC', '62_lag_mhfATL30']","[0.32885181109419115, 7.880521320622016, 1.5523256543885324, 6.610593749925062, 2.0343270323917046, 4.097501650043981, 2.341458199587203, 3.0933802667468147, 7.409218477474959, 1.9071557893592779, 5.9617293701351315, 6.417157948823078, 0.7291098309469195, 1.6055474858295895, 9.424097882263766, 1.333921520100036, 0.24087276593931684, 2.6950086557590893, 6.524738402366257, 2.8160208871162062, 4.1879734086482205, 6.94450740930807, 0.839144933935863, 3.2359003597913976, 7.402094199401632, 1.970815171173312, 7.855578775786416, 2.3995956894614565, 8.092932896068842, 1.978078336297397]","48_lag_73_median_traCA, 48_lag_51_median_mhfATL60, 48_lag_63_median_stratZ50ndj04, 58_lag_nppc2SSTjfm, 63_lag_nhTSjfm, 60_lag_glTSjfm, 48_lag_49_median_shTSjfm, 53_lag_tripol2, 53_lag_traEC, 48_lag_76_median_eurPSLjfm, 48_lag_52_median_shSICmar, 59_lag_nppc2SSTjfm, 66_lag_traBS, 64_lag_traFB, 60_lag_traWP, 55_lag_traDS, 48_lag_66_median_stratZ50ndj04, 48_lag_51_median_AMOCann, 48_lag_76_median_satlSSTjfm, 54_lag_wnorPRjfm, 48_lag_61_median_pdoSSTjfm, 52_lag_scpPSLjfm, 48_lag_75_median_labSSTjfm, 48_lag_65_median_mhfATL60, 48_lag_70_median_traFB, 48_lag_60_median_atlSICsep, 63_lag_shSICsep, 74_lag_traFS, 62_lag_traFSC, 62_lag_mhfATL30_3776_48"
LRforcedPSO,64,30,amoSSTmjjaso,picntrl,1130.5,2050.5,0.4,79,49,49,28.00812271513105,-0.15202247831556176,3776,"['49_lag_50_median_samPSLann', '49_lag_58_median_ormenSSTjfm', '49_lag_62_median_pdoSSTjfm', '69_lag_amo1', '77_lag_traBO', '49_lag_77_median_traFS', '70_lag_ormenSSTjfm', '49_lag_55_median_traWP', '75_lag_traWP', '66_lag_traFS', '76_lag_samPSLann', '49_lag_51_median_traWP', '56_lag_stratZ50ndj02', '51_lag_cetTSjfm', '54_lag_traFB', '50_lag_glomaSSTjfm', '49_lag_78_median_mhfATL45', '49_lag_ensoSSTjfm', '49_lag_68_median_shSICsep', '49_lag_56_median_nppc2SSTjfm', '58_lag_seurTSjfm', '49_lag_69_median_labSSTjfm', '52_lag_scpPSLjfm', '66_lag_nhSICsep', '70_lag_amo2', '74_lag_wnorPRjfm', '58_lag_mhfATL45', '69_lag_cetTSjfm', '59_lag_ormenSSTjfm', '49_lag_78_median_traFB']","[8.052014513012292, 0.7335636661145664, 0.3320156342742706, 6.936193953581338, 7.542104562035943, 4.570011577153641, 2.323757601324383, 4.961196227031808, 1.6577061140891214, 2.6636093355920165, 8.544795649249146, 4.544974592456295, 1.5438048215348203, 1.679429629334205, 9.188502399772497, 4.399733953770983, 6.27150702399212, 4.687934860123432, 5.4432236275433565, 8.80276865692468, 3.8355090183557046, 2.450416748083919, 2.8018023176068, 0.8093690785252239, 9.10232691843731, 5.1585988981413955, 3.7528667877573234, 1.5531855667724663, 4.525539524351434, 8.822962796398905]","49_lag_50_median_samPSLann, 49_lag_58_median_ormenSSTjfm, 49_lag_62_median_pdoSSTjfm, 69_lag_amo1, 77_lag_traBO, 49_lag_77_median_traFS, 70_lag_ormenSSTjfm, 49_lag_55_median_traWP, 75_lag_traWP, 66_lag_traFS, 76_lag_samPSLann, 49_lag_51_median_traWP, 56_lag_stratZ50ndj02, 51_lag_cetTSjfm, 54_lag_traFB, 50_lag_glomaSSTjfm, 49_lag_78_median_mhfATL45, 49_lag_ensoSSTjfm, 49_lag_68_median_shSICsep, 49_lag_56_median_nppc2SSTjfm, 58_lag_seurTSjfm, 49_lag_69_median_labSSTjfm, 52_lag_scpPSLjfm, 66_lag_nhSICsep, 70_lag_amo2, 74_lag_wnorPRjfm, 58_lag_mhfATL45, 69_lag_cetTSjfm, 59_lag_ormenSSTjfm, 49_lag_78_median_traFB_3776_49"
LRforcedPSO,65,30,amoSSTmjjaso,picntrl,1131.5,2050.5,0.4,80,50,50,21.648452462808294,-0.0447365667348304,3776,"['50_lag_57_median_amo1', '63_lag_traIT', '50_lag_58_median_nchinaPRjja', '50_lag_seurTSjfm', '53_lag_scpPSLjfm', '50_lag_60_median_satlSSTjfm', '71_lag_traDP', '50_lag_69_median_tripol1', '75_lag_traFS', '50_lag_77_median_traWP', '50_lag_75_median_traIT', '53_lag_traFS', '50_lag_69_median_traFSC', '50_lag_76_median_ismPRjja', '64_lag_gyreSSTjfm', '50_lag_53_median_traIFC', '50_lag_65_median_nppc2SSTjfm', '62_lag_traTLS', '50_lag_nhTSjfm', '73_lag_labSSTjfm', '50_lag_52_median_traWP', '76_lag_ormenSSTjfm', '53_lag_traWP', '50_lag_55_median_amo3', '78_lag_mhfATL45', '63_lag_amoSSTmjjaso', '50_lag_54_median_traMC', '50_lag_71_median_naoPSLjfm', '60_lag_amoSSTmjjaso', '77_lag_neurTSjfm']","[4.12869014286964, 3.319118225364244, 7.27743537725414, 3.9117131406924415, 2.8604987936649344, 1.4888055361546488, 3.0477344811764375, 4.414862497958563, 1.513778587741383, 1.0308816861877386, 2.430559841950794, 2.48237145727251, 0.4150571156122851, 2.9756797128547934, 1.3937934204812805, 5.012037042132999, 5.340582731018038, 0.24399397220825492, 3.626483529687987, 2.5057078992624398, 0.23456699307081408, 8.67385216882234, 0.7706079834229751, 2.4213666631083175, 3.48037606079056, 2.346093045124995, 2.084571985586102, 0.6578687112191961, 1.5640979788342229, 3.8750719330106786]","50_lag_57_median_amo1, 63_lag_traIT, 50_lag_58_median_nchinaPRjja, 50_lag_seurTSjfm, 53_lag_scpPSLjfm, 50_lag_60_median_satlSSTjfm, 71_lag_traDP, 50_lag_69_median_tripol1, 75_lag_traFS, 50_lag_77_median_traWP, 50_lag_75_median_traIT, 53_lag_traFS, 50_lag_69_median_traFSC, 50_lag_76_median_ismPRjja, 64_lag_gyreSSTjfm, 50_lag_53_median_traIFC, 50_lag_65_median_nppc2SSTjfm, 62_lag_traTLS, 50_lag_nhTSjfm, 73_lag_labSSTjfm, 50_lag_52_median_traWP, 76_lag_ormenSSTjfm, 53_lag_traWP, 50_lag_55_median_amo3, 78_lag_mhfATL45, 63_lag_amoSSTmjjaso, 50_lag_54_median_traMC, 50_lag_71_median_naoPSLjfm, 60_lag_amoSSTmjjaso, 77_lag_neurTSjfm_3776_50"
LRforcedPSO,66,30,amoSSTmjjaso,picntrl,1132.5,2050.5,0.4,81,51,51,24.930327539523176,0.061758362965492794,3776,"['51_lag_55_median_traEC', '51_lag_76_median_amo3', '51_lag_56_median_seurTSjfm', '51_lag_71_median_neurTSjfm', '51_lag_77_median_gyreSSTjfm', '51_lag_72_median_eurPSLjfm', '51_lag_59_median_amoSSTmjjaso', '54_lag_ginwSSTjfm', '62_lag_traMC', '77_lag_shSICsep', '73_lag_seurTSjfm', '51_lag_54_median_mhfATL30', '51_lag_74_median_traTLS', '78_lag_nchinaPRjja', '62_lag_nhSICjfm', '51_lag_66_median_tripol2', '52_lag_AMOCann', '51_lag_52_median_tripol1', '51_lag_68_median_tripol2', '51_lag_yrvPRjja', '55_lag_neurTSjfm', '60_lag_nchinaPRjja', '51_lag_64_median_pdoSSTjfm', '56_lag_traEU', '68_lag_eapPSLjfm', '51_lag_79_median_traIFC', '51_lag_68_median_stratZ50ndj01', '51_lag_72_median_mhfATL45', '51_lag_68_median_nppc2SSTjfm', '70_lag_nppc2SSTjfm']","[3.4015572781104417, 4.658547585711254, 1.691311444262622, 6.74557859921904, 0.862497010965317, 2.3396049302613964, 5.584033064336323, 9.669441473461088, 3.136899824499741, 5.562877048867216, 2.1979380970966904, 9.003361390112964, 4.5247570100933965, 1.5983752318386717, 8.431518750467685, 3.5114663990139796, 6.652753746291729, 6.46584472763853, 0.669512198768615, 1.4706139876840396, 0.08203679251688101, 3.648298254153537, 9.358465621596896, 2.1115525040075855, 5.949256173183617, 3.1606733676010235, 0.4799924042700887, 4.338077080906578, 1.1147779310973291, 2.6383401080379176]","51_lag_55_median_traEC, 51_lag_76_median_amo3, 51_lag_56_median_seurTSjfm, 51_lag_71_median_neurTSjfm, 51_lag_77_median_gyreSSTjfm, 51_lag_72_median_eurPSLjfm, 51_lag_59_median_amoSSTmjjaso, 54_lag_ginwSSTjfm, 62_lag_traMC, 77_lag_shSICsep, 73_lag_seurTSjfm, 51_lag_54_median_mhfATL30, 51_lag_74_median_traTLS, 78_lag_nchinaPRjja, 62_lag_nhSICjfm, 51_lag_66_median_tripol2, 52_lag_AMOCann, 51_lag_52_median_tripol1, 51_lag_68_median_tripol2, 51_lag_yrvPRjja, 55_lag_neurTSjfm, 60_lag_nchinaPRjja, 51_lag_64_median_pdoSSTjfm, 56_lag_traEU, 68_lag_eapPSLjfm, 51_lag_79_median_traIFC, 51_lag_68_median_stratZ50ndj01, 51_lag_72_median_mhfATL45, 51_lag_68_median_nppc2SSTjfm, 70_lag_nppc2SSTjfm_3776_51"
LRforcedPSO,67,30,amoSSTmjjaso,picntrl,1133.5,2050.5,0.4,82,52,52,24.745648665358335,-0.003293993646898249,3776,"['76_lag_stratZ50ndj04', '61_lag_mhfATL30', '64_lag_cetTSjfm', '78_lag_traBO', '52_lag_61_median_nppc3SSTjfm', '52_lag_64_median_atlSICsep', '66_lag_pdoSSTjfm', '64_lag_shTSjfm', '55_lag_traIT', '52_lag_74_median_ginwSSTjfm', '68_lag_traFSC', '54_lag_amo3', '52_lag_73_median_stratZ50ndj04', '52_lag_73_median_traDS', '54_lag_mhfATL30', '59_lag_AMOCann', '71_lag_stratZ50ndj03', '52_lag_78_median_eapPSLjfm', '52_lag_71_median_nhTSjfm', '52_lag_62_median_amo2', '74_lag_traMC', '71_lag_eapPSLjfm', '69_lag_glTSjfm', '52_lag_60_median_neurTSjfm', '52_lag_66_median_nppc2SSTjfm', '52_lag_53_median_traBS', '63_lag_traCA', '52_lag_59_median_amo3', '58_lag_traFB', '75_lag_AMOCann']","[6.5322542882117105, 7.1581560396083095, 7.019371434590489, 0.7083697351991276, 5.107013248041261, 7.339466556718461, 0.14626859545462345, 1.5422105642539758, 2.8806382986970327, 5.814190287263868, 5.1115273782821795, 0.5081104477119229, 1.0395406660573752, 0.31753174555638, 1.9574582452318694, 3.4255940477567997, 0.2876900757726695, 4.530089367869216, 9.546245026109798, 3.6477672864354993, 1.5869442315991016, 3.8533953758714956, 6.271680467094779, 1.6861658014890217, 3.6523015342764147, 1.7879055882532224, 4.2426946769394664, 9.978937013041719, 1.724403127903333, 5.606377339444304]","76_lag_stratZ50ndj04, 61_lag_mhfATL30, 64_lag_cetTSjfm, 78_lag_traBO, 52_lag_61_median_nppc3SSTjfm, 52_lag_64_median_atlSICsep, 66_lag_pdoSSTjfm, 64_lag_shTSjfm, 55_lag_traIT, 52_lag_74_median_ginwSSTjfm, 68_lag_traFSC, 54_lag_amo3, 52_lag_73_median_stratZ50ndj04, 52_lag_73_median_traDS, 54_lag_mhfATL30, 59_lag_AMOCann, 71_lag_stratZ50ndj03, 52_lag_78_median_eapPSLjfm, 52_lag_71_median_nhTSjfm, 52_lag_62_median_amo2, 74_lag_traMC, 71_lag_eapPSLjfm, 69_lag_glTSjfm, 52_lag_60_median_neurTSjfm, 52_lag_66_median_nppc2SSTjfm, 52_lag_53_median_traBS, 63_lag_traCA, 52_lag_59_median_amo3, 58_lag_traFB, 75_lag_AMOCann_3776_52"
LRforcedPSO,68,30,amoSSTmjjaso,picntrl,1134.5,2050.5,0.4,83,53,53,25.38776880466617,-0.03795201576049228,3776,"['75_lag_labSSTjfm', '53_lag_76_median_scpPSLjfm', '53_lag_57_median_nhSICjfm', '53_lag_71_median_shTSjfm', '70_lag_traBS', '73_lag_eurPSLjfm', '82_lag_traFS', '65_lag_amoSSTmjjaso', '69_lag_traEC', '78_lag_nhSICjfm', '75_lag_nhSICsep', '53_lag_70_median_neurTSjfm', '53_lag_58_median_traBO', '54_lag_labSSTjfm', '80_lag_naoPSLjfm', '60_lag_traTLS', '53_lag_69_median_yrvPRjja', '69_lag_glomaSSTjfm', '64_lag_stratZ50ndj02', '54_lag_traFB', '53_lag_60_median_shSICmar', '53_lag_mhfIP30', '53_lag_70_median_shTSjfm', '78_lag_traMC', '77_lag_mhfIP30', '62_lag_samPSLann', '53_lag_59_median_yrvPRjja', '56_lag_mhfATL30', '67_lag_neurTSjfm', '53_lag_56_median_tripol1']","[2.410097531063615, 0.7907609769603408, 8.801441186319884, 3.553430375578049, 1.3716705481507425, 5.679178328930579, 4.431635458039214, 0.6144038895753763, 0.04705875930907766, 3.5730751333959354, 0.6560207819726127, 1.0638999672477123, 3.6852050304114563, 5.522136094804734, 1.1655017177845313, 2.1644251504345, 3.8989843558919652, 6.203063821638379, 5.343657971785811, 7.194716727994967, 5.133116049886953, 4.7299722776000195, 4.026557155697363, 3.905647699522687, 9.469250129206443, 0.44632837517528046, 3.2306807444439034, 9.480056382362996, 0.782828968748035, 4.816893172022256]","75_lag_labSSTjfm, 53_lag_76_median_scpPSLjfm, 53_lag_57_median_nhSICjfm, 53_lag_71_median_shTSjfm, 70_lag_traBS, 73_lag_eurPSLjfm, 82_lag_traFS, 65_lag_amoSSTmjjaso, 69_lag_traEC, 78_lag_nhSICjfm, 75_lag_nhSICsep, 53_lag_70_median_neurTSjfm, 53_lag_58_median_traBO, 54_lag_labSSTjfm, 80_lag_naoPSLjfm, 60_lag_traTLS, 53_lag_69_median_yrvPRjja, 69_lag_glomaSSTjfm, 64_lag_stratZ50ndj02, 54_lag_traFB, 53_lag_60_median_shSICmar, 53_lag_mhfIP30, 53_lag_70_median_shTSjfm, 78_lag_traMC, 77_lag_mhfIP30, 62_lag_samPSLann, 53_lag_59_median_yrvPRjja, 56_lag_mhfATL30, 67_lag_neurTSjfm, 53_lag_56_median_tripol1_3776_53"
LRforcedPSO,69,30,amoSSTmjjaso,picntrl,1135.5,2050.5,0.4,84,54,54,27.993803180867975,0.0874879311353447,3776,"['58_lag_stratZ50ndj03', '66_lag_shSICmar', '61_lag_satlSSTjfm', '80_lag_pdoSSTjfm', '54_lag_78_median_scpPSLjfm', '54_lag_64_median_amo2', '54_lag_64_median_traWP', '70_lag_neurTSjfm', '54_lag_72_median_ismPRjja', '54_lag_71_median_eapPSLjfm', '54_lag_60_median_traFS', '64_lag_ensoSSTjfm', '80_lag_stratZ50ndj03', '78_lag_mhfATL60', '61_lag_tripol2', '54_lag_71_median_nhSICsep', '54_lag_74_median_nppc2SSTjfm', '54_lag_55_median_traBO', '73_lag_traMC', '54_lag_68_median_traBO', '72_lag_ginwSSTjfm', '63_lag_amo1', '54_lag_75_median_traTLS', '62_lag_traDS', '60_lag_neurTSjfm', '54_lag_74_median_traBO', '54_lag_68_median_nppc2SSTjfm', '54_lag_72_median_amo3', '64_lag_shSICsep', '66_lag_traCA']","[1.6791159250005538, 3.264907550006445, 7.446174813387682, 7.962376015269314, 0.12418275868669326, 3.4910783639663734, 6.942483272841677, 1.1408422587726825, 4.365863969244705, 9.157721238629017, 8.045191785763137, 0.20820663711326404, 3.766552033344876, 6.196944966186586, 5.901030867894555, 0.04533769147078104, 1.9274841933246023, 2.91100493403901, 5.061979288041513, 0.7943203038873552, 4.532794292103421, 7.556784911237969, 4.886819384632357, 2.438458147799805, 8.58618951820963, 6.86968422224783, 1.5296755516971512, 7.958243472339528, 0.07853623528388809, 1.6208837239013434]","58_lag_stratZ50ndj03, 66_lag_shSICmar, 61_lag_satlSSTjfm, 80_lag_pdoSSTjfm, 54_lag_78_median_scpPSLjfm, 54_lag_64_median_amo2, 54_lag_64_median_traWP, 70_lag_neurTSjfm, 54_lag_72_median_ismPRjja, 54_lag_71_median_eapPSLjfm, 54_lag_60_median_traFS, 64_lag_ensoSSTjfm, 80_lag_stratZ50ndj03, 78_lag_mhfATL60, 61_lag_tripol2, 54_lag_71_median_nhSICsep, 54_lag_74_median_nppc2SSTjfm, 54_lag_55_median_traBO, 73_lag_traMC, 54_lag_68_median_traBO, 72_lag_ginwSSTjfm, 63_lag_amo1, 54_lag_75_median_traTLS, 62_lag_traDS, 60_lag_neurTSjfm, 54_lag_74_median_traBO, 54_lag_68_median_nppc2SSTjfm, 54_lag_72_median_amo3, 64_lag_shSICsep, 66_lag_traCA_3776_54"
LRforcedPSO,70,30,amoSSTmjjaso,picntrl,1136.5,2050.5,0.4,85,55,55,23.42443283723306,0.0011686262743748515,3776,"['55_lag_57_median_labSSTjfm', '60_lag_mhfATL60', '61_lag_pdoSSTjfm', '55_lag_77_median_nppc2SSTjfm', '55_lag_58_median_traFSC', '68_lag_tripol1', '76_lag_traIFC', '55_lag_58_median_amoSSTmjjaso', '78_lag_cetTSjfm', '55_lag_60_median_yrvPRjja', '70_lag_traIFC', '55_lag_63_median_traCA', '79_lag_traFS', '55_lag_75_median_stratZ50ndj03', '82_lag_traIT', '55_lag_75_median_nhSICsep', '55_lag_57_median_mhfIP30', '76_lag_stratZ50ndj04', '63_lag_ormenSSTjfm', '55_lag_82_median_traDS', '59_lag_tripol2', '55_lag_78_median_eapPSLjfm', '55_lag_67_median_stratZ50ndj03', '67_lag_glTSjfm', '59_lag_glTSjfm', '71_lag_arcTSjfm', '55_lag_57_median_shSICmar', '55_lag_61_median_traEU', '55_lag_77_median_amo2', '55_lag_67_median_amoSSTmjjaso']","[3.8818437876586636, 4.8913787975860945, 1.1130626229354572, 6.736574291021915, 0.4057690799203648, 0.7592100073481216, 3.817877112864627, 9.09746601343215, 4.370727909407323, 1.4217743131567762, 0.9516843176312548, 2.0454089084865608, 1.6611899154225398, 6.871891455601413, 5.4212400378189844, 7.158914941156034, 4.624563310095738, 2.3275875991140227, 5.363079602893642, 1.1041426611751248, 3.2390861849453216, 1.007356635332206, 1.8645522037716962, 6.404417117465119, 3.7087974943011996, 3.154127255392316, 1.9075004090608, 8.7091909352568, 2.3982936068188154, 9.771687122348855]","55_lag_57_median_labSSTjfm, 60_lag_mhfATL60, 61_lag_pdoSSTjfm, 55_lag_77_median_nppc2SSTjfm, 55_lag_58_median_traFSC, 68_lag_tripol1, 76_lag_traIFC, 55_lag_58_median_amoSSTmjjaso, 78_lag_cetTSjfm, 55_lag_60_median_yrvPRjja, 70_lag_traIFC, 55_lag_63_median_traCA, 79_lag_traFS, 55_lag_75_median_stratZ50ndj03, 82_lag_traIT, 55_lag_75_median_nhSICsep, 55_lag_57_median_mhfIP30, 76_lag_stratZ50ndj04, 63_lag_ormenSSTjfm, 55_lag_82_median_traDS, 59_lag_tripol2, 55_lag_78_median_eapPSLjfm, 55_lag_67_median_stratZ50ndj03, 67_lag_glTSjfm, 59_lag_glTSjfm, 71_lag_arcTSjfm, 55_lag_57_median_shSICmar, 55_lag_61_median_traEU, 55_lag_77_median_amo2, 55_lag_67_median_amoSSTmjjaso_3776_55"
LRforcedPSO,71,30,amoSSTmjjaso,picntrl,1137.5,2050.5,0.4,86,56,56,22.96306751948716,0.03744005199535406,3776,"['71_lag_traDP', '74_lag_stratZ50ndj04', '56_lag_59_median_glomaSSTjfm', '56_lag_68_median_ismPRjja', '56_lag_84_median_stratZ50ndj01', '56_lag_83_median_traFS', '83_lag_nchinaPRjja', '56_lag_69_median_traIFC', '80_lag_ensoSSTjfm', '56_lag_78_median_traFSC', '56_lag_80_median_stratZ50ndj03', '84_lag_traEU', '76_lag_ginwSSTjfm', '57_lag_ensoSSTjfm', '71_lag_nhSICsep', '69_lag_traFS', '56_lag_78_median_neurTSjfm', '84_lag_nppc3SSTjfm', '61_lag_arcTSjfm', '56_lag_81_median_glomaSSTjfm', '56_lag_83_median_tripol2', '56_lag_84_median_wnorPRjfm', '65_lag_ormenSSTjfm', '56_lag_57_median_tripol2', '56_lag_68_median_traDP', '56_lag_78_median_traCA', '75_lag_amo3', '70_lag_traDS', '56_lag_73_median_yrvPRjja', '82_lag_traMC']","[5.982589110639269, 5.8375699656883935, 3.3616799289051063, 3.8735402380661093, 3.9297132020893795, 2.119685707439574, 0.3908498966726963, 0.19168101338604515, 0.517005771286378, 8.714116651150043, 0.3053052798406277, 2.9744118817706777, 2.8409017786233086, 5.613974548446237, 4.3233930388978425, 0.1099314729375429, 0.6313871212131232, 0.305640706897524, 9.376009243182583, 5.639725405361556, 1.4291168345298075, 4.829811164689142, 9.028275982370381, 9.52467292251458, 2.8873048921021667, 1.6728083712299906, 6.526532252007304, 0.03750905215897227, 1.5285471112064997, 6.818124581627913]","71_lag_traDP, 74_lag_stratZ50ndj04, 56_lag_59_median_glomaSSTjfm, 56_lag_68_median_ismPRjja, 56_lag_84_median_stratZ50ndj01, 56_lag_83_median_traFS, 83_lag_nchinaPRjja, 56_lag_69_median_traIFC, 80_lag_ensoSSTjfm, 56_lag_78_median_traFSC, 56_lag_80_median_stratZ50ndj03, 84_lag_traEU, 76_lag_ginwSSTjfm, 57_lag_ensoSSTjfm, 71_lag_nhSICsep, 69_lag_traFS, 56_lag_78_median_neurTSjfm, 84_lag_nppc3SSTjfm, 61_lag_arcTSjfm, 56_lag_81_median_glomaSSTjfm, 56_lag_83_median_tripol2, 56_lag_84_median_wnorPRjfm, 65_lag_ormenSSTjfm, 56_lag_57_median_tripol2, 56_lag_68_median_traDP, 56_lag_78_median_traCA, 75_lag_amo3, 70_lag_traDS, 56_lag_73_median_yrvPRjja, 82_lag_traMC_3776_56"
LRforcedPSO,72,30,amoSSTmjjaso,picntrl,1138.5,2050.5,0.4,87,57,57,28.895952653200734,-0.15565795293474247,3776,"['75_lag_traMC', '57_lag_66_median_nchinaPRjja', '57_lag_70_median_ismPRjja', '57_lag_86_median_shSICmar', '86_lag_cetTSjfm', '68_lag_traBO', '86_lag_traDS', '74_lag_eurPSLjfm', '71_lag_gyreSSTjfm', '57_lag_60_median_traDP', '57_lag_81_median_nhTSjfm', '63_lag_traBS', '67_lag_traTLS', '86_lag_shSICsep', '57_lag_81_median_mhfATL45', '57_lag_84_median_labSSTjfm', '76_lag_naoPSLjfm', '58_lag_traFSC', '57_lag_64_median_nchinaPRjja', '57_lag_68_median_tripol2', '66_lag_traFS', '84_lag_traMC', '57_lag_85_median_ismPRjja', '74_lag_satlSSTjfm', '74_lag_stratZ50ndj03', '63_lag_stratZ50ndj04', '57_lag_74_median_traEC', '86_lag_scpPSLjfm', '57_lag_69_median_stratZ50ndj02', '57_lag_74_median_traEU']","[1.9366328950534673, 0.8829215064361211, 4.634478261662032, 6.359503278198652, 3.3204439305014084, 3.014128273846275, 0.4846908815428197, 8.49137509751231, 1.6746362838515445, 1.1360896506361904, 3.5274294490046865, 7.704519113735273, 6.537198236080915, 0.8106609501739133, 5.767989207674935, 8.102048360899929, 0.7466016290800184, 4.267449739496332, 4.814824673692812, 1.2635225994719832, 7.143861234192325, 2.626017130473053, 7.691178868396506, 0.5842798695146456, 1.41394794000988, 8.896588572928401, 8.019551578586935, 0.6472194835636067, 1.0098411825035818, 0.0012620075853568835]","75_lag_traMC, 57_lag_66_median_nchinaPRjja, 57_lag_70_median_ismPRjja, 57_lag_86_median_shSICmar, 86_lag_cetTSjfm, 68_lag_traBO, 86_lag_traDS, 74_lag_eurPSLjfm, 71_lag_gyreSSTjfm, 57_lag_60_median_traDP, 57_lag_81_median_nhTSjfm, 63_lag_traBS, 67_lag_traTLS, 86_lag_shSICsep, 57_lag_81_median_mhfATL45, 57_lag_84_median_labSSTjfm, 76_lag_naoPSLjfm, 58_lag_traFSC, 57_lag_64_median_nchinaPRjja, 57_lag_68_median_tripol2, 66_lag_traFS, 84_lag_traMC, 57_lag_85_median_ismPRjja, 74_lag_satlSSTjfm, 74_lag_stratZ50ndj03, 63_lag_stratZ50ndj04, 57_lag_74_median_traEC, 86_lag_scpPSLjfm, 57_lag_69_median_stratZ50ndj02, 57_lag_74_median_traEU_3776_57"
LRforcedPSO,73,30,amoSSTmjjaso,picntrl,1139.5,2050.5,0.4,88,58,58,32.28217814560796,-0.010725935785090832,3776,"['58_lag_67_median_mhfIP30', '58_lag_76_median_traFB', '80_lag_mhfATL30', '66_lag_amo1', '58_lag_87_median_shSICsep', '68_lag_cetTSjfm', '58_lag_61_median_shTSjfm', '58_lag_75_median_nhTSjfm', '75_lag_satlSSTjfm', '58_lag_86_median_glTSjfm', '58_lag_78_median_arcTSjfm', '59_lag_ginwSSTjfm', '64_lag_pdoSSTjfm', '58_lag_80_median_wnorPRjfm', '59_lag_ismPRjja', '63_lag_nppc2SSTjfm', '72_lag_traFSC', '83_lag_traEU', '59_lag_nchinaPRjja', '86_lag_pdoSSTjfm', '58_lag_81_median_yrvPRjja', '58_lag_61_median_glTSjfm', '86_lag_traEC', '58_lag_79_median_traBS', '58_lag_68_median_traBO', '79_lag_naoPSLjfm', '58_lag_63_median_eapPSLjfm', '62_lag_mhfIP30', '58_lag_74_median_traFSC', '64_lag_mhfATL45']","[0.9111834669807433, 0.8748372731113214, 5.376369840033295, 0.7177878395687003, 8.304737510574075, 4.592895814990825, 9.759612032119056, 0.8211750893554974, 6.030816459430657, 8.228497811848186, 2.897122578984062, 5.039653611522659, 4.2088287524693495, 4.62018660363325, 0.3191034961844963, 3.9005520750222473, 0.6685351062665301, 0.702162047579872, 5.290501370863872, 2.274766189821933, 0.8478657810103574, 3.194761430287901, 0.49205224847536755, 9.404708739729134, 2.155421548527892, 8.588309693911532, 3.347220634042081, 3.819568970406962, 4.264982286924239, 2.328340221087039]","58_lag_67_median_mhfIP30, 58_lag_76_median_traFB, 80_lag_mhfATL30, 66_lag_amo1, 58_lag_87_median_shSICsep, 68_lag_cetTSjfm, 58_lag_61_median_shTSjfm, 58_lag_75_median_nhTSjfm, 75_lag_satlSSTjfm, 58_lag_86_median_glTSjfm, 58_lag_78_median_arcTSjfm, 59_lag_ginwSSTjfm, 64_lag_pdoSSTjfm, 58_lag_80_median_wnorPRjfm, 59_lag_ismPRjja, 63_lag_nppc2SSTjfm, 72_lag_traFSC, 83_lag_traEU, 59_lag_nchinaPRjja, 86_lag_pdoSSTjfm, 58_lag_81_median_yrvPRjja, 58_lag_61_median_glTSjfm, 86_lag_traEC, 58_lag_79_median_traBS, 58_lag_68_median_traBO, 79_lag_naoPSLjfm, 58_lag_63_median_eapPSLjfm, 62_lag_mhfIP30, 58_lag_74_median_traFSC, 64_lag_mhfATL45_3776_58"
LRforcedPSO,74,30,amoSSTmjjaso,picntrl,1140.5,2050.5,0.4,89,59,59,23.09014509620644,0.09505789493942488,3776,"['62_lag_arcTSjfm', '83_lag_glomaSSTjfm', '66_lag_traIT', '65_lag_traBO', '70_lag_amo2', '71_lag_traEC', '59_lag_72_median_nppc3SSTjfm', '76_lag_shTSjfm', '80_lag_alpi', '76_lag_nppc3SSTjfm', '59_lag_68_median_traIFC', '75_lag_naoPSLjfm', '59_lag_62_median_eurPSLjfm', '59_lag_77_median_neurTSjfm', '59_lag_65_median_mhfIP30', '59_lag_62_median_gyreSSTjfm', '74_lag_traFB', '59_lag_ginwSSTjfm', '70_lag_tripol3', '59_lag_66_median_tripol3', '61_lag_nhSICjfm', '71_lag_traTLS', '74_lag_neurTSjfm', '68_lag_eapPSLjfm', '65_lag_traEU', '59_lag_83_median_eurPSLjfm', '59_lag_87_median_nppc3SSTjfm', '63_lag_scpPSLjfm', '59_lag_79_median_traFS', '59_lag_60_median_samPSLann']","[5.243231028063581, 3.3574171020077532, 1.644596114243388, 2.309830928422741, 3.5707820455574364, 3.386528004440631, 5.213332032312685, 2.5883994832646433, 2.835683557010027, 3.9061194622565782, 2.9969799637654138, 1.5391052506334475, 5.197863051445346, 1.1469345174541203, 0.9151495782916701, 4.624778733343781, 3.075871194994912, 6.380900386836586, 5.08464144664676, 6.6169085865482025, 2.5735715167064406, 4.822844608874865, 9.228924167329321, 6.250331190878672, 5.6399123816178065, 1.5673275532088304, 3.343863836903493, 9.444691631814965, 4.09456992594984, 1.6456089273537327]","62_lag_arcTSjfm, 83_lag_glomaSSTjfm, 66_lag_traIT, 65_lag_traBO, 70_lag_amo2, 71_lag_traEC, 59_lag_72_median_nppc3SSTjfm, 76_lag_shTSjfm, 80_lag_alpi, 76_lag_nppc3SSTjfm, 59_lag_68_median_traIFC, 75_lag_naoPSLjfm, 59_lag_62_median_eurPSLjfm, 59_lag_77_median_neurTSjfm, 59_lag_65_median_mhfIP30, 59_lag_62_median_gyreSSTjfm, 74_lag_traFB, 59_lag_ginwSSTjfm, 70_lag_tripol3, 59_lag_66_median_tripol3, 61_lag_nhSICjfm, 71_lag_traTLS, 74_lag_neurTSjfm, 68_lag_eapPSLjfm, 65_lag_traEU, 59_lag_83_median_eurPSLjfm, 59_lag_87_median_nppc3SSTjfm, 63_lag_scpPSLjfm, 59_lag_79_median_traFS, 59_lag_60_median_samPSLann_3776_59"
LRforcedPSO,75,30,amoSSTmjjaso,picntrl,1141.5,2050.5,0.4,90,60,60,23.925839041479065,0.06684760672143253,3776,"['66_lag_stratZ50ndj04', '60_lag_69_median_traIT', '72_lag_traDP', '74_lag_stratZ50ndj02', '60_lag_ensoSSTjfm', '60_lag_66_median_traCA', '88_lag_atlSICsep', '60_lag_62_median_nhSICsep', '80_lag_tripol3', '60_lag_79_median_alpi', '80_lag_traDS', '60_lag_86_median_naoPSLjfm', '60_lag_traFSC', '88_lag_traIFC', '60_lag_68_median_stratZ50ndj04', '64_lag_eapPSLjfm', '69_lag_neurTSjfm', '60_lag_61_median_stratZ50ndj01', '82_lag_shSICmar', '77_lag_seurTSjfm', '78_lag_traDP', '70_lag_tripol2', '75_lag_satlSSTjfm', '61_lag_traCA', '69_lag_nchinaPRjja', '60_lag_64_median_cetTSjfm', '60_lag_71_median_traMC', '60_lag_75_median_AMOCann', '65_lag_traBO', '60_lag_85_median_traWP']","[2.4649774333173795, 9.039840954072977, 7.814604936572223, 2.580222730531183, 4.216618057991832, 5.138840811565116, 1.7735313555822678, 0.7215019217610035, 1.6009681013955337, 2.6803537431951003, 1.5069687888301608, 0.7263360819998184, 0.057546122956820156, 5.1649321251459686, 6.1140435682605165, 2.063095154072963, 2.645415265050776, 9.319257184581474, 3.8290291423081904, 4.46911716711864, 5.307044962803302, 1.2579976465748608, 4.929490676690758, 7.780243613970206, 3.2865984751942046, 0.2646314308962783, 3.5561367177493004, 7.409179367294363, 3.176487787989977, 4.076533018991489]","66_lag_stratZ50ndj04, 60_lag_69_median_traIT, 72_lag_traDP, 74_lag_stratZ50ndj02, 60_lag_ensoSSTjfm, 60_lag_66_median_traCA, 88_lag_atlSICsep, 60_lag_62_median_nhSICsep, 80_lag_tripol3, 60_lag_79_median_alpi, 80_lag_traDS, 60_lag_86_median_naoPSLjfm, 60_lag_traFSC, 88_lag_traIFC, 60_lag_68_median_stratZ50ndj04, 64_lag_eapPSLjfm, 69_lag_neurTSjfm, 60_lag_61_median_stratZ50ndj01, 82_lag_shSICmar, 77_lag_seurTSjfm, 78_lag_traDP, 70_lag_tripol2, 75_lag_satlSSTjfm, 61_lag_traCA, 69_lag_nchinaPRjja, 60_lag_64_median_cetTSjfm, 60_lag_71_median_traMC, 60_lag_75_median_AMOCann, 65_lag_traBO, 60_lag_85_median_traWP_3776_60"
LRforcedPSO,76,30,amoSSTmjjaso,picntrl,1142.5,2050.5,0.4,91,61,61,23.95976139987199,-0.05992098624044338,3776,"['61_lag_88_median_traWP', '61_lag_70_median_tripol1', '61_lag_90_median_traWP', '73_lag_shTSjfm', '61_lag_88_median_traDS', '61_lag_63_median_nhSICsep', '70_lag_traEC', '65_lag_tripol1', '65_lag_traIT', '61_lag_82_median_atlSICjfm', '72_lag_nppc3SSTjfm', '90_lag_arcTSjfm', '61_lag_66_median_traBS', '61_lag_82_median_traBO', '68_lag_seurTSjfm', '81_lag_traMC', '61_lag_90_median_mhfATL30', '71_lag_traDP', '73_lag_tripol2', '61_lag_86_median_glomaSSTjfm', '61_lag_79_median_satlSSTjfm', '61_lag_74_median_traDS', '61_lag_71_median_traBS', '61_lag_62_median_naoPSLjfm', '64_lag_ginwSSTjfm', '61_lag_71_median_tripol1', '65_lag_glTSjfm', '61_lag_70_median_traMC', '61_lag_87_median_mhfIP30', '61_lag_73_median_cetTSjfm']","[1.9843025540602728, 3.7852883415551712, 8.68429606200625, 4.457031417139865, 0.5271391677547488, 3.0481405693679733, 5.63623039769878, 4.656975872398018, 5.567832268037963, 4.4272603752485225, 5.948646694350934, 5.078833895196972, 3.0486518540623937, 3.9943898366974873, 7.801449869042987, 0.5481315389737205, 4.732388588833965, 5.632823805924922, 7.389745257570183, 0.2289107363938676, 5.977557061682656, 5.734159231522366, 3.256208396921213, 5.2705847500907055, 2.6661149889061146, 1.3265959949518589, 4.561552806772491, 3.122531486154503, 6.223222140049941, 4.2245459307500255]","61_lag_88_median_traWP, 61_lag_70_median_tripol1, 61_lag_90_median_traWP, 73_lag_shTSjfm, 61_lag_88_median_traDS, 61_lag_63_median_nhSICsep, 70_lag_traEC, 65_lag_tripol1, 65_lag_traIT, 61_lag_82_median_atlSICjfm, 72_lag_nppc3SSTjfm, 90_lag_arcTSjfm, 61_lag_66_median_traBS, 61_lag_82_median_traBO, 68_lag_seurTSjfm, 81_lag_traMC, 61_lag_90_median_mhfATL30, 71_lag_traDP, 73_lag_tripol2, 61_lag_86_median_glomaSSTjfm, 61_lag_79_median_satlSSTjfm, 61_lag_74_median_traDS, 61_lag_71_median_traBS, 61_lag_62_median_naoPSLjfm, 64_lag_ginwSSTjfm, 61_lag_71_median_tripol1, 65_lag_glTSjfm, 61_lag_70_median_traMC, 61_lag_87_median_mhfIP30, 61_lag_73_median_cetTSjfm_3776_61"
LRforcedPSO,77,30,amoSSTmjjaso,picntrl,1143.5,2050.5,0.4,92,62,62,22.02625578438315,-0.02099532193344701,3776,"['68_lag_seurTSjfm', '69_lag_neurTSjfm', '71_lag_nchinaPRjja', '62_lag_79_median_mhfATL60', '89_lag_neurTSjfm', '83_lag_traDS', '88_lag_nppc3SSTjfm', '89_lag_amo2', '62_lag_71_median_traBO', '62_lag_76_median_scpPSLjfm', '62_lag_87_median_alpi', '65_lag_traFSC', '70_lag_traBO', '62_lag_86_median_traWP', '62_lag_75_median_nhSICsep', '62_lag_70_median_atlSICjfm', '62_lag_77_median_stratZ50ndj01', '62_lag_76_median_glTSjfm', '90_lag_mhfIP30', '83_lag_traTLS', '67_lag_traDP', '65_lag_yrvPRjja', '71_lag_amo1', '66_lag_nhSICsep', '62_lag_72_median_nhTSjfm', '81_lag_atlSICsep', '62_lag_69_median_ensoSSTjfm', '62_lag_64_median_tripol1', '75_lag_traEC', '62_lag_90_median_samPSLann']","[0.5458639261258114, 1.5293986129019501, 2.1417938636341027, 0.7080123929847275, 5.903798070225648, 2.95068904354987, 0.8940590710240581, 3.5652261479967535, 6.548865135469175, 0.24408620684999605, 4.257811412094432, 1.5511098711276752, 2.8612723010336527, 3.886471953431574, 0.7675435807550208, 0.5899850076272557, 5.675882632509339, 3.65013403822005, 0.3427923525876011, 1.8898938608149312, 2.5312748277443404, 9.142706604044928, 7.3170114887454965, 3.461132253058379, 8.778649789054946, 1.9588424756891136, 0.2998322678446499, 8.202192448357756, 5.674690320432578, 3.944055847155779]","68_lag_seurTSjfm, 69_lag_neurTSjfm, 71_lag_nchinaPRjja, 62_lag_79_median_mhfATL60, 89_lag_neurTSjfm, 83_lag_traDS, 88_lag_nppc3SSTjfm, 89_lag_amo2, 62_lag_71_median_traBO, 62_lag_76_median_scpPSLjfm, 62_lag_87_median_alpi, 65_lag_traFSC, 70_lag_traBO, 62_lag_86_median_traWP, 62_lag_75_median_nhSICsep, 62_lag_70_median_atlSICjfm, 62_lag_77_median_stratZ50ndj01, 62_lag_76_median_glTSjfm, 90_lag_mhfIP30, 83_lag_traTLS, 67_lag_traDP, 65_lag_yrvPRjja, 71_lag_amo1, 66_lag_nhSICsep, 62_lag_72_median_nhTSjfm, 81_lag_atlSICsep, 62_lag_69_median_ensoSSTjfm, 62_lag_64_median_tripol1, 75_lag_traEC, 62_lag_90_median_samPSLann_3776_62"
LRforcedPSO,78,30,amoSSTmjjaso,picntrl,1144.5,2050.5,0.4,93,63,63,32.822090202266104,0.0022318240053668314,3776,"['63_lag_91_median_stratZ50ndj03', '63_lag_72_median_eurPSLjfm', '63_lag_71_median_naoPSLjfm', '63_lag_77_median_tripol1', '87_lag_yrvPRjja', '63_lag_69_median_traTLS', '63_lag_86_median_neurTSjfm', '90_lag_traBS', '63_lag_74_median_traDP', '78_lag_gyreSSTjfm', '63_lag_90_median_ensoSSTjfm', '79_lag_alpi', '86_lag_amo1', '85_lag_stratZ50ndj03', '63_lag_86_median_nhSICjfm', '63_lag_92_median_stratZ50ndj02', '74_lag_wnorPRjfm', '70_lag_shSICmar', '63_lag_64_median_gyreSSTjfm', '63_lag_64_median_traDS', '63_lag_79_median_eurPSLjfm', '63_lag_75_median_nhSICsep', '69_lag_mhfIP30', '63_lag_89_median_eapPSLjfm', '63_lag_68_median_atlSICjfm', '87_lag_gyreSSTjfm', '63_lag_84_median_traIT', '63_lag_78_median_amo3', '83_lag_pdoSSTjfm', '63_lag_81_median_nhTSjfm']","[2.5461590466350748, 2.201280623381507, 4.96893672431937, 5.037600181840551, 3.7805987032312043, 3.0838721837408567, 7.934716043288244, 8.759279981769545, 2.8714382811484995, 5.178824395193109, 4.956778504782378, 2.802844921225754, 3.0127800131191425, 1.3877795705347769, 5.785135665206907, 7.833895990667128, 6.287648660479643, 4.0794815623418135, 3.940309303600083, 8.852382005857294, 1.9580970060243637, 5.7271797983991934, 1.653412845529589, 7.990751206946154, 2.44868857878447, 5.952236128702326, 4.59290527178004, 4.498424418845854, 7.883807153249098, 0.5895200822867981]","63_lag_91_median_stratZ50ndj03, 63_lag_72_median_eurPSLjfm, 63_lag_71_median_naoPSLjfm, 63_lag_77_median_tripol1, 87_lag_yrvPRjja, 63_lag_69_median_traTLS, 63_lag_86_median_neurTSjfm, 90_lag_traBS, 63_lag_74_median_traDP, 78_lag_gyreSSTjfm, 63_lag_90_median_ensoSSTjfm, 79_lag_alpi, 86_lag_amo1, 85_lag_stratZ50ndj03, 63_lag_86_median_nhSICjfm, 63_lag_92_median_stratZ50ndj02, 74_lag_wnorPRjfm, 70_lag_shSICmar, 63_lag_64_median_gyreSSTjfm, 63_lag_64_median_traDS, 63_lag_79_median_eurPSLjfm, 63_lag_75_median_nhSICsep, 69_lag_mhfIP30, 63_lag_89_median_eapPSLjfm, 63_lag_68_median_atlSICjfm, 87_lag_gyreSSTjfm, 63_lag_84_median_traIT, 63_lag_78_median_amo3, 83_lag_pdoSSTjfm, 63_lag_81_median_nhTSjfm_3776_63"
LRforcedPSO,79,30,amoSSTmjjaso,picntrl,1145.5,2050.5,0.4,94,64,64,22.91090091607811,0.025619795616639133,3776,"['64_lag_amo3', '64_lag_78_median_seurTSjfm', '70_lag_shSICmar', '64_lag_70_median_traDS', '64_lag_74_median_traBS', '65_lag_traEU', '86_lag_mhfATL30', '64_lag_72_median_traTLS', '64_lag_66_median_traDP', '86_lag_gyreSSTjfm', '64_lag_76_median_traDP', '64_lag_73_median_stratZ50ndj01', '71_lag_scpPSLjfm', '77_lag_stratZ50ndj04', '64_lag_66_median_scpPSLjfm', '73_lag_stratZ50ndj03', '64_lag_89_median_nhSICjfm', '64_lag_65_median_naoPSLjfm', '75_lag_gyreSSTjfm', '67_lag_traCA', '81_lag_wnorPRjfm', '64_lag_73_median_eurPSLjfm', '86_lag_stratZ50ndj03', '64_lag_93_median_yrvPRjja', '78_lag_traBO', '90_lag_neurTSjfm', '64_lag_71_median_tripol1', '64_lag_69_median_traWP', '75_lag_amo2', '64_lag_77_median_traFS']","[3.1572727398029716, 1.9165876476288481, 6.9020140760972115, 8.017640828202602, 3.8132604476312864, 3.559374154382926, 9.545258181588327, 1.6650275563149908, 3.4600350868248997, 6.337647736026753, 1.4273691355861615, 1.8205547449114192, 1.5141346077026583, 5.125369856212616, 9.881077229723008, 2.5700893664941145, 4.7447620523487295, 3.446133009577249, 0.7679550439398888, 3.244466564528306, 4.667362823808321, 1.0123936381864755, 1.6119917703645292, 2.832707843728649, 3.983142577858545, 6.221789107772398, 4.8554905513075886, 4.2184323684126, 1.9272336086391704, 0.3669743942181434]","64_lag_amo3, 64_lag_78_median_seurTSjfm, 70_lag_shSICmar, 64_lag_70_median_traDS, 64_lag_74_median_traBS, 65_lag_traEU, 86_lag_mhfATL30, 64_lag_72_median_traTLS, 64_lag_66_median_traDP, 86_lag_gyreSSTjfm, 64_lag_76_median_traDP, 64_lag_73_median_stratZ50ndj01, 71_lag_scpPSLjfm, 77_lag_stratZ50ndj04, 64_lag_66_median_scpPSLjfm, 73_lag_stratZ50ndj03, 64_lag_89_median_nhSICjfm, 64_lag_65_median_naoPSLjfm, 75_lag_gyreSSTjfm, 67_lag_traCA, 81_lag_wnorPRjfm, 64_lag_73_median_eurPSLjfm, 86_lag_stratZ50ndj03, 64_lag_93_median_yrvPRjja, 78_lag_traBO, 90_lag_neurTSjfm, 64_lag_71_median_tripol1, 64_lag_69_median_traWP, 75_lag_amo2, 64_lag_77_median_traFS_3776_64"
LRforcedPSO,80,30,amoSSTmjjaso,picntrl,1146.5,2050.5,0.4,95,65,65,25.761396836991928,0.10609729071248529,3776,"['65_lag_80_median_eurPSLjfm', '65_lag_satlSSTjfm', '65_lag_87_median_amoSSTmjjaso', '91_lag_shTSjfm', '70_lag_yrvPRjja', '82_lag_traIT', '71_lag_traWP', '79_lag_nppc2SSTjfm', '65_lag_72_median_nppc2SSTjfm', '65_lag_93_median_atlSICjfm', '65_lag_67_median_glTSjfm', '65_lag_67_median_traFB', '89_lag_traIFC', '65_lag_85_median_scpPSLjfm', '65_lag_68_median_traBS', '83_lag_ginwSSTjfm', '65_lag_94_median_ismPRjja', '65_lag_87_median_nchinaPRjja', '65_lag_71_median_tripol1', '65_lag_84_median_pdoSSTjfm', '72_lag_AMOCann', '65_lag_73_median_stratZ50ndj02', '65_lag_85_median_mhfATL45', '65_lag_73_median_shTSjfm', '89_lag_nppc2SSTjfm', '66_lag_satlSSTjfm', '65_lag_79_median_stratZ50ndj04', '73_lag_traFS', '65_lag_74_median_gyreSSTjfm', '65_lag_81_median_traDS']","[6.577166259353488, 4.113577198954864, 5.8141235150336605, 1.113245759149951, 3.967191552439335, 4.4352964012336304, 2.3778398026324314, 1.5203722952063252, 6.564333311331243, 0.6351598917566896, 9.535383050483283, 1.09968823164996, 0.6672600590777336, 5.892945706649019, 2.785249193873243, 1.9246397932858486, 6.699589135317088, 1.738186803022085, 5.833734738707568, 3.5693205973607895, 4.462753592077182, 9.24082134102753, 7.6421985999666875, 7.378970741929416, 0.10946954251856589, 1.6948812199818803, 6.722591988257154, 1.6490812703359161, 0.9172659797799643, 3.188607972076145]","65_lag_80_median_eurPSLjfm, 65_lag_satlSSTjfm, 65_lag_87_median_amoSSTmjjaso, 91_lag_shTSjfm, 70_lag_yrvPRjja, 82_lag_traIT, 71_lag_traWP, 79_lag_nppc2SSTjfm, 65_lag_72_median_nppc2SSTjfm, 65_lag_93_median_atlSICjfm, 65_lag_67_median_glTSjfm, 65_lag_67_median_traFB, 89_lag_traIFC, 65_lag_85_median_scpPSLjfm, 65_lag_68_median_traBS, 83_lag_ginwSSTjfm, 65_lag_94_median_ismPRjja, 65_lag_87_median_nchinaPRjja, 65_lag_71_median_tripol1, 65_lag_84_median_pdoSSTjfm, 72_lag_AMOCann, 65_lag_73_median_stratZ50ndj02, 65_lag_85_median_mhfATL45, 65_lag_73_median_shTSjfm, 89_lag_nppc2SSTjfm, 66_lag_satlSSTjfm, 65_lag_79_median_stratZ50ndj04, 73_lag_traFS, 65_lag_74_median_gyreSSTjfm, 65_lag_81_median_traDS_3776_65"
LRforcedPSO,81,30,amoSSTmjjaso,picntrl,1147.5,2050.5,0.4,96,66,66,26.113512859329575,0.028426002293283684,3776,"['66_lag_80_median_seurTSjfm', '91_lag_stratZ50ndj01', '66_lag_92_median_nhSICjfm', '66_lag_87_median_traFSC', '66_lag_91_median_amo1', '66_lag_stratZ50ndj03', '66_lag_69_median_traFSC', '67_lag_traWP', '66_lag_69_median_mhfATL60', '84_lag_seurTSjfm', '66_lag_67_median_pdoSSTjfm', '66_lag_75_median_traTLS', '82_lag_traFB', '70_lag_nhTSjfm', '66_lag_78_median_satlSSTjfm', '66_lag_81_median_traEU', '66_lag_76_median_ginwSSTjfm', '92_lag_ensoSSTjfm', '66_lag_71_median_atlSICsep', '66_lag_93_median_seurTSjfm', '66_lag_67_median_atlSICjfm', '66_lag_68_median_arcTSjfm', '66_lag_92_median_nhTSjfm', '67_lag_traIFC', '68_lag_ismPRjja', '66_lag_77_median_traEU', '91_lag_traWP', '76_lag_nppc2SSTjfm', '81_lag_traMC', '66_lag_89_median_shSICmar']","[1.7747058304506993, 0.7236248220239041, 3.083273552921691, 0.6686077804538275, 6.0281398049067505, 8.646417425463696, 1.8901566032325352, 3.159033091203705, 0.2832904588652756, 2.264285481750436, 4.70233837730553, 0.7372736867992202, 1.9091483840701073, 1.2277410511952667, 4.084448545775171, 1.1056555304194848, 1.2471402481150289, 1.8393304631983973, 3.593862318504433, 1.337693148628059, 8.03189684703627, 4.354449547267581, 9.650791252405789, 2.356602419848997, 2.141254360878815, 0.6413159205420786, 2.5916317134753353, 8.254148298796371, 9.845551019212298, 4.4841210186283185]","66_lag_80_median_seurTSjfm, 91_lag_stratZ50ndj01, 66_lag_92_median_nhSICjfm, 66_lag_87_median_traFSC, 66_lag_91_median_amo1, 66_lag_stratZ50ndj03, 66_lag_69_median_traFSC, 67_lag_traWP, 66_lag_69_median_mhfATL60, 84_lag_seurTSjfm, 66_lag_67_median_pdoSSTjfm, 66_lag_75_median_traTLS, 82_lag_traFB, 70_lag_nhTSjfm, 66_lag_78_median_satlSSTjfm, 66_lag_81_median_traEU, 66_lag_76_median_ginwSSTjfm, 92_lag_ensoSSTjfm, 66_lag_71_median_atlSICsep, 66_lag_93_median_seurTSjfm, 66_lag_67_median_atlSICjfm, 66_lag_68_median_arcTSjfm, 66_lag_92_median_nhTSjfm, 67_lag_traIFC, 68_lag_ismPRjja, 66_lag_77_median_traEU, 91_lag_traWP, 76_lag_nppc2SSTjfm, 81_lag_traMC, 66_lag_89_median_shSICmar_3776_66"
LRforcedPSO,82,30,amoSSTmjjaso,picntrl,1148.5,2050.5,0.4,97,67,67,29.16033385902051,-0.03094527885256877,3776,"['78_lag_atlSICjfm', '67_lag_70_median_gyreSSTjfm', '93_lag_samPSLann', '70_lag_traTLS', '76_lag_traCA', '86_lag_amo1', '67_lag_90_median_stratZ50ndj03', '67_lag_93_median_shTSjfm', '67_lag_83_median_mhfATL60', '67_lag_69_median_amo1', '67_lag_75_median_nhTSjfm', '67_lag_90_median_traTLS', '67_lag_72_median_stratZ50ndj03', '67_lag_71_median_amo1', '92_lag_ismPRjja', '77_lag_nhSICsep', '75_lag_nhTSjfm', '80_lag_traBO', '67_lag_91_median_amo2', '67_lag_79_median_pdoSSTjfm', '96_lag_traIFC', '67_lag_79_median_traFB', '70_lag_atlSICjfm', '67_lag_70_median_glomaSSTjfm', '67_lag_71_median_amo2', '84_lag_traEC', '67_lag_75_median_traIT', '90_lag_traBO', '90_lag_traWP', '83_lag_mhfATL30']","[0.8372955990627986, 5.925575993327552, 5.37961679392372, 6.028233093435141, 9.903432191520562, 1.9212033882046171, 0.05053177311639345, 0.251447098573669, 0.0007797514362568592, 4.0062234121383655, 3.2778687753300737, 1.5011131886059648, 1.7185671237316509, 2.3366605345758202, 1.1203202967646657, 2.7871026045225893, 6.058111599501196, 0.9842363515080557, 9.79382659114098, 5.541832151356484, 2.4797907097098797, 2.7892736483218687, 4.210729915217211, 2.65017886052412, 8.299856481816452, 8.184883052593417, 9.198850780208453, 0.9065260750948845, 9.132692088263706, 1.9888264252371712]","78_lag_atlSICjfm, 67_lag_70_median_gyreSSTjfm, 93_lag_samPSLann, 70_lag_traTLS, 76_lag_traCA, 86_lag_amo1, 67_lag_90_median_stratZ50ndj03, 67_lag_93_median_shTSjfm, 67_lag_83_median_mhfATL60, 67_lag_69_median_amo1, 67_lag_75_median_nhTSjfm, 67_lag_90_median_traTLS, 67_lag_72_median_stratZ50ndj03, 67_lag_71_median_amo1, 92_lag_ismPRjja, 77_lag_nhSICsep, 75_lag_nhTSjfm, 80_lag_traBO, 67_lag_91_median_amo2, 67_lag_79_median_pdoSSTjfm, 96_lag_traIFC, 67_lag_79_median_traFB, 70_lag_atlSICjfm, 67_lag_70_median_glomaSSTjfm, 67_lag_71_median_amo2, 84_lag_traEC, 67_lag_75_median_traIT, 90_lag_traBO, 90_lag_traWP, 83_lag_mhfATL30_3776_67"
LRforcedPSO,83,30,amoSSTmjjaso,picntrl,1149.5,2050.5,0.4,98,68,68,22.693106265138944,-0.011952752777599347,3776,"['68_lag_69_median_cetTSjfm', '69_lag_eurPSLjfm', '68_lag_70_median_glTSjfm', '68_lag_94_median_nhSICsep', '68_lag_84_median_seurTSjfm', '83_lag_glomaSSTjfm', '68_lag_72_median_stratZ50ndj02', '68_lag_72_median_eurPSLjfm', '81_lag_traIT', '84_lag_nhSICjfm', '78_lag_traTLS', '68_lag_77_median_nhSICsep', '94_lag_ginwSSTjfm', '72_lag_tripol1', '73_lag_neurTSjfm', '94_lag_nppc2SSTjfm', '68_lag_90_median_glomaSSTjfm', '68_lag_82_median_samPSLann', '68_lag_96_median_traMC', '73_lag_traBO', '91_lag_traEC', '70_lag_traDS', '68_lag_91_median_cetTSjfm', '70_lag_naoPSLjfm', '97_lag_nhSICjfm', '68_lag_89_median_traDS', '68_lag_70_median_ormenSSTjfm', '68_lag_93_median_stratZ50ndj01', '93_lag_arcTSjfm', '92_lag_tripol3']","[8.78038487676585, 3.5884367892135423, 2.2435397242016, 0.9872785565375874, 1.5274574455798025, 5.0280886814369925, 3.7677228616098652, 1.6998777755102275, 1.3327994580408635, 3.0400540617756455, 1.5120840813371608, 5.02920302795658, 5.4022399450454905, 6.686405399903716, 4.355881968506187, 0.6578648079159954, 5.3085433395819415, 2.2046399975680897, 0.5438612902657631, 0.8890555397612339, 8.063358829605216, 7.9530952642123465, 5.5132210566187005, 5.712814968862561, 3.178609603050324, 3.231479924152545, 8.673604010065821, 3.593744881841663, 9.211166326096258, 9.181967745204556]","68_lag_69_median_cetTSjfm, 69_lag_eurPSLjfm, 68_lag_70_median_glTSjfm, 68_lag_94_median_nhSICsep, 68_lag_84_median_seurTSjfm, 83_lag_glomaSSTjfm, 68_lag_72_median_stratZ50ndj02, 68_lag_72_median_eurPSLjfm, 81_lag_traIT, 84_lag_nhSICjfm, 78_lag_traTLS, 68_lag_77_median_nhSICsep, 94_lag_ginwSSTjfm, 72_lag_tripol1, 73_lag_neurTSjfm, 94_lag_nppc2SSTjfm, 68_lag_90_median_glomaSSTjfm, 68_lag_82_median_samPSLann, 68_lag_96_median_traMC, 73_lag_traBO, 91_lag_traEC, 70_lag_traDS, 68_lag_91_median_cetTSjfm, 70_lag_naoPSLjfm, 97_lag_nhSICjfm, 68_lag_89_median_traDS, 68_lag_70_median_ormenSSTjfm, 68_lag_93_median_stratZ50ndj01, 93_lag_arcTSjfm, 92_lag_tripol3_3776_68"
LRforcedPSO,84,30,amoSSTmjjaso,picntrl,1150.5,2050.5,0.4,99,69,69,24.804055975330208,-0.009481117259975861,3776,"['96_lag_shSICmar', '93_lag_seurTSjfm', '69_lag_81_median_traBO', '72_lag_cetTSjfm', '89_lag_traBO', '82_lag_atlSICsep', '69_lag_98_median_nppc3SSTjfm', '69_lag_72_median_ismPRjja', '69_lag_98_median_traCA', '69_lag_72_median_stratZ50ndj04', '95_lag_nhSICjfm', '87_lag_shSICmar', '89_lag_traDS', '74_lag_ismPRjja', '69_lag_86_median_mhfATL30', '69_lag_88_median_wnorPRjfm', '69_lag_89_median_traIT', '84_lag_nhTSjfm', '71_lag_mhfATL30', '69_lag_97_median_tripol2', '69_lag_96_median_naoPSLjfm', '69_lag_70_median_traBS', '69_lag_88_median_nppc3SSTjfm', '69_lag_82_median_neurTSjfm', '71_lag_yrvPRjja', '96_lag_tripol3', '69_lag_81_median_shTSjfm', '69_lag_86_median_nppc2SSTjfm', '91_lag_scpPSLjfm', '69_lag_93_median_mhfATL30']","[2.169911043183954, 3.533888961229012, 0.48083492244677295, 5.668395160050732, 5.220825917332023, 5.935968311493449, 6.998015073657557, 7.519535341910526, 6.243524502523005, 1.4144298376580462, 2.8657608657757585, 0.6949535254388799, 8.84144617106709, 6.700930800808258, 0.6732913521878707, 2.968382944823059, 7.109266838261046, 3.2804221863752367, 6.5334737678192685, 7.954553686593984, 1.165774717522229, 6.16852340129455, 3.4664290499856776, 1.0216011864706616, 6.089171205514001, 2.113963424831965, 3.1831557203039607, 0.9208410835120127, 1.7071542167112668, 8.356673807713442]","96_lag_shSICmar, 93_lag_seurTSjfm, 69_lag_81_median_traBO, 72_lag_cetTSjfm, 89_lag_traBO, 82_lag_atlSICsep, 69_lag_98_median_nppc3SSTjfm, 69_lag_72_median_ismPRjja, 69_lag_98_median_traCA, 69_lag_72_median_stratZ50ndj04, 95_lag_nhSICjfm, 87_lag_shSICmar, 89_lag_traDS, 74_lag_ismPRjja, 69_lag_86_median_mhfATL30, 69_lag_88_median_wnorPRjfm, 69_lag_89_median_traIT, 84_lag_nhTSjfm, 71_lag_mhfATL30, 69_lag_97_median_tripol2, 69_lag_96_median_naoPSLjfm, 69_lag_70_median_traBS, 69_lag_88_median_nppc3SSTjfm, 69_lag_82_median_neurTSjfm, 71_lag_yrvPRjja, 96_lag_tripol3, 69_lag_81_median_shTSjfm, 69_lag_86_median_nppc2SSTjfm, 91_lag_scpPSLjfm, 69_lag_93_median_mhfATL30_3776_69"
LRforcedPSO,85,30,amoSSTmjjaso,picntrl,1151.5,2050.5,0.4,100,70,70,27.644251815578805,0.06206185805598791,3776,"['70_lag_83_median_stratZ50ndj01', '70_lag_74_median_ismPRjja', '70_lag_76_median_atlSICjfm', '70_lag_84_median_arcTSjfm', '70_lag_96_median_mhfATL45', '70_lag_81_median_atlSICsep', '93_lag_mhfIP30', '88_lag_traFB', '70_lag_89_median_traMC', '70_lag_78_median_amo1', '70_lag_96_median_AMOCann', '70_lag_83_median_ismPRjja', '99_lag_traBS', '70_lag_73_median_stratZ50ndj04', '88_lag_AMOCann', '79_lag_shTSjfm', '70_lag_78_median_traWP', '70_lag_80_median_traTLS', '70_lag_76_median_nppc3SSTjfm', '84_lag_wnorPRjfm', '70_lag_73_median_traBS', '88_lag_neurTSjfm', '70_lag_88_median_nhTSjfm', '70_lag_91_median_tripol2', '95_lag_mhfIP30', '70_lag_93_median_seurTSjfm', '92_lag_nhSICsep', '70_lag_81_median_nchinaPRjja', '70_lag_98_median_amo3', '80_lag_traDP']","[2.0370858601922492, 2.8917520776531056, 7.592279265072005, 5.702927693384787, 3.692948210636935, 7.525677665603738, 1.0567192523951778, 8.049231593281167, 3.17779537646131, 5.281249888520424, 3.4218382634337274, 3.571959672538881, 4.513137661946709, 3.635899438304966, 0.18108634317361272, 7.741069281984458, 1.8484795493996131, 6.030060047177681, 5.806306355506701, 3.2533004508235646, 4.405984621230051, 2.476442957577378, 0.33077086264892763, 0.9285732002325631, 6.385873671665097, 0.34894941605999996, 8.232880497087153, 8.839289043146215, 8.735067984084717, 8.373594262940578]","70_lag_83_median_stratZ50ndj01, 70_lag_74_median_ismPRjja, 70_lag_76_median_atlSICjfm, 70_lag_84_median_arcTSjfm, 70_lag_96_median_mhfATL45, 70_lag_81_median_atlSICsep, 93_lag_mhfIP30, 88_lag_traFB, 70_lag_89_median_traMC, 70_lag_78_median_amo1, 70_lag_96_median_AMOCann, 70_lag_83_median_ismPRjja, 99_lag_traBS, 70_lag_73_median_stratZ50ndj04, 88_lag_AMOCann, 79_lag_shTSjfm, 70_lag_78_median_traWP, 70_lag_80_median_traTLS, 70_lag_76_median_nppc3SSTjfm, 84_lag_wnorPRjfm, 70_lag_73_median_traBS, 88_lag_neurTSjfm, 70_lag_88_median_nhTSjfm, 70_lag_91_median_tripol2, 95_lag_mhfIP30, 70_lag_93_median_seurTSjfm, 92_lag_nhSICsep, 70_lag_81_median_nchinaPRjja, 70_lag_98_median_amo3, 80_lag_traDP_3776_70"
