model,num_irrelevant,max_allowed_features,target_feature,dataset,year_start,year_end,splitsize,max_lag,init_lag,max_forecast,mae_score,corr_score,n_total_features,selected_feature_list,feature_importances,selected_features
LinearRegression,0,30,traMC,shigh,866.5,2005.5,0.4,15,1,1,12.931632525727455,0.2818150336990827,1755,"['11_lag_amo3', '1_lag_2_median_traMC', '2_lag_traMC', '10_lag_nhSICjfm', '3_lag_shSICsep', '4_lag_traFB', '11_lag_stratZ50ndj03', '3_lag_traIT', '8_lag_ormenSSTjfm', '5_lag_traFB', '6_lag_nppc2SSTjfm', '6_lag_eurPSLjfm', '12_lag_amo3', '7_lag_traBS', '3_lag_mhfIP30', '10_lag_scpPSLjfm', '3_lag_nchinaPRjja', '5_lag_ormenSSTjfm', '10_lag_nppc2SSTjfm', '5_lag_traEU', '11_lag_traFS', '14_lag_ormenSSTjfm', '13_lag_stratZ50ndj02', '11_lag_traTLS', '1_lag_traMC', '9_lag_eapPSLjfm', '8_lag_ginwSSTjfm', '5_lag_traWP', '14_lag_eapPSLjfm', '14_lag_traIT']","[0.025234210966026988, 2163149346618.466, 2163149346618.5037, 0.1277659570123997, 0.02064241966232992, 0.07997801143035643, 0.06504636991817933, 0.02198094018787, 0.062323041089818884, 0.2934284096023633, 0.058888653352515, 0.1280702765384377, 0.006777689544163842, 0.05603615255064094, 0.10451066114424559, 0.037688659398930645, 0.14047675683501834, 0.00811767578125, 0.0706787109375, 0.04583740234375, 0.045166015625, 0.1268310546875, 0.0736541748046875, 0.0680694580078125, 0.1995697021484375, 0.1461181640625, 0.02471923828125, 0.090087890625, 0.08868408203125, 0.148681640625]","11_lag_amo3, 1_lag_2_median_traMC, 2_lag_traMC, 10_lag_nhSICjfm, 3_lag_shSICsep, 4_lag_traFB, 11_lag_stratZ50ndj03, 3_lag_traIT, 8_lag_ormenSSTjfm, 5_lag_traFB, 6_lag_nppc2SSTjfm, 6_lag_eurPSLjfm, 12_lag_amo3, 7_lag_traBS, 3_lag_mhfIP30, 10_lag_scpPSLjfm, 3_lag_nchinaPRjja, 5_lag_ormenSSTjfm, 10_lag_nppc2SSTjfm, 5_lag_traEU, 11_lag_traFS, 14_lag_ormenSSTjfm, 13_lag_stratZ50ndj02, 11_lag_traTLS, 1_lag_traMC, 9_lag_eapPSLjfm, 8_lag_ginwSSTjfm, 5_lag_traWP, 14_lag_eapPSLjfm, 14_lag_traIT_1755_1"
LinearRegression,1,30,traMC,shigh,867.5,2005.5,0.4,16,1,1,12.937129846656223,0.3270230801657647,1885,"['8_lag_traIFC', '15_lag_traMC', '11_lag_amo3', '11_lag_traFS', '9_lag_yrvPRjja', '5_lag_traFB', '11_lag_traIT', '5_lag_ismPRjja', '15_lag_eapPSLjfm', '3_lag_shSICsep', '6_lag_eurPSLjfm', '5_lag_traEU', '6_lag_nppc2SSTjfm', '7_lag_traBS', '14_lag_eapPSLjfm', '1_lag_stratZ50ndj01', '1_lag_2_median_traMC', '2_lag_traMC', '10_lag_nhSICjfm', '15_lag_scpPSLjfm', '9_lag_eapPSLjfm', '3_lag_nchinaPRjja', '15_lag_mhfATL45', '10_lag_scpPSLjfm', '1_lag_traMC', '8_lag_ginwSSTjfm', '11_lag_traTLS', '5_lag_traWP', '15_lag_traEU', '14_lag_traIT']","[0.005224799834234603, 0.009068028821962455, 0.14090121366301683, 0.049326575390741485, 0.08068531502943017, 0.20462483847935414, 0.20933066694863178, 0.09551373973021302, 0.02462248616828613, 0.0017062942420853697, 0.13810349865251959, 0.08075793296949368, 0.058127960875831275, 0.05274793785875152, 0.05328297489767443, 0.07511045865418715, 8869287188803.979, 8869287188804.04, 0.04940192580760658, 0.00848934887750487, 0.1723282343737435, 0.14112741367167717, 0.16265998817995908, 0.03580759520339007, 0.1771559250442996, 0.06343984945437936, 0.09122903372690393, 0.04971650971021715, 0.09105224112137847, 0.13722910618538753]","8_lag_traIFC, 15_lag_traMC, 11_lag_amo3, 11_lag_traFS, 9_lag_yrvPRjja, 5_lag_traFB, 11_lag_traIT, 5_lag_ismPRjja, 15_lag_eapPSLjfm, 3_lag_shSICsep, 6_lag_eurPSLjfm, 5_lag_traEU, 6_lag_nppc2SSTjfm, 7_lag_traBS, 14_lag_eapPSLjfm, 1_lag_stratZ50ndj01, 1_lag_2_median_traMC, 2_lag_traMC, 10_lag_nhSICjfm, 15_lag_scpPSLjfm, 9_lag_eapPSLjfm, 3_lag_nchinaPRjja, 15_lag_mhfATL45, 10_lag_scpPSLjfm, 1_lag_traMC, 8_lag_ginwSSTjfm, 11_lag_traTLS, 5_lag_traWP, 15_lag_traEU, 14_lag_traIT_1885_1"
LinearRegression,2,30,traMC,shigh,868.5,2005.5,0.4,17,1,1,13.133752723073096,0.3083271686505339,2015,"['1_lag_4_median_neurTSjfm', '12_lag_traWP', '3_lag_shSICsep', '8_lag_traIFC', '16_lag_stratZ50ndj02', '14_lag_wnorPRjfm', '15_lag_traBS', '14_lag_nppc2SSTjfm', '16_lag_shSICmar', '15_lag_traDS', '15_lag_scpPSLjfm', '9_lag_eapPSLjfm', '15_lag_eurPSLjfm', '5_lag_traFB', '3_lag_nchinaPRjja', '5_lag_ismPRjja', '8_lag_ginwSSTjfm', '16_lag_traMC', '5_lag_traWP', '7_lag_traBS', '14_lag_eapPSLjfm', '1_lag_traMC', '1_lag_2_median_traMC', '2_lag_traMC', '10_lag_scpPSLjfm', '15_lag_traEU', '10_lag_nhSICjfm', '11_lag_traTLS', '1_lag_stratZ50ndj01', '14_lag_traIT']","[0.033408781774099734, 0.19846107296068372, 0.02497518983978919, 0.013444648013938578, 0.03653995250696049, 0.05465337483000793, 0.04445045322430036, 0.021312130938860925, 0.0663280510493145, 0.10574354674001832, 0.053028315794932925, 0.16073129723102117, 0.030984272668227363, 0.17694051664222382, 0.1376046894106542, 0.09402395707279292, 0.03538746619700764, 0.13154316755734255, 0.03439263657720232, 0.05011511155952328, 0.07687711426665975, 0.17791656267522402, 8204949917333.7, 8204949917333.765, 0.04024514296607449, 0.07187949951260503, 0.05076225332489333, 0.050576213934575426, 0.08105472284098289, 0.11401287472195046]","1_lag_4_median_neurTSjfm, 12_lag_traWP, 3_lag_shSICsep, 8_lag_traIFC, 16_lag_stratZ50ndj02, 14_lag_wnorPRjfm, 15_lag_traBS, 14_lag_nppc2SSTjfm, 16_lag_shSICmar, 15_lag_traDS, 15_lag_scpPSLjfm, 9_lag_eapPSLjfm, 15_lag_eurPSLjfm, 5_lag_traFB, 3_lag_nchinaPRjja, 5_lag_ismPRjja, 8_lag_ginwSSTjfm, 16_lag_traMC, 5_lag_traWP, 7_lag_traBS, 14_lag_eapPSLjfm, 1_lag_traMC, 1_lag_2_median_traMC, 2_lag_traMC, 10_lag_scpPSLjfm, 15_lag_traEU, 10_lag_nhSICjfm, 11_lag_traTLS, 1_lag_stratZ50ndj01, 14_lag_traIT_2015_1"
LinearRegression,3,30,traMC,shigh,869.5,2005.5,0.4,18,1,1,13.014883719381421,0.32028446267712135,2145,"['5_lag_traWP', '17_lag_traMC', '16_lag_stratZ50ndj02', '3_lag_shSICsep', '15_lag_traBS', '14_lag_wnorPRjfm', '12_lag_traWP', '11_lag_stratZ50ndj03', '16_lag_traMC', '15_lag_scpPSLjfm', '3_lag_nchinaPRjja', '1_lag_traMC', '15_lag_eurPSLjfm', '16_lag_shSICmar', '9_lag_eapPSLjfm', '5_lag_traFB', '17_lag_amo3', '5_lag_ismPRjja', '1_lag_samPSLann', '10_lag_scpPSLjfm', '14_lag_eapPSLjfm', '8_lag_ginwSSTjfm', '10_lag_nhSICjfm', '1_lag_stratZ50ndj01', '2_lag_traMC', '1_lag_2_median_traMC', '7_lag_traBS', '15_lag_traEU', '11_lag_traTLS', '14_lag_traIT']","[0.04281718576779643, 0.013677176701077098, 0.0328073915558627, 0.03113575185488834, 0.023822437212083068, 0.06524587507649071, 0.1917614242460048, 0.06450672683674138, 0.12197932912072534, 0.04153780508421296, 0.12614730038822916, 0.1797834970600711, 0.025952290978512194, 0.07218801307533519, 0.15267354738305852, 0.2014173132118894, 0.0894881048772036, 0.08808686675480609, 0.08732621776767618, 0.03188700341742742, 0.08326527920741168, 0.05405768740941566, 0.03636320717574084, 0.06542217499534166, 8254076000663.508, 8254076000663.457, 0.08018323004951586, 0.07886239400724367, 0.05594138937616091, 0.1418891479404558]","5_lag_traWP, 17_lag_traMC, 16_lag_stratZ50ndj02, 3_lag_shSICsep, 15_lag_traBS, 14_lag_wnorPRjfm, 12_lag_traWP, 11_lag_stratZ50ndj03, 16_lag_traMC, 15_lag_scpPSLjfm, 3_lag_nchinaPRjja, 1_lag_traMC, 15_lag_eurPSLjfm, 16_lag_shSICmar, 9_lag_eapPSLjfm, 5_lag_traFB, 17_lag_amo3, 5_lag_ismPRjja, 1_lag_samPSLann, 10_lag_scpPSLjfm, 14_lag_eapPSLjfm, 8_lag_ginwSSTjfm, 10_lag_nhSICjfm, 1_lag_stratZ50ndj01, 2_lag_traMC, 1_lag_2_median_traMC, 7_lag_traBS, 15_lag_traEU, 11_lag_traTLS, 14_lag_traIT_2145_1"
LinearRegression,4,30,traMC,shigh,870.5,2005.5,0.4,19,1,1,13.328570420054481,0.25609828113787814,2275,"['16_lag_shSICmar', '3_lag_shSICsep', '18_lag_eurPSLjfm', '15_lag_traBS', '16_lag_traMC', '9_lag_eapPSLjfm', '4_lag_traFB', '14_lag_wnorPRjfm', '15_lag_scpPSLjfm', '10_lag_stratZ50ndj01', '5_lag_traFB', '16_lag_stratZ50ndj02', '8_lag_scpPSLjfm', '5_lag_ismPRjja', '11_lag_stratZ50ndj03', '17_lag_amo3', '1_lag_samPSLann', '1_lag_stratZ50ndj01', '15_lag_eurPSLjfm', '8_lag_ginwSSTjfm', '10_lag_nhSICjfm', '1_lag_traMC', '10_lag_scpPSLjfm', '7_lag_traBS', '14_lag_eapPSLjfm', '1_lag_2_median_traMC', '2_lag_traMC', '11_lag_traTLS', '15_lag_traEU', '14_lag_traIT']","[0.07812672182463812, 0.013327088667725764, 0.007079169477357884, 0.02065583040302605, 0.1270194804125177, 0.15141242979073927, 0.13292350707140557, 0.05557226643317042, 0.0468147958002217, 0.010494408061694995, 0.28099720699049197, 0.04111801192719352, 0.07700035478930184, 0.09952344796826236, 0.06401069289337145, 0.11489013007551903, 0.08731699689990426, 0.06379081208290639, 0.07041666328378599, 0.05335250496915271, 0.048439486415400274, 0.1908803888081075, 0.02723202565003321, 0.06514157281745185, 0.06546305102753044, 0.011608402189423762, 0.011608402189423762, 0.054182931380110835, 0.07260290532422542, 0.15898016806376422]","16_lag_shSICmar, 3_lag_shSICsep, 18_lag_eurPSLjfm, 15_lag_traBS, 16_lag_traMC, 9_lag_eapPSLjfm, 4_lag_traFB, 14_lag_wnorPRjfm, 15_lag_scpPSLjfm, 10_lag_stratZ50ndj01, 5_lag_traFB, 16_lag_stratZ50ndj02, 8_lag_scpPSLjfm, 5_lag_ismPRjja, 11_lag_stratZ50ndj03, 17_lag_amo3, 1_lag_samPSLann, 1_lag_stratZ50ndj01, 15_lag_eurPSLjfm, 8_lag_ginwSSTjfm, 10_lag_nhSICjfm, 1_lag_traMC, 10_lag_scpPSLjfm, 7_lag_traBS, 14_lag_eapPSLjfm, 1_lag_2_median_traMC, 2_lag_traMC, 11_lag_traTLS, 15_lag_traEU, 14_lag_traIT_2275_1"
LinearRegression,5,30,traMC,shigh,871.5,2005.5,0.4,20,1,1,13.621655533457558,0.18111761129033802,2405,"['1_lag_4_median_traEU', '3_lag_nchinaPRjja', '10_lag_nhSICjfm', '8_lag_ormenSSTjfm', '18_lag_eurPSLjfm', '8_lag_scpPSLjfm', '10_lag_stratZ50ndj01', '16_lag_traEC', '4_lag_traEC', '8_lag_ginwSSTjfm', '14_lag_wnorPRjfm', '5_lag_ismPRjja', '1_lag_samPSLann', '11_lag_stratZ50ndj03', '14_lag_eapPSLjfm', '16_lag_stratZ50ndj02', '6_lag_eurPSLjfm', '1_lag_stratZ50ndj01', '17_lag_amo3', '15_lag_eurPSLjfm', '1_lag_traMC', '5_lag_shSICmar', '19_lag_cetTSjfm', '7_lag_traBS', '11_lag_traTLS', '10_lag_scpPSLjfm', '15_lag_traEU', '2_lag_traMC', '1_lag_2_median_traMC', '14_lag_traIT']","[0.09501572511622426, 0.10384672210289626, 0.09127668545823221, 0.1297720741656517, 0.02902106400407709, 0.08990574431946936, 0.03198401677504263, 0.07144296200436136, 0.08977153686994949, 0.0068791762650887755, 0.060055484771766525, 0.05790172389469888, 0.09122072252331163, 0.0666969345175205, 0.06940347581967928, 0.09038338539103681, 0.07678609454045328, 0.055934378021458335, 0.10952004541875363, 0.06237056515435452, 0.17600610692716445, 0.1653266406790245, 0.05917581410183918, 0.05806146651544141, 0.047049425209203216, 0.03498915312716409, 0.06112211865695285, 12301055900782.78, 12301055900782.738, 0.16367621856690248]","1_lag_4_median_traEU, 3_lag_nchinaPRjja, 10_lag_nhSICjfm, 8_lag_ormenSSTjfm, 18_lag_eurPSLjfm, 8_lag_scpPSLjfm, 10_lag_stratZ50ndj01, 16_lag_traEC, 4_lag_traEC, 8_lag_ginwSSTjfm, 14_lag_wnorPRjfm, 5_lag_ismPRjja, 1_lag_samPSLann, 11_lag_stratZ50ndj03, 14_lag_eapPSLjfm, 16_lag_stratZ50ndj02, 6_lag_eurPSLjfm, 1_lag_stratZ50ndj01, 17_lag_amo3, 15_lag_eurPSLjfm, 1_lag_traMC, 5_lag_shSICmar, 19_lag_cetTSjfm, 7_lag_traBS, 11_lag_traTLS, 10_lag_scpPSLjfm, 15_lag_traEU, 2_lag_traMC, 1_lag_2_median_traMC, 14_lag_traIT_2405_1"
LinearRegression,6,30,traMC,shigh,872.5,2005.5,0.4,21,1,1,13.70477837205913,0.1860164295401561,2535,"['15_lag_eurPSLjfm', '13_lag_tripol3', '12_lag_atlSICjfm', '15_lag_amoSSTmjjaso', '14_lag_traEU', '1_lag_samPSLann', '4_lag_traEC', '9_lag_eapPSLjfm', '1_lag_stratZ50ndj01', '15_lag_scpPSLjfm', '11_lag_stratZ50ndj03', '18_lag_stratZ50ndj03', '8_lag_scpPSLjfm', '5_lag_shSICmar', '8_lag_ormenSSTjfm', '15_lag_eapPSLjfm', '6_lag_eurPSLjfm', '1_lag_traMC', '1_lag_4_median_traEU', '18_lag_eurPSLjfm', '7_lag_traBS', '19_lag_cetTSjfm', '16_lag_stratZ50ndj02', '10_lag_scpPSLjfm', '14_lag_traIT', '20_lag_ginwSSTjfm', '1_lag_2_median_traMC', '2_lag_traMC', '11_lag_traTLS', '15_lag_traEU']","[0.09477817377084047, 0.21498951876945543, 0.11763226941860389, 0.052917489108035884, 0.09123221620925301, 0.07368295395344968, 0.09584392041075081, 0.11641648632164497, 0.06172805516714433, 0.013215544649456894, 0.06727784384672092, 0.050766147656225905, 0.10982180432998187, 0.13011290605512704, 0.12238356745849294, 0.0005071219673011009, 0.09403613865549353, 0.147541094680109, 0.08828181986490444, 0.026368955961292226, 0.07982992675515066, 0.0796085307064254, 0.07851187640704896, 0.029311598567383332, 0.1641759530117589, 0.0494007408683797, 3395571134573.1714, 3395571134573.2344, 0.06426368465547108, 0.06679120181966533]","15_lag_eurPSLjfm, 13_lag_tripol3, 12_lag_atlSICjfm, 15_lag_amoSSTmjjaso, 14_lag_traEU, 1_lag_samPSLann, 4_lag_traEC, 9_lag_eapPSLjfm, 1_lag_stratZ50ndj01, 15_lag_scpPSLjfm, 11_lag_stratZ50ndj03, 18_lag_stratZ50ndj03, 8_lag_scpPSLjfm, 5_lag_shSICmar, 8_lag_ormenSSTjfm, 15_lag_eapPSLjfm, 6_lag_eurPSLjfm, 1_lag_traMC, 1_lag_4_median_traEU, 18_lag_eurPSLjfm, 7_lag_traBS, 19_lag_cetTSjfm, 16_lag_stratZ50ndj02, 10_lag_scpPSLjfm, 14_lag_traIT, 20_lag_ginwSSTjfm, 1_lag_2_median_traMC, 2_lag_traMC, 11_lag_traTLS, 15_lag_traEU_2535_1"
LinearRegression,7,30,traMC,shigh,873.5,2005.5,0.4,22,2,2,13.279763485184397,0.2649627461944241,2535,"['16_lag_traMC', '18_lag_atlSICjfm', '8_lag_ormenSSTjfm', '21_lag_stratZ50ndj01', '9_lag_traMC', '8_lag_scpPSLjfm', '2_lag_ginwSSTjfm', '21_lag_traEC', '15_lag_mhfATL45', '18_lag_stratZ50ndj03', '14_lag_eapPSLjfm', '2_lag_shSICmar', '9_lag_eapPSLjfm', '11_lag_traFS', '18_lag_eurPSLjfm', '7_lag_traBS', '5_lag_shSICmar', '13_lag_tripol3', '15_lag_amoSSTmjjaso', '15_lag_eapPSLjfm', '4_lag_traEC', '14_lag_traEU', '14_lag_traIT', '5_lag_traFB', '19_lag_cetTSjfm', '15_lag_traEU', '20_lag_ginwSSTjfm', '10_lag_scpPSLjfm', '11_lag_traTLS', '2_lag_traMC']","[0.16707372941269694, 0.044700473336517554, 0.15647293174880775, 0.047905582327071934, 0.0019200402977448596, 0.10987314157702782, 0.039318195205619313, 0.06896774044477887, 0.18518710863329402, 0.06338912617119909, 0.06317697836074179, 0.0695571551421121, 0.12349717636989696, 0.015608910613890921, 0.0059291221570250754, 0.11095144196325843, 0.11506549191422326, 0.20449990202123633, 0.01102129131402477, 0.0526224370786541, 0.11112136071716212, 0.10648587450864025, 0.130334886386533, 0.1737486328726669, 0.06926858701168918, 0.09348444582696663, 0.04179550794633562, 0.003933218336059387, 0.02706654919917213, 0.05237491005798041]","16_lag_traMC, 18_lag_atlSICjfm, 8_lag_ormenSSTjfm, 21_lag_stratZ50ndj01, 9_lag_traMC, 8_lag_scpPSLjfm, 2_lag_ginwSSTjfm, 21_lag_traEC, 15_lag_mhfATL45, 18_lag_stratZ50ndj03, 14_lag_eapPSLjfm, 2_lag_shSICmar, 9_lag_eapPSLjfm, 11_lag_traFS, 18_lag_eurPSLjfm, 7_lag_traBS, 5_lag_shSICmar, 13_lag_tripol3, 15_lag_amoSSTmjjaso, 15_lag_eapPSLjfm, 4_lag_traEC, 14_lag_traEU, 14_lag_traIT, 5_lag_traFB, 19_lag_cetTSjfm, 15_lag_traEU, 20_lag_ginwSSTjfm, 10_lag_scpPSLjfm, 11_lag_traTLS, 2_lag_traMC_2535_2"
LinearRegression,8,30,traMC,shigh,874.5,2005.5,0.4,23,3,3,13.895947167424254,0.17568464420610072,2535,"['8_lag_ormenSSTjfm', '15_lag_amoSSTmjjaso', '21_lag_traEC', '5_lag_traEU', '15_lag_mhfATL45', '20_lag_yrvPRjja', '9_lag_eapPSLjfm', '15_lag_traDS', '18_lag_stratZ50ndj03', '3_lag_nchinaPRjja', '18_lag_eurPSLjfm', '11_lag_traFS', '5_lag_shSICmar', '3_lag_traTLS', '14_lag_eapPSLjfm', '14_lag_nchinaPRjja', '7_lag_traBS', '19_lag_cetTSjfm', '14_lag_stratZ50ndj04', '5_lag_traFB', '15_lag_eapPSLjfm', '14_lag_traEU', '22_lag_atlSICsep', '8_lag_scpPSLjfm', '15_lag_traEU', '14_lag_traIT', '10_lag_scpPSLjfm', '20_lag_ginwSSTjfm', '22_lag_stratZ50ndj02', '11_lag_traTLS']","[0.15688076549569435, 0.041064376775896416, 0.08203383750437519, 0.013744016083350644, 0.1903334801260982, 0.08847615199153017, 0.1348642798885903, 0.11307726174188144, 0.032922329244355016, 0.1357589470825961, 0.005328920453195189, 0.026380757105819084, 0.13526962034319512, 0.11915248491232357, 0.0626409517174006, 0.004763916895761041, 0.050314763713066035, 0.0707334331380599, 0.018423593094721816, 0.18146704605801706, 0.04257045977881282, 0.10995387169050373, 0.09127988036478119, 0.08523506396662515, 0.11982161960842967, 0.08179061496463425, 0.027144577685938663, 0.023640570169468765, 0.037388154405816, 0.037024126898341815]","8_lag_ormenSSTjfm, 15_lag_amoSSTmjjaso, 21_lag_traEC, 5_lag_traEU, 15_lag_mhfATL45, 20_lag_yrvPRjja, 9_lag_eapPSLjfm, 15_lag_traDS, 18_lag_stratZ50ndj03, 3_lag_nchinaPRjja, 18_lag_eurPSLjfm, 11_lag_traFS, 5_lag_shSICmar, 3_lag_traTLS, 14_lag_eapPSLjfm, 14_lag_nchinaPRjja, 7_lag_traBS, 19_lag_cetTSjfm, 14_lag_stratZ50ndj04, 5_lag_traFB, 15_lag_eapPSLjfm, 14_lag_traEU, 22_lag_atlSICsep, 8_lag_scpPSLjfm, 15_lag_traEU, 14_lag_traIT, 10_lag_scpPSLjfm, 20_lag_ginwSSTjfm, 22_lag_stratZ50ndj02, 11_lag_traTLS_2535_3"
LinearRegression,9,30,traMC,shigh,875.5,2005.5,0.4,24,4,4,13.378861880121974,0.26559166915061305,2535,"['19_lag_cetTSjfm', '16_lag_traMC', '15_lag_atlSICjfm', '15_lag_amoSSTmjjaso', '15_lag_mhfATL45', '4_lag_traFB', '9_lag_eapPSLjfm', '15_lag_traIFC', '7_lag_traBS', '8_lag_ormenSSTjfm', '20_lag_satlSSTjfm', '20_lag_yrvPRjja', '9_lag_nppc3SSTjfm', '22_lag_satlSSTjfm', '14_lag_traEU', '15_lag_scpPSLjfm', '12_lag_atlSICjfm', '4_lag_ismPRjja', '22_lag_atlSICsep', '14_lag_eapPSLjfm', '15_lag_traEU', '14_lag_nchinaPRjja', '14_lag_stratZ50ndj04', '4_lag_ginwSSTjfm', '20_lag_ginwSSTjfm', '4_lag_traEC', '14_lag_traIT', '22_lag_stratZ50ndj02', '10_lag_scpPSLjfm', '11_lag_traTLS']","[0.10288158086226518, 0.15781569723122496, 0.07687260020417247, 0.07163802230576916, 0.17051289526466232, 0.010885411676928889, 0.1213610974470955, 0.07742592913114876, 0.05359131673741606, 0.13722786556748232, 0.1072864865077518, 0.060547591777856125, 0.1334346515212017, 0.11119521653259615, 0.09546670028521244, 0.0141890814069288, 0.12869583861099296, 0.08374700090105264, 0.0915610158359916, 0.05010220829029352, 0.08745932101323473, 0.04367778929196177, 0.022055124593454937, 0.014409940556249303, 0.028747751741970855, 0.11178982743574277, 0.09031390663022847, 0.026703492434162937, 0.03281457472733103, 0.05086963512008616]","19_lag_cetTSjfm, 16_lag_traMC, 15_lag_atlSICjfm, 15_lag_amoSSTmjjaso, 15_lag_mhfATL45, 4_lag_traFB, 9_lag_eapPSLjfm, 15_lag_traIFC, 7_lag_traBS, 8_lag_ormenSSTjfm, 20_lag_satlSSTjfm, 20_lag_yrvPRjja, 9_lag_nppc3SSTjfm, 22_lag_satlSSTjfm, 14_lag_traEU, 15_lag_scpPSLjfm, 12_lag_atlSICjfm, 4_lag_ismPRjja, 22_lag_atlSICsep, 14_lag_eapPSLjfm, 15_lag_traEU, 14_lag_nchinaPRjja, 14_lag_stratZ50ndj04, 4_lag_ginwSSTjfm, 20_lag_ginwSSTjfm, 4_lag_traEC, 14_lag_traIT, 22_lag_stratZ50ndj02, 10_lag_scpPSLjfm, 11_lag_traTLS_2535_4"
LinearRegression,10,30,traMC,shigh,876.5,2005.5,0.4,25,5,5,13.818036557927854,0.1823441732697624,2535,"['15_lag_atlSICjfm', '22_lag_satlSSTjfm', '16_lag_mhfATL45', '15_lag_traIFC', '12_lag_arcTSjfm', '14_lag_stratZ50ndj04', '14_lag_traEU', '17_lag_ginwSSTjfm', '23_lag_traIT', '22_lag_shSICmar', '15_lag_traEU', '24_lag_amo2', '13_lag_traTLS', '16_lag_ismPRjja', '22_lag_eurPSLjfm', '15_lag_scpPSLjfm', '22_lag_stratZ50ndj02', '8_lag_ormenSSTjfm', '24_lag_nchinaPRjja', '15_lag_eapPSLjfm', '15_lag_mhfATL45', '5_lag_traEU', '12_lag_nhSICsep', '20_lag_ginwSSTjfm', '5_lag_shSICmar', '14_lag_eapPSLjfm', '14_lag_traIT', '10_lag_scpPSLjfm', '5_lag_traFB', '11_lag_traTLS']","[0.07086548071517762, 0.12393094058286008, 0.14074925620436737, 0.11076477204176412, 0.07253471217478187, 0.001067739433214043, 0.08669204071809372, 0.06696422250351815, 0.11038434797224671, 0.12792218717983053, 0.08644665177123394, 0.13360649574320552, 0.06863524548113767, 0.06803194730954067, 0.05650669569382375, 0.008421789060105378, 0.031555349839953, 0.11536677715774994, 0.08767653993108364, 0.06413729713487937, 0.24710942784460435, 0.022418592517770435, 0.10420923307325014, 0.015342560746159015, 0.11371247208341378, 0.06718068725416257, 0.07718893608935018, 0.00547331396600133, 0.15491002628400796, 0.0814480215200744]","15_lag_atlSICjfm, 22_lag_satlSSTjfm, 16_lag_mhfATL45, 15_lag_traIFC, 12_lag_arcTSjfm, 14_lag_stratZ50ndj04, 14_lag_traEU, 17_lag_ginwSSTjfm, 23_lag_traIT, 22_lag_shSICmar, 15_lag_traEU, 24_lag_amo2, 13_lag_traTLS, 16_lag_ismPRjja, 22_lag_eurPSLjfm, 15_lag_scpPSLjfm, 22_lag_stratZ50ndj02, 8_lag_ormenSSTjfm, 24_lag_nchinaPRjja, 15_lag_eapPSLjfm, 15_lag_mhfATL45, 5_lag_traEU, 12_lag_nhSICsep, 20_lag_ginwSSTjfm, 5_lag_shSICmar, 14_lag_eapPSLjfm, 14_lag_traIT, 10_lag_scpPSLjfm, 5_lag_traFB, 11_lag_traTLS_2535_5"
LinearRegression,11,30,traMC,shigh,877.5,2005.5,0.4,26,6,6,13.398375436404704,0.25829513447730096,2535,"['11_lag_traMC', '10_lag_neurTSjfm', '22_lag_satlSSTjfm', '21_lag_scpPSLjfm', '23_lag_nppc3SSTjfm', '19_lag_traFB', '24_lag_stratZ50ndj02', '17_lag_ginwSSTjfm', '14_lag_neurTSjfm', '22_lag_eurPSLjfm', '24_lag_amo2', '20_lag_ginwSSTjfm', '19_lag_mhfATL60', '12_lag_nhSICsep', '15_lag_scpPSLjfm', '22_lag_ensoSSTjfm', '17_lag_stratZ50ndj02', '19_lag_traEC', '6_lag_9_median_traEU', '11_lag_traTLS', '16_lag_ismPRjja', '14_lag_traIT', '15_lag_eapPSLjfm', '15_lag_mhfATL45', '24_lag_nchinaPRjja', '14_lag_eapPSLjfm', '25_lag_traEC', '22_lag_stratZ50ndj02', '10_lag_scpPSLjfm', '13_lag_traTLS']","[0.11904577465136786, 0.03814830685723912, 0.0058655356188245895, 0.07181284674186657, 0.08912457577772463, 0.05829614992422682, 0.09512739704779256, 0.07565308224022585, 0.07614464027199172, 0.04985721810810692, 0.11943990625314416, 0.040933662537893024, 0.08266859509527147, 0.20680775511821897, 0.019071745125535583, 0.0005765549893537203, 0.054657638885334946, 0.0668435704379611, 0.02921238823322969, 0.0300336475667927, 0.0936928723438144, 0.1525329542414827, 0.005573590902297254, 0.13692495796237403, 0.11839078632869823, 0.04304864635235971, 0.12075566422167015, 0.04163448832793188, 0.015431460276253299, 0.07418334687680131]","11_lag_traMC, 10_lag_neurTSjfm, 22_lag_satlSSTjfm, 21_lag_scpPSLjfm, 23_lag_nppc3SSTjfm, 19_lag_traFB, 24_lag_stratZ50ndj02, 17_lag_ginwSSTjfm, 14_lag_neurTSjfm, 22_lag_eurPSLjfm, 24_lag_amo2, 20_lag_ginwSSTjfm, 19_lag_mhfATL60, 12_lag_nhSICsep, 15_lag_scpPSLjfm, 22_lag_ensoSSTjfm, 17_lag_stratZ50ndj02, 19_lag_traEC, 6_lag_9_median_traEU, 11_lag_traTLS, 16_lag_ismPRjja, 14_lag_traIT, 15_lag_eapPSLjfm, 15_lag_mhfATL45, 24_lag_nchinaPRjja, 14_lag_eapPSLjfm, 25_lag_traEC, 22_lag_stratZ50ndj02, 10_lag_scpPSLjfm, 13_lag_traTLS_2535_6"
LinearRegression,12,30,traMC,shigh,878.5,2005.5,0.4,27,7,7,13.628506579252713,0.23326969053832436,2535,"['16_lag_mhfATL60', '23_lag_amo1', '21_lag_scpPSLjfm', '26_lag_mhfATL60', '7_lag_traCA', '17_lag_ginwSSTjfm', '24_lag_satlSSTjfm', '14_lag_neurTSjfm', '15_lag_scpPSLjfm', '26_lag_atlSICsep', '15_lag_traEU', '12_lag_nhSICsep', '20_lag_yrvPRjja', '26_lag_stratZ50ndj01', '10_lag_eapPSLjfm', '22_lag_satlSSTjfm', '14_lag_eapPSLjfm', '24_lag_stratZ50ndj03', '22_lag_eurPSLjfm', '24_lag_amo2', '15_lag_eapPSLjfm', '11_lag_traTLS', '15_lag_mhfATL45', '19_lag_mhfATL60', '16_lag_ismPRjja', '14_lag_traIT', '22_lag_stratZ50ndj02', '10_lag_scpPSLjfm', '25_lag_traEC', '13_lag_traTLS']","[0.09858633833587967, 0.0834011487903281, 0.06893028821298304, 0.1301863037984869, 0.09479733328495762, 0.059003725751508286, 0.03196295771992971, 0.058723320432945925, 0.026014247904173823, 0.027207251697350932, 0.081478239012298, 0.20149853468240295, 0.07221348598030924, 0.06885272980582952, 0.06943377045026301, 0.011289476057671553, 0.07509576076495493, 0.06876419949885643, 0.03856941910456297, 0.12095945155009326, 0.04453960883020462, 0.03622080424478128, 0.22240626539848943, 0.11319125461412069, 0.07552909504620307, 0.16204688567462927, 0.06477062152030048, 0.02044408716198711, 0.10737726030308375, 0.06493354950949921]","16_lag_mhfATL60, 23_lag_amo1, 21_lag_scpPSLjfm, 26_lag_mhfATL60, 7_lag_traCA, 17_lag_ginwSSTjfm, 24_lag_satlSSTjfm, 14_lag_neurTSjfm, 15_lag_scpPSLjfm, 26_lag_atlSICsep, 15_lag_traEU, 12_lag_nhSICsep, 20_lag_yrvPRjja, 26_lag_stratZ50ndj01, 10_lag_eapPSLjfm, 22_lag_satlSSTjfm, 14_lag_eapPSLjfm, 24_lag_stratZ50ndj03, 22_lag_eurPSLjfm, 24_lag_amo2, 15_lag_eapPSLjfm, 11_lag_traTLS, 15_lag_mhfATL45, 19_lag_mhfATL60, 16_lag_ismPRjja, 14_lag_traIT, 22_lag_stratZ50ndj02, 10_lag_scpPSLjfm, 25_lag_traEC, 13_lag_traTLS_2535_7"
LinearRegression,13,30,traMC,shigh,879.5,2005.5,0.4,28,8,8,13.90863639919108,0.22471850060782564,2535,"['17_lag_amo3', '26_lag_stratZ50ndj01', '8_lag_mhfATL30', '14_lag_eapPSLjfm', '22_lag_eurPSLjfm', '20_lag_mhfATL30', '20_lag_ismPRjja', '25_lag_samPSLann', '15_lag_eapPSLjfm', '15_lag_mhfATL45', '24_lag_amo2', '22_lag_satlSSTjfm', '24_lag_nchinaPRjja', '10_lag_scpPSLjfm', '27_lag_nhSICjfm', '19_lag_mhfATL60', '10_lag_eapPSLjfm', '19_lag_traEC', '22_lag_stratZ50ndj02', '12_lag_nhSICsep', '15_lag_traEU', '24_lag_stratZ50ndj03', '21_lag_scpPSLjfm', '26_lag_mhfATL60', '20_lag_yrvPRjja', '26_lag_atlSICsep', '25_lag_traEC', '13_lag_traTLS', '16_lag_ismPRjja', '14_lag_traIT']","[0.00921573792201035, 0.07512076293431252, 0.161752572038077, 0.0418606661755407, 0.05933388884346222, 0.02987607388651881, 0.020476897094704252, 0.05198923634314608, 0.03211847377662177, 0.1570623244269939, 0.09830423615342154, 0.016583612549925707, 0.13506216175965552, 0.0300717777869308, 0.016424548034461868, 0.10674109889903181, 0.09107743111349954, 0.042804559783666124, 0.057971032576672944, 0.21912609360201957, 0.09322837668589899, 0.10291993889522308, 0.07506191072115738, 0.12223686789860097, 0.0887627471823025, 0.028013215373593893, 0.09962442123915656, 0.10490406712934973, 0.0834521789771857, 0.15572004253406377]","17_lag_amo3, 26_lag_stratZ50ndj01, 8_lag_mhfATL30, 14_lag_eapPSLjfm, 22_lag_eurPSLjfm, 20_lag_mhfATL30, 20_lag_ismPRjja, 25_lag_samPSLann, 15_lag_eapPSLjfm, 15_lag_mhfATL45, 24_lag_amo2, 22_lag_satlSSTjfm, 24_lag_nchinaPRjja, 10_lag_scpPSLjfm, 27_lag_nhSICjfm, 19_lag_mhfATL60, 10_lag_eapPSLjfm, 19_lag_traEC, 22_lag_stratZ50ndj02, 12_lag_nhSICsep, 15_lag_traEU, 24_lag_stratZ50ndj03, 21_lag_scpPSLjfm, 26_lag_mhfATL60, 20_lag_yrvPRjja, 26_lag_atlSICsep, 25_lag_traEC, 13_lag_traTLS, 16_lag_ismPRjja, 14_lag_traIT_2535_8"
LinearRegression,14,30,traMC,shigh,880.5,2005.5,0.4,29,9,9,14.029959348442475,0.12631589168441093,2535,"['14_lag_traEU', '14_lag_neurTSjfm', '22_lag_eurPSLjfm', '27_lag_yrvPRjja', '19_lag_traEC', '9_lag_12_median_alpi', '15_lag_mhfATL45', '24_lag_amo2', '11_lag_stratZ50ndj03', '27_lag_nhSICjfm', '18_lag_eurPSLjfm', '27_lag_ginwSSTjfm', '17_lag_stratZ50ndj02', '19_lag_mhfATL60', '24_lag_nchinaPRjja', '14_lag_eapPSLjfm', '17_lag_amo3', '20_lag_ismPRjja', '22_lag_stratZ50ndj02', '20_lag_yrvPRjja', '28_lag_alpi', '28_lag_amo1', '28_lag_cetTSjfm', '24_lag_stratZ50ndj03', '13_lag_traTLS', '25_lag_traEC', '26_lag_mhfATL60', '26_lag_atlSICsep', '14_lag_traIT', '16_lag_ismPRjja']","[0.0904436059719043, 0.08960948744924806, 0.056959896067191255, 0.01694676338351054, 0.07856235360496774, 0.0864082891488487, 0.16301623783440952, 0.17322619974476436, 0.1009241774040891, 0.01564889865631618, 0.004151445343162379, 0.08982437055286875, 0.03467497067728208, 0.059935869857596864, 0.11560941501032616, 0.07645285746327016, 0.04409085114489626, 0.0034704749519690625, 0.04338036424826263, 0.05138887914445845, 0.04591975164084373, 0.13248583227481292, 0.07168265251035273, 0.06293456949248906, 0.04641627619245253, 0.09119102942781071, 0.1361746918440444, 0.00392009337758035, 0.14345881100672972, 0.09471382006806225]","14_lag_traEU, 14_lag_neurTSjfm, 22_lag_eurPSLjfm, 27_lag_yrvPRjja, 19_lag_traEC, 9_lag_12_median_alpi, 15_lag_mhfATL45, 24_lag_amo2, 11_lag_stratZ50ndj03, 27_lag_nhSICjfm, 18_lag_eurPSLjfm, 27_lag_ginwSSTjfm, 17_lag_stratZ50ndj02, 19_lag_mhfATL60, 24_lag_nchinaPRjja, 14_lag_eapPSLjfm, 17_lag_amo3, 20_lag_ismPRjja, 22_lag_stratZ50ndj02, 20_lag_yrvPRjja, 28_lag_alpi, 28_lag_amo1, 28_lag_cetTSjfm, 24_lag_stratZ50ndj03, 13_lag_traTLS, 25_lag_traEC, 26_lag_mhfATL60, 26_lag_atlSICsep, 14_lag_traIT, 16_lag_ismPRjja_2535_9"
LinearRegression,15,30,traMC,shigh,881.5,2005.5,0.4,30,10,10,13.747095267565552,0.1680048972269098,2535,"['27_lag_yrvPRjja', '10_lag_13_median_neurTSjfm', '22_lag_eurPSLjfm', '28_lag_amo1', '12_lag_nhSICsep', '18_lag_stratZ50ndj03', '17_lag_traFB', '12_lag_seurTSjfm', '26_lag_atlSICsep', '23_lag_amo1', '25_lag_ginwSSTjfm', '22_lag_stratZ50ndj02', '13_lag_traTLS', '16_lag_traEC', '14_lag_neurTSjfm', '25_lag_wnorPRjfm', '24_lag_amo2', '29_lag_amoSSTmjjaso', '27_lag_nhSICjfm', '26_lag_mhfATL60', '20_lag_yrvPRjja', '18_lag_eurPSLjfm', '28_lag_cetTSjfm', '27_lag_ginwSSTjfm', '14_lag_eapPSLjfm', '29_lag_ismPRjja', '28_lag_alpi', '14_lag_traIT', '24_lag_stratZ50ndj03', '16_lag_ismPRjja']","[0.016622006300378973, 0.048798305489770884, 0.06114296130459207, 0.16150339517674536, 0.1758022296206284, 0.024965626332249885, 0.21091734767336875, 0.010002012887332741, 0.0028643667989197864, 0.08120778777494331, 0.05815977946190072, 0.058386526485384116, 0.08650803761044133, 0.10075533515708983, 0.047735222370885316, 0.014506617920568248, 0.1800417672949575, 0.05990825790105616, 0.03587078708502118, 0.15233959554875093, 0.029300629021735792, 0.055867901107598684, 0.09632677804715745, 0.10336503062718255, 0.08225447011192338, 0.05175294393889189, 0.028963879536997746, 0.1479180300030281, 0.07006935844120986, 0.10007911273112481]","27_lag_yrvPRjja, 10_lag_13_median_neurTSjfm, 22_lag_eurPSLjfm, 28_lag_amo1, 12_lag_nhSICsep, 18_lag_stratZ50ndj03, 17_lag_traFB, 12_lag_seurTSjfm, 26_lag_atlSICsep, 23_lag_amo1, 25_lag_ginwSSTjfm, 22_lag_stratZ50ndj02, 13_lag_traTLS, 16_lag_traEC, 14_lag_neurTSjfm, 25_lag_wnorPRjfm, 24_lag_amo2, 29_lag_amoSSTmjjaso, 27_lag_nhSICjfm, 26_lag_mhfATL60, 20_lag_yrvPRjja, 18_lag_eurPSLjfm, 28_lag_cetTSjfm, 27_lag_ginwSSTjfm, 14_lag_eapPSLjfm, 29_lag_ismPRjja, 28_lag_alpi, 14_lag_traIT, 24_lag_stratZ50ndj03, 16_lag_ismPRjja_2535_10"
LinearRegression,16,30,traMC,shigh,882.5,2005.5,0.4,31,11,11,13.945750347814103,0.1636385517919813,2535,"['19_lag_cetTSjfm', '24_lag_stratZ50ndj02', '26_lag_mhfATL60', '11_lag_traFS', '19_lag_mhfATL60', '28_lag_amo1', '20_lag_traBS', '26_lag_atlSICsep', '15_lag_mhfATL45', '18_lag_traEC', '28_lag_traEU', '11_lag_14_median_stratZ50ndj03', '18_lag_stratZ50ndj03', '24_lag_amo2', '27_lag_nhSICjfm', '28_lag_cetTSjfm', '14_lag_eapPSLjfm', '20_lag_yrvPRjja', '17_lag_ginwSSTjfm', '24_lag_nchinaPRjja', '28_lag_alpi', '23_lag_amo1', '27_lag_ginwSSTjfm', '25_lag_wnorPRjfm', '14_lag_neurTSjfm', '18_lag_eurPSLjfm', '17_lag_traFB', '16_lag_ismPRjja', '14_lag_traIT', '24_lag_stratZ50ndj03']","[0.07417999594172792, 0.1246101510763653, 0.09228586920202105, 0.03285352927167497, 0.013333184275360038, 0.13511186472981845, 0.04652820709202994, 0.011025178420436476, 0.16254566922460037, 0.05316253829584325, 0.02641159435249291, 0.15441134035762138, 0.0348194273677271, 0.25100566478003866, 0.0007291642734926396, 0.06909365006039542, 0.0947012330389051, 0.052965817457760966, 0.024802252072204052, 0.13621533782933648, 0.04663470195522365, 0.05688385886163233, 0.07227969019964418, 0.002819862458649583, 0.08575944366192247, 0.0419124614834682, 0.17712195736980293, 0.07533629388669112, 0.14964749794834492, 0.06421613841909068]","19_lag_cetTSjfm, 24_lag_stratZ50ndj02, 26_lag_mhfATL60, 11_lag_traFS, 19_lag_mhfATL60, 28_lag_amo1, 20_lag_traBS, 26_lag_atlSICsep, 15_lag_mhfATL45, 18_lag_traEC, 28_lag_traEU, 11_lag_14_median_stratZ50ndj03, 18_lag_stratZ50ndj03, 24_lag_amo2, 27_lag_nhSICjfm, 28_lag_cetTSjfm, 14_lag_eapPSLjfm, 20_lag_yrvPRjja, 17_lag_ginwSSTjfm, 24_lag_nchinaPRjja, 28_lag_alpi, 23_lag_amo1, 27_lag_ginwSSTjfm, 25_lag_wnorPRjfm, 14_lag_neurTSjfm, 18_lag_eurPSLjfm, 17_lag_traFB, 16_lag_ismPRjja, 14_lag_traIT, 24_lag_stratZ50ndj03_2535_11"
LinearRegression,17,30,traMC,shigh,883.5,2005.5,0.4,32,12,12,13.830650459224687,0.20760345684207626,2535,"['30_lag_traMC', '12_lag_atlSICjfm', '19_lag_cetTSjfm', '26_lag_traMC', '23_lag_ismPRjja', '12_lag_mhfIP30', '22_lag_atlSICsep', '27_lag_nhSICjfm', '24_lag_traTLS', '17_lag_traFB', '19_lag_mhfATL60', '24_lag_nchinaPRjja', '12_lag_15_median_traEU', '25_lag_wnorPRjfm', '24_lag_amo2', '16_lag_ismPRjja', '12_lag_stratZ50ndj02', '15_lag_mhfATL45', '18_lag_traEC', '23_lag_amo1', '28_lag_traEU', '14_lag_neurTSjfm', '26_lag_stratZ50ndj01', '20_lag_yrvPRjja', '18_lag_eurPSLjfm', '17_lag_ginwSSTjfm', '27_lag_ginwSSTjfm', '24_lag_stratZ50ndj03', '14_lag_traIT', '12_lag_stratZ50ndj03']","[0.06741894379234539, 0.05372775003276199, 0.08317019385228827, 0.07741450587840985, 0.009482772923412089, 0.10225876769689494, 0.08454039270157249, 0.0026862217665540016, 0.06723289768689182, 0.13953361172879142, 0.0015627457202855388, 0.14850132913488368, 0.21341139479320814, 0.014926638141855604, 0.20246460918549739, 0.06571919286137516, 0.034459671319108355, 0.1610014333827127, 0.07429303980770216, 0.09123208702821695, 0.01421816621490145, 0.08918409019559899, 0.07978133347434538, 0.08184038204775466, 0.021538627830682, 0.039958966588118254, 0.08965464041970075, 0.07418342436327113, 0.10397007481335797, 0.053900350410567545]","30_lag_traMC, 12_lag_atlSICjfm, 19_lag_cetTSjfm, 26_lag_traMC, 23_lag_ismPRjja, 12_lag_mhfIP30, 22_lag_atlSICsep, 27_lag_nhSICjfm, 24_lag_traTLS, 17_lag_traFB, 19_lag_mhfATL60, 24_lag_nchinaPRjja, 12_lag_15_median_traEU, 25_lag_wnorPRjfm, 24_lag_amo2, 16_lag_ismPRjja, 12_lag_stratZ50ndj02, 15_lag_mhfATL45, 18_lag_traEC, 23_lag_amo1, 28_lag_traEU, 14_lag_neurTSjfm, 26_lag_stratZ50ndj01, 20_lag_yrvPRjja, 18_lag_eurPSLjfm, 17_lag_ginwSSTjfm, 27_lag_ginwSSTjfm, 24_lag_stratZ50ndj03, 14_lag_traIT, 12_lag_stratZ50ndj03_2535_12"
LinearRegression,18,30,traMC,shigh,884.5,2005.5,0.4,33,13,13,13.741951928883942,0.16004716033128502,2535,"['23_lag_stratZ50ndj01', '24_lag_cetTSjfm', '22_lag_stratZ50ndj01', '19_lag_cetTSjfm', '13_lag_atlSICsep', '16_lag_neurTSjfm', '19_lag_mhfATL60', '24_lag_traTLS', '22_lag_atlSICsep', '18_lag_traEC', '16_lag_ismPRjja', '27_lag_nhSICjfm', '21_lag_cetTSjfm', '32_lag_seurTSjfm', '32_lag_amo1', '23_lag_amo1', '24_lag_nchinaPRjja', '27_lag_ginwSSTjfm', '32_lag_stratZ50ndj01', '20_lag_stratZ50ndj02', '32_lag_ismPRjja', '26_lag_stratZ50ndj01', '17_lag_atlSICsep', '20_lag_yrvPRjja', '32_lag_mhfATL60', '32_lag_yrvPRjja', '18_lag_eurPSLjfm', '17_lag_ginwSSTjfm', '24_lag_amo2', '24_lag_stratZ50ndj03']","[0.02386864977538738, 0.15694301199677557, 0.0065402568077393, 0.044435205690970384, 0.036385543976016455, 0.10288704333915999, 0.09223717479849251, 0.05303850152051465, 0.10233401436643158, 0.0563353096939413, 0.06889354100641802, 0.05090437609183094, 0.08982206490772633, 0.11493153500409353, 0.17054620679600047, 0.048579327542805244, 0.1743487417857665, 0.11110674595881509, 0.05113289269152066, 0.04562967169121744, 0.06453140391507498, 0.08427774153107132, 0.09570767053349573, 0.05344664307998935, 0.06419954011917953, 0.05579478389415449, 0.0017380922771131346, 0.10947971507287471, 0.16871198883806657, 0.08530652097326966]","23_lag_stratZ50ndj01, 24_lag_cetTSjfm, 22_lag_stratZ50ndj01, 19_lag_cetTSjfm, 13_lag_atlSICsep, 16_lag_neurTSjfm, 19_lag_mhfATL60, 24_lag_traTLS, 22_lag_atlSICsep, 18_lag_traEC, 16_lag_ismPRjja, 27_lag_nhSICjfm, 21_lag_cetTSjfm, 32_lag_seurTSjfm, 32_lag_amo1, 23_lag_amo1, 24_lag_nchinaPRjja, 27_lag_ginwSSTjfm, 32_lag_stratZ50ndj01, 20_lag_stratZ50ndj02, 32_lag_ismPRjja, 26_lag_stratZ50ndj01, 17_lag_atlSICsep, 20_lag_yrvPRjja, 32_lag_mhfATL60, 32_lag_yrvPRjja, 18_lag_eurPSLjfm, 17_lag_ginwSSTjfm, 24_lag_amo2, 24_lag_stratZ50ndj03_2535_13"
LinearRegression,19,30,traMC,shigh,885.5,2005.5,0.4,34,14,14,13.872445479893976,0.13532205021142518,2535,"['17_lag_amo3', '28_lag_yrvPRjja', '19_lag_mhfATL60', '14_lag_neurTSjfm', '21_lag_cetTSjfm', '16_lag_neurTSjfm', '20_lag_stratZ50ndj02', '32_lag_ismPRjja', '28_lag_stratZ50ndj03', '30_lag_traMC', '24_lag_cetTSjfm', '14_lag_shSICsep', '14_lag_atlSICjfm', '20_lag_yrvPRjja', '17_lag_atlSICsep', '33_lag_nchinaPRjja', '27_lag_nhSICjfm', '18_lag_traEC', '14_lag_ormenSSTjfm', '14_lag_traEU', '25_lag_wnorPRjfm', '32_lag_mhfATL60', '24_lag_amo2', '24_lag_stratZ50ndj03', '24_lag_nchinaPRjja', '16_lag_ismPRjja', '32_lag_seurTSjfm', '17_lag_ginwSSTjfm', '32_lag_yrvPRjja', '18_lag_eurPSLjfm']","[0.0762841448034947, 0.051547541251044715, 0.11646276440139978, 0.07636334738639919, 0.10068004837828858, 0.10811859424084022, 0.07100162669083071, 0.08945571041221548, 0.08140589797331794, 0.06754188184550397, 0.1615741904391886, 0.02460258647750631, 0.07128319125776328, 0.05624679848666887, 0.07032736931757831, 0.09418693223700644, 0.10991392805665935, 0.023354712351102414, 0.21406818519558757, 0.12732492974794407, 0.016477698606309047, 0.10551896730976998, 0.17472762563181926, 0.09633671652607786, 0.13353330775861552, 0.08760098475415644, 0.14900791277343942, 0.12505285602540261, 0.0470887993195366, 0.013186706235520783]","17_lag_amo3, 28_lag_yrvPRjja, 19_lag_mhfATL60, 14_lag_neurTSjfm, 21_lag_cetTSjfm, 16_lag_neurTSjfm, 20_lag_stratZ50ndj02, 32_lag_ismPRjja, 28_lag_stratZ50ndj03, 30_lag_traMC, 24_lag_cetTSjfm, 14_lag_shSICsep, 14_lag_atlSICjfm, 20_lag_yrvPRjja, 17_lag_atlSICsep, 33_lag_nchinaPRjja, 27_lag_nhSICjfm, 18_lag_traEC, 14_lag_ormenSSTjfm, 14_lag_traEU, 25_lag_wnorPRjfm, 32_lag_mhfATL60, 24_lag_amo2, 24_lag_stratZ50ndj03, 24_lag_nchinaPRjja, 16_lag_ismPRjja, 32_lag_seurTSjfm, 17_lag_ginwSSTjfm, 32_lag_yrvPRjja, 18_lag_eurPSLjfm_2535_14"
LinearRegression,20,30,traMC,shigh,886.5,2005.5,0.4,35,15,15,14.537010020801238,0.020786729986861072,2535,"['23_lag_samPSLann', '23_lag_amo1', '15_lag_18_median_neurTSjfm', '22_lag_traIFC', '20_lag_neurTSjfm', '28_lag_nhSICsep', '15_lag_traDS', '26_lag_traEU', '28_lag_stratZ50ndj03', '17_lag_amo3', '24_lag_stratZ50ndj02', '20_lag_yrvPRjja', '27_lag_nhSICjfm', '33_lag_mhfATL30', '24_lag_mhfIP30', '17_lag_atlSICsep', '21_lag_scpPSLjfm', '25_lag_traBS', '15_lag_18_median_scpPSLjfm', '22_lag_stratZ50ndj02', '24_lag_nchinaPRjja', '17_lag_ginwSSTjfm', '22_lag_atlSICsep', '32_lag_seurTSjfm', '18_lag_traEC', '32_lag_mhfATL60', '33_lag_nchinaPRjja', '32_lag_yrvPRjja', '18_lag_eurPSLjfm', '25_lag_wnorPRjfm']","[0.0705039161135773, 0.029202089600306066, 0.1820785224965275, 0.1102695280722511, 0.0014665099440943669, 0.14043586339170605, 0.14953771374642175, 0.04557298667605092, 0.07616827151384353, 0.06916421626341418, 0.12053782956476151, 0.042377232684109846, 0.048696777794088805, 0.00305510187815799, 0.03745530066801284, 0.11848576911177977, 0.026623074899192842, 0.057472280826051235, 0.08203946845205462, 0.05723497480526381, 0.11896369748014105, 0.12860699278087226, 0.05333763715765291, 0.13712785389821283, 0.05777299775175468, 0.06401093354929585, 0.04925103355356269, 0.020069640725551268, 0.016719859220046845, 0.014540452191177906]","23_lag_samPSLann, 23_lag_amo1, 15_lag_18_median_neurTSjfm, 22_lag_traIFC, 20_lag_neurTSjfm, 28_lag_nhSICsep, 15_lag_traDS, 26_lag_traEU, 28_lag_stratZ50ndj03, 17_lag_amo3, 24_lag_stratZ50ndj02, 20_lag_yrvPRjja, 27_lag_nhSICjfm, 33_lag_mhfATL30, 24_lag_mhfIP30, 17_lag_atlSICsep, 21_lag_scpPSLjfm, 25_lag_traBS, 15_lag_18_median_scpPSLjfm, 22_lag_stratZ50ndj02, 24_lag_nchinaPRjja, 17_lag_ginwSSTjfm, 22_lag_atlSICsep, 32_lag_seurTSjfm, 18_lag_traEC, 32_lag_mhfATL60, 33_lag_nchinaPRjja, 32_lag_yrvPRjja, 18_lag_eurPSLjfm, 25_lag_wnorPRjfm_2535_15"
LinearRegression,21,30,traMC,shigh,887.5,2005.5,0.4,36,16,16,13.781186413386697,0.1052640066693876,2535,"['34_lag_ormenSSTjfm', '27_lag_ginwSSTjfm', '17_lag_ginwSSTjfm', '16_lag_17_median_ginwSSTjfm', '35_lag_satlSSTjfm', '16_lag_ismPRjja', '25_lag_traDS', '22_lag_atlSICsep', '32_lag_traIFC', '23_lag_amo1', '25_lag_traBS', '35_lag_eurPSLjfm', '16_lag_ginwSSTjfm', '32_lag_ismPRjja', '28_lag_nhSICsep', '18_lag_eurPSLjfm', '16_lag_scpPSLjfm', '16_lag_gyreSSTjfm', '23_lag_samPSLann', '18_lag_traEC', '30_lag_traMC', '22_lag_stratZ50ndj02', '24_lag_mhfIP30', '33_lag_nchinaPRjja', '28_lag_stratZ50ndj03', '27_lag_nhSICjfm', '33_lag_mhfATL30', '34_lag_nppc3SSTjfm', '16_lag_stratZ50ndj02', '25_lag_wnorPRjfm']","[0.005366445644235249, 0.10253945202918816, 1762812189813.3562, 1762812189813.2593, 0.08273554584150135, 0.06777727706007176, 0.10945911336717071, 0.07655954908631364, 0.018506370579237198, 0.03972152702098434, 0.07074111990356124, 0.004433872683574437, 0.0781625601510353, 0.05017294233059673, 0.13782829552562564, 0.003813592831635135, 0.05177751645424583, 0.03741771561030294, 0.05954952341065417, 0.06594104302370091, 0.09678476876457658, 0.05230878030027193, 0.024351878211704543, 0.0785338937872701, 0.08131220139742619, 0.010525059142084119, 0.0646181443780876, 0.11956293224855429, 0.04195974132453181, 0.05709675637946038]","34_lag_ormenSSTjfm, 27_lag_ginwSSTjfm, 17_lag_ginwSSTjfm, 16_lag_17_median_ginwSSTjfm, 35_lag_satlSSTjfm, 16_lag_ismPRjja, 25_lag_traDS, 22_lag_atlSICsep, 32_lag_traIFC, 23_lag_amo1, 25_lag_traBS, 35_lag_eurPSLjfm, 16_lag_ginwSSTjfm, 32_lag_ismPRjja, 28_lag_nhSICsep, 18_lag_eurPSLjfm, 16_lag_scpPSLjfm, 16_lag_gyreSSTjfm, 23_lag_samPSLann, 18_lag_traEC, 30_lag_traMC, 22_lag_stratZ50ndj02, 24_lag_mhfIP30, 33_lag_nchinaPRjja, 28_lag_stratZ50ndj03, 27_lag_nhSICjfm, 33_lag_mhfATL30, 34_lag_nppc3SSTjfm, 16_lag_stratZ50ndj02, 25_lag_wnorPRjfm_2535_16"
LinearRegression,22,30,traMC,shigh,888.5,2005.5,0.4,37,17,17,13.729809465922537,0.12092405172570957,2535,"['17_lag_ismPRjja', '31_lag_mhfATL30', '36_lag_mhfATL30', '17_lag_eurPSLjfm', '34_lag_ormenSSTjfm', '25_lag_traBS', '25_lag_traDS', '17_lag_20_median_alpi', '17_lag_traFB', '31_lag_nhSICjfm', '33_lag_nchinaPRjja', '23_lag_nppc3SSTjfm', '23_lag_amo1', '17_lag_amoSSTmjjaso', '30_lag_traMC', '28_lag_nhSICsep', '24_lag_mhfIP30', '26_lag_traBS', '35_lag_traFS', '33_lag_mhfATL30', '28_lag_traEU', '32_lag_cetTSjfm', '25_lag_wnorPRjfm', '22_lag_atlSICsep', '28_lag_stratZ50ndj03', '32_lag_ismPRjja', '34_lag_nppc3SSTjfm', '17_lag_ginwSSTjfm', '22_lag_stratZ50ndj02', '36_lag_traFB']","[0.014851377181196269, 0.07948629271202384, 0.08076750031901321, 0.04663232639953727, 0.010710542659515024, 0.07566690755398356, 0.0832505544245621, 0.07594624398001941, 0.11815635373303804, 0.1151425772063359, 0.055187137682315916, 0.12732509213493565, 0.0243880912740496, 0.12076074251665703, 0.06524079568144221, 0.11225702056493037, 0.03231478548214052, 0.01384766314872974, 0.10124791414730715, 0.06741715897280158, 0.018724627800166496, 0.12592185107374804, 0.03243225302195647, 0.08394155766203423, 0.08340632559725958, 0.05157738564987822, 0.1331580991943683, 0.13061451531206175, 0.05127348428508715, 0.03131215795962657]","17_lag_ismPRjja, 31_lag_mhfATL30, 36_lag_mhfATL30, 17_lag_eurPSLjfm, 34_lag_ormenSSTjfm, 25_lag_traBS, 25_lag_traDS, 17_lag_20_median_alpi, 17_lag_traFB, 31_lag_nhSICjfm, 33_lag_nchinaPRjja, 23_lag_nppc3SSTjfm, 23_lag_amo1, 17_lag_amoSSTmjjaso, 30_lag_traMC, 28_lag_nhSICsep, 24_lag_mhfIP30, 26_lag_traBS, 35_lag_traFS, 33_lag_mhfATL30, 28_lag_traEU, 32_lag_cetTSjfm, 25_lag_wnorPRjfm, 22_lag_atlSICsep, 28_lag_stratZ50ndj03, 32_lag_ismPRjja, 34_lag_nppc3SSTjfm, 17_lag_ginwSSTjfm, 22_lag_stratZ50ndj02, 36_lag_traFB_2535_17"
LinearRegression,23,30,traMC,shigh,889.5,2005.5,0.4,38,18,18,13.971528078578682,0.026007973438835263,2535,"['26_lag_traBS', '35_lag_shSICmar', '23_lag_nppc3SSTjfm', '37_lag_eurPSLjfm', '24_lag_nhSICsep', '24_lag_nchinaPRjja', '34_lag_traEC', '25_lag_traBS', '24_lag_cetTSjfm', '37_lag_tripol3', '28_lag_alpi', '24_lag_traIFC', '33_lag_mhfATL30', '29_lag_ginwSSTjfm', '31_lag_mhfATL30', '28_lag_stratZ50ndj03', '28_lag_traEU', '35_lag_traFS', '22_lag_stratZ50ndj02', '18_lag_traEC', '36_lag_traFB', '25_lag_ginwSSTjfm', '28_lag_nhSICsep', '36_lag_mhfATL30', '37_lag_traMC', '32_lag_ismPRjja', '25_lag_wnorPRjfm', '34_lag_nppc3SSTjfm', '32_lag_cetTSjfm', '37_lag_shSICmar']","[0.03046613645748054, 0.021631310749436947, 0.09991671084944002, 0.06601105642775405, 0.12103252453417775, 0.128805945452753, 0.11908894021975377, 0.056526575212613346, 0.16504691559142332, 0.048305864673985864, 0.017386231155606273, 0.020270392388230904, 0.06368641052297667, 0.012086943850949527, 0.18894096501416394, 0.07728408624027519, 0.047054064590991845, 0.1124968420216547, 0.026782377906479204, 0.045159280073967, 0.009881638998574818, 0.007426937694259416, 0.10557823051551375, 0.06823169665046265, 0.0315474077679425, 0.030433635421238135, 0.014497001574625183, 0.11982590064270027, 0.0974153815117542, 0.0775618621307885]","26_lag_traBS, 35_lag_shSICmar, 23_lag_nppc3SSTjfm, 37_lag_eurPSLjfm, 24_lag_nhSICsep, 24_lag_nchinaPRjja, 34_lag_traEC, 25_lag_traBS, 24_lag_cetTSjfm, 37_lag_tripol3, 28_lag_alpi, 24_lag_traIFC, 33_lag_mhfATL30, 29_lag_ginwSSTjfm, 31_lag_mhfATL30, 28_lag_stratZ50ndj03, 28_lag_traEU, 35_lag_traFS, 22_lag_stratZ50ndj02, 18_lag_traEC, 36_lag_traFB, 25_lag_ginwSSTjfm, 28_lag_nhSICsep, 36_lag_mhfATL30, 37_lag_traMC, 32_lag_ismPRjja, 25_lag_wnorPRjfm, 34_lag_nppc3SSTjfm, 32_lag_cetTSjfm, 37_lag_shSICmar_2535_18"
LinearRegression,24,30,traMC,shigh,890.5,2005.5,0.4,39,19,19,13.845167266425662,0.01818821537845771,2535,"['23_lag_amo1', '25_lag_scpPSLjfm', '22_lag_eurPSLjfm', '22_lag_yrvPRjja', '38_lag_traMC', '22_lag_traFB', '28_lag_traEU', '38_lag_traFB', '25_lag_traBS', '24_lag_cetTSjfm', '32_lag_mhfATL60', '33_lag_mhfATL30', '37_lag_tripol3', '22_lag_traWP', '35_lag_traFS', '23_lag_nppc3SSTjfm', '26_lag_traBS', '24_lag_traIFC', '24_lag_mhfIP30', '36_lag_traFB', '24_lag_nhSICsep', '36_lag_mhfATL30', '37_lag_traMC', '25_lag_ginwSSTjfm', '19_lag_seurTSjfm', '32_lag_ismPRjja', '25_lag_wnorPRjfm', '34_lag_nppc3SSTjfm', '32_lag_cetTSjfm', '37_lag_shSICmar']","[0.026500081529318015, 0.0017278073648309203, 0.03071982068492954, 0.08467243556039027, 0.01434538923501953, 0.13124050009409272, 0.018492446179553396, 0.1317571465687316, 0.04895139757394722, 0.155156283432706, 0.06983929680586662, 0.03239820722528015, 0.044709905654900954, 0.039748218887715084, 0.10618407403108371, 0.12865373589246842, 0.02534775341925041, 0.01411315110696461, 0.06691531727176725, 0.011689568156520077, 0.14220495008482942, 0.04560645842070174, 0.03129948550440497, 0.0066439420112151095, 0.0320873157502122, 0.049060265052659584, 0.019403424232325054, 0.1457032694254256, 0.08757935338668563, 0.08367426228624558]","23_lag_amo1, 25_lag_scpPSLjfm, 22_lag_eurPSLjfm, 22_lag_yrvPRjja, 38_lag_traMC, 22_lag_traFB, 28_lag_traEU, 38_lag_traFB, 25_lag_traBS, 24_lag_cetTSjfm, 32_lag_mhfATL60, 33_lag_mhfATL30, 37_lag_tripol3, 22_lag_traWP, 35_lag_traFS, 23_lag_nppc3SSTjfm, 26_lag_traBS, 24_lag_traIFC, 24_lag_mhfIP30, 36_lag_traFB, 24_lag_nhSICsep, 36_lag_mhfATL30, 37_lag_traMC, 25_lag_ginwSSTjfm, 19_lag_seurTSjfm, 32_lag_ismPRjja, 25_lag_wnorPRjfm, 34_lag_nppc3SSTjfm, 32_lag_cetTSjfm, 37_lag_shSICmar_2535_19"
LinearRegression,25,30,traMC,shigh,891.5,2005.5,0.4,40,20,22,14.008200931174187,0.010729566737240508,2535,"['28_lag_nhSICsep', '31_lag_mhfATL30', '39_lag_gyreSSTjfm', '35_lag_mhfATL30', '37_lag_tripol3', '34_lag_seurTSjfm', '28_lag_cetTSjfm', '32_lag_mhfATL60', '35_lag_traFS', '25_lag_ginwSSTjfm', '22_lag_traFB', '26_lag_stratZ50ndj04', '24_lag_mhfIP30', '24_lag_traIFC', '27_lag_ginwSSTjfm', '33_lag_atlSICsep', '36_lag_mhfATL30', '31_lag_yrvPRjja', '25_lag_traIFC', '34_lag_nppc3SSTjfm', '25_lag_traBS', '24_lag_nchinaPRjja', '22_lag_traWP', '33_lag_mhfATL30', '38_lag_traFB', '36_lag_traFB', '32_lag_cetTSjfm', '37_lag_shSICmar', '25_lag_wnorPRjfm', '32_lag_ismPRjja']","[0.13088632180168053, 0.10590559206128664, 0.0324030973328645, 0.12412232407735838, 0.019546546174223016, 0.026987502047738525, 0.07970445459507368, 0.12511099359379158, 0.08669879250138272, 0.013709709276750305, 0.10353378621988475, 0.07725002561906343, 0.06064161041976979, 0.09533776937209346, 0.13288684066433476, 0.12603334264643054, 0.03576839124495245, 0.03893763490831431, 0.07245707533393592, 0.10671168098815594, 0.07684508142562972, 0.13908451670794475, 0.07428809571865126, 0.0640652592773206, 0.1378562530147782, 0.08151702111332021, 0.08115651537770316, 0.08218167473633933, 0.01442325951778061, 0.04215022906745632]","28_lag_nhSICsep, 31_lag_mhfATL30, 39_lag_gyreSSTjfm, 35_lag_mhfATL30, 37_lag_tripol3, 34_lag_seurTSjfm, 28_lag_cetTSjfm, 32_lag_mhfATL60, 35_lag_traFS, 25_lag_ginwSSTjfm, 22_lag_traFB, 26_lag_stratZ50ndj04, 24_lag_mhfIP30, 24_lag_traIFC, 27_lag_ginwSSTjfm, 33_lag_atlSICsep, 36_lag_mhfATL30, 31_lag_yrvPRjja, 25_lag_traIFC, 34_lag_nppc3SSTjfm, 25_lag_traBS, 24_lag_nchinaPRjja, 22_lag_traWP, 33_lag_mhfATL30, 38_lag_traFB, 36_lag_traFB, 32_lag_cetTSjfm, 37_lag_shSICmar, 25_lag_wnorPRjfm, 32_lag_ismPRjja_2535_22"
LinearRegression,26,30,traMC,shigh,892.5,2005.5,0.4,41,21,23,14.501980789019912,-0.09269543782305013,2535,"['35_lag_traFS', '28_lag_amo1', '25_lag_ginwSSTjfm', '34_lag_nppc3SSTjfm', '28_lag_atlSICjfm', '35_lag_mhfATL30', '40_lag_atlSICjfm', '26_lag_stratZ50ndj04', '25_lag_traIFC', '28_lag_traEU', '23_lag_amo1', '40_lag_ormenSSTjfm', '34_lag_seurTSjfm', '40_lag_nhSICsep', '37_lag_shSICmar', '30_lag_traEU', '25_lag_traBS', '33_lag_mhfATL30', '27_lag_ginwSSTjfm', '28_lag_cetTSjfm', '36_lag_mhfATL30', '38_lag_traFB', '24_lag_nchinaPRjja', '24_lag_traIFC', '26_lag_arcTSjfm', '25_lag_wnorPRjfm', '32_lag_cetTSjfm', '40_lag_mhfATL30', '31_lag_yrvPRjja', '32_lag_ismPRjja']","[0.07598904225967609, 0.15386899730485007, 0.01731259132099996, 0.1545097815030379, 0.10709200473133186, 0.09338035988675801, 0.04582257319969164, 0.038929769219907186, 0.05852411097994241, 0.000471035653251354, 0.08062960235223861, 0.016758455376668667, 0.008572518100288001, 0.14293457346228863, 0.08174422581742158, 0.03470249748951372, 0.06172444113221249, 0.090943072981789, 0.09803155563158525, 0.08519898532727288, 0.0923233191761787, 0.13969570106258666, 0.1111633217655923, 0.07686711618102492, 0.06751104082779652, 0.005124847352901746, 0.12539128286889245, 0.09860401616239546, 0.06737424841054579, 0.027178110892922328]","35_lag_traFS, 28_lag_amo1, 25_lag_ginwSSTjfm, 34_lag_nppc3SSTjfm, 28_lag_atlSICjfm, 35_lag_mhfATL30, 40_lag_atlSICjfm, 26_lag_stratZ50ndj04, 25_lag_traIFC, 28_lag_traEU, 23_lag_amo1, 40_lag_ormenSSTjfm, 34_lag_seurTSjfm, 40_lag_nhSICsep, 37_lag_shSICmar, 30_lag_traEU, 25_lag_traBS, 33_lag_mhfATL30, 27_lag_ginwSSTjfm, 28_lag_cetTSjfm, 36_lag_mhfATL30, 38_lag_traFB, 24_lag_nchinaPRjja, 24_lag_traIFC, 26_lag_arcTSjfm, 25_lag_wnorPRjfm, 32_lag_cetTSjfm, 40_lag_mhfATL30, 31_lag_yrvPRjja, 32_lag_ismPRjja_2535_23"
LinearRegression,27,30,traMC,shigh,893.5,2005.5,0.4,42,22,22,14.09574064395956,0.030306753998812212,2535,"['30_lag_neurTSjfm', '36_lag_traMC', '26_lag_arcTSjfm', '38_lag_traFB', '37_lag_traMC', '22_lag_23_median_amo1', '23_lag_amo1', '35_lag_mhfATL30', '37_lag_atlSICjfm', '34_lag_nppc3SSTjfm', '29_lag_mhfIP30', '40_lag_mhfATL30', '29_lag_traEU', '32_lag_mhfATL60', '22_lag_traFB', '36_lag_ormenSSTjfm', '34_lag_scpPSLjfm', '40_lag_ormenSSTjfm', '25_lag_ginwSSTjfm', '25_lag_wnorPRjfm', '40_lag_nhSICsep', '25_lag_traIFC', '28_lag_cetTSjfm', '31_lag_yrvPRjja', '22_lag_eurPSLjfm', '40_lag_atlSICjfm', '36_lag_mhfATL30', '22_lag_yrvPRjja', '24_lag_nchinaPRjja', '32_lag_ismPRjja']","[0.04058149828738422, 0.08885583210247797, 0.07952675837517499, 0.11556801942598516, 0.047185072937840064, 3903769757876.0166, 3903769757875.9707, 0.11722401128102745, 0.11605824497555986, 0.11842926709290671, 0.08553985893902943, 0.12696970340838046, 0.047211882165269704, 0.13391557894798603, 0.06605237800260128, 0.017277228037660356, 0.05145837297608897, 0.015477064295702957, 0.016514798169124684, 0.0051639447145722765, 0.16288273383085267, 0.0013342566623500071, 0.09109404928945278, 0.04964212144282364, 0.05201999398823165, 0.014110174553090082, 0.12155610179286835, 0.10719531031444912, 0.11516549588926485, 0.06852262251981478]","30_lag_neurTSjfm, 36_lag_traMC, 26_lag_arcTSjfm, 38_lag_traFB, 37_lag_traMC, 22_lag_23_median_amo1, 23_lag_amo1, 35_lag_mhfATL30, 37_lag_atlSICjfm, 34_lag_nppc3SSTjfm, 29_lag_mhfIP30, 40_lag_mhfATL30, 29_lag_traEU, 32_lag_mhfATL60, 22_lag_traFB, 36_lag_ormenSSTjfm, 34_lag_scpPSLjfm, 40_lag_ormenSSTjfm, 25_lag_ginwSSTjfm, 25_lag_wnorPRjfm, 40_lag_nhSICsep, 25_lag_traIFC, 28_lag_cetTSjfm, 31_lag_yrvPRjja, 22_lag_eurPSLjfm, 40_lag_atlSICjfm, 36_lag_mhfATL30, 22_lag_yrvPRjja, 24_lag_nchinaPRjja, 32_lag_ismPRjja_2535_22"
LinearRegression,28,30,traMC,shigh,894.5,2005.5,0.4,43,23,23,14.207467630993838,-0.024367801028811368,2535,"['35_lag_mhfATL30', '29_lag_mhfIP30', '34_lag_traEC', '37_lag_shSICmar', '25_lag_scpPSLjfm', '40_lag_ormenSSTjfm', '36_lag_ormenSSTjfm', '37_lag_traMC', '40_lag_atlSICjfm', '34_lag_seurTSjfm', '25_lag_wnorPRjfm', '42_lag_stratZ50ndj02', '23_lag_amo1', '36_lag_traMC', '37_lag_atlSICjfm', '32_lag_mhfATL60', '41_lag_traEC', '30_lag_neurTSjfm', '28_lag_traIFC', '39_lag_mhfIP30', '40_lag_nhSICsep', '28_lag_cetTSjfm', '31_lag_yrvPRjja', '42_lag_stratZ50ndj03', '36_lag_mhfATL30', '42_lag_eurPSLjfm', '42_lag_stratZ50ndj01', '29_lag_traEU', '41_lag_shSICmar', '32_lag_ismPRjja']","[0.11680563339880246, 0.10405928206784766, 0.1608872915488649, 0.10035429744238536, 0.020439622975263694, 0.01774568111994203, 0.03087579396841646, 0.03084565040667099, 0.011736652014284999, 0.06760198366753563, 0.011091970129543135, 0.07948854442411642, 0.04218832684412338, 0.08492197919002385, 0.11170858988327849, 0.09528168269105176, 0.09594166451408274, 0.05238410811556404, 0.03511785651513927, 0.0635540119200011, 0.15709875658141717, 0.12137734704022829, 0.037084919936283885, 0.09303186616102234, 0.09098262621971831, 0.09341930467973905, 0.06995467370811251, 0.06815729154102167, 0.0722895856518649, 0.05363521820543949]","35_lag_mhfATL30, 29_lag_mhfIP30, 34_lag_traEC, 37_lag_shSICmar, 25_lag_scpPSLjfm, 40_lag_ormenSSTjfm, 36_lag_ormenSSTjfm, 37_lag_traMC, 40_lag_atlSICjfm, 34_lag_seurTSjfm, 25_lag_wnorPRjfm, 42_lag_stratZ50ndj02, 23_lag_amo1, 36_lag_traMC, 37_lag_atlSICjfm, 32_lag_mhfATL60, 41_lag_traEC, 30_lag_neurTSjfm, 28_lag_traIFC, 39_lag_mhfIP30, 40_lag_nhSICsep, 28_lag_cetTSjfm, 31_lag_yrvPRjja, 42_lag_stratZ50ndj03, 36_lag_mhfATL30, 42_lag_eurPSLjfm, 42_lag_stratZ50ndj01, 29_lag_traEU, 41_lag_shSICmar, 32_lag_ismPRjja_2535_23"
LinearRegression,29,30,traMC,shigh,895.5,2005.5,0.4,44,24,24,14.09976576476562,0.032512246982014284,2535,"['42_lag_eurPSLjfm', '27_lag_traTLS', '32_lag_seurTSjfm', '43_lag_traFSC', '37_lag_shSICmar', '40_lag_ormenSSTjfm', '38_lag_traMC', '30_lag_scpPSLjfm', '31_lag_nchinaPRjja', '34_lag_nppc3SSTjfm', '28_lag_traIFC', '24_lag_nchinaPRjja', '43_lag_traEU', '36_lag_satlSSTjfm', '40_lag_nhSICsep', '29_lag_mhfIP30', '37_lag_atlSICjfm', '36_lag_ormenSSTjfm', '31_lag_yrvPRjja', '24_lag_27_median_alpi', '36_lag_mhfATL30', '40_lag_atlSICjfm', '28_lag_stratZ50ndj03', '39_lag_mhfIP30', '42_lag_stratZ50ndj03', '29_lag_traEU', '28_lag_cetTSjfm', '42_lag_stratZ50ndj01', '41_lag_shSICmar', '32_lag_ismPRjja']","[0.07214389795135953, 0.030041829608075766, 0.1484536765443829, 0.08778467737601468, 0.10736189313953848, 0.006398268814507035, 0.02699920369138127, 0.05769817906784771, 0.010161742780794967, 0.10180878452439814, 0.023086646193949355, 0.0977921071568463, 0.0822078565211857, 0.0461844001270702, 0.15201259913264584, 0.07872334648927923, 0.10406903211709291, 0.04234195083010255, 0.05384747338991002, 0.03270570899351521, 0.06600751430828522, 0.004705503562584342, 0.029827952516243112, 0.08112256772932107, 0.09694905664878922, 0.040015540327780694, 0.1128114607810726, 0.09436865075419262, 0.06902782933865859, 0.07436443670361141]","42_lag_eurPSLjfm, 27_lag_traTLS, 32_lag_seurTSjfm, 43_lag_traFSC, 37_lag_shSICmar, 40_lag_ormenSSTjfm, 38_lag_traMC, 30_lag_scpPSLjfm, 31_lag_nchinaPRjja, 34_lag_nppc3SSTjfm, 28_lag_traIFC, 24_lag_nchinaPRjja, 43_lag_traEU, 36_lag_satlSSTjfm, 40_lag_nhSICsep, 29_lag_mhfIP30, 37_lag_atlSICjfm, 36_lag_ormenSSTjfm, 31_lag_yrvPRjja, 24_lag_27_median_alpi, 36_lag_mhfATL30, 40_lag_atlSICjfm, 28_lag_stratZ50ndj03, 39_lag_mhfIP30, 42_lag_stratZ50ndj03, 29_lag_traEU, 28_lag_cetTSjfm, 42_lag_stratZ50ndj01, 41_lag_shSICmar, 32_lag_ismPRjja_2535_24"
LinearRegression,30,30,traMC,shigh,896.5,2005.5,0.4,45,25,25,13.869380586413156,0.06340040195082276,2535,"['25_lag_atlSICsep', '40_lag_nhSICsep', '28_lag_cetTSjfm', '33_lag_alpi', '25_lag_traBS', '34_lag_traEU', '27_lag_traTLS', '35_lag_mhfATL30', '30_lag_neurTSjfm', '40_lag_ormenSSTjfm', '33_lag_nhSICsep', '36_lag_satlSSTjfm', '28_lag_traIFC', '31_lag_yrvPRjja', '36_lag_mhfATL30', '28_lag_stratZ50ndj03', '37_lag_traMC', '39_lag_mhfIP30', '25_lag_scpPSLjfm', '34_lag_nppc3SSTjfm', '29_lag_traEU', '25_lag_traIT', '36_lag_ormenSSTjfm', '43_lag_traEU', '44_lag_satlSSTjfm', '42_lag_stratZ50ndj03', '44_lag_shSICmar', '42_lag_stratZ50ndj01', '41_lag_shSICmar', '32_lag_ismPRjja']","[0.0702675756403296, 0.1185728396411524, 0.0756176752488844, 0.0385120700407272, 0.049363592156508894, 0.03516835361642215, 0.07110902069417925, 0.10234269740891049, 0.016034428800469774, 0.055728714545762, 0.20102681859926863, 0.02738357890244553, 0.013979654987644835, 0.0691649011778711, 0.0731467163243143, 0.04693819311143672, 0.028518466268574596, 0.07817636498973225, 0.019603635002902596, 0.09107214186827658, 0.056056591870896184, 0.06432184012397635, 0.08029855986732413, 0.07746027412502358, 0.07161316171225207, 0.09312252727779616, 0.09529278582459016, 0.06080428909918662, 0.002701925872425647, 0.05500111540268837]","25_lag_atlSICsep, 40_lag_nhSICsep, 28_lag_cetTSjfm, 33_lag_alpi, 25_lag_traBS, 34_lag_traEU, 27_lag_traTLS, 35_lag_mhfATL30, 30_lag_neurTSjfm, 40_lag_ormenSSTjfm, 33_lag_nhSICsep, 36_lag_satlSSTjfm, 28_lag_traIFC, 31_lag_yrvPRjja, 36_lag_mhfATL30, 28_lag_stratZ50ndj03, 37_lag_traMC, 39_lag_mhfIP30, 25_lag_scpPSLjfm, 34_lag_nppc3SSTjfm, 29_lag_traEU, 25_lag_traIT, 36_lag_ormenSSTjfm, 43_lag_traEU, 44_lag_satlSSTjfm, 42_lag_stratZ50ndj03, 44_lag_shSICmar, 42_lag_stratZ50ndj01, 41_lag_shSICmar, 32_lag_ismPRjja_2535_25"
LinearRegression,31,30,traMC,shigh,897.5,2005.5,0.4,46,26,26,13.302550812128414,0.16637547391104437,2535,"['34_lag_neurTSjfm', '44_lag_nppc2SSTjfm', '45_lag_ormenSSTjfm', '29_lag_stratZ50ndj02', '35_lag_traMC', '43_lag_mhfATL60', '30_lag_neurTSjfm', '45_lag_scpPSLjfm', '40_lag_ormenSSTjfm', '41_lag_yrvPRjja', '36_lag_eurPSLjfm', '38_lag_pdoSSTjfm', '37_lag_traFB', '30_lag_traEU', '28_lag_stratZ50ndj03', '45_lag_amoSSTmjjaso', '39_lag_mhfIP30', '26_lag_traEU', '26_lag_arcTSjfm', '43_lag_traEU', '37_lag_traMC', '34_lag_nppc3SSTjfm', '36_lag_mhfATL30', '44_lag_shSICmar', '36_lag_ormenSSTjfm', '32_lag_ismPRjja', '29_lag_traEU', '42_lag_stratZ50ndj03', '41_lag_shSICmar', '42_lag_stratZ50ndj01']","[0.004765763629392605, 0.06662109880861208, 0.04169638842460031, 0.048293806059882496, 0.056965899825273406, 0.07482010676739863, 0.03782070713220358, 0.03564752813229938, 0.011139057929570527, 0.04416226598760766, 0.08436614145281232, 0.006390544179057593, 0.0981799612692487, 0.01913220258577179, 0.039787329839724106, 0.006170737501504397, 0.07836934837804853, 0.05301274301049977, 0.07837751257025347, 0.08104479167638352, 0.028810253942589202, 0.11335747972514156, 0.09057662720958287, 0.10833044942405899, 0.05334806087092254, 0.061531462365951056, 0.06549911894480369, 0.09104797674650554, 0.018294003751521733, 0.06019999411864082]","34_lag_neurTSjfm, 44_lag_nppc2SSTjfm, 45_lag_ormenSSTjfm, 29_lag_stratZ50ndj02, 35_lag_traMC, 43_lag_mhfATL60, 30_lag_neurTSjfm, 45_lag_scpPSLjfm, 40_lag_ormenSSTjfm, 41_lag_yrvPRjja, 36_lag_eurPSLjfm, 38_lag_pdoSSTjfm, 37_lag_traFB, 30_lag_traEU, 28_lag_stratZ50ndj03, 45_lag_amoSSTmjjaso, 39_lag_mhfIP30, 26_lag_traEU, 26_lag_arcTSjfm, 43_lag_traEU, 37_lag_traMC, 34_lag_nppc3SSTjfm, 36_lag_mhfATL30, 44_lag_shSICmar, 36_lag_ormenSSTjfm, 32_lag_ismPRjja, 29_lag_traEU, 42_lag_stratZ50ndj03, 41_lag_shSICmar, 42_lag_stratZ50ndj01_2535_26"
LinearRegression,32,30,traMC,shigh,898.5,2005.5,0.4,47,27,29,13.50077581530325,0.13339764236305748,2535,"['30_lag_neurTSjfm', '40_lag_nhSICsep', '38_lag_traCA', '41_lag_yrvPRjja', '40_lag_traBS', '35_lag_mhfATL30', '43_lag_traTLS', '37_lag_traFB', '40_lag_ormenSSTjfm', '45_lag_ismPRjja', '33_lag_alpi', '34_lag_traEU', '37_lag_traMC', '43_lag_traEU', '29_lag_stratZ50ndj02', '34_lag_nppc3SSTjfm', '44_lag_nppc2SSTjfm', '30_lag_traEU', '36_lag_eurPSLjfm', '29_lag_traEU', '46_lag_alpi', '36_lag_ormenSSTjfm', '36_lag_mhfATL30', '38_lag_alpi', '45_lag_amoSSTmjjaso', '44_lag_shSICmar', '32_lag_ismPRjja', '41_lag_shSICmar', '42_lag_stratZ50ndj01', '42_lag_stratZ50ndj03']","[0.02601114579631915, 0.133115627086529, 0.030475527206081987, 0.04263129679711638, 0.12014602382792104, 0.08152414379657985, 0.0018499316112244291, 0.12776108043046744, 0.0360996107299953, 0.07003470390983153, 0.04247607246862273, 0.025546021071225028, 0.038152628947149554, 0.0817510000461389, 0.049569764198949824, 0.10522502719962505, 0.048085704609526374, 0.025689904452488893, 0.09141770677682015, 0.06630624242725941, 0.030509284059089342, 0.033981152730251436, 0.14444504819545698, 0.0490782577827573, 0.0043063420873543905, 0.09698752279017335, 0.04535576138387784, 0.005917951577394582, 0.053376808456472385, 0.1057331265914399]","30_lag_neurTSjfm, 40_lag_nhSICsep, 38_lag_traCA, 41_lag_yrvPRjja, 40_lag_traBS, 35_lag_mhfATL30, 43_lag_traTLS, 37_lag_traFB, 40_lag_ormenSSTjfm, 45_lag_ismPRjja, 33_lag_alpi, 34_lag_traEU, 37_lag_traMC, 43_lag_traEU, 29_lag_stratZ50ndj02, 34_lag_nppc3SSTjfm, 44_lag_nppc2SSTjfm, 30_lag_traEU, 36_lag_eurPSLjfm, 29_lag_traEU, 46_lag_alpi, 36_lag_ormenSSTjfm, 36_lag_mhfATL30, 38_lag_alpi, 45_lag_amoSSTmjjaso, 44_lag_shSICmar, 32_lag_ismPRjja, 41_lag_shSICmar, 42_lag_stratZ50ndj01, 42_lag_stratZ50ndj03_2535_29"
LinearRegression,33,30,traMC,shigh,899.5,2005.5,0.4,48,28,28,14.149807658031872,0.12369682933669508,2535,"['40_lag_samPSLann', '45_lag_eapPSLjfm', '42_lag_traWP', '34_lag_traBS', '36_lag_traEU', '28_lag_alpi', '47_lag_shSICmar', '45_lag_cetTSjfm', '46_lag_alpi', '28_lag_nhSICsep', '37_lag_traFB', '44_lag_traEU', '34_lag_nppc3SSTjfm', '34_lag_alpi', '35_lag_mhfATL30', '30_lag_neurTSjfm', '40_lag_mhfATL30', '36_lag_ormenSSTjfm', '47_lag_seurTSjfm', '33_lag_nhSICsep', '45_lag_amoSSTmjjaso', '28_lag_stratZ50ndj03', '47_lag_traBS', '36_lag_mhfATL30', '42_lag_stratZ50ndj01', '44_lag_shSICmar', '38_lag_alpi', '32_lag_ismPRjja', '41_lag_shSICmar', '42_lag_stratZ50ndj03']","[0.07359150322597803, 0.06537276276789697, 0.09163091589746726, 0.02917377026963464, 0.05202859426442434, 0.005204194606959038, 0.014466124853558101, 0.0017418877184611826, 0.0531509402130214, 0.12253914643494437, 0.15028724627776324, 0.09680253662369198, 0.11154377756421663, 0.03017220867010878, 0.10639326383493043, 0.0034844838189027976, 0.12852469684942075, 0.08455759139860614, 0.14527342164435483, 0.22824220489549915, 0.0433547283179749, 0.05112087707345396, 0.18040057297035214, 0.12965777693160627, 0.029413622954839316, 0.14100699752129592, 0.07048774234323645, 0.0769119256707135, 0.013765537326928293, 0.10140547588145558]","40_lag_samPSLann, 45_lag_eapPSLjfm, 42_lag_traWP, 34_lag_traBS, 36_lag_traEU, 28_lag_alpi, 47_lag_shSICmar, 45_lag_cetTSjfm, 46_lag_alpi, 28_lag_nhSICsep, 37_lag_traFB, 44_lag_traEU, 34_lag_nppc3SSTjfm, 34_lag_alpi, 35_lag_mhfATL30, 30_lag_neurTSjfm, 40_lag_mhfATL30, 36_lag_ormenSSTjfm, 47_lag_seurTSjfm, 33_lag_nhSICsep, 45_lag_amoSSTmjjaso, 28_lag_stratZ50ndj03, 47_lag_traBS, 36_lag_mhfATL30, 42_lag_stratZ50ndj01, 44_lag_shSICmar, 38_lag_alpi, 32_lag_ismPRjja, 41_lag_shSICmar, 42_lag_stratZ50ndj03_2535_28"
LinearRegression,34,30,traMC,shigh,900.5,2005.5,0.4,49,29,29,13.603206779019072,0.19909497054243244,2535,"['44_lag_traEU', '40_lag_amoSSTmjjaso', '34_lag_shSICsep', '38_lag_traCA', '44_lag_shSICmar', '38_lag_alpi', '34_lag_alpi', '34_lag_yrvPRjja', '39_lag_stratZ50ndj02', '30_lag_neurTSjfm', '29_lag_30_median_neurTSjfm', '42_lag_eurPSLjfm', '41_lag_yrvPRjja', '32_lag_ismPRjja', '31_lag_amo1', '36_lag_ormenSSTjfm', '42_lag_stratZ50ndj01', '47_lag_shSICmar', '48_lag_traFB', '35_lag_mhfATL30', '29_lag_mhfIP30', '48_lag_traEC', '36_lag_traEU', '44_lag_satlSSTjfm', '36_lag_mhfATL30', '47_lag_seurTSjfm', '41_lag_shSICmar', '29_lag_stratZ50ndj02', '48_lag_traBS', '42_lag_stratZ50ndj03']","[0.07692990383454146, 0.03097957440433252, 0.11149367112326597, 0.07053315810422114, 0.15568502193063763, 0.029333994749854216, 0.014909527599889536, 0.03534709704509763, 0.06523184950465194, 5522432428042.953, 5522432428042.998, 0.08849918354010682, 0.0503930489771824, 0.10716991343564447, 0.2643864983637971, 0.06908768527057939, 0.04961819400832699, 0.008974229308411328, 0.1068860897928896, 0.08203412313791698, 0.10550742370261604, 0.057813311639190734, 0.03432177401027254, 0.13907686637597297, 0.08710748394857483, 0.12134415824146813, 0.06036004984349681, 0.049679096828395705, 0.1416752468771186, 0.09203271796609466]","44_lag_traEU, 40_lag_amoSSTmjjaso, 34_lag_shSICsep, 38_lag_traCA, 44_lag_shSICmar, 38_lag_alpi, 34_lag_alpi, 34_lag_yrvPRjja, 39_lag_stratZ50ndj02, 30_lag_neurTSjfm, 29_lag_30_median_neurTSjfm, 42_lag_eurPSLjfm, 41_lag_yrvPRjja, 32_lag_ismPRjja, 31_lag_amo1, 36_lag_ormenSSTjfm, 42_lag_stratZ50ndj01, 47_lag_shSICmar, 48_lag_traFB, 35_lag_mhfATL30, 29_lag_mhfIP30, 48_lag_traEC, 36_lag_traEU, 44_lag_satlSSTjfm, 36_lag_mhfATL30, 47_lag_seurTSjfm, 41_lag_shSICmar, 29_lag_stratZ50ndj02, 48_lag_traBS, 42_lag_stratZ50ndj03_2535_29"
LinearRegression,35,30,traMC,shigh,901.5,2005.5,0.4,50,30,30,14.145689720396561,0.08198897914743718,2535,"['46_lag_arcTSjfm', '39_lag_amoSSTmjjaso', '47_lag_traBS', '48_lag_satlSSTjfm', '37_lag_traEC', '48_lag_amo3', '36_lag_ormenSSTjfm', '38_lag_alpi', '48_lag_traEC', '44_lag_traEU', '38_lag_traCA', '36_lag_traEU', '41_lag_stratZ50ndj04', '32_lag_ismPRjja', '36_lag_nppc3SSTjfm', '42_lag_eurPSLjfm', '36_lag_mhfATL30', '49_lag_stratZ50ndj03', '41_lag_traEU', '44_lag_satlSSTjfm', '30_lag_neurTSjfm', '48_lag_atlSICjfm', '42_lag_stratZ50ndj01', '30_lag_traEU', '48_lag_traBS', '47_lag_seurTSjfm', '41_lag_shSICmar', '47_lag_shSICmar', '30_lag_eurPSLjfm', '42_lag_stratZ50ndj03']","[0.024763038729153534, 0.1103888502139917, 0.08691504563869873, 0.15012669616893826, 0.03681074900281159, 0.07358894196103129, 0.09490815711118458, 0.04500662599610377, 0.05935846318853714, 0.056292679569885984, 0.07007614988309341, 0.06597482021458244, 0.15022228527902348, 0.04678814386448016, 0.0229768832126783, 0.08120460540802063, 0.10503131144098253, 0.10279376313035367, 0.048068977147878014, 0.08090937929627877, 0.029003113853198845, 0.08302129387906965, 0.08439954770232536, 0.05982325727255725, 0.17150948586841083, 0.10599349131707808, 0.024199287486591066, 0.042412154785981905, 0.0855404940550779, 0.11536117370005296]","46_lag_arcTSjfm, 39_lag_amoSSTmjjaso, 47_lag_traBS, 48_lag_satlSSTjfm, 37_lag_traEC, 48_lag_amo3, 36_lag_ormenSSTjfm, 38_lag_alpi, 48_lag_traEC, 44_lag_traEU, 38_lag_traCA, 36_lag_traEU, 41_lag_stratZ50ndj04, 32_lag_ismPRjja, 36_lag_nppc3SSTjfm, 42_lag_eurPSLjfm, 36_lag_mhfATL30, 49_lag_stratZ50ndj03, 41_lag_traEU, 44_lag_satlSSTjfm, 30_lag_neurTSjfm, 48_lag_atlSICjfm, 42_lag_stratZ50ndj01, 30_lag_traEU, 48_lag_traBS, 47_lag_seurTSjfm, 41_lag_shSICmar, 47_lag_shSICmar, 30_lag_eurPSLjfm, 42_lag_stratZ50ndj03_2535_30"
LinearRegression,36,30,traMC,shigh,902.5,2005.5,0.4,51,31,31,13.824092636771368,0.14743802213108007,2535,"['34_lag_nppc3SSTjfm', '35_lag_ormenSSTjfm', '40_lag_traEC', '47_lag_traBS', '40_lag_ormenSSTjfm', '39_lag_tripol3', '40_lag_traBS', '36_lag_traEU', '34_lag_traFS', '44_lag_traEU', '49_lag_neurTSjfm', '40_lag_mhfATL30', '48_lag_atlSICjfm', '38_lag_traCA', '50_lag_nppc3SSTjfm', '36_lag_mhfATL30', '31_lag_amo1', '36_lag_nppc3SSTjfm', '38_lag_wnorPRjfm', '35_lag_mhfATL30', '50_lag_ginwSSTjfm', '48_lag_traBS', '41_lag_stratZ50ndj04', '42_lag_stratZ50ndj01', '41_lag_shSICmar', '41_lag_traEU', '47_lag_seurTSjfm', '47_lag_shSICmar', '42_lag_stratZ50ndj03', '44_lag_satlSSTjfm']","[0.11736186878597916, 0.06259585653492605, 0.09334096430945762, 0.12016341562172567, 0.0478864495729184, 0.07671550223710238, 0.08838230496580383, 0.04017711759071357, 0.06910037450170321, 0.07749990776343735, 0.12626979237598898, 0.0761758301942694, 0.05364517899534925, 0.08260158062282577, 0.0019475044847712276, 0.12925805683327368, 0.20928967984445637, 0.006161638541670872, 0.024051023180267275, 0.11885392594371527, 0.0759070336256797, 0.17636037465883164, 0.1444175368441842, 0.05044866258669279, 0.028252809156061896, 0.05063216454577402, 0.11184124229823598, 0.0662418091291914, 0.11263798666140595, 0.06091479001717019]","34_lag_nppc3SSTjfm, 35_lag_ormenSSTjfm, 40_lag_traEC, 47_lag_traBS, 40_lag_ormenSSTjfm, 39_lag_tripol3, 40_lag_traBS, 36_lag_traEU, 34_lag_traFS, 44_lag_traEU, 49_lag_neurTSjfm, 40_lag_mhfATL30, 48_lag_atlSICjfm, 38_lag_traCA, 50_lag_nppc3SSTjfm, 36_lag_mhfATL30, 31_lag_amo1, 36_lag_nppc3SSTjfm, 38_lag_wnorPRjfm, 35_lag_mhfATL30, 50_lag_ginwSSTjfm, 48_lag_traBS, 41_lag_stratZ50ndj04, 42_lag_stratZ50ndj01, 41_lag_shSICmar, 41_lag_traEU, 47_lag_seurTSjfm, 47_lag_shSICmar, 42_lag_stratZ50ndj03, 44_lag_satlSSTjfm_2535_31"
LinearRegression,37,30,traMC,shigh,903.5,2005.5,0.4,52,32,32,14.123684361320636,0.07010163015187534,2535,"['40_lag_amoSSTmjjaso', '41_lag_shSICmar', '33_lag_atlSICsep', '32_lag_33_median_atlSICsep', '48_lag_atlSICjfm', '38_lag_traCA', '50_lag_nppc3SSTjfm', '49_lag_mhfATL60', '38_lag_traBS', '32_lag_eurPSLjfm', '37_lag_shSICmar', '51_lag_neurTSjfm', '32_lag_ismPRjja', '43_lag_alpi', '36_lag_mhfATL30', '36_lag_traEU', '44_lag_satlSSTjfm', '47_lag_traBS', '51_lag_seurTSjfm', '51_lag_stratZ50ndj03', '47_lag_seurTSjfm', '40_lag_mhfATL30', '42_lag_stratZ50ndj03', '48_lag_traBS', '50_lag_yrvPRjja', '42_lag_stratZ50ndj01', '41_lag_traEU', '51_lag_tripol3', '47_lag_shSICmar', '51_lag_traMC']","[0.04955588970968534, 0.06880289037591994, 622643504990.8328, 622643504990.7354, 0.0769424760804043, 0.11112250270305978, 0.02779699156407634, 0.05465827509067964, 0.0657942595982191, 0.05005859936222414, 0.15430449268989943, 0.01792688045362974, 0.05264011970210616, 0.08318408302582252, 0.06335437079043296, 0.05828147820507631, 0.013646394734585909, 0.10612681392181456, 0.05126496655920678, 0.075266875708012, 0.09849172355875614, 0.09787925708984856, 0.06780229829997313, 0.1644139393683329, 0.0671440406467547, 0.0609556514049522, 0.08082987592451589, 0.11603739615797928, 0.018962884863690917, 0.08745155881592355]","40_lag_amoSSTmjjaso, 41_lag_shSICmar, 33_lag_atlSICsep, 32_lag_33_median_atlSICsep, 48_lag_atlSICjfm, 38_lag_traCA, 50_lag_nppc3SSTjfm, 49_lag_mhfATL60, 38_lag_traBS, 32_lag_eurPSLjfm, 37_lag_shSICmar, 51_lag_neurTSjfm, 32_lag_ismPRjja, 43_lag_alpi, 36_lag_mhfATL30, 36_lag_traEU, 44_lag_satlSSTjfm, 47_lag_traBS, 51_lag_seurTSjfm, 51_lag_stratZ50ndj03, 47_lag_seurTSjfm, 40_lag_mhfATL30, 42_lag_stratZ50ndj03, 48_lag_traBS, 50_lag_yrvPRjja, 42_lag_stratZ50ndj01, 41_lag_traEU, 51_lag_tripol3, 47_lag_shSICmar, 51_lag_traMC_2535_32"
LinearRegression,38,30,traMC,shigh,904.5,2005.5,0.4,53,33,33,13.901767371491935,0.07318195178574186,2535,"['38_lag_shSICmar', '41_lag_shSICmar', '38_lag_samPSLann', '36_lag_mhfATL30', '41_lag_ormenSSTjfm', '47_lag_cetTSjfm', '47_lag_traBS', '36_lag_traEU', '49_lag_mhfATL60', '48_lag_satlSSTjfm', '39_lag_ismPRjja', '40_lag_yrvPRjja', '50_lag_arcTSjfm', '41_lag_stratZ50ndj04', '40_lag_amoSSTmjjaso', '42_lag_stratZ50ndj03', '47_lag_seurTSjfm', '43_lag_alpi', '52_lag_traWP', '51_lag_neurTSjfm', '41_lag_traEU', '42_lag_stratZ50ndj01', '48_lag_traBS', '50_lag_yrvPRjja', '33_lag_atlSICsep', '44_lag_satlSSTjfm', '47_lag_shSICmar', '40_lag_mhfATL30', '51_lag_tripol3', '51_lag_traMC']","[0.024999148939522858, 0.02952847054515005, 0.015429901899350338, 0.04071460366049168, 0.03902776315501858, 0.06419241181226969, 0.11679528236694427, 0.04412698982822912, 0.04000981381362477, 0.19027433252243628, 0.020320904021119465, 0.05564614772488646, 0.022322997145537996, 0.08753800399558666, 0.055040769755971844, 0.07066769231842861, 0.14307519486228043, 0.07990371021118299, 0.034380726259163275, 0.028037934564180363, 0.07363872005057912, 0.050771365756138054, 0.12921687472414348, 0.06011523480475968, 0.09289283145728322, 0.02775710711775579, 0.021006445651730016, 0.08978651189439299, 0.13037742322784437, 0.09440456165142298]","38_lag_shSICmar, 41_lag_shSICmar, 38_lag_samPSLann, 36_lag_mhfATL30, 41_lag_ormenSSTjfm, 47_lag_cetTSjfm, 47_lag_traBS, 36_lag_traEU, 49_lag_mhfATL60, 48_lag_satlSSTjfm, 39_lag_ismPRjja, 40_lag_yrvPRjja, 50_lag_arcTSjfm, 41_lag_stratZ50ndj04, 40_lag_amoSSTmjjaso, 42_lag_stratZ50ndj03, 47_lag_seurTSjfm, 43_lag_alpi, 52_lag_traWP, 51_lag_neurTSjfm, 41_lag_traEU, 42_lag_stratZ50ndj01, 48_lag_traBS, 50_lag_yrvPRjja, 33_lag_atlSICsep, 44_lag_satlSSTjfm, 47_lag_shSICmar, 40_lag_mhfATL30, 51_lag_tripol3, 51_lag_traMC_2535_33"
LinearRegression,39,30,traMC,shigh,905.5,2005.5,0.4,54,34,34,14.279096025131748,-0.0014079390224300417,2535,"['34_lag_nchinaPRjja', '38_lag_scpPSLjfm', '38_lag_traCA', '41_lag_shSICmar', '40_lag_yrvPRjja', '51_lag_stratZ50ndj03', '40_lag_traBS', '51_lag_traDS', '51_lag_tripol3', '34_lag_yrvPRjja', '38_lag_samPSLann', '48_lag_satlSSTjfm', '36_lag_traEU', '39_lag_ismPRjja', '42_lag_stratZ50ndj01', '50_lag_yrvPRjja', '52_lag_traWP', '47_lag_traBS', '53_lag_amo2', '47_lag_shSICmar', '43_lag_alpi', '34_lag_traEC', '41_lag_traEU', '51_lag_neurTSjfm', '50_lag_arcTSjfm', '38_lag_shSICmar', '48_lag_traBS', '44_lag_satlSSTjfm', '40_lag_mhfATL30', '51_lag_traMC']","[0.12271050118433598, 0.05148383404965793, 0.07689627535505753, 0.03607877832846179, 0.07592576064949223, 0.06340607659955333, 0.08561550676604035, 0.020400403392060718, 0.1358241427969873, 0.05045326711539715, 0.004181786329190488, 0.13001270048427171, 0.043697106175483974, 0.04240149171757221, 0.06628053222267846, 0.0697360283694328, 0.022167596202500178, 0.10745340672921178, 0.15133002857705735, 0.0017522865600577333, 0.09659174721397193, 0.12926053004095753, 0.057528927732135395, 0.047552236727037546, 0.013189043477840997, 0.004773486959371654, 0.11304158665488964, 0.13721629962262535, 0.10153467626636624, 0.09495908778010617]","34_lag_nchinaPRjja, 38_lag_scpPSLjfm, 38_lag_traCA, 41_lag_shSICmar, 40_lag_yrvPRjja, 51_lag_stratZ50ndj03, 40_lag_traBS, 51_lag_traDS, 51_lag_tripol3, 34_lag_yrvPRjja, 38_lag_samPSLann, 48_lag_satlSSTjfm, 36_lag_traEU, 39_lag_ismPRjja, 42_lag_stratZ50ndj01, 50_lag_yrvPRjja, 52_lag_traWP, 47_lag_traBS, 53_lag_amo2, 47_lag_shSICmar, 43_lag_alpi, 34_lag_traEC, 41_lag_traEU, 51_lag_neurTSjfm, 50_lag_arcTSjfm, 38_lag_shSICmar, 48_lag_traBS, 44_lag_satlSSTjfm, 40_lag_mhfATL30, 51_lag_traMC_2535_34"
LinearRegression,40,30,traMC,shigh,906.5,2005.5,0.4,55,35,38,13.773191769261306,0.10400578097289616,2535,"['41_lag_stratZ50ndj04', '54_lag_traFSC', '41_lag_traBS', '51_lag_traCA', '43_lag_traEU', '43_lag_yrvPRjja', '45_lag_naoPSLjfm', '50_lag_satlSSTjfm', '44_lag_shSICmar', '38_lag_samPSLann', '50_lag_arcTSjfm', '38_lag_traCA', '51_lag_traDS', '41_lag_traEU', '47_lag_traBS', '40_lag_traBS', '51_lag_tripol3', '38_lag_shSICmar', '48_lag_satlSSTjfm', '43_lag_alpi', '47_lag_shSICmar', '51_lag_stratZ50ndj03', '53_lag_nchinaPRjja', '44_lag_satlSSTjfm', '39_lag_ismPRjja', '51_lag_neurTSjfm', '50_lag_yrvPRjja', '40_lag_mhfATL30', '48_lag_traBS', '51_lag_traMC']","[0.08092791145287204, 0.21336065515238262, 0.05014392081476125, 0.08376440819198483, 0.04953936282047571, 0.03504328562954884, 0.08350549614112103, 0.08293245553693508, 0.04347154209928525, 0.002415166550531369, 0.03083168256782924, 0.11241226993933624, 0.037050033755064826, 0.048933138390324336, 0.09981691136087184, 0.05824664484586386, 0.10704653936658472, 0.041362294355417786, 0.11927508246347515, 0.09523327596851028, 0.007716416998145771, 0.07966748697129733, 0.05914273078206498, 0.07979174189536399, 0.05106214662990842, 0.02910729492518745, 0.053512669402687243, 0.1561014982391624, 0.14855253383891476, 0.0693205647204358]","41_lag_stratZ50ndj04, 54_lag_traFSC, 41_lag_traBS, 51_lag_traCA, 43_lag_traEU, 43_lag_yrvPRjja, 45_lag_naoPSLjfm, 50_lag_satlSSTjfm, 44_lag_shSICmar, 38_lag_samPSLann, 50_lag_arcTSjfm, 38_lag_traCA, 51_lag_traDS, 41_lag_traEU, 47_lag_traBS, 40_lag_traBS, 51_lag_tripol3, 38_lag_shSICmar, 48_lag_satlSSTjfm, 43_lag_alpi, 47_lag_shSICmar, 51_lag_stratZ50ndj03, 53_lag_nchinaPRjja, 44_lag_satlSSTjfm, 39_lag_ismPRjja, 51_lag_neurTSjfm, 50_lag_yrvPRjja, 40_lag_mhfATL30, 48_lag_traBS, 51_lag_traMC_2535_38"
LinearRegression,41,30,traMC,shigh,907.5,2005.5,0.4,56,36,38,14.297694110873845,0.03448114864307346,2535,"['55_lag_traCA', '40_lag_traBS', '43_lag_traEU', '44_lag_shSICmar', '49_lag_traMC', '53_lag_amo2', '50_lag_ginwSSTjfm', '51_lag_tripol3', '47_lag_seurTSjfm', '45_lag_naoPSLjfm', '49_lag_mhfATL30', '47_lag_mhfIP30', '38_lag_traCA', '47_lag_shSICmar', '51_lag_neurTSjfm', '51_lag_traDS', '41_lag_traEU', '51_lag_stratZ50ndj03', '55_lag_traEU', '48_lag_satlSSTjfm', '38_lag_shSICmar', '53_lag_nchinaPRjja', '47_lag_traBS', '51_lag_traMC', '50_lag_yrvPRjja', '39_lag_ismPRjja', '40_lag_mhfATL30', '44_lag_satlSSTjfm', '55_lag_traFB', '48_lag_traBS']","[0.13564626071802693, 0.07198081253262376, 0.07571461093367582, 0.05706609532350886, 0.10974863613248742, 0.22210942386109903, 0.03187433861387319, 0.11527576099214133, 0.12813917907278732, 0.061446018195053353, 0.06391182035697038, 0.13558770583169716, 0.06025165695457131, 0.018308809402698224, 0.06453198780522236, 0.025122731138623754, 0.0679763238703924, 0.035257522387439566, 0.07425827329372398, 0.07327371117998845, 0.03205775671019334, 0.06601481315332972, 0.0906464965364166, 0.08970074231993541, 0.07024767476332065, 0.010194647950591777, 0.06793692488793335, 0.10830709000198033, 0.13850966972053716, 0.12765770213542896]","55_lag_traCA, 40_lag_traBS, 43_lag_traEU, 44_lag_shSICmar, 49_lag_traMC, 53_lag_amo2, 50_lag_ginwSSTjfm, 51_lag_tripol3, 47_lag_seurTSjfm, 45_lag_naoPSLjfm, 49_lag_mhfATL30, 47_lag_mhfIP30, 38_lag_traCA, 47_lag_shSICmar, 51_lag_neurTSjfm, 51_lag_traDS, 41_lag_traEU, 51_lag_stratZ50ndj03, 55_lag_traEU, 48_lag_satlSSTjfm, 38_lag_shSICmar, 53_lag_nchinaPRjja, 47_lag_traBS, 51_lag_traMC, 50_lag_yrvPRjja, 39_lag_ismPRjja, 40_lag_mhfATL30, 44_lag_satlSSTjfm, 55_lag_traFB, 48_lag_traBS_2535_38"
LinearRegression,42,30,traMC,shigh,908.5,2005.5,0.4,57,37,37,14.181203930170662,-0.027200234379642314,2535,"['51_lag_tripol3', '48_lag_traEU', '53_lag_scpPSLjfm', '49_lag_alpi', '52_lag_stratZ50ndj01', '43_lag_yrvPRjja', '50_lag_satlSSTjfm', '45_lag_naoPSLjfm', '49_lag_mhfATL30', '51_lag_stratZ50ndj03', '51_lag_traDS', '37_lag_mhfIP30', '56_lag_nhSICsep', '40_lag_mhfATL30', '47_lag_mhfIP30', '51_lag_neurTSjfm', '55_lag_traMC', '55_lag_stratZ50ndj04', '43_lag_neurTSjfm', '56_lag_traFB', '55_lag_traEU', '50_lag_yrvPRjja', '47_lag_traBS', '47_lag_shSICmar', '56_lag_stratZ50ndj03', '48_lag_satlSSTjfm', '50_lag_ginwSSTjfm', '48_lag_traBS', '44_lag_satlSSTjfm', '55_lag_traFB']","[0.0867301859599218, 0.037309584322792085, 0.008670416079847762, 0.002187711733573239, 0.11315559212539314, 0.03718015764612859, 0.06317147625476074, 0.06280778183445017, 0.03818997767675294, 0.04124582235403007, 0.027962865138365087, 0.045878898964967, 0.007374086016370933, 0.043066513192136884, 0.1202375724796124, 0.060633630701044224, 0.04914840876851035, 0.011642986939971295, 0.027770288044261796, 0.1513296288887761, 0.08356247422366612, 0.06835449334796408, 0.10429369113396031, 0.008896045643538512, 0.10590178779530873, 0.11054413027836027, 0.05376735473237076, 0.11052951655715593, 0.0918933610936431, 0.1641287934538518]","51_lag_tripol3, 48_lag_traEU, 53_lag_scpPSLjfm, 49_lag_alpi, 52_lag_stratZ50ndj01, 43_lag_yrvPRjja, 50_lag_satlSSTjfm, 45_lag_naoPSLjfm, 49_lag_mhfATL30, 51_lag_stratZ50ndj03, 51_lag_traDS, 37_lag_mhfIP30, 56_lag_nhSICsep, 40_lag_mhfATL30, 47_lag_mhfIP30, 51_lag_neurTSjfm, 55_lag_traMC, 55_lag_stratZ50ndj04, 43_lag_neurTSjfm, 56_lag_traFB, 55_lag_traEU, 50_lag_yrvPRjja, 47_lag_traBS, 47_lag_shSICmar, 56_lag_stratZ50ndj03, 48_lag_satlSSTjfm, 50_lag_ginwSSTjfm, 48_lag_traBS, 44_lag_satlSSTjfm, 55_lag_traFB_2535_37"
LinearRegression,43,30,traMC,shigh,909.5,2005.5,0.4,58,38,38,14.129669792121298,0.03332069719608656,2535,"['55_lag_traEU', '50_lag_satlSSTjfm', '54_lag_cetTSjfm', '46_lag_traBO', '46_lag_stratZ50ndj04', '43_lag_yrvPRjja', '51_lag_tripol3', '50_lag_ginwSSTjfm', '43_lag_neurTSjfm', '48_lag_atlSICjfm', '55_lag_traMC', '38_lag_samPSLann', '50_lag_arcTSjfm', '56_lag_nhSICsep', '54_lag_traIT', '51_lag_traDS', '47_lag_traBS', '38_lag_traBO', '56_lag_traFB', '38_lag_wnorPRjfm', '57_lag_neurTSjfm', '38_lag_traCA', '38_lag_shSICmar', '50_lag_yrvPRjja', '48_lag_satlSSTjfm', '47_lag_mhfIP30', '44_lag_satlSSTjfm', '48_lag_traBS', '56_lag_stratZ50ndj03', '55_lag_traFB']","[0.07866345896942492, 0.0524245101071108, 0.08558384881641719, 0.032461887456032026, 0.1270815274466492, 0.028247001826124746, 0.08078143712146517, 0.069073813461165, 0.039139531591225275, 0.041683276480446965, 0.05812552658937732, 0.0197190104132084, 0.02396326694034758, 0.0052259550762279216, 0.04569035889401945, 0.0044298935035155616, 0.10319787793054913, 0.07995299888058997, 0.18163907523658832, 0.03352036096851188, 0.033064750589679705, 0.018233838862119447, 0.01729675536800797, 0.04570297985446867, 0.12568491057204184, 0.12676292034973352, 0.08531089683584249, 0.1130710178729678, 0.11354999176399602, 0.190326146092808]","55_lag_traEU, 50_lag_satlSSTjfm, 54_lag_cetTSjfm, 46_lag_traBO, 46_lag_stratZ50ndj04, 43_lag_yrvPRjja, 51_lag_tripol3, 50_lag_ginwSSTjfm, 43_lag_neurTSjfm, 48_lag_atlSICjfm, 55_lag_traMC, 38_lag_samPSLann, 50_lag_arcTSjfm, 56_lag_nhSICsep, 54_lag_traIT, 51_lag_traDS, 47_lag_traBS, 38_lag_traBO, 56_lag_traFB, 38_lag_wnorPRjfm, 57_lag_neurTSjfm, 38_lag_traCA, 38_lag_shSICmar, 50_lag_yrvPRjja, 48_lag_satlSSTjfm, 47_lag_mhfIP30, 44_lag_satlSSTjfm, 48_lag_traBS, 56_lag_stratZ50ndj03, 55_lag_traFB_2535_38"
LinearRegression,44,30,traMC,shigh,910.5,2005.5,0.4,59,39,39,14.15957643018086,0.04334490965828746,2535,"['54_lag_traIT', '58_lag_arcTSjfm', '48_lag_atlSICjfm', '43_lag_neurTSjfm', '51_lag_tripol3', '47_lag_traBS', '56_lag_nhSICsep', '51_lag_neurTSjfm', '52_lag_mhfATL30', '58_lag_mhfATL45', '57_lag_stratZ50ndj01', '50_lag_satlSSTjfm', '50_lag_yrvPRjja', '50_lag_ginwSSTjfm', '51_lag_nppc3SSTjfm', '50_lag_arcTSjfm', '44_lag_shSICmar', '57_lag_neurTSjfm', '58_lag_traEC', '47_lag_mhfIP30', '39_lag_mhfIP30', '54_lag_mhfATL60', '55_lag_traEU', '58_lag_mhfATL60', '58_lag_amoSSTmjjaso', '48_lag_traBS', '44_lag_satlSSTjfm', '56_lag_stratZ50ndj03', '48_lag_satlSSTjfm', '55_lag_traFB']","[0.05505536009866798, 0.01685655137458702, 0.04407481583498283, 0.047143094011681735, 0.12189110117417672, 0.08596872907817885, 0.046974466654586045, 0.05431982414788581, 0.02321404669518012, 0.07078531602839887, 0.014576895754934769, 0.0889521323660915, 0.05103019456309452, 0.017444767987667295, 0.006692435625611807, 0.036719095911270115, 0.06042445979692312, 0.07746926494842356, 0.052073075513552385, 0.13690538093489718, 0.07425441771166032, 0.11139280351183634, 0.09153810687430552, 0.15891914134912294, 0.0234536895386004, 0.12612223565246233, 0.10595426380636674, 0.11952663346663046, 0.04646954896010666, 0.10269215564276998]","54_lag_traIT, 58_lag_arcTSjfm, 48_lag_atlSICjfm, 43_lag_neurTSjfm, 51_lag_tripol3, 47_lag_traBS, 56_lag_nhSICsep, 51_lag_neurTSjfm, 52_lag_mhfATL30, 58_lag_mhfATL45, 57_lag_stratZ50ndj01, 50_lag_satlSSTjfm, 50_lag_yrvPRjja, 50_lag_ginwSSTjfm, 51_lag_nppc3SSTjfm, 50_lag_arcTSjfm, 44_lag_shSICmar, 57_lag_neurTSjfm, 58_lag_traEC, 47_lag_mhfIP30, 39_lag_mhfIP30, 54_lag_mhfATL60, 55_lag_traEU, 58_lag_mhfATL60, 58_lag_amoSSTmjjaso, 48_lag_traBS, 44_lag_satlSSTjfm, 56_lag_stratZ50ndj03, 48_lag_satlSSTjfm, 55_lag_traFB_2535_39"
LinearRegression,45,30,traMC,shigh,911.5,2005.5,0.4,60,40,40,14.504218234163025,0.019279946021385067,2535,"['57_lag_neurTSjfm', '48_lag_traBS', '52_lag_mhfATL30', '58_lag_traTLS', '44_lag_ismPRjja', '54_lag_traTLS', '56_lag_nhSICsep', '51_lag_tripol3', '50_lag_mhfATL30', '44_lag_satlSSTjfm', '58_lag_traEC', '54_lag_nchinaPRjja', '50_lag_ginwSSTjfm', '51_lag_traDS', '54_lag_traIT', '58_lag_mhfATL60', '40_lag_mhfATL30', '55_lag_traEU', '50_lag_yrvPRjja', '58_lag_arcTSjfm', '44_lag_shSICmar', '54_lag_mhfATL60', '59_lag_cetTSjfm', '58_lag_amoSSTmjjaso', '50_lag_arcTSjfm', '59_lag_alpi', '55_lag_traFB', '48_lag_satlSSTjfm', '51_lag_alpi', '56_lag_stratZ50ndj03']","[0.06149299966357753, 0.11355418022357046, 0.036729811792173356, 0.13067421099259055, 0.008517608166877076, 0.010713461716355286, 0.07010234653617471, 0.1731022337462325, 0.12993204790291804, 0.12067304701176611, 0.03804006020561694, 0.05139391115732603, 0.009481409127959303, 0.03701616454827238, 0.05333829288023872, 0.1586968100507703, 0.06991543908658983, 0.05693693635258201, 0.039662422293777866, 0.043285890073096106, 0.05043899733764882, 0.1540889609342531, 0.11402768839715761, 0.035170462673779906, 0.05326921854771122, 0.09287800211092213, 0.14387875897162805, 0.07475144328174765, 0.07262526708127279, 0.12752134188235661]","57_lag_neurTSjfm, 48_lag_traBS, 52_lag_mhfATL30, 58_lag_traTLS, 44_lag_ismPRjja, 54_lag_traTLS, 56_lag_nhSICsep, 51_lag_tripol3, 50_lag_mhfATL30, 44_lag_satlSSTjfm, 58_lag_traEC, 54_lag_nchinaPRjja, 50_lag_ginwSSTjfm, 51_lag_traDS, 54_lag_traIT, 58_lag_mhfATL60, 40_lag_mhfATL30, 55_lag_traEU, 50_lag_yrvPRjja, 58_lag_arcTSjfm, 44_lag_shSICmar, 54_lag_mhfATL60, 59_lag_cetTSjfm, 58_lag_amoSSTmjjaso, 50_lag_arcTSjfm, 59_lag_alpi, 55_lag_traFB, 48_lag_satlSSTjfm, 51_lag_alpi, 56_lag_stratZ50ndj03_2535_40"
LinearRegression,46,30,traMC,shigh,912.5,2005.5,0.4,61,41,41,14.884990682708287,-0.1150422237520197,2535,"['55_lag_traMC', '54_lag_nchinaPRjja', '48_lag_AMOCann', '44_lag_ismPRjja', '51_lag_traDS', '58_lag_stratZ50ndj03', '57_lag_stratZ50ndj01', '54_lag_traTLS', '57_lag_neurTSjfm', '45_lag_ormenSSTjfm', '41_lag_amoSSTmjjaso', '48_lag_shSICmar', '51_lag_seurTSjfm', '55_lag_traEU', '59_lag_mhfATL60', '50_lag_ginwSSTjfm', '44_lag_shSICmar', '51_lag_tripol3', '58_lag_mhfATL60', '54_lag_yrvPRjja', '52_lag_mhfATL30', '50_lag_arcTSjfm', '58_lag_amoSSTmjjaso', '59_lag_alpi', '48_lag_satlSSTjfm', '58_lag_arcTSjfm', '59_lag_cetTSjfm', '51_lag_alpi', '56_lag_stratZ50ndj03', '55_lag_traFB']","[0.053617677322963256, 0.057611067845682956, 0.014724128846497986, 0.0048326868761461705, 0.031065285724399753, 0.0003121073687659815, 0.016441094683594903, 0.05675840229682552, 0.06974009048669183, 0.03521726143049513, 0.2042755035727578, 0.09167180205202306, 0.08723130527648212, 0.06923703916359386, 0.052756867313852644, 0.03912896228726836, 0.05778240409870835, 0.221033824077264, 0.12299077988861894, 0.038923358806355085, 0.04937099347962601, 0.05007816277709395, 0.06533239491353171, 0.07210316057497351, 0.015309949304187468, 0.041286777102339786, 0.0805670532979627, 0.06943110638109712, 0.12693550456879216, 0.07805781996469909]","55_lag_traMC, 54_lag_nchinaPRjja, 48_lag_AMOCann, 44_lag_ismPRjja, 51_lag_traDS, 58_lag_stratZ50ndj03, 57_lag_stratZ50ndj01, 54_lag_traTLS, 57_lag_neurTSjfm, 45_lag_ormenSSTjfm, 41_lag_amoSSTmjjaso, 48_lag_shSICmar, 51_lag_seurTSjfm, 55_lag_traEU, 59_lag_mhfATL60, 50_lag_ginwSSTjfm, 44_lag_shSICmar, 51_lag_tripol3, 58_lag_mhfATL60, 54_lag_yrvPRjja, 52_lag_mhfATL30, 50_lag_arcTSjfm, 58_lag_amoSSTmjjaso, 59_lag_alpi, 48_lag_satlSSTjfm, 58_lag_arcTSjfm, 59_lag_cetTSjfm, 51_lag_alpi, 56_lag_stratZ50ndj03, 55_lag_traFB_2535_41"
LinearRegression,47,30,traMC,shigh,913.5,2005.5,0.4,62,42,42,14.662401126742507,-0.03392155944141108,2535,"['60_lag_cetTSjfm', '51_lag_tripol3', '55_lag_traEU', '56_lag_neurTSjfm', '48_lag_shSICmar', '51_lag_traDS', '54_lag_nchinaPRjja', '51_lag_seurTSjfm', '52_lag_mhfATL30', '48_lag_traBS', '61_lag_scpPSLjfm', '50_lag_yrvPRjja', '58_lag_mhfATL60', '50_lag_ginwSSTjfm', '44_lag_shSICmar', '48_lag_nhSICsep', '42_lag_stratZ50ndj01', '42_lag_45_median_traEU', '57_lag_neurTSjfm', '51_lag_alpi', '61_lag_nppc3SSTjfm', '58_lag_arcTSjfm', '54_lag_yrvPRjja', '58_lag_amoSSTmjjaso', '59_lag_cetTSjfm', '48_lag_satlSSTjfm', '47_lag_seurTSjfm', '56_lag_stratZ50ndj03', '61_lag_atlSICsep', '55_lag_traFB']","[0.023351029257706202, 0.17290694263753403, 0.0601727673282471, 0.08759686520130021, 0.09799047677587477, 0.046693379167362645, 0.08405702269892436, 0.08097597069441145, 0.05878111004045227, 0.1327242083573481, 0.05793479725451968, 0.05284927804348288, 0.15268317123925365, 0.026537394313175634, 0.07234153114542345, 0.10320104521184482, 0.06716278276457081, 0.17940402132271277, 0.06542174524411218, 0.05182348705615897, 0.13794997405407441, 0.05958887388384228, 0.05695427326887343, 0.015730622105637294, 0.10080181712421551, 0.08657914803754477, 0.1422521247020869, 0.08781478931556104, 0.07644230127942771, 0.1114137179803282]","60_lag_cetTSjfm, 51_lag_tripol3, 55_lag_traEU, 56_lag_neurTSjfm, 48_lag_shSICmar, 51_lag_traDS, 54_lag_nchinaPRjja, 51_lag_seurTSjfm, 52_lag_mhfATL30, 48_lag_traBS, 61_lag_scpPSLjfm, 50_lag_yrvPRjja, 58_lag_mhfATL60, 50_lag_ginwSSTjfm, 44_lag_shSICmar, 48_lag_nhSICsep, 42_lag_stratZ50ndj01, 42_lag_45_median_traEU, 57_lag_neurTSjfm, 51_lag_alpi, 61_lag_nppc3SSTjfm, 58_lag_arcTSjfm, 54_lag_yrvPRjja, 58_lag_amoSSTmjjaso, 59_lag_cetTSjfm, 48_lag_satlSSTjfm, 47_lag_seurTSjfm, 56_lag_stratZ50ndj03, 61_lag_atlSICsep, 55_lag_traFB_2535_42"
LinearRegression,48,30,traMC,shigh,914.5,2005.5,0.4,63,43,43,14.859759270314143,-0.05633185190193625,2535,"['62_lag_yrvPRjja', '51_lag_neurTSjfm', '59_lag_alpi', '57_lag_neurTSjfm', '46_lag_atlSICsep', '60_lag_cetTSjfm', '55_lag_traMC', '61_lag_scpPSLjfm', '50_lag_ginwSSTjfm', '54_lag_nchinaPRjja', '43_lag_eurPSLjfm', '48_lag_nhSICsep', '59_lag_cetTSjfm', '47_lag_traBS', '48_lag_traBS', '48_lag_satlSSTjfm', '56_lag_traIT', '43_lag_alpi', '55_lag_traEU', '51_lag_alpi', '50_lag_arcTSjfm', '51_lag_traDS', '56_lag_stratZ50ndj03', '58_lag_arcTSjfm', '58_lag_amoSSTmjjaso', '61_lag_nppc3SSTjfm', '54_lag_yrvPRjja', '61_lag_atlSICsep', '47_lag_seurTSjfm', '55_lag_traFB']","[0.12181967753731127, 0.0657806176982231, 0.057641827384102895, 0.06324330593559749, 0.07405861445417247, 0.0028046042256911355, 0.08781350145215125, 0.05832787924655322, 0.05540268187365444, 0.07373807723547221, 0.020385118258360337, 0.11305130406036089, 0.13201372067167502, 0.0877896772696273, 0.1699965272843141, 0.059840042477823874, 0.018349301795664467, 0.079848045476622, 0.05783249931094918, 0.039443178942002624, 0.00869207905334593, 0.06621223830071446, 0.10199113614219527, 0.07362493305992564, 0.04928537503314735, 0.1231039148167904, 0.06321528913516253, 0.0403549371376064, 0.15112331937029896, 0.11843482533355597]","62_lag_yrvPRjja, 51_lag_neurTSjfm, 59_lag_alpi, 57_lag_neurTSjfm, 46_lag_atlSICsep, 60_lag_cetTSjfm, 55_lag_traMC, 61_lag_scpPSLjfm, 50_lag_ginwSSTjfm, 54_lag_nchinaPRjja, 43_lag_eurPSLjfm, 48_lag_nhSICsep, 59_lag_cetTSjfm, 47_lag_traBS, 48_lag_traBS, 48_lag_satlSSTjfm, 56_lag_traIT, 43_lag_alpi, 55_lag_traEU, 51_lag_alpi, 50_lag_arcTSjfm, 51_lag_traDS, 56_lag_stratZ50ndj03, 58_lag_arcTSjfm, 58_lag_amoSSTmjjaso, 61_lag_nppc3SSTjfm, 54_lag_yrvPRjja, 61_lag_atlSICsep, 47_lag_seurTSjfm, 55_lag_traFB_2535_43"
LinearRegression,49,30,traMC,shigh,915.5,2005.5,0.4,64,44,44,15.068879816215125,-0.09166364963001206,2535,"['48_lag_nhSICsep', '48_lag_satlSSTjfm', '59_lag_cetTSjfm', '58_lag_arcTSjfm', '58_lag_ginwSSTjfm', '63_lag_atlSICsep', '56_lag_traBO', '63_lag_stratZ50ndj02', '62_lag_nchinaPRjja', '48_lag_traBS', '62_lag_traBS', '60_lag_cetTSjfm', '61_lag_nppc3SSTjfm', '55_lag_traMC', '63_lag_stratZ50ndj01', '54_lag_yrvPRjja', '58_lag_satlSSTjfm', '50_lag_arcTSjfm', '58_lag_amoSSTmjjaso', '53_lag_neurTSjfm', '46_lag_atlSICsep', '54_lag_nchinaPRjja', '44_lag_shSICmar', '63_lag_alpi', '51_lag_traDS', '47_lag_seurTSjfm', '51_lag_alpi', '56_lag_stratZ50ndj03', '55_lag_traFB', '55_lag_traEU']","[0.1347954792620649, 0.0389163108420785, 0.09896669176159467, 0.06867677470090265, 0.17086009207566208, 0.08112460229972741, 0.15039609734588774, 0.07981665799248988, 0.06708191968015341, 0.11284440497703403, 0.07171142223684966, 0.02073630394043507, 0.11090573582863125, 0.05450191415149927, 0.05367519037588772, 0.055467503723973535, 0.05695300533396482, 0.06448867360041796, 0.02050586815877603, 0.07224457426093304, 0.10316912653252375, 0.09615471989499422, 0.01934699638333507, 0.09775931860903497, 0.120820265028957, 0.16558176584600073, 0.03822782422502072, 0.10951518028759949, 0.10427669101540606, 0.0558876101072492]","48_lag_nhSICsep, 48_lag_satlSSTjfm, 59_lag_cetTSjfm, 58_lag_arcTSjfm, 58_lag_ginwSSTjfm, 63_lag_atlSICsep, 56_lag_traBO, 63_lag_stratZ50ndj02, 62_lag_nchinaPRjja, 48_lag_traBS, 62_lag_traBS, 60_lag_cetTSjfm, 61_lag_nppc3SSTjfm, 55_lag_traMC, 63_lag_stratZ50ndj01, 54_lag_yrvPRjja, 58_lag_satlSSTjfm, 50_lag_arcTSjfm, 58_lag_amoSSTmjjaso, 53_lag_neurTSjfm, 46_lag_atlSICsep, 54_lag_nchinaPRjja, 44_lag_shSICmar, 63_lag_alpi, 51_lag_traDS, 47_lag_seurTSjfm, 51_lag_alpi, 56_lag_stratZ50ndj03, 55_lag_traFB, 55_lag_traEU_2535_44"
LinearRegression,50,30,traMC,shigh,916.5,2005.5,0.4,65,45,45,14.80974725181008,-0.07119197109318903,2535,"['45_lag_46_median_atlSICsep', '48_lag_traTLS', '46_lag_atlSICsep', '62_lag_yrvPRjja', '58_lag_amoSSTmjjaso', '47_lag_traBS', '51_lag_seurTSjfm', '57_lag_stratZ50ndj01', '54_lag_traBS', '53_lag_neurTSjfm', '59_lag_atlSICsep', '51_lag_alpi', '60_lag_cetTSjfm', '48_lag_nhSICsep', '61_lag_scpPSLjfm', '54_lag_yrvPRjja', '50_lag_arcTSjfm', '64_lag_ginwSSTjfm', '62_lag_nchinaPRjja', '48_lag_traBS', '62_lag_traBS', '58_lag_satlSSTjfm', '51_lag_traDS', '56_lag_stratZ50ndj03', '63_lag_stratZ50ndj02', '55_lag_traMC', '63_lag_atlSICsep', '47_lag_seurTSjfm', '55_lag_traFB', '55_lag_traEU']","[0.0373784707745588, 0.11489256916150496, 0.03737847077455887, 0.13455781797637537, 0.04599910007362674, 0.09910218298812748, 0.05416337845488164, 0.03412805768543586, 0.008495311669451429, 0.06909138820807256, 0.00814788061990371, 0.044357832916922496, 0.04633066245237544, 0.07683170676538462, 0.06402035563943693, 0.06937118522372931, 0.003229324327248248, 0.1309237066634826, 0.07513896596217608, 0.13633998364539107, 0.08553775854757051, 0.05634359835827512, 0.08911448150027476, 0.09399000786394288, 0.0751695723046713, 0.08134545191424422, 0.10250789309116108, 0.16748047324818865, 0.08382166672450231, 0.06155365301277671]","45_lag_46_median_atlSICsep, 48_lag_traTLS, 46_lag_atlSICsep, 62_lag_yrvPRjja, 58_lag_amoSSTmjjaso, 47_lag_traBS, 51_lag_seurTSjfm, 57_lag_stratZ50ndj01, 54_lag_traBS, 53_lag_neurTSjfm, 59_lag_atlSICsep, 51_lag_alpi, 60_lag_cetTSjfm, 48_lag_nhSICsep, 61_lag_scpPSLjfm, 54_lag_yrvPRjja, 50_lag_arcTSjfm, 64_lag_ginwSSTjfm, 62_lag_nchinaPRjja, 48_lag_traBS, 62_lag_traBS, 58_lag_satlSSTjfm, 51_lag_traDS, 56_lag_stratZ50ndj03, 63_lag_stratZ50ndj02, 55_lag_traMC, 63_lag_atlSICsep, 47_lag_seurTSjfm, 55_lag_traFB, 55_lag_traEU_2535_45"
LinearRegression,51,30,traMC,shigh,917.5,2005.5,0.4,66,46,46,14.724378924336069,-0.07451345932301984,2535,"['54_lag_yrvPRjja', '60_lag_cetTSjfm', '55_lag_mhfIP30', '65_lag_traDS', '49_lag_amoSSTmjjaso', '62_lag_traMC', '48_lag_mhfIP30', '51_lag_neurTSjfm', '56_lag_traBO', '50_lag_arcTSjfm', '59_lag_atlSICsep', '64_lag_ginwSSTjfm', '60_lag_stratZ50ndj01', '57_lag_stratZ50ndj01', '58_lag_arcTSjfm', '46_lag_47_median_seurTSjfm', '47_lag_seurTSjfm', '49_lag_stratZ50ndj02', '56_lag_stratZ50ndj03', '53_lag_neurTSjfm', '58_lag_satlSSTjfm', '48_lag_traBS', '51_lag_traDS', '62_lag_traBS', '63_lag_atlSICsep', '65_lag_stratZ50ndj01', '55_lag_traEU', '55_lag_traFB', '55_lag_traMC', '46_lag_atlSICsep']","[0.043164730744357456, 0.050796038197462236, 0.0755681422343169, 0.01587678305296972, 0.08545588771369704, 0.028359991434029414, 0.0609692452320989, 0.05568435376816056, 0.17791786971088003, 0.023962914896978667, 0.0043643313357449795, 0.14111776561737982, 0.061761068211047335, 0.017375783032163965, 0.07849908949256679, 6205190436873.296, 6205190436873.158, 0.11700600555812692, 0.08399758379468511, 0.048318710801678474, 0.006121440308975636, 0.10844241084862673, 0.10670132707937868, 0.06726585776495311, 0.08434276713359545, 0.12555994439691415, 0.030676071901414075, 0.0746041488131616, 0.09273563044175062, 0.07107143219719413]","54_lag_yrvPRjja, 60_lag_cetTSjfm, 55_lag_mhfIP30, 65_lag_traDS, 49_lag_amoSSTmjjaso, 62_lag_traMC, 48_lag_mhfIP30, 51_lag_neurTSjfm, 56_lag_traBO, 50_lag_arcTSjfm, 59_lag_atlSICsep, 64_lag_ginwSSTjfm, 60_lag_stratZ50ndj01, 57_lag_stratZ50ndj01, 58_lag_arcTSjfm, 46_lag_47_median_seurTSjfm, 47_lag_seurTSjfm, 49_lag_stratZ50ndj02, 56_lag_stratZ50ndj03, 53_lag_neurTSjfm, 58_lag_satlSSTjfm, 48_lag_traBS, 51_lag_traDS, 62_lag_traBS, 63_lag_atlSICsep, 65_lag_stratZ50ndj01, 55_lag_traEU, 55_lag_traFB, 55_lag_traMC, 46_lag_atlSICsep_2535_46"
LinearRegression,52,30,traMC,shigh,918.5,2005.5,0.4,67,47,47,14.657915496953859,-0.05908378719739016,2535,"['49_lag_ormenSSTjfm', '58_lag_nppc2SSTjfm', '65_lag_traMC', '56_lag_traBO', '63_lag_traBO', '50_lag_traEC', '64_lag_ginwSSTjfm', '58_lag_traEC', '50_lag_stratZ50ndj03', '59_lag_atlSICsep', '47_lag_traBS', '55_lag_traEU', '50_lag_arcTSjfm', '63_lag_atlSICsep', '61_lag_atlSICsep', '54_lag_nchinaPRjja', '61_lag_nppc3SSTjfm', '58_lag_satlSSTjfm', '53_lag_neurTSjfm', '62_lag_traBS', '57_lag_stratZ50ndj01', '58_lag_arcTSjfm', '49_lag_stratZ50ndj02', '56_lag_stratZ50ndj03', '51_lag_traDS', '60_lag_stratZ50ndj01', '47_lag_seurTSjfm', '55_lag_traFB', '65_lag_stratZ50ndj01', '55_lag_traMC']","[0.11637466553733136, 0.13928273082006246, 0.07653387288029195, 0.1479964711014741, 0.11676117393631985, 0.05936623957699199, 0.11610314031003104, 0.07224488070601572, 0.053157449544623564, 0.030705431446860998, 0.10422972324041392, 0.054088574554019775, 0.07550131876020319, 0.12148726994259025, 0.0036338725903170186, 0.05045771536065461, 0.10334954535097915, 0.015298945100915047, 0.05871772959360989, 0.06302592477526124, 0.015688384963814014, 0.07079416901837318, 0.13029178222478702, 0.08498435364060933, 0.09907680830875717, 0.07732119399543337, 0.12961892241140352, 0.05678155599857996, 0.12583470702389055, 0.08291865384130227]","49_lag_ormenSSTjfm, 58_lag_nppc2SSTjfm, 65_lag_traMC, 56_lag_traBO, 63_lag_traBO, 50_lag_traEC, 64_lag_ginwSSTjfm, 58_lag_traEC, 50_lag_stratZ50ndj03, 59_lag_atlSICsep, 47_lag_traBS, 55_lag_traEU, 50_lag_arcTSjfm, 63_lag_atlSICsep, 61_lag_atlSICsep, 54_lag_nchinaPRjja, 61_lag_nppc3SSTjfm, 58_lag_satlSSTjfm, 53_lag_neurTSjfm, 62_lag_traBS, 57_lag_stratZ50ndj01, 58_lag_arcTSjfm, 49_lag_stratZ50ndj02, 56_lag_stratZ50ndj03, 51_lag_traDS, 60_lag_stratZ50ndj01, 47_lag_seurTSjfm, 55_lag_traFB, 65_lag_stratZ50ndj01, 55_lag_traMC_2535_47"
LinearRegression,53,30,traMC,shigh,919.5,2005.5,0.4,68,48,48,14.588442815473226,-0.022117409433883607,2535,"['53_lag_ormenSSTjfm', '63_lag_ismPRjja', '48_lag_yrvPRjja', '65_lag_traMC', '61_lag_tripol1', '62_lag_nchinaPRjja', '59_lag_neurTSjfm', '61_lag_ginwSSTjfm', '67_lag_nchinaPRjja', '66_lag_ensoSSTjfm', '56_lag_traIFC', '61_lag_nppc3SSTjfm', '67_lag_samPSLann', '51_lag_neurTSjfm', '56_lag_traBO', '58_lag_arcTSjfm', '67_lag_traEU', '48_lag_traTLS', '58_lag_satlSSTjfm', '53_lag_neurTSjfm', '57_lag_stratZ50ndj01', '65_lag_stratZ50ndj01', '48_lag_mhfIP30', '51_lag_traDS', '60_lag_stratZ50ndj01', '55_lag_traMC', '55_lag_traFB', '56_lag_stratZ50ndj03', '54_lag_nchinaPRjja', '48_lag_traBS']","[0.07427391521181227, 0.05846492338487937, 0.0356074700614788, 0.11001783626520953, 0.1283951498530353, 0.043210845514971105, 0.11392097601489401, 0.04610488644666618, 0.018724746577385255, 0.10312320930843978, 0.041188352270613106, 0.08118703153799342, 0.06983160781052089, 0.07557782985687866, 0.15526246545041725, 0.09477445424209657, 0.020486579651248227, 0.1225647905646844, 0.057564648005712656, 0.08556623640841454, 0.00229283817279618, 0.12805536184572977, 0.09305860846598864, 0.10232995408705498, 0.06948787625434598, 0.08614409804189374, 0.08879040208197961, 0.1069001418325826, 0.06743242361169258, 0.11274428303480033]","53_lag_ormenSSTjfm, 63_lag_ismPRjja, 48_lag_yrvPRjja, 65_lag_traMC, 61_lag_tripol1, 62_lag_nchinaPRjja, 59_lag_neurTSjfm, 61_lag_ginwSSTjfm, 67_lag_nchinaPRjja, 66_lag_ensoSSTjfm, 56_lag_traIFC, 61_lag_nppc3SSTjfm, 67_lag_samPSLann, 51_lag_neurTSjfm, 56_lag_traBO, 58_lag_arcTSjfm, 67_lag_traEU, 48_lag_traTLS, 58_lag_satlSSTjfm, 53_lag_neurTSjfm, 57_lag_stratZ50ndj01, 65_lag_stratZ50ndj01, 48_lag_mhfIP30, 51_lag_traDS, 60_lag_stratZ50ndj01, 55_lag_traMC, 55_lag_traFB, 56_lag_stratZ50ndj03, 54_lag_nchinaPRjja, 48_lag_traBS_2535_48"
LinearRegression,54,30,traMC,shigh,920.5,2005.5,0.4,69,49,49,14.693668729513686,-0.0773984214990077,2535,"['65_lag_atlSICsep', '66_lag_ensoSSTjfm', '60_lag_neurTSjfm', '62_lag_traBS', '61_lag_pdoSSTjfm', '65_lag_stratZ50ndj04', '59_lag_neurTSjfm', '61_lag_tripol1', '63_lag_ginwSSTjfm', '55_lag_traMC', '58_lag_ginwSSTjfm', '55_lag_traEU', '67_lag_stratZ50ndj01', '59_lag_stratZ50ndj01', '58_lag_satlSSTjfm', '67_lag_amoSSTmjjaso', '56_lag_traIFC', '68_lag_stratZ50ndj02', '68_lag_traEC', '65_lag_traMC', '53_lag_ormenSSTjfm', '49_lag_traTLS', '55_lag_traFB', '54_lag_nchinaPRjja', '51_lag_traDS', '57_lag_stratZ50ndj01', '53_lag_neurTSjfm', '56_lag_stratZ50ndj03', '62_lag_nchinaPRjja', '60_lag_stratZ50ndj01']","[0.02629537076971024, 0.0730579354516651, 0.026522041878862253, 0.075909939010559, 0.02644603972837483, 0.000889647197401353, 0.09319500629674862, 0.10006626499681757, 0.09820503667734656, 0.03737291057241457, 0.15866724913170846, 0.051317855288834674, 0.027479034553595627, 0.05660891369883155, 0.13686116138934917, 0.12441685138941744, 0.0922346199821329, 0.03780542371475584, 0.022698816885865024, 0.09754295756107788, 0.05439425700317876, 0.004470504408197595, 0.02841701722195626, 0.06364487242043718, 0.10610596066335748, 0.005234693078674621, 0.06028150080677033, 0.13425637541627577, 0.045698422625992635, 0.07673343168483114]","65_lag_atlSICsep, 66_lag_ensoSSTjfm, 60_lag_neurTSjfm, 62_lag_traBS, 61_lag_pdoSSTjfm, 65_lag_stratZ50ndj04, 59_lag_neurTSjfm, 61_lag_tripol1, 63_lag_ginwSSTjfm, 55_lag_traMC, 58_lag_ginwSSTjfm, 55_lag_traEU, 67_lag_stratZ50ndj01, 59_lag_stratZ50ndj01, 58_lag_satlSSTjfm, 67_lag_amoSSTmjjaso, 56_lag_traIFC, 68_lag_stratZ50ndj02, 68_lag_traEC, 65_lag_traMC, 53_lag_ormenSSTjfm, 49_lag_traTLS, 55_lag_traFB, 54_lag_nchinaPRjja, 51_lag_traDS, 57_lag_stratZ50ndj01, 53_lag_neurTSjfm, 56_lag_stratZ50ndj03, 62_lag_nchinaPRjja, 60_lag_stratZ50ndj01_2535_49"
LinearRegression,55,30,traMC,shigh,921.5,2005.5,0.4,70,50,50,14.755143667823075,-0.09717785390260118,2535,"['61_lag_ginwSSTjfm', '59_lag_traBS', '50_lag_arcTSjfm', '61_lag_nppc2SSTjfm', '62_lag_yrvPRjja', '67_lag_traEU', '67_lag_samPSLann', '58_lag_nppc2SSTjfm', '58_lag_arcTSjfm', '53_lag_ormenSSTjfm', '59_lag_stratZ50ndj01', '63_lag_ismPRjja', '68_lag_neurTSjfm', '58_lag_ginwSSTjfm', '66_lag_traEC', '57_lag_stratZ50ndj02', '63_lag_ginwSSTjfm', '53_lag_neurTSjfm', '55_lag_traMC', '69_lag_eurPSLjfm', '50_lag_ginwSSTjfm', '58_lag_satlSSTjfm', '57_lag_stratZ50ndj01', '56_lag_stratZ50ndj03', '55_lag_traFB', '68_lag_stratZ50ndj02', '69_lag_wnorPRjfm', '60_lag_stratZ50ndj01', '54_lag_nchinaPRjja', '62_lag_nchinaPRjja']","[0.02378032950949621, 1.8191496302527588e-05, 0.06403151793129634, 0.019850000468781413, 0.09362338785315744, 0.06077821562834181, 0.04849460425867912, 0.14344696049613612, 0.01283600182502981, 0.04537474150589672, 0.011071258456552423, 0.03141178429213219, 0.05358597122901317, 0.13665146878758602, 0.09464867804401346, 0.1050683699598961, 0.10103197762149427, 0.07561191092359774, 0.03505164523538036, 0.02317637255172174, 0.011982752153405921, 0.018895061517061017, 0.01778908945304809, 0.15209810757500722, 0.07251915538528625, 0.033883344054495536, 0.046287428363087364, 0.07403723107153855, 0.06899403843054587, 0.05660152042332551]","61_lag_ginwSSTjfm, 59_lag_traBS, 50_lag_arcTSjfm, 61_lag_nppc2SSTjfm, 62_lag_yrvPRjja, 67_lag_traEU, 67_lag_samPSLann, 58_lag_nppc2SSTjfm, 58_lag_arcTSjfm, 53_lag_ormenSSTjfm, 59_lag_stratZ50ndj01, 63_lag_ismPRjja, 68_lag_neurTSjfm, 58_lag_ginwSSTjfm, 66_lag_traEC, 57_lag_stratZ50ndj02, 63_lag_ginwSSTjfm, 53_lag_neurTSjfm, 55_lag_traMC, 69_lag_eurPSLjfm, 50_lag_ginwSSTjfm, 58_lag_satlSSTjfm, 57_lag_stratZ50ndj01, 56_lag_stratZ50ndj03, 55_lag_traFB, 68_lag_stratZ50ndj02, 69_lag_wnorPRjfm, 60_lag_stratZ50ndj01, 54_lag_nchinaPRjja, 62_lag_nchinaPRjja_2535_50"
LinearRegression,56,30,traMC,shigh,922.5,2005.5,0.4,71,51,51,14.821059812775523,-0.09581654728146861,2535,"['59_lag_stratZ50ndj01', '68_lag_traEC', '67_lag_samPSLann', '62_lag_yrvPRjja', '58_lag_satlSSTjfm', '58_lag_arcTSjfm', '58_lag_nppc2SSTjfm', '63_lag_ginwSSTjfm', '56_lag_neurTSjfm', '53_lag_neurTSjfm', '56_lag_alpi', '61_lag_nppc3SSTjfm', '61_lag_nppc2SSTjfm', '68_lag_neurTSjfm', '60_lag_stratZ50ndj01', '51_lag_ginwSSTjfm', '58_lag_stratZ50ndj01', '54_lag_nchinaPRjja', '55_lag_eurPSLjfm', '51_lag_alpi', '63_lag_ismPRjja', '56_lag_stratZ50ndj03', '51_lag_traIFC', '55_lag_traMC', '55_lag_traEU', '70_lag_stratZ50ndj02', '69_lag_wnorPRjfm', '57_lag_stratZ50ndj01', '51_lag_traDS', '62_lag_nchinaPRjja']","[0.019074379660886664, 0.048442566510003435, 0.05878648160205663, 0.10102490666864924, 0.02480002282037704, 0.030395427458857847, 0.174948279356525, 0.1434214271312614, 0.1415761280830011, 0.1114832422698845, 0.027801926351583215, 0.09621722823006718, 0.0170805271453789, 0.04077325097907099, 0.08138870850625483, 0.013979214037450068, 0.05431680976333983, 0.07380129070932184, 0.13491377263626403, 0.042681930403472075, 0.055473242064124746, 0.0978211789056812, 0.006786273040733532, 0.04366142198108058, 0.07781747500837688, 0.028624327611486804, 0.07345513713815094, 0.01128506425194712, 0.06801357798073157, 0.03251966597230521]","59_lag_stratZ50ndj01, 68_lag_traEC, 67_lag_samPSLann, 62_lag_yrvPRjja, 58_lag_satlSSTjfm, 58_lag_arcTSjfm, 58_lag_nppc2SSTjfm, 63_lag_ginwSSTjfm, 56_lag_neurTSjfm, 53_lag_neurTSjfm, 56_lag_alpi, 61_lag_nppc3SSTjfm, 61_lag_nppc2SSTjfm, 68_lag_neurTSjfm, 60_lag_stratZ50ndj01, 51_lag_ginwSSTjfm, 58_lag_stratZ50ndj01, 54_lag_nchinaPRjja, 55_lag_eurPSLjfm, 51_lag_alpi, 63_lag_ismPRjja, 56_lag_stratZ50ndj03, 51_lag_traIFC, 55_lag_traMC, 55_lag_traEU, 70_lag_stratZ50ndj02, 69_lag_wnorPRjfm, 57_lag_stratZ50ndj01, 51_lag_traDS, 62_lag_nchinaPRjja_2535_51"
LinearRegression,57,30,traMC,shigh,923.5,2005.5,0.4,72,52,52,14.106856799624914,0.015317310743624874,2535,"['59_lag_ismPRjja', '67_lag_samPSLann', '59_lag_traFB', '58_lag_satlSSTjfm', '58_lag_nppc2SSTjfm', '70_lag_scpPSLjfm', '55_lag_eurPSLjfm', '55_lag_traEU', '52_lag_traBS', '52_lag_amo2', '65_lag_stratZ50ndj02', '58_lag_traEC', '66_lag_atlSICjfm', '69_lag_traTLS', '62_lag_traDS', '62_lag_amo3', '58_lag_nchinaPRjja', '70_lag_traFB', '56_lag_stratZ50ndj03', '65_lag_traMC', '56_lag_alpi', '54_lag_nchinaPRjja', '71_lag_stratZ50ndj04', '70_lag_traBS', '63_lag_ismPRjja', '71_lag_traTLS', '58_lag_stratZ50ndj01', '62_lag_nchinaPRjja', '69_lag_wnorPRjfm', '70_lag_stratZ50ndj02']","[0.034941806133903124, 0.05681683584683682, 0.058116816868664066, 0.013264798199888595, 0.15430728685501585, 0.028118240607591435, 0.11054105745114744, 0.07017591930752873, 0.042299896055798036, 0.05297898452994417, 0.00516007827557617, 0.09078722374966819, 0.01717864721322437, 0.06590663727894018, 0.07122676465570185, 0.09477864860597988, 0.02234774358811646, 0.043607573991971245, 0.12680310397233271, 0.11376916523123533, 0.023938015347361785, 0.07273101478804943, 0.11508374051131959, 0.048985458776014165, 0.030396698367637264, 0.07772716130026645, 0.09591712904766501, 0.03856484453873496, 0.06694412694909413, 0.03392153980784241]","59_lag_ismPRjja, 67_lag_samPSLann, 59_lag_traFB, 58_lag_satlSSTjfm, 58_lag_nppc2SSTjfm, 70_lag_scpPSLjfm, 55_lag_eurPSLjfm, 55_lag_traEU, 52_lag_traBS, 52_lag_amo2, 65_lag_stratZ50ndj02, 58_lag_traEC, 66_lag_atlSICjfm, 69_lag_traTLS, 62_lag_traDS, 62_lag_amo3, 58_lag_nchinaPRjja, 70_lag_traFB, 56_lag_stratZ50ndj03, 65_lag_traMC, 56_lag_alpi, 54_lag_nchinaPRjja, 71_lag_stratZ50ndj04, 70_lag_traBS, 63_lag_ismPRjja, 71_lag_traTLS, 58_lag_stratZ50ndj01, 62_lag_nchinaPRjja, 69_lag_wnorPRjfm, 70_lag_stratZ50ndj02_2535_52"
LinearRegression,58,30,traMC,shigh,924.5,2005.5,0.4,73,53,53,14.156966046042799,0.053990313897077105,2535,"['59_lag_traFB', '65_lag_traMC', '62_lag_traDS', '53_lag_amo2', '72_lag_nppc3SSTjfm', '53_lag_eurPSLjfm', '69_lag_traTLS', '59_lag_ismPRjja', '62_lag_nchinaPRjja', '63_lag_ginwSSTjfm', '67_lag_samPSLann', '62_lag_amo3', '70_lag_traFB', '58_lag_stratZ50ndj01', '56_lag_alpi', '71_lag_stratZ50ndj04', '72_lag_traWP', '68_lag_alpi', '70_lag_traMC', '58_lag_traEC', '56_lag_stratZ50ndj03', '72_lag_ginwSSTjfm', '58_lag_nchinaPRjja', '63_lag_ismPRjja', '58_lag_nppc2SSTjfm', '69_lag_wnorPRjfm', '53_lag_neurTSjfm', '70_lag_traBS', '58_lag_nppc3SSTjfm', '70_lag_stratZ50ndj02']","[0.07911899887477672, 0.07666433655828825, 0.12124978131153025, 0.14634496666177466, 0.0030146102489179627, 0.02213348220553823, 0.11012211103413427, 0.030276063142620224, 0.033703810234884994, 0.13666456930171306, 0.06343050238759326, 0.1079531479077471, 0.02620071195901288, 0.1120835818360545, 0.019345043432252317, 0.134626930533909, 0.09397191304289663, 0.04940823270813243, 0.20077333905590267, 0.08639810031441317, 0.13666039338621555, 0.08740434638106166, 0.009600501706076401, 0.04732662182572028, 0.11611591200443643, 0.07189625160307993, 0.11138909341852717, 0.047839091487236855, 0.04336258817973525, 0.029982535777061312]","59_lag_traFB, 65_lag_traMC, 62_lag_traDS, 53_lag_amo2, 72_lag_nppc3SSTjfm, 53_lag_eurPSLjfm, 69_lag_traTLS, 59_lag_ismPRjja, 62_lag_nchinaPRjja, 63_lag_ginwSSTjfm, 67_lag_samPSLann, 62_lag_amo3, 70_lag_traFB, 58_lag_stratZ50ndj01, 56_lag_alpi, 71_lag_stratZ50ndj04, 72_lag_traWP, 68_lag_alpi, 70_lag_traMC, 58_lag_traEC, 56_lag_stratZ50ndj03, 72_lag_ginwSSTjfm, 58_lag_nchinaPRjja, 63_lag_ismPRjja, 58_lag_nppc2SSTjfm, 69_lag_wnorPRjfm, 53_lag_neurTSjfm, 70_lag_traBS, 58_lag_nppc3SSTjfm, 70_lag_stratZ50ndj02_2535_53"
LinearRegression,59,30,traMC,shigh,925.5,2005.5,0.4,74,54,54,13.91197929206604,0.10091404489019999,2535,"['72_lag_traBS', '72_lag_ginwSSTjfm', '73_lag_scpPSLjfm', '58_lag_stratZ50ndj01', '66_lag_atlSICsep', '58_lag_traTLS', '67_lag_samPSLann', '58_lag_nchinaPRjja', '59_lag_traFB', '65_lag_atlSICsep', '62_lag_traDS', '60_lag_traEC', '69_lag_traTLS', '72_lag_nppc3SSTjfm', '68_lag_alpi', '65_lag_traEU', '73_lag_stratZ50ndj03', '72_lag_traWP', '70_lag_traMC', '65_lag_traMC', '57_lag_stratZ50ndj01', '58_lag_nppc2SSTjfm', '56_lag_stratZ50ndj03', '72_lag_traFSC', '54_lag_nchinaPRjja', '58_lag_nppc3SSTjfm', '69_lag_wnorPRjfm', '70_lag_stratZ50ndj02', '63_lag_ginwSSTjfm', '72_lag_traBO']","[0.0829535986925533, 0.07748662575758954, 0.07079626081386488, 0.1239635706294924, 0.030752008718263724, 0.09346632811467287, 0.05674678302411974, 0.006546784115117686, 0.06216233661401252, 0.004264960707766792, 0.0918895455778941, 0.0382107653495642, 0.10054389714194516, 0.06585345610485155, 0.0477238693457841, 0.006620228939294165, 0.05287363649253398, 0.08806299356569937, 0.19013357135270606, 0.07496955183307653, 0.01541177774386264, 0.13473319594472938, 0.13792172907318095, 0.06869719657882313, 0.052201650701946344, 0.0072616172642971655, 0.04493210408685862, 0.041610096103153686, 0.14041929760918678, 0.04254136116752626]","72_lag_traBS, 72_lag_ginwSSTjfm, 73_lag_scpPSLjfm, 58_lag_stratZ50ndj01, 66_lag_atlSICsep, 58_lag_traTLS, 67_lag_samPSLann, 58_lag_nchinaPRjja, 59_lag_traFB, 65_lag_atlSICsep, 62_lag_traDS, 60_lag_traEC, 69_lag_traTLS, 72_lag_nppc3SSTjfm, 68_lag_alpi, 65_lag_traEU, 73_lag_stratZ50ndj03, 72_lag_traWP, 70_lag_traMC, 65_lag_traMC, 57_lag_stratZ50ndj01, 58_lag_nppc2SSTjfm, 56_lag_stratZ50ndj03, 72_lag_traFSC, 54_lag_nchinaPRjja, 58_lag_nppc3SSTjfm, 69_lag_wnorPRjfm, 70_lag_stratZ50ndj02, 63_lag_ginwSSTjfm, 72_lag_traBO_2535_54"
LinearRegression,60,30,traMC,shigh,926.5,2005.5,0.4,75,55,55,13.906522086493768,0.11457687244683677,2535,"['63_lag_ismPRjja', '62_lag_traBS', '55_lag_traEC', '70_lag_stratZ50ndj02', '55_lag_traMC', '57_lag_stratZ50ndj02', '57_lag_stratZ50ndj01', '59_lag_traFB', '58_lag_traTLS', '74_lag_mhfATL30', '66_lag_traEC', '67_lag_samPSLann', '62_lag_traDS', '60_lag_traTLS', '58_lag_nppc3SSTjfm', '72_lag_nppc3SSTjfm', '59_lag_traTLS', '55_lag_58_median_ginwSSTjfm', '74_lag_nchinaPRjja', '70_lag_traMC', '71_lag_traIT', '72_lag_traFSC', '74_lag_stratZ50ndj03', '58_lag_nchinaPRjja', '69_lag_traTLS', '72_lag_traBO', '69_lag_wnorPRjfm', '65_lag_traMC', '68_lag_alpi', '63_lag_ginwSSTjfm']","[0.036663298085792884, 0.07201663995955235, 0.060682841485244825, 0.05760668196072007, 0.10069451753220497, 0.042336662117218156, 0.007796123369095125, 0.07047881140655746, 0.0348839904993825, 0.14179726045329843, 0.08031365113979026, 0.058134950639157336, 0.08704932323188164, 0.03246240401535573, 0.0476605437587949, 0.07505253613085361, 0.01791707706261867, 0.1603235695683443, 0.08237795637289677, 0.14501080961070092, 0.06190166096409772, 0.11052533099655683, 0.06353806420222, 0.0023381371436089335, 0.08373016984573088, 0.002137670297047709, 0.05483644680478812, 0.10517217366850322, 0.0468368106984927, 0.11756254821008574]","63_lag_ismPRjja, 62_lag_traBS, 55_lag_traEC, 70_lag_stratZ50ndj02, 55_lag_traMC, 57_lag_stratZ50ndj02, 57_lag_stratZ50ndj01, 59_lag_traFB, 58_lag_traTLS, 74_lag_mhfATL30, 66_lag_traEC, 67_lag_samPSLann, 62_lag_traDS, 60_lag_traTLS, 58_lag_nppc3SSTjfm, 72_lag_nppc3SSTjfm, 59_lag_traTLS, 55_lag_58_median_ginwSSTjfm, 74_lag_nchinaPRjja, 70_lag_traMC, 71_lag_traIT, 72_lag_traFSC, 74_lag_stratZ50ndj03, 58_lag_nchinaPRjja, 69_lag_traTLS, 72_lag_traBO, 69_lag_wnorPRjfm, 65_lag_traMC, 68_lag_alpi, 63_lag_ginwSSTjfm_2535_55"
LinearRegression,61,30,traMC,shigh,927.5,2005.5,0.4,76,56,58,13.890464131025848,0.0993360595201541,2535,"['65_lag_traEU', '67_lag_samPSLann', '60_lag_traTLS', '63_lag_alpi', '68_lag_traEC', '73_lag_amoSSTmjjaso', '73_lag_eurPSLjfm', '59_lag_traFB', '72_lag_nppc3SSTjfm', '66_lag_traEC', '59_lag_alpi', '71_lag_traIT', '69_lag_traTLS', '67_lag_satlSSTjfm', '63_lag_ginwSSTjfm', '73_lag_scpPSLjfm', '72_lag_traBO', '58_lag_traTLS', '68_lag_nppc3SSTjfm', '74_lag_nchinaPRjja', '65_lag_traMC', '59_lag_traTLS', '75_lag_traMC', '75_lag_ismPRjja', '69_lag_wnorPRjfm', '67_lag_traEU', '68_lag_alpi', '70_lag_traMC', '75_lag_amoSSTmjjaso', '72_lag_traFSC']","[0.030205810057678705, 0.05485471393519373, 0.03204983001815639, 0.07822651593373928, 0.0681319522693818, 0.0357000505651913, 0.05419621513710612, 0.05722021821519712, 0.030295831508984107, 0.09704583937962374, 0.04936596002269776, 0.03972221907894841, 0.0626286238975479, 0.15754312290606515, 0.12175767043484347, 0.05180908674929747, 0.05768968773080325, 0.10309287537259117, 0.002253639419106033, 0.10014982327176462, 0.06497415783349059, 0.010994729029940219, 0.06474485797183659, 0.1384236760759428, 0.037117277214765404, 0.08092902522732459, 0.041316704328682174, 0.1378098930312515, 0.21201660368191869, 0.14329471820503156]","65_lag_traEU, 67_lag_samPSLann, 60_lag_traTLS, 63_lag_alpi, 68_lag_traEC, 73_lag_amoSSTmjjaso, 73_lag_eurPSLjfm, 59_lag_traFB, 72_lag_nppc3SSTjfm, 66_lag_traEC, 59_lag_alpi, 71_lag_traIT, 69_lag_traTLS, 67_lag_satlSSTjfm, 63_lag_ginwSSTjfm, 73_lag_scpPSLjfm, 72_lag_traBO, 58_lag_traTLS, 68_lag_nppc3SSTjfm, 74_lag_nchinaPRjja, 65_lag_traMC, 59_lag_traTLS, 75_lag_traMC, 75_lag_ismPRjja, 69_lag_wnorPRjfm, 67_lag_traEU, 68_lag_alpi, 70_lag_traMC, 75_lag_amoSSTmjjaso, 72_lag_traFSC_2535_58"
LinearRegression,62,30,traMC,shigh,928.5,2005.5,0.4,77,57,57,13.77936547772535,0.12124243383637798,2535,"['63_lag_traBS', '57_lag_60_median_eapPSLjfm', '64_lag_ismPRjja', '57_lag_nchinaPRjja', '61_lag_alpi', '65_lag_traEU', '68_lag_nppc3SSTjfm', '71_lag_traTLS', '75_lag_amoSSTmjjaso', '63_lag_alpi', '65_lag_traMC', '75_lag_traMC', '71_lag_traIT', '61_lag_nppc2SSTjfm', '74_lag_nchinaPRjja', '76_lag_traFB', '64_lag_nchinaPRjja', '69_lag_wnorPRjfm', '75_lag_traWP', '73_lag_eurPSLjfm', '67_lag_satlSSTjfm', '59_lag_traFB', '72_lag_nppc3SSTjfm', '68_lag_traEC', '73_lag_scpPSLjfm', '68_lag_alpi', '72_lag_traFSC', '67_lag_traEU', '57_lag_samPSLann', '70_lag_traMC']","[0.03371935226060784, 0.19298643488306472, 0.05667743240933517, 0.07734780224239238, 0.026466054246759827, 0.00493943278686577, 0.001943706028907044, 0.06405878402901576, 0.12928123451707133, 0.1026075211080852, 0.03440898716940848, 0.09961550066767147, 0.04140301863401376, 0.09061822228977712, 0.10456732709529827, 0.12634033086474328, 0.06700436436244842, 0.049057828403709466, 0.18535485167848012, 0.05052162536518937, 0.19528498080241932, 0.046773028225149074, 0.07505680741143655, 0.03657326822836401, 0.07373943173441383, 0.03172921066951225, 0.10837150698454723, 0.08877763349374757, 0.09283850529819682, 0.16786300082602804]","63_lag_traBS, 57_lag_60_median_eapPSLjfm, 64_lag_ismPRjja, 57_lag_nchinaPRjja, 61_lag_alpi, 65_lag_traEU, 68_lag_nppc3SSTjfm, 71_lag_traTLS, 75_lag_amoSSTmjjaso, 63_lag_alpi, 65_lag_traMC, 75_lag_traMC, 71_lag_traIT, 61_lag_nppc2SSTjfm, 74_lag_nchinaPRjja, 76_lag_traFB, 64_lag_nchinaPRjja, 69_lag_wnorPRjfm, 75_lag_traWP, 73_lag_eurPSLjfm, 67_lag_satlSSTjfm, 59_lag_traFB, 72_lag_nppc3SSTjfm, 68_lag_traEC, 73_lag_scpPSLjfm, 68_lag_alpi, 72_lag_traFSC, 67_lag_traEU, 57_lag_samPSLann, 70_lag_traMC_2535_57"
LinearRegression,63,30,traMC,shigh,929.5,2005.5,0.4,78,58,58,14.186941623789995,0.03787810982405045,2535,"['75_lag_pdoSSTjfm', '67_lag_satlSSTjfm', '72_lag_tripol2', '68_lag_nppc3SSTjfm', '68_lag_cetTSjfm', '66_lag_atlSICjfm', '75_lag_amoSSTmjjaso', '65_lag_tripol3', '72_lag_naoPSLjfm', '70_lag_eurPSLjfm', '72_lag_eurPSLjfm', '65_lag_traMC', '73_lag_scpPSLjfm', '73_lag_eurPSLjfm', '58_lag_arcTSjfm', '71_lag_traIT', '63_lag_traBS', '69_lag_traEU', '77_lag_eurPSLjfm', '65_lag_traEU', '61_lag_nppc2SSTjfm', '64_lag_nchinaPRjja', '70_lag_traMC', '68_lag_traEC', '72_lag_nppc3SSTjfm', '75_lag_traWP', '77_lag_traWP', '67_lag_traEU', '68_lag_alpi', '72_lag_traFSC']","[0.03625732664050003, 0.27526140766020735, 0.12849165441641774, 0.04261272028574951, 0.10889497380308602, 0.033623078802346086, 0.18559458806183468, 0.11127622806420202, 0.1744852354815814, 0.09448181216399165, 0.029914360668337203, 0.050286947721688, 0.04883854105792777, 0.08996221259706493, 0.0038572005502178546, 0.053248497173963585, 0.03062773918285083, 0.09742796637498066, 0.04848352944003052, 0.0022324374185130856, 0.09557089756040138, 0.07817443513793913, 0.14170490264729235, 0.05040468537168377, 0.06370855581692633, 0.08954795299604715, 0.15447160013464825, 0.08651853719696069, 0.02801243295225033, 0.21593465596668093]","75_lag_pdoSSTjfm, 67_lag_satlSSTjfm, 72_lag_tripol2, 68_lag_nppc3SSTjfm, 68_lag_cetTSjfm, 66_lag_atlSICjfm, 75_lag_amoSSTmjjaso, 65_lag_tripol3, 72_lag_naoPSLjfm, 70_lag_eurPSLjfm, 72_lag_eurPSLjfm, 65_lag_traMC, 73_lag_scpPSLjfm, 73_lag_eurPSLjfm, 58_lag_arcTSjfm, 71_lag_traIT, 63_lag_traBS, 69_lag_traEU, 77_lag_eurPSLjfm, 65_lag_traEU, 61_lag_nppc2SSTjfm, 64_lag_nchinaPRjja, 70_lag_traMC, 68_lag_traEC, 72_lag_nppc3SSTjfm, 75_lag_traWP, 77_lag_traWP, 67_lag_traEU, 68_lag_alpi, 72_lag_traFSC_2535_58"
LinearRegression,64,30,traMC,shigh,930.5,2005.5,0.4,79,59,59,13.840572961474704,0.0705243745252588,2535,"['70_lag_traBS', '64_lag_eurPSLjfm', '68_lag_traEC', '72_lag_nppc3SSTjfm', '59_lag_traEU', '59_lag_ismPRjja', '65_lag_tripol3', '63_lag_shSICmar', '59_lag_traTLS', '59_lag_traFB', '66_lag_atlSICjfm', '78_lag_wnorPRjfm', '76_lag_traFB', '73_lag_traEU', '73_lag_eurPSLjfm', '78_lag_atlSICsep', '70_lag_eurPSLjfm', '63_lag_ginwSSTjfm', '77_lag_traWP', '75_lag_traWP', '70_lag_traMC', '64_lag_nchinaPRjja', '66_lag_traBS', '65_lag_traEU', '61_lag_nppc2SSTjfm', '63_lag_traBS', '67_lag_traEU', '69_lag_traEU', '72_lag_traFSC', '68_lag_alpi']","[0.004311059858612224, 0.08058817952906613, 0.034695480491199984, 0.04410368787380167, 0.026531469027590973, 0.04786803249564547, 0.12535932988632034, 0.10583547463055817, 0.0024116156687778705, 0.03415170599645527, 0.009776233301343093, 0.018833276328398083, 0.11949813605949011, 0.026095146487802028, 0.054124201051065544, 0.08083316203363447, 0.06802415794395485, 0.12848811001842542, 0.13386584791431855, 0.1297677713465027, 0.1779061872029029, 0.03282646826372515, 0.14444432774848096, 0.03106337124485322, 0.10733848168612026, 0.05777349107991162, 0.0562417707260079, 0.10577432243274525, 0.1050526170050483, 0.02350400739403921]","70_lag_traBS, 64_lag_eurPSLjfm, 68_lag_traEC, 72_lag_nppc3SSTjfm, 59_lag_traEU, 59_lag_ismPRjja, 65_lag_tripol3, 63_lag_shSICmar, 59_lag_traTLS, 59_lag_traFB, 66_lag_atlSICjfm, 78_lag_wnorPRjfm, 76_lag_traFB, 73_lag_traEU, 73_lag_eurPSLjfm, 78_lag_atlSICsep, 70_lag_eurPSLjfm, 63_lag_ginwSSTjfm, 77_lag_traWP, 75_lag_traWP, 70_lag_traMC, 64_lag_nchinaPRjja, 66_lag_traBS, 65_lag_traEU, 61_lag_nppc2SSTjfm, 63_lag_traBS, 67_lag_traEU, 69_lag_traEU, 72_lag_traFSC, 68_lag_alpi_2535_59"
LinearRegression,65,30,traMC,shigh,931.5,2005.5,0.4,80,60,60,14.250034147793677,0.015066900317813884,2535,"['60_lag_63_median_ginwSSTjfm', '65_lag_tripol3', '68_lag_cetTSjfm', '64_lag_ismPRjja', '78_lag_wnorPRjfm', '66_lag_atlSICjfm', '68_lag_traEC', '70_lag_traBS', '63_lag_traBS', '75_lag_amoSSTmjjaso', '60_lag_61_median_nppc2SSTjfm', '66_lag_mhfATL60', '61_lag_nppc2SSTjfm', '73_lag_stratZ50ndj03', '79_lag_ismPRjja', '75_lag_traWP', '60_lag_63_median_neurTSjfm', '72_lag_eurPSLjfm', '67_lag_traEU', '64_lag_nchinaPRjja', '65_lag_traEU', '79_lag_atlSICsep', '70_lag_traMC', '63_lag_ginwSSTjfm', '68_lag_alpi', '77_lag_traWP', '69_lag_traEU', '73_lag_eurPSLjfm', '72_lag_traFSC', '79_lag_stratZ50ndj02']","[0.12564439355102505, 0.0773600289878073, 0.08241209699788964, 0.033679046781921185, 0.026773978909043476, 0.024533522796671772, 0.06202642954391126, 0.004514533160647055, 0.0688001375709204, 0.16362173880838182, 2621722210800.475, 0.1258355189707492, 2621722210800.3843, 0.08175511155627185, 0.05659642549088159, 0.11782579273353035, 0.18279098852249198, 0.06381955060928882, 0.06227369599857913, 0.07120434842167865, 0.012105546234464061, 0.13849001666763006, 0.1838852165593091, 0.05290073818347721, 0.028387191580944965, 0.15531806880233578, 0.08186605221935302, 0.026870466373331223, 0.1122385731941535, 0.11322451263797578]","60_lag_63_median_ginwSSTjfm, 65_lag_tripol3, 68_lag_cetTSjfm, 64_lag_ismPRjja, 78_lag_wnorPRjfm, 66_lag_atlSICjfm, 68_lag_traEC, 70_lag_traBS, 63_lag_traBS, 75_lag_amoSSTmjjaso, 60_lag_61_median_nppc2SSTjfm, 66_lag_mhfATL60, 61_lag_nppc2SSTjfm, 73_lag_stratZ50ndj03, 79_lag_ismPRjja, 75_lag_traWP, 60_lag_63_median_neurTSjfm, 72_lag_eurPSLjfm, 67_lag_traEU, 64_lag_nchinaPRjja, 65_lag_traEU, 79_lag_atlSICsep, 70_lag_traMC, 63_lag_ginwSSTjfm, 68_lag_alpi, 77_lag_traWP, 69_lag_traEU, 73_lag_eurPSLjfm, 72_lag_traFSC, 79_lag_stratZ50ndj02_2535_60"
LinearRegression,66,30,traMC,shigh,932.5,2005.5,0.4,81,61,61,14.595032659785845,0.025889791487900996,2535,"['63_lag_traBS', '78_lag_nppc2SSTjfm', '74_lag_stratZ50ndj03', '73_lag_traEU', '65_lag_traBS', '69_lag_wnorPRjfm', '74_lag_mhfATL30', '66_lag_mhfATL60', '75_lag_scpPSLjfm', '68_lag_cetTSjfm', '66_lag_atlSICjfm', '73_lag_stratZ50ndj03', '65_lag_tripol3', '72_lag_eurPSLjfm', '75_lag_amoSSTmjjaso', '63_lag_ginwSSTjfm', '79_lag_atlSICsep', '61_lag_traEC', '61_lag_nppc2SSTjfm', '77_lag_traWP', '70_lag_traMC', '64_lag_nchinaPRjja', '73_lag_eurPSLjfm', '73_lag_traIFC', '68_lag_alpi', '75_lag_traWP', '72_lag_traFSC', '65_lag_traEU', '69_lag_traEU', '79_lag_stratZ50ndj02']","[0.0916697900281139, 0.07285174545160684, 0.07885412111909551, 0.003932204525677015, 0.19539512023809744, 0.05401015328500115, 0.18225523214319012, 0.1760038516839414, 0.059477704178831484, 0.0778642428601347, 0.01917599676839551, 0.05050558732818828, 0.06487600418040068, 0.043165297360227055, 0.19640344589366632, 0.13194072956894248, 0.13521749421250343, 0.10894498974291916, 0.09220313633816538, 0.2042674590430171, 0.19269934567930483, 0.07370154533642986, 0.028539271463050096, 0.03156468674581621, 0.014102164872423835, 0.0745663351922696, 0.1280830718753242, 0.0003504258473742382, 0.07514497575221125, 0.1469557566403587]","63_lag_traBS, 78_lag_nppc2SSTjfm, 74_lag_stratZ50ndj03, 73_lag_traEU, 65_lag_traBS, 69_lag_wnorPRjfm, 74_lag_mhfATL30, 66_lag_mhfATL60, 75_lag_scpPSLjfm, 68_lag_cetTSjfm, 66_lag_atlSICjfm, 73_lag_stratZ50ndj03, 65_lag_tripol3, 72_lag_eurPSLjfm, 75_lag_amoSSTmjjaso, 63_lag_ginwSSTjfm, 79_lag_atlSICsep, 61_lag_traEC, 61_lag_nppc2SSTjfm, 77_lag_traWP, 70_lag_traMC, 64_lag_nchinaPRjja, 73_lag_eurPSLjfm, 73_lag_traIFC, 68_lag_alpi, 75_lag_traWP, 72_lag_traFSC, 65_lag_traEU, 69_lag_traEU, 79_lag_stratZ50ndj02_2535_61"
LinearRegression,67,30,traMC,shigh,933.5,2005.5,0.4,82,62,64,14.07014234008337,0.11096391693768731,2535,"['80_lag_ismPRjja', '65_lag_tripol3', '65_lag_traBS', '81_lag_ismPRjja', '72_lag_eurPSLjfm', '77_lag_traWP', '66_lag_nchinaPRjja', '78_lag_scpPSLjfm', '72_lag_ginwSSTjfm', '80_lag_arcTSjfm', '74_lag_stratZ50ndj03', '74_lag_mhfATL30', '81_lag_stratZ50ndj01', '66_lag_atlSICjfm', '68_lag_cetTSjfm', '72_lag_traBO', '68_lag_alpi', '73_lag_stratZ50ndj03', '75_lag_traWP', '73_lag_eurPSLjfm', '73_lag_traIFC', '75_lag_amoSSTmjjaso', '79_lag_atlSICsep', '70_lag_traMC', '65_lag_traEU', '64_lag_nchinaPRjja', '72_lag_traFSC', '69_lag_traEU', '79_lag_stratZ50ndj02', '81_lag_traMC']","[0.06430183859235691, 0.07272353074890217, 0.1719954377104934, 0.044926455440121096, 0.029156610422450362, 0.16714792707304246, 0.02026405052427517, 0.08807724932731036, 0.08478469435127163, 0.015581202522240583, 0.09665784508027403, 0.2230846755084882, 0.019629458758902246, 0.010720380927217919, 0.08173747524037077, 0.007269052074658816, 0.03135806952756947, 0.05965593270110528, 0.05627530856523879, 0.01615113575124977, 0.020372667989653655, 0.23874387430330168, 0.0997898386693162, 0.16285089100722636, 0.018542347216543936, 0.08285473537808365, 0.0714892547780312, 0.07201663371865154, 0.1363657233167892, 0.1929804432483458]","80_lag_ismPRjja, 65_lag_tripol3, 65_lag_traBS, 81_lag_ismPRjja, 72_lag_eurPSLjfm, 77_lag_traWP, 66_lag_nchinaPRjja, 78_lag_scpPSLjfm, 72_lag_ginwSSTjfm, 80_lag_arcTSjfm, 74_lag_stratZ50ndj03, 74_lag_mhfATL30, 81_lag_stratZ50ndj01, 66_lag_atlSICjfm, 68_lag_cetTSjfm, 72_lag_traBO, 68_lag_alpi, 73_lag_stratZ50ndj03, 75_lag_traWP, 73_lag_eurPSLjfm, 73_lag_traIFC, 75_lag_amoSSTmjjaso, 79_lag_atlSICsep, 70_lag_traMC, 65_lag_traEU, 64_lag_nchinaPRjja, 72_lag_traFSC, 69_lag_traEU, 79_lag_stratZ50ndj02, 81_lag_traMC_2535_64"
LinearRegression,68,30,traMC,shigh,934.5,2005.5,0.4,83,63,63,13.979136187831083,0.12668547274857045,2535,"['80_lag_amo1', '63_lag_stratZ50ndj03', '63_lag_alpi', '78_lag_scpPSLjfm', '63_lag_traBS', '79_lag_atlSICsep', '74_lag_stratZ50ndj03', '80_lag_ismPRjja', '81_lag_traBO', '72_lag_eurPSLjfm', '72_lag_traBO', '82_lag_wnorPRjfm', '67_lag_traEU', '63_lag_shSICmar', '70_lag_traMC', '68_lag_cetTSjfm', '74_lag_mhfATL30', '73_lag_traIFC', '81_lag_stratZ50ndj01', '65_lag_traEU', '68_lag_alpi', '75_lag_traWP', '73_lag_stratZ50ndj03', '73_lag_eurPSLjfm', '75_lag_amoSSTmjjaso', '72_lag_traFSC', '63_lag_ginwSSTjfm', '69_lag_traEU', '79_lag_stratZ50ndj02', '81_lag_traMC']","[0.10321126027236384, 0.039847732372183774, 0.07587807569073945, 0.11025729425412739, 0.06217800818648185, 0.12814192888584766, 0.08633539138396495, 0.050934607417970006, 0.11860358086763145, 0.05499629544045929, 0.019087587130607857, 0.022256358515633363, 0.061721295963801416, 0.11266784725752205, 0.19340867034994957, 0.05304870968050653, 0.22300862017837944, 0.012388911434833033, 0.014250720091640426, 0.010374735714272507, 0.01678988531048809, 0.12413426826825295, 0.05123041261762702, 0.045078955357053335, 0.21271658362124743, 0.08742304838565002, 0.0972389890846713, 0.10812455127855655, 0.11168606830430265, 0.18252037212526478]","80_lag_amo1, 63_lag_stratZ50ndj03, 63_lag_alpi, 78_lag_scpPSLjfm, 63_lag_traBS, 79_lag_atlSICsep, 74_lag_stratZ50ndj03, 80_lag_ismPRjja, 81_lag_traBO, 72_lag_eurPSLjfm, 72_lag_traBO, 82_lag_wnorPRjfm, 67_lag_traEU, 63_lag_shSICmar, 70_lag_traMC, 68_lag_cetTSjfm, 74_lag_mhfATL30, 73_lag_traIFC, 81_lag_stratZ50ndj01, 65_lag_traEU, 68_lag_alpi, 75_lag_traWP, 73_lag_stratZ50ndj03, 73_lag_eurPSLjfm, 75_lag_amoSSTmjjaso, 72_lag_traFSC, 63_lag_ginwSSTjfm, 69_lag_traEU, 79_lag_stratZ50ndj02, 81_lag_traMC_2535_63"
LinearRegression,69,30,traMC,shigh,935.5,2005.5,0.4,84,64,66,14.002818577637969,0.11275144429982009,2535,"['69_lag_wnorPRjfm', '73_lag_traIFC', '75_lag_stratZ50ndj04', '79_lag_atlSICsep', '83_lag_ormenSSTjfm', '81_lag_stratZ50ndj02', '81_lag_traBO', '80_lag_amo1', '75_lag_traWP', '68_lag_cetTSjfm', '82_lag_wnorPRjfm', '74_lag_stratZ50ndj03', '73_lag_stratZ50ndj03', '75_lag_yrvPRjja', '74_lag_mhfATL30', '67_lag_alpi', '79_lag_shSICmar', '73_lag_eurPSLjfm', '67_lag_traEU', '83_lag_traMC', '66_lag_traBS', '75_lag_amoSSTmjjaso', '72_lag_traFSC', '78_lag_scpPSLjfm', '81_lag_stratZ50ndj01', '72_lag_traBO', '68_lag_alpi', '69_lag_traEU', '79_lag_stratZ50ndj02', '81_lag_traMC']","[0.052977232346094145, 0.026781662279443334, 0.034327687084135194, 0.13623387624937952, 0.0938182306595477, 0.04790738821941231, 0.08110376118422744, 0.14147105307633018, 0.05129729712035514, 0.08677758338703144, 0.00124528577360136, 0.09876094031447825, 0.04389742855693452, 0.12425183766875494, 0.230281990693781, 0.04828950920684579, 0.00697378084674727, 0.045003640748223196, 0.06472502738984402, 0.06966601572253545, 0.17279210447078952, 0.22025934311224699, 0.08982108685995654, 0.09672009458656562, 0.038223137330181754, 0.0026171458898245677, 0.03337880697106016, 0.07693157670319965, 0.11405399702114327, 0.1953374572040198]","69_lag_wnorPRjfm, 73_lag_traIFC, 75_lag_stratZ50ndj04, 79_lag_atlSICsep, 83_lag_ormenSSTjfm, 81_lag_stratZ50ndj02, 81_lag_traBO, 80_lag_amo1, 75_lag_traWP, 68_lag_cetTSjfm, 82_lag_wnorPRjfm, 74_lag_stratZ50ndj03, 73_lag_stratZ50ndj03, 75_lag_yrvPRjja, 74_lag_mhfATL30, 67_lag_alpi, 79_lag_shSICmar, 73_lag_eurPSLjfm, 67_lag_traEU, 83_lag_traMC, 66_lag_traBS, 75_lag_amoSSTmjjaso, 72_lag_traFSC, 78_lag_scpPSLjfm, 81_lag_stratZ50ndj01, 72_lag_traBO, 68_lag_alpi, 69_lag_traEU, 79_lag_stratZ50ndj02, 81_lag_traMC_2535_66"
LinearRegression,70,30,traMC,shigh,936.5,2005.5,0.4,85,65,65,14.141839757559936,0.11267982308596879,2535,"['82_lag_wnorPRjfm', '79_lag_atlSICsep', '68_lag_cetTSjfm', '84_lag_cetTSjfm', '82_lag_arcTSjfm', '75_lag_amoSSTmjjaso', '82_lag_tripol3', '72_lag_traFSC', '65_lag_tripol3', '75_lag_yrvPRjja', '74_lag_mhfATL30', '65_lag_nhSICjfm', '71_lag_traEC', '73_lag_stratZ50ndj03', '66_lag_traBS', '65_lag_66_median_traBS', '70_lag_traBS', '79_lag_shSICmar', '73_lag_eurPSLjfm', '81_lag_stratZ50ndj01', '83_lag_traMC', '68_lag_alpi', '78_lag_traBS', '72_lag_traBO', '69_lag_traEU', '65_lag_traEU', '65_lag_68_median_traEU', '79_lag_stratZ50ndj02', '81_lag_traMC', '84_lag_atlSICsep']","[0.03037327222038507, 0.09987374791987434, 0.09224851138164036, 0.024320671572467995, 0.0919498813164216, 0.20831415032975364, 0.1243535329888515, 0.11366811807836372, 0.08632480332570223, 0.12541069925395482, 0.19758302258498991, 0.08443967067693012, 0.05125575086297394, 0.04678316087971919, 6860121644616.047, 6860121644616.18, 0.03251146968413808, 0.04252134588774519, 0.04278284337617785, 0.028886095661291574, 0.07041448252623891, 0.025876658622595836, 0.11422069780629983, 0.00020592918738583047, 0.06894373171658075, 0.015824817365065323, 0.19364505746640992, 0.11813644384529029, 0.20289400709289818, 0.06168960503841611]","82_lag_wnorPRjfm, 79_lag_atlSICsep, 68_lag_cetTSjfm, 84_lag_cetTSjfm, 82_lag_arcTSjfm, 75_lag_amoSSTmjjaso, 82_lag_tripol3, 72_lag_traFSC, 65_lag_tripol3, 75_lag_yrvPRjja, 74_lag_mhfATL30, 65_lag_nhSICjfm, 71_lag_traEC, 73_lag_stratZ50ndj03, 66_lag_traBS, 65_lag_66_median_traBS, 70_lag_traBS, 79_lag_shSICmar, 73_lag_eurPSLjfm, 81_lag_stratZ50ndj01, 83_lag_traMC, 68_lag_alpi, 78_lag_traBS, 72_lag_traBO, 69_lag_traEU, 65_lag_traEU, 65_lag_68_median_traEU, 79_lag_stratZ50ndj02, 81_lag_traMC, 84_lag_atlSICsep_2535_65"
LinearRegression,71,30,traMC,shigh,937.5,2005.5,0.4,86,66,66,13.629896488500565,0.16893146253121366,2535,"['73_lag_traIFC', '83_lag_traMC', '74_lag_seurTSjfm', '82_lag_shSICsep', '77_lag_amo2', '72_lag_traFSC', '75_lag_amoSSTmjjaso', '79_lag_atlSICsep', '82_lag_traIT', '73_lag_stratZ50ndj03', '69_lag_wnorPRjfm', '82_lag_arcTSjfm', '81_lag_stratZ50ndj01', '74_lag_nchinaPRjja', '82_lag_wnorPRjfm', '79_lag_shSICmar', '85_lag_traFB', '75_lag_traEC', '66_lag_amoSSTmjjaso', '72_lag_traBO', '74_lag_atlSICsep', '73_lag_eurPSLjfm', '71_lag_traEC', '84_lag_atlSICsep', '82_lag_tripol3', '81_lag_traMC', '79_lag_stratZ50ndj02', '69_lag_traEU', '66_lag_traBS', '78_lag_traBS']","[0.018736465025995293, 0.02575700651738567, 0.11627768371505605, 0.0648586780599422, 0.011927292690653613, 0.11399265929557158, 0.17760369138052254, 0.11005060664729026, 0.07295529198081477, 0.010140303061685443, 0.050054605001328314, 0.09380316358296056, 0.009950884514602604, 0.07234663320184725, 0.03362753271739821, 0.07341443664193867, 0.0059202220508400025, 0.12997457005256113, 0.15635289157045515, 0.05508373683052969, 0.06468673810804233, 0.02869580315595197, 0.04702394896430845, 0.09303730116431069, 0.1278409979124627, 0.19644945883876233, 0.10404511000800279, 0.08191972200434076, 0.11341481402660841, 0.06551314892122713]","73_lag_traIFC, 83_lag_traMC, 74_lag_seurTSjfm, 82_lag_shSICsep, 77_lag_amo2, 72_lag_traFSC, 75_lag_amoSSTmjjaso, 79_lag_atlSICsep, 82_lag_traIT, 73_lag_stratZ50ndj03, 69_lag_wnorPRjfm, 82_lag_arcTSjfm, 81_lag_stratZ50ndj01, 74_lag_nchinaPRjja, 82_lag_wnorPRjfm, 79_lag_shSICmar, 85_lag_traFB, 75_lag_traEC, 66_lag_amoSSTmjjaso, 72_lag_traBO, 74_lag_atlSICsep, 73_lag_eurPSLjfm, 71_lag_traEC, 84_lag_atlSICsep, 82_lag_tripol3, 81_lag_traMC, 79_lag_stratZ50ndj02, 69_lag_traEU, 66_lag_traBS, 78_lag_traBS_2535_66"
LinearRegression,72,30,traMC,shigh,938.5,2005.5,0.4,87,67,69,14.085311088777837,0.08259341674137755,2535,"['73_lag_scpPSLjfm', '86_lag_nppc2SSTjfm', '69_lag_wnorPRjfm', '82_lag_arcTSjfm', '75_lag_ismPRjja', '82_lag_wnorPRjfm', '72_lag_traFSC', '74_lag_mhfATL30', '74_lag_AMOCann', '73_lag_stratZ50ndj02', '84_lag_atlSICsep', '86_lag_atlSICsep', '85_lag_traFB', '75_lag_scpPSLjfm', '70_lag_traTLS', '86_lag_stratZ50ndj03', '77_lag_traBS', '74_lag_nchinaPRjja', '75_lag_traMC', '79_lag_atlSICsep', '77_lag_scpPSLjfm', '74_lag_atlSICsep', '73_lag_eurPSLjfm', '79_lag_stratZ50ndj02', '82_lag_traIT', '69_lag_traEU', '82_lag_tripol3', '79_lag_shSICmar', '71_lag_traEC', '78_lag_traBS']","[0.097122564712018, 0.19723461840694123, 0.037760156518342705, 0.08755679862026879, 0.10537384857552097, 0.039740679881901594, 0.07817567545042628, 0.1327701874434803, 0.04543520218245092, 0.08583751641368494, 0.10294238025539434, 0.11869156435011836, 0.0006633316225405372, 0.03518797966327284, 0.08414987887179429, 0.07559633594421761, 0.008010696107661468, 0.10036435986622919, 0.19088955334208021, 0.107366000161558, 0.049814393874629784, 0.08314967193494915, 0.0897905385612363, 0.11488994435549253, 0.07252884211441683, 0.09012293336464221, 0.11307494122380686, 0.005718122571103842, 0.06957640143465589, 0.10061867125859933]","73_lag_scpPSLjfm, 86_lag_nppc2SSTjfm, 69_lag_wnorPRjfm, 82_lag_arcTSjfm, 75_lag_ismPRjja, 82_lag_wnorPRjfm, 72_lag_traFSC, 74_lag_mhfATL30, 74_lag_AMOCann, 73_lag_stratZ50ndj02, 84_lag_atlSICsep, 86_lag_atlSICsep, 85_lag_traFB, 75_lag_scpPSLjfm, 70_lag_traTLS, 86_lag_stratZ50ndj03, 77_lag_traBS, 74_lag_nchinaPRjja, 75_lag_traMC, 79_lag_atlSICsep, 77_lag_scpPSLjfm, 74_lag_atlSICsep, 73_lag_eurPSLjfm, 79_lag_stratZ50ndj02, 82_lag_traIT, 69_lag_traEU, 82_lag_tripol3, 79_lag_shSICmar, 71_lag_traEC, 78_lag_traBS_2535_69"
LinearRegression,73,30,traMC,shigh,939.5,2005.5,0.4,88,68,68,13.492386681139138,0.19296701155018536,2535,"['71_lag_ginwSSTjfm', '75_lag_traEU', '86_lag_stratZ50ndj01', '83_lag_ismPRjja', '68_lag_cetTSjfm', '75_lag_traEC', '77_lag_traBS', '73_lag_stratZ50ndj03', '75_lag_traTLS', '79_lag_atlSICsep', '73_lag_stratZ50ndj02', '74_lag_atlSICsep', '87_lag_traTLS', '87_lag_atlSICsep', '71_lag_traEC', '81_lag_traMC', '73_lag_scpPSLjfm', '82_lag_traIT', '82_lag_tripol3', '75_lag_traMC', '85_lag_traFB', '78_lag_traBS', '74_lag_nchinaPRjja', '70_lag_traTLS', '79_lag_stratZ50ndj02', '74_lag_mhfATL30', '73_lag_eurPSLjfm', '77_lag_scpPSLjfm', '86_lag_stratZ50ndj03', '79_lag_shSICmar']","[0.07303388645320598, 0.05391727864899727, 0.0415399387299513, 0.05756745826181054, 0.06858129833472194, 0.13220625184606175, 0.007308787561847464, 0.047492791916080766, 0.01844487219868224, 0.13703643940100294, 0.06994824461997814, 0.05813477154028371, 0.031076290166954807, 0.0376193703017539, 0.06783673463352222, 0.19941421354290498, 0.108370539406721, 0.04875755795128599, 0.1866395261913045, 0.1621214237815004, 0.007009479588400937, 0.0905861609074056, 0.11822676067467958, 0.018229176290274415, 0.08477564837213279, 0.15960229103704854, 0.05879469334093123, 0.05148107801594509, 0.08799019045979949, 0.025127505745322118]","71_lag_ginwSSTjfm, 75_lag_traEU, 86_lag_stratZ50ndj01, 83_lag_ismPRjja, 68_lag_cetTSjfm, 75_lag_traEC, 77_lag_traBS, 73_lag_stratZ50ndj03, 75_lag_traTLS, 79_lag_atlSICsep, 73_lag_stratZ50ndj02, 74_lag_atlSICsep, 87_lag_traTLS, 87_lag_atlSICsep, 71_lag_traEC, 81_lag_traMC, 73_lag_scpPSLjfm, 82_lag_traIT, 82_lag_tripol3, 75_lag_traMC, 85_lag_traFB, 78_lag_traBS, 74_lag_nchinaPRjja, 70_lag_traTLS, 79_lag_stratZ50ndj02, 74_lag_mhfATL30, 73_lag_eurPSLjfm, 77_lag_scpPSLjfm, 86_lag_stratZ50ndj03, 79_lag_shSICmar_2535_68"
LinearRegression,74,30,traMC,shigh,940.5,2005.5,0.4,89,69,69,13.578305123029129,0.20756428027251955,2535,"['73_lag_ormenSSTjfm', '75_lag_traEU', '84_lag_atlSICsep', '83_lag_ismPRjja', '80_lag_traBS', '69_lag_wnorPRjfm', '87_lag_nppc2SSTjfm', '73_lag_stratZ50ndj03', '75_lag_traEC', '86_lag_stratZ50ndj01', '73_lag_stratZ50ndj02', '75_lag_traMC', '82_lag_traIT', '85_lag_traFB', '84_lag_tripol3', '72_lag_eurPSLjfm', '74_lag_atlSICsep', '73_lag_scpPSLjfm', '74_lag_nchinaPRjja', '82_lag_tripol3', '81_lag_traMC', '87_lag_traTLS', '74_lag_mhfATL30', '73_lag_eurPSLjfm', '79_lag_stratZ50ndj02', '87_lag_atlSICsep', '86_lag_stratZ50ndj03', '69_lag_traEU', '77_lag_scpPSLjfm', '79_lag_shSICmar']","[0.036025772308663565, 0.04185851543439982, 0.08609850088465786, 0.07306354985180177, 0.09872651269705869, 0.06334057513863488, 0.19081059202014483, 0.013188722288790637, 0.13399177912238766, 0.03818959115837878, 0.08784831291937552, 0.1772931979461935, 0.032380269712767036, 0.010180820682778945, 0.0873545186727872, 0.06200924077979501, 0.06356544240911147, 0.09482339430584347, 0.10937961442586422, 0.18153862666089385, 0.20251491321514747, 0.014868469814819006, 0.17386655640699553, 0.07076463735435681, 0.07936493150198969, 0.014114514139036347, 0.09850161280463106, 0.07517774532939113, 0.032528721808711324, 0.006884779646890472]","73_lag_ormenSSTjfm, 75_lag_traEU, 84_lag_atlSICsep, 83_lag_ismPRjja, 80_lag_traBS, 69_lag_wnorPRjfm, 87_lag_nppc2SSTjfm, 73_lag_stratZ50ndj03, 75_lag_traEC, 86_lag_stratZ50ndj01, 73_lag_stratZ50ndj02, 75_lag_traMC, 82_lag_traIT, 85_lag_traFB, 84_lag_tripol3, 72_lag_eurPSLjfm, 74_lag_atlSICsep, 73_lag_scpPSLjfm, 74_lag_nchinaPRjja, 82_lag_tripol3, 81_lag_traMC, 87_lag_traTLS, 74_lag_mhfATL30, 73_lag_eurPSLjfm, 79_lag_stratZ50ndj02, 87_lag_atlSICsep, 86_lag_stratZ50ndj03, 69_lag_traEU, 77_lag_scpPSLjfm, 79_lag_shSICmar_2535_69"
LinearRegression,75,30,traMC,shigh,941.5,2005.5,0.4,90,70,70,13.890318858832618,0.1981483973581328,2535,"['86_lag_stratZ50ndj01', '75_lag_traEU', '87_lag_nppc2SSTjfm', '74_lag_atlSICsep', '84_lag_tripol3', '72_lag_eurPSLjfm', '73_lag_stratZ50ndj02', '75_lag_traMC', '70_lag_traTLS', '78_lag_traBS', '80_lag_traBS', '76_lag_tripol3', '89_lag_atlSICsep', '74_lag_seurTSjfm', '82_lag_traIT', '87_lag_traTLS', '82_lag_tripol3', '87_lag_traMC', '87_lag_atlSICsep', '73_lag_stratZ50ndj03', '77_lag_scpPSLjfm', '83_lag_traIT', '73_lag_eurPSLjfm', '74_lag_mhfATL30', '79_lag_shSICmar', '89_lag_eurPSLjfm', '74_lag_nchinaPRjja', '79_lag_stratZ50ndj02', '81_lag_traMC', '86_lag_stratZ50ndj03']","[0.04440488352777272, 0.03403557134080923, 0.19016436492805094, 0.05161722014927429, 0.16257401696686236, 0.052996639923563016, 0.08953081593636952, 0.17906122597372812, 0.03956300731399118, 0.07564314820526609, 0.11557932137907234, 0.10235105366376458, 0.09356738142720065, 0.13827184516484659, 0.05139346940728891, 0.0003817782036335716, 0.20005061231192428, 0.19007424788236849, 0.02316093450172041, 0.027836639473710782, 0.052512245481835564, 0.05737754555010354, 0.05865207685863836, 0.19090103778209813, 0.06374501677110925, 0.04747985033394103, 0.10519152831305623, 0.09955865328524398, 0.14811136951307413, 0.11782587351241937]","86_lag_stratZ50ndj01, 75_lag_traEU, 87_lag_nppc2SSTjfm, 74_lag_atlSICsep, 84_lag_tripol3, 72_lag_eurPSLjfm, 73_lag_stratZ50ndj02, 75_lag_traMC, 70_lag_traTLS, 78_lag_traBS, 80_lag_traBS, 76_lag_tripol3, 89_lag_atlSICsep, 74_lag_seurTSjfm, 82_lag_traIT, 87_lag_traTLS, 82_lag_tripol3, 87_lag_traMC, 87_lag_atlSICsep, 73_lag_stratZ50ndj03, 77_lag_scpPSLjfm, 83_lag_traIT, 73_lag_eurPSLjfm, 74_lag_mhfATL30, 79_lag_shSICmar, 89_lag_eurPSLjfm, 74_lag_nchinaPRjja, 79_lag_stratZ50ndj02, 81_lag_traMC, 86_lag_stratZ50ndj03_2535_70"
LinearRegression,76,30,traMC,shigh,942.5,2005.5,0.4,91,71,71,13.391819998717024,0.2482607061343066,2535,"['77_lag_scpPSLjfm', '75_lag_nppc3SSTjfm', '74_lag_traEC', '88_lag_nhSICsep', '82_lag_traIT', '74_lag_AMOCann', '86_lag_traBO', '75_lag_traMC', '71_lag_traEC', '86_lag_stratZ50ndj01', '73_lag_stratZ50ndj02', '84_lag_atlSICsep', '80_lag_amo1', '84_lag_atlSICjfm', '85_lag_traFB', '90_lag_traBO', '87_lag_traTLS', '86_lag_traCA', '73_lag_stratZ50ndj03', '80_lag_ismPRjja', '79_lag_shSICmar', '74_lag_mhfATL30', '81_lag_traMC', '89_lag_eurPSLjfm', '89_lag_atlSICsep', '74_lag_nchinaPRjja', '83_lag_traIT', '79_lag_stratZ50ndj02', '86_lag_stratZ50ndj03', '87_lag_traMC']","[0.029875680130951637, 0.030500121484977133, 0.13799610295598233, 0.19183081974618763, 0.04571425923312818, 0.014657277431660138, 0.10479410985484391, 0.16378697411518864, 0.047350300308253115, 0.06086641418301807, 0.0827997173889725, 0.0821092496494112, 0.11652866131497024, 0.03309286482787888, 0.031298864171032156, 0.11976048629077024, 0.0451493277934915, 0.011961413868229968, 0.03928766318081688, 0.04405165410916936, 0.031096199737571616, 0.18474154224428707, 0.13769596954242036, 0.028862840686883412, 0.11688451295847486, 0.1011600716177915, 0.01942531239134643, 0.12580385185348555, 0.07835350266183899, 0.15958308854825043]","77_lag_scpPSLjfm, 75_lag_nppc3SSTjfm, 74_lag_traEC, 88_lag_nhSICsep, 82_lag_traIT, 74_lag_AMOCann, 86_lag_traBO, 75_lag_traMC, 71_lag_traEC, 86_lag_stratZ50ndj01, 73_lag_stratZ50ndj02, 84_lag_atlSICsep, 80_lag_amo1, 84_lag_atlSICjfm, 85_lag_traFB, 90_lag_traBO, 87_lag_traTLS, 86_lag_traCA, 73_lag_stratZ50ndj03, 80_lag_ismPRjja, 79_lag_shSICmar, 74_lag_mhfATL30, 81_lag_traMC, 89_lag_eurPSLjfm, 89_lag_atlSICsep, 74_lag_nchinaPRjja, 83_lag_traIT, 79_lag_stratZ50ndj02, 86_lag_stratZ50ndj03, 87_lag_traMC_2535_71"
LinearRegression,77,30,traMC,shigh,943.5,2005.5,0.4,92,72,72,14.060151754739435,0.08479349118363672,2535,"['72_lag_samPSLann', '72_lag_ginwSSTjfm', '88_lag_traCA', '90_lag_traBO', '83_lag_traEU', '72_lag_satlSSTjfm', '79_lag_atlSICsep', '91_lag_mhfATL60', '75_lag_yrvPRjja', '80_lag_ismPRjja', '89_lag_eurPSLjfm', '77_lag_scpPSLjfm', '80_lag_amo1', '84_lag_tripol3', '75_lag_traEU', '82_lag_traIT', '74_lag_mhfATL30', '83_lag_traIT', '79_lag_stratZ50ndj02', '74_lag_nchinaPRjja', '87_lag_traTLS', '86_lag_traBO', '85_lag_yrvPRjja', '84_lag_atlSICsep', '91_lag_stratZ50ndj01', '86_lag_traCA', '89_lag_atlSICsep', '79_lag_shSICmar', '87_lag_traMC', '86_lag_stratZ50ndj03']","[0.03459117752390452, 0.040857252997888185, 0.09238411498716914, 0.13748166060884726, 0.06136747180325871, 0.1791255341532531, 0.1209511147318743, 0.009131711896426174, 0.09089536115508583, 0.05822200353221051, 0.0035532979959826405, 0.04717887953726787, 0.10209114371286834, 0.0924818053495796, 0.026236659537360128, 0.03548831445579334, 0.13238198481925836, 0.013177401875378907, 0.13743224363132928, 0.08223599403358713, 0.02176940410466297, 0.10792068483811373, 0.047676337320444254, 0.06461011093884574, 0.0774449631348751, 0.03324669204935148, 0.11723220455699375, 0.05461547992800126, 0.1614809204632404, 0.0749070395430863]","72_lag_samPSLann, 72_lag_ginwSSTjfm, 88_lag_traCA, 90_lag_traBO, 83_lag_traEU, 72_lag_satlSSTjfm, 79_lag_atlSICsep, 91_lag_mhfATL60, 75_lag_yrvPRjja, 80_lag_ismPRjja, 89_lag_eurPSLjfm, 77_lag_scpPSLjfm, 80_lag_amo1, 84_lag_tripol3, 75_lag_traEU, 82_lag_traIT, 74_lag_mhfATL30, 83_lag_traIT, 79_lag_stratZ50ndj02, 74_lag_nchinaPRjja, 87_lag_traTLS, 86_lag_traBO, 85_lag_yrvPRjja, 84_lag_atlSICsep, 91_lag_stratZ50ndj01, 86_lag_traCA, 89_lag_atlSICsep, 79_lag_shSICmar, 87_lag_traMC, 86_lag_stratZ50ndj03_2535_72"
LinearRegression,78,30,traMC,shigh,944.5,2005.5,0.4,93,73,73,14.47033837117487,0.04813259465656577,2535,"['73_lag_74_median_mhfATL30', '73_lag_stratZ50ndj02', '86_lag_stratZ50ndj01', '88_lag_alpi', '73_lag_eurPSLjfm', '84_lag_atlSICjfm', '89_lag_atlSICsep', '86_lag_atlSICsep', '82_lag_traBS', '78_lag_nppc3SSTjfm', '86_lag_traBO', '83_lag_seurTSjfm', '90_lag_arcTSjfm', '77_lag_scpPSLjfm', '91_lag_stratZ50ndj01', '87_lag_traTLS', '83_lag_traIT', '75_lag_shSICmar', '79_lag_stratZ50ndj02', '80_lag_amo1', '79_lag_atlSICsep', '89_lag_eurPSLjfm', '85_lag_yrvPRjja', '84_lag_tripol3', '80_lag_ismPRjja', '73_lag_scpPSLjfm', '84_lag_atlSICsep', '79_lag_shSICmar', '87_lag_traMC', '86_lag_stratZ50ndj03']","[0.1548583476972064, 0.06953714982256154, 0.034222215994104986, 0.00162120477758022, 0.07759593000456773, 0.08615127148004387, 0.07922581235977373, 0.13261244822073656, 0.0681250001279615, 0.10841375404264533, 0.1209267559367625, 0.06139559920665876, 0.01083304660523753, 0.03315152189850975, 0.05545189200459704, 0.03482026197795912, 0.011904745281158407, 0.13264270325589803, 0.14604237601619957, 0.1198129386567985, 0.10163082766757933, 0.0012765879997455095, 0.04464917727158153, 0.13549824318982517, 0.05481555240924388, 0.07338128467956856, 0.034960308989902975, 0.10249692902623352, 0.20378480278533515, 0.0886671661675828]","73_lag_74_median_mhfATL30, 73_lag_stratZ50ndj02, 86_lag_stratZ50ndj01, 88_lag_alpi, 73_lag_eurPSLjfm, 84_lag_atlSICjfm, 89_lag_atlSICsep, 86_lag_atlSICsep, 82_lag_traBS, 78_lag_nppc3SSTjfm, 86_lag_traBO, 83_lag_seurTSjfm, 90_lag_arcTSjfm, 77_lag_scpPSLjfm, 91_lag_stratZ50ndj01, 87_lag_traTLS, 83_lag_traIT, 75_lag_shSICmar, 79_lag_stratZ50ndj02, 80_lag_amo1, 79_lag_atlSICsep, 89_lag_eurPSLjfm, 85_lag_yrvPRjja, 84_lag_tripol3, 80_lag_ismPRjja, 73_lag_scpPSLjfm, 84_lag_atlSICsep, 79_lag_shSICmar, 87_lag_traMC, 86_lag_stratZ50ndj03_2535_73"
LinearRegression,79,30,traMC,shigh,945.5,2005.5,0.4,94,74,74,14.142902149031686,0.07872249259913296,2535,"['74_lag_77_median_ensoSSTjfm', '90_lag_eurPSLjfm', '74_lag_seurTSjfm', '83_lag_ismPRjja', '77_lag_scpPSLjfm', '86_lag_traBO', '82_lag_stratZ50ndj01', '83_lag_traIT', '74_lag_77_median_traEU', '80_lag_ismPRjja', '90_lag_stratZ50ndj01', '88_lag_nhSICsep', '79_lag_traIFC', '86_lag_stratZ50ndj01', '92_lag_traFB', '91_lag_stratZ50ndj01', '84_lag_tripol3', '77_lag_shSICmar', '87_lag_traTLS', '84_lag_atlSICsep', '79_lag_stratZ50ndj02', '89_lag_eurPSLjfm', '74_lag_nchinaPRjja', '82_lag_traBS', '79_lag_shSICmar', '79_lag_atlSICsep', '74_lag_mhfATL30', '86_lag_atlSICsep', '86_lag_stratZ50ndj03', '87_lag_traMC']","[0.04102242545506321, 0.14931289730745229, 0.13453056254987192, 0.037551892837915504, 0.03667513795887586, 0.11353514916487502, 0.038312133978560134, 0.024102960995965997, 0.04778099179297584, 0.07929887453320907, 0.06457495590654812, 0.07066459688592273, 0.07580721512375467, 0.06397734514171882, 0.11747777609203526, 0.06110826450324619, 0.1131177615822669, 0.11819244719122268, 0.06715008441151213, 0.12809794005391123, 0.13594336403021415, 0.017411245984056047, 0.07027771110012714, 0.07906347312685177, 0.0843809955864445, 0.1006902266592522, 0.11474814710405139, 0.11292939860742199, 0.0800211006364075, 0.19471457551110674]","74_lag_77_median_ensoSSTjfm, 90_lag_eurPSLjfm, 74_lag_seurTSjfm, 83_lag_ismPRjja, 77_lag_scpPSLjfm, 86_lag_traBO, 82_lag_stratZ50ndj01, 83_lag_traIT, 74_lag_77_median_traEU, 80_lag_ismPRjja, 90_lag_stratZ50ndj01, 88_lag_nhSICsep, 79_lag_traIFC, 86_lag_stratZ50ndj01, 92_lag_traFB, 91_lag_stratZ50ndj01, 84_lag_tripol3, 77_lag_shSICmar, 87_lag_traTLS, 84_lag_atlSICsep, 79_lag_stratZ50ndj02, 89_lag_eurPSLjfm, 74_lag_nchinaPRjja, 82_lag_traBS, 79_lag_shSICmar, 79_lag_atlSICsep, 74_lag_mhfATL30, 86_lag_atlSICsep, 86_lag_stratZ50ndj03, 87_lag_traMC_2535_74"
LinearRegression,80,30,traMC,shigh,946.5,2005.5,0.4,95,75,75,14.735837975054663,0.00371793770951624,2535,"['89_lag_atlSICsep', '88_lag_pdoSSTjfm', '75_lag_tripol3', '82_lag_tripol3', '82_lag_traIT', '79_lag_stratZ50ndj02', '77_lag_scpPSLjfm', '75_lag_traEU', '90_lag_stratZ50ndj01', '88_lag_alpi', '82_lag_traBS', '78_lag_atlSICsep', '89_lag_eurPSLjfm', '83_lag_ismPRjja', '94_lag_traTLS', '90_lag_traBO', '75_lag_yrvPRjja', '86_lag_traBO', '83_lag_traIT', '84_lag_tripol3', '80_lag_ismPRjja', '87_lag_traTLS', '75_lag_shSICmar', '79_lag_atlSICsep', '79_lag_shSICmar', '86_lag_stratZ50ndj01', '86_lag_atlSICsep', '91_lag_stratZ50ndj01', '86_lag_stratZ50ndj03', '87_lag_traMC']","[0.12304498540800425, 0.005910807420923245, 0.14605116563041262, 0.15500415517886182, 0.05019956108994588, 0.11891696369051447, 0.05846272340264128, 0.028469961918579187, 0.12456479443463468, 0.0012679042407281007, 0.08605001338616124, 0.12830702264362823, 0.008965220617393712, 0.047016564311524796, 0.11513209184658807, 0.1253199576900398, 0.1204502104446198, 0.14589578594464103, 0.0583552809451482, 0.19159878730341798, 0.061768453968863546, 0.051772270071629434, 0.1728057900260669, 0.11867256075417706, 0.033952953457390384, 0.04928208145727765, 0.11550868369214369, 0.10879211789787507, 0.08232722591497066, 0.2022948458824486]","89_lag_atlSICsep, 88_lag_pdoSSTjfm, 75_lag_tripol3, 82_lag_tripol3, 82_lag_traIT, 79_lag_stratZ50ndj02, 77_lag_scpPSLjfm, 75_lag_traEU, 90_lag_stratZ50ndj01, 88_lag_alpi, 82_lag_traBS, 78_lag_atlSICsep, 89_lag_eurPSLjfm, 83_lag_ismPRjja, 94_lag_traTLS, 90_lag_traBO, 75_lag_yrvPRjja, 86_lag_traBO, 83_lag_traIT, 84_lag_tripol3, 80_lag_ismPRjja, 87_lag_traTLS, 75_lag_shSICmar, 79_lag_atlSICsep, 79_lag_shSICmar, 86_lag_stratZ50ndj01, 86_lag_atlSICsep, 91_lag_stratZ50ndj01, 86_lag_stratZ50ndj03, 87_lag_traMC_2535_75"
LinearRegression,81,30,traMC,shigh,947.5,2005.5,0.4,96,76,76,14.657323525362468,0.036382290867810724,2535,"['89_lag_atlSICsep', '95_lag_seurTSjfm', '88_lag_alpi', '95_lag_traFB', '76_lag_77_median_scpPSLjfm', '77_lag_scpPSLjfm', '82_lag_nppc3SSTjfm', '84_lag_tripol3', '91_lag_nchinaPRjja', '83_lag_traIT', '90_lag_traBO', '82_lag_traBS', '84_lag_atlSICsep', '76_lag_mhfIP30', '90_lag_stratZ50ndj01', '86_lag_traBO', '94_lag_traTLS', '86_lag_stratZ50ndj03', '79_lag_shSICmar', '86_lag_atlSICsep', '86_lag_stratZ50ndj01', '79_lag_atlSICsep', '89_lag_eurPSLjfm', '88_lag_traCA', '95_lag_neurTSjfm', '87_lag_traTLS', '80_lag_ismPRjja', '91_lag_stratZ50ndj01', '95_lag_traBS', '87_lag_traMC']","[0.12873414857973742, 0.06247589130209254, 0.01553191498484713, 0.19416707849882614, 2003263078350.3494, 2003263078350.2754, 0.04924159423445765, 0.11493695994288429, 0.13512296230428492, 0.0182431941075039, 0.14106417572395316, 0.10329130427527475, 0.07569636432020715, 0.038307972336190925, 0.13740600679029089, 0.1566998286658688, 0.11286364550508567, 0.07795011921646351, 0.02051871109430473, 0.11663696540547176, 0.034545030006638645, 0.10109789842374946, 0.03516338617517778, 0.12000869324973244, 0.07862704494711377, 0.05209994364871958, 0.05473061813630375, 0.07572358238464298, 0.14444355653914695, 0.16698655265629367]","89_lag_atlSICsep, 95_lag_seurTSjfm, 88_lag_alpi, 95_lag_traFB, 76_lag_77_median_scpPSLjfm, 77_lag_scpPSLjfm, 82_lag_nppc3SSTjfm, 84_lag_tripol3, 91_lag_nchinaPRjja, 83_lag_traIT, 90_lag_traBO, 82_lag_traBS, 84_lag_atlSICsep, 76_lag_mhfIP30, 90_lag_stratZ50ndj01, 86_lag_traBO, 94_lag_traTLS, 86_lag_stratZ50ndj03, 79_lag_shSICmar, 86_lag_atlSICsep, 86_lag_stratZ50ndj01, 79_lag_atlSICsep, 89_lag_eurPSLjfm, 88_lag_traCA, 95_lag_neurTSjfm, 87_lag_traTLS, 80_lag_ismPRjja, 91_lag_stratZ50ndj01, 95_lag_traBS, 87_lag_traMC_2535_76"
LinearRegression,82,30,traMC,shigh,948.5,2005.5,0.4,97,77,77,14.488688926149331,0.064475680548494,2535,"['89_lag_traFB', '90_lag_traIFC', '84_lag_tripol3', '83_lag_scpPSLjfm', '92_lag_yrvPRjja', '89_lag_atlSICsep', '79_lag_shSICmar', '95_lag_traMC', '87_lag_traMC', '82_lag_traBS', '90_lag_traBO', '80_lag_wnorPRjfm', '79_lag_atlSICsep', '86_lag_stratZ50ndj03', '89_lag_eurPSLjfm', '86_lag_atlSICsep', '94_lag_traTLS', '88_lag_traCA', '84_lag_atlSICsep', '95_lag_neurTSjfm', '77_lag_ismPRjja', '86_lag_stratZ50ndj01', '80_lag_ismPRjja', '96_lag_stratZ50ndj02', '90_lag_stratZ50ndj01', '87_lag_traTLS', '91_lag_nchinaPRjja', '77_lag_scpPSLjfm', '91_lag_stratZ50ndj01', '95_lag_traBS']","[0.014266462303168099, 0.1391932173644059, 0.13571521277826812, 0.05121738839864416, 0.06235875984946978, 0.10019994719705522, 0.02649398824232841, 0.05102689025768504, 0.18353018423500816, 0.11130541222946594, 0.0762912184831839, 0.05140535362604652, 0.09262236449766374, 0.10430787956092169, 0.02303702136822177, 0.14265010840788214, 0.10895023348684331, 0.11571033823261855, 0.09230785892027486, 0.08485268749710845, 0.0700858816625754, 0.03097503587270333, 0.06332320720284548, 0.08113074086208441, 0.1587256803177963, 0.031633569379458555, 0.14744620569777092, 0.06374787945709315, 0.058864713175547055, 0.12133672094669416]","89_lag_traFB, 90_lag_traIFC, 84_lag_tripol3, 83_lag_scpPSLjfm, 92_lag_yrvPRjja, 89_lag_atlSICsep, 79_lag_shSICmar, 95_lag_traMC, 87_lag_traMC, 82_lag_traBS, 90_lag_traBO, 80_lag_wnorPRjfm, 79_lag_atlSICsep, 86_lag_stratZ50ndj03, 89_lag_eurPSLjfm, 86_lag_atlSICsep, 94_lag_traTLS, 88_lag_traCA, 84_lag_atlSICsep, 95_lag_neurTSjfm, 77_lag_ismPRjja, 86_lag_stratZ50ndj01, 80_lag_ismPRjja, 96_lag_stratZ50ndj02, 90_lag_stratZ50ndj01, 87_lag_traTLS, 91_lag_nchinaPRjja, 77_lag_scpPSLjfm, 91_lag_stratZ50ndj01, 95_lag_traBS_2535_77"
LinearRegression,83,30,traMC,shigh,949.5,2005.5,0.4,98,78,78,14.235722490356466,0.059159271608595396,2535,"['86_lag_ismPRjja', '94_lag_traTLS', '90_lag_nppc2SSTjfm', '97_lag_traWP', '88_lag_ginwSSTjfm', '80_lag_arcTSjfm', '78_lag_wnorPRjfm', '84_lag_tripol3', '81_lag_stratZ50ndj01', '82_lag_nppc3SSTjfm', '97_lag_traEU', '91_lag_nchinaPRjja', '86_lag_stratZ50ndj03', '78_lag_scpPSLjfm', '89_lag_traFB', '91_lag_alpi', '97_lag_eurPSLjfm', '90_lag_traIFC', '95_lag_neurTSjfm', '87_lag_traMC', '96_lag_stratZ50ndj02', '90_lag_traBO', '86_lag_stratZ50ndj01', '84_lag_atlSICsep', '87_lag_traTLS', '88_lag_traCA', '89_lag_eurPSLjfm', '91_lag_stratZ50ndj01', '90_lag_stratZ50ndj01', '95_lag_traBS']","[0.006404735173074954, 0.09067047014301029, 0.1451508795983254, 0.05625927824852506, 0.06261455502241249, 0.0395824175575854, 0.015094744479221166, 0.13448104444610068, 0.00528055510861868, 0.04837430141095974, 0.10844080657832249, 0.10534338105421012, 0.09299135732728026, 0.019168436022199618, 0.006734226578405568, 0.01028275020399642, 0.04443722544394784, 0.11376481341851664, 0.06778680822707696, 0.1935205109975504, 0.08278689166286969, 0.019209946214900114, 0.02702100498907785, 0.0839246533041487, 0.04710613611031817, 0.13015655996786096, 0.010202734494374258, 0.06974422273513513, 0.12770597750984303, 0.12716264579396824]","86_lag_ismPRjja, 94_lag_traTLS, 90_lag_nppc2SSTjfm, 97_lag_traWP, 88_lag_ginwSSTjfm, 80_lag_arcTSjfm, 78_lag_wnorPRjfm, 84_lag_tripol3, 81_lag_stratZ50ndj01, 82_lag_nppc3SSTjfm, 97_lag_traEU, 91_lag_nchinaPRjja, 86_lag_stratZ50ndj03, 78_lag_scpPSLjfm, 89_lag_traFB, 91_lag_alpi, 97_lag_eurPSLjfm, 90_lag_traIFC, 95_lag_neurTSjfm, 87_lag_traMC, 96_lag_stratZ50ndj02, 90_lag_traBO, 86_lag_stratZ50ndj01, 84_lag_atlSICsep, 87_lag_traTLS, 88_lag_traCA, 89_lag_eurPSLjfm, 91_lag_stratZ50ndj01, 90_lag_stratZ50ndj01, 95_lag_traBS_2535_78"
LinearRegression,84,30,traMC,shigh,950.5,2005.5,0.4,99,79,79,14.303562556414965,0.0652525879102937,2535,"['97_lag_scpPSLjfm', '83_lag_alpi', '94_lag_stratZ50ndj03', '79_lag_yrvPRjja', '85_lag_atlSICjfm', '90_lag_nppc2SSTjfm', '89_lag_traFB', '79_lag_traIFC', '88_lag_traCA', '95_lag_neurTSjfm', '98_lag_samPSLann', '90_lag_traIFC', '86_lag_ismPRjja', '91_lag_alpi', '98_lag_arcTSjfm', '87_lag_traMC', '84_lag_atlSICsep', '86_lag_stratZ50ndj01', '86_lag_stratZ50ndj03', '83_lag_scpPSLjfm', '90_lag_traBO', '79_lag_stratZ50ndj02', '96_lag_stratZ50ndj02', '87_lag_traTLS', '82_lag_nppc3SSTjfm', '97_lag_traEU', '90_lag_stratZ50ndj01', '89_lag_eurPSLjfm', '91_lag_stratZ50ndj01', '95_lag_traBS']","[0.11515657473227933, 0.03283205929303192, 0.00938539926026078, 0.01505638001472057, 0.10357605848770317, 0.15722529276394076, 0.028127987130702685, 0.08999066941608393, 0.1081807814424949, 0.05297265759713077, 0.06899812216298998, 0.12677813259102855, 0.017918380249030304, 0.0009144067870129165, 0.005938080239647177, 0.18646432171151683, 0.13978618325352427, 0.04643757362035005, 0.0774417869657509, 0.062320648753238284, 0.04384985192494217, 0.1151336214278013, 0.07300221023939046, 0.03325964907612276, 0.055022078487389346, 0.0867547048963781, 0.11612444835986797, 0.0008877563701184224, 0.0725937971091379, 0.14943461974034764]","97_lag_scpPSLjfm, 83_lag_alpi, 94_lag_stratZ50ndj03, 79_lag_yrvPRjja, 85_lag_atlSICjfm, 90_lag_nppc2SSTjfm, 89_lag_traFB, 79_lag_traIFC, 88_lag_traCA, 95_lag_neurTSjfm, 98_lag_samPSLann, 90_lag_traIFC, 86_lag_ismPRjja, 91_lag_alpi, 98_lag_arcTSjfm, 87_lag_traMC, 84_lag_atlSICsep, 86_lag_stratZ50ndj01, 86_lag_stratZ50ndj03, 83_lag_scpPSLjfm, 90_lag_traBO, 79_lag_stratZ50ndj02, 96_lag_stratZ50ndj02, 87_lag_traTLS, 82_lag_nppc3SSTjfm, 97_lag_traEU, 90_lag_stratZ50ndj01, 89_lag_eurPSLjfm, 91_lag_stratZ50ndj01, 95_lag_traBS_2535_79"
LinearRegression,85,30,traMC,shigh,951.5,2005.5,0.4,100,80,80,13.908140772199136,0.12007287307979392,2535,"['91_lag_alpi', '99_lag_traEU', '90_lag_nppc2SSTjfm', '97_lag_eurPSLjfm', '96_lag_nchinaPRjja', '99_lag_stratZ50ndj03', '88_lag_ismPRjja', '89_lag_atlSICsep', '89_lag_eurPSLjfm', '80_lag_ismPRjja', '98_lag_arcTSjfm', '82_lag_traIT', '98_lag_samPSLann', '95_lag_neurTSjfm', '82_lag_nppc3SSTjfm', '89_lag_traFB', '90_lag_traBO', '80_lag_arcTSjfm', '85_lag_atlSICjfm', '97_lag_scpPSLjfm', '97_lag_satlSSTjfm', '96_lag_stratZ50ndj02', '87_lag_traTLS', '94_lag_stratZ50ndj03', '95_lag_traBS', '87_lag_traMC', '97_lag_traEU', '86_lag_stratZ50ndj01', '91_lag_stratZ50ndj01', '90_lag_stratZ50ndj01']","[0.00027343035709147305, 0.03174031379835546, 0.13069109982641977, 0.05325158153001716, 0.08029534428809786, 0.04852550555550845, 0.06426450591260913, 0.10605929171872733, 8.074581885175162e-05, 0.04458719636617552, 0.02728004777413294, 0.05174278000054578, 0.05593804968225362, 0.0695036658835249, 0.05830816431656765, 0.014753117476387953, 0.13008391910112707, 0.025624678583419606, 0.08970741358755929, 0.1078706485867135, 0.012927836246798833, 0.08064664575780224, 0.03802921874340843, 0.01966269456806702, 0.1711367088329325, 0.18528858371214044, 0.10213614216805032, 0.04919371509849829, 0.10740574266806731, 0.11936722759991363]","91_lag_alpi, 99_lag_traEU, 90_lag_nppc2SSTjfm, 97_lag_eurPSLjfm, 96_lag_nchinaPRjja, 99_lag_stratZ50ndj03, 88_lag_ismPRjja, 89_lag_atlSICsep, 89_lag_eurPSLjfm, 80_lag_ismPRjja, 98_lag_arcTSjfm, 82_lag_traIT, 98_lag_samPSLann, 95_lag_neurTSjfm, 82_lag_nppc3SSTjfm, 89_lag_traFB, 90_lag_traBO, 80_lag_arcTSjfm, 85_lag_atlSICjfm, 97_lag_scpPSLjfm, 97_lag_satlSSTjfm, 96_lag_stratZ50ndj02, 87_lag_traTLS, 94_lag_stratZ50ndj03, 95_lag_traBS, 87_lag_traMC, 97_lag_traEU, 86_lag_stratZ50ndj01, 91_lag_stratZ50ndj01, 90_lag_stratZ50ndj01_2535_80"
