model,num_irrelevant,max_allowed_features,target_feature,dataset,year_start,year_end,splitsize,max_lag,init_lag,max_forecast,mae_score,corr_score,n_total_features,selected_feature_list,feature_importances,selected_features
LinearRegression,0,6,traMC,shigh,866.5,2005.5,0.8,15,1,1,14.821783476546248,0.12504667026778327,1755,"['8_lag_traIT', '8_lag_ormenSSTjfm', '1_lag_4_median_satlSSTjfm', '1_lag_12_median_ismPRjja', '1_lag_6_median_amo1', '1_lag_4_median_atlSICsep']","[0.15209152961015046, 0.033923560392647684, 0.20028853708634167, 0.07218884944142476, 0.2312977279977382, 0.022182768671425837]","8_lag_traIT, 8_lag_ormenSSTjfm, 1_lag_4_median_satlSSTjfm, 1_lag_12_median_ismPRjja, 1_lag_6_median_amo1, 1_lag_4_median_atlSICsep_1755_1"
LinearRegression,1,6,traMC,shigh,867.5,2005.5,0.8,16,1,1,14.788517715407517,0.19804459108917646,1885,"['11_lag_nhSICsep', '11_lag_mhfATL45', '1_lag_6_median_amo1', '1_lag_4_median_stratZ50ndj03', '7_lag_traTLS', '8_lag_ormenSSTjfm']","[0.1434786392031673, 0.09253259269739311, 0.32601759576395467, 0.027605290416460426, 0.03220762258130687, 0.04158437345987539]","11_lag_nhSICsep, 11_lag_mhfATL45, 1_lag_6_median_amo1, 1_lag_4_median_stratZ50ndj03, 7_lag_traTLS, 8_lag_ormenSSTjfm_1885_1"
LinearRegression,2,6,traMC,shigh,868.5,2005.5,0.8,17,1,7,15.95580089281304,0.10972351234606606,2015,"['16_lag_traDP', '8_lag_ormenSSTjfm', '7_lag_traTLS', '9_lag_amo1', '7_lag_mhfATL60', '11_lag_mhfATL45']","[0.05800016919512346, 0.09621964537193416, 0.03349560343127447, 0.15128943909256434, 0.05399550060165002, 0.07070895591520518]","16_lag_traDP, 8_lag_ormenSSTjfm, 7_lag_traTLS, 9_lag_amo1, 7_lag_mhfATL60, 11_lag_mhfATL45_2015_7"
LinearRegression,3,6,traMC,shigh,869.5,2005.5,0.8,18,1,7,15.101925246704292,0.15353897468464564,2145,"['7_lag_amo2', '7_lag_traTLS', '9_lag_yrvPRjja', '8_lag_ormenSSTjfm', '7_lag_mhfATL60', '11_lag_mhfATL45']","[0.18030782862866945, 0.02622360335468888, 0.07493777367071575, 0.06422754086545561, 0.08207415450986336, 0.07260690593728403]","7_lag_amo2, 7_lag_traTLS, 9_lag_yrvPRjja, 8_lag_ormenSSTjfm, 7_lag_mhfATL60, 11_lag_mhfATL45_2145_7"
LinearRegression,4,6,traMC,shigh,870.5,2005.5,0.8,19,1,1,13.717553861678047,0.20867930925688397,2275,"['8_lag_ormenSSTjfm', '1_lag_traMC', '9_lag_amo1', '7_lag_mhfATL60', '14_lag_traIT', '11_lag_mhfATL45']","[0.07424264627003073, 0.19148484354940548, 0.10497091326870234, 0.060322799864117135, 0.11150786153679287, 0.054974973417916365]","8_lag_ormenSSTjfm, 1_lag_traMC, 9_lag_amo1, 7_lag_mhfATL60, 14_lag_traIT, 11_lag_mhfATL45_2275_1"
LinearRegression,5,6,traMC,shigh,871.5,2005.5,0.8,20,1,1,15.024565532170342,0.07966910194627619,2405,"['14_lag_traIT', '1_lag_4_median_labSSTjfm', '9_lag_amo1', '9_lag_yrvPRjja', '11_lag_mhfATL45', '7_lag_mhfATL60']","[0.1310449880010805, 0.048535075617018836, 0.15207068016645836, 0.07989013587075562, 0.05989985932087092, 0.06793708017664131]","14_lag_traIT, 1_lag_4_median_labSSTjfm, 9_lag_amo1, 9_lag_yrvPRjja, 11_lag_mhfATL45, 7_lag_mhfATL60_2405_1"
LinearRegression,6,6,traMC,shigh,872.5,2005.5,0.8,21,1,1,14.476535349448527,0.1501669894900595,2535,"['7_lag_traTLS', '1_lag_satlSSTjfm', '11_lag_mhfATL45', '1_lag_traMC', '9_lag_yrvPRjja', '7_lag_mhfATL60']","[0.021073924738298146, 0.2765581708233058, 0.022177646374558477, 0.19006466280370043, 0.06706695723939582, 0.06758802698434802]","7_lag_traTLS, 1_lag_satlSSTjfm, 11_lag_mhfATL45, 1_lag_traMC, 9_lag_yrvPRjja, 7_lag_mhfATL60_2535_1"
LinearRegression,7,6,traMC,shigh,873.5,2005.5,0.8,22,1,1,14.219677936362624,0.15737379876085977,2665,"['11_lag_mhfATL45', '8_lag_stratZ50ndj04', '1_lag_satlSSTjfm', '1_lag_traMC', '9_lag_yrvPRjja', '7_lag_mhfATL60']","[0.025358422600314488, 0.11929282815911205, 0.24383054749914496, 0.18439487428412513, 0.07016918083065418, 0.07278824597486366]","11_lag_mhfATL45, 8_lag_stratZ50ndj04, 1_lag_satlSSTjfm, 1_lag_traMC, 9_lag_yrvPRjja, 7_lag_mhfATL60_2665_1"
LinearRegression,8,6,traMC,shigh,874.5,2005.5,0.8,23,1,1,14.086990449073078,0.16293687146442606,2795,"['14_lag_traIT', '8_lag_ormenSSTjfm', '9_lag_yrvPRjja', '1_lag_satlSSTjfm', '7_lag_mhfATL60', '1_lag_traMC']","[0.1012663069541325, 0.05439688096446854, 0.06477606169801134, 0.26226267177214957, 0.09821377667240833, 0.17858479550242112]","14_lag_traIT, 8_lag_ormenSSTjfm, 9_lag_yrvPRjja, 1_lag_satlSSTjfm, 7_lag_mhfATL60, 1_lag_traMC_2795_1"
LinearRegression,9,6,traMC,shigh,875.5,2005.5,0.8,24,1,1,14.073092244396715,0.16310749669372226,2925,"['14_lag_traIT', '9_lag_yrvPRjja', '7_lag_traTLS', '1_lag_satlSSTjfm', '7_lag_mhfATL60', '1_lag_traMC']","[0.10508507151364498, 0.06372413453894685, 0.026312288156488353, 0.2675578995949605, 0.08139450830285135, 0.1786716920816313]","14_lag_traIT, 9_lag_yrvPRjja, 7_lag_traTLS, 1_lag_satlSSTjfm, 7_lag_mhfATL60, 1_lag_traMC_2925_1"
LinearRegression,10,6,traMC,shigh,876.5,2005.5,0.8,25,1,1,13.775171963248212,0.18408325362871522,3055,"['9_lag_yrvPRjja', '8_lag_stratZ50ndj04', '11_lag_mhfATL45', '14_lag_traIT', '7_lag_mhfATL60', '1_lag_traMC']","[0.0761584318869832, 0.17353737603806862, 0.03600082302514644, 0.1088708192141874, 0.06415712528649793, 0.18971208083571833]","9_lag_yrvPRjja, 8_lag_stratZ50ndj04, 11_lag_mhfATL45, 14_lag_traIT, 7_lag_mhfATL60, 1_lag_traMC_3055_1"
LinearRegression,11,6,traMC,shigh,877.5,2005.5,0.8,26,1,1,13.896103312229824,0.1744115514475697,3185,"['8_lag_ormenSSTjfm', '1_lag_satlSSTjfm', '8_lag_stratZ50ndj04', '14_lag_traIT', '7_lag_mhfATL60', '1_lag_traMC']","[0.03955368535291633, 0.241860670002162, 0.0979853623910573, 0.10473555650391819, 0.09668967003439924, 0.17410483074488295]","8_lag_ormenSSTjfm, 1_lag_satlSSTjfm, 8_lag_stratZ50ndj04, 14_lag_traIT, 7_lag_mhfATL60, 1_lag_traMC_3185_1"
LinearRegression,12,6,traMC,shigh,878.5,2005.5,0.8,27,1,1,13.829869271215939,0.17500016692152795,3315,"['8_lag_stratZ50ndj04', '7_lag_traTLS', '7_lag_mhfATL60', '9_lag_yrvPRjja', '14_lag_traIT', '1_lag_traMC']","[0.17043995985200233, 0.014651365076471079, 0.07846627524830632, 0.07611763061360591, 0.11426400244386029, 0.19130145863517578]","8_lag_stratZ50ndj04, 7_lag_traTLS, 7_lag_mhfATL60, 9_lag_yrvPRjja, 14_lag_traIT, 1_lag_traMC_3315_1"
LinearRegression,13,6,traMC,shigh,879.5,2005.5,0.8,28,1,1,14.51658201895091,0.125079613898569,3445,"['7_lag_traTLS', '25_lag_nppc3SSTjfm', '9_lag_yrvPRjja', '1_lag_satlSSTjfm', '14_lag_traIT', '1_lag_traMC']","[0.028446334277366717, 0.04483128092613296, 0.06209090755238412, 0.27115346178868244, 0.10858991829689724, 0.18258493809927318]","7_lag_traTLS, 25_lag_nppc3SSTjfm, 9_lag_yrvPRjja, 1_lag_satlSSTjfm, 14_lag_traIT, 1_lag_traMC_3445_1"
LinearRegression,14,6,traMC,shigh,880.5,2005.5,0.8,29,1,1,14.36767654637311,0.14921229433029454,3575,"['1_lag_satlSSTjfm', '25_lag_nppc3SSTjfm', '15_lag_atlSICjfm', '9_lag_yrvPRjja', '14_lag_traIT', '1_lag_traMC']","[0.269180577639034, 0.037131084358507704, 0.05740085096869202, 0.060924554753591556, 0.10255441791057575, 0.18268831394492807]","1_lag_satlSSTjfm, 25_lag_nppc3SSTjfm, 15_lag_atlSICjfm, 9_lag_yrvPRjja, 14_lag_traIT, 1_lag_traMC_3575_1"
LinearRegression,15,6,traMC,shigh,881.5,2005.5,0.8,30,1,1,14.412761306820315,0.14760857190578475,3705,"['15_lag_atlSICjfm', '1_lag_satlSSTjfm', '25_lag_nppc3SSTjfm', '14_lag_traIT', '9_lag_yrvPRjja', '1_lag_traMC']","[0.05745260921016464, 0.2696723424706561, 0.03715825993749586, 0.10264225727392844, 0.060794768041312904, 0.1826823343361521]","15_lag_atlSICjfm, 1_lag_satlSSTjfm, 25_lag_nppc3SSTjfm, 14_lag_traIT, 9_lag_yrvPRjja, 1_lag_traMC_3705_1"
LinearRegression,16,6,traMC,shigh,882.5,2005.5,0.8,31,1,1,14.409643575500773,0.14748631912167842,3835,"['1_lag_satlSSTjfm', '25_lag_nppc3SSTjfm', '15_lag_atlSICjfm', '14_lag_traIT', '9_lag_yrvPRjja', '1_lag_traMC']","[0.27005481011942833, 0.03699469571253898, 0.0573486238905469, 0.10274799440815122, 0.061170358152668095, 0.18265030422268]","1_lag_satlSSTjfm, 25_lag_nppc3SSTjfm, 15_lag_atlSICjfm, 14_lag_traIT, 9_lag_yrvPRjja, 1_lag_traMC_3835_1"
LinearRegression,17,6,traMC,shigh,883.5,2005.5,0.8,32,2,7,16.26189428406315,0.10176625330882837,3835,"['15_lag_atlSICjfm', '24_lag_traBS', '9_lag_yrvPRjja', '7_lag_traTLS', '7_lag_mhfATL60', '25_lag_nppc3SSTjfm']","[0.0626417262601904, 0.024465406004048937, 0.07720708407552944, 0.014949183312558989, 0.06526839777416245, 0.03210460744528304]","15_lag_atlSICjfm, 24_lag_traBS, 9_lag_yrvPRjja, 7_lag_traTLS, 7_lag_mhfATL60, 25_lag_nppc3SSTjfm_3835_7"
LinearRegression,18,6,traMC,shigh,884.5,2005.5,0.8,33,3,7,15.020453855773523,0.24984455969954603,3835,"['7_lag_amo1', '9_lag_stratZ50ndj02', '7_lag_mhfATL60', '15_lag_atlSICjfm', '9_lag_yrvPRjja', '32_lag_stratZ50ndj04']","[0.2917983933562842, 0.005840400840647755, 0.1009830749711719, 0.05617601626340617, 0.06369754058575322, 0.026348827837820048]","7_lag_amo1, 9_lag_stratZ50ndj02, 7_lag_mhfATL60, 15_lag_atlSICjfm, 9_lag_yrvPRjja, 32_lag_stratZ50ndj04_3835_7"
LinearRegression,19,6,traMC,shigh,885.5,2005.5,0.8,34,4,4,15.532055198757941,0.12501488904192046,3835,"['9_lag_yrvPRjja', '22_lag_traWP', '25_lag_nppc3SSTjfm', '17_lag_ginwSSTjfm', '14_lag_traIT', '4_lag_stratZ50ndj03']","[0.0733115553041455, 0.033405890146034775, 0.011602286296037094, 0.06767278688522786, 0.1307177665905922, 0.05268660262479625]","9_lag_yrvPRjja, 22_lag_traWP, 25_lag_nppc3SSTjfm, 17_lag_ginwSSTjfm, 14_lag_traIT, 4_lag_stratZ50ndj03_3835_4"
LinearRegression,20,6,traMC,shigh,886.5,2005.5,0.8,35,5,5,14.764060539939946,0.23040713311033395,3835,"['9_lag_tripol3', '25_lag_nppc3SSTjfm', '7_lag_amo1', '14_lag_traIT', '32_lag_stratZ50ndj04', '5_lag_ismPRjja']","[0.022499235707098764, 0.002229260432103808, 0.2788202247567885, 0.12953597657769225, 0.013973389918658069, 0.040804678046251736]","9_lag_tripol3, 25_lag_nppc3SSTjfm, 7_lag_amo1, 14_lag_traIT, 32_lag_stratZ50ndj04, 5_lag_ismPRjja_3835_5"
LinearRegression,21,6,traMC,shigh,887.5,2005.5,0.8,36,6,14,15.760950541898845,0.22941047666930128,3835,"['27_lag_scpPSLjfm', '14_lag_atlSICjfm', '25_lag_nppc3SSTjfm', '17_lag_ginwSSTjfm', '25_lag_stratZ50ndj04', '32_lag_stratZ50ndj04']","[0.02934583013563367, 0.006289635555316919, 0.014874280458351992, 0.08597730199698694, 0.19308541470443386, 0.0062766008499485285]","27_lag_scpPSLjfm, 14_lag_atlSICjfm, 25_lag_nppc3SSTjfm, 17_lag_ginwSSTjfm, 25_lag_stratZ50ndj04, 32_lag_stratZ50ndj04_3835_14"
LinearRegression,22,6,traMC,shigh,888.5,2005.5,0.8,37,7,14,14.978162635117041,0.2608286905967506,3835,"['27_lag_samPSLann', '17_lag_ginwSSTjfm', '31_lag_mhfATL30', '14_lag_traIT', '32_lag_stratZ50ndj04', '25_lag_stratZ50ndj04']","[0.059942547523981954, 0.07199224540727557, 0.03522961408186161, 0.12477802888607237, 0.020329152525124947, 0.17800189057169172]","27_lag_samPSLann, 17_lag_ginwSSTjfm, 31_lag_mhfATL30, 14_lag_traIT, 32_lag_stratZ50ndj04, 25_lag_stratZ50ndj04_3835_14"
LinearRegression,23,6,traMC,shigh,889.5,2005.5,0.8,38,8,8,15.102263178952711,0.08754326181156208,3835,"['8_lag_traIT', '24_lag_nhSICsep', '27_lag_scpPSLjfm', '8_lag_samPSLann', '14_lag_atlSICjfm', '14_lag_traIT']","[0.15386481661669843, 0.15817074514927967, 0.014643578801539634, 0.04192981898409007, 0.01749306777324048, 0.12232931075845524]","8_lag_traIT, 24_lag_nhSICsep, 27_lag_scpPSLjfm, 8_lag_samPSLann, 14_lag_atlSICjfm, 14_lag_traIT_3835_8"
LinearRegression,24,6,traMC,shigh,890.5,2005.5,0.8,39,9,14,15.799651783579865,0.11671835625330271,3835,"['14_lag_atlSICjfm', '29_lag_ismPRjja', '22_lag_traEC', '14_lag_traIT', '27_lag_scpPSLjfm', '32_lag_stratZ50ndj04']","[0.004228260338478168, 0.036316925025583854, 0.03606642940066954, 0.14062922733299799, 0.01894364847717268, 0.006920449328137221]","14_lag_atlSICjfm, 29_lag_ismPRjja, 22_lag_traEC, 14_lag_traIT, 27_lag_scpPSLjfm, 32_lag_stratZ50ndj04_3835_14"
LinearRegression,25,6,traMC,shigh,891.5,2005.5,0.8,40,10,10,17.945308530588242,-0.06397960646089623,3835,"['29_lag_shSICmar', '37_lag_shSICmar', '10_lag_neurTSjfm', '29_lag_ismPRjja', '32_lag_stratZ50ndj04', '27_lag_scpPSLjfm']","[0.13750777296690136, 0.006008374250211574, 0.054167841713167346, 0.029567733599454277, 0.001957228975600239, 0.020940138173088953]","29_lag_shSICmar, 37_lag_shSICmar, 10_lag_neurTSjfm, 29_lag_ismPRjja, 32_lag_stratZ50ndj04, 27_lag_scpPSLjfm_3835_10"
LinearRegression,26,6,traMC,shigh,892.5,2005.5,0.8,41,11,14,15.052211238991278,0.22316946224077597,3835,"['14_lag_traIT', '20_lag_stratZ50ndj04', '21_lag_traIT', '31_lag_nhSICjfm', '27_lag_scpPSLjfm', '37_lag_shSICmar']","[0.11145190639546154, 0.22239454383991814, 0.04694060894550253, 0.06099827036299032, 0.003542349735778036, 0.005998344447710899]","14_lag_traIT, 20_lag_stratZ50ndj04, 21_lag_traIT, 31_lag_nhSICjfm, 27_lag_scpPSLjfm, 37_lag_shSICmar_3835_14"
LinearRegression,27,6,traMC,shigh,893.5,2005.5,0.8,42,12,15,17.07382462164293,0.012509086526974638,3835,"['15_lag_traEC', '25_lag_ginwSSTjfm', '32_lag_ismPRjja', '31_lag_nhSICjfm', '38_lag_naoPSLjfm', '37_lag_shSICmar']","[0.05313683688272362, 0.017301154546764952, 0.009166217358462502, 0.03369438602427916, 0.010892397778993465, 0.0336234307590661]","15_lag_traEC, 25_lag_ginwSSTjfm, 32_lag_ismPRjja, 31_lag_nhSICjfm, 38_lag_naoPSLjfm, 37_lag_shSICmar_3835_15"
LinearRegression,28,6,traMC,shigh,894.5,2005.5,0.8,43,13,13,16.541102896794662,0.10752835572865546,3835,"['23_lag_satlSSTjfm', '32_lag_ismPRjja', '25_lag_ginwSSTjfm', '13_lag_neurTSjfm', '15_lag_traEC', '42_lag_stratZ50ndj03']","[0.172264516678675, 0.006621199839983034, 0.004299439906470495, 0.05502833652079748, 0.06180033950267578, 0.05147963232320085]","23_lag_satlSSTjfm, 32_lag_ismPRjja, 25_lag_ginwSSTjfm, 13_lag_neurTSjfm, 15_lag_traEC, 42_lag_stratZ50ndj03_3835_13"
LinearRegression,29,6,traMC,shigh,895.5,2005.5,0.8,44,14,23,16.61044500577193,0.11784694515187122,3835,"['37_lag_traTLS', '43_lag_naoPSLjfm', '42_lag_stratZ50ndj03', '34_lag_amo1', '27_lag_scpPSLjfm', '23_lag_satlSSTjfm']","[0.07243887379261238, 0.03399571668535354, 0.053232939967892315, 0.021579532997100408, 0.00669929617434368, 0.17590855146825493]","37_lag_traTLS, 43_lag_naoPSLjfm, 42_lag_stratZ50ndj03, 34_lag_amo1, 27_lag_scpPSLjfm, 23_lag_satlSSTjfm_3835_23"
LinearRegression,30,6,traMC,shigh,896.5,2005.5,0.8,45,15,20,15.365745995544334,0.2022771411475517,3835,"['34_lag_amo1', '20_lag_stratZ50ndj04', '42_lag_ginwSSTjfm', '43_lag_naoPSLjfm', '34_lag_nppc3SSTjfm', '44_lag_shSICmar']","[0.018180381406815768, 0.24447094330240177, 0.044099030998162266, 0.030991348620844742, 0.05975528578863676, 0.057191800859392294]","34_lag_amo1, 20_lag_stratZ50ndj04, 42_lag_ginwSSTjfm, 43_lag_naoPSLjfm, 34_lag_nppc3SSTjfm, 44_lag_shSICmar_3835_20"
LinearRegression,31,6,traMC,shigh,897.5,2005.5,0.8,46,16,34,16.14574843948305,0.10649793952785652,3835,"['42_lag_ginwSSTjfm', '44_lag_shSICmar', '43_lag_naoPSLjfm', '37_lag_traTLS', '36_lag_yrvPRjja', '34_lag_nppc3SSTjfm']","[0.04164967007785217, 0.03337801118286955, 0.03460247038206505, 0.07548475707312637, 0.02391458804812467, 0.09830090515918861]","42_lag_ginwSSTjfm, 44_lag_shSICmar, 43_lag_naoPSLjfm, 37_lag_traTLS, 36_lag_yrvPRjja, 34_lag_nppc3SSTjfm_3835_34"
LinearRegression,32,6,traMC,shigh,898.5,2005.5,0.8,47,17,22,16.4311039500611,0.1777159252825135,3835,"['43_lag_naoPSLjfm', '22_lag_amo3', '34_lag_amo1', '38_lag_shSICmar', '36_lag_traFB', '34_lag_nppc3SSTjfm']","[0.027766305654071486, 0.07065018506268664, 0.006964135248552427, 0.02052595592773933, 0.03633679034892058, 0.08735597144754845]","43_lag_naoPSLjfm, 22_lag_amo3, 34_lag_amo1, 38_lag_shSICmar, 36_lag_traFB, 34_lag_nppc3SSTjfm_3835_22"
LinearRegression,33,6,traMC,shigh,899.5,2005.5,0.8,48,18,23,17.390244744557073,0.03913375652022362,3835,"['29_lag_shSICmar', '36_lag_traFB', '23_lag_stratZ50ndj01', '34_lag_amo1', '34_lag_nppc3SSTjfm', '38_lag_shSICmar']","[0.14048373247575152, 0.0003662764025029689, 0.03741840741092572, 0.007151245138271147, 0.07477850936050474, 0.04762479902691351]","29_lag_shSICmar, 36_lag_traFB, 23_lag_stratZ50ndj01, 34_lag_amo1, 34_lag_nppc3SSTjfm, 38_lag_shSICmar_3835_23"
LinearRegression,34,6,traMC,shigh,900.5,2005.5,0.8,49,19,23,17.77799706320576,0.10753492392619433,3835,"['23_lag_nhSICjfm', '29_lag_shSICmar', '43_lag_samPSLann', '36_lag_traFB', '48_lag_traBS', '34_lag_nppc3SSTjfm']","[0.017073501450455223, 0.1280164630114704, 0.0216217664017312, 0.00678644077536493, 0.09067852342522781, 0.06920054623114087]","23_lag_nhSICjfm, 29_lag_shSICmar, 43_lag_samPSLann, 36_lag_traFB, 48_lag_traBS, 34_lag_nppc3SSTjfm_3835_23"
LinearRegression,35,6,traMC,shigh,901.5,2005.5,0.8,50,20,23,17.50088887516618,0.15143040985753248,3835,"['39_lag_nhSICsep', '23_lag_amo1', '34_lag_nppc3SSTjfm', '48_lag_traBS', '38_lag_yrvPRjja', '29_lag_shSICmar']","[0.038437861951500334, 0.03954922079284681, 0.057835709596271545, 0.08788808914750545, 0.05016290421979074, 0.12071009298310664]","39_lag_nhSICsep, 23_lag_amo1, 34_lag_nppc3SSTjfm, 48_lag_traBS, 38_lag_yrvPRjja, 29_lag_shSICmar_3835_23"
LinearRegression,36,6,traMC,shigh,902.5,2005.5,0.8,51,21,25,16.67209374729646,0.17183646015609402,3835,"['50_lag_shSICmar', '25_lag_stratZ50ndj04', '34_lag_nppc3SSTjfm', '48_lag_traBS', '29_lag_shSICmar', '39_lag_nhSICsep']","[0.059884267892110314, 0.14939801152456156, 0.04874381317653022, 0.09687644320470581, 0.12320171027428169, 0.013115240856147556]","50_lag_shSICmar, 25_lag_stratZ50ndj04, 34_lag_nppc3SSTjfm, 48_lag_traBS, 29_lag_shSICmar, 39_lag_nhSICsep_3835_25"
LinearRegression,37,6,traMC,shigh,903.5,2005.5,0.8,52,22,22,16.90406751363605,0.17314593901647066,3835,"['22_lag_amo3', '42_lag_stratZ50ndj03', '48_lag_traBS', '50_lag_traFB', '34_lag_nppc3SSTjfm', '41_lag_traFB']","[0.07001309968517434, 0.04736940305250411, 0.0978461250477233, 0.05484481704187774, 0.08395083157143664, 0.015086516941941706]","22_lag_amo3, 42_lag_stratZ50ndj03, 48_lag_traBS, 50_lag_traFB, 34_lag_nppc3SSTjfm, 41_lag_traFB_3835_22"
LinearRegression,38,6,traMC,shigh,904.5,2005.5,0.8,53,23,34,16.92501118618071,-0.01256760051445242,3835,"['36_lag_nppc3SSTjfm', '37_lag_shSICmar', '34_lag_wnorPRjfm', '34_lag_nppc3SSTjfm', '42_lag_stratZ50ndj03', '41_lag_traFB']","[0.013603515153043626, 0.025921990338320794, 0.04344103270177802, 0.07335434148391287, 0.0429737616128605, 0.010701823578979428]","36_lag_nppc3SSTjfm, 37_lag_shSICmar, 34_lag_wnorPRjfm, 34_lag_nppc3SSTjfm, 42_lag_stratZ50ndj03, 41_lag_traFB_3835_34"
LinearRegression,39,6,traMC,shigh,905.5,2005.5,0.8,54,24,24,16.585060348450373,0.10402003294166194,3835,"['30_lag_traEU', '38_lag_naoPSLjfm', '36_lag_nppc3SSTjfm', '24_lag_nhSICsep', '42_lag_stratZ50ndj03', '41_lag_traFB']","[0.019744204194816803, 0.003323119845035683, 0.024436527248493243, 0.1779264110698533, 0.04832510638008463, 0.0014651817694167]","30_lag_traEU, 38_lag_naoPSLjfm, 36_lag_nppc3SSTjfm, 24_lag_nhSICsep, 42_lag_stratZ50ndj03, 41_lag_traFB_3835_24"
LinearRegression,40,6,traMC,shigh,906.5,2005.5,0.8,55,25,29,17.18821178756031,-0.06166808246950815,3835,"['41_lag_shSICmar', '29_lag_yrvPRjja', '48_lag_traFB', '42_lag_stratZ50ndj03', '30_lag_traEU', '41_lag_traFB']","[0.006418306679757422, 0.002572511456734518, 0.08857109199778587, 0.04703792789718561, 0.018685323758284248, 0.011299411936281818]","41_lag_shSICmar, 29_lag_yrvPRjja, 48_lag_traFB, 42_lag_stratZ50ndj03, 30_lag_traEU, 41_lag_traFB_3835_29"
LinearRegression,41,6,traMC,shigh,907.5,2005.5,0.8,56,26,35,16.91046171576398,0.1168541772998281,3835,"['54_lag_traMC', '48_lag_traBS', '35_lag_nppc2SSTjfm', '55_lag_traFB', '38_lag_naoPSLjfm', '41_lag_traFB']","[0.04481762532049545, 0.08836340114130273, 0.09561144827162332, 0.06315314684023952, 0.00107615100834215, 0.01417296739204402]","54_lag_traMC, 48_lag_traBS, 35_lag_nppc2SSTjfm, 55_lag_traFB, 38_lag_naoPSLjfm, 41_lag_traFB_3835_35"
LinearRegression,42,6,traMC,shigh,908.5,2005.5,0.8,57,27,30,16.91761339116409,0.2565086751036349,3835,"['30_lag_traEU', '47_lag_stratZ50ndj04', '38_lag_naoPSLjfm', '48_lag_traBS', '41_lag_traFB', '55_lag_traFB']","[0.020139275288750515, 0.1016839121283154, 2.6923888674246915e-05, 0.08199647488187795, 0.01192740819272392, 0.062010635222466706]","30_lag_traEU, 47_lag_stratZ50ndj04, 38_lag_naoPSLjfm, 48_lag_traBS, 41_lag_traFB, 55_lag_traFB_3835_30"
LinearRegression,43,6,traMC,shigh,909.5,2005.5,0.8,58,28,34,16.854912346690252,0.15434255852708179,3835,"['34_lag_wnorPRjfm', '56_lag_traFB', '57_lag_amoSSTmjjaso', '45_lag_stratZ50ndj04', '55_lag_traFB', '41_lag_traFB']","[0.047845033331052264, 0.07944754820363442, 0.08506356497191522, 0.005298143522808959, 0.10022547843419571, 0.001534916005305401]","34_lag_wnorPRjfm, 56_lag_traFB, 57_lag_amoSSTmjjaso, 45_lag_stratZ50ndj04, 55_lag_traFB, 41_lag_traFB_3835_34"
LinearRegression,44,6,traMC,shigh,910.5,2005.5,0.8,59,29,29,16.942286534216404,0.30848493476924976,3835,"['45_lag_stratZ50ndj04', '48_lag_traBS', '57_lag_amoSSTmjjaso', '55_lag_traFB', '43_lag_traFB', '29_lag_yrvPRjja']","[0.0057406244559236996, 0.0863159376424329, 0.07451384904495828, 0.060218892987875555, 0.02907384417065296, 0.007017753168117962]","45_lag_stratZ50ndj04, 48_lag_traBS, 57_lag_amoSSTmjjaso, 55_lag_traFB, 43_lag_traFB, 29_lag_yrvPRjja_3835_29"
LinearRegression,45,6,traMC,shigh,911.5,2005.5,0.8,60,30,41,16.752996661125124,0.22660502383372982,3835,"['41_lag_shSICmar', '57_lag_amoSSTmjjaso', '51_lag_amo2', '45_lag_traBS', '41_lag_traFB', '55_lag_traFB']","[0.02232278517716189, 0.07241412433678535, 0.040345558729160846, 0.030671991473641472, 0.008751962066180535, 0.055190557960746026]","41_lag_shSICmar, 57_lag_amoSSTmjjaso, 51_lag_amo2, 45_lag_traBS, 41_lag_traFB, 55_lag_traFB_3835_41"
LinearRegression,46,6,traMC,shigh,912.5,2005.5,0.8,61,31,36,17.241175553338515,0.06398989010838636,3835,"['42_lag_traBS', '39_lag_stratZ50ndj01', '54_lag_traBS', '41_lag_traFB', '36_lag_tripol3', '55_lag_traFB']","[0.06806383661174888, 0.045286341605200474, 0.045596830426546685, 0.001576189031433091, 0.03229338203625979, 0.06398712440369561]","42_lag_traBS, 39_lag_stratZ50ndj01, 54_lag_traBS, 41_lag_traFB, 36_lag_tripol3, 55_lag_traFB_3835_36"
LinearRegression,47,6,traMC,shigh,913.5,2005.5,0.8,62,32,32,17.361407943162185,0.16811621441801616,3835,"['32_lag_gyreSSTjfm', '36_lag_tripol3', '48_lag_traBS', '42_lag_traBS', '54_lag_traBS', '55_lag_traFB']","[0.005837722501617451, 0.039037140682043024, 0.08820619779184373, 0.06603137503809338, 0.04664556935237792, 0.059763461356712205]","32_lag_gyreSSTjfm, 36_lag_tripol3, 48_lag_traBS, 42_lag_traBS, 54_lag_traBS, 55_lag_traFB_3835_32"
LinearRegression,48,6,traMC,shigh,914.5,2005.5,0.8,63,33,42,17.428245492348545,0.15392604476370636,3835,"['62_lag_stratZ50ndj01', '42_lag_shSICmar', '48_lag_traBS', '46_lag_stratZ50ndj04', '55_lag_traFB', '54_lag_traBS']","[0.051305148154602506, 0.0302608865121741, 0.08654431781667271, 0.1475777050998303, 0.06139433296245226, 0.03394219001798706]","62_lag_stratZ50ndj01, 42_lag_shSICmar, 48_lag_traBS, 46_lag_stratZ50ndj04, 55_lag_traFB, 54_lag_traBS_3835_42"
LinearRegression,49,6,traMC,shigh,915.5,2005.5,0.8,64,34,42,17.078893898830408,0.05871566665137476,3835,"['42_lag_traBS', '62_lag_atlSICjfm', '46_lag_stratZ50ndj04', '62_lag_stratZ50ndj01', '55_lag_traFB', '54_lag_traBS']","[0.06652524158173048, 0.01927857235762541, 0.15487701384878316, 0.05404344595606892, 0.0673786282494998, 0.038155632913512955]","42_lag_traBS, 62_lag_atlSICjfm, 46_lag_stratZ50ndj04, 62_lag_stratZ50ndj01, 55_lag_traFB, 54_lag_traBS_3835_42"
LinearRegression,50,6,traMC,shigh,916.5,2005.5,0.8,65,35,42,17.172000791833415,-0.008518005073877741,3835,"['42_lag_traBS', '54_lag_traBS', '43_lag_alpi', '51_lag_nhSICsep', '46_lag_stratZ50ndj04', '55_lag_traFB']","[0.07689917297637479, 0.041841856895775235, 0.05765750091375666, 0.05920319444184353, 0.13304301255648657, 0.05300745330074416]","42_lag_traBS, 54_lag_traBS, 43_lag_alpi, 51_lag_nhSICsep, 46_lag_stratZ50ndj04, 55_lag_traFB_3835_42"
LinearRegression,51,6,traMC,shigh,917.5,2005.5,0.8,66,36,46,16.35161866536071,0.08241077309681971,3835,"['54_lag_traBS', '62_lag_naoPSLjfm', '65_lag_stratZ50ndj01', '55_lag_traFB', '57_lag_traMC', '46_lag_stratZ50ndj04']","[0.029363363963062352, 0.0125071708011191, 0.07997579581410603, 0.06184803431126057, 0.11619998793546124, 0.13291713499504945]","54_lag_traBS, 62_lag_naoPSLjfm, 65_lag_stratZ50ndj01, 55_lag_traFB, 57_lag_traMC, 46_lag_stratZ50ndj04_3835_46"
LinearRegression,52,6,traMC,shigh,918.5,2005.5,0.8,67,37,42,16.345855344143153,0.034951732301613934,3835,"['57_lag_traMC', '44_lag_traBS', '51_lag_nhSICsep', '55_lag_traFB', '42_lag_traBS', '46_lag_stratZ50ndj04']","[0.11308338066596514, 0.038013868279280216, 0.05203512538423673, 0.05657110494888191, 0.06613001987247956, 0.11952041243973388]","57_lag_traMC, 44_lag_traBS, 51_lag_nhSICsep, 55_lag_traFB, 42_lag_traBS, 46_lag_stratZ50ndj04_3835_42"
LinearRegression,53,6,traMC,shigh,919.5,2005.5,0.8,68,38,42,17.16005205747577,0.026264912508450877,3835,"['53_lag_traWP', '51_lag_nhSICsep', '42_lag_traBS', '44_lag_traBS', '55_lag_traFB', '46_lag_stratZ50ndj04']","[0.07832551246530427, 0.0555704329535895, 0.06627894942460572, 0.033281177408178785, 0.04183640564176644, 0.14336063139330232]","53_lag_traWP, 51_lag_nhSICsep, 42_lag_traBS, 44_lag_traBS, 55_lag_traFB, 46_lag_stratZ50ndj04_3835_42"
LinearRegression,54,6,traMC,shigh,920.5,2005.5,0.8,69,39,42,17.38011063072518,-0.012468210784730547,3835,"['51_lag_nhSICsep', '42_lag_shSICmar', '42_lag_traBS', '53_lag_traWP', '46_lag_stratZ50ndj04', '44_lag_traBS']","[0.059516490947246925, 0.038741020434206325, 0.06764305253639473, 0.09100692831471609, 0.1375195185026734, 0.03305745330460666]","51_lag_nhSICsep, 42_lag_shSICmar, 42_lag_traBS, 53_lag_traWP, 46_lag_stratZ50ndj04, 44_lag_traBS_3835_42"
LinearRegression,55,6,traMC,shigh,921.5,2005.5,0.8,70,40,40,17.398209496941117,-0.05483875992087178,3835,"['54_lag_tripol2', '42_lag_shSICmar', '40_lag_shSICmar', '55_lag_traFB', '53_lag_traWP', '46_lag_stratZ50ndj04']","[0.028662460763649863, 0.07630789391218062, 0.07172628443583418, 0.047461602128710784, 0.08609229215803425, 0.1628461960507959]","54_lag_tripol2, 42_lag_shSICmar, 40_lag_shSICmar, 55_lag_traFB, 53_lag_traWP, 46_lag_stratZ50ndj04_3835_40"
LinearRegression,56,6,traMC,shigh,922.5,2005.5,0.8,71,41,44,17.026115099470143,0.0004107612433783313,3835,"['61_lag_traIT', '44_lag_traBS', '48_lag_ginwSSTjfm', '55_lag_traFB', '53_lag_traWP', '46_lag_stratZ50ndj04']","[0.037202762527634985, 0.03308785836410915, 0.04075152023777322, 0.06057305808013279, 0.08285516299673484, 0.15985066553557747]","61_lag_traIT, 44_lag_traBS, 48_lag_ginwSSTjfm, 55_lag_traFB, 53_lag_traWP, 46_lag_stratZ50ndj04_3835_44"
LinearRegression,57,6,traMC,shigh,923.5,2005.5,0.8,72,42,42,17.064139909682677,0.01468942981691859,3835,"['48_lag_ginwSSTjfm', '55_lag_traFB', '42_lag_traBS', '51_lag_nhSICsep', '46_lag_stratZ50ndj04', '53_lag_traWP']","[0.04538898827668472, 0.05334479701060535, 0.06568201881069965, 0.06202953745253273, 0.1472079465386043, 0.084570646602073]","48_lag_ginwSSTjfm, 55_lag_traFB, 42_lag_traBS, 51_lag_nhSICsep, 46_lag_stratZ50ndj04, 53_lag_traWP_3835_42"
LinearRegression,58,6,traMC,shigh,924.5,2005.5,0.8,73,43,46,17.065031189142566,-0.01940873538493532,3835,"['51_lag_nhSICsep', '66_lag_atlSICsep', '50_lag_stratZ50ndj02', '72_lag_naoPSLjfm', '46_lag_stratZ50ndj04', '53_lag_traWP']","[0.07146473608994432, 0.08397440266287257, 0.006051692722919987, 0.055033224051060974, 0.1610618015575544, 0.09116381482046956]","51_lag_nhSICsep, 66_lag_atlSICsep, 50_lag_stratZ50ndj02, 72_lag_naoPSLjfm, 46_lag_stratZ50ndj04, 53_lag_traWP_3835_46"
LinearRegression,59,6,traMC,shigh,925.5,2005.5,0.8,74,44,46,17.08436696217066,0.06752119674823917,3835,"['50_lag_stratZ50ndj02', '51_lag_nhSICsep', '54_lag_traBS', '72_lag_naoPSLjfm', '46_lag_stratZ50ndj04', '53_lag_traWP']","[0.007756716261488899, 0.06246493391020117, 0.040183117303484325, 0.05466100006495517, 0.13997458170805124, 0.08292578753238265]","50_lag_stratZ50ndj02, 51_lag_nhSICsep, 54_lag_traBS, 72_lag_naoPSLjfm, 46_lag_stratZ50ndj04, 53_lag_traWP_3835_46"
LinearRegression,60,6,traMC,shigh,926.5,2005.5,0.8,75,45,53,17.215279587398705,-0.03374997163934577,3835,"['66_lag_atlSICsep', '54_lag_traBS', '53_lag_traWP', '62_lag_traDS', '69_lag_traTLS', '72_lag_naoPSLjfm']","[0.04533270432191493, 0.03837791275749257, 0.08780936056999852, 0.012290833342084063, 0.12278634990150832, 0.05501692765829977]","66_lag_atlSICsep, 54_lag_traBS, 53_lag_traWP, 62_lag_traDS, 69_lag_traTLS, 72_lag_naoPSLjfm_3835_53"
LinearRegression,61,6,traMC,shigh,927.5,2005.5,0.8,76,46,46,15.918815551031095,-0.022211074906970225,3835,"['61_lag_shSICsep', '51_lag_nhSICsep', '54_lag_traBS', '46_lag_stratZ50ndj04', '69_lag_traTLS', '66_lag_atlSICsep']","[0.1310418052331244, 0.08300307085837774, 0.03235380266638541, 0.16374339324367793, 0.11540552899928358, 0.08038582152029579]","61_lag_shSICsep, 51_lag_nhSICsep, 54_lag_traBS, 46_lag_stratZ50ndj04, 69_lag_traTLS, 66_lag_atlSICsep_3835_46"
LinearRegression,62,6,traMC,shigh,928.5,2005.5,0.8,77,47,51,16.14571798418845,-0.012451776799910115,3835,"['62_lag_traIFC', '51_lag_nhSICsep', '72_lag_naoPSLjfm', '61_lag_shSICsep', '66_lag_atlSICsep', '69_lag_traTLS']","[0.053978346394205075, 0.10715458984868484, 0.05461543571297474, 0.12053512740643427, 0.06553238166273065, 0.11966221453819316]","62_lag_traIFC, 51_lag_nhSICsep, 72_lag_naoPSLjfm, 61_lag_shSICsep, 66_lag_atlSICsep, 69_lag_traTLS_3835_51"
LinearRegression,63,6,traMC,shigh,929.5,2005.5,0.8,78,48,53,17.78368145729125,-0.05010767851912921,3835,"['68_lag_mhfATL60', '62_lag_traIFC', '53_lag_shSICmar', '66_lag_atlSICsep', '55_lag_traTLS', '69_lag_traTLS']","[0.0018448096449143686, 0.06463526317557344, 0.05322831217937947, 0.04010845998937358, 0.03839760409019305, 0.11753975630888681]","68_lag_mhfATL60, 62_lag_traIFC, 53_lag_shSICmar, 66_lag_atlSICsep, 55_lag_traTLS, 69_lag_traTLS_3835_53"
LinearRegression,64,6,traMC,shigh,930.5,2005.5,0.8,79,49,61,17.136234007420846,-0.0856908623788544,3835,"['74_lag_labSSTjfm', '61_lag_samPSLann', '66_lag_atlSICsep', '74_lag_traTLS', '70_lag_traTLS', '69_lag_traTLS']","[0.060867414133052376, 0.05809235511103367, 0.038743274894498664, 0.06902728521050751, 0.048043667775034694, 0.12170815858743206]","74_lag_labSSTjfm, 61_lag_samPSLann, 66_lag_atlSICsep, 74_lag_traTLS, 70_lag_traTLS, 69_lag_traTLS_3835_61"
LinearRegression,65,6,traMC,shigh,931.5,2005.5,0.8,80,50,61,17.19395072233136,-0.08450073252929172,3835,"['74_lag_labSSTjfm', '74_lag_traTLS', '70_lag_traTLS', '61_lag_samPSLann', '66_lag_atlSICsep', '69_lag_traTLS']","[0.06043042211223888, 0.06890899719469407, 0.048709128917572175, 0.058526250005578, 0.03907179841198287, 0.12217928962206778]","74_lag_labSSTjfm, 74_lag_traTLS, 70_lag_traTLS, 61_lag_samPSLann, 66_lag_atlSICsep, 69_lag_traTLS_3835_61"
LinearRegression,66,6,traMC,shigh,932.5,2005.5,0.8,81,51,57,17.105247136220104,-0.10421860600676555,3835,"['79_lag_traEU', '61_lag_samPSLann', '70_lag_traTLS', '57_lag_scpPSLjfm', '66_lag_atlSICsep', '69_lag_traTLS']","[0.015063149978575746, 0.05376512589257909, 0.041596781264652355, 0.014997217002809178, 0.03532381900062345, 0.11749350762633287]","79_lag_traEU, 61_lag_samPSLann, 70_lag_traTLS, 57_lag_scpPSLjfm, 66_lag_atlSICsep, 69_lag_traTLS_3835_57"
LinearRegression,67,6,traMC,shigh,933.5,2005.5,0.8,82,52,66,17.627430474266173,-0.05350091006031524,3835,"['76_lag_traFB', '81_lag_satlSSTjfm', '66_lag_atlSICsep', '70_lag_traTLS', '81_lag_stratZ50ndj01', '69_lag_traTLS']","[0.05856112387360162, 0.17820121999333885, 0.06407266953873067, 0.03395395204022783, 0.027421347777643018, 0.11815949697578344]","76_lag_traFB, 81_lag_satlSSTjfm, 66_lag_atlSICsep, 70_lag_traTLS, 81_lag_stratZ50ndj01, 69_lag_traTLS_3835_66"
LinearRegression,68,6,traMC,shigh,934.5,2005.5,0.8,83,53,57,17.000409601990945,-0.07257157169218571,3835,"['70_lag_traTLS', '57_lag_scpPSLjfm', '63_lag_traBS', '81_lag_stratZ50ndj01', '69_lag_traTLS', '66_lag_atlSICsep']","[0.03559083866041056, 0.016180270218259518, 0.07372302437379877, 0.023949362944306392, 0.1188761587103901, 0.0363112586854194]","70_lag_traTLS, 57_lag_scpPSLjfm, 63_lag_traBS, 81_lag_stratZ50ndj01, 69_lag_traTLS, 66_lag_atlSICsep_3835_57"
LinearRegression,69,6,traMC,shigh,935.5,2005.5,0.8,84,54,57,17.724313656445474,-0.05598219559943092,3835,"['81_lag_satlSSTjfm', '70_lag_traTLS', '81_lag_stratZ50ndj01', '57_lag_scpPSLjfm', '69_lag_traTLS', '66_lag_atlSICsep']","[0.1799321120940636, 0.03556059013074861, 0.030545397540846307, 0.01757859408368928, 0.11439816107813015, 0.06997434122123557]","81_lag_satlSSTjfm, 70_lag_traTLS, 81_lag_stratZ50ndj01, 57_lag_scpPSLjfm, 69_lag_traTLS, 66_lag_atlSICsep_3835_57"
LinearRegression,70,6,traMC,shigh,936.5,2005.5,0.8,85,55,57,17.19285596744586,-0.0011962511443374929,3835,"['84_lag_atlSICsep', '63_lag_traTLS', '75_lag_eurPSLjfm', '66_lag_atlSICsep', '57_lag_scpPSLjfm', '69_lag_traTLS']","[0.07703007630624278, 0.08749836078639762, 0.027465908841432136, 0.05581718306195988, 0.014607451912843104, 0.12232313760659011]","84_lag_atlSICsep, 63_lag_traTLS, 75_lag_eurPSLjfm, 66_lag_atlSICsep, 57_lag_scpPSLjfm, 69_lag_traTLS_3835_57"
LinearRegression,71,6,traMC,shigh,937.5,2005.5,0.8,86,56,56,17.165395380996745,-0.08422002877705434,3835,"['68_lag_traFB', '69_lag_traTLS', '66_lag_atlSICsep', '63_lag_traBS', '59_lag_ismPRjja', '56_lag_scpPSLjfm']","[0.004076310674600172, 0.11510568803441673, 0.039065944061545115, 0.07702170626136284, 0.04843502144075197, 0.049987825079559504]","68_lag_traFB, 69_lag_traTLS, 66_lag_atlSICsep, 63_lag_traBS, 59_lag_ismPRjja, 56_lag_scpPSLjfm_3835_56"
LinearRegression,72,6,traMC,shigh,938.5,2005.5,0.8,87,57,57,16.382099156121125,-0.09562773492672376,3835,"['67_lag_tripol3', '76_lag_traFB', '68_lag_traFB', '69_lag_traTLS', '66_lag_atlSICsep', '57_lag_traMC']","[0.03214899943458154, 0.0607424789612165, 0.019964131577078742, 0.11521900974176832, 0.03897500652738937, 0.12816508110615837]","67_lag_tripol3, 76_lag_traFB, 68_lag_traFB, 69_lag_traTLS, 66_lag_atlSICsep, 57_lag_traMC_3835_57"
LinearRegression,73,6,traMC,shigh,939.5,2005.5,0.8,88,58,62,16.75069645017082,-0.051494460618630715,3835,"['87_lag_neurTSjfm', '62_lag_traDS', '67_lag_tripol3', '82_lag_shSICsep', '66_lag_atlSICsep', '66_lag_traBS']","[0.02110162524877272, 0.011468918504454681, 0.005723421011443151, 0.08044624546122668, 0.0341119349182136, 0.12788205008028047]","87_lag_neurTSjfm, 62_lag_traDS, 67_lag_tripol3, 82_lag_shSICsep, 66_lag_atlSICsep, 66_lag_traBS_3835_62"
LinearRegression,74,6,traMC,shigh,940.5,2005.5,0.8,89,59,66,16.68486709834265,-0.04104664051999688,3835,"['66_lag_atlSICsep', '87_lag_neurTSjfm', '75_lag_traEC', '79_lag_yrvPRjja', '82_lag_shSICsep', '66_lag_traBS']","[0.030056401512471582, 0.021530744460284745, 0.09960039418435641, 0.04700413976698845, 0.07615423171201954, 0.13152469808707562]","66_lag_atlSICsep, 87_lag_neurTSjfm, 75_lag_traEC, 79_lag_yrvPRjja, 82_lag_shSICsep, 66_lag_traBS_3835_66"
LinearRegression,75,6,traMC,shigh,941.5,2005.5,0.8,90,60,66,15.879366355735383,-0.09737171164175087,3835,"['66_lag_naoPSLjfm', '68_lag_traFB', '70_lag_traMC', '66_lag_traBS', '82_lag_shSICsep', '79_lag_yrvPRjja']","[0.028981988279682017, 0.0023876639169184977, 0.17210330604422897, 0.13287814838072942, 0.08188605915020616, 0.05961910109046663]","66_lag_naoPSLjfm, 68_lag_traFB, 70_lag_traMC, 66_lag_traBS, 82_lag_shSICsep, 79_lag_yrvPRjja_3835_66"
LinearRegression,76,6,traMC,shigh,942.5,2005.5,0.8,91,61,66,16.715428991992933,-0.04620993035770413,3835,"['66_lag_atlSICsep', '66_lag_amoSSTmjjaso', '66_lag_naoPSLjfm', '73_lag_mhfATL30', '66_lag_traBS', '82_lag_shSICsep']","[0.04892122655442327, 0.0670400082891471, 0.024181485835294392, 0.007967154360543412, 0.12579818163281853, 0.08664220132687923]","66_lag_atlSICsep, 66_lag_amoSSTmjjaso, 66_lag_naoPSLjfm, 73_lag_mhfATL30, 66_lag_traBS, 82_lag_shSICsep_3835_66"
LinearRegression,77,6,traMC,shigh,943.5,2005.5,0.8,92,62,62,17.752402192258035,0.003771520790567537,3835,"['66_lag_naoPSLjfm', '69_lag_traTLS', '66_lag_amoSSTmjjaso', '62_lag_shSICmar', '66_lag_traBS', '73_lag_mhfATL30']","[0.030039672783479215, 0.11099926194810307, 0.014709595609582652, 0.05495849327546093, 0.11126819794881125, 0.004230748000976179]","66_lag_naoPSLjfm, 69_lag_traTLS, 66_lag_amoSSTmjjaso, 62_lag_shSICmar, 66_lag_traBS, 73_lag_mhfATL30_3835_62"
LinearRegression,78,6,traMC,shigh,944.5,2005.5,0.8,93,63,66,17.626064407545467,-0.033022472397661755,3835,"['68_lag_stratZ50ndj01', '66_lag_atlSICsep', '66_lag_amoSSTmjjaso', '66_lag_traBS', '81_lag_stratZ50ndj01', '73_lag_mhfATL30']","[0.1016751280090127, 0.0639628545193909, 0.05168165503915059, 0.11788206065857136, 0.024401649307645712, 0.0018637706289346967]","68_lag_stratZ50ndj01, 66_lag_atlSICsep, 66_lag_amoSSTmjjaso, 66_lag_traBS, 81_lag_stratZ50ndj01, 73_lag_mhfATL30_3835_66"
LinearRegression,79,6,traMC,shigh,945.5,2005.5,0.8,94,64,66,17.489048626401278,0.04043587171102449,3835,"['68_lag_stratZ50ndj01', '66_lag_nhSICsep', '79_lag_traIT', '93_lag_traWP', '66_lag_traBS', '81_lag_stratZ50ndj01']","[0.09772640992437763, 0.03984283495300595, 0.013113474804007229, 0.07751184115421103, 0.11942615197634694, 0.02598302009631092]","68_lag_stratZ50ndj01, 66_lag_nhSICsep, 79_lag_traIT, 93_lag_traWP, 66_lag_traBS, 81_lag_stratZ50ndj01_3835_66"
LinearRegression,80,6,traMC,shigh,946.5,2005.5,0.8,95,65,68,17.48446177356182,-0.07816684208722666,3835,"['68_lag_traFB', '93_lag_traFB', '93_lag_amoSSTmjjaso', '69_lag_traTLS', '68_lag_stratZ50ndj01', '81_lag_stratZ50ndj01']","[0.02275862813164832, 0.011712972209025882, 0.07664534492346134, 0.1258419480401363, 0.10545815696605046, 0.030200700245024942]","68_lag_traFB, 93_lag_traFB, 93_lag_amoSSTmjjaso, 69_lag_traTLS, 68_lag_stratZ50ndj01, 81_lag_stratZ50ndj01_3835_68"
LinearRegression,81,6,traMC,shigh,947.5,2005.5,0.8,96,66,66,17.712150859074846,-0.06659036321585801,3835,"['66_lag_atlSICsep', '68_lag_stratZ50ndj01', '66_lag_nhSICsep', '66_lag_traBS', '81_lag_stratZ50ndj01', '69_lag_traTLS']","[0.0591415095539422, 0.10768238898929762, 0.06069704078699967, 0.10893141977816231, 0.028986869695221247, 0.11397658663717644]","66_lag_atlSICsep, 68_lag_stratZ50ndj01, 66_lag_nhSICsep, 66_lag_traBS, 81_lag_stratZ50ndj01, 69_lag_traTLS_3835_66"
LinearRegression,82,6,traMC,shigh,948.5,2005.5,0.8,97,67,69,16.342204115480833,-0.07857566566675118,3835,"['86_lag_cetTSjfm', '70_lag_traMC', '90_lag_stratZ50ndj01', '81_lag_stratZ50ndj01', '96_lag_ismPRjja', '69_lag_traTLS']","[0.04394836488584971, 0.16464918114406124, 0.0814656526662651, 0.02320757166195489, 0.030245656960659992, 0.12628090516548213]","86_lag_cetTSjfm, 70_lag_traMC, 90_lag_stratZ50ndj01, 81_lag_stratZ50ndj01, 96_lag_ismPRjja, 69_lag_traTLS_3835_69"
LinearRegression,83,6,traMC,shigh,949.5,2005.5,0.8,98,68,70,16.14292152857386,-0.09684210124150235,3835,"['82_lag_traIT', '76_lag_traFB', '90_lag_stratZ50ndj01', '70_lag_traMC', '93_lag_stratZ50ndj04', '97_lag_traEU']","[0.01697461737629841, 0.035029725891997154, 0.07857982665500586, 0.15074484669189467, 0.031153257706128153, 0.09101993757013813]","82_lag_traIT, 76_lag_traFB, 90_lag_stratZ50ndj01, 70_lag_traMC, 93_lag_stratZ50ndj04, 97_lag_traEU_3835_70"
LinearRegression,84,6,traMC,shigh,950.5,2005.5,0.8,99,69,69,17.63655254553279,-0.1340582932738495,3835,"['98_lag_shSICmar', '96_lag_nppc2SSTjfm', '88_lag_pdoSSTjfm', '69_lag_traTLS', '80_lag_ismPRjja', '97_lag_traEU']","[0.050836843778908604, 0.0232768747032081, 0.005184674315594754, 0.11763294081086538, 0.06817991528508051, 0.09974169211763118]","98_lag_shSICmar, 96_lag_nppc2SSTjfm, 88_lag_pdoSSTjfm, 69_lag_traTLS, 80_lag_ismPRjja, 97_lag_traEU_3835_69"
LinearRegression,85,6,traMC,shigh,951.5,2005.5,0.8,100,70,70,16.329085834723763,-0.05591902686136143,3835,"['80_lag_ismPRjja', '82_lag_ginwSSTjfm', '96_lag_nppc2SSTjfm', '73_lag_mhfATL30', '70_lag_traMC', '97_lag_traEU']","[0.061012689240005705, 0.08410433366650226, 0.03578362350611597, 0.004497499693734697, 0.16291014398769582, 0.0930203593670894]","80_lag_ismPRjja, 82_lag_ginwSSTjfm, 96_lag_nppc2SSTjfm, 73_lag_mhfATL30, 70_lag_traMC, 97_lag_traEU_3835_70"
