model,num_irrelevant,max_allowed_features,target_feature,dataset,year_start,year_end,splitsize,max_lag,init_lag,max_forecast,mae_score,corr_score,n_total_features,selected_feature_list,feature_importances,selected_features
LinearRegression,0,30,tripol3,picntrl,1514.5,2050.5,0.8,15,5,5,15.46647441893472,-0.10639361143828159,1216,"['8_lag_AMOCann', '7_lag_traIT', '8_lag_traCA', '5_lag_8_median_nhSICjfm', '13_lag_shTSjfm', '8_lag_mhfATL30', '8_lag_samPSLann', '8_lag_shSICsep', '10_lag_ginwSSTjfm', '9_lag_ginwSSTjfm', '12_lag_glomaSSTjfm', '12_lag_traFSC', '14_lag_stratZ50ndj04', '5_lag_8_median_neurTSjfm', '13_lag_nhSICsep', '5_lag_8_median_ismPRjja', '14_lag_naoPSLjfm', '13_lag_arcTSjfm', '5_lag_mhfATL60', '13_lag_samPSLann', '11_lag_mhfIP30', '5_lag_stratZ50ndj04', '5_lag_nppc2SSTjfm', '9_lag_traCA', '5_lag_traFSC', '9_lag_tripol3', '9_lag_nppc2SSTjfm', '11_lag_traFSC', '14_lag_traTLS', '14_lag_atlSICjfm']","[0.03854623621349897, 0.11545754617861302, 0.04609510510087683, 0.01022266887916113, 0.12221509303806395, 0.0745741330007034, 0.006970626236851149, 0.08642554308583769, 0.018230452543024477, 0.0024474183473155537, 0.12269145756511245, 0.09383079463029766, 0.08802937332554649, 0.0017739886880442741, 0.17977341947266334, 0.22188318755212774, 0.06689029826523293, 0.17849961838576947, 0.028871932062381603, 0.0648616166234155, 0.06951791432551273, 0.020560351494933408, 0.03624066637625448, 0.03667757688285865, 0.14156662447652968, 0.09184463851997364, 0.08703763688090538, 0.13111041646334254, 0.17767609346455987, 0.023140365487563607]","8_lag_AMOCann, 7_lag_traIT, 8_lag_traCA, 5_lag_8_median_nhSICjfm, 13_lag_shTSjfm, 8_lag_mhfATL30, 8_lag_samPSLann, 8_lag_shSICsep, 10_lag_ginwSSTjfm, 9_lag_ginwSSTjfm, 12_lag_glomaSSTjfm, 12_lag_traFSC, 14_lag_stratZ50ndj04, 5_lag_8_median_neurTSjfm, 13_lag_nhSICsep, 5_lag_8_median_ismPRjja, 14_lag_naoPSLjfm, 13_lag_arcTSjfm, 5_lag_mhfATL60, 13_lag_samPSLann, 11_lag_mhfIP30, 5_lag_stratZ50ndj04, 5_lag_nppc2SSTjfm, 9_lag_traCA, 5_lag_traFSC, 9_lag_tripol3, 9_lag_nppc2SSTjfm, 11_lag_traFSC, 14_lag_traTLS, 14_lag_atlSICjfm_1216_5"
LinearRegression,1,30,tripol3,picntrl,1515.5,2050.5,0.8,16,6,6,14.51459081649873,0.08249870839865384,1216,"['9_lag_glomaSSTjfm', '13_lag_shSICsep', '6_lag_nppc3SSTjfm', '6_lag_13_median_yrvPRjja', '11_lag_mhfIP30', '15_lag_eurPSLjfm', '13_lag_shSICmar', '9_lag_traIT', '15_lag_wnorPRjfm', '12_lag_traFSC', '14_lag_mhfATL60', '8_lag_yrvPRjja', '14_lag_eurPSLjfm', '13_lag_glTSjfm', '13_lag_nchinaPRjja', '9_lag_ginwSSTjfm', '13_lag_nhSICsep', '10_lag_ginwSSTjfm', '8_lag_cetTSjfm', '6_lag_amoSSTmjjaso', '13_lag_pdoSSTjfm', '9_lag_tripol3', '15_lag_atlSICjfm', '14_lag_atlSICjfm', '14_lag_traTLS', '15_lag_ginwSSTjfm', '11_lag_traFSC', '12_lag_glomaSSTjfm', '6_lag_traWP', '6_lag_9_median_yrvPRjja']","[0.06720391582850083, 0.008756506323571195, 0.04573329693675222, 0.05294390451062662, 0.06733532091243181, 0.030322614217317426, 0.22923527633217242, 0.039371700169389116, 0.06265656253512439, 0.10655118966016966, 0.12110811607852033, 0.014374158353950249, 0.10342039233873532, 0.0732889843528007, 0.03626290015452639, 0.017691635826863412, 0.14711911400484165, 0.0017491061140244139, 0.11704935047755331, 0.05057472424747737, 0.015282042589100441, 0.08259722370858745, 0.07771397761588986, 0.039174988022282385, 0.1939503423976435, 0.09114836334730218, 0.12761562868266318, 0.09680327581988465, 0.12152852785579073, 0.19600502229408892]","9_lag_glomaSSTjfm, 13_lag_shSICsep, 6_lag_nppc3SSTjfm, 6_lag_13_median_yrvPRjja, 11_lag_mhfIP30, 15_lag_eurPSLjfm, 13_lag_shSICmar, 9_lag_traIT, 15_lag_wnorPRjfm, 12_lag_traFSC, 14_lag_mhfATL60, 8_lag_yrvPRjja, 14_lag_eurPSLjfm, 13_lag_glTSjfm, 13_lag_nchinaPRjja, 9_lag_ginwSSTjfm, 13_lag_nhSICsep, 10_lag_ginwSSTjfm, 8_lag_cetTSjfm, 6_lag_amoSSTmjjaso, 13_lag_pdoSSTjfm, 9_lag_tripol3, 15_lag_atlSICjfm, 14_lag_atlSICjfm, 14_lag_traTLS, 15_lag_ginwSSTjfm, 11_lag_traFSC, 12_lag_glomaSSTjfm, 6_lag_traWP, 6_lag_9_median_yrvPRjja_1216_6"
LinearRegression,2,30,tripol3,picntrl,1516.5,2050.5,0.8,17,7,7,14.854034448886308,-0.02759502792853738,1216,"['7_lag_arcTSjfm', '16_lag_neurTSjfm', '15_lag_traCA', '16_lag_scpPSLjfm', '7_lag_traCA', '11_lag_labSSTjfm', '7_lag_atlSICsep', '10_lag_traEU', '7_lag_12_median_traFSC', '7_lag_10_median_traDS', '12_lag_atlSICsep', '7_lag_traWP', '14_lag_eurPSLjfm', '7_lag_yrvPRjja', '15_lag_ginwSSTjfm', '11_lag_gyreSSTjfm', '13_lag_ismPRjja', '13_lag_nhSICsep', '16_lag_amoSSTmjjaso', '10_lag_ginwSSTjfm', '12_lag_seurTSjfm', '13_lag_glTSjfm', '12_lag_glomaSSTjfm', '7_lag_10_median_stratZ50ndj03', '7_lag_traEC', '11_lag_samPSLann', '16_lag_eurPSLjfm', '9_lag_tripol3', '14_lag_traTLS', '11_lag_traFSC']","[0.03114894414697444, 0.04590389708476372, 0.09509060728442173, 0.07557839400524947, 0.058763857483084284, 0.03173439260483758, 0.04147648563922313, 0.027495046190964642, 0.33103542127319496, 0.2023758122512141, 0.14947466280056487, 0.01334085610352585, 0.05177660590830904, 0.07577463020052229, 0.10551164804377984, 0.11568037764637644, 0.07155281473667618, 0.08815588122371136, 0.07901202376801732, 0.03968054723702716, 0.07936154231590604, 0.0018209687166638611, 0.1294405316095044, 0.006108478122333387, 0.0697083018348063, 0.13001626153277213, 0.1255741379895648, 0.07247998633322403, 0.2271025004531433, 0.2727056761687541]","7_lag_arcTSjfm, 16_lag_neurTSjfm, 15_lag_traCA, 16_lag_scpPSLjfm, 7_lag_traCA, 11_lag_labSSTjfm, 7_lag_atlSICsep, 10_lag_traEU, 7_lag_12_median_traFSC, 7_lag_10_median_traDS, 12_lag_atlSICsep, 7_lag_traWP, 14_lag_eurPSLjfm, 7_lag_yrvPRjja, 15_lag_ginwSSTjfm, 11_lag_gyreSSTjfm, 13_lag_ismPRjja, 13_lag_nhSICsep, 16_lag_amoSSTmjjaso, 10_lag_ginwSSTjfm, 12_lag_seurTSjfm, 13_lag_glTSjfm, 12_lag_glomaSSTjfm, 7_lag_10_median_stratZ50ndj03, 7_lag_traEC, 11_lag_samPSLann, 16_lag_eurPSLjfm, 9_lag_tripol3, 14_lag_traTLS, 11_lag_traFSC_1216_7"
LinearRegression,3,30,tripol3,picntrl,1517.5,2050.5,0.8,18,8,8,15.580343075654293,-0.08925666457425015,1216,"['11_lag_atlSICjfm', '12_lag_atlSICsep', '8_lag_11_median_traCA', '12_lag_traIT', '8_lag_13_median_gyreSSTjfm', '8_lag_yrvPRjja', '14_lag_traIT', '8_lag_13_median_mhfATL30', '10_lag_mhfATL60', '10_lag_eapPSLjfm', '16_lag_amoSSTmjjaso', '15_lag_traDP', '14_lag_shSICmar', '11_lag_traFSC', '12_lag_shTSjfm', '15_lag_cetTSjfm', '11_lag_amo3', '8_lag_atlSICsep', '15_lag_ginwSSTjfm', '14_lag_traTLS', '8_lag_mhfATL45', '15_lag_traEU', '17_lag_amoSSTmjjaso', '13_lag_ismPRjja', '11_lag_samPSLann', '17_lag_shTSjfm', '12_lag_traFSC', '8_lag_cetTSjfm', '17_lag_amo2', '16_lag_eurPSLjfm']","[0.13879050610727464, 0.2126366329250661, 0.0492150287244496, 0.07354975314167156, 0.348387241348926, 0.060288429252667815, 0.1045310213790149, 0.028452966989763757, 0.11283287969839874, 0.011118061320428954, 0.09112898945245518, 0.04829406580660248, 0.18919974734491965, 0.23414483030539715, 0.03562689220848006, 0.018993678389225416, 0.049602727398549984, 0.058978730380903274, 0.12421149224490767, 0.25433933949587606, 0.09344973335339685, 0.05503497689280402, 0.09359008595429419, 0.03656342701325005, 0.17143719502333435, 0.06835845408091919, 0.03260612302778336, 0.09271225875807627, 0.21247416248234605, 0.11115898225190522]","11_lag_atlSICjfm, 12_lag_atlSICsep, 8_lag_11_median_traCA, 12_lag_traIT, 8_lag_13_median_gyreSSTjfm, 8_lag_yrvPRjja, 14_lag_traIT, 8_lag_13_median_mhfATL30, 10_lag_mhfATL60, 10_lag_eapPSLjfm, 16_lag_amoSSTmjjaso, 15_lag_traDP, 14_lag_shSICmar, 11_lag_traFSC, 12_lag_shTSjfm, 15_lag_cetTSjfm, 11_lag_amo3, 8_lag_atlSICsep, 15_lag_ginwSSTjfm, 14_lag_traTLS, 8_lag_mhfATL45, 15_lag_traEU, 17_lag_amoSSTmjjaso, 13_lag_ismPRjja, 11_lag_samPSLann, 17_lag_shTSjfm, 12_lag_traFSC, 8_lag_cetTSjfm, 17_lag_amo2, 16_lag_eurPSLjfm_1216_8"
LinearRegression,4,30,tripol3,picntrl,1518.5,2050.5,0.8,19,9,9,15.14252404378151,-0.013090687528748335,1216,"['9_lag_14_median_shSICsep', '17_lag_mhfATL45', '15_lag_traDP', '11_lag_amo3', '17_lag_atlSICsep', '9_lag_samPSLann', '15_lag_cetTSjfm', '13_lag_arcTSjfm', '12_lag_traFSC', '9_lag_12_median_gyreSSTjfm', '12_lag_shSICsep', '18_lag_samPSLann', '16_lag_tripol3', '14_lag_shSICmar', '9_lag_arcTSjfm', '9_lag_stratZ50ndj02', '15_lag_ormenSSTjfm', '18_lag_neurTSjfm', '9_lag_13_median_traBS', '9_lag_traDP', '12_lag_glomaSSTjfm', '16_lag_nhSICsep', '9_lag_12_median_nchinaPRjja', '9_lag_tripol3', '9_lag_ginwSSTjfm', '9_lag_nppc2SSTjfm', '18_lag_nhSICjfm', '16_lag_eurPSLjfm', '9_lag_14_median_shTSjfm', '14_lag_traIT']","[0.03897583241099731, 0.07014895587572341, 0.04613644107512496, 0.09558661123402895, 0.007277019756612095, 0.002139947346491882, 0.025071017141494525, 0.012365724919067192, 0.011394274568950799, 0.20211425444779998, 0.1329961110777347, 0.0306678192591389, 0.17637888849938718, 0.14792005569688124, 0.0015065411650446732, 0.03368193758030077, 0.022526266194266592, 0.09532755434309823, 0.20415124725925707, 0.03432405982262182, 0.06972371668935777, 0.08689825752461988, 0.12828932049911984, 0.09721593080137542, 0.042780963556148244, 0.11738505108444756, 0.1754849396946195, 0.09050994327570278, 0.4329452047364388, 0.05718341576256049]","9_lag_14_median_shSICsep, 17_lag_mhfATL45, 15_lag_traDP, 11_lag_amo3, 17_lag_atlSICsep, 9_lag_samPSLann, 15_lag_cetTSjfm, 13_lag_arcTSjfm, 12_lag_traFSC, 9_lag_12_median_gyreSSTjfm, 12_lag_shSICsep, 18_lag_samPSLann, 16_lag_tripol3, 14_lag_shSICmar, 9_lag_arcTSjfm, 9_lag_stratZ50ndj02, 15_lag_ormenSSTjfm, 18_lag_neurTSjfm, 9_lag_13_median_traBS, 9_lag_traDP, 12_lag_glomaSSTjfm, 16_lag_nhSICsep, 9_lag_12_median_nchinaPRjja, 9_lag_tripol3, 9_lag_ginwSSTjfm, 9_lag_nppc2SSTjfm, 18_lag_nhSICjfm, 16_lag_eurPSLjfm, 9_lag_14_median_shTSjfm, 14_lag_traIT_1216_9"
LinearRegression,5,30,tripol3,picntrl,1519.5,2050.5,0.8,20,10,10,15.46601930056097,-0.08361164493810014,1216,"['15_lag_nppc3SSTjfm', '18_lag_samPSLann', '14_lag_nhTSjfm', '19_lag_nppc3SSTjfm', '10_lag_15_median_stratZ50ndj02', '16_lag_traTLS', '10_lag_13_median_traBS', '16_lag_mhfIP30', '10_lag_13_median_nppc2SSTjfm', '13_lag_traCA', '10_lag_14_median_alpi', '15_lag_shTSjfm', '12_lag_glomaSSTjfm', '10_lag_13_median_traEU', '16_lag_satlSSTjfm', '14_lag_shTSjfm', '15_lag_traDP', '14_lag_stratZ50ndj04', '10_lag_15_median_alpi', '13_lag_arcTSjfm', '16_lag_nhSICsep', '10_lag_scpPSLjfm', '13_lag_tripol2', '18_lag_tripol1', '14_lag_tripol2', '19_lag_traIFC', '10_lag_eapPSLjfm', '10_lag_samPSLann', '19_lag_naoPSLjfm', '14_lag_traIT']","[0.08069910364601747, 0.06790572163976294, 0.09182491730448962, 0.00024841256525447565, 0.14427321298346163, 0.047655063266783176, 0.20575025316034437, 0.027948426968136233, 0.036520789003685696, 0.03496241755221779, 0.01942702414100415, 0.014282930994302083, 0.1336269111956653, 0.1302489707591941, 0.11589318917649112, 0.10541663687481642, 0.01405122333858636, 0.08142580941981271, 0.15358431648022403, 0.021816725612003398, 0.045272198165478526, 0.10245448334246977, 0.10833305477436277, 0.039708494754975385, 0.029178841846300693, 0.10111217511172212, 0.04758974768240141, 0.03299928562044475, 0.07073682593643088, 0.006706276798903952]","15_lag_nppc3SSTjfm, 18_lag_samPSLann, 14_lag_nhTSjfm, 19_lag_nppc3SSTjfm, 10_lag_15_median_stratZ50ndj02, 16_lag_traTLS, 10_lag_13_median_traBS, 16_lag_mhfIP30, 10_lag_13_median_nppc2SSTjfm, 13_lag_traCA, 10_lag_14_median_alpi, 15_lag_shTSjfm, 12_lag_glomaSSTjfm, 10_lag_13_median_traEU, 16_lag_satlSSTjfm, 14_lag_shTSjfm, 15_lag_traDP, 14_lag_stratZ50ndj04, 10_lag_15_median_alpi, 13_lag_arcTSjfm, 16_lag_nhSICsep, 10_lag_scpPSLjfm, 13_lag_tripol2, 18_lag_tripol1, 14_lag_tripol2, 19_lag_traIFC, 10_lag_eapPSLjfm, 10_lag_samPSLann, 19_lag_naoPSLjfm, 14_lag_traIT_1216_10"
LinearRegression,6,30,tripol3,picntrl,1520.5,2050.5,0.8,21,11,11,14.879299794589668,0.03474741096063021,1216,"['15_lag_traDP', '15_lag_wnorPRjfm', '16_lag_nhSICsep', '14_lag_nhSICjfm', '11_lag_14_median_scpPSLjfm', '15_lag_nhSICsep', '17_lag_amo1', '14_lag_traFSC', '15_lag_AMOCann', '11_lag_14_median_tripol2', '16_lag_traIT', '16_lag_traTLS', '11_lag_16_median_shSICmar', '18_lag_ormenSSTjfm', '13_lag_arcTSjfm', '11_lag_18_median_traBS', '14_lag_tripol2', '17_lag_ginwSSTjfm', '14_lag_stratZ50ndj04', '20_lag_amo1', '11_lag_atlSICsep', '19_lag_traIFC', '11_lag_16_median_stratZ50ndj01', '18_lag_amo1', '11_lag_stratZ50ndj02', '14_lag_traTLS', '11_lag_14_median_ensoSSTjfm', '11_lag_samPSLann', '14_lag_traIT', '19_lag_naoPSLjfm']","[0.0628662473229653, 0.06627781148208768, 0.1139855413386004, 0.004982008017500114, 0.15077716789544587, 0.03858460726101876, 0.009499326920531312, 0.05215575626932699, 0.03111752048628501, 0.37914667899136717, 0.143705231304539, 0.18787649802677323, 0.2371417591838613, 0.046885731772546166, 0.09283612993130676, 0.3257942647772765, 0.09785024167101741, 0.07866405885495827, 0.08617827879053849, 0.0685148806345884, 0.1254018442859355, 0.1086301925648248, 0.12546188081541443, 0.14948963480084154, 0.1564262708489438, 0.22526899362753985, 0.5146789630236891, 0.14356790286441093, 0.16150728831720276, 0.03819587954415614]","15_lag_traDP, 15_lag_wnorPRjfm, 16_lag_nhSICsep, 14_lag_nhSICjfm, 11_lag_14_median_scpPSLjfm, 15_lag_nhSICsep, 17_lag_amo1, 14_lag_traFSC, 15_lag_AMOCann, 11_lag_14_median_tripol2, 16_lag_traIT, 16_lag_traTLS, 11_lag_16_median_shSICmar, 18_lag_ormenSSTjfm, 13_lag_arcTSjfm, 11_lag_18_median_traBS, 14_lag_tripol2, 17_lag_ginwSSTjfm, 14_lag_stratZ50ndj04, 20_lag_amo1, 11_lag_atlSICsep, 19_lag_traIFC, 11_lag_16_median_stratZ50ndj01, 18_lag_amo1, 11_lag_stratZ50ndj02, 14_lag_traTLS, 11_lag_14_median_ensoSSTjfm, 11_lag_samPSLann, 14_lag_traIT, 19_lag_naoPSLjfm_1216_11"
LinearRegression,7,30,tripol3,picntrl,1521.5,2050.5,0.8,22,12,12,15.1508660384523,-0.13311279411861474,1216,"['21_lag_AMOCann', '12_lag_traFSC', '18_lag_nhSICjfm', '21_lag_stratZ50ndj03', '21_lag_amoSSTmjjaso', '12_lag_traIT', '16_lag_tripol1', '21_lag_nhSICjfm', '17_lag_samPSLann', '21_lag_amo1', '14_lag_shTSjfm', '16_lag_eapPSLjfm', '14_lag_nhTSjfm', '20_lag_tripol1', '17_lag_ismPRjja', '15_lag_nhSICjfm', '12_lag_18_median_alpi', '16_lag_traIT', '14_lag_traIT', '15_lag_cetTSjfm', '21_lag_amo2', '14_lag_traTLS', '12_lag_atlSICsep', '20_lag_shSICmar', '21_lag_mhfATL45', '21_lag_shSICmar', '15_lag_ginwSSTjfm', '12_lag_17_median_stratZ50ndj01', '17_lag_ginwSSTjfm', '16_lag_nhSICsep']","[0.14830873470768824, 0.00854290531714097, 0.09973336287868113, 0.08244828882596827, 0.03228704042280776, 0.07850073293916643, 0.018819902869155105, 0.11548415285200771, 0.04623711671536113, 0.03233236766098607, 0.18196405910963886, 0.07737926196167454, 0.1275648712521715, 0.07615105957506489, 0.09922213365227413, 0.0667666689153543, 0.09024587618604661, 0.05991658508539269, 0.09387355507445927, 0.04528304183361887, 0.018926052088718365, 0.273768448164408, 0.06623342751973153, 0.09345175673712172, 0.22910557827881783, 0.06619403858094908, 0.1344812295044554, 0.09648771444751343, 0.12965867759751437, 0.06834672682853907]","21_lag_AMOCann, 12_lag_traFSC, 18_lag_nhSICjfm, 21_lag_stratZ50ndj03, 21_lag_amoSSTmjjaso, 12_lag_traIT, 16_lag_tripol1, 21_lag_nhSICjfm, 17_lag_samPSLann, 21_lag_amo1, 14_lag_shTSjfm, 16_lag_eapPSLjfm, 14_lag_nhTSjfm, 20_lag_tripol1, 17_lag_ismPRjja, 15_lag_nhSICjfm, 12_lag_18_median_alpi, 16_lag_traIT, 14_lag_traIT, 15_lag_cetTSjfm, 21_lag_amo2, 14_lag_traTLS, 12_lag_atlSICsep, 20_lag_shSICmar, 21_lag_mhfATL45, 21_lag_shSICmar, 15_lag_ginwSSTjfm, 12_lag_17_median_stratZ50ndj01, 17_lag_ginwSSTjfm, 16_lag_nhSICsep_1216_12"
LinearRegression,8,30,tripol3,picntrl,1522.5,2050.5,0.8,23,13,13,15.17330637840631,-0.06645389882348927,1216,"['21_lag_AMOCann', '15_lag_nhSICsep', '18_lag_samPSLann', '13_lag_arcTSjfm', '17_lag_stratZ50ndj02', '16_lag_traTLS', '17_lag_ismPRjja', '20_lag_atlSICjfm', '16_lag_eapPSLjfm', '18_lag_nhSICjfm', '13_lag_shSICmar', '19_lag_traIFC', '16_lag_traIT', '13_lag_yrvPRjja', '21_lag_shTSjfm', '20_lag_tripol1', '13_lag_16_median_traIFC', '16_lag_eurPSLjfm', '16_lag_nhSICsep', '21_lag_amo2', '13_lag_seurTSjfm', '21_lag_mhfATL45', '17_lag_tripol1', '22_lag_AMOCann', '15_lag_cetTSjfm', '16_lag_traEU', '15_lag_ginwSSTjfm', '20_lag_shSICmar', '16_lag_satlSSTjfm', '21_lag_shSICmar']","[0.15189035665233405, 0.09684863725505319, 0.0757453534726425, 0.04535393575521553, 0.007686930525959918, 0.1685201036775836, 0.07877109539409476, 0.010700283358133042, 0.11369870247323487, 0.1817266960335645, 0.20374035028262136, 0.041592831292197624, 0.11361052384336559, 0.06853124519270867, 0.009968861718881488, 0.10357646290636757, 0.06326720109595903, 0.06381714563110781, 0.11656424589357538, 0.06986383608982934, 0.1196895115437574, 0.20059325050398322, 0.08602404669358045, 0.014174109291687149, 0.06289070429763435, 0.07857731794782544, 0.124358320590782, 0.08482577645443783, 0.15846766045551972, 0.09156769970235878]","21_lag_AMOCann, 15_lag_nhSICsep, 18_lag_samPSLann, 13_lag_arcTSjfm, 17_lag_stratZ50ndj02, 16_lag_traTLS, 17_lag_ismPRjja, 20_lag_atlSICjfm, 16_lag_eapPSLjfm, 18_lag_nhSICjfm, 13_lag_shSICmar, 19_lag_traIFC, 16_lag_traIT, 13_lag_yrvPRjja, 21_lag_shTSjfm, 20_lag_tripol1, 13_lag_16_median_traIFC, 16_lag_eurPSLjfm, 16_lag_nhSICsep, 21_lag_amo2, 13_lag_seurTSjfm, 21_lag_mhfATL45, 17_lag_tripol1, 22_lag_AMOCann, 15_lag_cetTSjfm, 16_lag_traEU, 15_lag_ginwSSTjfm, 20_lag_shSICmar, 16_lag_satlSSTjfm, 21_lag_shSICmar_1216_13"
LinearRegression,9,30,tripol3,picntrl,1523.5,2050.5,0.8,24,14,14,14.771637226880276,-0.003798897459328855,1216,"['22_lag_nchinaPRjja', '14_lag_nhTSjfm', '15_lag_cetTSjfm', '17_lag_ginwSSTjfm', '15_lag_ginwSSTjfm', '14_lag_15_median_ginwSSTjfm', '14_lag_15_median_cetTSjfm', '23_lag_seurTSjfm', '16_lag_mhfIP30', '19_lag_samPSLann', '20_lag_ginwSSTjfm', '17_lag_samPSLann', '23_lag_scpPSLjfm', '14_lag_23_median_traIT', '18_lag_nhSICjfm', '17_lag_mhfATL30', '16_lag_satlSSTjfm', '17_lag_nppc2SSTjfm', '14_lag_17_median_arcTSjfm', '21_lag_mhfATL45', '21_lag_AMOCann', '14_lag_traTLS', '19_lag_traCA', '18_lag_stratZ50ndj01', '20_lag_tripol1', '14_lag_17_median_traEC', '14_lag_yrvPRjja', '14_lag_traDP', '14_lag_shSICmar', '21_lag_shSICmar']","[0.05013477902874871, 0.09938044535274837, 546999439176.71466, 0.10869997047105524, 775380711853.7096, 775380711853.8916, 546999439176.6897, 0.06358130217775815, 0.022649954638778638, 0.08065768722810741, 0.14324834090029115, 0.0022017262788368965, 0.056626878556360546, 0.3647846212222272, 0.14168506118916424, 0.03797085299345277, 0.1288624202798905, 0.10015081548327734, 0.09412079157613282, 0.19135742116254326, 0.1725252823717864, 0.15435549310181768, 0.11695334439507561, 0.09535030667627316, 0.07240262760197541, 0.16361971666624006, 0.06824306325100626, 0.09010311471098613, 0.21355446039085807, 0.083058553213051]","22_lag_nchinaPRjja, 14_lag_nhTSjfm, 15_lag_cetTSjfm, 17_lag_ginwSSTjfm, 15_lag_ginwSSTjfm, 14_lag_15_median_ginwSSTjfm, 14_lag_15_median_cetTSjfm, 23_lag_seurTSjfm, 16_lag_mhfIP30, 19_lag_samPSLann, 20_lag_ginwSSTjfm, 17_lag_samPSLann, 23_lag_scpPSLjfm, 14_lag_23_median_traIT, 18_lag_nhSICjfm, 17_lag_mhfATL30, 16_lag_satlSSTjfm, 17_lag_nppc2SSTjfm, 14_lag_17_median_arcTSjfm, 21_lag_mhfATL45, 21_lag_AMOCann, 14_lag_traTLS, 19_lag_traCA, 18_lag_stratZ50ndj01, 20_lag_tripol1, 14_lag_17_median_traEC, 14_lag_yrvPRjja, 14_lag_traDP, 14_lag_shSICmar, 21_lag_shSICmar_1216_14"
LinearRegression,10,30,tripol3,picntrl,1524.5,2050.5,0.8,25,15,15,13.890708014662355,0.05471625956911976,1216,"['15_lag_18_median_traWP', '15_lag_traTLS', '22_lag_shSICmar', '18_lag_mhfATL60', '23_lag_traEC', '15_lag_nhTSjfm', '23_lag_atlSICsep', '23_lag_stratZ50ndj02', '15_lag_nhSICjfm', '17_lag_eapPSLjfm', '15_lag_18_median_traBS', '18_lag_atlSICsep', '19_lag_neurTSjfm', '19_lag_traCA', '24_lag_atlSICjfm', '18_lag_shSICsep', '15_lag_22_median_alpi', '15_lag_24_median_amo3', '20_lag_shSICmar', '19_lag_naoPSLjfm', '24_lag_satlSSTjfm', '18_lag_nhSICjfm', '21_lag_AMOCann', '15_lag_cetTSjfm', '18_lag_samPSLann', '17_lag_nppc2SSTjfm', '21_lag_mhfATL45', '15_lag_neurTSjfm', '15_lag_ginwSSTjfm', '24_lag_traFB']","[0.1391572823488542, 0.014067150733736503, 0.0027976472282077187, 0.02182109284003438, 0.0990560566157893, 0.07102579793364613, 0.09770848039545893, 0.0017805784505024555, 0.003052342017379576, 0.010462819066519602, 0.06570689140790242, 0.02514829227854761, 0.062142585477269016, 0.1299038303673205, 0.012870908160797181, 0.08068754464721746, 0.07109851777652444, 0.13945288487390756, 0.03367018622441181, 0.015239435731379262, 0.05155562654745584, 0.09069205222751539, 0.14092973267820988, 0.2685622257344547, 0.04479426914440327, 0.08924394090768657, 0.2818470808378475, 0.23360810455136016, 0.15166174628493823, 0.183079335328802]","15_lag_18_median_traWP, 15_lag_traTLS, 22_lag_shSICmar, 18_lag_mhfATL60, 23_lag_traEC, 15_lag_nhTSjfm, 23_lag_atlSICsep, 23_lag_stratZ50ndj02, 15_lag_nhSICjfm, 17_lag_eapPSLjfm, 15_lag_18_median_traBS, 18_lag_atlSICsep, 19_lag_neurTSjfm, 19_lag_traCA, 24_lag_atlSICjfm, 18_lag_shSICsep, 15_lag_22_median_alpi, 15_lag_24_median_amo3, 20_lag_shSICmar, 19_lag_naoPSLjfm, 24_lag_satlSSTjfm, 18_lag_nhSICjfm, 21_lag_AMOCann, 15_lag_cetTSjfm, 18_lag_samPSLann, 17_lag_nppc2SSTjfm, 21_lag_mhfATL45, 15_lag_neurTSjfm, 15_lag_ginwSSTjfm, 24_lag_traFB_1216_15"
LinearRegression,11,30,tripol3,picntrl,1525.5,2050.5,0.8,26,16,16,14.249204121441021,0.0498446674139114,1216,"['16_lag_mhfIP30', '16_lag_23_median_ismPRjja', '21_lag_eapPSLjfm', '16_lag_tripol3', '19_lag_atlSICjfm', '18_lag_traFS', '20_lag_ginwSSTjfm', '25_lag_amo1', '23_lag_traTLS', '25_lag_amo3', '16_lag_traIT', '25_lag_atlSICjfm', '19_lag_traIT', '18_lag_stratZ50ndj01', '20_lag_shSICmar', '16_lag_19_median_alpi', '18_lag_samPSLann', '16_lag_traEU', '20_lag_atlSICjfm', '21_lag_traBS', '21_lag_mhfATL45', '21_lag_traTLS', '25_lag_nhSICjfm', '23_lag_traDP', '16_lag_19_median_traFB', '25_lag_tripol3', '21_lag_AMOCann', '16_lag_19_median_ensoSSTjfm', '23_lag_atlSICsep', '24_lag_traFB']","[0.00940150551689708, 0.23130943312720095, 0.021777195561104277, 0.08999566620086966, 0.18004730076334977, 0.08469628886121101, 0.08314338459462327, 0.08623941833272554, 0.07469064388974082, 0.10047610592454596, 0.015423078614926656, 0.026033936905108464, 0.0537606236453309, 0.04518932338010419, 0.10740342305458396, 0.0555443091130283, 0.06936509014760552, 0.010208198536454174, 0.06096200488878449, 0.0674537609813966, 0.243386656983811, 0.020676134064135474, 0.13749424416427866, 0.010330697555089932, 0.036428829301556484, 0.0027111686086148876, 0.18401069464420106, 0.13585495751448096, 0.06749009684925582, 0.12337678659856244]","16_lag_mhfIP30, 16_lag_23_median_ismPRjja, 21_lag_eapPSLjfm, 16_lag_tripol3, 19_lag_atlSICjfm, 18_lag_traFS, 20_lag_ginwSSTjfm, 25_lag_amo1, 23_lag_traTLS, 25_lag_amo3, 16_lag_traIT, 25_lag_atlSICjfm, 19_lag_traIT, 18_lag_stratZ50ndj01, 20_lag_shSICmar, 16_lag_19_median_alpi, 18_lag_samPSLann, 16_lag_traEU, 20_lag_atlSICjfm, 21_lag_traBS, 21_lag_mhfATL45, 21_lag_traTLS, 25_lag_nhSICjfm, 23_lag_traDP, 16_lag_19_median_traFB, 25_lag_tripol3, 21_lag_AMOCann, 16_lag_19_median_ensoSSTjfm, 23_lag_atlSICsep, 24_lag_traFB_1216_16"
LinearRegression,12,30,tripol3,picntrl,1526.5,2050.5,0.8,27,17,17,15.382499522242536,-0.12391192603852264,1216,"['26_lag_atlSICjfm', '17_lag_20_median_shTSjfm', '25_lag_tripol3', '21_lag_amo3', '25_lag_tripol2', '17_lag_20_median_traBS', '19_lag_mhfATL60', '25_lag_traFB', '26_lag_shTSjfm', '17_lag_alpi', '17_lag_22_median_AMOCann', '21_lag_traBS', '17_lag_23_median_samPSLann', '25_lag_ensoSSTjfm', '25_lag_amo3', '17_lag_20_median_traFB', '20_lag_atlSICjfm', '17_lag_22_median_tripol3', '17_lag_eapPSLjfm', '25_lag_amo1', '25_lag_ismPRjja', '21_lag_mhfATL45', '17_lag_20_median_stratZ50ndj01', '21_lag_ismPRjja', '20_lag_ginwSSTjfm', '20_lag_shSICmar', '24_lag_traFB', '25_lag_nhSICjfm', '23_lag_atlSICsep', '21_lag_AMOCann']","[0.020876268024982332, 0.01804708149267219, 0.04575010914131721, 0.14790979198769796, 0.08433027745005475, 0.03835174223828239, 0.033042336463161945, 0.26398743287789495, 0.12415396182381398, 0.01872626538054108, 0.005780449450037703, 0.03701793657158419, 0.25215664479809724, 0.29262959832827334, 0.07989513284763909, 0.029104537979972395, 0.012692966974011368, 0.08974064929095422, 0.002355617190649316, 0.1767639726891076, 0.015055447552889699, 0.1909681071786467, 0.2395001514814125, 0.03704048003968177, 0.12315260636827399, 0.11923221347879892, 0.18566701997944046, 0.22798926838856942, 0.05273589598044033, 0.14040290281158507]","26_lag_atlSICjfm, 17_lag_20_median_shTSjfm, 25_lag_tripol3, 21_lag_amo3, 25_lag_tripol2, 17_lag_20_median_traBS, 19_lag_mhfATL60, 25_lag_traFB, 26_lag_shTSjfm, 17_lag_alpi, 17_lag_22_median_AMOCann, 21_lag_traBS, 17_lag_23_median_samPSLann, 25_lag_ensoSSTjfm, 25_lag_amo3, 17_lag_20_median_traFB, 20_lag_atlSICjfm, 17_lag_22_median_tripol3, 17_lag_eapPSLjfm, 25_lag_amo1, 25_lag_ismPRjja, 21_lag_mhfATL45, 17_lag_20_median_stratZ50ndj01, 21_lag_ismPRjja, 20_lag_ginwSSTjfm, 20_lag_shSICmar, 24_lag_traFB, 25_lag_nhSICjfm, 23_lag_atlSICsep, 21_lag_AMOCann_1216_17"
LinearRegression,13,30,tripol3,picntrl,1527.5,2050.5,0.8,28,18,18,15.945621391595932,-0.16266873168751253,1216,"['18_lag_23_median_ismPRjja', '18_lag_23_median_samPSLann', '26_lag_atlSICjfm', '27_lag_stratZ50ndj04', '18_lag_25_median_traIT', '18_lag_stratZ50ndj04', '25_lag_shSICsep', '25_lag_ensoSSTjfm', '25_lag_ormenSSTjfm', '27_lag_mhfIP30', '22_lag_ismPRjja', '20_lag_ginwSSTjfm', '25_lag_traFB', '20_lag_nhSICsep', '21_lag_traFB', '26_lag_amo2', '18_lag_amo3', '20_lag_cetTSjfm', '20_lag_shSICmar', '23_lag_atlSICsep', '18_lag_mhfATL60', '18_lag_stratZ50ndj01', '26_lag_traTLS', '25_lag_nhSICjfm', '27_lag_amoSSTmjjaso', '18_lag_21_median_ismPRjja', '18_lag_21_median_AMOCann', '21_lag_AMOCann', '24_lag_traFB', '18_lag_21_median_wnorPRjfm']","[0.049674397290064815, 0.41680186877324527, 0.09774364405013335, 0.05554658724538319, 0.45730367388799753, 0.03215904310190299, 0.12063625790283768, 0.18853145802595403, 0.07123921697448453, 0.1766178883947926, 0.09278613287225276, 0.11770890906690791, 0.24894921007436557, 0.06927019171444249, 0.028071969453651764, 0.07208788723373302, 0.04199033103387142, 0.09587064477507698, 0.11905056161529977, 0.037206949632111186, 0.046383232229159625, 0.09157509474730893, 0.2635506482257557, 0.16022074254966506, 0.028286990870793276, 0.11825942323884939, 0.025062912817352873, 0.0253476650122283, 0.1947432791201708, 0.10035268879005016]","18_lag_23_median_ismPRjja, 18_lag_23_median_samPSLann, 26_lag_atlSICjfm, 27_lag_stratZ50ndj04, 18_lag_25_median_traIT, 18_lag_stratZ50ndj04, 25_lag_shSICsep, 25_lag_ensoSSTjfm, 25_lag_ormenSSTjfm, 27_lag_mhfIP30, 22_lag_ismPRjja, 20_lag_ginwSSTjfm, 25_lag_traFB, 20_lag_nhSICsep, 21_lag_traFB, 26_lag_amo2, 18_lag_amo3, 20_lag_cetTSjfm, 20_lag_shSICmar, 23_lag_atlSICsep, 18_lag_mhfATL60, 18_lag_stratZ50ndj01, 26_lag_traTLS, 25_lag_nhSICjfm, 27_lag_amoSSTmjjaso, 18_lag_21_median_ismPRjja, 18_lag_21_median_AMOCann, 21_lag_AMOCann, 24_lag_traFB, 18_lag_21_median_wnorPRjfm_1216_18"
LinearRegression,14,30,tripol3,picntrl,1528.5,2050.5,0.8,29,19,19,15.049112237412139,-0.03551434251580972,1216,"['19_lag_26_median_wnorPRjfm', '19_lag_atlSICsep', '23_lag_scpPSLjfm', '26_lag_traTLS', '23_lag_atlSICsep', '28_lag_ismPRjja', '21_lag_ismPRjja', '19_lag_traEU', '19_lag_22_median_glTSjfm', '27_lag_mhfATL60', '27_lag_traEC', '23_lag_arcTSjfm', '26_lag_cetTSjfm', '25_lag_mhfATL60', '24_lag_traFB', '22_lag_shSICmar', '25_lag_alpi', '19_lag_scpPSLjfm', '19_lag_22_median_traFSC', '25_lag_nhSICjfm', '21_lag_mhfATL45', '19_lag_22_median_shTSjfm', '24_lag_traBS', '22_lag_seurTSjfm', '23_lag_traTLS', '21_lag_AMOCann', '28_lag_shSICmar', '19_lag_22_median_mhfATL60', '19_lag_22_median_mhfIP30', '27_lag_traIT']","[0.19820676158236747, 0.07573584790831112, 0.07139011672281934, 0.10350448752929298, 0.06063593982243301, 0.02200385039812978, 0.10388492801591326, 0.05898459384862835, 0.19307109581373993, 0.06709295924307297, 0.08956629813836396, 0.09933911057890119, 0.01120965665757449, 0.02504222606969188, 0.12742831709508531, 0.007268008083328872, 0.012764744404160963, 0.05510434718420615, 0.004813175134031573, 0.12011678138044206, 0.24865218964990626, 0.09234385789766733, 0.056424932082097326, 0.014824811052833078, 0.11474122205730258, 0.22255779134987594, 0.10430262320939125, 0.06907173927100466, 0.08333823488591627, 0.02060620725588435]","19_lag_26_median_wnorPRjfm, 19_lag_atlSICsep, 23_lag_scpPSLjfm, 26_lag_traTLS, 23_lag_atlSICsep, 28_lag_ismPRjja, 21_lag_ismPRjja, 19_lag_traEU, 19_lag_22_median_glTSjfm, 27_lag_mhfATL60, 27_lag_traEC, 23_lag_arcTSjfm, 26_lag_cetTSjfm, 25_lag_mhfATL60, 24_lag_traFB, 22_lag_shSICmar, 25_lag_alpi, 19_lag_scpPSLjfm, 19_lag_22_median_traFSC, 25_lag_nhSICjfm, 21_lag_mhfATL45, 19_lag_22_median_shTSjfm, 24_lag_traBS, 22_lag_seurTSjfm, 23_lag_traTLS, 21_lag_AMOCann, 28_lag_shSICmar, 19_lag_22_median_mhfATL60, 19_lag_22_median_mhfIP30, 27_lag_traIT_1216_19"
LinearRegression,15,30,tripol3,picntrl,1529.5,2050.5,0.8,30,20,20,13.936579241908566,0.054853902932736495,1216,"['28_lag_nchinaPRjja', '25_lag_stratZ50ndj04', '28_lag_samPSLann', '20_lag_23_median_amo3', '26_lag_stratZ50ndj02', '29_lag_amoSSTmjjaso', '29_lag_amo2', '24_lag_traFB', '20_lag_amo3', '28_lag_shSICmar', '20_lag_amo1', '29_lag_yrvPRjja', '20_lag_23_median_mhfATL60', '27_lag_traEC', '27_lag_mhfATL60', '25_lag_nhSICjfm', '22_lag_stratZ50ndj04', '23_lag_nppc3SSTjfm', '24_lag_amoSSTmjjaso', '29_lag_shSICmar', '27_lag_traIT', '23_lag_traDP', '24_lag_scpPSLjfm', '23_lag_arcTSjfm', '26_lag_samPSLann', '20_lag_nhSICsep', '29_lag_mhfATL30', '23_lag_shSICsep', '28_lag_traEC', '29_lag_ginwSSTjfm']","[0.08756994462751702, 0.1264973872326694, 0.006119570101604597, 0.13249678630126774, 0.045190226067342645, 0.09481012008183093, 0.006337236158886032, 0.10151465276906624, 0.06857228090122741, 0.13082679461227378, 0.08310847941481225, 0.15570858330824353, 0.07499288209620819, 0.06713220239451169, 0.04288638923764066, 0.16322520946017, 0.08207260832277564, 0.07484482849144838, 0.056472185227305766, 0.01580639641258356, 0.05188038046347631, 0.06853330878721145, 0.033040135822442404, 0.0746531384244736, 0.11991170486744912, 0.03490117502248317, 0.025297014903967907, 0.12588485975572736, 0.062170443305914674, 0.06540489182313161]","28_lag_nchinaPRjja, 25_lag_stratZ50ndj04, 28_lag_samPSLann, 20_lag_23_median_amo3, 26_lag_stratZ50ndj02, 29_lag_amoSSTmjjaso, 29_lag_amo2, 24_lag_traFB, 20_lag_amo3, 28_lag_shSICmar, 20_lag_amo1, 29_lag_yrvPRjja, 20_lag_23_median_mhfATL60, 27_lag_traEC, 27_lag_mhfATL60, 25_lag_nhSICjfm, 22_lag_stratZ50ndj04, 23_lag_nppc3SSTjfm, 24_lag_amoSSTmjjaso, 29_lag_shSICmar, 27_lag_traIT, 23_lag_traDP, 24_lag_scpPSLjfm, 23_lag_arcTSjfm, 26_lag_samPSLann, 20_lag_nhSICsep, 29_lag_mhfATL30, 23_lag_shSICsep, 28_lag_traEC, 29_lag_ginwSSTjfm_1216_20"
LinearRegression,16,30,tripol3,picntrl,1530.5,2050.5,0.8,31,21,21,14.233163570430358,0.0894141589845939,1216,"['27_lag_atlSICsep', '27_lag_eapPSLjfm', '27_lag_samPSLann', '26_lag_mhfIP30', '30_lag_traFB', '23_lag_samPSLann', '29_lag_satlSSTjfm', '30_lag_ensoSSTjfm', '23_lag_traDP', '29_lag_ginwSSTjfm', '21_lag_naoPSLjfm', '21_lag_traBS', '27_lag_traEC', '26_lag_traTLS', '26_lag_samPSLann', '21_lag_traMC', '21_lag_ismPRjja', '29_lag_yrvPRjja', '28_lag_shSICsep', '21_lag_28_median_wnorPRjfm', '26_lag_cetTSjfm', '29_lag_traCA', '28_lag_traEC', '25_lag_nhSICjfm', '30_lag_amo1', '26_lag_traCA', '21_lag_24_median_wnorPRjfm', '30_lag_ormenSSTjfm', '26_lag_labSSTjfm', '24_lag_traFB']","[0.06734485588813337, 0.12125763275441506, 0.025158984966487857, 0.1664889194750116, 0.038196451766949566, 0.020843920239841898, 0.047335168594463274, 0.1653649139860489, 0.05265747742910874, 0.0009670527975849994, 0.10143334658608814, 0.07467462935499948, 0.09170719161844741, 0.09434110102399876, 0.21229805899933848, 0.07415208393026751, 0.052541365551403096, 0.1430549191975174, 0.16750880412563957, 0.4145530079077507, 0.14088786288516014, 0.10004744196354595, 0.11445951672094265, 0.07986948631464932, 0.10331990278902427, 0.1355770202530857, 0.2410142020089657, 0.10240546532859662, 0.05844423865500992, 0.14578578288080976]","27_lag_atlSICsep, 27_lag_eapPSLjfm, 27_lag_samPSLann, 26_lag_mhfIP30, 30_lag_traFB, 23_lag_samPSLann, 29_lag_satlSSTjfm, 30_lag_ensoSSTjfm, 23_lag_traDP, 29_lag_ginwSSTjfm, 21_lag_naoPSLjfm, 21_lag_traBS, 27_lag_traEC, 26_lag_traTLS, 26_lag_samPSLann, 21_lag_traMC, 21_lag_ismPRjja, 29_lag_yrvPRjja, 28_lag_shSICsep, 21_lag_28_median_wnorPRjfm, 26_lag_cetTSjfm, 29_lag_traCA, 28_lag_traEC, 25_lag_nhSICjfm, 30_lag_amo1, 26_lag_traCA, 21_lag_24_median_wnorPRjfm, 30_lag_ormenSSTjfm, 26_lag_labSSTjfm, 24_lag_traFB_1216_21"
LinearRegression,17,30,tripol3,picntrl,1531.5,2050.5,0.8,32,22,22,13.635562080144268,0.07424311108956202,1216,"['29_lag_traTLS', '31_lag_arcTSjfm', '31_lag_traDP', '22_lag_25_median_samPSLann', '28_lag_eapPSLjfm', '30_lag_tripol3', '26_lag_traTLS', '29_lag_amo2', '31_lag_scpPSLjfm', '26_lag_traDP', '22_lag_25_median_traEU', '31_lag_amoSSTmjjaso', '22_lag_27_median_traIFC', '28_lag_traEC', '31_lag_traWP', '22_lag_27_median_ismPRjja', '26_lag_nppc3SSTjfm', '22_lag_ismPRjja', '22_lag_29_median_traFSC', '28_lag_traTLS', '31_lag_gyreSSTjfm', '30_lag_ormenSSTjfm', '26_lag_gyreSSTjfm', '22_lag_neurTSjfm', '30_lag_amo1', '29_lag_yrvPRjja', '26_lag_labSSTjfm', '29_lag_traCA', '22_lag_pdoSSTjfm', '24_lag_traFB']","[0.038228505874285126, 0.08323217921187201, 0.1472204728834719, 0.1550582230085267, 0.020421562272259948, 0.007286034677446755, 0.08707126039006402, 0.056841946541185295, 0.06738858095284542, 0.1490316914787354, 0.09247820333964082, 0.07947465658376078, 0.13851378482154997, 0.07130844549715844, 0.004438494027789624, 0.15960670409008418, 0.06224639202676501, 0.06262982869093141, 0.16053930552936332, 0.024403435647949574, 0.013286434578013222, 0.11188097321277764, 0.0020726644914467046, 0.08752563035473562, 0.03344462279370089, 0.17155526412468428, 0.015057816678193973, 0.10074929277941812, 0.08617293879185005, 0.1159142922272962]","29_lag_traTLS, 31_lag_arcTSjfm, 31_lag_traDP, 22_lag_25_median_samPSLann, 28_lag_eapPSLjfm, 30_lag_tripol3, 26_lag_traTLS, 29_lag_amo2, 31_lag_scpPSLjfm, 26_lag_traDP, 22_lag_25_median_traEU, 31_lag_amoSSTmjjaso, 22_lag_27_median_traIFC, 28_lag_traEC, 31_lag_traWP, 22_lag_27_median_ismPRjja, 26_lag_nppc3SSTjfm, 22_lag_ismPRjja, 22_lag_29_median_traFSC, 28_lag_traTLS, 31_lag_gyreSSTjfm, 30_lag_ormenSSTjfm, 26_lag_gyreSSTjfm, 22_lag_neurTSjfm, 30_lag_amo1, 29_lag_yrvPRjja, 26_lag_labSSTjfm, 29_lag_traCA, 22_lag_pdoSSTjfm, 24_lag_traFB_1216_22"
LinearRegression,18,30,tripol3,picntrl,1532.5,2050.5,0.8,33,23,23,14.629437269117656,-0.06313692141978829,1216,"['30_lag_eurPSLjfm', '23_lag_24_median_traFB', '24_lag_traFB', '23_lag_27_median_tripol2', '30_lag_amo2', '23_lag_amoSSTmjjaso', '23_lag_26_median_ismPRjja', '23_lag_32_median_mhfIP30', '26_lag_traDP', '29_lag_yrvPRjja', '30_lag_tripol3', '29_lag_atlSICsep', '32_lag_traIT', '26_lag_gyreSSTjfm', '23_lag_seurTSjfm', '23_lag_mhfIP30', '26_lag_samPSLann', '30_lag_ginwSSTjfm', '23_lag_27_median_samPSLann', '29_lag_traTLS', '28_lag_traTLS', '23_lag_28_median_tripol3', '31_lag_naoPSLjfm', '28_lag_shSICsep', '23_lag_28_median_nchinaPRjja', '28_lag_traEC', '28_lag_samPSLann', '26_lag_labSSTjfm', '32_lag_atlSICsep', '32_lag_scpPSLjfm']","[0.09146424868192579, 11292875606734.336, 11292875606734.242, 0.30108054281515517, 0.0231472617002311, 0.011739697751506559, 0.021266093168956918, 0.16744626101076723, 0.01505803160700767, 0.14345574948068965, 0.012503728298372024, 0.08385154890593627, 0.027750005486015816, 0.009493295043064036, 0.1190077133935531, 0.08467913609435043, 0.03003653381372646, 0.0177001953125, 0.26338934898376465, 0.0419921875, 0.08984375, 0.151123046875, 0.01611328125, 0.148193359375, 0.16436767578125, 0.078125, 0.0263671875, 0.0283203125, 0.084228515625, 0.071044921875]","30_lag_eurPSLjfm, 23_lag_24_median_traFB, 24_lag_traFB, 23_lag_27_median_tripol2, 30_lag_amo2, 23_lag_amoSSTmjjaso, 23_lag_26_median_ismPRjja, 23_lag_32_median_mhfIP30, 26_lag_traDP, 29_lag_yrvPRjja, 30_lag_tripol3, 29_lag_atlSICsep, 32_lag_traIT, 26_lag_gyreSSTjfm, 23_lag_seurTSjfm, 23_lag_mhfIP30, 26_lag_samPSLann, 30_lag_ginwSSTjfm, 23_lag_27_median_samPSLann, 29_lag_traTLS, 28_lag_traTLS, 23_lag_28_median_tripol3, 31_lag_naoPSLjfm, 28_lag_shSICsep, 23_lag_28_median_nchinaPRjja, 28_lag_traEC, 28_lag_samPSLann, 26_lag_labSSTjfm, 32_lag_atlSICsep, 32_lag_scpPSLjfm_1216_23"
LinearRegression,19,30,tripol3,picntrl,1533.5,2050.5,0.8,34,24,24,14.497296996475113,0.051191101029567684,1216,"['27_lag_traFB', '30_lag_shSICmar', '29_lag_traIFC', '32_lag_wnorPRjfm', '29_lag_yrvPRjja', '24_lag_27_median_eurPSLjfm', '24_lag_shSICmar', '33_lag_amo3', '27_lag_AMOCann', '28_lag_stratZ50ndj04', '29_lag_traEC', '27_lag_arcTSjfm', '26_lag_gyreSSTjfm', '24_lag_seurTSjfm', '32_lag_scpPSLjfm', '33_lag_atlSICsep', '31_lag_naoPSLjfm', '30_lag_tripol3', '28_lag_traEC', '28_lag_traIT', '29_lag_traCA', '24_lag_29_median_yrvPRjja', '24_lag_27_median_traDS', '28_lag_shSICmar', '32_lag_amo2', '24_lag_27_median_yrvPRjja', '33_lag_amo1', '24_lag_AMOCann', '26_lag_samPSLann', '24_lag_traFB']","[0.025806475963927454, 0.03366676228749491, 0.03958706598115877, 0.09119695696933124, 0.12807325963179758, 0.03757276817293091, 0.13005372537872653, 0.07233662275360682, 0.08238200025925367, 0.020916636071039447, 0.08098829593502795, 0.09464474208637741, 0.10336434706682804, 0.09991801847566793, 0.023765686217690086, 0.036681751367980485, 0.027717111534590916, 0.035398647594558894, 0.06820572305243117, 0.07375363058951868, 0.030943447751055033, 0.11048599453562269, 0.016380795327298116, 0.1235252789416265, 0.10410969327819229, 0.04282072377252392, 0.12507958940728658, 0.011644126473403677, 0.1475553316747146, 0.1016877633016024]","27_lag_traFB, 30_lag_shSICmar, 29_lag_traIFC, 32_lag_wnorPRjfm, 29_lag_yrvPRjja, 24_lag_27_median_eurPSLjfm, 24_lag_shSICmar, 33_lag_amo3, 27_lag_AMOCann, 28_lag_stratZ50ndj04, 29_lag_traEC, 27_lag_arcTSjfm, 26_lag_gyreSSTjfm, 24_lag_seurTSjfm, 32_lag_scpPSLjfm, 33_lag_atlSICsep, 31_lag_naoPSLjfm, 30_lag_tripol3, 28_lag_traEC, 28_lag_traIT, 29_lag_traCA, 24_lag_29_median_yrvPRjja, 24_lag_27_median_traDS, 28_lag_shSICmar, 32_lag_amo2, 24_lag_27_median_yrvPRjja, 33_lag_amo1, 24_lag_AMOCann, 26_lag_samPSLann, 24_lag_traFB_1216_24"
LinearRegression,20,30,tripol3,picntrl,1534.5,2050.5,0.8,35,25,25,13.867852205444509,-0.027135030362984314,1216,"['29_lag_gyreSSTjfm', '25_lag_shSICsep', '31_lag_mhfIP30', '25_lag_28_median_traEC', '32_lag_satlSSTjfm', '25_lag_nhSICsep', '32_lag_scpPSLjfm', '33_lag_amo1', '26_lag_gyreSSTjfm', '25_lag_26_median_gyreSSTjfm', '28_lag_traFB', '33_lag_samPSLann', '25_lag_28_median_ginwSSTjfm', '33_lag_amo3', '27_lag_eurPSLjfm', '31_lag_ormenSSTjfm', '28_lag_mhfATL60', '32_lag_alpi', '30_lag_traDP', '31_lag_naoPSLjfm', '28_lag_shSICmar', '32_lag_wnorPRjfm', '29_lag_stratZ50ndj02', '34_lag_mhfIP30', '27_lag_ormenSSTjfm', '29_lag_traIFC', '31_lag_traTLS', '34_lag_amo1', '29_lag_traEC', '30_lag_amo1']","[0.048721041956378525, 0.12863157702031425, 0.04108168069295556, 0.07105385349361533, 0.12192618073811196, 0.00791117365884762, 0.06613296726487643, 0.15181556483767392, 1015901911334.2521, 1015901911334.3091, 0.12817202228903563, 0.026622793093095728, 0.10457103902569205, 0.07730965195823904, 0.00021940076006855477, 0.00046043257460779785, 0.005911450740375665, 0.060473009976084985, 0.024479247554616106, 0.0316801879744532, 0.08093428836314241, 0.0869596080089792, 0.043373981973501285, 0.06886695601667571, 0.0576808149670637, 0.07124549207122402, 0.06202793913023782, 0.06890662194686908, 0.056178759031669814, 0.050984280807116464]","29_lag_gyreSSTjfm, 25_lag_shSICsep, 31_lag_mhfIP30, 25_lag_28_median_traEC, 32_lag_satlSSTjfm, 25_lag_nhSICsep, 32_lag_scpPSLjfm, 33_lag_amo1, 26_lag_gyreSSTjfm, 25_lag_26_median_gyreSSTjfm, 28_lag_traFB, 33_lag_samPSLann, 25_lag_28_median_ginwSSTjfm, 33_lag_amo3, 27_lag_eurPSLjfm, 31_lag_ormenSSTjfm, 28_lag_mhfATL60, 32_lag_alpi, 30_lag_traDP, 31_lag_naoPSLjfm, 28_lag_shSICmar, 32_lag_wnorPRjfm, 29_lag_stratZ50ndj02, 34_lag_mhfIP30, 27_lag_ormenSSTjfm, 29_lag_traIFC, 31_lag_traTLS, 34_lag_amo1, 29_lag_traEC, 30_lag_amo1_1216_25"
LinearRegression,21,30,tripol3,picntrl,1535.5,2050.5,0.8,36,26,26,13.365998210436212,0.11691490886379788,1216,"['31_lag_amoSSTmjjaso', '30_lag_mhfIP30', '26_lag_cetTSjfm', '26_lag_29_median_stratZ50ndj03', '30_lag_ormenSSTjfm', '26_lag_nhSICsep', '34_lag_nhSICsep', '28_lag_ginwSSTjfm', '26_lag_29_median_atlSICsep', '32_lag_stratZ50ndj04', '30_lag_traIT', '31_lag_atlSICsep', '32_lag_alpi', '31_lag_traTLS', '26_lag_29_median_alpi', '30_lag_amo1', '26_lag_eurPSLjfm', '31_lag_traBS', '26_lag_traIT', '29_lag_ormenSSTjfm', '26_lag_29_median_mhfATL45', '31_lag_mhfIP30', '31_lag_ormenSSTjfm', '30_lag_traDP', '28_lag_shSICsep', '26_lag_gyreSSTjfm', '29_lag_traIFC', '26_lag_amo1', '34_lag_mhfIP30', '26_lag_samPSLann']","[0.06487191844085351, 0.10780945346157934, 0.17433488519867762, 0.041967873590823025, 0.12190571538303026, 0.03109556434701957, 0.05650687777201795, 0.05740050985417312, 0.005188236654523758, 0.04034870838991119, 0.026095144072046366, 0.19460813540687488, 0.009873177651355404, 0.09661568524247865, 0.08720298676405956, 0.06854347362082715, 0.11698497272391664, 0.05108327447117725, 0.015688052180159444, 0.07618980939596479, 0.029250965852056107, 0.03324254024343347, 0.036317594442053375, 0.019273953438897255, 0.15384366515378997, 0.09585730406448173, 0.10351987303371689, 0.04057149883746419, 0.04917701646518402, 0.17438337853295907]","31_lag_amoSSTmjjaso, 30_lag_mhfIP30, 26_lag_cetTSjfm, 26_lag_29_median_stratZ50ndj03, 30_lag_ormenSSTjfm, 26_lag_nhSICsep, 34_lag_nhSICsep, 28_lag_ginwSSTjfm, 26_lag_29_median_atlSICsep, 32_lag_stratZ50ndj04, 30_lag_traIT, 31_lag_atlSICsep, 32_lag_alpi, 31_lag_traTLS, 26_lag_29_median_alpi, 30_lag_amo1, 26_lag_eurPSLjfm, 31_lag_traBS, 26_lag_traIT, 29_lag_ormenSSTjfm, 26_lag_29_median_mhfATL45, 31_lag_mhfIP30, 31_lag_ormenSSTjfm, 30_lag_traDP, 28_lag_shSICsep, 26_lag_gyreSSTjfm, 29_lag_traIFC, 26_lag_amo1, 34_lag_mhfIP30, 26_lag_samPSLann_1216_26"
LinearRegression,22,30,tripol3,picntrl,1536.5,2050.5,0.8,37,27,27,14.455221671728843,-0.0778269472187349,1216,"['30_lag_shSICmar', '30_lag_stratZ50ndj02', '31_lag_mhfIP30', '27_lag_34_median_amo3', '35_lag_eapPSLjfm', '30_lag_mhfATL45', '27_lag_30_median_alpi', '34_lag_nhSICsep', '27_lag_cetTSjfm', '32_lag_labSSTjfm', '29_lag_amo3', '33_lag_amo3', '27_lag_32_median_amoSSTmjjaso', '27_lag_30_median_wnorPRjfm', '33_lag_atlSICsep', '35_lag_arcTSjfm', '27_lag_30_median_eurPSLjfm', '27_lag_30_median_tripol3', '36_lag_atlSICsep', '29_lag_traIFC', '36_lag_shSICsep', '27_lag_ormenSSTjfm', '32_lag_alpi', '27_lag_mhfATL60', '27_lag_arcTSjfm', '29_lag_nppc3SSTjfm', '31_lag_ormenSSTjfm', '34_lag_mhfIP30', '30_lag_ormenSSTjfm', '36_lag_amo1']","[0.08390061702809996, 0.05741136151995495, 0.025046238529485593, 0.0352037079695435, 0.07152202484353821, 0.14224659722195968, 0.04262764625288298, 0.052592876572069416, 0.07271541752389069, 0.10902144844844536, 0.11890097762666198, 0.024591735628487318, 0.2102646090469083, 0.02411474575983881, 0.08516839447537843, 0.03730686554803249, 0.1424372355334436, 0.004399634826496648, 0.08987316943525563, 0.05223211908422357, 0.02435708842172602, 0.002281717151221087, 0.010369893936652708, 0.08706550025088401, 0.1550533978171983, 0.0674993326324466, 0.07092749258831971, 0.035971852898141934, 0.0917578478323396, 0.1607736672036743]","30_lag_shSICmar, 30_lag_stratZ50ndj02, 31_lag_mhfIP30, 27_lag_34_median_amo3, 35_lag_eapPSLjfm, 30_lag_mhfATL45, 27_lag_30_median_alpi, 34_lag_nhSICsep, 27_lag_cetTSjfm, 32_lag_labSSTjfm, 29_lag_amo3, 33_lag_amo3, 27_lag_32_median_amoSSTmjjaso, 27_lag_30_median_wnorPRjfm, 33_lag_atlSICsep, 35_lag_arcTSjfm, 27_lag_30_median_eurPSLjfm, 27_lag_30_median_tripol3, 36_lag_atlSICsep, 29_lag_traIFC, 36_lag_shSICsep, 27_lag_ormenSSTjfm, 32_lag_alpi, 27_lag_mhfATL60, 27_lag_arcTSjfm, 29_lag_nppc3SSTjfm, 31_lag_ormenSSTjfm, 34_lag_mhfIP30, 30_lag_ormenSSTjfm, 36_lag_amo1_1216_27"
LinearRegression,23,30,tripol3,picntrl,1537.5,2050.5,0.8,38,28,28,14.828931663603328,-0.15131979354358643,1216,"['32_lag_traIT', '36_lag_shTSjfm', '28_lag_traEU', '28_lag_33_median_mhfATL60', '35_lag_alpi', '30_lag_traIT', '33_lag_amo1', '37_lag_nhSICsep', '28_lag_31_median_samPSLann', '31_lag_naoPSLjfm', '34_lag_nhSICsep', '37_lag_eapPSLjfm', '28_lag_31_median_atlSICjfm', '28_lag_32_median_stratZ50ndj03', '28_lag_traBO', '33_lag_mhfATL30', '30_lag_amoSSTmjjaso', '28_lag_31_median_tripol3', '33_lag_atlSICsep', '28_lag_yrvPRjja', '34_lag_yrvPRjja', '31_lag_atlSICjfm', '37_lag_mhfATL45', '31_lag_tripol3', '28_lag_samPSLann', '30_lag_mhfIP30', '34_lag_mhfIP30', '28_lag_ginwSSTjfm', '36_lag_amo1', '31_lag_ormenSSTjfm']","[0.0719166957938886, 0.02875681482552478, 0.030317150286145494, 0.07523304629924779, 0.07166847480676981, 0.03789158853140284, 0.11051630538619664, 0.14494466990507168, 0.20837923441432973, 0.08613603895545442, 0.0064827666424481884, 0.0968850205215162, 0.053506999011759156, 0.22279757020077423, 0.13289689449197772, 0.07147626173356877, 0.017405668763792365, 0.14410057543158525, 0.09255283374345365, 0.0700526884906544, 0.098315795723825, 0.06964551298474075, 0.04887127176996128, 0.14971533695141512, 0.09165943991824435, 0.07153867481486376, 0.08868568673962444, 0.0682626792401109, 0.1638101381913369, 0.04043969373367729]","32_lag_traIT, 36_lag_shTSjfm, 28_lag_traEU, 28_lag_33_median_mhfATL60, 35_lag_alpi, 30_lag_traIT, 33_lag_amo1, 37_lag_nhSICsep, 28_lag_31_median_samPSLann, 31_lag_naoPSLjfm, 34_lag_nhSICsep, 37_lag_eapPSLjfm, 28_lag_31_median_atlSICjfm, 28_lag_32_median_stratZ50ndj03, 28_lag_traBO, 33_lag_mhfATL30, 30_lag_amoSSTmjjaso, 28_lag_31_median_tripol3, 33_lag_atlSICsep, 28_lag_yrvPRjja, 34_lag_yrvPRjja, 31_lag_atlSICjfm, 37_lag_mhfATL45, 31_lag_tripol3, 28_lag_samPSLann, 30_lag_mhfIP30, 34_lag_mhfIP30, 28_lag_ginwSSTjfm, 36_lag_amo1, 31_lag_ormenSSTjfm_1216_28"
LinearRegression,24,30,tripol3,picntrl,1538.5,2050.5,0.8,39,29,29,14.128338690974104,0.0197151158560801,1216,"['29_lag_32_median_glTSjfm', '29_lag_scpPSLjfm', '31_lag_atlSICjfm', '34_lag_nhSICsep', '32_lag_traIT', '35_lag_traTLS', '35_lag_traWP', '38_lag_ismPRjja', '37_lag_eapPSLjfm', '34_lag_shSICsep', '35_lag_shSICmar', '38_lag_amo2', '31_lag_ormenSSTjfm', '32_lag_AMOCann', '33_lag_mhfATL30', '29_lag_32_median_alpi', '37_lag_amo3', '38_lag_eurPSLjfm', '37_lag_satlSSTjfm', '34_lag_mhfIP30', '32_lag_ginwSSTjfm', '34_lag_yrvPRjja', '29_lag_38_median_alpi', '31_lag_eapPSLjfm', '36_lag_shSICsep', '29_lag_32_median_traTLS', '29_lag_ginwSSTjfm', '38_lag_traBS', '38_lag_amo3', '29_lag_yrvPRjja']","[0.1001747530020873, 0.08714523791746494, 0.044186627204754435, 0.03396888147579816, 0.039911363138637614, 0.016501461863590597, 0.0072409150484909375, 0.08688213509158833, 0.12778788766589083, 0.1558744813899079, 0.04928984897793656, 0.15402736232967948, 0.03653464379903186, 0.0758359794418856, 0.03613156064617473, 0.1166568471335226, 0.029836150182397714, 0.12964154608436, 0.12904705288030613, 0.00394965931324786, 0.11221485748414692, 0.09461220756390312, 0.021444015475671638, 0.06992427604123107, 0.06065815993444572, 0.04669575359250741, 0.01746321331871779, 0.032694860488470395, 0.005785297077506043, 0.1648983192498042]","29_lag_32_median_glTSjfm, 29_lag_scpPSLjfm, 31_lag_atlSICjfm, 34_lag_nhSICsep, 32_lag_traIT, 35_lag_traTLS, 35_lag_traWP, 38_lag_ismPRjja, 37_lag_eapPSLjfm, 34_lag_shSICsep, 35_lag_shSICmar, 38_lag_amo2, 31_lag_ormenSSTjfm, 32_lag_AMOCann, 33_lag_mhfATL30, 29_lag_32_median_alpi, 37_lag_amo3, 38_lag_eurPSLjfm, 37_lag_satlSSTjfm, 34_lag_mhfIP30, 32_lag_ginwSSTjfm, 34_lag_yrvPRjja, 29_lag_38_median_alpi, 31_lag_eapPSLjfm, 36_lag_shSICsep, 29_lag_32_median_traTLS, 29_lag_ginwSSTjfm, 38_lag_traBS, 38_lag_amo3, 29_lag_yrvPRjja_1216_29"
LinearRegression,25,30,tripol3,picntrl,1539.5,2050.5,0.8,40,30,30,16.504749596393548,-0.1911087181954909,1216,"['30_lag_33_median_alpi', '30_lag_ormenSSTjfm', '36_lag_atlSICsep', '30_lag_traEC', '37_lag_samPSLann', '38_lag_mhfATL30', '38_lag_neurTSjfm', '30_lag_shSICsep', '38_lag_eurPSLjfm', '30_lag_33_median_amo2', '30_lag_scpPSLjfm', '36_lag_stratZ50ndj03', '39_lag_traFB', '34_lag_yrvPRjja', '34_lag_mhfIP30', '30_lag_mhfATL30', '37_lag_amo3', '38_lag_amo2', '38_lag_amo3', '39_lag_amoSSTmjjaso', '38_lag_traBS', '32_lag_AMOCann', '32_lag_traIT', '38_lag_traBO', '33_lag_traIFC', '30_lag_35_median_stratZ50ndj02', '34_lag_shSICsep', '35_lag_traWP', '37_lag_satlSSTjfm', '36_lag_shSICsep']","[0.0009905904370623982, 0.09501260591917295, 0.06419761439520794, 0.02030654559834518, 0.05054010043263966, 0.07145782048640938, 0.062287593610769465, 0.10586481737905229, 0.13607311211005535, 0.001985102405326225, 0.030437033799641324, 0.11641473736827558, 0.20415691735387492, 0.12502526062019384, 0.019718627512113018, 0.0517320599596076, 0.0013992923123905536, 0.16550748838027418, 0.07112897457334058, 0.03935883997466863, 0.059156250842475264, 0.17887143842742287, 0.05168521925434581, 0.013984389018509581, 0.0720811324803706, 0.2421669165122929, 0.14812356623019235, 0.040413406618699944, 0.1454124406369217, 0.07297592537240732]","30_lag_33_median_alpi, 30_lag_ormenSSTjfm, 36_lag_atlSICsep, 30_lag_traEC, 37_lag_samPSLann, 38_lag_mhfATL30, 38_lag_neurTSjfm, 30_lag_shSICsep, 38_lag_eurPSLjfm, 30_lag_33_median_amo2, 30_lag_scpPSLjfm, 36_lag_stratZ50ndj03, 39_lag_traFB, 34_lag_yrvPRjja, 34_lag_mhfIP30, 30_lag_mhfATL30, 37_lag_amo3, 38_lag_amo2, 38_lag_amo3, 39_lag_amoSSTmjjaso, 38_lag_traBS, 32_lag_AMOCann, 32_lag_traIT, 38_lag_traBO, 33_lag_traIFC, 30_lag_35_median_stratZ50ndj02, 34_lag_shSICsep, 35_lag_traWP, 37_lag_satlSSTjfm, 36_lag_shSICsep_1216_30"
LinearRegression,26,30,tripol3,picntrl,1540.5,2050.5,0.8,41,31,31,14.526505523930721,0.02394106369410459,1216,"['31_lag_32_median_traIT', '32_lag_traIT', '31_lag_34_median_tripol1', '34_lag_atlSICsep', '38_lag_traBS', '40_lag_eurPSLjfm', '31_lag_37_median_alpi', '37_lag_traFSC', '37_lag_amo3', '37_lag_amo1', '31_lag_34_median_traMC', '39_lag_nppc3SSTjfm', '31_lag_nhSICsep', '40_lag_traWP', '31_lag_naoPSLjfm', '35_lag_arcTSjfm', '31_lag_34_median_stratZ50ndj01', '39_lag_cetTSjfm', '39_lag_atlSICsep', '36_lag_samPSLann', '37_lag_nhSICsep', '34_lag_stratZ50ndj02', '38_lag_amo2', '39_lag_traMC', '40_lag_traFB', '38_lag_traBO', '38_lag_neurTSjfm', '37_lag_samPSLann', '36_lag_stratZ50ndj03', '37_lag_shSICmar']","[0.007779676149506065, 0.007779676149506087, 0.0045919665765904736, 0.029469762787089314, 0.137100547730335, 0.014861597487691633, 0.046341386278982016, 0.08329351394173733, 0.0752065161745659, 0.04533733044880575, 0.04315016793895455, 0.052584019248262545, 0.10341304572405964, 0.1379374051683877, 0.044431719406063774, 0.0658534493039139, 0.08880243879137216, 0.097001731281128, 0.11887353642260824, 0.03880062293282479, 0.16745250959715371, 0.1346592929054514, 0.13092977616971493, 0.130131024987602, 0.0944534198427273, 0.03830077441977291, 0.01298981432580156, 0.058362809914575334, 0.16031573759502496, 0.06238987100521895]","31_lag_32_median_traIT, 32_lag_traIT, 31_lag_34_median_tripol1, 34_lag_atlSICsep, 38_lag_traBS, 40_lag_eurPSLjfm, 31_lag_37_median_alpi, 37_lag_traFSC, 37_lag_amo3, 37_lag_amo1, 31_lag_34_median_traMC, 39_lag_nppc3SSTjfm, 31_lag_nhSICsep, 40_lag_traWP, 31_lag_naoPSLjfm, 35_lag_arcTSjfm, 31_lag_34_median_stratZ50ndj01, 39_lag_cetTSjfm, 39_lag_atlSICsep, 36_lag_samPSLann, 37_lag_nhSICsep, 34_lag_stratZ50ndj02, 38_lag_amo2, 39_lag_traMC, 40_lag_traFB, 38_lag_traBO, 38_lag_neurTSjfm, 37_lag_samPSLann, 36_lag_stratZ50ndj03, 37_lag_shSICmar_1216_31"
LinearRegression,27,30,tripol3,picntrl,1541.5,2050.5,0.8,42,32,32,14.199751149875985,-0.04765665954524818,1216,"['32_lag_ginwSSTjfm', '33_lag_amo1', '32_lag_33_median_amo1', '37_lag_traFB', '32_lag_37_median_labSSTjfm', '40_lag_traEC', '37_lag_amo1', '37_lag_traFSC', '32_lag_alpi', '32_lag_traIFC', '32_lag_35_median_traBS', '40_lag_nppc3SSTjfm', '40_lag_eurPSLjfm', '32_lag_35_median_amo3', '38_lag_amo2', '38_lag_seurTSjfm', '32_lag_traDS', '40_lag_traFB', '39_lag_cetTSjfm', '32_lag_35_median_mhfIP30', '37_lag_stratZ50ndj03', '40_lag_atlSICjfm', '38_lag_amo3', '36_lag_stratZ50ndj03', '38_lag_neurTSjfm', '37_lag_amo3', '36_lag_shSICsep', '39_lag_traDP', '39_lag_seurTSjfm', '37_lag_shSICmar']","[0.12034122204642035, 1001283959200.3523, 1001283959200.1924, 0.05675529532181183, 0.2635634396729123, 0.024977344272747188, 0.035893701071718694, 0.024291041369460892, 0.025279538940661414, 0.08387215724013741, 0.20125813360068193, 0.07718429109859673, 0.0033565151857685295, 0.00923675960551546, 0.12942399894412285, 0.10149351378971685, 0.0500401651667082, 0.099639892578125, 0.0373382568359375, 0.22756195068359375, 0.06717491149902344, 0.1316375732421875, 0.005828857421875, 0.098388671875, 0.09352874755859375, 0.0726470947265625, 0.052642822265625, 0.0591888427734375, 0.17584228515625, 0.06553316116333008]","32_lag_ginwSSTjfm, 33_lag_amo1, 32_lag_33_median_amo1, 37_lag_traFB, 32_lag_37_median_labSSTjfm, 40_lag_traEC, 37_lag_amo1, 37_lag_traFSC, 32_lag_alpi, 32_lag_traIFC, 32_lag_35_median_traBS, 40_lag_nppc3SSTjfm, 40_lag_eurPSLjfm, 32_lag_35_median_amo3, 38_lag_amo2, 38_lag_seurTSjfm, 32_lag_traDS, 40_lag_traFB, 39_lag_cetTSjfm, 32_lag_35_median_mhfIP30, 37_lag_stratZ50ndj03, 40_lag_atlSICjfm, 38_lag_amo3, 36_lag_stratZ50ndj03, 38_lag_neurTSjfm, 37_lag_amo3, 36_lag_shSICsep, 39_lag_traDP, 39_lag_seurTSjfm, 37_lag_shSICmar_1216_32"
LinearRegression,28,30,tripol3,picntrl,1542.5,2050.5,0.8,43,33,33,15.193108908152007,-0.008598935035287268,1216,"['37_lag_glomaSSTjfm', '37_lag_traFSC', '33_lag_38_median_AMOCann', '42_lag_traFS', '38_lag_seurTSjfm', '36_lag_amo2', '38_lag_amo2', '33_lag_atlSICsep', '33_lag_stratZ50ndj02', '42_lag_traBO', '37_lag_amo3', '40_lag_eurPSLjfm', '36_lag_traDS', '37_lag_traFB', '33_lag_amo1', '42_lag_amoSSTmjjaso', '40_lag_traWP', '38_lag_traBS', '42_lag_traTLS', '42_lag_seurTSjfm', '42_lag_mhfIP30', '38_lag_amo3', '38_lag_neurTSjfm', '33_lag_mhfATL30', '39_lag_traDP', '36_lag_stratZ50ndj03', '40_lag_traFB', '41_lag_amo1', '41_lag_eurPSLjfm', '37_lag_shSICmar']","[0.13320627918898462, 0.021079021017135026, 0.020627348911562707, 0.1991940915077775, 0.1673508529742407, 0.011611814211648072, 0.19900880718843342, 0.05861900306747434, 0.07248709096947202, 0.0768721443845397, 0.059909645019681025, 0.019000395650909937, 0.018300882779572487, 0.03042344609555226, 0.11742965654345129, 0.050683709370323, 0.14696935828264127, 0.08632242219742904, 0.18058571067751697, 0.13543443023263835, 0.0913000107179196, 0.03245700473611695, 0.07227450304079237, 0.003970128962231067, 0.008126919093211397, 0.14757038216275842, 0.19447680112445853, 0.05265837302998468, 0.1955572799017316, 0.05850607222208731]","37_lag_glomaSSTjfm, 37_lag_traFSC, 33_lag_38_median_AMOCann, 42_lag_traFS, 38_lag_seurTSjfm, 36_lag_amo2, 38_lag_amo2, 33_lag_atlSICsep, 33_lag_stratZ50ndj02, 42_lag_traBO, 37_lag_amo3, 40_lag_eurPSLjfm, 36_lag_traDS, 37_lag_traFB, 33_lag_amo1, 42_lag_amoSSTmjjaso, 40_lag_traWP, 38_lag_traBS, 42_lag_traTLS, 42_lag_seurTSjfm, 42_lag_mhfIP30, 38_lag_amo3, 38_lag_neurTSjfm, 33_lag_mhfATL30, 39_lag_traDP, 36_lag_stratZ50ndj03, 40_lag_traFB, 41_lag_amo1, 41_lag_eurPSLjfm, 37_lag_shSICmar_1216_33"
LinearRegression,29,30,tripol3,picntrl,1543.5,2050.5,0.8,44,34,34,13.812241876512385,0.18749324041008011,1216,"['37_lag_stratZ50ndj03', '43_lag_amo3', '36_lag_ormenSSTjfm', '36_lag_traDP', '38_lag_amo3', '39_lag_mhfIP30', '37_lag_seurTSjfm', '34_lag_mhfIP30', '42_lag_stratZ50ndj04', '42_lag_traFS', '43_lag_nppc2SSTjfm', '41_lag_traMC', '38_lag_seurTSjfm', '34_lag_stratZ50ndj04', '42_lag_shSICmar', '40_lag_alpi', '43_lag_nhSICjfm', '34_lag_traTLS', '40_lag_traWP', '42_lag_seurTSjfm', '38_lag_traBS', '42_lag_mhfIP30', '40_lag_tripol3', '43_lag_yrvPRjja', '37_lag_traFB', '42_lag_traTLS', '37_lag_shSICmar', '34_lag_atlSICsep', '43_lag_traFB', '41_lag_amo1']","[0.07335678756681677, 0.08919717472728456, 0.07577373733020003, 0.01609189218113348, 0.03833657206702301, 0.13417493843254644, 0.0074434827251368876, 0.0315677682872434, 0.11949987216500747, 0.20747129348813148, 0.021009601001150603, 0.0879475098608907, 0.1323949303701434, 0.12052752544096075, 0.010965518023472422, 0.05454251993517418, 0.03446836822651228, 0.007313196545038876, 0.07271743016987309, 0.14547850434368437, 0.050817798143381936, 0.09880557740314594, 0.0936620238507215, 0.061757968541019226, 0.024783380425454263, 0.09603027617111154, 0.024993126255303783, 0.00024458389770781253, 0.17835462955551462, 0.027536721846263428]","37_lag_stratZ50ndj03, 43_lag_amo3, 36_lag_ormenSSTjfm, 36_lag_traDP, 38_lag_amo3, 39_lag_mhfIP30, 37_lag_seurTSjfm, 34_lag_mhfIP30, 42_lag_stratZ50ndj04, 42_lag_traFS, 43_lag_nppc2SSTjfm, 41_lag_traMC, 38_lag_seurTSjfm, 34_lag_stratZ50ndj04, 42_lag_shSICmar, 40_lag_alpi, 43_lag_nhSICjfm, 34_lag_traTLS, 40_lag_traWP, 42_lag_seurTSjfm, 38_lag_traBS, 42_lag_mhfIP30, 40_lag_tripol3, 43_lag_yrvPRjja, 37_lag_traFB, 42_lag_traTLS, 37_lag_shSICmar, 34_lag_atlSICsep, 43_lag_traFB, 41_lag_amo1_1216_34"
LinearRegression,30,30,tripol3,picntrl,1544.5,2050.5,0.8,45,35,35,14.331496711007436,0.08408568370389474,1216,"['37_lag_eapPSLjfm', '35_lag_traIT', '38_lag_amo3', '35_lag_nhSICsep', '37_lag_shSICmar', '42_lag_shSICmar', '42_lag_traFS', '37_lag_amo3', '35_lag_glomaSSTjfm', '39_lag_mhfIP30', '37_lag_traFB', '44_lag_ginwSSTjfm', '40_lag_tripol3', '35_lag_38_median_wnorPRjfm', '42_lag_traTLS', '43_lag_yrvPRjja', '43_lag_nppc3SSTjfm', '40_lag_traWP', '41_lag_ismPRjja', '42_lag_stratZ50ndj04', '40_lag_yrvPRjja', '43_lag_nhSICjfm', '42_lag_wnorPRjfm', '40_lag_alpi', '38_lag_shSICsep', '38_lag_seurTSjfm', '44_lag_nppc2SSTjfm', '43_lag_traFB', '42_lag_mhfIP30', '35_lag_atlSICsep']","[0.10548225556112291, 0.05342225223643026, 0.007700516913570164, 0.03170397634833428, 0.13173395499525226, 0.07992199917500153, 0.22859338923178374, 0.01859772178375365, 0.0017269191507699676, 0.09924559849429689, 0.01799887180752006, 0.07480813617287134, 0.1153993928361063, 0.06031771646743284, 0.09965893600257249, 0.08624067055645658, 0.04373900618856883, 0.042048428115591924, 0.04412662598556884, 0.14136185052510233, 0.04761222367415078, 0.022126747848981138, 0.09478691024318257, 0.049696055181067886, 0.21895044854335524, 0.12662698602339398, 0.0669934055017677, 0.2226388333086888, 0.1104777578206841, 0.15918686253613487]","37_lag_eapPSLjfm, 35_lag_traIT, 38_lag_amo3, 35_lag_nhSICsep, 37_lag_shSICmar, 42_lag_shSICmar, 42_lag_traFS, 37_lag_amo3, 35_lag_glomaSSTjfm, 39_lag_mhfIP30, 37_lag_traFB, 44_lag_ginwSSTjfm, 40_lag_tripol3, 35_lag_38_median_wnorPRjfm, 42_lag_traTLS, 43_lag_yrvPRjja, 43_lag_nppc3SSTjfm, 40_lag_traWP, 41_lag_ismPRjja, 42_lag_stratZ50ndj04, 40_lag_yrvPRjja, 43_lag_nhSICjfm, 42_lag_wnorPRjfm, 40_lag_alpi, 38_lag_shSICsep, 38_lag_seurTSjfm, 44_lag_nppc2SSTjfm, 43_lag_traFB, 42_lag_mhfIP30, 35_lag_atlSICsep_1216_35"
LinearRegression,31,30,tripol3,picntrl,1545.5,2050.5,0.8,46,36,36,14.290904762840453,0.09122298787541085,1216,"['36_lag_37_median_gyreSSTjfm', '41_lag_mhfATL30', '37_lag_seurTSjfm', '36_lag_37_median_seurTSjfm', '42_lag_ormenSSTjfm', '36_lag_traDS', '41_lag_stratZ50ndj04', '36_lag_41_median_traEC', '41_lag_ismPRjja', '44_lag_nppc2SSTjfm', '45_lag_traBO', '43_lag_yrvPRjja', '43_lag_nhSICjfm', '43_lag_nppc3SSTjfm', '45_lag_yrvPRjja', '41_lag_shTSjfm', '41_lag_mhfATL45', '36_lag_39_median_neurTSjfm', '42_lag_traBO', '45_lag_nppc3SSTjfm', '42_lag_mhfIP30', '38_lag_shSICsep', '39_lag_traWP', '38_lag_seurTSjfm', '40_lag_traEU', '45_lag_neurTSjfm', '40_lag_alpi', '36_lag_atlSICsep', '40_lag_traFB', '43_lag_traFB']","[0.05631064613681242, 0.060443571160946015, 2918107895815.272, 2918107895815.304, 0.02385726109597386, 0.045576438394937135, 0.031859711662865116, 0.1512068439812146, 0.08145342141625252, 0.025971372897524818, 0.015048036095944304, 0.05557191873287305, 0.05963912477590547, 0.051091174825737, 0.034126073004373196, 0.07182052909888167, 0.05042248572496464, 0.10522327676913283, 0.15174326343596262, 0.09175478479011219, 0.06432166854923134, 0.17571538585924817, 0.0016250744618929655, 0.14326865418029716, 0.18173444893671636, 0.04065034663126288, 0.11027453266509764, 0.07776232534213225, 0.027553164536967715, 0.2262384565538645]","36_lag_37_median_gyreSSTjfm, 41_lag_mhfATL30, 37_lag_seurTSjfm, 36_lag_37_median_seurTSjfm, 42_lag_ormenSSTjfm, 36_lag_traDS, 41_lag_stratZ50ndj04, 36_lag_41_median_traEC, 41_lag_ismPRjja, 44_lag_nppc2SSTjfm, 45_lag_traBO, 43_lag_yrvPRjja, 43_lag_nhSICjfm, 43_lag_nppc3SSTjfm, 45_lag_yrvPRjja, 41_lag_shTSjfm, 41_lag_mhfATL45, 36_lag_39_median_neurTSjfm, 42_lag_traBO, 45_lag_nppc3SSTjfm, 42_lag_mhfIP30, 38_lag_shSICsep, 39_lag_traWP, 38_lag_seurTSjfm, 40_lag_traEU, 45_lag_neurTSjfm, 40_lag_alpi, 36_lag_atlSICsep, 40_lag_traFB, 43_lag_traFB_1216_36"
LinearRegression,32,30,tripol3,picntrl,1546.5,2050.5,0.8,47,37,37,13.280154105961257,0.2367680197599544,1216,"['37_lag_40_median_nppc3SSTjfm', '37_lag_amo3', '42_lag_traFS', '37_lag_eapPSLjfm', '45_lag_neurTSjfm', '41_lag_glomaSSTjfm', '44_lag_mhfATL30', '37_lag_40_median_ismPRjja', '39_lag_eapPSLjfm', '40_lag_scpPSLjfm', '41_lag_glTSjfm', '37_lag_40_median_alpi', '45_lag_amo3', '42_lag_amoSSTmjjaso', '45_lag_eurPSLjfm', '45_lag_mhfATL30', '41_lag_mhfATL45', '42_lag_seurTSjfm', '46_lag_mhfIP30', '44_lag_eapPSLjfm', '40_lag_ginwSSTjfm', '46_lag_neurTSjfm', '37_lag_atlSICsep', '40_lag_wnorPRjfm', '46_lag_satlSSTjfm', '41_lag_shTSjfm', '40_lag_alpi', '40_lag_traEU', '37_lag_40_median_amo3', '37_lag_shSICmar']","[0.11069742905441506, 0.06019438362442811, 0.24871250615374296, 0.1240239252301638, 0.11350123687744952, 0.0390849034382765, 0.06005425486719929, 0.021102452487522558, 0.07629577098322925, 0.032214929125459375, 0.16839956893352456, 0.046939496844597244, 0.10214896212652033, 0.007465196084593168, 0.027308837336612907, 0.005368870326722891, 0.05620528349795633, 0.141778608518642, 0.15645069274661572, 0.0620081827292743, 0.09687207908199995, 0.1141072798552494, 0.1809367142930669, 0.03886089391519617, 0.18376704525255608, 0.0573534343036537, 0.054929219653411424, 0.20668958134738602, 0.0330469144908645, 0.04272960353290149]","37_lag_40_median_nppc3SSTjfm, 37_lag_amo3, 42_lag_traFS, 37_lag_eapPSLjfm, 45_lag_neurTSjfm, 41_lag_glomaSSTjfm, 44_lag_mhfATL30, 37_lag_40_median_ismPRjja, 39_lag_eapPSLjfm, 40_lag_scpPSLjfm, 41_lag_glTSjfm, 37_lag_40_median_alpi, 45_lag_amo3, 42_lag_amoSSTmjjaso, 45_lag_eurPSLjfm, 45_lag_mhfATL30, 41_lag_mhfATL45, 42_lag_seurTSjfm, 46_lag_mhfIP30, 44_lag_eapPSLjfm, 40_lag_ginwSSTjfm, 46_lag_neurTSjfm, 37_lag_atlSICsep, 40_lag_wnorPRjfm, 46_lag_satlSSTjfm, 41_lag_shTSjfm, 40_lag_alpi, 40_lag_traEU, 37_lag_40_median_amo3, 37_lag_shSICmar_1216_37"
LinearRegression,33,30,tripol3,picntrl,1547.5,2050.5,0.8,48,38,38,14.758221616970532,0.07492334373740829,1216,"['45_lag_samPSLann', '43_lag_nhSICjfm', '43_lag_nppc3SSTjfm', '46_lag_amoSSTmjjaso', '43_lag_traEU', '44_lag_samPSLann', '38_lag_41_median_cetTSjfm', '38_lag_43_median_naoPSLjfm', '40_lag_ginwSSTjfm', '38_lag_traEC', '38_lag_41_median_mhfATL60', '40_lag_scpPSLjfm', '41_lag_glTSjfm', '42_lag_yrvPRjja', '38_lag_41_median_traEU', '45_lag_eurPSLjfm', '40_lag_alpi', '47_lag_eurPSLjfm', '38_lag_amo3', '38_lag_45_median_traFB', '40_lag_traEU', '46_lag_satlSSTjfm', '46_lag_mhfIP30', '42_lag_wnorPRjfm', '38_lag_41_median_ismPRjja', '46_lag_neurTSjfm', '41_lag_amo1', '47_lag_nppc2SSTjfm', '38_lag_seurTSjfm', '44_lag_eapPSLjfm']","[0.15035069836934892, 0.015244786418118023, 0.01835115631727467, 0.10243507455729534, 0.05695546682388363, 0.01680931256294379, 0.07825378075719734, 0.17300223791023323, 0.13772359451628163, 0.028863177576044865, 0.07901302618121243, 0.046137177004909165, 0.22702619985152775, 0.12030258833998704, 0.08347450588306915, 0.013210837131671576, 0.11592365724560558, 0.15214480755093351, 0.022504298677756805, 0.2731312446791744, 0.19510609141598806, 0.1831628983384257, 0.15927224838234708, 0.1205616065066383, 0.161951559120469, 0.12149574095885383, 0.12513677359127592, 0.14317947448778323, 0.092596308298288, 0.06444474304956906]","45_lag_samPSLann, 43_lag_nhSICjfm, 43_lag_nppc3SSTjfm, 46_lag_amoSSTmjjaso, 43_lag_traEU, 44_lag_samPSLann, 38_lag_41_median_cetTSjfm, 38_lag_43_median_naoPSLjfm, 40_lag_ginwSSTjfm, 38_lag_traEC, 38_lag_41_median_mhfATL60, 40_lag_scpPSLjfm, 41_lag_glTSjfm, 42_lag_yrvPRjja, 38_lag_41_median_traEU, 45_lag_eurPSLjfm, 40_lag_alpi, 47_lag_eurPSLjfm, 38_lag_amo3, 38_lag_45_median_traFB, 40_lag_traEU, 46_lag_satlSSTjfm, 46_lag_mhfIP30, 42_lag_wnorPRjfm, 38_lag_41_median_ismPRjja, 46_lag_neurTSjfm, 41_lag_amo1, 47_lag_nppc2SSTjfm, 38_lag_seurTSjfm, 44_lag_eapPSLjfm_1216_38"
LinearRegression,34,30,tripol3,picntrl,1548.5,2050.5,0.8,49,39,39,13.380109110575937,0.16199906944021558,1216,"['44_lag_samPSLann', '45_lag_amo2', '46_lag_nhTSjfm', '43_lag_yrvPRjja', '47_lag_eurPSLjfm', '39_lag_seurTSjfm', '48_lag_shSICmar', '41_lag_glTSjfm', '46_lag_satlSSTjfm', '43_lag_traFB', '41_lag_amo1', '44_lag_ginwSSTjfm', '48_lag_atlSICjfm', '39_lag_mhfATL60', '45_lag_amo3', '42_lag_wnorPRjfm', '47_lag_traFB', '48_lag_stratZ50ndj02', '46_lag_neurTSjfm', '39_lag_atlSICsep', '39_lag_eapPSLjfm', '44_lag_atlSICjfm', '44_lag_nppc2SSTjfm', '45_lag_mhfIP30', '42_lag_seurTSjfm', '39_lag_scpPSLjfm', '48_lag_atlSICsep', '44_lag_eapPSLjfm', '42_lag_amoSSTmjjaso', '39_lag_42_median_wnorPRjfm']","[0.0458613974678933, 0.01716337984080279, 0.004624784445880324, 0.05357039445253074, 0.12251424840881754, 0.13898976203418337, 0.007130895394139604, 0.1329185302987556, 0.19818061426783004, 0.20279105444218717, 0.11178000433432449, 0.0731439908881213, 0.014955916421033477, 0.040608961018464486, 0.09542195942937201, 0.0443962505485398, 0.031769812747051984, 0.04765217381237205, 0.05164311872944743, 0.13384424721057267, 0.007845689062057177, 0.019984572149893153, 0.1036149404849631, 0.04195684759273051, 0.14033128335634512, 0.06892304739293888, 0.23948714482192082, 0.05497337786898394, 0.007722791458292384, 0.16010417943820238]","44_lag_samPSLann, 45_lag_amo2, 46_lag_nhTSjfm, 43_lag_yrvPRjja, 47_lag_eurPSLjfm, 39_lag_seurTSjfm, 48_lag_shSICmar, 41_lag_glTSjfm, 46_lag_satlSSTjfm, 43_lag_traFB, 41_lag_amo1, 44_lag_ginwSSTjfm, 48_lag_atlSICjfm, 39_lag_mhfATL60, 45_lag_amo3, 42_lag_wnorPRjfm, 47_lag_traFB, 48_lag_stratZ50ndj02, 46_lag_neurTSjfm, 39_lag_atlSICsep, 39_lag_eapPSLjfm, 44_lag_atlSICjfm, 44_lag_nppc2SSTjfm, 45_lag_mhfIP30, 42_lag_seurTSjfm, 39_lag_scpPSLjfm, 48_lag_atlSICsep, 44_lag_eapPSLjfm, 42_lag_amoSSTmjjaso, 39_lag_42_median_wnorPRjfm_1216_39"
LinearRegression,35,30,tripol3,picntrl,1549.5,2050.5,0.8,50,40,40,12.847634954349628,0.05267719349067831,1216,"['43_lag_eapPSLjfm', '42_lag_traEC', '45_lag_mhfIP30', '44_lag_scpPSLjfm', '46_lag_nhTSjfm', '42_lag_mhfIP30', '49_lag_traFSC', '40_lag_nhTSjfm', '49_lag_stratZ50ndj02', '47_lag_traFB', '48_lag_traEU', '44_lag_traEU', '46_lag_ensoSSTjfm', '45_lag_amo3', '46_lag_traIFC', '49_lag_seurTSjfm', '40_lag_AMOCann', '42_lag_eapPSLjfm', '45_lag_traWP', '40_lag_43_median_traMC', '42_lag_amoSSTmjjaso', '45_lag_amo2', '43_lag_traEU', '42_lag_wnorPRjfm', '40_lag_43_median_traDS', '45_lag_shSICsep', '48_lag_atlSICsep', '47_lag_eurPSLjfm', '44_lag_nppc2SSTjfm', '49_lag_eurPSLjfm']","[0.026078336036043006, 0.09089981844453719, 0.04637358578542625, 0.09618618171083802, 0.06113026869610404, 0.12838399991636393, 0.005767429168273963, 0.07834927806709625, 0.0036554792883614073, 0.026334501969758273, 0.07450365833092612, 0.05679444302068761, 0.04089043224815486, 0.09342107401722971, 0.0869725654104847, 0.09902279789450358, 0.12291008760642597, 0.16264519368744654, 0.03404965065439571, 0.2176053125026926, 0.018162632157410756, 0.002633689545280776, 0.014257508872063333, 0.08368684615763697, 0.029392305336346868, 0.0823783982577377, 0.22158578533653653, 0.11725353747008523, 0.06810964703622115, 0.15253760715916342]","43_lag_eapPSLjfm, 42_lag_traEC, 45_lag_mhfIP30, 44_lag_scpPSLjfm, 46_lag_nhTSjfm, 42_lag_mhfIP30, 49_lag_traFSC, 40_lag_nhTSjfm, 49_lag_stratZ50ndj02, 47_lag_traFB, 48_lag_traEU, 44_lag_traEU, 46_lag_ensoSSTjfm, 45_lag_amo3, 46_lag_traIFC, 49_lag_seurTSjfm, 40_lag_AMOCann, 42_lag_eapPSLjfm, 45_lag_traWP, 40_lag_43_median_traMC, 42_lag_amoSSTmjjaso, 45_lag_amo2, 43_lag_traEU, 42_lag_wnorPRjfm, 40_lag_43_median_traDS, 45_lag_shSICsep, 48_lag_atlSICsep, 47_lag_eurPSLjfm, 44_lag_nppc2SSTjfm, 49_lag_eurPSLjfm_1216_40"
LinearRegression,36,30,tripol3,picntrl,1550.5,2050.5,0.8,51,41,41,14.10581479229048,-0.047523578449573306,1216,"['41_lag_42_median_wnorPRjfm', '46_lag_traIFC', '49_lag_amo1', '44_lag_ginwSSTjfm', '45_lag_traEU', '41_lag_44_median_yrvPRjja', '49_lag_scpPSLjfm', '45_lag_samPSLann', '46_lag_amoSSTmjjaso', '46_lag_amo2', '48_lag_traEU', '46_lag_nhTSjfm', '48_lag_atlSICsep', '41_lag_44_median_traCA', '49_lag_traIFC', '45_lag_traWP', '50_lag_yrvPRjja', '41_lag_traBS', '46_lag_mhfATL60', '44_lag_eapPSLjfm', '41_lag_glTSjfm', '44_lag_nppc2SSTjfm', '41_lag_nhTSjfm', '49_lag_shSICsep', '45_lag_amo3', '41_lag_ismPRjja', '45_lag_amo2', '41_lag_traEC', '47_lag_eurPSLjfm', '49_lag_eurPSLjfm']","[0.049288959404518724, 0.08945760617835799, 0.06972737603037041, 0.06504715407436779, 0.023209686314907798, 0.12070546721269443, 0.122498874689311, 0.05870403431888782, 0.09503406279146553, 0.05587879500707684, 0.11502038630085942, 0.04429300030830145, 0.2478657508544459, 0.048549743946557214, 0.04913165526509846, 0.04533005915233886, 0.06507919361285942, 0.11207159304158136, 0.05599150065236971, 0.06644278593792996, 0.11353485753391955, 0.04418612848912195, 0.026496584735731403, 0.11622605544702941, 0.10471615720956229, 0.12562192601725752, 0.05659505462697963, 0.05813565967730824, 0.11217346336215728, 0.0663226461752445]","41_lag_42_median_wnorPRjfm, 46_lag_traIFC, 49_lag_amo1, 44_lag_ginwSSTjfm, 45_lag_traEU, 41_lag_44_median_yrvPRjja, 49_lag_scpPSLjfm, 45_lag_samPSLann, 46_lag_amoSSTmjjaso, 46_lag_amo2, 48_lag_traEU, 46_lag_nhTSjfm, 48_lag_atlSICsep, 41_lag_44_median_traCA, 49_lag_traIFC, 45_lag_traWP, 50_lag_yrvPRjja, 41_lag_traBS, 46_lag_mhfATL60, 44_lag_eapPSLjfm, 41_lag_glTSjfm, 44_lag_nppc2SSTjfm, 41_lag_nhTSjfm, 49_lag_shSICsep, 45_lag_amo3, 41_lag_ismPRjja, 45_lag_amo2, 41_lag_traEC, 47_lag_eurPSLjfm, 49_lag_eurPSLjfm_1216_41"
LinearRegression,37,30,tripol3,picntrl,1551.5,2050.5,0.8,52,42,42,13.11384254187771,0.18632230652819998,1216,"['48_lag_arcTSjfm', '50_lag_atlSICjfm', '47_lag_shSICmar', '42_lag_mhfATL30', '49_lag_tripol1', '42_lag_amoSSTmjjaso', '49_lag_traIFC', '50_lag_mhfATL30', '48_lag_shSICmar', '46_lag_mhfATL60', '42_lag_traDP', '45_lag_samPSLann', '48_lag_yrvPRjja', '50_lag_satlSSTjfm', '48_lag_atlSICsep', '49_lag_traFSC', '42_lag_traFS', '51_lag_cetTSjfm', '48_lag_mhfATL60', '45_lag_traFB', '45_lag_amo2', '46_lag_traEC', '42_lag_wnorPRjfm', '47_lag_eurPSLjfm', '46_lag_mhfATL30', '42_lag_yrvPRjja', '46_lag_mhfIP30', '45_lag_amo3', '50_lag_yrvPRjja', '49_lag_eurPSLjfm']","[0.019318393349403606, 0.025110167210287533, 0.0859439631892334, 0.08024608098008366, 0.07594490277136584, 0.026332803114431962, 0.06033247740906826, 0.061308613532345665, 0.00816872298608063, 0.01306977692270884, 0.051539361668487924, 0.09246323821684747, 0.08298328382225323, 0.015877192121576802, 0.21945647298589077, 0.05858656876984838, 0.2261803552955575, 0.008844449741019077, 0.0353129312607761, 0.0797590551910293, 0.013391251526143833, 0.11049345710605504, 0.057492223411845705, 0.11418391777535439, 0.03863862737677238, 0.10012590577442448, 0.17797987515516786, 0.12107242731695643, 0.04942694412128004, 0.15004394150283193]","48_lag_arcTSjfm, 50_lag_atlSICjfm, 47_lag_shSICmar, 42_lag_mhfATL30, 49_lag_tripol1, 42_lag_amoSSTmjjaso, 49_lag_traIFC, 50_lag_mhfATL30, 48_lag_shSICmar, 46_lag_mhfATL60, 42_lag_traDP, 45_lag_samPSLann, 48_lag_yrvPRjja, 50_lag_satlSSTjfm, 48_lag_atlSICsep, 49_lag_traFSC, 42_lag_traFS, 51_lag_cetTSjfm, 48_lag_mhfATL60, 45_lag_traFB, 45_lag_amo2, 46_lag_traEC, 42_lag_wnorPRjfm, 47_lag_eurPSLjfm, 46_lag_mhfATL30, 42_lag_yrvPRjja, 46_lag_mhfIP30, 45_lag_amo3, 50_lag_yrvPRjja, 49_lag_eurPSLjfm_1216_42"
LinearRegression,38,30,tripol3,picntrl,1552.5,2050.5,0.8,53,43,43,14.35772477236915,0.06019271976758095,1216,"['47_lag_eurPSLjfm', '46_lag_mhfIP30', '51_lag_cetTSjfm', '49_lag_traIT', '51_lag_traWP', '50_lag_mhfATL30', '43_lag_46_median_mhfATL60', '52_lag_eurPSLjfm', '46_lag_traEU', '49_lag_tripol3', '52_lag_ormenSSTjfm', '43_lag_48_median_atlSICjfm', '46_lag_mhfATL30', '52_lag_stratZ50ndj01', '48_lag_atlSICsep', '46_lag_traEC', '48_lag_arcTSjfm', '47_lag_tripol1', '47_lag_mhfATL60', '52_lag_traBS', '48_lag_stratZ50ndj04', '49_lag_amo1', '43_lag_yrvPRjja', '43_lag_48_median_shTSjfm', '48_lag_yrvPRjja', '49_lag_scpPSLjfm', '43_lag_traTLS', '52_lag_yrvPRjja', '49_lag_eurPSLjfm', '43_lag_46_median_stratZ50ndj03']","[0.11993329557194488, 0.1610365061420477, 0.06018777127857444, 0.1646179981057366, 0.010007010602702393, 0.006704139079746132, 0.04526972810074744, 0.15579051300952013, 0.0950261331674171, 0.0031545123535667327, 0.13488723087424978, 0.050590869365209803, 0.10235856589464531, 0.1309418727688069, 0.22647859363975528, 0.16085550797151277, 0.1257047741400271, 0.09507328364526696, 0.022749736510521118, 0.08601979611375124, 0.11763203069579607, 0.06927563471506532, 0.055432706906663236, 0.1623099597211057, 0.07495647037034665, 0.1726063081227194, 0.11393374017404886, 0.1790581313169347, 0.1033788859968993, 0.08055762464378415]","47_lag_eurPSLjfm, 46_lag_mhfIP30, 51_lag_cetTSjfm, 49_lag_traIT, 51_lag_traWP, 50_lag_mhfATL30, 43_lag_46_median_mhfATL60, 52_lag_eurPSLjfm, 46_lag_traEU, 49_lag_tripol3, 52_lag_ormenSSTjfm, 43_lag_48_median_atlSICjfm, 46_lag_mhfATL30, 52_lag_stratZ50ndj01, 48_lag_atlSICsep, 46_lag_traEC, 48_lag_arcTSjfm, 47_lag_tripol1, 47_lag_mhfATL60, 52_lag_traBS, 48_lag_stratZ50ndj04, 49_lag_amo1, 43_lag_yrvPRjja, 43_lag_48_median_shTSjfm, 48_lag_yrvPRjja, 49_lag_scpPSLjfm, 43_lag_traTLS, 52_lag_yrvPRjja, 49_lag_eurPSLjfm, 43_lag_46_median_stratZ50ndj03_1216_43"
LinearRegression,39,30,tripol3,picntrl,1553.5,2050.5,0.8,54,44,44,15.530351061442582,-0.15223909789393744,1216,"['50_lag_yrvPRjja', '46_lag_mhfIP30', '45_lag_amo3', '44_lag_45_median_amo3', '52_lag_atlSICsep', '47_lag_amo1', '48_lag_amo1', '47_lag_traEU', '46_lag_mhfATL30', '51_lag_traWP', '50_lag_mhfATL30', '51_lag_nchinaPRjja', '49_lag_scpPSLjfm', '50_lag_AMOCann', '50_lag_nppc3SSTjfm', '44_lag_47_median_eapPSLjfm', '52_lag_ormenSSTjfm', '44_lag_ginwSSTjfm', '47_lag_mhfATL60', '48_lag_arcTSjfm', '44_lag_47_median_shTSjfm', '52_lag_traBS', '48_lag_yrvPRjja', '53_lag_seurTSjfm', '52_lag_amo2', '49_lag_stratZ50ndj03', '46_lag_ginwSSTjfm', '47_lag_amoSSTmjjaso', '52_lag_yrvPRjja', '49_lag_eurPSLjfm']","[0.08265415132875746, 0.15090405667252785, 5668242926421.281, 5668242926421.208, 0.12075871379921777, 0.12240526721683426, 0.0032116972607936834, 0.0604273161213354, 0.08729890500135375, 0.0701713258538567, 0.20726580931626976, 0.07345723092799977, 0.11481726319818233, 0.22281549398086137, 0.07386951121152242, 0.012918297361228855, 0.06848982096989431, 0.0645598693143623, 0.04239679596362736, 0.0703743828034446, 0.21518728623223665, 0.0999786758255257, 0.09850091630269993, 0.14256212271009153, 0.02450892531197094, 0.058090658506601, 0.07281412190273474, 0.1931002405371382, 0.20276369477966802, 0.1608502988681813]","50_lag_yrvPRjja, 46_lag_mhfIP30, 45_lag_amo3, 44_lag_45_median_amo3, 52_lag_atlSICsep, 47_lag_amo1, 48_lag_amo1, 47_lag_traEU, 46_lag_mhfATL30, 51_lag_traWP, 50_lag_mhfATL30, 51_lag_nchinaPRjja, 49_lag_scpPSLjfm, 50_lag_AMOCann, 50_lag_nppc3SSTjfm, 44_lag_47_median_eapPSLjfm, 52_lag_ormenSSTjfm, 44_lag_ginwSSTjfm, 47_lag_mhfATL60, 48_lag_arcTSjfm, 44_lag_47_median_shTSjfm, 52_lag_traBS, 48_lag_yrvPRjja, 53_lag_seurTSjfm, 52_lag_amo2, 49_lag_stratZ50ndj03, 46_lag_ginwSSTjfm, 47_lag_amoSSTmjjaso, 52_lag_yrvPRjja, 49_lag_eurPSLjfm_1216_44"
LinearRegression,40,30,tripol3,picntrl,1554.5,2050.5,0.8,55,45,45,14.489605043041847,-0.0350280136441108,1216,"['48_lag_arcTSjfm', '45_lag_48_median_traFS', '54_lag_yrvPRjja', '45_lag_traEC', '53_lag_traBO', '45_lag_arcTSjfm', '52_lag_traBS', '54_lag_wnorPRjfm', '48_lag_ismPRjja', '45_lag_nppc3SSTjfm', '54_lag_nhTSjfm', '45_lag_48_median_pdoSSTjfm', '45_lag_traWP', '54_lag_stratZ50ndj01', '45_lag_50_median_traMC', '54_lag_nppc3SSTjfm', '49_lag_shSICsep', '45_lag_samPSLann', '47_lag_nhSICsep', '50_lag_traBS', '54_lag_stratZ50ndj02', '52_lag_ginwSSTjfm', '45_lag_48_median_traDS', '45_lag_traEU', '48_lag_traDP', '45_lag_amo3', '50_lag_nppc3SSTjfm', '47_lag_amoSSTmjjaso', '49_lag_eurPSLjfm', '52_lag_yrvPRjja']","[0.05959810565501025, 0.08522755288226053, 0.01489740962567331, 0.018674225626243254, 0.12380432640728364, 0.18083871703008905, 0.11195414729755433, 0.01782837171948967, 0.03524884028714101, 0.07722244061835794, 0.024526872500480117, 0.1156264853717195, 0.08779821650939808, 0.0685460697062898, 0.25678656287427054, 0.04681987083600506, 0.08876918569233345, 0.11118421728799291, 0.13832717593901575, 0.021707121500318234, 0.05602829989705257, 0.019871564044864044, 0.04896198243687307, 0.12342767098788525, 0.04903841569475948, 0.10344481808080747, 0.065919450809796, 0.12949920416273475, 0.16254962281235724, 0.1772291340251216]","48_lag_arcTSjfm, 45_lag_48_median_traFS, 54_lag_yrvPRjja, 45_lag_traEC, 53_lag_traBO, 45_lag_arcTSjfm, 52_lag_traBS, 54_lag_wnorPRjfm, 48_lag_ismPRjja, 45_lag_nppc3SSTjfm, 54_lag_nhTSjfm, 45_lag_48_median_pdoSSTjfm, 45_lag_traWP, 54_lag_stratZ50ndj01, 45_lag_50_median_traMC, 54_lag_nppc3SSTjfm, 49_lag_shSICsep, 45_lag_samPSLann, 47_lag_nhSICsep, 50_lag_traBS, 54_lag_stratZ50ndj02, 52_lag_ginwSSTjfm, 45_lag_48_median_traDS, 45_lag_traEU, 48_lag_traDP, 45_lag_amo3, 50_lag_nppc3SSTjfm, 47_lag_amoSSTmjjaso, 49_lag_eurPSLjfm, 52_lag_yrvPRjja_1216_45"
LinearRegression,41,30,tripol3,picntrl,1555.5,2050.5,0.8,56,46,46,14.023917485729587,-0.04330299625061182,1216,"['50_lag_eurPSLjfm', '55_lag_wnorPRjfm', '55_lag_ensoSSTjfm', '55_lag_traBS', '50_lag_shSICsep', '55_lag_nhTSjfm', '55_lag_cetTSjfm', '52_lag_traBS', '54_lag_wnorPRjfm', '49_lag_tripol3', '54_lag_stratZ50ndj04', '54_lag_nppc3SSTjfm', '51_lag_traDP', '52_lag_ormenSSTjfm', '54_lag_shSICmar', '46_lag_47_median_amoSSTmjjaso', '47_lag_amoSSTmjjaso', '55_lag_ismPRjja', '52_lag_satlSSTjfm', '51_lag_traIT', '49_lag_shSICsep', '49_lag_amo1', '46_lag_mhfIP30', '49_lag_scpPSLjfm', '46_lag_49_median_traEC', '48_lag_traDP', '50_lag_nppc3SSTjfm', '46_lag_traEC', '54_lag_stratZ50ndj02', '52_lag_yrvPRjja']","[0.10192331426174285, 0.09789527014133126, 0.050686851862230924, 0.13282637921398485, 0.02670411774314715, 0.09131898750517907, 0.08914807549049963, 0.06256992728060552, 0.0006796307751537947, 0.03806472822428227, 0.030598045984403598, 0.04608468125112659, 0.18026314475811192, 0.0759897960597776, 0.08253445830603472, 0.05759096545547371, 0.05759096545547565, 0.06493063187715949, 0.005883925584871565, 0.08070494949617528, 0.12659784785726694, 0.08253384538535696, 0.12854453271632765, 0.1431839034470863, 0.05437334913509304, 0.18690992071022172, 0.07852335310541078, 0.12323471602203726, 0.10360472731073637, 0.19263130550020374]","50_lag_eurPSLjfm, 55_lag_wnorPRjfm, 55_lag_ensoSSTjfm, 55_lag_traBS, 50_lag_shSICsep, 55_lag_nhTSjfm, 55_lag_cetTSjfm, 52_lag_traBS, 54_lag_wnorPRjfm, 49_lag_tripol3, 54_lag_stratZ50ndj04, 54_lag_nppc3SSTjfm, 51_lag_traDP, 52_lag_ormenSSTjfm, 54_lag_shSICmar, 46_lag_47_median_amoSSTmjjaso, 47_lag_amoSSTmjjaso, 55_lag_ismPRjja, 52_lag_satlSSTjfm, 51_lag_traIT, 49_lag_shSICsep, 49_lag_amo1, 46_lag_mhfIP30, 49_lag_scpPSLjfm, 46_lag_49_median_traEC, 48_lag_traDP, 50_lag_nppc3SSTjfm, 46_lag_traEC, 54_lag_stratZ50ndj02, 52_lag_yrvPRjja_1216_46"
LinearRegression,42,30,tripol3,picntrl,1556.5,2050.5,0.8,57,47,47,14.976901746088972,-0.19157588843240678,1216,"['47_lag_50_median_glTSjfm', '50_lag_traWP', '53_lag_traWP', '51_lag_amo2', '51_lag_nppc3SSTjfm', '47_lag_50_median_atlSICsep', '52_lag_shTSjfm', '53_lag_traFS', '51_lag_nppc2SSTjfm', '53_lag_ginwSSTjfm', '47_lag_50_median_seurTSjfm', '49_lag_amo1', '55_lag_naoPSLjfm', '47_lag_nhSICsep', '50_lag_shSICsep', '54_lag_nppc3SSTjfm', '47_lag_amo1', '55_lag_ensoSSTjfm', '51_lag_traFB', '56_lag_satlSSTjfm', '53_lag_traBO', '50_lag_cetTSjfm', '47_lag_samPSLann', '53_lag_eapPSLjfm', '54_lag_stratZ50ndj02', '52_lag_atlSICjfm', '52_lag_ormenSSTjfm', '55_lag_traBS', '52_lag_yrvPRjja', '47_lag_amoSSTmjjaso']","[0.03953608956830174, 0.04934964558097094, 0.02326622620402129, 0.026847378391096403, 0.06050802456662242, 0.2675919257049911, 0.0544622708007955, 0.09613196685415623, 0.10680362326199568, 0.08019701079443828, 0.17887638143317675, 0.07868041679671527, 0.05765067564339209, 0.08649358604386763, 0.0534077746626921, 0.038345960976335705, 0.14148568490188054, 0.00490097645304932, 0.026781862530600338, 0.002690615806328473, 0.149378462770549, 0.032521511169974156, 0.015612045655609641, 0.15282320483655012, 0.11703971883290928, 0.009111110672695495, 0.058391137448721, 0.16171856143552907, 0.1260765202748395, 0.16501745993353]","47_lag_50_median_glTSjfm, 50_lag_traWP, 53_lag_traWP, 51_lag_amo2, 51_lag_nppc3SSTjfm, 47_lag_50_median_atlSICsep, 52_lag_shTSjfm, 53_lag_traFS, 51_lag_nppc2SSTjfm, 53_lag_ginwSSTjfm, 47_lag_50_median_seurTSjfm, 49_lag_amo1, 55_lag_naoPSLjfm, 47_lag_nhSICsep, 50_lag_shSICsep, 54_lag_nppc3SSTjfm, 47_lag_amo1, 55_lag_ensoSSTjfm, 51_lag_traFB, 56_lag_satlSSTjfm, 53_lag_traBO, 50_lag_cetTSjfm, 47_lag_samPSLann, 53_lag_eapPSLjfm, 54_lag_stratZ50ndj02, 52_lag_atlSICjfm, 52_lag_ormenSSTjfm, 55_lag_traBS, 52_lag_yrvPRjja, 47_lag_amoSSTmjjaso_1216_47"
LinearRegression,43,30,tripol3,picntrl,1557.5,2050.5,0.8,58,48,48,15.739959644463541,-0.17683313906523668,1216,"['51_lag_yrvPRjja', '51_lag_ginwSSTjfm', '48_lag_mhfATL60', '57_lag_shSICmar', '48_lag_51_median_mhfIP30', '55_lag_naoPSLjfm', '53_lag_yrvPRjja', '48_lag_51_median_traEC', '55_lag_samPSLann', '50_lag_eurPSLjfm', '55_lag_traBS', '57_lag_tripol3', '53_lag_nppc3SSTjfm', '50_lag_traDP', '55_lag_wnorPRjfm', '55_lag_seurTSjfm', '51_lag_ensoSSTjfm', '52_lag_atlSICjfm', '50_lag_nppc3SSTjfm', '55_lag_mhfATL30', '53_lag_traBO', '51_lag_tripol2', '52_lag_ormenSSTjfm', '57_lag_satlSSTjfm', '57_lag_nppc3SSTjfm', '52_lag_yrvPRjja', '54_lag_stratZ50ndj02', '57_lag_mhfATL60', '56_lag_satlSSTjfm', '48_lag_yrvPRjja']","[0.01822965186833409, 0.03932130802580423, 0.0387523044279469, 0.08679523494555469, 0.10026125753285674, 0.2667098848079453, 0.07837352133647782, 0.1145025972108055, 0.3046839387680057, 0.06295324240954113, 0.10384464250013863, 0.16105357845978116, 0.1894982259600019, 0.05127146646141341, 0.03366812365158966, 0.08796551408636118, 0.048100130437180595, 0.014941890367750508, 0.062099157532344476, 0.04062863285563614, 0.1683772627700099, 0.12538781693531786, 0.11679150859392459, 0.10431506566561506, 0.16981245069426026, 0.1436019192434964, 0.09521738719284689, 0.06289544912034073, 0.07562504565093077, 0.11744878230437147]","51_lag_yrvPRjja, 51_lag_ginwSSTjfm, 48_lag_mhfATL60, 57_lag_shSICmar, 48_lag_51_median_mhfIP30, 55_lag_naoPSLjfm, 53_lag_yrvPRjja, 48_lag_51_median_traEC, 55_lag_samPSLann, 50_lag_eurPSLjfm, 55_lag_traBS, 57_lag_tripol3, 53_lag_nppc3SSTjfm, 50_lag_traDP, 55_lag_wnorPRjfm, 55_lag_seurTSjfm, 51_lag_ensoSSTjfm, 52_lag_atlSICjfm, 50_lag_nppc3SSTjfm, 55_lag_mhfATL30, 53_lag_traBO, 51_lag_tripol2, 52_lag_ormenSSTjfm, 57_lag_satlSSTjfm, 57_lag_nppc3SSTjfm, 52_lag_yrvPRjja, 54_lag_stratZ50ndj02, 57_lag_mhfATL60, 56_lag_satlSSTjfm, 48_lag_yrvPRjja_1216_48"
LinearRegression,44,30,tripol3,picntrl,1558.5,2050.5,0.8,59,49,49,15.582331015408256,-0.059738488440320564,1216,"['58_lag_tripol3', '52_lag_stratZ50ndj01', '49_lag_tripol2', '55_lag_stratZ50ndj03', '53_lag_traBS', '49_lag_traEU', '58_lag_traFB', '57_lag_mhfATL60', '54_lag_stratZ50ndj02', '49_lag_52_median_pdoSSTjfm', '57_lag_nppc3SSTjfm', '52_lag_atlSICjfm', '54_lag_shSICsep', '51_lag_tripol2', '57_lag_eapPSLjfm', '55_lag_stratZ50ndj01', '49_lag_52_median_mhfATL60', '54_lag_traDP', '54_lag_scpPSLjfm', '49_lag_atlSICsep', '55_lag_samPSLann', '54_lag_neurTSjfm', '56_lag_satlSSTjfm', '57_lag_satlSSTjfm', '58_lag_stratZ50ndj03', '52_lag_ormenSSTjfm', '52_lag_yrvPRjja', '56_lag_alpi', '49_lag_amo1', '58_lag_ginwSSTjfm']","[0.04944230165267778, 0.17374045462457996, 0.08251098676682658, 0.11941117562704756, 0.011624494584687083, 0.037899263448397974, 0.1065688713271336, 0.069925406394457, 0.06488724778211662, 0.00034679122990203203, 0.13744087843443734, 0.08104521335320741, 0.008627890001785833, 0.09931551606046506, 0.003836083422650231, 0.1546523256921524, 0.12691710882256907, 0.11246238963474389, 0.1811370401197831, 0.09815364858401066, 0.12000331546368179, 0.11384277090620543, 0.071307726262326, 0.1566110612677406, 0.07633175672713237, 0.032113910023627526, 0.16511957852100412, 0.05371737618197998, 0.10883312222873735, 0.15581384286890582]","58_lag_tripol3, 52_lag_stratZ50ndj01, 49_lag_tripol2, 55_lag_stratZ50ndj03, 53_lag_traBS, 49_lag_traEU, 58_lag_traFB, 57_lag_mhfATL60, 54_lag_stratZ50ndj02, 49_lag_52_median_pdoSSTjfm, 57_lag_nppc3SSTjfm, 52_lag_atlSICjfm, 54_lag_shSICsep, 51_lag_tripol2, 57_lag_eapPSLjfm, 55_lag_stratZ50ndj01, 49_lag_52_median_mhfATL60, 54_lag_traDP, 54_lag_scpPSLjfm, 49_lag_atlSICsep, 55_lag_samPSLann, 54_lag_neurTSjfm, 56_lag_satlSSTjfm, 57_lag_satlSSTjfm, 58_lag_stratZ50ndj03, 52_lag_ormenSSTjfm, 52_lag_yrvPRjja, 56_lag_alpi, 49_lag_amo1, 58_lag_ginwSSTjfm_1216_49"
LinearRegression,45,30,tripol3,picntrl,1559.5,2050.5,0.8,60,50,50,15.390161450352513,-0.028690125512036736,1216,"['55_lag_mhfATL30', '53_lag_satlSSTjfm', '55_lag_seurTSjfm', '54_lag_arcTSjfm', '53_lag_traFS', '54_lag_wnorPRjfm', '50_lag_53_median_ismPRjja', '58_lag_ginwSSTjfm', '55_lag_shSICmar', '59_lag_shSICmar', '50_lag_traIT', '52_lag_stratZ50ndj01', '58_lag_amo3', '59_lag_seurTSjfm', '55_lag_ismPRjja', '54_lag_shSICmar', '55_lag_samPSLann', '50_lag_53_median_satlSSTjfm', '58_lag_shSICmar', '55_lag_stratZ50ndj01', '57_lag_traMC', '57_lag_nppc3SSTjfm', '53_lag_traBO', '50_lag_traDP', '55_lag_amo1', '56_lag_yrvPRjja', '58_lag_stratZ50ndj03', '57_lag_mhfATL60', '57_lag_satlSSTjfm', '54_lag_scpPSLjfm']","[0.04224005238642895, 0.03291006701914075, 0.018135333764315777, 0.00543680377003589, 0.08426698137729156, 0.011655100080839432, 0.07455531800824527, 0.17612167970165007, 0.11618816394473461, 0.012390887469750587, 0.07158812319107885, 0.10992599936172817, 0.01676222621199955, 0.11378078889464344, 0.06880869953971465, 0.12103577301776493, 0.11600519391200965, 0.05666453788196442, 0.0737239827651556, 0.13396919773463953, 0.03716662095904712, 0.17878709557675804, 0.1015902447692161, 0.05255786898107355, 0.11901746072547312, 0.02369860890469601, 0.06528209188262467, 0.02578735478705611, 0.1614521539897591, 0.14469916374650552]","55_lag_mhfATL30, 53_lag_satlSSTjfm, 55_lag_seurTSjfm, 54_lag_arcTSjfm, 53_lag_traFS, 54_lag_wnorPRjfm, 50_lag_53_median_ismPRjja, 58_lag_ginwSSTjfm, 55_lag_shSICmar, 59_lag_shSICmar, 50_lag_traIT, 52_lag_stratZ50ndj01, 58_lag_amo3, 59_lag_seurTSjfm, 55_lag_ismPRjja, 54_lag_shSICmar, 55_lag_samPSLann, 50_lag_53_median_satlSSTjfm, 58_lag_shSICmar, 55_lag_stratZ50ndj01, 57_lag_traMC, 57_lag_nppc3SSTjfm, 53_lag_traBO, 50_lag_traDP, 55_lag_amo1, 56_lag_yrvPRjja, 58_lag_stratZ50ndj03, 57_lag_mhfATL60, 57_lag_satlSSTjfm, 54_lag_scpPSLjfm_1216_50"
LinearRegression,46,30,tripol3,picntrl,1560.5,2050.5,0.8,61,51,51,15.361576006578716,-0.051622775618635465,1216,"['56_lag_satlSSTjfm', '51_lag_60_median_alpi', '51_lag_54_median_traWP', '60_lag_traDS', '57_lag_ensoSSTjfm', '51_lag_tripol3', '60_lag_atlSICsep', '55_lag_naoPSLjfm', '55_lag_amoSSTmjjaso', '58_lag_traFB', '54_lag_labSSTjfm', '55_lag_samPSLann', '53_lag_neurTSjfm', '55_lag_amo1', '51_lag_amo1', '57_lag_traMC', '57_lag_mhfATL60', '59_lag_nppc3SSTjfm', '57_lag_nppc3SSTjfm', '51_lag_56_median_stratZ50ndj01', '51_lag_54_median_stratZ50ndj01', '54_lag_shSICsep', '54_lag_wnorPRjfm', '58_lag_stratZ50ndj03', '54_lag_neurTSjfm', '54_lag_shSICmar', '59_lag_mhfATL60', '54_lag_stratZ50ndj02', '57_lag_satlSSTjfm', '54_lag_scpPSLjfm']","[0.09312832260882978, 0.07507928017181958, 0.06296151040400892, 0.04655661809961147, 0.136801905537511, 0.013690486480550003, 0.14179410854187358, 0.2162474042176451, 0.03178718106794222, 0.1105384797596549, 0.11019812792862688, 0.2759992535545563, 0.022704796194431894, 0.11125211457134404, 0.07029045422315282, 0.011204050769757942, 0.0774082306445735, 0.08463761348146676, 0.1405687379553321, 0.22403977089216132, 0.307069643317474, 0.06221779938887374, 0.08782712448470807, 0.07043873211417825, 0.20944359013177427, 0.13004798530065476, 0.024037069420225335, 0.04943195864501949, 0.16781346939289316, 0.15438530651751073]","56_lag_satlSSTjfm, 51_lag_60_median_alpi, 51_lag_54_median_traWP, 60_lag_traDS, 57_lag_ensoSSTjfm, 51_lag_tripol3, 60_lag_atlSICsep, 55_lag_naoPSLjfm, 55_lag_amoSSTmjjaso, 58_lag_traFB, 54_lag_labSSTjfm, 55_lag_samPSLann, 53_lag_neurTSjfm, 55_lag_amo1, 51_lag_amo1, 57_lag_traMC, 57_lag_mhfATL60, 59_lag_nppc3SSTjfm, 57_lag_nppc3SSTjfm, 51_lag_56_median_stratZ50ndj01, 51_lag_54_median_stratZ50ndj01, 54_lag_shSICsep, 54_lag_wnorPRjfm, 58_lag_stratZ50ndj03, 54_lag_neurTSjfm, 54_lag_shSICmar, 59_lag_mhfATL60, 54_lag_stratZ50ndj02, 57_lag_satlSSTjfm, 54_lag_scpPSLjfm_1216_51"
LinearRegression,47,30,tripol3,picntrl,1561.5,2050.5,0.8,62,52,52,15.631896790198146,-0.007703785252244751,1216,"['61_lag_traWP', '55_lag_amoSSTmjjaso', '52_lag_55_median_mhfATL60', '52_lag_ormenSSTjfm', '54_lag_labSSTjfm', '55_lag_shSICmar', '56_lag_yrvPRjja', '60_lag_atlSICsep', '58_lag_stratZ50ndj03', '55_lag_traBS', '55_lag_samPSLann', '61_lag_tripol3', '52_lag_traFSC', '52_lag_stratZ50ndj01', '58_lag_atlSICsep', '57_lag_ensoSSTjfm', '61_lag_mhfATL30', '54_lag_scpPSLjfm', '54_lag_stratZ50ndj02', '52_lag_61_median_alpi', '54_lag_wnorPRjfm', '57_lag_satlSSTjfm', '55_lag_naoPSLjfm', '59_lag_nppc3SSTjfm', '55_lag_stratZ50ndj01', '61_lag_traTLS', '54_lag_neurTSjfm', '59_lag_mhfATL60', '54_lag_shSICmar', '61_lag_scpPSLjfm']","[0.0346653014842362, 0.07688536148545666, 0.16016158016931015, 0.03035104463840194, 0.12445168179359385, 0.08101210570201416, 0.017315514101897942, 0.13300236460087217, 0.07288160188972954, 0.16597121012484137, 0.2771981940373327, 0.06412165922785831, 0.03939945321891641, 0.12812362803574465, 0.05737446033181159, 0.11323698293041345, 0.19062319770245653, 0.1434463464595406, 0.10195374842146093, 0.08802564445016148, 0.059277253228961393, 0.1346572695188844, 0.1990882610465698, 0.1559073070621555, 0.14110986750558874, 0.17713697959411148, 0.15281237208265605, 0.036418074899061265, 0.12480773790648561, 0.08407857230632128]","61_lag_traWP, 55_lag_amoSSTmjjaso, 52_lag_55_median_mhfATL60, 52_lag_ormenSSTjfm, 54_lag_labSSTjfm, 55_lag_shSICmar, 56_lag_yrvPRjja, 60_lag_atlSICsep, 58_lag_stratZ50ndj03, 55_lag_traBS, 55_lag_samPSLann, 61_lag_tripol3, 52_lag_traFSC, 52_lag_stratZ50ndj01, 58_lag_atlSICsep, 57_lag_ensoSSTjfm, 61_lag_mhfATL30, 54_lag_scpPSLjfm, 54_lag_stratZ50ndj02, 52_lag_61_median_alpi, 54_lag_wnorPRjfm, 57_lag_satlSSTjfm, 55_lag_naoPSLjfm, 59_lag_nppc3SSTjfm, 55_lag_stratZ50ndj01, 61_lag_traTLS, 54_lag_neurTSjfm, 59_lag_mhfATL60, 54_lag_shSICmar, 61_lag_scpPSLjfm_1216_52"
LinearRegression,48,30,tripol3,picntrl,1562.5,2050.5,0.8,63,53,53,13.923006371440579,0.0996566644758323,1216,"['54_lag_shSICmar', '55_lag_traBS', '53_lag_traFS', '57_lag_traTLS', '62_lag_ormenSSTjfm', '62_lag_neurTSjfm', '55_lag_shSICmar', '58_lag_stratZ50ndj03', '57_lag_alpi', '55_lag_naoPSLjfm', '58_lag_amoSSTmjjaso', '57_lag_ensoSSTjfm', '59_lag_nchinaPRjja', '62_lag_eapPSLjfm', '53_lag_eapPSLjfm', '58_lag_traDP', '57_lag_satlSSTjfm', '55_lag_amo1', '60_lag_eapPSLjfm', '53_lag_58_median_stratZ50ndj03', '54_lag_neurTSjfm', '53_lag_54_median_neurTSjfm', '56_lag_traWP', '57_lag_eapPSLjfm', '55_lag_stratZ50ndj01', '61_lag_traTLS', '62_lag_mhfATL60', '60_lag_nhSICsep', '53_lag_traBO', '58_lag_atlSICsep']","[0.13520308251590973, 0.18740922503316937, 0.08265439580973259, 0.16977825462429583, 0.11072731031341763, 0.014791382289316844, 0.06308890591733864, 0.07097761397963541, 0.029986176641208916, 0.023917982691870777, 0.03616853948935283, 0.10116084644817769, 0.09866424869517938, 0.09927026432095379, 0.06445308328473458, 0.18462034666567056, 0.21494445551102068, 0.16604653886554785, 0.023089728257870083, 0.05476259725059286, 3907399524218.8105, 3907399524218.6826, 0.023265299900177575, 0.041581984630858826, 0.15763750573374813, 0.17580827771693813, 0.05022827473642902, 0.07477674966306729, 0.09188957803186201, 0.01816419028183664]","54_lag_shSICmar, 55_lag_traBS, 53_lag_traFS, 57_lag_traTLS, 62_lag_ormenSSTjfm, 62_lag_neurTSjfm, 55_lag_shSICmar, 58_lag_stratZ50ndj03, 57_lag_alpi, 55_lag_naoPSLjfm, 58_lag_amoSSTmjjaso, 57_lag_ensoSSTjfm, 59_lag_nchinaPRjja, 62_lag_eapPSLjfm, 53_lag_eapPSLjfm, 58_lag_traDP, 57_lag_satlSSTjfm, 55_lag_amo1, 60_lag_eapPSLjfm, 53_lag_58_median_stratZ50ndj03, 54_lag_neurTSjfm, 53_lag_54_median_neurTSjfm, 56_lag_traWP, 57_lag_eapPSLjfm, 55_lag_stratZ50ndj01, 61_lag_traTLS, 62_lag_mhfATL60, 60_lag_nhSICsep, 53_lag_traBO, 58_lag_atlSICsep_1216_53"
LinearRegression,49,30,tripol3,picntrl,1563.5,2050.5,0.8,64,54,54,13.360448767218738,0.13736986068867796,1216,"['54_lag_shSICmar', '63_lag_tripol3', '61_lag_tripol3', '57_lag_traEC', '62_lag_mhfATL60', '62_lag_nhSICjfm', '56_lag_traWP', '63_lag_traBS', '58_lag_labSSTjfm', '57_lag_alpi', '54_lag_wnorPRjfm', '58_lag_traDP', '63_lag_traTLS', '60_lag_nchinaPRjja', '57_lag_nppc2SSTjfm', '54_lag_57_median_traTLS', '54_lag_57_median_alpi', '60_lag_eapPSLjfm', '54_lag_amo1', '63_lag_atlSICjfm', '54_lag_ginwSSTjfm', '63_lag_scpPSLjfm', '60_lag_nhSICsep', '61_lag_traTLS', '54_lag_57_median_mhfATL60', '54_lag_neurTSjfm', '54_lag_AMOCann', '61_lag_scpPSLjfm', '60_lag_glomaSSTjfm', '54_lag_57_median_ginwSSTjfm']","[0.08449956880946886, 0.08277361032104047, 0.029541230666724462, 0.031156969126268322, 0.05569205224495106, 0.04121290574551541, 0.08351330248525897, 0.13748671515523578, 0.023571488281982817, 0.047437297209305444, 0.1658212516915002, 0.10607891993173771, 0.0782762879683436, 0.12695277607384745, 0.02937430685165942, 0.20083263673917937, 0.10841480576916128, 0.006012656711088006, 0.045301184946985124, 0.12824335795628244, 0.07917714157453287, 0.014432776473706443, 0.1118301782643894, 0.16399671891131828, 0.06685389765167447, 0.2218480803017341, 0.11617512846696891, 0.12408168690880368, 0.004336258018963394, 0.02267732837785443]","54_lag_shSICmar, 63_lag_tripol3, 61_lag_tripol3, 57_lag_traEC, 62_lag_mhfATL60, 62_lag_nhSICjfm, 56_lag_traWP, 63_lag_traBS, 58_lag_labSSTjfm, 57_lag_alpi, 54_lag_wnorPRjfm, 58_lag_traDP, 63_lag_traTLS, 60_lag_nchinaPRjja, 57_lag_nppc2SSTjfm, 54_lag_57_median_traTLS, 54_lag_57_median_alpi, 60_lag_eapPSLjfm, 54_lag_amo1, 63_lag_atlSICjfm, 54_lag_ginwSSTjfm, 63_lag_scpPSLjfm, 60_lag_nhSICsep, 61_lag_traTLS, 54_lag_57_median_mhfATL60, 54_lag_neurTSjfm, 54_lag_AMOCann, 61_lag_scpPSLjfm, 60_lag_glomaSSTjfm, 54_lag_57_median_ginwSSTjfm_1216_54"
LinearRegression,50,30,tripol3,picntrl,1564.5,2050.5,0.8,65,55,55,13.541970900431215,0.090376565891865,1216,"['61_lag_scpPSLjfm', '63_lag_scpPSLjfm', '60_lag_atlSICsep', '58_lag_nppc2SSTjfm', '64_lag_tripol2', '55_lag_58_median_eapPSLjfm', '55_lag_60_median_stratZ50ndj01', '62_lag_nhSICjfm', '61_lag_stratZ50ndj04', '57_lag_mhfATL30', '55_lag_58_median_seurTSjfm', '62_lag_tripol3', '63_lag_mhfATL60', '64_lag_amo1', '55_lag_glTSjfm', '55_lag_mhfATL60', '55_lag_60_median_shTSjfm', '55_lag_mhfATL30', '62_lag_eurPSLjfm', '58_lag_traDP', '63_lag_shSICsep', '63_lag_tripol3', '57_lag_alpi', '63_lag_atlSICjfm', '60_lag_glomaSSTjfm', '55_lag_stratZ50ndj02', '55_lag_nhTSjfm', '60_lag_nhSICsep', '61_lag_traTLS', '55_lag_stratZ50ndj01']","[0.09317501373167443, 0.052079748056856, 0.1476373790582564, 0.04744494548253694, 0.0797417586412863, 0.07940768602190414, 0.11422472730084937, 0.011049796522335023, 0.1352282462731809, 0.03177994445919825, 0.2443876762993139, 0.04100220309962854, 0.0740586405711968, 0.0052046906697217924, 0.047720264759267494, 0.04716168760127796, 0.27146120241593974, 0.06032940530875852, 0.052338804820851494, 0.10829451486902233, 0.015563221962603475, 0.1121798378819358, 0.07404182671829028, 0.14215840342301492, 0.08137862001833487, 0.059808116483332244, 0.1342145057242617, 0.15231744241251982, 0.2154615120909377, 0.1579322077389135]","61_lag_scpPSLjfm, 63_lag_scpPSLjfm, 60_lag_atlSICsep, 58_lag_nppc2SSTjfm, 64_lag_tripol2, 55_lag_58_median_eapPSLjfm, 55_lag_60_median_stratZ50ndj01, 62_lag_nhSICjfm, 61_lag_stratZ50ndj04, 57_lag_mhfATL30, 55_lag_58_median_seurTSjfm, 62_lag_tripol3, 63_lag_mhfATL60, 64_lag_amo1, 55_lag_glTSjfm, 55_lag_mhfATL60, 55_lag_60_median_shTSjfm, 55_lag_mhfATL30, 62_lag_eurPSLjfm, 58_lag_traDP, 63_lag_shSICsep, 63_lag_tripol3, 57_lag_alpi, 63_lag_atlSICjfm, 60_lag_glomaSSTjfm, 55_lag_stratZ50ndj02, 55_lag_nhTSjfm, 60_lag_nhSICsep, 61_lag_traTLS, 55_lag_stratZ50ndj01_1216_55"
LinearRegression,51,30,tripol3,picntrl,1565.5,2050.5,0.8,66,56,56,12.704618592255466,0.19752017343329542,1216,"['62_lag_alpi', '56_lag_satlSSTjfm', '65_lag_seurTSjfm', '65_lag_traDP', '62_lag_eapPSLjfm', '59_lag_samPSLann', '56_lag_60_median_traEC', '56_lag_scpPSLjfm', '64_lag_tripol3', '60_lag_AMOCann', '56_lag_61_median_stratZ50ndj03', '65_lag_amoSSTmjjaso', '62_lag_scpPSLjfm', '57_lag_traTLS', '56_lag_57_median_traTLS', '63_lag_nhSICsep', '61_lag_stratZ50ndj04', '62_lag_shSICsep', '63_lag_atlSICjfm', '56_lag_65_median_alpi', '65_lag_tripol3', '62_lag_amo2', '61_lag_traTLS', '56_lag_59_median_neurTSjfm', '56_lag_mhfATL45', '63_lag_tripol3', '64_lag_samPSLann', '60_lag_nhSICsep', '63_lag_shSICsep', '56_lag_stratZ50ndj01']","[0.05988411800200873, 0.04445736791095295, 0.10427973658117032, 0.1422295402054826, 0.046313954274513416, 0.055380239454236695, 0.03210050326810051, 0.0015027798119494188, 0.07094384200807237, 0.03745455312376814, 0.06683301525821227, 0.11916348624990586, 0.01575391365583846, 2160364856819.3813, 2160364856819.5818, 0.027034294491184427, 0.1477866165041786, 0.1356671829202038, 0.11499915609289403, 0.054542070333289706, 0.027523829983773195, 0.037939677544949625, 0.20519219361639, 0.04560291787030698, 0.1500648751898844, 0.06707282231452547, 0.0657346459836636, 0.09173956223447302, 0.00298035229953041, 0.005069645801544709]","62_lag_alpi, 56_lag_satlSSTjfm, 65_lag_seurTSjfm, 65_lag_traDP, 62_lag_eapPSLjfm, 59_lag_samPSLann, 56_lag_60_median_traEC, 56_lag_scpPSLjfm, 64_lag_tripol3, 60_lag_AMOCann, 56_lag_61_median_stratZ50ndj03, 65_lag_amoSSTmjjaso, 62_lag_scpPSLjfm, 57_lag_traTLS, 56_lag_57_median_traTLS, 63_lag_nhSICsep, 61_lag_stratZ50ndj04, 62_lag_shSICsep, 63_lag_atlSICjfm, 56_lag_65_median_alpi, 65_lag_tripol3, 62_lag_amo2, 61_lag_traTLS, 56_lag_59_median_neurTSjfm, 56_lag_mhfATL45, 63_lag_tripol3, 64_lag_samPSLann, 60_lag_nhSICsep, 63_lag_shSICsep, 56_lag_stratZ50ndj01_1216_56"
LinearRegression,52,30,tripol3,picntrl,1566.5,2050.5,0.8,67,57,57,14.869512402350084,-0.05491894297236288,1216,"['64_lag_seurTSjfm', '64_lag_tripol3', '63_lag_nppc3SSTjfm', '59_lag_tripol2', '64_lag_shTSjfm', '66_lag_stratZ50ndj02', '60_lag_mhfATL60', '60_lag_wnorPRjfm', '57_lag_60_median_eapPSLjfm', '66_lag_tripol3', '57_lag_ensoSSTjfm', '63_lag_atlSICjfm', '59_lag_ormenSSTjfm', '60_lag_nhSICsep', '63_lag_tripol3', '66_lag_mhfATL30', '64_lag_samPSLann', '65_lag_traEC', '65_lag_amoSSTmjjaso', '61_lag_traTLS', '64_lag_nppc3SSTjfm', '62_lag_amo2', '57_lag_60_median_traDS', '60_lag_AMOCann', '57_lag_nppc3SSTjfm', '57_lag_60_median_stratZ50ndj03', '66_lag_traDP', '57_lag_traTLS', '66_lag_traIT', '57_lag_satlSSTjfm']","[0.12210348644838138, 0.09248972662542818, 0.09192153096781619, 0.09456373392990884, 0.033917351759289956, 0.12384287150193769, 0.11064384704429321, 0.014306907290793548, 0.029280391064291478, 0.1347995491628526, 0.08212410578191573, 0.12108173260133613, 0.06300040826159524, 0.03950411876667321, 0.07305748262395152, 0.007153420803958996, 0.11366311916605824, 0.09705858554303881, 0.10918470782469952, 0.14941802600118761, 0.08628093347943658, 0.044832404175718765, 0.04940520641916953, 0.10135290842932786, 0.11890178972784121, 0.04697020689154961, 0.2408017657003459, 0.14999860843458732, 0.18607875346269645, 0.21364579876848183]","64_lag_seurTSjfm, 64_lag_tripol3, 63_lag_nppc3SSTjfm, 59_lag_tripol2, 64_lag_shTSjfm, 66_lag_stratZ50ndj02, 60_lag_mhfATL60, 60_lag_wnorPRjfm, 57_lag_60_median_eapPSLjfm, 66_lag_tripol3, 57_lag_ensoSSTjfm, 63_lag_atlSICjfm, 59_lag_ormenSSTjfm, 60_lag_nhSICsep, 63_lag_tripol3, 66_lag_mhfATL30, 64_lag_samPSLann, 65_lag_traEC, 65_lag_amoSSTmjjaso, 61_lag_traTLS, 64_lag_nppc3SSTjfm, 62_lag_amo2, 57_lag_60_median_traDS, 60_lag_AMOCann, 57_lag_nppc3SSTjfm, 57_lag_60_median_stratZ50ndj03, 66_lag_traDP, 57_lag_traTLS, 66_lag_traIT, 57_lag_satlSSTjfm_1216_57"
LinearRegression,53,30,tripol3,picntrl,1567.5,2050.5,0.8,68,58,58,13.533180631209728,0.05401277383907475,1216,"['67_lag_amo2', '62_lag_ormenSSTjfm', '65_lag_atlSICsep', '64_lag_AMOCann', '58_lag_61_median_mhfATL60', '67_lag_mhfIP30', '61_lag_seurTSjfm', '58_lag_61_median_traDS', '58_lag_63_median_traMC', '66_lag_traWP', '66_lag_mhfIP30', '65_lag_amoSSTmjjaso', '66_lag_nppc3SSTjfm', '67_lag_traBS', '66_lag_stratZ50ndj02', '61_lag_traTLS', '64_lag_traWP', '62_lag_nppc2SSTjfm', '64_lag_nppc3SSTjfm', '67_lag_ormenSSTjfm', '66_lag_traIT', '65_lag_traEC', '58_lag_61_median_eapPSLjfm', '64_lag_shTSjfm', '66_lag_mhfATL30', '60_lag_satlSSTjfm', '67_lag_glomaSSTjfm', '66_lag_traDP', '66_lag_amo2', '62_lag_amo2']","[0.145952783797377, 0.11648682082324162, 0.07357290779435452, 0.08749158327149432, 0.08534394192449701, 0.07143640074327981, 0.05841693243254094, 0.0991303380677601, 0.008008578932671933, 0.004009357118535287, 0.10345160678657446, 0.10136376814757257, 0.03763147053816572, 0.029144198743006798, 0.081333193974473, 0.15965778781195672, 0.08760948504880316, 0.012267008333412922, 0.005383706999134685, 0.09013705748634789, 0.14978468853745602, 0.07109713516714194, 0.18208789628341482, 0.061987798276450665, 0.006657158969661292, 0.0014671782675142872, 0.18268660442298998, 0.19967615757673804, 0.15749796667116828, 0.02522931754594033]","67_lag_amo2, 62_lag_ormenSSTjfm, 65_lag_atlSICsep, 64_lag_AMOCann, 58_lag_61_median_mhfATL60, 67_lag_mhfIP30, 61_lag_seurTSjfm, 58_lag_61_median_traDS, 58_lag_63_median_traMC, 66_lag_traWP, 66_lag_mhfIP30, 65_lag_amoSSTmjjaso, 66_lag_nppc3SSTjfm, 67_lag_traBS, 66_lag_stratZ50ndj02, 61_lag_traTLS, 64_lag_traWP, 62_lag_nppc2SSTjfm, 64_lag_nppc3SSTjfm, 67_lag_ormenSSTjfm, 66_lag_traIT, 65_lag_traEC, 58_lag_61_median_eapPSLjfm, 64_lag_shTSjfm, 66_lag_mhfATL30, 60_lag_satlSSTjfm, 67_lag_glomaSSTjfm, 66_lag_traDP, 66_lag_amo2, 62_lag_amo2_1216_58"
LinearRegression,54,30,tripol3,picntrl,1568.5,2050.5,0.8,69,59,59,13.51413034263605,0.023947753600653342,1216,"['64_lag_seurTSjfm', '63_lag_nppc2SSTjfm', '66_lag_amoSSTmjjaso', '67_lag_traEU', '59_lag_nchinaPRjja', '64_lag_tripol3', '65_lag_traEC', '60_lag_satlSSTjfm', '59_lag_60_median_satlSSTjfm', '59_lag_nppc3SSTjfm', '67_lag_glomaSSTjfm', '63_lag_seurTSjfm', '66_lag_tripol3', '59_lag_wnorPRjfm', '65_lag_traTLS', '66_lag_traDP', '66_lag_traIT', '61_lag_seurTSjfm', '59_lag_mhfATL30', '67_lag_amo2', '62_lag_ormenSSTjfm', '68_lag_ismPRjja', '67_lag_shSICsep', '62_lag_amo2', '64_lag_shTSjfm', '68_lag_shSICmar', '66_lag_traWP', '68_lag_eurPSLjfm', '66_lag_amo2', '65_lag_atlSICsep']","[0.0941596111629364, 0.03963474031803924, 0.019043503001966205, 0.13818141574699633, 0.06309430198748087, 0.10508320664614842, 0.07741894032590846, 10601988738020.27, 10601988738020.248, 0.13573250580187585, 0.23028645103241618, 0.11006891327239478, 0.13720781594916093, 0.008921027188339349, 0.044228887163240437, 0.15252450268170809, 0.1987529368136836, 0.16400922618789426, 0.0664461254657443, 0.09629432958213258, 0.08904336718426281, 0.07877157467551191, 0.13555104465667003, 0.037591134218949065, 0.0545000801575848, 0.04702921495855065, 0.006516980792870948, 0.01659355061998859, 0.13522967252835588, 0.0020499484221828106]","64_lag_seurTSjfm, 63_lag_nppc2SSTjfm, 66_lag_amoSSTmjjaso, 67_lag_traEU, 59_lag_nchinaPRjja, 64_lag_tripol3, 65_lag_traEC, 60_lag_satlSSTjfm, 59_lag_60_median_satlSSTjfm, 59_lag_nppc3SSTjfm, 67_lag_glomaSSTjfm, 63_lag_seurTSjfm, 66_lag_tripol3, 59_lag_wnorPRjfm, 65_lag_traTLS, 66_lag_traDP, 66_lag_traIT, 61_lag_seurTSjfm, 59_lag_mhfATL30, 67_lag_amo2, 62_lag_ormenSSTjfm, 68_lag_ismPRjja, 67_lag_shSICsep, 62_lag_amo2, 64_lag_shTSjfm, 68_lag_shSICmar, 66_lag_traWP, 68_lag_eurPSLjfm, 66_lag_amo2, 65_lag_atlSICsep_1216_59"
LinearRegression,55,30,tripol3,picntrl,1569.5,2050.5,0.8,70,60,60,14.727577772862253,-0.15187647367819607,1216,"['69_lag_mhfATL30', '68_lag_traCA', '63_lag_seurTSjfm', '60_lag_65_median_traFSC', '67_lag_mhfIP30', '67_lag_amo2', '66_lag_shTSjfm', '65_lag_seurTSjfm', '68_lag_mhfATL60', '67_lag_scpPSLjfm', '60_lag_satlSSTjfm', '65_lag_shSICmar', '63_lag_traMC', '66_lag_scpPSLjfm', '65_lag_samPSLann', '65_lag_mhfATL30', '60_lag_wnorPRjfm', '66_lag_traWP', '68_lag_eurPSLjfm', '65_lag_atlSICsep', '63_lag_eurPSLjfm', '60_lag_AMOCann', '65_lag_ginwSSTjfm', '69_lag_tripol3', '66_lag_traIT', '68_lag_shSICmar', '67_lag_shSICsep', '66_lag_amo2', '64_lag_shTSjfm', '62_lag_amo2']","[0.051280602555786384, 0.12103199641269297, 0.09753314977593926, 0.26996043998584107, 0.039704178773469975, 0.1509658917595656, 0.034130889753945404, 0.044109981417369874, 0.1719085918220596, 0.10160802430622203, 0.01526274408489685, 0.01447244539560891, 0.042884465443248226, 0.024637766395267192, 0.05794047066815526, 0.14779900213717925, 0.016605864475041494, 0.07152232937018702, 0.10355636897962905, 0.04219004429142441, 0.2022498462705445, 0.0694096463519212, 0.08651862729302434, 0.11140053876784327, 0.17023572465176331, 0.06435324901851969, 0.054965060193317344, 0.14084635140916502, 0.03942198407039115, 0.054852888833584426]","69_lag_mhfATL30, 68_lag_traCA, 63_lag_seurTSjfm, 60_lag_65_median_traFSC, 67_lag_mhfIP30, 67_lag_amo2, 66_lag_shTSjfm, 65_lag_seurTSjfm, 68_lag_mhfATL60, 67_lag_scpPSLjfm, 60_lag_satlSSTjfm, 65_lag_shSICmar, 63_lag_traMC, 66_lag_scpPSLjfm, 65_lag_samPSLann, 65_lag_mhfATL30, 60_lag_wnorPRjfm, 66_lag_traWP, 68_lag_eurPSLjfm, 65_lag_atlSICsep, 63_lag_eurPSLjfm, 60_lag_AMOCann, 65_lag_ginwSSTjfm, 69_lag_tripol3, 66_lag_traIT, 68_lag_shSICmar, 67_lag_shSICsep, 66_lag_amo2, 64_lag_shTSjfm, 62_lag_amo2_1216_60"
LinearRegression,56,30,tripol3,picntrl,1570.5,2050.5,0.8,71,61,61,15.077078634749284,-0.08240045319954317,1216,"['69_lag_traCA', '62_lag_amo2', '61_lag_62_median_amo2', '66_lag_amo1', '69_lag_AMOCann', '67_lag_amoSSTmjjaso', '68_lag_mhfATL60', '70_lag_shSICsep', '63_lag_traMC', '65_lag_ginwSSTjfm', '63_lag_mhfIP30', '67_lag_ismPRjja', '66_lag_traWP', '66_lag_shTSjfm', '69_lag_arcTSjfm', '65_lag_shSICmar', '68_lag_traFB', '69_lag_mhfATL30', '65_lag_samPSLann', '66_lag_atlSICjfm', '68_lag_shSICmar', '64_lag_shTSjfm', '61_lag_64_median_alpi', '70_lag_tripol3', '66_lag_traIT', '69_lag_traEU', '61_lag_seurTSjfm', '61_lag_64_median_traEC', '61_lag_64_median_stratZ50ndj03', '68_lag_traWP']","[0.013692567894863611, 15329930199559.19, 15329930199559.262, 0.039414359710948046, 0.0750017272935434, 0.00985980046693419, 0.12384050671176287, 0.08768045667356236, 0.01711945386789089, 0.14973079639645342, 0.03922260289531646, 0.2207734693021262, 0.05947962062679195, 0.1383297543378848, 0.0597486712114284, 0.030700402432597244, 0.06241262450938236, 0.09765625, 0.0010986328125, 0.18017578125, 0.065185546875, 0.0521240234375, 0.058135986328125, 0.062042236328125, 0.168701171875, 0.012939453125, 0.114013671875, 0.2391681671142578, 0.07183837890625, 0.037109375]","69_lag_traCA, 62_lag_amo2, 61_lag_62_median_amo2, 66_lag_amo1, 69_lag_AMOCann, 67_lag_amoSSTmjjaso, 68_lag_mhfATL60, 70_lag_shSICsep, 63_lag_traMC, 65_lag_ginwSSTjfm, 63_lag_mhfIP30, 67_lag_ismPRjja, 66_lag_traWP, 66_lag_shTSjfm, 69_lag_arcTSjfm, 65_lag_shSICmar, 68_lag_traFB, 69_lag_mhfATL30, 65_lag_samPSLann, 66_lag_atlSICjfm, 68_lag_shSICmar, 64_lag_shTSjfm, 61_lag_64_median_alpi, 70_lag_tripol3, 66_lag_traIT, 69_lag_traEU, 61_lag_seurTSjfm, 61_lag_64_median_traEC, 61_lag_64_median_stratZ50ndj03, 68_lag_traWP_1216_61"
LinearRegression,57,30,tripol3,picntrl,1571.5,2050.5,0.8,72,62,62,14.113283816429336,0.06560461471713658,1216,"['64_lag_nppc2SSTjfm', '69_lag_ginwSSTjfm', '62_lag_eurPSLjfm', '69_lag_mhfATL30', '69_lag_traCA', '71_lag_traDS', '62_lag_69_median_wnorPRjfm', '70_lag_tripol3', '68_lag_shTSjfm', '66_lag_scpPSLjfm', '68_lag_mhfATL60', '62_lag_65_median_nhSICjfm', '71_lag_shSICsep', '69_lag_AMOCann', '68_lag_traFB', '70_lag_shSICsep', '67_lag_shSICsep', '71_lag_shSICmar', '69_lag_traEU', '62_lag_traTLS', '66_lag_traIT', '65_lag_shSICmar', '70_lag_traWP', '68_lag_ismPRjja', '71_lag_traIFC', '68_lag_traWP', '71_lag_traFB', '62_lag_amoSSTmjjaso', '71_lag_satlSSTjfm', '62_lag_amo2']","[0.026977433341818284, 0.1287449202643977, 0.15327896863963514, 0.11103892939964342, 0.05645181038818834, 0.0015751143117086197, 0.23587422623662296, 0.07632632939659295, 0.12093800722830439, 0.05869579103740699, 0.0973872738253348, 0.024379461100163265, 0.10485820685354906, 0.14922585819503015, 0.08644477182545877, 0.016341156357951418, 0.03761507423532578, 0.08725925117760898, 0.031994772884414595, 0.06826003918834503, 0.17806754481244128, 0.05117641478330312, 0.22141140426819791, 0.1624650833627805, 0.05123922802775542, 0.07885970097084671, 0.1524814865862934, 0.11412707951252091, 0.028471806654608342, 0.13052359646121023]","64_lag_nppc2SSTjfm, 69_lag_ginwSSTjfm, 62_lag_eurPSLjfm, 69_lag_mhfATL30, 69_lag_traCA, 71_lag_traDS, 62_lag_69_median_wnorPRjfm, 70_lag_tripol3, 68_lag_shTSjfm, 66_lag_scpPSLjfm, 68_lag_mhfATL60, 62_lag_65_median_nhSICjfm, 71_lag_shSICsep, 69_lag_AMOCann, 68_lag_traFB, 70_lag_shSICsep, 67_lag_shSICsep, 71_lag_shSICmar, 69_lag_traEU, 62_lag_traTLS, 66_lag_traIT, 65_lag_shSICmar, 70_lag_traWP, 68_lag_ismPRjja, 71_lag_traIFC, 68_lag_traWP, 71_lag_traFB, 62_lag_amoSSTmjjaso, 71_lag_satlSSTjfm, 62_lag_amo2_1216_62"
LinearRegression,58,30,tripol3,picntrl,1572.5,2050.5,0.8,73,63,63,15.586931519433184,-0.12159035311037188,1216,"['71_lag_cetTSjfm', '71_lag_stratZ50ndj03', '68_lag_traWP', '66_lag_traIT', '63_lag_eurPSLjfm', '71_lag_scpPSLjfm', '65_lag_traEC', '68_lag_traMC', '69_lag_mhfATL30', '67_lag_shSICsep', '70_lag_glomaSSTjfm', '63_lag_70_median_nchinaPRjja', '63_lag_66_median_yrvPRjja', '66_lag_amo2', '70_lag_traWP', '67_lag_nppc3SSTjfm', '72_lag_traDP', '71_lag_traIFC', '63_lag_eapPSLjfm', '70_lag_shSICsep', '63_lag_66_median_nppc2SSTjfm', '63_lag_traIT', '71_lag_satlSSTjfm', '68_lag_eurPSLjfm', '71_lag_shSICmar', '72_lag_ismPRjja', '70_lag_traEC', '68_lag_traFB', '71_lag_traFB', '67_lag_amo2']","[0.10296765836299727, 0.06909047056551756, 0.10170388297664994, 0.21450407544606823, 0.23381952785685994, 0.08173433613046331, 0.11071981445993875, 0.021977983460509026, 0.026611950836368557, 0.06005057210953541, 0.0825521474198105, 0.3147692252986446, 0.07912833165896241, 0.15989096120849183, 0.1648194563313396, 0.0037454193906747008, 0.20119332737317283, 0.11296991343888156, 0.1571912514477238, 0.10136062551943448, 0.09895857205870635, 0.003839764170194689, 0.09518369881304718, 0.031868403970986, 0.14283234234628117, 0.0881567919901769, 0.11357970832249181, 0.003556005923294814, 0.09504895369394534, 0.12098741074634227]","71_lag_cetTSjfm, 71_lag_stratZ50ndj03, 68_lag_traWP, 66_lag_traIT, 63_lag_eurPSLjfm, 71_lag_scpPSLjfm, 65_lag_traEC, 68_lag_traMC, 69_lag_mhfATL30, 67_lag_shSICsep, 70_lag_glomaSSTjfm, 63_lag_70_median_nchinaPRjja, 63_lag_66_median_yrvPRjja, 66_lag_amo2, 70_lag_traWP, 67_lag_nppc3SSTjfm, 72_lag_traDP, 71_lag_traIFC, 63_lag_eapPSLjfm, 70_lag_shSICsep, 63_lag_66_median_nppc2SSTjfm, 63_lag_traIT, 71_lag_satlSSTjfm, 68_lag_eurPSLjfm, 71_lag_shSICmar, 72_lag_ismPRjja, 70_lag_traEC, 68_lag_traFB, 71_lag_traFB, 67_lag_amo2_1216_63"
LinearRegression,59,30,tripol3,picntrl,1573.5,2050.5,0.8,74,64,64,14.288591711572742,-0.014254957959085518,1216,"['64_lag_ginwSSTjfm', '69_lag_amo3', '70_lag_shSICsep', '64_lag_shTSjfm', '64_lag_tripol3', '70_lag_naoPSLjfm', '64_lag_71_median_amoSSTmjjaso', '66_lag_amo1', '64_lag_nppc2SSTjfm', '69_lag_mhfATL30', '66_lag_mhfIP30', '71_lag_traIFC', '72_lag_mhfATL30', '67_lag_glomaSSTjfm', '68_lag_nppc3SSTjfm', '70_lag_glomaSSTjfm', '68_lag_traWP', '71_lag_scpPSLjfm', '67_lag_nppc3SSTjfm', '68_lag_traFB', '70_lag_traEC', '71_lag_shSICmar', '68_lag_traMC', '70_lag_traDP', '71_lag_satlSSTjfm', '73_lag_traBS', '72_lag_traDP', '68_lag_eurPSLjfm', '71_lag_traFB', '67_lag_amo2']","[0.04779222523812251, 0.10260396128056426, 0.11460571104006127, 0.02809498781116734, 0.06878110371226026, 0.04881597925605032, 0.43156727978546083, 0.08941771317906536, 0.06639993422221692, 0.08743116030590388, 0.15672620185174468, 0.06371192736354131, 0.04710151671790397, 0.11881242021572914, 0.002447835601596663, 0.007935111969450893, 0.05537800761698142, 0.08709949323141417, 0.052841357874822595, 0.009691821269753776, 0.1208797593506452, 0.113296134828946, 0.032445920213212236, 0.13976432526238913, 0.039813269299515536, 0.11742559878764307, 0.1631283453616461, 0.041149238028317756, 0.09232565995191674, 0.14335364513143298]","64_lag_ginwSSTjfm, 69_lag_amo3, 70_lag_shSICsep, 64_lag_shTSjfm, 64_lag_tripol3, 70_lag_naoPSLjfm, 64_lag_71_median_amoSSTmjjaso, 66_lag_amo1, 64_lag_nppc2SSTjfm, 69_lag_mhfATL30, 66_lag_mhfIP30, 71_lag_traIFC, 72_lag_mhfATL30, 67_lag_glomaSSTjfm, 68_lag_nppc3SSTjfm, 70_lag_glomaSSTjfm, 68_lag_traWP, 71_lag_scpPSLjfm, 67_lag_nppc3SSTjfm, 68_lag_traFB, 70_lag_traEC, 71_lag_shSICmar, 68_lag_traMC, 70_lag_traDP, 71_lag_satlSSTjfm, 73_lag_traBS, 72_lag_traDP, 68_lag_eurPSLjfm, 71_lag_traFB, 67_lag_amo2_1216_64"
LinearRegression,60,30,tripol3,picntrl,1574.5,2050.5,0.8,75,65,65,14.64240574892287,-0.03076226105330324,1216,"['68_lag_shSICmar', '68_lag_gyreSSTjfm', '65_lag_69_median_amo1', '68_lag_eurPSLjfm', '68_lag_nppc3SSTjfm', '69_lag_satlSSTjfm', '73_lag_pdoSSTjfm', '74_lag_stratZ50ndj01', '65_lag_72_median_traIFC', '74_lag_traBS', '70_lag_traIFC', '65_lag_shSICmar', '73_lag_ormenSSTjfm', '68_lag_traIT', '71_lag_scpPSLjfm', '74_lag_glomaSSTjfm', '71_lag_satlSSTjfm', '74_lag_cetTSjfm', '69_lag_traEU', '65_lag_ormenSSTjfm', '71_lag_yrvPRjja', '68_lag_atlSICsep', '69_lag_tripol3', '71_lag_traFB', '69_lag_amo2', '74_lag_yrvPRjja', '74_lag_ormenSSTjfm', '65_lag_stratZ50ndj03', '67_lag_amo2', '74_lag_stratZ50ndj03']","[0.06831675269423373, 0.014167776838604876, 0.16498140296441102, 0.06588204624816404, 0.02030078445953293, 0.05409825500580908, 0.05862150739604528, 0.06930334285257751, 0.040058743173599407, 0.08453510387950411, 0.006576033155947141, 0.02336653923530444, 0.13770070836908396, 0.09077130460617987, 0.08845737132273196, 0.04841235570795699, 0.012457968818532736, 0.03457518369463322, 0.049150956649617744, 0.03884517921531182, 0.13956455144719457, 0.00550626978746682, 0.11850467440481964, 0.1506446445682192, 0.10758663752335686, 0.014511609348645815, 0.054493349795006175, 0.0919860268229053, 0.16126386704284343, 0.15940456743288858]","68_lag_shSICmar, 68_lag_gyreSSTjfm, 65_lag_69_median_amo1, 68_lag_eurPSLjfm, 68_lag_nppc3SSTjfm, 69_lag_satlSSTjfm, 73_lag_pdoSSTjfm, 74_lag_stratZ50ndj01, 65_lag_72_median_traIFC, 74_lag_traBS, 70_lag_traIFC, 65_lag_shSICmar, 73_lag_ormenSSTjfm, 68_lag_traIT, 71_lag_scpPSLjfm, 74_lag_glomaSSTjfm, 71_lag_satlSSTjfm, 74_lag_cetTSjfm, 69_lag_traEU, 65_lag_ormenSSTjfm, 71_lag_yrvPRjja, 68_lag_atlSICsep, 69_lag_tripol3, 71_lag_traFB, 69_lag_amo2, 74_lag_yrvPRjja, 74_lag_ormenSSTjfm, 65_lag_stratZ50ndj03, 67_lag_amo2, 74_lag_stratZ50ndj03_1216_65"
LinearRegression,61,30,tripol3,picntrl,1575.5,2050.5,0.8,76,66,66,14.406420994331716,0.039716075257787364,1216,"['69_lag_amo3', '68_lag_atlSICsep', '66_lag_traIT', '68_lag_nppc3SSTjfm', '72_lag_ismPRjja', '75_lag_eapPSLjfm', '70_lag_tripol3', '71_lag_seurTSjfm', '66_lag_traTLS', '66_lag_traWP', '75_lag_naoPSLjfm', '70_lag_glomaSSTjfm', '73_lag_ormenSSTjfm', '66_lag_scpPSLjfm', '67_lag_amo2', '66_lag_67_median_amo2', '71_lag_traFB', '71_lag_yrvPRjja', '74_lag_glomaSSTjfm', '68_lag_ismPRjja', '68_lag_traMC', '73_lag_traIT', '69_lag_traEU', '74_lag_stratZ50ndj03', '69_lag_satlSSTjfm', '69_lag_amo2', '66_lag_traDP', '69_lag_tripol3', '75_lag_amoSSTmjjaso', '75_lag_stratZ50ndj02']","[0.10848437709577652, 0.004778250435473141, 0.18821904431033865, 0.037283833154727754, 0.09284898414928226, 0.03782882591841328, 0.08240989755949957, 0.11602960293447896, 0.04680079694015284, 0.013829608668258431, 0.0034085738082177343, 0.026476874715175642, 0.1200171673004832, 0.07284933375603808, 10606969640249.236, 10606969640249.346, 0.11235218018180408, 0.15782496203131274, 0.02900239635884265, 0.06608130402924237, 0.031999914476411054, 0.023348285142008738, 0.0037749130165958007, 0.14841892954647362, 0.133830426951545, 0.1479835316234569, 0.18706618991106655, 0.10138201218441713, 0.02595666451786642, 0.09802438775236083]","69_lag_amo3, 68_lag_atlSICsep, 66_lag_traIT, 68_lag_nppc3SSTjfm, 72_lag_ismPRjja, 75_lag_eapPSLjfm, 70_lag_tripol3, 71_lag_seurTSjfm, 66_lag_traTLS, 66_lag_traWP, 75_lag_naoPSLjfm, 70_lag_glomaSSTjfm, 73_lag_ormenSSTjfm, 66_lag_scpPSLjfm, 67_lag_amo2, 66_lag_67_median_amo2, 71_lag_traFB, 71_lag_yrvPRjja, 74_lag_glomaSSTjfm, 68_lag_ismPRjja, 68_lag_traMC, 73_lag_traIT, 69_lag_traEU, 74_lag_stratZ50ndj03, 69_lag_satlSSTjfm, 69_lag_amo2, 66_lag_traDP, 69_lag_tripol3, 75_lag_amoSSTmjjaso, 75_lag_stratZ50ndj02_1216_66"
LinearRegression,62,30,tripol3,picntrl,1576.5,2050.5,0.8,77,67,67,14.738558086939177,0.010806968126043627,1216,"['75_lag_traEU', '75_lag_eapPSLjfm', '69_lag_amo2', '70_lag_glomaSSTjfm', '71_lag_scpPSLjfm', '70_lag_nppc3SSTjfm', '71_lag_shSICmar', '71_lag_nppc3SSTjfm', '70_lag_traWP', '76_lag_alpi', '67_lag_74_median_traIFC', '74_lag_glomaSSTjfm', '70_lag_traIFC', '69_lag_tripol3', '71_lag_seurTSjfm', '67_lag_70_median_nchinaPRjja', '70_lag_tripol3', '74_lag_traIT', '73_lag_samPSLann', '67_lag_amoSSTmjjaso', '73_lag_ormenSSTjfm', '70_lag_shSICmar', '75_lag_mhfATL60', '75_lag_amoSSTmjjaso', '73_lag_traIT', '69_lag_traEU', '75_lag_stratZ50ndj02', '69_lag_satlSSTjfm', '71_lag_traFB', '67_lag_amo2']","[0.053567479173993224, 0.08543470959582199, 0.12139573093799136, 0.09185856124681309, 0.0332402504107646, 0.10093954420924091, 0.014373729266936046, 0.06727538178516747, 0.14095029095509234, 0.033696923247709475, 0.03740182333656888, 0.02926040401832768, 0.057122902638222214, 0.09714408490032111, 0.13635562880601135, 0.2671021003973603, 0.10666843632223304, 0.09900984256231833, 0.11870475926388456, 0.024243539931671335, 0.15793808329835474, 0.022090004138639183, 0.04460539141987904, 0.08369459946044874, 0.05454385393112031, 0.033046578753853514, 0.10806291028035793, 0.10176619385537378, 0.10660025974765282, 0.12535669162617943]","75_lag_traEU, 75_lag_eapPSLjfm, 69_lag_amo2, 70_lag_glomaSSTjfm, 71_lag_scpPSLjfm, 70_lag_nppc3SSTjfm, 71_lag_shSICmar, 71_lag_nppc3SSTjfm, 70_lag_traWP, 76_lag_alpi, 67_lag_74_median_traIFC, 74_lag_glomaSSTjfm, 70_lag_traIFC, 69_lag_tripol3, 71_lag_seurTSjfm, 67_lag_70_median_nchinaPRjja, 70_lag_tripol3, 74_lag_traIT, 73_lag_samPSLann, 67_lag_amoSSTmjjaso, 73_lag_ormenSSTjfm, 70_lag_shSICmar, 75_lag_mhfATL60, 75_lag_amoSSTmjjaso, 73_lag_traIT, 69_lag_traEU, 75_lag_stratZ50ndj02, 69_lag_satlSSTjfm, 71_lag_traFB, 67_lag_amo2_1216_67"
LinearRegression,63,30,tripol3,picntrl,1577.5,2050.5,0.8,78,68,68,14.529138681741555,0.0967337587131428,1216,"['74_lag_ginwSSTjfm', '77_lag_seurTSjfm', '68_lag_69_median_satlSSTjfm', '69_lag_satlSSTjfm', '74_lag_traIT', '76_lag_stratZ50ndj01', '75_lag_eapPSLjfm', '74_lag_stratZ50ndj03', '71_lag_stratZ50ndj02', '73_lag_traIT', '76_lag_atlSICjfm', '75_lag_ginwSSTjfm', '73_lag_samPSLann', '68_lag_75_median_eapPSLjfm', '68_lag_71_median_arcTSjfm', '68_lag_77_median_nchinaPRjja', '77_lag_tripol3', '68_lag_traIT', '76_lag_atlSICsep', '71_lag_traFB', '72_lag_shSICmar', '75_lag_amo2', '71_lag_seurTSjfm', '74_lag_satlSSTjfm', '75_lag_traEU', '68_lag_traFB', '75_lag_mhfATL60', '74_lag_glomaSSTjfm', '68_lag_nchinaPRjja', '75_lag_stratZ50ndj02']","[0.03247040017390972, 0.13141141552412955, 741052689860.0287, 741052689860.0797, 0.033657661532196646, 0.14822939053343345, 0.057670550944719956, 0.11738247907226021, 0.15020936163674342, 0.0017736835775364348, 0.03326198810713587, 0.11046984332773131, 0.0719755255351926, 0.19923433654686773, 0.15313956039191318, 0.30022539864460296, 0.06367974921825309, 0.0882529555163937, 0.07383893820240824, 0.157554415246263, 0.042099580237076294, 0.002847359219005377, 0.16566692170220743, 0.16578057029170076, 0.07425819668651978, 0.032297872830805804, 0.011758080621057723, 0.021049936093266802, 0.13398052872618144, 0.1418215969634184]","74_lag_ginwSSTjfm, 77_lag_seurTSjfm, 68_lag_69_median_satlSSTjfm, 69_lag_satlSSTjfm, 74_lag_traIT, 76_lag_stratZ50ndj01, 75_lag_eapPSLjfm, 74_lag_stratZ50ndj03, 71_lag_stratZ50ndj02, 73_lag_traIT, 76_lag_atlSICjfm, 75_lag_ginwSSTjfm, 73_lag_samPSLann, 68_lag_75_median_eapPSLjfm, 68_lag_71_median_arcTSjfm, 68_lag_77_median_nchinaPRjja, 77_lag_tripol3, 68_lag_traIT, 76_lag_atlSICsep, 71_lag_traFB, 72_lag_shSICmar, 75_lag_amo2, 71_lag_seurTSjfm, 74_lag_satlSSTjfm, 75_lag_traEU, 68_lag_traFB, 75_lag_mhfATL60, 74_lag_glomaSSTjfm, 68_lag_nchinaPRjja, 75_lag_stratZ50ndj02_1216_68"
LinearRegression,64,30,tripol3,picntrl,1578.5,2050.5,0.8,79,69,69,14.074826224987094,0.0929538224011924,1216,"['69_lag_72_median_traMC', '77_lag_AMOCann', '69_lag_72_median_nhSICjfm', '69_lag_72_median_stratZ50ndj03', '72_lag_mhfATL30', '75_lag_nchinaPRjja', '69_lag_traTLS', '77_lag_arcTSjfm', '74_lag_glomaSSTjfm', '69_lag_72_median_traWP', '73_lag_traBS', '69_lag_traMC', '71_lag_seurTSjfm', '69_lag_traDP', '71_lag_stratZ50ndj02', '69_lag_AMOCann', '76_lag_stratZ50ndj01', '74_lag_stratZ50ndj03', '78_lag_cetTSjfm', '75_lag_traEU', '77_lag_scpPSLjfm', '76_lag_atlSICsep', '69_lag_labSSTjfm', '75_lag_ginwSSTjfm', '75_lag_stratZ50ndj02', '73_lag_traIT', '72_lag_shSICmar', '78_lag_amo2', '69_lag_satlSSTjfm', '75_lag_amo2']","[0.059492588733346355, 0.12057494078953013, 0.025217047754036465, 0.0005909261789087388, 0.1562931695231595, 0.04996755743822188, 0.030443067104417288, 0.12555613641025654, 0.012659194625265751, 0.267536163736825, 0.07754211506309956, 0.012319250552866519, 0.13381133515066265, 0.16899642871303955, 0.1695355484807709, 0.07019865668998199, 0.12077207863934081, 0.11986448537305722, 0.08869936474488498, 0.0426308315756182, 0.0920711684729388, 0.11290869753125307, 0.008632164896612282, 0.05142101451157567, 0.15689079159234906, 0.021619869433868146, 0.07767312169370817, 0.14331590309870296, 0.05116198318535712, 0.027729893868061864]","69_lag_72_median_traMC, 77_lag_AMOCann, 69_lag_72_median_nhSICjfm, 69_lag_72_median_stratZ50ndj03, 72_lag_mhfATL30, 75_lag_nchinaPRjja, 69_lag_traTLS, 77_lag_arcTSjfm, 74_lag_glomaSSTjfm, 69_lag_72_median_traWP, 73_lag_traBS, 69_lag_traMC, 71_lag_seurTSjfm, 69_lag_traDP, 71_lag_stratZ50ndj02, 69_lag_AMOCann, 76_lag_stratZ50ndj01, 74_lag_stratZ50ndj03, 78_lag_cetTSjfm, 75_lag_traEU, 77_lag_scpPSLjfm, 76_lag_atlSICsep, 69_lag_labSSTjfm, 75_lag_ginwSSTjfm, 75_lag_stratZ50ndj02, 73_lag_traIT, 72_lag_shSICmar, 78_lag_amo2, 69_lag_satlSSTjfm, 75_lag_amo2_1216_69"
LinearRegression,65,30,tripol3,picntrl,1579.5,2050.5,0.8,80,70,70,15.98381315964829,-0.11248718594124316,1216,"['70_lag_73_median_stratZ50ndj03', '74_lag_nhSICsep', '74_lag_traFSC', '74_lag_scpPSLjfm', '70_lag_73_median_traCA', '74_lag_ormenSSTjfm', '70_lag_73_median_satlSSTjfm', '70_lag_75_median_eapPSLjfm', '74_lag_nppc2SSTjfm', '77_lag_nchinaPRjja', '73_lag_traIT', '75_lag_stratZ50ndj02', '72_lag_ormenSSTjfm', '70_lag_75_median_traIT', '77_lag_arcTSjfm', '76_lag_stratZ50ndj01', '76_lag_atlSICsep', '76_lag_amo2', '79_lag_traTLS', '70_lag_73_median_traBS', '72_lag_mhfATL30', '79_lag_traBS', '78_lag_stratZ50ndj02', '77_lag_eurPSLjfm', '72_lag_shSICmar', '70_lag_traWP', '75_lag_amo2', '70_lag_73_median_traIT', '79_lag_ismPRjja', '78_lag_cetTSjfm']","[0.02293424797952892, 0.10431085367677981, 0.11003343786993831, 0.005760707709662929, 0.057406985970293686, 0.11570732883710588, 0.14724592930991737, 0.2218094977383983, 0.04598330406848148, 0.040548742428503, 0.08496194347022344, 0.11841600390367653, 0.04710575279494597, 0.31743039886777935, 0.06270477343378494, 0.12061845724161743, 0.09425429602133664, 0.16553469449368516, 0.11986441632654213, 0.10887551841468479, 0.11475421504024469, 0.054434861649983846, 0.11753106094390432, 0.16031969067828705, 0.10055069039180668, 0.13174516719948318, 0.13575726623440293, 0.0896556982951207, 0.15611629523046225, 0.1507577678023478]","70_lag_73_median_stratZ50ndj03, 74_lag_nhSICsep, 74_lag_traFSC, 74_lag_scpPSLjfm, 70_lag_73_median_traCA, 74_lag_ormenSSTjfm, 70_lag_73_median_satlSSTjfm, 70_lag_75_median_eapPSLjfm, 74_lag_nppc2SSTjfm, 77_lag_nchinaPRjja, 73_lag_traIT, 75_lag_stratZ50ndj02, 72_lag_ormenSSTjfm, 70_lag_75_median_traIT, 77_lag_arcTSjfm, 76_lag_stratZ50ndj01, 76_lag_atlSICsep, 76_lag_amo2, 79_lag_traTLS, 70_lag_73_median_traBS, 72_lag_mhfATL30, 79_lag_traBS, 78_lag_stratZ50ndj02, 77_lag_eurPSLjfm, 72_lag_shSICmar, 70_lag_traWP, 75_lag_amo2, 70_lag_73_median_traIT, 79_lag_ismPRjja, 78_lag_cetTSjfm_1216_70"
LinearRegression,66,30,tripol3,picntrl,1580.5,2050.5,0.8,81,71,71,14.583827224028889,0.03216192562968327,1216,"['76_lag_scpPSLjfm', '71_lag_74_median_traWP', '80_lag_amoSSTmjjaso', '71_lag_74_median_traEU', '80_lag_shSICmar', '71_lag_76_median_traEU', '79_lag_ismPRjja', '71_lag_traIT', '77_lag_cetTSjfm', '80_lag_traFB', '76_lag_satlSSTjfm', '75_lag_mhfATL60', '73_lag_traBS', '75_lag_amo2', '71_lag_yrvPRjja', '74_lag_satlSSTjfm', '78_lag_stratZ50ndj02', '75_lag_stratZ50ndj02', '71_lag_labSSTjfm', '71_lag_74_median_amo1', '74_lag_scpPSLjfm', '76_lag_stratZ50ndj01', '80_lag_labSSTjfm', '80_lag_traWP', '73_lag_traIT', '80_lag_amo2', '74_lag_ormenSSTjfm', '71_lag_seurTSjfm', '77_lag_eurPSLjfm', '78_lag_cetTSjfm']","[0.05901544273667998, 0.00853713791438783, 0.01950279999762058, 0.09921668870685184, 0.022745401543516446, 0.11932674164194088, 0.16269147259245306, 0.16926578076277643, 0.15780742455797186, 0.0313412624637376, 0.07750673567747704, 0.011321408676099536, 0.12293638592387053, 0.05815090450298623, 0.14535834235099832, 0.14077412496199165, 0.13110413546253746, 0.1374733439183201, 0.009803945963097017, 0.1324473056891603, 0.09184250648045873, 0.1394430839057931, 0.1944118207635979, 0.058049219608665784, 0.11339221731451424, 0.10241724926679276, 0.16286700960975745, 0.09367898817245854, 0.09684539181210007, 0.16329792861679027]","76_lag_scpPSLjfm, 71_lag_74_median_traWP, 80_lag_amoSSTmjjaso, 71_lag_74_median_traEU, 80_lag_shSICmar, 71_lag_76_median_traEU, 79_lag_ismPRjja, 71_lag_traIT, 77_lag_cetTSjfm, 80_lag_traFB, 76_lag_satlSSTjfm, 75_lag_mhfATL60, 73_lag_traBS, 75_lag_amo2, 71_lag_yrvPRjja, 74_lag_satlSSTjfm, 78_lag_stratZ50ndj02, 75_lag_stratZ50ndj02, 71_lag_labSSTjfm, 71_lag_74_median_amo1, 74_lag_scpPSLjfm, 76_lag_stratZ50ndj01, 80_lag_labSSTjfm, 80_lag_traWP, 73_lag_traIT, 80_lag_amo2, 74_lag_ormenSSTjfm, 71_lag_seurTSjfm, 77_lag_eurPSLjfm, 78_lag_cetTSjfm_1216_71"
LinearRegression,67,30,tripol3,picntrl,1581.5,2050.5,0.8,82,72,72,13.794953195176618,0.044817363758855894,1216,"['76_lag_traDP', '76_lag_shSICmar', '72_lag_mhfATL30', '76_lag_satlSSTjfm', '72_lag_77_median_alpi', '75_lag_neurTSjfm', '75_lag_traWP', '72_lag_75_median_nppc2SSTjfm', '74_lag_eapPSLjfm', '76_lag_shTSjfm', '81_lag_glomaSSTjfm', '72_lag_73_median_traIT', '73_lag_traIT', '80_lag_amo2', '78_lag_shTSjfm', '77_lag_arcTSjfm', '81_lag_samPSLann', '75_lag_stratZ50ndj02', '72_lag_79_median_wnorPRjfm', '74_lag_scpPSLjfm', '77_lag_cetTSjfm', '81_lag_seurTSjfm', '81_lag_mhfATL45', '81_lag_atlSICsep', '80_lag_traWP', '77_lag_eurPSLjfm', '81_lag_shSICmar', '78_lag_cetTSjfm', '75_lag_mhfATL60', '78_lag_stratZ50ndj02']","[0.2339370141041144, 0.03202601000529515, 0.09624369148200422, 0.0721342895700988, 0.07622589678363718, 0.01580913254405725, 0.01682494288633222, 0.08627384591145913, 0.08383183461996992, 0.09587033080493966, 0.17339186626831501, 9526726498102.059, 9526726498102.074, 0.07487165428394019, 0.05377954716167864, 0.08020393118232577, 0.003953712110784656, 0.14166439198417968, 0.035859294748166265, 0.059429664306599114, 0.13705353429040448, 0.0004955407208805888, 0.019933876379461573, 0.00010495828818545775, 0.006182876332967116, 0.10938896624520686, 0.06817752811572378, 0.12965180046824581, 0.011004752138809307, 0.07810286712905343]","76_lag_traDP, 76_lag_shSICmar, 72_lag_mhfATL30, 76_lag_satlSSTjfm, 72_lag_77_median_alpi, 75_lag_neurTSjfm, 75_lag_traWP, 72_lag_75_median_nppc2SSTjfm, 74_lag_eapPSLjfm, 76_lag_shTSjfm, 81_lag_glomaSSTjfm, 72_lag_73_median_traIT, 73_lag_traIT, 80_lag_amo2, 78_lag_shTSjfm, 77_lag_arcTSjfm, 81_lag_samPSLann, 75_lag_stratZ50ndj02, 72_lag_79_median_wnorPRjfm, 74_lag_scpPSLjfm, 77_lag_cetTSjfm, 81_lag_seurTSjfm, 81_lag_mhfATL45, 81_lag_atlSICsep, 80_lag_traWP, 77_lag_eurPSLjfm, 81_lag_shSICmar, 78_lag_cetTSjfm, 75_lag_mhfATL60, 78_lag_stratZ50ndj02_1216_72"
LinearRegression,68,30,tripol3,picntrl,1582.5,2050.5,0.8,83,73,73,14.503086698175341,0.0631481943277952,1216,"['80_lag_traWP', '73_lag_76_median_AMOCann', '77_lag_traCA', '76_lag_atlSICjfm', '82_lag_traEU', '82_lag_traIT', '78_lag_shTSjfm', '78_lag_stratZ50ndj02', '76_lag_eurPSLjfm', '77_lag_cetTSjfm', '76_lag_nchinaPRjja', '81_lag_samPSLann', '73_lag_ormenSSTjfm', '78_lag_cetTSjfm', '75_lag_amo2', '73_lag_seurTSjfm', '77_lag_eurPSLjfm', '76_lag_AMOCann', '79_lag_traBS', '76_lag_scpPSLjfm', '73_lag_atlSICsep', '79_lag_traFB', '73_lag_labSSTjfm', '79_lag_glomaSSTjfm', '73_lag_traIT', '75_lag_mhfATL60', '82_lag_ismPRjja', '81_lag_shSICmar', '73_lag_76_median_tripol3', '76_lag_satlSSTjfm']","[0.007958755427423898, 0.023400501519406536, 0.009991745240921935, 0.07251887020349868, 0.11041259746279834, 0.2642218996982131, 0.10058434123605593, 0.06035026596876532, 0.04123513970666425, 0.12265560667117761, 0.07391757042748817, 0.02519058680835536, 0.154431442763063, 0.14697819528793932, 0.06581326726109153, 0.06544919680573612, 0.11159487824110823, 0.027142881347685124, 0.04674049890254264, 0.02452398085964588, 0.16073107248543206, 0.0957091651352141, 0.12640466496470737, 0.08560824041750115, 0.06948811786367275, 0.11681622011040643, 0.15648567249578277, 0.08665129384715282, 0.15358355588200961, 0.04945897759581812]","80_lag_traWP, 73_lag_76_median_AMOCann, 77_lag_traCA, 76_lag_atlSICjfm, 82_lag_traEU, 82_lag_traIT, 78_lag_shTSjfm, 78_lag_stratZ50ndj02, 76_lag_eurPSLjfm, 77_lag_cetTSjfm, 76_lag_nchinaPRjja, 81_lag_samPSLann, 73_lag_ormenSSTjfm, 78_lag_cetTSjfm, 75_lag_amo2, 73_lag_seurTSjfm, 77_lag_eurPSLjfm, 76_lag_AMOCann, 79_lag_traBS, 76_lag_scpPSLjfm, 73_lag_atlSICsep, 79_lag_traFB, 73_lag_labSSTjfm, 79_lag_glomaSSTjfm, 73_lag_traIT, 75_lag_mhfATL60, 82_lag_ismPRjja, 81_lag_shSICmar, 73_lag_76_median_tripol3, 76_lag_satlSSTjfm_1216_73"
LinearRegression,69,30,tripol3,picntrl,1583.5,2050.5,0.8,84,74,74,14.075974059952703,0.1718341986308731,1216,"['74_lag_traTLS', '76_lag_scpPSLjfm', '74_lag_77_median_tripol3', '76_lag_atlSICsep', '76_lag_alpi', '74_lag_77_median_traBS', '81_lag_glTSjfm', '82_lag_samPSLann', '76_lag_traIT', '74_lag_mhfATL60', '79_lag_neurTSjfm', '74_lag_79_median_traMC', '80_lag_traMC', '77_lag_cetTSjfm', '80_lag_amo2', '79_lag_glomaSSTjfm', '74_lag_79_median_ismPRjja', '79_lag_traBS', '82_lag_ismPRjja', '76_lag_AMOCann', '78_lag_cetTSjfm', '79_lag_traFB', '74_lag_traBO', '74_lag_satlSSTjfm', '77_lag_eurPSLjfm', '81_lag_atlSICsep', '74_lag_traFS', '81_lag_shSICmar', '74_lag_scpPSLjfm', '83_lag_eapPSLjfm']","[0.09029819126589377, 0.09260054575471588, 0.01661873432397927, 0.09339458932861437, 0.06777022119081011, 0.11280922988713113, 0.19603818295286757, 0.0192849241224543, 0.11292715171873206, 0.08063280028153373, 0.08276044170960184, 0.028985777999746398, 0.20850358324002644, 0.11712860083652071, 0.0704687661579382, 0.02748722975447933, 0.12798035021015755, 0.0851171538699896, 0.10937640202260157, 0.006225644477758405, 0.1864069360773719, 0.14440365205178524, 0.053983910584252545, 0.12082128706048667, 0.14862398131837587, 0.011747882383375468, 0.00911962964858977, 0.13422640865522686, 0.1012854479204029, 0.1742340632751781]","74_lag_traTLS, 76_lag_scpPSLjfm, 74_lag_77_median_tripol3, 76_lag_atlSICsep, 76_lag_alpi, 74_lag_77_median_traBS, 81_lag_glTSjfm, 82_lag_samPSLann, 76_lag_traIT, 74_lag_mhfATL60, 79_lag_neurTSjfm, 74_lag_79_median_traMC, 80_lag_traMC, 77_lag_cetTSjfm, 80_lag_amo2, 79_lag_glomaSSTjfm, 74_lag_79_median_ismPRjja, 79_lag_traBS, 82_lag_ismPRjja, 76_lag_AMOCann, 78_lag_cetTSjfm, 79_lag_traFB, 74_lag_traBO, 74_lag_satlSSTjfm, 77_lag_eurPSLjfm, 81_lag_atlSICsep, 74_lag_traFS, 81_lag_shSICmar, 74_lag_scpPSLjfm, 83_lag_eapPSLjfm_1216_74"
LinearRegression,70,30,tripol3,picntrl,1584.5,2050.5,0.8,85,75,75,13.870868615159015,0.013856069129512434,1216,"['78_lag_traDP', '75_lag_neurTSjfm', '80_lag_wnorPRjfm', '81_lag_atlSICjfm', '75_lag_traMC', '80_lag_labSSTjfm', '84_lag_seurTSjfm', '77_lag_traEC', '75_lag_traDP', '75_lag_cetTSjfm', '80_lag_ginwSSTjfm', '75_lag_78_median_stratZ50ndj03', '75_lag_mhfIP30', '75_lag_80_median_stratZ50ndj01', '80_lag_traTLS', '80_lag_traMC', '79_lag_mhfIP30', '84_lag_ismPRjja', '80_lag_traIFC', '79_lag_traFB', '84_lag_samPSLann', '77_lag_cetTSjfm', '78_lag_satlSSTjfm', '82_lag_traEU', '75_lag_mhfATL60', '84_lag_scpPSLjfm', '81_lag_atlSICsep', '75_lag_eapPSLjfm', '81_lag_shSICmar', '83_lag_eapPSLjfm']","[0.16391643224126715, 0.038085097152104154, 0.004245462871968247, 0.0534691857147943, 0.0669717007528473, 0.1151208639975383, 0.011285793693804448, 0.011636116875134153, 0.09380044752438017, 0.09628103158976103, 0.0782359556819813, 0.06940312033479375, 0.020946024316412064, 0.06760248448734195, 0.16638525224622527, 0.1792647175161659, 0.06462580454317562, 0.08150560103752828, 0.0074719776003477865, 0.07203521617452252, 0.05919025913216208, 0.10566587214327243, 0.011867315247979071, 0.05651363581458044, 0.05034483637226193, 0.08847610714632448, 0.07566022946883058, 0.05763323771628228, 0.10058644574667684, 0.16706573304895267]","78_lag_traDP, 75_lag_neurTSjfm, 80_lag_wnorPRjfm, 81_lag_atlSICjfm, 75_lag_traMC, 80_lag_labSSTjfm, 84_lag_seurTSjfm, 77_lag_traEC, 75_lag_traDP, 75_lag_cetTSjfm, 80_lag_ginwSSTjfm, 75_lag_78_median_stratZ50ndj03, 75_lag_mhfIP30, 75_lag_80_median_stratZ50ndj01, 80_lag_traTLS, 80_lag_traMC, 79_lag_mhfIP30, 84_lag_ismPRjja, 80_lag_traIFC, 79_lag_traFB, 84_lag_samPSLann, 77_lag_cetTSjfm, 78_lag_satlSSTjfm, 82_lag_traEU, 75_lag_mhfATL60, 84_lag_scpPSLjfm, 81_lag_atlSICsep, 75_lag_eapPSLjfm, 81_lag_shSICmar, 83_lag_eapPSLjfm_1216_75"
LinearRegression,71,30,tripol3,picntrl,1585.5,2050.5,0.8,86,76,76,13.36065112576678,-0.0016836764464360984,1216,"['76_lag_81_median_ensoSSTjfm', '83_lag_atlSICjfm', '82_lag_traFSC', '76_lag_traEC', '78_lag_stratZ50ndj04', '84_lag_pdoSSTjfm', '85_lag_shSICsep', '78_lag_traDP', '85_lag_satlSSTjfm', '80_lag_labSSTjfm', '79_lag_traFB', '84_lag_ismPRjja', '76_lag_AMOCann', '78_lag_eurPSLjfm', '78_lag_satlSSTjfm', '82_lag_traFB', '76_lag_amoSSTmjjaso', '82_lag_traEU', '83_lag_eapPSLjfm', '85_lag_tripol3', '84_lag_nhSICsep', '80_lag_ginwSSTjfm', '85_lag_traWP', '84_lag_samPSLann', '79_lag_mhfIP30', '85_lag_ginwSSTjfm', '80_lag_traTLS', '81_lag_shSICmar', '85_lag_shSICmar', '78_lag_cetTSjfm']","[0.04372216465369058, 0.10773020930456997, 0.04600431367691226, 0.06973644948926165, 0.0753316653471363, 0.10077388333245102, 0.07170452431479538, 0.1298046074749657, 0.025005754544449612, 0.21247949572809324, 0.06637489023269741, 0.04335920260604905, 0.07644957151882817, 0.053759282094197, 0.06779145120063361, 0.17126566263119217, 0.06680849593813881, 0.07697000036688981, 0.21525708753254813, 0.04372005944532333, 0.09193955701349159, 0.09032340724671098, 0.1129541187914144, 0.09406720153002925, 0.09719489263946235, 0.07881677410032989, 0.1559477005261319, 0.09009812302445726, 0.038850928012617254, 0.1573258047821235]","76_lag_81_median_ensoSSTjfm, 83_lag_atlSICjfm, 82_lag_traFSC, 76_lag_traEC, 78_lag_stratZ50ndj04, 84_lag_pdoSSTjfm, 85_lag_shSICsep, 78_lag_traDP, 85_lag_satlSSTjfm, 80_lag_labSSTjfm, 79_lag_traFB, 84_lag_ismPRjja, 76_lag_AMOCann, 78_lag_eurPSLjfm, 78_lag_satlSSTjfm, 82_lag_traFB, 76_lag_amoSSTmjjaso, 82_lag_traEU, 83_lag_eapPSLjfm, 85_lag_tripol3, 84_lag_nhSICsep, 80_lag_ginwSSTjfm, 85_lag_traWP, 84_lag_samPSLann, 79_lag_mhfIP30, 85_lag_ginwSSTjfm, 80_lag_traTLS, 81_lag_shSICmar, 85_lag_shSICmar, 78_lag_cetTSjfm_1216_76"
LinearRegression,72,30,tripol3,picntrl,1586.5,2050.5,0.8,87,77,77,13.946078929323443,0.11617965663454081,1216,"['82_lag_eurPSLjfm', '86_lag_stratZ50ndj03', '85_lag_alpi', '77_lag_80_median_traBS', '77_lag_86_median_traMC', '77_lag_80_median_traEC', '77_lag_80_median_traTLS', '80_lag_labSSTjfm', '77_lag_78_median_eurPSLjfm', '78_lag_eurPSLjfm', '84_lag_stratZ50ndj01', '78_lag_cetTSjfm', '77_lag_78_median_cetTSjfm', '80_lag_traTLS', '82_lag_traFB', '85_lag_shSICmar', '85_lag_tripol3', '77_lag_eurPSLjfm', '81_lag_nhSICsep', '82_lag_amo2', '80_lag_traMC', '85_lag_ginwSSTjfm', '77_lag_AMOCann', '84_lag_pdoSSTjfm', '83_lag_eapPSLjfm', '81_lag_shSICmar', '84_lag_samPSLann', '80_lag_ginwSSTjfm', '77_lag_traEC', '86_lag_traEU']","[0.06491618846621712, 0.06902629903743114, 0.043663063056751855, 0.10620182349773306, 0.24468066055626614, 0.07165641781773223, 0.3969040132974681, 0.22329340988359422, 2803700966918.6914, 2803700966918.755, 0.09412393057287216, 1048276791273.8221, 1048276791273.6152, 0.04294934721857519, 0.1184455067140332, 0.031480118625296497, 0.07578538430281476, 0.17604104403941392, 0.00797769726871771, 0.06325716930967985, 0.1346591971016676, 0.05252561657308311, 0.07404938210787311, 0.1679653377102709, 0.2178901456772851, 0.11283213495365957, 0.07199256333851962, 0.10388026500082578, 0.005983430864140642, 0.1382861360866927]","82_lag_eurPSLjfm, 86_lag_stratZ50ndj03, 85_lag_alpi, 77_lag_80_median_traBS, 77_lag_86_median_traMC, 77_lag_80_median_traEC, 77_lag_80_median_traTLS, 80_lag_labSSTjfm, 77_lag_78_median_eurPSLjfm, 78_lag_eurPSLjfm, 84_lag_stratZ50ndj01, 78_lag_cetTSjfm, 77_lag_78_median_cetTSjfm, 80_lag_traTLS, 82_lag_traFB, 85_lag_shSICmar, 85_lag_tripol3, 77_lag_eurPSLjfm, 81_lag_nhSICsep, 82_lag_amo2, 80_lag_traMC, 85_lag_ginwSSTjfm, 77_lag_AMOCann, 84_lag_pdoSSTjfm, 83_lag_eapPSLjfm, 81_lag_shSICmar, 84_lag_samPSLann, 80_lag_ginwSSTjfm, 77_lag_traEC, 86_lag_traEU_1216_77"
LinearRegression,73,30,tripol3,picntrl,1587.5,2050.5,0.8,88,78,78,14.764914739255662,0.02353643105505033,1216,"['78_lag_traDS', '86_lag_amo3', '78_lag_83_median_alpi', '84_lag_pdoSSTjfm', '82_lag_tripol2', '80_lag_traMC', '86_lag_tripol1', '82_lag_amo2', '87_lag_mhfATL45', '84_lag_traMC', '86_lag_traFB', '82_lag_traFB', '81_lag_traEC', '84_lag_atlSICsep', '85_lag_alpi', '84_lag_seurTSjfm', '78_lag_naoPSLjfm', '81_lag_shSICmar', '78_lag_satlSSTjfm', '82_lag_nppc3SSTjfm', '86_lag_traIT', '80_lag_ginwSSTjfm', '85_lag_ginwSSTjfm', '84_lag_ismPRjja', '86_lag_traEU', '78_lag_81_median_alpi', '84_lag_samPSLann', '78_lag_cetTSjfm', '78_lag_85_median_samPSLann', '83_lag_eapPSLjfm']","[0.04670394668890485, 0.13565161141412088, 0.0642600775544807, 0.2079564249936261, 0.008686079410933531, 0.1821670179513497, 0.10192203988991785, 0.05268891638898217, 0.22972606899019177, 0.10402299895703136, 0.17064027665517578, 0.11754921712657485, 0.002256588057214776, 0.09404278676503444, 0.06458814855955086, 0.010501639811425672, 0.16634915618537757, 0.10418306137189219, 0.054833380767462254, 0.09985999373808609, 0.010958263836889606, 0.1041894621138569, 0.08322358543439069, 0.07119848279745493, 0.14484317062325028, 0.00038960938588975674, 0.06270230442792259, 0.2785248809598518, 0.28820221225508336, 0.20372130231117444]","78_lag_traDS, 86_lag_amo3, 78_lag_83_median_alpi, 84_lag_pdoSSTjfm, 82_lag_tripol2, 80_lag_traMC, 86_lag_tripol1, 82_lag_amo2, 87_lag_mhfATL45, 84_lag_traMC, 86_lag_traFB, 82_lag_traFB, 81_lag_traEC, 84_lag_atlSICsep, 85_lag_alpi, 84_lag_seurTSjfm, 78_lag_naoPSLjfm, 81_lag_shSICmar, 78_lag_satlSSTjfm, 82_lag_nppc3SSTjfm, 86_lag_traIT, 80_lag_ginwSSTjfm, 85_lag_ginwSSTjfm, 84_lag_ismPRjja, 86_lag_traEU, 78_lag_81_median_alpi, 84_lag_samPSLann, 78_lag_cetTSjfm, 78_lag_85_median_samPSLann, 83_lag_eapPSLjfm_1216_78"
LinearRegression,74,30,tripol3,picntrl,1588.5,2050.5,0.8,89,79,79,14.757694870460249,-0.008042643162235612,1216,"['84_lag_yrvPRjja', '87_lag_mhfATL45', '79_lag_84_median_neurTSjfm', '84_lag_atlSICjfm', '84_lag_seurTSjfm', '84_lag_traMC', '84_lag_pdoSSTjfm', '83_lag_atlSICjfm', '83_lag_traWP', '87_lag_neurTSjfm', '79_lag_82_median_nchinaPRjja', '86_lag_nppc2SSTjfm', '85_lag_alpi', '82_lag_traFB', '81_lag_shSICmar', '84_lag_atlSICsep', '88_lag_stratZ50ndj02', '87_lag_seurTSjfm', '82_lag_atlSICsep', '86_lag_shSICsep', '83_lag_traIFC', '79_lag_ismPRjja', '84_lag_samPSLann', '84_lag_ismPRjja', '83_lag_shSICmar', '86_lag_traFB', '86_lag_tripol1', '83_lag_eapPSLjfm', '85_lag_ginwSSTjfm', '86_lag_traEU']","[0.07777927434216746, 0.08638072118557455, 0.1701891395543321, 0.03440596802014089, 0.012365751170153169, 0.07013660638367654, 0.18345030442282567, 0.007639613431758129, 0.016359433152049744, 0.0784981257092629, 0.037190545296037034, 0.020232157676196575, 0.06946913943462302, 0.0611980765425294, 0.12117172282727054, 0.13196279218104534, 0.10891285815496637, 0.18737849237857035, 0.0803326702761981, 0.044707141596734584, 0.1346653338297208, 0.1077834316911187, 0.0870848653905982, 0.07649372389069246, 0.03144665611816764, 0.15836362633671067, 0.10141233723265394, 0.19780427744801748, 0.10432270062314489, 0.1638991142300875]","84_lag_yrvPRjja, 87_lag_mhfATL45, 79_lag_84_median_neurTSjfm, 84_lag_atlSICjfm, 84_lag_seurTSjfm, 84_lag_traMC, 84_lag_pdoSSTjfm, 83_lag_atlSICjfm, 83_lag_traWP, 87_lag_neurTSjfm, 79_lag_82_median_nchinaPRjja, 86_lag_nppc2SSTjfm, 85_lag_alpi, 82_lag_traFB, 81_lag_shSICmar, 84_lag_atlSICsep, 88_lag_stratZ50ndj02, 87_lag_seurTSjfm, 82_lag_atlSICsep, 86_lag_shSICsep, 83_lag_traIFC, 79_lag_ismPRjja, 84_lag_samPSLann, 84_lag_ismPRjja, 83_lag_shSICmar, 86_lag_traFB, 86_lag_tripol1, 83_lag_eapPSLjfm, 85_lag_ginwSSTjfm, 86_lag_traEU_1216_79"
LinearRegression,75,30,tripol3,picntrl,1589.5,2050.5,0.8,90,80,80,14.943853489914543,-0.08906708285754864,1216,"['82_lag_atlSICsep', '82_lag_scpPSLjfm', '85_lag_tripol1', '80_lag_naoPSLjfm', '85_lag_ginwSSTjfm', '86_lag_tripol1', '83_lag_nppc3SSTjfm', '80_lag_83_median_AMOCann', '89_lag_nppc3SSTjfm', '83_lag_shSICmar', '83_lag_arcTSjfm', '82_lag_traFB', '84_lag_tripol3', '89_lag_traFS', '80_lag_ginwSSTjfm', '88_lag_atlSICjfm', '88_lag_shSICmar', '87_lag_mhfATL45', '89_lag_traIT', '83_lag_atlSICjfm', '84_lag_ismPRjja', '80_lag_traFB', '83_lag_traIFC', '83_lag_eapPSLjfm', '80_lag_traMC', '80_lag_labSSTjfm', '87_lag_seurTSjfm', '86_lag_shSICsep', '84_lag_amo1', '86_lag_traEU']","[0.09404383863610809, 0.1115278713558071, 0.10049411300472633, 0.011628350029262833, 0.09156103638241046, 0.11841518690783633, 0.05681576183784703, 0.25097957873710197, 0.05052758814202498, 0.03312393169224955, 0.11185742463123341, 0.18608032861931412, 0.0695194609728426, 0.1050758982159508, 0.11718732736646109, 0.0044621900279770725, 0.004919503312825046, 0.11275529225367852, 0.014994198523339577, 0.024438810765603024, 0.10773768041972136, 0.05938309180178522, 0.12364146634666653, 0.195756041410315, 0.20781314468623052, 0.22932675881895198, 0.12933726840796744, 0.012975723501379715, 0.07660143758091906, 0.13096471975340035]","82_lag_atlSICsep, 82_lag_scpPSLjfm, 85_lag_tripol1, 80_lag_naoPSLjfm, 85_lag_ginwSSTjfm, 86_lag_tripol1, 83_lag_nppc3SSTjfm, 80_lag_83_median_AMOCann, 89_lag_nppc3SSTjfm, 83_lag_shSICmar, 83_lag_arcTSjfm, 82_lag_traFB, 84_lag_tripol3, 89_lag_traFS, 80_lag_ginwSSTjfm, 88_lag_atlSICjfm, 88_lag_shSICmar, 87_lag_mhfATL45, 89_lag_traIT, 83_lag_atlSICjfm, 84_lag_ismPRjja, 80_lag_traFB, 83_lag_traIFC, 83_lag_eapPSLjfm, 80_lag_traMC, 80_lag_labSSTjfm, 87_lag_seurTSjfm, 86_lag_shSICsep, 84_lag_amo1, 86_lag_traEU_1216_80"
LinearRegression,76,30,tripol3,picntrl,1590.5,2050.5,0.8,91,81,81,14.604793106645808,-0.07048946189608843,1216,"['82_lag_AMOCann', '84_lag_amoSSTmjjaso', '81_lag_86_median_traMC', '81_lag_82_median_AMOCann', '85_lag_shSICmar', '87_lag_nppc2SSTjfm', '89_lag_traFS', '81_lag_traIT', '90_lag_traFB', '86_lag_tripol3', '83_lag_traDP', '83_lag_stratZ50ndj01', '89_lag_ismPRjja', '81_lag_84_median_stratZ50ndj03', '89_lag_wnorPRjfm', '88_lag_atlSICjfm', '90_lag_traIT', '87_lag_stratZ50ndj01', '81_lag_shSICmar', '83_lag_eapPSLjfm', '86_lag_amoSSTmjjaso', '88_lag_shSICmar', '86_lag_shSICsep', '90_lag_nhSICjfm', '84_lag_shSICsep', '84_lag_cetTSjfm', '84_lag_amo1', '84_lag_ismPRjja', '87_lag_seurTSjfm', '86_lag_traEU']","[0.022482994100394338, 0.08951208353721178, 0.09653439971711629, 0.022482994100394366, 0.0012387629371994058, 0.08858311272926031, 0.046521350919495566, 0.09801162532892574, 0.03759081417233788, 0.11603721814903492, 0.1799804390723569, 0.042925476272672604, 0.07135808732266063, 0.005703193572200783, 0.12335983450195562, 0.06752729872347238, 0.03335977958874003, 0.07769160351068166, 0.09430205646786546, 0.16593951838932672, 0.12508106144340977, 0.012597961675962797, 0.17879125412745492, 0.02471959759350011, 0.16864259417001284, 0.10449520155709366, 0.06572404453089899, 0.06695204878025121, 0.12020557848043648, 0.1966944137184473]","82_lag_AMOCann, 84_lag_amoSSTmjjaso, 81_lag_86_median_traMC, 81_lag_82_median_AMOCann, 85_lag_shSICmar, 87_lag_nppc2SSTjfm, 89_lag_traFS, 81_lag_traIT, 90_lag_traFB, 86_lag_tripol3, 83_lag_traDP, 83_lag_stratZ50ndj01, 89_lag_ismPRjja, 81_lag_84_median_stratZ50ndj03, 89_lag_wnorPRjfm, 88_lag_atlSICjfm, 90_lag_traIT, 87_lag_stratZ50ndj01, 81_lag_shSICmar, 83_lag_eapPSLjfm, 86_lag_amoSSTmjjaso, 88_lag_shSICmar, 86_lag_shSICsep, 90_lag_nhSICjfm, 84_lag_shSICsep, 84_lag_cetTSjfm, 84_lag_amo1, 84_lag_ismPRjja, 87_lag_seurTSjfm, 86_lag_traEU_1216_81"
LinearRegression,77,30,tripol3,picntrl,1591.5,2050.5,0.8,92,82,82,14.682825360224514,-0.06583064266303738,1216,"['82_lag_stratZ50ndj02', '82_lag_glomaSSTjfm', '89_lag_traIT', '91_lag_amo1', '85_lag_nhSICjfm', '90_lag_traWP', '88_lag_atlSICjfm', '82_lag_87_median_amo2', '87_lag_nppc2SSTjfm', '87_lag_samPSLann', '82_lag_91_median_pdoSSTjfm', '89_lag_eurPSLjfm', '84_lag_cetTSjfm', '84_lag_tripol3', '89_lag_nppc3SSTjfm', '91_lag_traTLS', '85_lag_tripol3', '82_lag_AMOCann', '88_lag_shSICmar', '86_lag_shSICsep', '82_lag_nppc3SSTjfm', '82_lag_traTLS', '82_lag_85_median_amo1', '89_lag_tripol3', '84_lag_ismPRjja', '86_lag_tripol3', '84_lag_amo1', '87_lag_seurTSjfm', '82_lag_traFB', '86_lag_traEU']","[0.06694511258804663, 0.07185197698023388, 0.011181695940652377, 0.07621690359913384, 0.020214865681630695, 0.05478350076152129, 0.03417472778470072, 0.161373157079949, 0.1010661336341304, 0.03353169870060492, 0.11254067439107718, 0.10607722233965737, 0.04024220297894453, 0.07359338630208936, 0.10781766097512056, 0.03285424309351407, 0.07919963130566701, 0.1622517413643937, 0.02617545894601006, 0.06706793843076839, 0.03226977058095805, 0.22744858722174305, 0.18154471960868782, 0.0690263997737462, 0.11013273972957102, 0.13632983882232758, 0.011262913131582593, 0.11288903788218704, 0.06617536917498848, 0.15875122395256056]","82_lag_stratZ50ndj02, 82_lag_glomaSSTjfm, 89_lag_traIT, 91_lag_amo1, 85_lag_nhSICjfm, 90_lag_traWP, 88_lag_atlSICjfm, 82_lag_87_median_amo2, 87_lag_nppc2SSTjfm, 87_lag_samPSLann, 82_lag_91_median_pdoSSTjfm, 89_lag_eurPSLjfm, 84_lag_cetTSjfm, 84_lag_tripol3, 89_lag_nppc3SSTjfm, 91_lag_traTLS, 85_lag_tripol3, 82_lag_AMOCann, 88_lag_shSICmar, 86_lag_shSICsep, 82_lag_nppc3SSTjfm, 82_lag_traTLS, 82_lag_85_median_amo1, 89_lag_tripol3, 84_lag_ismPRjja, 86_lag_tripol3, 84_lag_amo1, 87_lag_seurTSjfm, 82_lag_traFB, 86_lag_traEU_1216_82"
LinearRegression,78,30,tripol3,picntrl,1592.5,2050.5,0.8,93,83,83,14.109511971580273,0.012559924979126409,1216,"['83_lag_atlSICsep', '91_lag_shTSjfm', '92_lag_labSSTjfm', '85_lag_samPSLann', '86_lag_traEC', '92_lag_ormenSSTjfm', '92_lag_shTSjfm', '87_lag_seurTSjfm', '83_lag_86_median_scpPSLjfm', '83_lag_86_median_arcTSjfm', '90_lag_stratZ50ndj04', '85_lag_tripol3', '92_lag_atlSICjfm', '83_lag_shSICmar', '83_lag_nppc3SSTjfm', '88_lag_shSICsep', '86_lag_yrvPRjja', '90_lag_traFB', '92_lag_alpi', '86_lag_shSICsep', '86_lag_atlSICsep', '88_lag_shSICmar', '92_lag_ginwSSTjfm', '89_lag_shSICsep', '89_lag_tripol3', '85_lag_ginwSSTjfm', '86_lag_tripol3', '92_lag_traIT', '86_lag_traEU', '83_lag_eapPSLjfm']","[0.06244241258638083, 0.09008757200381284, 0.1029435904191666, 0.06466878976544763, 0.052790388056312455, 0.054108294614146055, 0.18089074412366504, 0.13839214874570238, 0.14368120970569112, 0.12592138667904598, 0.04232685478504429, 0.08663724658786662, 0.026871483611521287, 0.0143723011803376, 0.021601330028042685, 0.05434255301294822, 0.015909831489767014, 0.035439107054290375, 0.1255838407182043, 0.08440062662460593, 0.12906422030418427, 0.02283094221116513, 0.07350599256787155, 0.021381815953829014, 0.03187537233293958, 0.11284593417513095, 0.13346558135083136, 0.1350425455113218, 0.1542307272553846, 0.17628884825129001]","83_lag_atlSICsep, 91_lag_shTSjfm, 92_lag_labSSTjfm, 85_lag_samPSLann, 86_lag_traEC, 92_lag_ormenSSTjfm, 92_lag_shTSjfm, 87_lag_seurTSjfm, 83_lag_86_median_scpPSLjfm, 83_lag_86_median_arcTSjfm, 90_lag_stratZ50ndj04, 85_lag_tripol3, 92_lag_atlSICjfm, 83_lag_shSICmar, 83_lag_nppc3SSTjfm, 88_lag_shSICsep, 86_lag_yrvPRjja, 90_lag_traFB, 92_lag_alpi, 86_lag_shSICsep, 86_lag_atlSICsep, 88_lag_shSICmar, 92_lag_ginwSSTjfm, 89_lag_shSICsep, 89_lag_tripol3, 85_lag_ginwSSTjfm, 86_lag_tripol3, 92_lag_traIT, 86_lag_traEU, 83_lag_eapPSLjfm_1216_83"
LinearRegression,79,30,tripol3,picntrl,1593.5,2050.5,0.8,94,84,84,13.76050301024468,0.09613460944548595,1216,"['87_lag_traEU', '88_lag_atlSICjfm', '88_lag_shSICmar', '93_lag_nchinaPRjja', '84_lag_tripol3', '87_lag_yrvPRjja', '87_lag_traDP', '87_lag_alpi', '92_lag_alpi', '86_lag_yrvPRjja', '91_lag_eurPSLjfm', '84_lag_amoSSTmjjaso', '84_lag_traDP', '86_lag_traEU', '84_lag_93_median_traIT', '93_lag_amo1', '91_lag_tripol1', '84_lag_traMC', '90_lag_traFB', '92_lag_labSSTjfm', '92_lag_shTSjfm', '92_lag_traBS', '93_lag_amo2', '92_lag_traIT', '87_lag_seurTSjfm', '84_lag_mhfIP30', '93_lag_mhfATL30', '93_lag_ormenSSTjfm', '86_lag_shSICsep', '84_lag_amo1']","[0.08804822353763742, 0.001903241950561095, 0.005117230245072949, 0.08506769756541727, 0.05877825849934782, 0.05580905182749729, 0.0020041136675862433, 0.03970221212292109, 0.12320341476707797, 0.020811775206719018, 0.06366576686471524, 0.09827895600625319, 0.150704335859961, 0.1066022584962838, 0.36204936222549305, 0.05781059873753606, 0.06588394452591387, 0.09389219154034839, 0.042948129996636476, 0.0932541721925554, 0.1506309028729445, 0.012186384606765258, 0.0024517042005296015, 0.11001674124410173, 0.13204094309883332, 0.11025506710298476, 0.00955924302565556, 0.06855263569334369, 0.05125248887170298, 0.04849530495411919]","87_lag_traEU, 88_lag_atlSICjfm, 88_lag_shSICmar, 93_lag_nchinaPRjja, 84_lag_tripol3, 87_lag_yrvPRjja, 87_lag_traDP, 87_lag_alpi, 92_lag_alpi, 86_lag_yrvPRjja, 91_lag_eurPSLjfm, 84_lag_amoSSTmjjaso, 84_lag_traDP, 86_lag_traEU, 84_lag_93_median_traIT, 93_lag_amo1, 91_lag_tripol1, 84_lag_traMC, 90_lag_traFB, 92_lag_labSSTjfm, 92_lag_shTSjfm, 92_lag_traBS, 93_lag_amo2, 92_lag_traIT, 87_lag_seurTSjfm, 84_lag_mhfIP30, 93_lag_mhfATL30, 93_lag_ormenSSTjfm, 86_lag_shSICsep, 84_lag_amo1_1216_84"
LinearRegression,80,30,tripol3,picntrl,1594.5,2050.5,0.8,95,85,85,14.701769827743016,0.033465947805385185,1216,"['91_lag_traTLS', '85_lag_88_median_shTSjfm', '90_lag_traFB', '91_lag_eurPSLjfm', '87_lag_traEU', '85_lag_90_median_traBS', '90_lag_traMC', '85_lag_amo2', '85_lag_88_median_traEU', '93_lag_mhfATL30', '87_lag_traDP', '85_lag_traMC', '90_lag_mhfATL45', '85_lag_traDP', '93_lag_shSICmar', '94_lag_satlSSTjfm', '94_lag_wnorPRjfm', '92_lag_labSSTjfm', '88_lag_arcTSjfm', '91_lag_shSICsep', '85_lag_shSICmar', '93_lag_amo2', '92_lag_traIT', '92_lag_shTSjfm', '93_lag_traIFC', '85_lag_ginwSSTjfm', '94_lag_nchinaPRjja', '94_lag_shSICmar', '94_lag_traMC', '85_lag_88_median_alpi']","[0.05284436832537726, 0.23388568981139637, 0.023113275947653757, 0.0746063877747221, 0.17450482836624873, 0.18931480799042355, 0.09759419049921894, 0.0861630614108437, 0.2729123093505555, 0.0764360450396905, 0.20383821320224774, 0.0155101760267657, 0.0590633873350441, 0.05814857998755945, 0.10682762312726102, 0.1883174385920964, 0.171919993458771, 0.029575580130128197, 0.011118745784869034, 0.05637998195099466, 0.04899801288902115, 0.008080282733358899, 0.12085538819953448, 0.11244547239672861, 0.16712769352270956, 0.135892309267431, 0.08211938125473361, 0.10408286236762891, 0.113784622799361, 0.06373115662405045]","91_lag_traTLS, 85_lag_88_median_shTSjfm, 90_lag_traFB, 91_lag_eurPSLjfm, 87_lag_traEU, 85_lag_90_median_traBS, 90_lag_traMC, 85_lag_amo2, 85_lag_88_median_traEU, 93_lag_mhfATL30, 87_lag_traDP, 85_lag_traMC, 90_lag_mhfATL45, 85_lag_traDP, 93_lag_shSICmar, 94_lag_satlSSTjfm, 94_lag_wnorPRjfm, 92_lag_labSSTjfm, 88_lag_arcTSjfm, 91_lag_shSICsep, 85_lag_shSICmar, 93_lag_amo2, 92_lag_traIT, 92_lag_shTSjfm, 93_lag_traIFC, 85_lag_ginwSSTjfm, 94_lag_nchinaPRjja, 94_lag_shSICmar, 94_lag_traMC, 85_lag_88_median_alpi_1216_85"
LinearRegression,81,30,tripol3,picntrl,1595.5,2050.5,0.8,96,86,86,14.259394378288372,0.15158044832598333,1216,"['94_lag_wnorPRjfm', '86_lag_stratZ50ndj04', '88_lag_traFSC', '86_lag_89_median_AMOCann', '93_lag_traIFC', '86_lag_91_median_traMC', '91_lag_eapPSLjfm', '92_lag_traEC', '86_lag_91_median_stratZ50ndj02', '86_lag_stratZ50ndj01', '92_lag_nppc2SSTjfm', '90_lag_traFB', '86_lag_89_median_traIFC', '86_lag_tripol3', '94_lag_traEC', '89_lag_ismPRjja', '95_lag_mhfATL60', '90_lag_shSICmar', '86_lag_cetTSjfm', '86_lag_stratZ50ndj02', '91_lag_wnorPRjfm', '92_lag_labSSTjfm', '92_lag_traDP', '94_lag_shSICmar', '95_lag_mhfATL30', '92_lag_shTSjfm', '93_lag_traDS', '93_lag_mhfATL45', '94_lag_traMC', '91_lag_eurPSLjfm']","[0.1270553120844015, 0.02443947082384415, 0.11750679835384795, 0.03981827111864706, 0.12940084648846334, 0.2900088415270373, 0.030689013893011593, 0.02438463547544767, 0.223191123016792, 0.0399259887289823, 0.036699503926138945, 0.06622847528488296, 0.08856218280831775, 0.17193913557066742, 0.1735979901887425, 0.048686562762813954, 0.13642972338047074, 0.06849976157455653, 0.06370735355797605, 0.07584506713855609, 0.10194019763323676, 0.13543590207171888, 0.05141714145761374, 0.03202928032206623, 0.11070508325658886, 0.12639239821222661, 0.05514790692389695, 0.02877106924790498, 0.11589324715693973, 0.041524523435403866]","94_lag_wnorPRjfm, 86_lag_stratZ50ndj04, 88_lag_traFSC, 86_lag_89_median_AMOCann, 93_lag_traIFC, 86_lag_91_median_traMC, 91_lag_eapPSLjfm, 92_lag_traEC, 86_lag_91_median_stratZ50ndj02, 86_lag_stratZ50ndj01, 92_lag_nppc2SSTjfm, 90_lag_traFB, 86_lag_89_median_traIFC, 86_lag_tripol3, 94_lag_traEC, 89_lag_ismPRjja, 95_lag_mhfATL60, 90_lag_shSICmar, 86_lag_cetTSjfm, 86_lag_stratZ50ndj02, 91_lag_wnorPRjfm, 92_lag_labSSTjfm, 92_lag_traDP, 94_lag_shSICmar, 95_lag_mhfATL30, 92_lag_shTSjfm, 93_lag_traDS, 93_lag_mhfATL45, 94_lag_traMC, 91_lag_eurPSLjfm_1216_86"
LinearRegression,82,30,tripol3,picntrl,1596.5,2050.5,0.8,97,87,87,14.148898157508421,0.005693334384616413,1216,"['95_lag_nppc3SSTjfm', '92_lag_alpi', '87_lag_92_median_stratZ50ndj01', '91_lag_eurPSLjfm', '92_lag_nppc2SSTjfm', '87_lag_amo2', '95_lag_amo2', '91_lag_nppc3SSTjfm', '89_lag_traBO', '96_lag_nchinaPRjja', '89_lag_nhSICsep', '96_lag_tripol3', '87_lag_shSICsep', '87_lag_90_median_seurTSjfm', '92_lag_shTSjfm', '87_lag_labSSTjfm', '94_lag_nhSICsep', '94_lag_labSSTjfm', '91_lag_shSICsep', '94_lag_shSICmar', '96_lag_traMC', '91_lag_ormenSSTjfm', '95_lag_nchinaPRjja', '95_lag_tripol3', '87_lag_yrvPRjja', '87_lag_traDP', '90_lag_arcTSjfm', '91_lag_amo1', '94_lag_ormenSSTjfm', '94_lag_traMC']","[0.11804507829601775, 0.11571636698405251, 0.1221442401960303, 0.11538114204320171, 0.07263996880282111, 0.0304517442513199, 0.025351407393549488, 0.12290268355543423, 0.11819791951872008, 0.03149579152091652, 0.10267159401699846, 0.1092842049009962, 0.041913062360698736, 0.09693127927709727, 0.1959420342263764, 0.014781847123095293, 0.011124276133929042, 0.06908093174152681, 0.0730616673716558, 0.033860836135081285, 0.005318377859785457, 0.001973976085742699, 0.13210621099050668, 0.07747949787869975, 0.052643514431306764, 0.17070256596482727, 0.04543307416333927, 0.11663599019063152, 0.15691414852929475, 0.17201202933733217]","95_lag_nppc3SSTjfm, 92_lag_alpi, 87_lag_92_median_stratZ50ndj01, 91_lag_eurPSLjfm, 92_lag_nppc2SSTjfm, 87_lag_amo2, 95_lag_amo2, 91_lag_nppc3SSTjfm, 89_lag_traBO, 96_lag_nchinaPRjja, 89_lag_nhSICsep, 96_lag_tripol3, 87_lag_shSICsep, 87_lag_90_median_seurTSjfm, 92_lag_shTSjfm, 87_lag_labSSTjfm, 94_lag_nhSICsep, 94_lag_labSSTjfm, 91_lag_shSICsep, 94_lag_shSICmar, 96_lag_traMC, 91_lag_ormenSSTjfm, 95_lag_nchinaPRjja, 95_lag_tripol3, 87_lag_yrvPRjja, 87_lag_traDP, 90_lag_arcTSjfm, 91_lag_amo1, 94_lag_ormenSSTjfm, 94_lag_traMC_1216_87"
LinearRegression,83,30,tripol3,picntrl,1597.5,2050.5,0.8,98,88,88,12.888232521567176,0.2008094635444342,1216,"['88_lag_97_median_stratZ50ndj03', '88_lag_91_median_mhfATL30', '90_lag_mhfATL45', '90_lag_nppc2SSTjfm', '91_lag_wnorPRjfm', '97_lag_shSICmar', '92_lag_nppc2SSTjfm', '91_lag_mhfATL60', '97_lag_cetTSjfm', '94_lag_traEC', '91_lag_traWP', '90_lag_traDP', '92_lag_mhfIP30', '95_lag_cetTSjfm', '88_lag_traBO', '91_lag_shSICsep', '92_lag_labSSTjfm', '95_lag_mhfATL60', '90_lag_traMC', '88_lag_91_median_eapPSLjfm', '91_lag_eurPSLjfm', '94_lag_atlSICjfm', '91_lag_traMC', '97_lag_traFSC', '96_lag_shSICmar', '94_lag_eapPSLjfm', '95_lag_shTSjfm', '95_lag_nchinaPRjja', '97_lag_traDS', '94_lag_traMC']","[0.2098155512593575, 0.25830872996866555, 0.15796577749244992, 0.08205830099377918, 0.06302514160328582, 0.13117806406920424, 0.05314923907695752, 0.06391412660153777, 0.18547526084948657, 0.21668442740442218, 0.07331232922831779, 0.10530275958086165, 0.006744625634076632, 0.08809198416009624, 0.029253848100454293, 0.0680335956043765, 0.10583470943259006, 0.12104422454351411, 0.09605560425764824, 0.004546438752246432, 0.06917951378652058, 0.10036942144486347, 0.10732528332140727, 0.07520243783691137, 0.1486328236967545, 0.050986944336228614, 0.08888723531859971, 0.18298784743144866, 0.12207796798275886, 0.15291523592413664]","88_lag_97_median_stratZ50ndj03, 88_lag_91_median_mhfATL30, 90_lag_mhfATL45, 90_lag_nppc2SSTjfm, 91_lag_wnorPRjfm, 97_lag_shSICmar, 92_lag_nppc2SSTjfm, 91_lag_mhfATL60, 97_lag_cetTSjfm, 94_lag_traEC, 91_lag_traWP, 90_lag_traDP, 92_lag_mhfIP30, 95_lag_cetTSjfm, 88_lag_traBO, 91_lag_shSICsep, 92_lag_labSSTjfm, 95_lag_mhfATL60, 90_lag_traMC, 88_lag_91_median_eapPSLjfm, 91_lag_eurPSLjfm, 94_lag_atlSICjfm, 91_lag_traMC, 97_lag_traFSC, 96_lag_shSICmar, 94_lag_eapPSLjfm, 95_lag_shTSjfm, 95_lag_nchinaPRjja, 97_lag_traDS, 94_lag_traMC_1216_88"
LinearRegression,84,30,tripol3,picntrl,1598.5,2050.5,0.8,99,89,89,13.691472128038267,0.08953655907401051,1216,"['97_lag_amo1', '93_lag_amo2', '94_lag_eapPSLjfm', '95_lag_tripol3', '97_lag_satlSSTjfm', '98_lag_amoSSTmjjaso', '98_lag_scpPSLjfm', '91_lag_wnorPRjfm', '93_lag_arcTSjfm', '97_lag_shSICmar', '98_lag_AMOCann', '98_lag_traFB', '93_lag_atlSICsep', '96_lag_traTLS', '95_lag_shTSjfm', '98_lag_yrvPRjja', '91_lag_traMC', '89_lag_nhSICsep', '89_lag_mhfATL30', '91_lag_eurPSLjfm', '97_lag_atlSICjfm', '91_lag_shSICsep', '92_lag_labSSTjfm', '97_lag_traDS', '95_lag_mhfATL60', '89_lag_traCA', '94_lag_traMC', '98_lag_traEC', '96_lag_shSICmar', '95_lag_nchinaPRjja']","[0.023187967571448805, 0.07685723489203755, 0.07792083446062897, 0.03008252373272416, 0.06660929675231099, 0.02064471505271705, 0.11755962558484476, 0.09391088967110196, 0.03603031231151178, 0.1473095847532624, 0.031182167716074842, 0.13734933661591583, 0.0712482445801461, 0.07843408753489561, 0.040044733196451784, 0.1217530545444712, 0.08520771466602081, 0.10745954472551643, 0.04125952345527789, 0.033252653305490924, 0.12790354695965162, 0.09496213505548454, 0.10594203389358002, 0.08896767756673729, 0.0767093275041256, 0.1987304051866661, 0.12283040392892454, 0.0994328187332215, 0.17358941735758046, 0.12123006428604273]","97_lag_amo1, 93_lag_amo2, 94_lag_eapPSLjfm, 95_lag_tripol3, 97_lag_satlSSTjfm, 98_lag_amoSSTmjjaso, 98_lag_scpPSLjfm, 91_lag_wnorPRjfm, 93_lag_arcTSjfm, 97_lag_shSICmar, 98_lag_AMOCann, 98_lag_traFB, 93_lag_atlSICsep, 96_lag_traTLS, 95_lag_shTSjfm, 98_lag_yrvPRjja, 91_lag_traMC, 89_lag_nhSICsep, 89_lag_mhfATL30, 91_lag_eurPSLjfm, 97_lag_atlSICjfm, 91_lag_shSICsep, 92_lag_labSSTjfm, 97_lag_traDS, 95_lag_mhfATL60, 89_lag_traCA, 94_lag_traMC, 98_lag_traEC, 96_lag_shSICmar, 95_lag_nchinaPRjja_1216_89"
LinearRegression,85,30,tripol3,picntrl,1599.5,2050.5,0.8,100,90,90,14.401813004092963,-0.03908361185302439,1216,"['96_lag_traTLS', '98_lag_arcTSjfm', '95_lag_mhfATL60', '93_lag_tripol3', '92_lag_alpi', '90_lag_91_median_wnorPRjfm', '91_lag_wnorPRjfm', '94_lag_traMC', '97_lag_stratZ50ndj02', '97_lag_AMOCann', '93_lag_traBS', '98_lag_yrvPRjja', '98_lag_alpi', '90_lag_95_median_amo1', '90_lag_amo2', '95_lag_shTSjfm', '97_lag_stratZ50ndj01', '98_lag_traEC', '97_lag_traDS', '92_lag_labSSTjfm', '97_lag_nhSICjfm', '99_lag_eapPSLjfm', '96_lag_seurTSjfm', '95_lag_eurPSLjfm', '95_lag_tripol3', '90_lag_traBS', '96_lag_shSICmar', '96_lag_yrvPRjja', '98_lag_atlSICsep', '95_lag_nchinaPRjja']","[0.06019054673040931, 0.05939746317818882, 0.043089154549031235, 0.1066873110915057, 0.08193414867823219, 5731797057248.272, 5731797057248.196, 0.1435875946908499, 0.07260346714595367, 0.04672862205663305, 0.05195175123595464, 0.11001679568052238, 0.06591077031462458, 0.2359265517276651, 0.09439058957225814, 0.046614850228467716, 0.0639996833583452, 0.17305130278516487, 0.07673314246087078, 0.15617215741216306, 0.14173492147580893, 0.12875515928029063, 0.06025853931243319, 0.08390617241871873, 0.014489673195230784, 0.11280842652596879, 0.14558200938502938, 0.047995760514100434, 0.04655408418610457, 0.13726051024771085]","96_lag_traTLS, 98_lag_arcTSjfm, 95_lag_mhfATL60, 93_lag_tripol3, 92_lag_alpi, 90_lag_91_median_wnorPRjfm, 91_lag_wnorPRjfm, 94_lag_traMC, 97_lag_stratZ50ndj02, 97_lag_AMOCann, 93_lag_traBS, 98_lag_yrvPRjja, 98_lag_alpi, 90_lag_95_median_amo1, 90_lag_amo2, 95_lag_shTSjfm, 97_lag_stratZ50ndj01, 98_lag_traEC, 97_lag_traDS, 92_lag_labSSTjfm, 97_lag_nhSICjfm, 99_lag_eapPSLjfm, 96_lag_seurTSjfm, 95_lag_eurPSLjfm, 95_lag_tripol3, 90_lag_traBS, 96_lag_shSICmar, 96_lag_yrvPRjja, 98_lag_atlSICsep, 95_lag_nchinaPRjja_1216_90"
