model,num_irrelevant,max_allowed_features,target_feature,dataset,year_start,year_end,splitsize,max_lag,init_lag,max_forecast,mae_score,corr_score,n_total_features,selected_feature_list,feature_importances,selected_features
LRforcedPSO,0,6,amoSSTmjjaso,picntrl,1514.5,2050.5,0.4,15,1,1,13.447131445642578,-0.07996161146818673,567,"['8_lag_scpPSLjfm', '1_lag_shSICsep', '12_lag_amo2', '11_lag_amo1', '1_lag_14_median_stratZ50ndj03', '12_lag_amo1']","[0.49007176856771295, 0.13255765444376344, 0.06596239222546707, 0.5737564285072487, 0.08995548852263902, 1.115326248968989]","8_lag_scpPSLjfm, 1_lag_shSICsep, 12_lag_amo2, 11_lag_amo1, 1_lag_14_median_stratZ50ndj03, 12_lag_amo1_567_1"
LRforcedPSO,1,6,amoSSTmjjaso,picntrl,1515.5,2050.5,0.4,16,1,1,13.872173404206206,0.057167200762403864,609,"['6_lag_scpPSLjfm', '1_lag_4_median_stratZ50ndj02', '1_lag_11_median_atlSICjfm', '11_lag_atlSICsep', '4_lag_nhSICjfm', '1_lag_12_median_shSICsep']","[4.664718313072068, 0.8555506205104475, 1.9603892771189262, 3.060310049773058, 1.1548608818876556, 1.4996891627845361]","6_lag_scpPSLjfm, 1_lag_4_median_stratZ50ndj02, 1_lag_11_median_atlSICjfm, 11_lag_atlSICsep, 4_lag_nhSICjfm, 1_lag_12_median_shSICsep_609_1"
LRforcedPSO,2,6,amoSSTmjjaso,picntrl,1516.5,2050.5,0.4,17,1,1,14.121801996127022,0.12336890922283392,651,"['1_lag_8_median_amoSSTjfm', '1_lag_9_median_AMOCann', '12_lag_eurPSLjfm', '1_lag_4_median_nhSICsep', '1_lag_15_median_amoSSTmjjaso', '1_lag_15_median_scpPSLjfm']","[1.8565836695877298, 8.167252433024672, 1.6238187839466143, 3.072736044445983, 5.282436785018638, 2.302152421338956]","1_lag_8_median_amoSSTjfm, 1_lag_9_median_AMOCann, 12_lag_eurPSLjfm, 1_lag_4_median_nhSICsep, 1_lag_15_median_amoSSTmjjaso, 1_lag_15_median_scpPSLjfm_651_1"
LRforcedPSO,3,6,amoSSTmjjaso,picntrl,1517.5,2050.5,0.4,18,1,1,15.860581989012312,0.06339243965224094,693,"['9_lag_amo2', '1_lag_11_median_atlSICsep', '1_lag_stratZ50ndj02', '1_lag_16_median_atlSICsep', '1_lag_14_median_amo3', '10_lag_AMOCann']","[4.387107885347692, 0.34893760369566884, 1.4170072711887691, 6.854057059550238, 9.673324716683794, 4.89361100147859]","9_lag_amo2, 1_lag_11_median_atlSICsep, 1_lag_stratZ50ndj02, 1_lag_16_median_atlSICsep, 1_lag_14_median_amo3, 10_lag_AMOCann_693_1"
LRforcedPSO,4,6,amoSSTmjjaso,picntrl,1518.5,2050.5,0.4,19,1,1,13.007581684375063,0.12549438573323723,735,"['9_lag_eurPSLjfm', '8_lag_stratZ50ndj01', '15_lag_scpPSLjfm', '14_lag_stratZ50ndj04', '1_lag_15_median_atlSICjfm', '1_lag_4_median_stratZ50ndj01']","[0.2872237038565615, 4.017321999067141, 1.5539970340604725, 1.007131413462087, 0.6269956690208289, 1.0235028094373906]","9_lag_eurPSLjfm, 8_lag_stratZ50ndj01, 15_lag_scpPSLjfm, 14_lag_stratZ50ndj04, 1_lag_15_median_atlSICjfm, 1_lag_4_median_stratZ50ndj01_735_1"
LRforcedPSO,5,6,amoSSTmjjaso,picntrl,1519.5,2050.5,0.4,20,1,1,15.208181037829382,0.1331711988801076,777,"['16_lag_amoSSTjfm', '19_lag_shSICsep', '12_lag_stratZ50ndj04', '1_lag_16_median_naoPSLjfm', '13_lag_scpPSLjfm', '1_lag_18_median_amo2']","[2.6709417367814066, 4.183637345310737, 5.305460805310025, 0.44008167442176926, 1.0850752788044922, 6.990744738088509]","16_lag_amoSSTjfm, 19_lag_shSICsep, 12_lag_stratZ50ndj04, 1_lag_16_median_naoPSLjfm, 13_lag_scpPSLjfm, 1_lag_18_median_amo2_777_1"
LRforcedPSO,6,6,amoSSTmjjaso,picntrl,1520.5,2050.5,0.4,21,1,1,14.40263270204663,0.05184927986367284,819,"['12_lag_shSICsep', '3_lag_nppc2SSTjfm', '14_lag_AMOCann', '1_lag_16_median_shSICsep', '17_lag_stratZ50ndj04', '8_lag_stratZ50ndj04']","[6.005865434761263, 6.600566287830205, 0.46594750995567935, 7.728494659538594, 1.2242825487534255, 0.700279236334886]","12_lag_shSICsep, 3_lag_nppc2SSTjfm, 14_lag_AMOCann, 1_lag_16_median_shSICsep, 17_lag_stratZ50ndj04, 8_lag_stratZ50ndj04_819_1"
LRforcedPSO,7,6,amoSSTmjjaso,picntrl,1521.5,2050.5,0.4,22,2,2,14.079410916343384,0.06289417983150167,819,"['20_lag_stratZ50ndj02', '16_lag_eapPSLjfm', '2_lag_9_median_nhSICjfm', '2_lag_16_median_amo1', '7_lag_stratZ50ndj01', '2_lag_16_median_nhSICjfm']","[1.4702315833944972, 2.9788242277945587, 2.6130129615544906, 6.581502900131467, 0.01769049251088184, 2.844382234968565]","20_lag_stratZ50ndj02, 16_lag_eapPSLjfm, 2_lag_9_median_nhSICjfm, 2_lag_16_median_amo1, 7_lag_stratZ50ndj01, 2_lag_16_median_nhSICjfm_819_2"
LRforcedPSO,8,6,amoSSTmjjaso,picntrl,1522.5,2050.5,0.4,23,3,3,14.062310429930436,0.09111164276711255,819,"['3_lag_22_median_naoPSLjfm', '9_lag_amo2', '15_lag_stratZ50ndj02', '8_lag_shSICmar', '3_lag_5_median_nhSICsep', '3_lag_21_median_amo1']","[2.590978431576648, 2.5987659019460994, 2.8095707965221064, 2.591307246245465, 2.5978842051390387, 3.454512316713009]","3_lag_22_median_naoPSLjfm, 9_lag_amo2, 15_lag_stratZ50ndj02, 8_lag_shSICmar, 3_lag_5_median_nhSICsep, 3_lag_21_median_amo1_819_3"
LRforcedPSO,9,6,amoSSTmjjaso,picntrl,1523.5,2050.5,0.4,24,4,4,15.339419512547595,0.06691406142015781,819,"['4_lag_19_median_amo2', '4_lag_23_median_nhSICjfm', '4_lag_eurPSLjfm', '4_lag_6_median_eapPSLjfm', '5_lag_shSICmar', '19_lag_amo1']","[8.22320964262342, 1.1681650864921131, 1.7190018013728974, 0.6252368063375364, 1.6359029936958454, 2.2962444191094296]","4_lag_19_median_amo2, 4_lag_23_median_nhSICjfm, 4_lag_eurPSLjfm, 4_lag_6_median_eapPSLjfm, 5_lag_shSICmar, 19_lag_amo1_819_4"
LRforcedPSO,10,6,amoSSTmjjaso,picntrl,1524.5,2050.5,0.4,25,5,5,13.953730467103615,0.07381650899573283,819,"['14_lag_nhSICsep', '20_lag_eurPSLjfm', '17_lag_naoPSLjfm', '5_lag_8_median_stratZ50ndj03', '5_lag_8_median_amoSSTmjjaso', '23_lag_amo3']","[0.5053914204925967, 0.33628384311789006, 0.5071510121848082, 5.1953781224279645, 3.5331402895254627, 2.5700762195637967]","14_lag_nhSICsep, 20_lag_eurPSLjfm, 17_lag_naoPSLjfm, 5_lag_8_median_stratZ50ndj03, 5_lag_8_median_amoSSTmjjaso, 23_lag_amo3_819_5"
LRforcedPSO,11,6,amoSSTmjjaso,picntrl,1525.5,2050.5,0.4,26,6,6,14.38526841868406,0.038060256840813794,819,"['24_lag_shSICmar', '6_lag_20_median_stratZ50ndj03', '25_lag_stratZ50ndj03', '19_lag_shSICsep', '6_lag_13_median_amo1', '19_lag_eurPSLjfm']","[3.8681779845873345, 3.853692216019549, 2.902467625793973, 3.0144476398048705, 3.8136696828113004, 3.272202083726748]","24_lag_shSICmar, 6_lag_20_median_stratZ50ndj03, 25_lag_stratZ50ndj03, 19_lag_shSICsep, 6_lag_13_median_amo1, 19_lag_eurPSLjfm_819_6"
LRforcedPSO,12,6,amoSSTmjjaso,picntrl,1526.5,2050.5,0.4,27,7,7,13.564210823402293,0.06601724107970647,819,"['20_lag_AMOCann', '7_lag_16_median_stratZ50ndj01', '20_lag_shSICmar', '7_lag_10_median_atlSICsep', '10_lag_stratZ50ndj04', '7_lag_15_median_stratZ50ndj04']","[1.721197349889148, 1.727177467715571, 2.2416648495667997, 2.0331184204524173, 2.2949182126907903, 1.7212036766355043]","20_lag_AMOCann, 7_lag_16_median_stratZ50ndj01, 20_lag_shSICmar, 7_lag_10_median_atlSICsep, 10_lag_stratZ50ndj04, 7_lag_15_median_stratZ50ndj04_819_7"
LRforcedPSO,13,6,amoSSTmjjaso,picntrl,1527.5,2050.5,0.4,28,8,8,13.736686069330839,0.050542134448511106,819,"['27_lag_stratZ50ndj02', '21_lag_stratZ50ndj03', '21_lag_nhSICjfm', '19_lag_shSICmar', '8_lag_14_median_shSICsep', '8_lag_10_median_nppc2SSTjfm']","[2.4925823938847773, 2.48281565712209, 3.3064755867443414, 2.4799815512002588, 2.4829078531772777, 2.8041232729709984]","27_lag_stratZ50ndj02, 21_lag_stratZ50ndj03, 21_lag_nhSICjfm, 19_lag_shSICmar, 8_lag_14_median_shSICsep, 8_lag_10_median_nppc2SSTjfm_819_8"
LRforcedPSO,14,6,amoSSTmjjaso,picntrl,1528.5,2050.5,0.4,29,9,9,14.770459589261115,-0.07155509645171626,819,"['9_lag_13_median_amo3', '9_lag_14_median_stratZ50ndj04', '9_lag_amo2', '26_lag_amoSSTmjjaso', '9_lag_11_median_nppc2SSTjfm', '11_lag_shSICsep']","[3.9789154886213147, 3.210168664979811, 4.365714229028605, 4.060424750455949, 0.20402416670561152, 0.2224039499854502]","9_lag_13_median_amo3, 9_lag_14_median_stratZ50ndj04, 9_lag_amo2, 26_lag_amoSSTmjjaso, 9_lag_11_median_nppc2SSTjfm, 11_lag_shSICsep_819_9"
LRforcedPSO,15,6,amoSSTmjjaso,picntrl,1529.5,2050.5,0.4,30,10,10,13.696801430433167,0.09524158813171438,819,"['10_lag_24_median_nhSICsep', '10_lag_18_median_AMOCann', '10_lag_15_median_stratZ50ndj01', '16_lag_stratZ50ndj03', '17_lag_stratZ50ndj03', '16_lag_naoPSLjfm']","[4.274361426882061, 1.5620958565113625, 4.5563493745418215, 0.19940736870661624, 1.9300040413024426, 0.916134187042152]","10_lag_24_median_nhSICsep, 10_lag_18_median_AMOCann, 10_lag_15_median_stratZ50ndj01, 16_lag_stratZ50ndj03, 17_lag_stratZ50ndj03, 16_lag_naoPSLjfm_819_10"
LRforcedPSO,16,6,amoSSTmjjaso,picntrl,1530.5,2050.5,0.4,31,11,11,13.952625245366029,0.003309814018266813,819,"['22_lag_shSICmar', '29_lag_amoSSTjfm', '11_lag_18_median_shSICsep', '24_lag_shSICsep', '15_lag_amo1', '15_lag_nhSICjfm']","[2.168894646321635, 2.7810250806052896, 2.304243897641624, 2.847133588058276, 2.566203662688036, 2.1471475320042037]","22_lag_shSICmar, 29_lag_amoSSTjfm, 11_lag_18_median_shSICsep, 24_lag_shSICsep, 15_lag_amo1, 15_lag_nhSICjfm_819_11"
LRforcedPSO,17,6,amoSSTmjjaso,picntrl,1531.5,2050.5,0.4,32,12,15,13.031384473646469,0.13182447492377644,819,"['24_lag_nhSICjfm', '15_lag_shSICmar', '19_lag_stratZ50ndj01', '24_lag_shSICsep', '18_lag_amo3', '18_lag_stratZ50ndj01']","[2.3351514101352304, 1.348290619760835, 2.716407392506241, 0.9756533975565045, 2.56334073574015, 1.6803011871333986]","24_lag_nhSICjfm, 15_lag_shSICmar, 19_lag_stratZ50ndj01, 24_lag_shSICsep, 18_lag_amo3, 18_lag_stratZ50ndj01_819_15"
LRforcedPSO,18,6,amoSSTmjjaso,picntrl,1532.5,2050.5,0.4,33,13,13,14.376423242659426,0.0337496376157601,819,"['19_lag_stratZ50ndj02', '13_lag_25_median_eurPSLjfm', '30_lag_amo2', '31_lag_scpPSLjfm', '20_lag_stratZ50ndj01', '26_lag_stratZ50ndj02']","[2.1875435197971065, 0.7577225819063536, 1.3787505316602928, 1.8806533038483977, 2.532472458097499, 5.017539685456516]","19_lag_stratZ50ndj02, 13_lag_25_median_eurPSLjfm, 30_lag_amo2, 31_lag_scpPSLjfm, 20_lag_stratZ50ndj01, 26_lag_stratZ50ndj02_819_13"
LRforcedPSO,19,6,amoSSTmjjaso,picntrl,1533.5,2050.5,0.4,34,14,14,14.261342381644848,0.11137102087870226,819,"['14_lag_20_median_amo2', '32_lag_stratZ50ndj01', '14_lag_18_median_eapPSLjfm', '14_lag_15_median_eurPSLjfm', '19_lag_amoSSTmjjaso', '14_lag_28_median_naoPSLjfm']","[5.134918433160337, 1.8070533261270594, 0.8487655791253026, 1.9029248040874513, 0.17543596058065347, 6.710143172431479]","14_lag_20_median_amo2, 32_lag_stratZ50ndj01, 14_lag_18_median_eapPSLjfm, 14_lag_15_median_eurPSLjfm, 19_lag_amoSSTmjjaso, 14_lag_28_median_naoPSLjfm_819_14"
LRforcedPSO,20,6,amoSSTmjjaso,picntrl,1534.5,2050.5,0.4,35,15,15,13.78655732803963,0.04481869900695684,819,"['15_lag_21_median_stratZ50ndj02', '32_lag_atlSICjfm', '18_lag_amo2', '25_lag_amo2', '27_lag_amo2', '15_lag_17_median_naoPSLjfm']","[2.5660404892049513, 3.044668229754433, 2.929175297891348, 2.920560187478076, 2.385586694988872, 2.3960735416520933]","15_lag_21_median_stratZ50ndj02, 32_lag_atlSICjfm, 18_lag_amo2, 25_lag_amo2, 27_lag_amo2, 15_lag_17_median_naoPSLjfm_819_15"
LRforcedPSO,21,6,amoSSTmjjaso,picntrl,1535.5,2050.5,0.4,36,16,16,14.30611672998197,-0.032361781942477796,819,"['16_lag_18_median_amoSSTmjjaso', '16_lag_20_median_atlSICsep', '16_lag_19_median_naoPSLjfm', '24_lag_atlSICsep', '22_lag_stratZ50ndj04', '16_lag_23_median_nhSICsep']","[0.6366308397650648, 6.4744617847521155, 3.1487603854295827, 0.859438895124903, 0.7948213082841988, 0.07016708749396905]","16_lag_18_median_amoSSTmjjaso, 16_lag_20_median_atlSICsep, 16_lag_19_median_naoPSLjfm, 24_lag_atlSICsep, 22_lag_stratZ50ndj04, 16_lag_23_median_nhSICsep_819_16"
LRforcedPSO,22,6,amoSSTmjjaso,picntrl,1536.5,2050.5,0.4,37,17,17,13.070545516520857,0.05025138333945412,819,"['17_lag_27_median_naoPSLjfm', '19_lag_stratZ50ndj01', '33_lag_nhSICsep', '17_lag_18_median_AMOCann', '24_lag_naoPSLjfm', '19_lag_nppc2SSTjfm']","[2.2778814484013385, 1.708415083018415, 2.277765681063858, 1.710485637007824, 1.7084703623779738, 1.7084179546664464]","17_lag_27_median_naoPSLjfm, 19_lag_stratZ50ndj01, 33_lag_nhSICsep, 17_lag_18_median_AMOCann, 24_lag_naoPSLjfm, 19_lag_nppc2SSTjfm_819_17"
LRforcedPSO,23,6,amoSSTmjjaso,picntrl,1537.5,2050.5,0.4,38,18,18,13.234906805398841,0.14566758381341605,819,"['32_lag_atlSICsep', '29_lag_amo1', '18_lag_20_median_atlSICsep', '31_lag_atlSICsep', '36_lag_naoPSLjfm', '18_lag_26_median_eurPSLjfm']","[2.6125908769583113, 2.966891917247469, 3.1724156800559733, 3.2769212816701407, 2.621698830585271, 2.5683846093999962]","32_lag_atlSICsep, 29_lag_amo1, 18_lag_20_median_atlSICsep, 31_lag_atlSICsep, 36_lag_naoPSLjfm, 18_lag_26_median_eurPSLjfm_819_18"
LRforcedPSO,24,6,amoSSTmjjaso,picntrl,1538.5,2050.5,0.4,39,19,19,13.365150101701035,0.06757583532256031,819,"['28_lag_atlSICsep', '19_lag_36_median_scpPSLjfm', '19_lag_22_median_atlSICsep', '38_lag_shSICmar', '27_lag_AMOCann', '31_lag_stratZ50ndj02']","[2.1484690315511217, 2.4535650696571976, 2.238965894458939, 2.8618090315947193, 2.1463726586122593, 2.273030303548479]","28_lag_atlSICsep, 19_lag_36_median_scpPSLjfm, 19_lag_22_median_atlSICsep, 38_lag_shSICmar, 27_lag_AMOCann, 31_lag_stratZ50ndj02_819_19"
LRforcedPSO,25,6,amoSSTmjjaso,picntrl,1539.5,2050.5,0.4,40,20,20,14.927360116590481,0.011415748433622263,819,"['20_lag_35_median_eapPSLjfm', '20_lag_26_median_nppc2SSTjfm', '35_lag_naoPSLjfm', '35_lag_stratZ50ndj03', '38_lag_amo2', '26_lag_nhSICsep']","[4.084908681775312, 0.5895650614518839, 3.774788782489635, 4.877966104997908, 2.0735761595547197, 1.0616484439122686]","20_lag_35_median_eapPSLjfm, 20_lag_26_median_nppc2SSTjfm, 35_lag_naoPSLjfm, 35_lag_stratZ50ndj03, 38_lag_amo2, 26_lag_nhSICsep_819_20"
LRforcedPSO,26,6,amoSSTmjjaso,picntrl,1540.5,2050.5,0.4,41,21,21,13.448333163810332,0.031287435066972916,819,"['37_lag_shSICmar', '40_lag_amo2', '40_lag_eapPSLjfm', '21_lag_26_median_nhSICjfm', '31_lag_atlSICjfm', '38_lag_amoSSTjfm']","[1.8475426139405247, 1.9313002934112444, 2.3438846529245887, 1.8475542846821515, 2.385300000597191, 2.3290588784109487]","37_lag_shSICmar, 40_lag_amo2, 40_lag_eapPSLjfm, 21_lag_26_median_nhSICjfm, 31_lag_atlSICjfm, 38_lag_amoSSTjfm_819_21"
LRforcedPSO,27,6,amoSSTmjjaso,picntrl,1541.5,2050.5,0.4,42,22,22,14.269888655004067,0.09949537955932007,819,"['22_lag_27_median_stratZ50ndj02', '27_lag_stratZ50ndj03', '30_lag_stratZ50ndj03', '22_lag_36_median_amo3', '22_lag_31_median_amoSSTmjjaso', '22_lag_35_median_naoPSLjfm']","[5.164182110879684, 1.0254650476373524, 5.918723299342446, 2.3701787137903008, 0.0937866907689795, 3.508023234191347]","22_lag_27_median_stratZ50ndj02, 27_lag_stratZ50ndj03, 30_lag_stratZ50ndj03, 22_lag_36_median_amo3, 22_lag_31_median_amoSSTmjjaso, 22_lag_35_median_naoPSLjfm_819_22"
LRforcedPSO,28,6,amoSSTmjjaso,picntrl,1542.5,2050.5,0.4,43,23,23,14.137210434098307,-0.1504940238533706,819,"['23_lag_41_median_shSICmar', '23_lag_39_median_scpPSLjfm', '23_lag_28_median_nppc2SSTjfm', '42_lag_eurPSLjfm', '27_lag_atlSICjfm', '26_lag_amo2']","[2.5370486538840584, 2.6190336639968224, 2.111464249266691, 2.2021095842985043, 2.240422579865605, 2.425187308311064]","23_lag_41_median_shSICmar, 23_lag_39_median_scpPSLjfm, 23_lag_28_median_nppc2SSTjfm, 42_lag_eurPSLjfm, 27_lag_atlSICjfm, 26_lag_amo2_819_23"
LRforcedPSO,29,6,amoSSTmjjaso,picntrl,1543.5,2050.5,0.4,44,24,24,14.518880691052132,-0.04508497071300348,819,"['24_lag_39_median_naoPSLjfm', '35_lag_stratZ50ndj04', '32_lag_stratZ50ndj02', '29_lag_nhSICjfm', '24_lag_32_median_AMOCann', '42_lag_stratZ50ndj02']","[1.9137817898975662, 0.36667968917496196, 2.354676667883812, 2.1852633388716702, 0.30757969517237704, 6.440069336047771]","24_lag_39_median_naoPSLjfm, 35_lag_stratZ50ndj04, 32_lag_stratZ50ndj02, 29_lag_nhSICjfm, 24_lag_32_median_AMOCann, 42_lag_stratZ50ndj02_819_24"
LRforcedPSO,30,6,amoSSTmjjaso,picntrl,1544.5,2050.5,0.4,45,25,25,13.105292052421014,0.1894746725796648,819,"['25_lag_41_median_scpPSLjfm', '25_lag_43_median_amoSSTjfm', '35_lag_atlSICsep', '25_lag_31_median_stratZ50ndj03', '37_lag_amoSSTjfm', '25_lag_28_median_scpPSLjfm']","[2.601841123050451, 2.302856083057395, 2.2829487867872356, 3.0045290482888496, 2.424174568787994, 2.6971146033305313]","25_lag_41_median_scpPSLjfm, 25_lag_43_median_amoSSTjfm, 35_lag_atlSICsep, 25_lag_31_median_stratZ50ndj03, 37_lag_amoSSTjfm, 25_lag_28_median_scpPSLjfm_819_25"
LRforcedPSO,31,6,amoSSTmjjaso,picntrl,1545.5,2050.5,0.4,46,26,26,14.032855378392128,0.0725097605432356,819,"['33_lag_stratZ50ndj03', '26_lag_38_median_shSICmar', '43_lag_AMOCann', '26_lag_34_median_stratZ50ndj03', '43_lag_naoPSLjfm', '42_lag_shSICsep']","[2.1252011018188117, 3.7962448790000174, 1.8152064993402064, 1.1858781026986343, 5.580078339568997, 1.5532816448332998]","33_lag_stratZ50ndj03, 26_lag_38_median_shSICmar, 43_lag_AMOCann, 26_lag_34_median_stratZ50ndj03, 43_lag_naoPSLjfm, 42_lag_shSICsep_819_26"
LRforcedPSO,32,6,amoSSTmjjaso,picntrl,1546.5,2050.5,0.4,47,27,27,17.34186169918027,-0.16990033370557034,819,"['27_lag_30_median_stratZ50ndj01', '27_lag_37_median_eurPSLjfm', '46_lag_amo3', '27_lag_35_median_nppc2SSTjfm', '27_lag_31_median_amo3', '27_lag_35_median_nhSICjfm']","[2.015347419523625, 6.923522928387083, 6.1031948738701765, 3.0484997598020636, 2.541387718548343, 6.614123668472093]","27_lag_30_median_stratZ50ndj01, 27_lag_37_median_eurPSLjfm, 46_lag_amo3, 27_lag_35_median_nppc2SSTjfm, 27_lag_31_median_amo3, 27_lag_35_median_nhSICjfm_819_27"
LRforcedPSO,33,6,amoSSTmjjaso,picntrl,1547.5,2050.5,0.4,48,28,28,13.645481199041518,0.05700737101625365,819,"['40_lag_AMOCann', '28_lag_38_median_atlSICjfm', '28_lag_37_median_stratZ50ndj01', '39_lag_stratZ50ndj02', '28_lag_31_median_eapPSLjfm', '31_lag_eurPSLjfm']","[2.1254125158062322, 6.565733912157691, 1.181576756062091, 0.05171806942387214, 0.17471501995191652, 0.8260444287733275]","40_lag_AMOCann, 28_lag_38_median_atlSICjfm, 28_lag_37_median_stratZ50ndj01, 39_lag_stratZ50ndj02, 28_lag_31_median_eapPSLjfm, 31_lag_eurPSLjfm_819_28"
LRforcedPSO,34,6,amoSSTmjjaso,picntrl,1548.5,2050.5,0.4,49,29,29,13.723997004833663,-0.026563652197626585,819,"['29_lag_37_median_amo1', '29_lag_38_median_amoSSTmjjaso', '29_lag_43_median_eurPSLjfm', '45_lag_shSICsep', '29_lag_43_median_nhSICsep', '29_lag_39_median_naoPSLjfm']","[2.6058382266892743, 1.960201890826362, 1.9680563224575225, 2.6075361808646607, 2.0000036165960875, 1.9575524818727537]","29_lag_37_median_amo1, 29_lag_38_median_amoSSTmjjaso, 29_lag_43_median_eurPSLjfm, 45_lag_shSICsep, 29_lag_43_median_nhSICsep, 29_lag_39_median_naoPSLjfm_819_29"
LRforcedPSO,35,6,amoSSTmjjaso,picntrl,1549.5,2050.5,0.4,50,30,30,14.083992987634181,-0.08390172872191033,819,"['30_lag_39_median_eurPSLjfm', '30_lag_38_median_amo2', '42_lag_amoSSTmjjaso', '34_lag_amoSSTjfm', '30_lag_32_median_stratZ50ndj01', '47_lag_amoSSTmjjaso']","[1.4031411776577016, 2.4676771905451256, 3.20354852327209, 2.875341196147028, 0.3650050498255233, 2.706875313008535]","30_lag_39_median_eurPSLjfm, 30_lag_38_median_amo2, 42_lag_amoSSTmjjaso, 34_lag_amoSSTjfm, 30_lag_32_median_stratZ50ndj01, 47_lag_amoSSTmjjaso_819_30"
LRforcedPSO,36,6,amoSSTmjjaso,picntrl,1550.5,2050.5,0.4,51,31,31,14.369040775496318,-0.05480273464842658,819,"['39_lag_shSICsep', '43_lag_atlSICsep', '31_lag_amo3', '35_lag_stratZ50ndj02', '40_lag_naoPSLjfm', '31_lag_40_median_amoSSTjfm']","[0.3944536445387392, 5.506515427844727, 2.671373406925417, 3.905987918323678, 2.0878309165867233, 0.7248436899508182]","39_lag_shSICsep, 43_lag_atlSICsep, 31_lag_amo3, 35_lag_stratZ50ndj02, 40_lag_naoPSLjfm, 31_lag_40_median_amoSSTjfm_819_31"
LRforcedPSO,37,6,amoSSTmjjaso,picntrl,1551.5,2050.5,0.4,52,32,32,13.502137743175847,0.024786077162821985,819,"['32_lag_33_median_amo1', '32_lag_40_median_scpPSLjfm', '32_lag_43_median_amoSSTmjjaso', '45_lag_amoSSTmjjaso', '32_lag_43_median_naoPSLjfm', '36_lag_shSICsep']","[0.2823162606549463, 3.158401731599824, 3.1920775914783217, 3.9959138444273083, 0.5417956860482125, 1.4620784215271598]","32_lag_33_median_amo1, 32_lag_40_median_scpPSLjfm, 32_lag_43_median_amoSSTmjjaso, 45_lag_amoSSTmjjaso, 32_lag_43_median_naoPSLjfm, 36_lag_shSICsep_819_32"
LRforcedPSO,38,6,amoSSTmjjaso,picntrl,1552.5,2050.5,0.4,53,33,33,13.50681587664182,-0.05347859793949101,819,"['33_lag_47_median_stratZ50ndj01', '33_lag_41_median_stratZ50ndj03', '46_lag_nppc2SSTjfm', '40_lag_stratZ50ndj02', '33_lag_39_median_amo2', '39_lag_nppc2SSTjfm']","[1.8860317862563012, 1.8886704840021005, 1.8862371800656603, 1.8885016288560652, 2.5146359492022543, 2.5066072386717315]","33_lag_47_median_stratZ50ndj01, 33_lag_41_median_stratZ50ndj03, 46_lag_nppc2SSTjfm, 40_lag_stratZ50ndj02, 33_lag_39_median_amo2, 39_lag_nppc2SSTjfm_819_33"
LRforcedPSO,39,6,amoSSTmjjaso,picntrl,1553.5,2050.5,0.4,54,34,34,15.167629732612168,-0.0820125652539655,819,"['52_lag_scpPSLjfm', '34_lag_50_median_amo3', '38_lag_shSICsep', '34_lag_43_median_stratZ50ndj04', '40_lag_stratZ50ndj02', '34_lag_42_median_amoSSTmjjaso']","[2.2599789821097804, 3.252829056981037, 4.606444345120959, 0.8685490098246085, 5.76043790684529, 5.258209071581234]","52_lag_scpPSLjfm, 34_lag_50_median_amo3, 38_lag_shSICsep, 34_lag_43_median_stratZ50ndj04, 40_lag_stratZ50ndj02, 34_lag_42_median_amoSSTmjjaso_819_34"
LRforcedPSO,40,6,amoSSTmjjaso,picntrl,1554.5,2050.5,0.4,55,35,35,13.54378696445998,0.028465543203665983,819,"['35_lag_47_median_nhSICsep', '35_lag_48_median_nhSICjfm', '44_lag_nppc2SSTjfm', '35_lag_51_median_amo2', '44_lag_stratZ50ndj01', '36_lag_atlSICsep']","[3.0688920697657256, 2.3016889826967133, 2.518802535994053, 2.3341203422288626, 2.642871060685594, 2.380493913546567]","35_lag_47_median_nhSICsep, 35_lag_48_median_nhSICjfm, 44_lag_nppc2SSTjfm, 35_lag_51_median_amo2, 44_lag_stratZ50ndj01, 36_lag_atlSICsep_819_35"
LRforcedPSO,41,6,amoSSTmjjaso,picntrl,1555.5,2050.5,0.4,56,36,36,13.131263956136873,-0.021610032404397888,819,"['36_lag_38_median_amoSSTmjjaso', '39_lag_stratZ50ndj02', '37_lag_shSICmar', '41_lag_atlSICsep', '37_lag_amo3', '36_lag_44_median_shSICmar']","[2.1057437807844552, 1.6368128993991504, 1.5946239196498837, 2.0473296134230963, 1.5949493972213762, 2.1261573036007455]","36_lag_38_median_amoSSTmjjaso, 39_lag_stratZ50ndj02, 37_lag_shSICmar, 41_lag_atlSICsep, 37_lag_amo3, 36_lag_44_median_shSICmar_819_36"
LRforcedPSO,42,6,amoSSTmjjaso,picntrl,1556.5,2050.5,0.4,57,37,37,14.723727901341151,-0.07342048479241692,819,"['37_lag_53_median_atlSICjfm', '37_lag_55_median_amo3', '40_lag_amo3', '45_lag_nhSICjfm', '43_lag_amo2', '37_lag_50_median_stratZ50ndj04']","[3.9563457841342533, 7.640924094833174, 2.7578364974977854, 1.4594406854930408, 4.993552629321951, 2.5983224870759507]","37_lag_53_median_atlSICjfm, 37_lag_55_median_amo3, 40_lag_amo3, 45_lag_nhSICjfm, 43_lag_amo2, 37_lag_50_median_stratZ50ndj04_819_37"
LRforcedPSO,43,6,amoSSTmjjaso,picntrl,1557.5,2050.5,0.4,58,38,38,14.27898664566454,0.08553678402499666,819,"['40_lag_eurPSLjfm', '43_lag_nhSICjfm', '38_lag_42_median_shSICmar', '38_lag_42_median_scpPSLjfm', '56_lag_amo1', '38_lag_46_median_nhSICsep']","[0.47625520546319144, 6.29257288792946, 1.3031029671159509, 1.7943991886480894, 6.30580048167387, 1.9319764121119043]","40_lag_eurPSLjfm, 43_lag_nhSICjfm, 38_lag_42_median_shSICmar, 38_lag_42_median_scpPSLjfm, 56_lag_amo1, 38_lag_46_median_nhSICsep_819_38"
LRforcedPSO,44,6,amoSSTmjjaso,picntrl,1558.5,2050.5,0.4,59,39,39,13.834689314404867,0.007965292385637195,819,"['39_lag_nhSICjfm', '39_lag_58_median_amo2', '39_lag_51_median_stratZ50ndj04', '39_lag_53_median_amoSSTmjjaso', '39_lag_49_median_atlSICjfm', '39_lag_44_median_eurPSLjfm']","[2.296056445434329, 2.4234482297350817, 2.777092341427569, 2.637097115579017, 2.1603534400248554, 2.1069162376241715]","39_lag_nhSICjfm, 39_lag_58_median_amo2, 39_lag_51_median_stratZ50ndj04, 39_lag_53_median_amoSSTmjjaso, 39_lag_49_median_atlSICjfm, 39_lag_44_median_eurPSLjfm_819_39"
LRforcedPSO,45,6,amoSSTmjjaso,picntrl,1559.5,2050.5,0.4,60,40,40,13.98616276803293,-0.03928609173585803,819,"['55_lag_amo3', '40_lag_58_median_atlSICsep', '54_lag_eurPSLjfm', '40_lag_46_median_AMOCann', '40_lag_58_median_amo2', '48_lag_shSICmar']","[2.458507888777115, 2.6926885436019643, 2.4738096224636443, 3.261477648701996, 2.7379528534471373, 2.46208564252929]","55_lag_amo3, 40_lag_58_median_atlSICsep, 54_lag_eurPSLjfm, 40_lag_46_median_AMOCann, 40_lag_58_median_amo2, 48_lag_shSICmar_819_40"
LRforcedPSO,46,6,amoSSTmjjaso,picntrl,1560.5,2050.5,0.4,61,41,41,12.91568092227891,0.1827823542695515,819,"['41_lag_43_median_AMOCann', '50_lag_nhSICjfm', '51_lag_amoSSTjfm', '42_lag_shSICsep', '41_lag_49_median_scpPSLjfm', '48_lag_AMOCann']","[1.186720294719299, 1.0069609703613196, 0.9263157991056659, 3.732023941602975, 0.5327173383452468, 3.965316793874396]","41_lag_43_median_AMOCann, 50_lag_nhSICjfm, 51_lag_amoSSTjfm, 42_lag_shSICsep, 41_lag_49_median_scpPSLjfm, 48_lag_AMOCann_819_41"
LRforcedPSO,47,6,amoSSTmjjaso,picntrl,1561.5,2050.5,0.4,62,42,42,13.50107105683277,0.0162781686696319,819,"['42_lag_47_median_shSICsep', '42_lag_naoPSLjfm', '42_lag_AMOCann', '44_lag_amoSSTmjjaso', '50_lag_eapPSLjfm', '42_lag_43_median_stratZ50ndj02']","[2.752267444875502, 2.064739410142406, 2.339271949432285, 2.0651515877692783, 2.75225512908399, 2.0642404057670753]","42_lag_47_median_shSICsep, 42_lag_naoPSLjfm, 42_lag_AMOCann, 44_lag_amoSSTmjjaso, 50_lag_eapPSLjfm, 42_lag_43_median_stratZ50ndj02_819_42"
LRforcedPSO,48,6,amoSSTmjjaso,picntrl,1562.5,2050.5,0.4,63,43,43,13.809185176084876,-0.08210950912278667,819,"['43_lag_53_median_AMOCann', '51_lag_stratZ50ndj01', '43_lag_57_median_amo3', '55_lag_atlSICsep', '56_lag_shSICsep', '43_lag_52_median_AMOCann']","[8.83164648733377, 1.2544010553807645, 1.1427506714695248, 0.19995279841925395, 5.7445817177196385, 6.777354738501618]","43_lag_53_median_AMOCann, 51_lag_stratZ50ndj01, 43_lag_57_median_amo3, 55_lag_atlSICsep, 56_lag_shSICsep, 43_lag_52_median_AMOCann_819_43"
LRforcedPSO,49,6,amoSSTmjjaso,picntrl,1563.5,2050.5,0.4,64,44,44,15.34755554484774,-0.09919131158580903,819,"['44_lag_49_median_amoSSTmjjaso', '44_lag_50_median_shSICsep', '44_lag_46_median_stratZ50ndj03', '48_lag_stratZ50ndj03', '44_lag_53_median_nhSICsep', '54_lag_shSICmar']","[3.604777919082018, 8.03610663453549, 3.736493299601338, 1.1573391985287795, 0.16363368486154606, 5.727005606079636]","44_lag_49_median_amoSSTmjjaso, 44_lag_50_median_shSICsep, 44_lag_46_median_stratZ50ndj03, 48_lag_stratZ50ndj03, 44_lag_53_median_nhSICsep, 54_lag_shSICmar_819_44"
LRforcedPSO,50,6,amoSSTmjjaso,picntrl,1564.5,2050.5,0.4,65,45,45,13.63884472785102,0.07040992474715652,819,"['50_lag_amo1', '45_lag_58_median_stratZ50ndj01', '49_lag_stratZ50ndj03', '45_lag_50_median_amo3', '55_lag_shSICsep', '62_lag_stratZ50ndj04']","[1.2946697092219868, 5.459748403581459, 3.116831094219039, 1.048898575107632, 0.6009866074658188, 0.919007257957329]","50_lag_amo1, 45_lag_58_median_stratZ50ndj01, 49_lag_stratZ50ndj03, 45_lag_50_median_amo3, 55_lag_shSICsep, 62_lag_stratZ50ndj04_819_45"
LRforcedPSO,51,6,amoSSTmjjaso,picntrl,1565.5,2050.5,0.4,66,46,46,14.447583326901928,-0.028835533607303496,819,"['63_lag_stratZ50ndj03', '46_lag_60_median_naoPSLjfm', '52_lag_atlSICsep', '62_lag_shSICmar', '46_lag_stratZ50ndj03', '58_lag_atlSICsep']","[2.7909900503598095, 3.4083616780434673, 3.5810905557898898, 3.478294398325294, 2.7035763418241747, 2.844820330414889]","63_lag_stratZ50ndj03, 46_lag_60_median_naoPSLjfm, 52_lag_atlSICsep, 62_lag_shSICmar, 46_lag_stratZ50ndj03, 58_lag_atlSICsep_819_46"
LRforcedPSO,52,6,amoSSTmjjaso,picntrl,1566.5,2050.5,0.4,67,47,47,13.646376168046062,0.062133129994730356,819,"['63_lag_stratZ50ndj03', '47_lag_66_median_amoSSTmjjaso', '47_lag_53_median_stratZ50ndj03', '49_lag_atlSICjfm', '59_lag_nhSICsep', '66_lag_amoSSTmjjaso']","[0.5390530479856643, 0.13573275707995336, 1.683969156967482, 4.664610420530597, 0.7854746134513828, 4.432639330106387]","63_lag_stratZ50ndj03, 47_lag_66_median_amoSSTmjjaso, 47_lag_53_median_stratZ50ndj03, 49_lag_atlSICjfm, 59_lag_nhSICsep, 66_lag_amoSSTmjjaso_819_47"
LRforcedPSO,53,6,amoSSTmjjaso,picntrl,1567.5,2050.5,0.4,68,48,48,13.480064247813702,0.048591326798818904,819,"['48_lag_51_median_nhSICsep', '48_lag_63_median_shSICmar', '48_lag_54_median_shSICmar', '48_lag_55_median_eurPSLjfm', '52_lag_shSICmar', '58_lag_amoSSTmjjaso']","[2.9780302907627667, 2.9354033618708253, 2.7319694226640996, 2.280960687350284, 2.6298655141847647, 2.2336082625845033]","48_lag_51_median_nhSICsep, 48_lag_63_median_shSICmar, 48_lag_54_median_shSICmar, 48_lag_55_median_eurPSLjfm, 52_lag_shSICmar, 58_lag_amoSSTmjjaso_819_48"
LRforcedPSO,54,6,amoSSTmjjaso,picntrl,1568.5,2050.5,0.4,69,49,49,13.007786046235545,0.13783545624072957,819,"['49_lag_68_median_amoSSTmjjaso', '62_lag_amo2', '49_lag_atlSICsep', '66_lag_scpPSLjfm', '53_lag_amo1', '55_lag_nppc2SSTjfm']","[1.6312373394102504, 1.6199488004822233, 2.067105389131352, 1.6201196297872058, 2.154424984711079, 2.0620994995694515]","49_lag_68_median_amoSSTmjjaso, 62_lag_amo2, 49_lag_atlSICsep, 66_lag_scpPSLjfm, 53_lag_amo1, 55_lag_nppc2SSTjfm_819_49"
LRforcedPSO,55,6,amoSSTmjjaso,picntrl,1569.5,2050.5,0.4,70,50,50,12.80566513992725,0.14289519073732737,819,"['50_lag_57_median_atlSICsep', '50_lag_55_median_amoSSTjfm', '54_lag_amoSSTjfm', '59_lag_stratZ50ndj04', '50_lag_69_median_amo2', '67_lag_eurPSLjfm']","[1.6870630911042475, 1.3868397330157682, 1.583573403172934, 1.767227427302089, 1.5464127424692027, 1.3370979906468183]","50_lag_57_median_atlSICsep, 50_lag_55_median_amoSSTjfm, 54_lag_amoSSTjfm, 59_lag_stratZ50ndj04, 50_lag_69_median_amo2, 67_lag_eurPSLjfm_819_50"
LRforcedPSO,56,6,amoSSTmjjaso,picntrl,1570.5,2050.5,0.4,71,51,51,13.801598825361864,-0.1823455050518136,819,"['69_lag_atlSICsep', '65_lag_stratZ50ndj04', '51_lag_atlSICjfm', '54_lag_nhSICsep', '56_lag_stratZ50ndj04', '51_lag_69_median_eurPSLjfm']","[1.7282864048585602, 1.6586533209559888, 2.2114766131153303, 1.9244319151727944, 1.6586703667187142, 1.6650108450974492]","69_lag_atlSICsep, 65_lag_stratZ50ndj04, 51_lag_atlSICjfm, 54_lag_nhSICsep, 56_lag_stratZ50ndj04, 51_lag_69_median_eurPSLjfm_819_51"
LRforcedPSO,57,6,amoSSTmjjaso,picntrl,1571.5,2050.5,0.4,72,52,52,13.581913406125121,0.0037607851291250986,819,"['68_lag_amo3', '52_lag_71_median_naoPSLjfm', '52_lag_65_median_nppc2SSTjfm', '68_lag_nhSICsep', '52_lag_65_median_AMOCann', '52_lag_60_median_atlSICsep']","[2.538216270251599, 2.2512165582487813, 1.9084989573114055, 2.489336698263017, 2.334628589189886, 2.0124692417936427]","68_lag_amo3, 52_lag_71_median_naoPSLjfm, 52_lag_65_median_nppc2SSTjfm, 68_lag_nhSICsep, 52_lag_65_median_AMOCann, 52_lag_60_median_atlSICsep_819_52"
LRforcedPSO,58,6,amoSSTmjjaso,picntrl,1572.5,2050.5,0.4,73,53,53,15.343074202170445,-0.10810468439547354,819,"['53_lag_56_median_nhSICsep', '59_lag_atlSICsep', '68_lag_AMOCann', '58_lag_amo2', '53_lag_68_median_atlSICjfm', '59_lag_amoSSTjfm']","[3.916084207947515, 0.30914972186606704, 4.9515853571410755, 7.06933474740088, 0.6424153846434812, 2.9938690558152263]","53_lag_56_median_nhSICsep, 59_lag_atlSICsep, 68_lag_AMOCann, 58_lag_amo2, 53_lag_68_median_atlSICjfm, 59_lag_amoSSTjfm_819_53"
LRforcedPSO,59,6,amoSSTmjjaso,picntrl,1573.5,2050.5,0.4,74,54,54,14.794882775002685,-0.09548678417940905,819,"['72_lag_atlSICsep', '70_lag_eurPSLjfm', '68_lag_scpPSLjfm', '54_lag_73_median_shSICmar', '54_lag_56_median_AMOCann', '65_lag_scpPSLjfm']","[4.5800996624024055, 2.56500846757843, 0.48459950188105516, 1.3073683733791306, 4.150193210155198, 2.3916536064752965]","72_lag_atlSICsep, 70_lag_eurPSLjfm, 68_lag_scpPSLjfm, 54_lag_73_median_shSICmar, 54_lag_56_median_AMOCann, 65_lag_scpPSLjfm_819_54"
LRforcedPSO,60,6,amoSSTmjjaso,picntrl,1574.5,2050.5,0.4,75,55,55,13.807695390305518,0.06929971687017707,819,"['55_lag_68_median_amo2', '73_lag_atlSICjfm', '63_lag_stratZ50ndj04', '55_lag_61_median_nhSICjfm', '55_lag_64_median_amo3', '55_lag_63_median_stratZ50ndj02']","[3.9500368615201342, 1.3433417167552761, 2.5714692737406804, 1.134702126138059, 5.122867871072398, 0.7419679921324374]","55_lag_68_median_amo2, 73_lag_atlSICjfm, 63_lag_stratZ50ndj04, 55_lag_61_median_nhSICjfm, 55_lag_64_median_amo3, 55_lag_63_median_stratZ50ndj02_819_55"
LRforcedPSO,61,6,amoSSTmjjaso,picntrl,1575.5,2050.5,0.4,76,56,56,13.36782637796488,0.05115620107234467,819,"['56_lag_57_median_nppc2SSTjfm', '74_lag_amo2', '56_lag_59_median_stratZ50ndj04', '62_lag_naoPSLjfm', '56_lag_65_median_stratZ50ndj01', '57_lag_atlSICsep']","[1.948102886196334, 2.597470492776115, 1.948112179112891, 2.0264614103861494, 1.9518323598760514, 1.9555256602074231]","56_lag_57_median_nppc2SSTjfm, 74_lag_amo2, 56_lag_59_median_stratZ50ndj04, 62_lag_naoPSLjfm, 56_lag_65_median_stratZ50ndj01, 57_lag_atlSICsep_819_56"
LRforcedPSO,62,6,amoSSTmjjaso,picntrl,1576.5,2050.5,0.4,77,57,57,13.099574441798541,0.04993685650946821,819,"['57_lag_58_median_atlSICjfm', '57_lag_65_median_AMOCann', '73_lag_stratZ50ndj03', '57_lag_58_median_amo2', '69_lag_amo2', '57_lag_64_median_amo1']","[1.9410105238120061, 1.8151706135103032, 1.5971390790185063, 1.8373375956770344, 2.0583974338446382, 2.12948256965108]","57_lag_58_median_atlSICjfm, 57_lag_65_median_AMOCann, 73_lag_stratZ50ndj03, 57_lag_58_median_amo2, 69_lag_amo2, 57_lag_64_median_amo1_819_57"
LRforcedPSO,63,6,amoSSTmjjaso,picntrl,1577.5,2050.5,0.4,78,58,58,13.084679590160631,0.09461806922985624,819,"['58_lag_65_median_nppc2SSTjfm', '62_lag_stratZ50ndj01', '77_lag_amoSSTjfm', '66_lag_shSICmar', '58_lag_71_median_nppc2SSTjfm', '68_lag_eurPSLjfm']","[1.645692873367608, 2.1175735599715955, 1.6445513006858, 1.6831186349923322, 2.1909502354363792, 1.7338019415877324]","58_lag_65_median_nppc2SSTjfm, 62_lag_stratZ50ndj01, 77_lag_amoSSTjfm, 66_lag_shSICmar, 58_lag_71_median_nppc2SSTjfm, 68_lag_eurPSLjfm_819_58"
LRforcedPSO,64,6,amoSSTmjjaso,picntrl,1578.5,2050.5,0.4,79,59,59,13.514611235635313,-0.01756433285212742,819,"['59_lag_71_median_naoPSLjfm', '59_lag_70_median_stratZ50ndj04', '65_lag_naoPSLjfm', '68_lag_stratZ50ndj01', '59_lag_64_median_scpPSLjfm', '68_lag_nppc2SSTjfm']","[3.313310158586516, 0.029208380461207994, 2.1666010895375987, 0.8177563512202504, 1.4309507822505996, 3.1956941937028294]","59_lag_71_median_naoPSLjfm, 59_lag_70_median_stratZ50ndj04, 65_lag_naoPSLjfm, 68_lag_stratZ50ndj01, 59_lag_64_median_scpPSLjfm, 68_lag_nppc2SSTjfm_819_59"
LRforcedPSO,65,6,amoSSTmjjaso,picntrl,1579.5,2050.5,0.4,80,60,60,13.698090998838142,-0.0680015585294905,819,"['60_lag_74_median_atlSICsep', '60_lag_74_median_nhSICsep', '60_lag_63_median_nppc2SSTjfm', '60_lag_64_median_stratZ50ndj04', '60_lag_79_median_nppc2SSTjfm', '64_lag_amo3']","[1.7544471469949388, 2.0635940359749068, 2.3120701844606852, 1.7348413407280343, 1.73405761849665, 1.7340533363524202]","60_lag_74_median_atlSICsep, 60_lag_74_median_nhSICsep, 60_lag_63_median_nppc2SSTjfm, 60_lag_64_median_stratZ50ndj04, 60_lag_79_median_nppc2SSTjfm, 64_lag_amo3_819_60"
LRforcedPSO,66,6,amoSSTmjjaso,picntrl,1580.5,2050.5,0.4,81,61,61,14.513106440411066,0.1296078337091988,819,"['62_lag_naoPSLjfm', '73_lag_amo2', '73_lag_amo1', '78_lag_amo1', '61_lag_69_median_scpPSLjfm', '61_lag_66_median_eapPSLjfm']","[2.1342720599317904, 7.399014842956413, 3.2403275844872326, 1.3952388409586796, 1.647615029136384, 3.9560295446443305]","62_lag_naoPSLjfm, 73_lag_amo2, 73_lag_amo1, 78_lag_amo1, 61_lag_69_median_scpPSLjfm, 61_lag_66_median_eapPSLjfm_819_61"
LRforcedPSO,67,6,amoSSTmjjaso,picntrl,1581.5,2050.5,0.4,82,62,62,14.405371935442707,0.03588322925172726,819,"['62_lag_68_median_nppc2SSTjfm', '72_lag_atlSICjfm', '62_lag_66_median_nppc2SSTjfm', '62_lag_80_median_stratZ50ndj03', '62_lag_78_median_eapPSLjfm', '71_lag_nhSICjfm']","[8.4650977663247, 0.10532129149618541, 7.779800194249626, 3.771595804256787, 0.7405478433896935, 4.787553122639203]","62_lag_68_median_nppc2SSTjfm, 72_lag_atlSICjfm, 62_lag_66_median_nppc2SSTjfm, 62_lag_80_median_stratZ50ndj03, 62_lag_78_median_eapPSLjfm, 71_lag_nhSICjfm_819_62"
LRforcedPSO,68,6,amoSSTmjjaso,picntrl,1582.5,2050.5,0.4,83,63,63,14.517469495305447,-0.06390567014172245,819,"['63_lag_stratZ50ndj03', '65_lag_atlSICsep', '63_lag_66_median_amo1', '78_lag_stratZ50ndj02', '63_lag_81_median_shSICsep', '63_lag_81_median_eurPSLjfm']","[0.9142130274408267, 5.018316204029379, 3.8696824847394833, 3.8886124027696685, 1.5579378563007964, 1.9456820390600509]","63_lag_stratZ50ndj03, 65_lag_atlSICsep, 63_lag_66_median_amo1, 78_lag_stratZ50ndj02, 63_lag_81_median_shSICsep, 63_lag_81_median_eurPSLjfm_819_63"
LRforcedPSO,69,6,amoSSTmjjaso,picntrl,1583.5,2050.5,0.4,84,64,64,12.917541482485817,0.2129302679129013,819,"['64_lag_67_median_naoPSLjfm', '79_lag_naoPSLjfm', '64_lag_68_median_stratZ50ndj01', '68_lag_amoSSTjfm', '64_lag_68_median_shSICsep', '64_lag_79_median_stratZ50ndj04']","[3.370253380542458, 1.808867320403408, 0.713790863530166, 0.2650049610472145, 2.152818597405341, 3.8183162904840717]","64_lag_67_median_naoPSLjfm, 79_lag_naoPSLjfm, 64_lag_68_median_stratZ50ndj01, 68_lag_amoSSTjfm, 64_lag_68_median_shSICsep, 64_lag_79_median_stratZ50ndj04_819_64"
LRforcedPSO,70,6,amoSSTmjjaso,picntrl,1584.5,2050.5,0.4,85,65,65,13.469161955390327,0.0024355388095510934,819,"['65_lag_66_median_stratZ50ndj03', '65_lag_scpPSLjfm', '65_lag_82_median_atlSICjfm', '65_lag_amo1', '65_lag_76_median_stratZ50ndj03', '74_lag_atlSICjfm']","[1.8571497817685252, 2.2743638818335477, 1.8851019702977538, 2.8553000299996345, 1.0876141274715767, 3.701606046884529]","65_lag_66_median_stratZ50ndj03, 65_lag_scpPSLjfm, 65_lag_82_median_atlSICjfm, 65_lag_amo1, 65_lag_76_median_stratZ50ndj03, 74_lag_atlSICjfm_819_65"
LRforcedPSO,71,6,amoSSTmjjaso,picntrl,1585.5,2050.5,0.4,86,66,66,13.918963252973388,0.2346512565659656,819,"['82_lag_stratZ50ndj03', '66_lag_84_median_amoSSTjfm', '66_lag_82_median_amo2', '68_lag_amo1', '72_lag_shSICmar', '66_lag_75_median_amoSSTjfm']","[2.366605404630766, 6.069689566992899, 6.673450317840562, 2.8366310878006917, 1.26072292704146, 0.4794748613872084]","82_lag_stratZ50ndj03, 66_lag_84_median_amoSSTjfm, 66_lag_82_median_amo2, 68_lag_amo1, 72_lag_shSICmar, 66_lag_75_median_amoSSTjfm_819_66"
LRforcedPSO,72,6,amoSSTmjjaso,picntrl,1586.5,2050.5,0.4,87,67,67,13.697237635755156,-0.013692389436156386,819,"['67_lag_stratZ50ndj04', '67_lag_68_median_nhSICjfm', '67_lag_76_median_AMOCann', '74_lag_atlSICjfm', '67_lag_77_median_eurPSLjfm', '67_lag_83_median_amoSSTjfm']","[2.7119653703999527, 2.6464977511655405, 2.5476687666471496, 3.222595221915732, 2.5425453988214186, 3.3892104271666224]","67_lag_stratZ50ndj04, 67_lag_68_median_nhSICjfm, 67_lag_76_median_AMOCann, 74_lag_atlSICjfm, 67_lag_77_median_eurPSLjfm, 67_lag_83_median_amoSSTjfm_819_67"
LRforcedPSO,73,6,amoSSTmjjaso,picntrl,1587.5,2050.5,0.4,88,68,68,14.180221880193196,-0.00912131565193717,819,"['68_lag_85_median_amoSSTjfm', '68_lag_83_median_amo3', '87_lag_naoPSLjfm', '73_lag_scpPSLjfm', '68_lag_71_median_atlSICjfm', '68_lag_71_median_shSICsep']","[0.22140812859501224, 8.022589283907571, 0.7281113876215564, 2.729298345826006, 6.368226066199938, 0.7860679133421975]","68_lag_85_median_amoSSTjfm, 68_lag_83_median_amo3, 87_lag_naoPSLjfm, 73_lag_scpPSLjfm, 68_lag_71_median_atlSICjfm, 68_lag_71_median_shSICsep_819_68"
LRforcedPSO,74,6,amoSSTmjjaso,picntrl,1588.5,2050.5,0.4,89,69,69,14.379511865131217,-0.12140797068285057,819,"['73_lag_shSICsep', '69_lag_84_median_amo1', '78_lag_eurPSLjfm', '69_lag_82_median_stratZ50ndj04', '84_lag_atlSICsep', '79_lag_scpPSLjfm']","[2.336783192344134, 2.3370012010977965, 2.403548460219445, 2.374676477977086, 3.0822051082567703, 2.312031298721245]","73_lag_shSICsep, 69_lag_84_median_amo1, 78_lag_eurPSLjfm, 69_lag_82_median_stratZ50ndj04, 84_lag_atlSICsep, 79_lag_scpPSLjfm_819_69"
LRforcedPSO,75,6,amoSSTmjjaso,picntrl,1589.5,2050.5,0.4,90,70,70,14.142782941383652,0.16176723394079,819,"['81_lag_atlSICjfm', '80_lag_nhSICjfm', '70_lag_82_median_stratZ50ndj03', '85_lag_stratZ50ndj03', '70_lag_77_median_amo2', '86_lag_nppc2SSTjfm']","[1.4619149554570612, 0.1671533254908617, 0.5338561446834529, 2.461680077246335, 7.397050416706568, 2.3095612036464317]","81_lag_atlSICjfm, 80_lag_nhSICjfm, 70_lag_82_median_stratZ50ndj03, 85_lag_stratZ50ndj03, 70_lag_77_median_amo2, 86_lag_nppc2SSTjfm_819_70"
LRforcedPSO,76,6,amoSSTmjjaso,picntrl,1590.5,2050.5,0.4,91,71,71,14.182784888572845,-0.07697465648756796,819,"['71_lag_78_median_atlSICsep', '80_lag_scpPSLjfm', '71_lag_76_median_amo3', '85_lag_stratZ50ndj01', '71_lag_84_median_amoSSTjfm', '80_lag_shSICmar']","[3.259851545432853, 2.8748221631647626, 2.450344326942241, 2.4460111196962764, 3.2613371892631746, 2.4472134516124147]","71_lag_78_median_atlSICsep, 80_lag_scpPSLjfm, 71_lag_76_median_amo3, 85_lag_stratZ50ndj01, 71_lag_84_median_amoSSTjfm, 80_lag_shSICmar_819_71"
LRforcedPSO,77,6,amoSSTmjjaso,picntrl,1591.5,2050.5,0.4,92,72,72,13.660391956908173,0.02141576430797216,819,"['72_lag_77_median_amoSSTmjjaso', '90_lag_atlSICsep', '72_lag_87_median_AMOCann', '72_lag_87_median_amo3', '72_lag_91_median_AMOCann', '72_lag_74_median_stratZ50ndj01']","[0.2918024846188487, 4.051156413654358, 7.687647753686939, 4.218145398430552, 6.657647970690723, 0.12931825768851013]","72_lag_77_median_amoSSTmjjaso, 90_lag_atlSICsep, 72_lag_87_median_AMOCann, 72_lag_87_median_amo3, 72_lag_91_median_AMOCann, 72_lag_74_median_stratZ50ndj01_819_72"
LRforcedPSO,78,6,amoSSTmjjaso,picntrl,1592.5,2050.5,0.4,93,73,73,13.365422070322573,0.03895164882862313,819,"['86_lag_shSICmar', '73_lag_80_median_nhSICjfm', '90_lag_shSICsep', '89_lag_amo3', '76_lag_eurPSLjfm', '73_lag_88_median_naoPSLjfm']","[2.125683816771984, 0.3839293105917019, 2.9189818792437894, 1.2271134658614624, 0.04484102026569303, 2.7209461481735246]","86_lag_shSICmar, 73_lag_80_median_nhSICjfm, 90_lag_shSICsep, 89_lag_amo3, 76_lag_eurPSLjfm, 73_lag_88_median_naoPSLjfm_819_73"
LRforcedPSO,79,6,amoSSTmjjaso,picntrl,1593.5,2050.5,0.4,94,74,74,13.615426244885699,0.08942409221995701,819,"['93_lag_nppc2SSTjfm', '74_lag_91_median_AMOCann', '80_lag_atlSICjfm', '74_lag_atlSICsep', '74_lag_80_median_amo3', '82_lag_amo2']","[0.41343078141698797, 0.09752506218776702, 0.5550084432075604, 5.274358524540032, 1.117698839829405, 3.9352036705083604]","93_lag_nppc2SSTjfm, 74_lag_91_median_AMOCann, 80_lag_atlSICjfm, 74_lag_atlSICsep, 74_lag_80_median_amo3, 82_lag_amo2_819_74"
LRforcedPSO,80,6,amoSSTmjjaso,picntrl,1594.5,2050.5,0.4,95,75,75,13.908945897777171,-0.10177652888697164,819,"['75_lag_86_median_AMOCann', '87_lag_amo2', '83_lag_stratZ50ndj01', '85_lag_amoSSTjfm', '75_lag_90_median_shSICmar', '75_lag_87_median_amo3']","[1.9229782391382129, 1.878663998492513, 1.4826192398354092, 1.6933969776046538, 1.6574744023221113, 1.9753862093453352]","75_lag_86_median_AMOCann, 87_lag_amo2, 83_lag_stratZ50ndj01, 85_lag_amoSSTjfm, 75_lag_90_median_shSICmar, 75_lag_87_median_amo3_819_75"
LRforcedPSO,81,6,amoSSTmjjaso,picntrl,1595.5,2050.5,0.4,96,76,80,14.390490168442874,-0.10781238707659578,819,"['94_lag_atlSICjfm', '87_lag_amoSSTmjjaso', '92_lag_nhSICsep', '86_lag_amoSSTmjjaso', '80_lag_amoSSTjfm', '93_lag_shSICsep']","[2.1595231052741592, 1.3997105394107656, 2.7883397035242696, 0.6497675406689325, 0.37238178279531553, 5.395569096489707]","94_lag_atlSICjfm, 87_lag_amoSSTmjjaso, 92_lag_nhSICsep, 86_lag_amoSSTmjjaso, 80_lag_amoSSTjfm, 93_lag_shSICsep_819_80"
LRforcedPSO,82,6,amoSSTmjjaso,picntrl,1596.5,2050.5,0.4,97,77,77,13.9988690955041,-0.0061657580787216676,819,"['94_lag_amoSSTmjjaso', '90_lag_atlSICsep', '77_lag_91_median_nhSICsep', '95_lag_AMOCann', '77_lag_94_median_shSICmar', '84_lag_amoSSTmjjaso']","[2.736984375405017, 2.0527382826072738, 2.7369843418702753, 2.736984375702949, 2.052738283361062, 2.620493708993101]","94_lag_amoSSTmjjaso, 90_lag_atlSICsep, 77_lag_91_median_nhSICsep, 95_lag_AMOCann, 77_lag_94_median_shSICmar, 84_lag_amoSSTmjjaso_819_77"
LRforcedPSO,83,6,amoSSTmjjaso,picntrl,1597.5,2050.5,0.4,98,78,78,13.245502211358195,-0.06732019140260545,819,"['84_lag_nppc2SSTjfm', '78_lag_89_median_shSICmar', '78_lag_86_median_amoSSTjfm', '88_lag_shSICmar', '91_lag_amo2', '87_lag_stratZ50ndj02']","[0.09256437675604623, 2.146288553214129, 0.35980447401399474, 2.4602979685368087, 1.6495455787696969, 1.0924598085483428]","84_lag_nppc2SSTjfm, 78_lag_89_median_shSICmar, 78_lag_86_median_amoSSTjfm, 88_lag_shSICmar, 91_lag_amo2, 87_lag_stratZ50ndj02_819_78"
LRforcedPSO,84,6,amoSSTmjjaso,picntrl,1598.5,2050.5,0.4,99,79,79,13.242008541280445,-0.046201545883350716,819,"['88_lag_amoSSTmjjaso', '80_lag_amo1', '84_lag_amo3', '79_lag_93_median_amo1', '79_lag_93_median_amoSSTjfm', '91_lag_amoSSTjfm']","[1.869268777014501, 1.8682590158917012, 1.8687236618375649, 1.8683515367005268, 2.4909302005228486, 1.897022200672634]","88_lag_amoSSTmjjaso, 80_lag_amo1, 84_lag_amo3, 79_lag_93_median_amo1, 79_lag_93_median_amoSSTjfm, 91_lag_amoSSTjfm_819_79"
LRforcedPSO,85,6,amoSSTmjjaso,picntrl,1599.5,2050.5,0.4,100,80,80,14.320921097091427,-0.07376120824423357,819,"['84_lag_shSICsep', '99_lag_eurPSLjfm', '80_lag_89_median_nppc2SSTjfm', '80_lag_96_median_amo1', '97_lag_stratZ50ndj04', '87_lag_eapPSLjfm']","[0.4148744693992441, 2.2195434322036744, 2.4822262403996316, 3.2021757794477086, 0.6415280080986534, 3.5581758734459923]","84_lag_shSICsep, 99_lag_eurPSLjfm, 80_lag_89_median_nppc2SSTjfm, 80_lag_96_median_amo1, 97_lag_stratZ50ndj04, 87_lag_eapPSLjfm_819_80"
