model,num_irrelevant,max_allowed_features,target_feature,dataset,year_start,year_end,splitsize,max_lag,init_lag,max_forecast,mae_score,corr_score,n_total_features,selected_feature_list,feature_importances,selected_features
LinearRegression,0,10,amo1,shigh,1514.5,2005.5,0.6,15,1,1,10.204793183336715,0.6926664928397652,1755,"['1_lag_2_median_traEU', '13_lag_mhfATL30', '14_lag_traEC', '1_lag_arcTSjfm', '1_lag_mhfATL45', '14_lag_nchinaPRjja', '1_lag_traTLS', '1_lag_ismPRjja', '1_lag_traIT', '1_lag_amoSSTmjjaso']","[0.050590311928922604, 0.12745893053173846, 0.06426687561624793, 0.04275200764785729, 0.023923084216212406, 0.03086327038253795, 0.06893208169344979, 0.06682878864200723, 0.1842942662000951, 0.42918638409074117]","1_lag_2_median_traEU, 13_lag_mhfATL30, 14_lag_traEC, 1_lag_arcTSjfm, 1_lag_mhfATL45, 14_lag_nchinaPRjja, 1_lag_traTLS, 1_lag_ismPRjja, 1_lag_traIT, 1_lag_amoSSTmjjaso_1755_1"
LinearRegression,1,10,amo1,shigh,1515.5,2005.5,0.6,16,1,1,10.49259715965273,0.6810791521902271,1885,"['13_lag_mhfATL30', '5_lag_ismPRjja', '13_lag_arcTSjfm', '14_lag_traEC', '14_lag_nchinaPRjja', '15_lag_mhfATL60', '1_lag_traTLS', '1_lag_ismPRjja', '1_lag_amoSSTmjjaso', '1_lag_traIT']","[0.10881813254275241, 0.0682435197827603, 0.018894242289531443, 0.06267959946608781, 0.03972139739316715, 0.07010208942062753, 0.05547715165483519, 0.06481289768892844, 0.44000290575255496, 0.1972148403038527]","13_lag_mhfATL30, 5_lag_ismPRjja, 13_lag_arcTSjfm, 14_lag_traEC, 14_lag_nchinaPRjja, 15_lag_mhfATL60, 1_lag_traTLS, 1_lag_ismPRjja, 1_lag_amoSSTmjjaso, 1_lag_traIT_1885_1"
LinearRegression,2,10,amo1,shigh,1516.5,2005.5,0.6,17,1,1,10.306085940959415,0.6799212222640464,2015,"['1_lag_mhfATL45', '15_lag_traEU', '14_lag_traEC', '13_lag_tripol3', '15_lag_mhfATL60', '14_lag_nchinaPRjja', '1_lag_traTLS', '1_lag_ismPRjja', '1_lag_amoSSTmjjaso', '1_lag_traIT']","[0.016806404135040167, 0.051747330399461555, 0.07793372301908566, 0.15005384914245273, 0.10474934831522065, 0.0437341685166866, 0.06449446382295713, 0.07568055317777847, 0.3917499419203308, 0.18692678060240508]","1_lag_mhfATL45, 15_lag_traEU, 14_lag_traEC, 13_lag_tripol3, 15_lag_mhfATL60, 14_lag_nchinaPRjja, 1_lag_traTLS, 1_lag_ismPRjja, 1_lag_amoSSTmjjaso, 1_lag_traIT_2015_1"
LinearRegression,3,10,amo1,shigh,1517.5,2005.5,0.6,18,1,1,10.239527064009309,0.6805902161622297,2145,"['15_lag_traEU', '15_lag_shSICsep', '1_lag_mhfATL45', '7_lag_stratZ50ndj01', '13_lag_tripol3', '14_lag_nchinaPRjja', '1_lag_traTLS', '1_lag_ismPRjja', '1_lag_amoSSTmjjaso', '1_lag_traIT']","[0.04503787536569414, 0.056745226664683915, 0.01016593818777924, 0.03295663031188222, 0.136040270728929, 0.03397081137952454, 0.09319147369792757, 0.05786898983779524, 0.36086121915068436, 0.1712749670998726]","15_lag_traEU, 15_lag_shSICsep, 1_lag_mhfATL45, 7_lag_stratZ50ndj01, 13_lag_tripol3, 14_lag_nchinaPRjja, 1_lag_traTLS, 1_lag_ismPRjja, 1_lag_amoSSTmjjaso, 1_lag_traIT_2145_1"
LinearRegression,4,10,amo1,shigh,1518.5,2005.5,0.6,19,1,1,10.694721109678822,0.6543657721845508,2275,"['13_lag_tripol3', '3_lag_scpPSLjfm', '8_lag_traEC', '1_lag_mhfATL45', '18_lag_traEU', '14_lag_nchinaPRjja', '1_lag_traTLS', '1_lag_ismPRjja', '1_lag_amoSSTmjjaso', '1_lag_traIT']","[0.1127656994751482, 0.04243585869473211, 0.08895544881585626, 0.023361197776452153, 0.02011713679415786, 0.03312639967724382, 0.09242837502611864, 0.053640751390369584, 0.3760118200814266, 0.185487428749703]","13_lag_tripol3, 3_lag_scpPSLjfm, 8_lag_traEC, 1_lag_mhfATL45, 18_lag_traEU, 14_lag_nchinaPRjja, 1_lag_traTLS, 1_lag_ismPRjja, 1_lag_amoSSTmjjaso, 1_lag_traIT_2275_1"
LinearRegression,5,10,amo1,shigh,1519.5,2005.5,0.6,20,1,1,10.548446235194588,0.6719283796724521,2405,"['15_lag_traEU', '7_lag_stratZ50ndj01', '1_lag_mhfATL45', '1_lag_samPSLann', '18_lag_traEU', '14_lag_nchinaPRjja', '1_lag_traTLS', '1_lag_ismPRjja', '1_lag_amoSSTmjjaso', '1_lag_traIT']","[0.049937793549603385, 0.028192536931761998, 0.004991361635994803, 0.06411960470416765, 0.03640064367737512, 0.031197661025413527, 0.06939299692790238, 0.052356120469953304, 0.43201577314281114, 0.18247809322220784]","15_lag_traEU, 7_lag_stratZ50ndj01, 1_lag_mhfATL45, 1_lag_samPSLann, 18_lag_traEU, 14_lag_nchinaPRjja, 1_lag_traTLS, 1_lag_ismPRjja, 1_lag_amoSSTmjjaso, 1_lag_traIT_2405_1"
LinearRegression,6,10,amo1,shigh,1520.5,2005.5,0.6,21,1,1,10.773785184935393,0.6542757434386086,2535,"['8_lag_traEC', '1_lag_mhfATL45', '1_lag_samPSLann', '3_lag_scpPSLjfm', '14_lag_nchinaPRjja', '18_lag_traEU', '1_lag_traTLS', '1_lag_ismPRjja', '1_lag_amoSSTmjjaso', '1_lag_traIT']","[0.09046040892712588, 0.012526035464975778, 0.0640899198423378, 0.04132381437645184, 0.028532540909707367, 0.03735651695944301, 0.08154037068894707, 0.04725362345561353, 0.4231612199404551, 0.18261649275046082]","8_lag_traEC, 1_lag_mhfATL45, 1_lag_samPSLann, 3_lag_scpPSLjfm, 14_lag_nchinaPRjja, 18_lag_traEU, 1_lag_traTLS, 1_lag_ismPRjja, 1_lag_amoSSTmjjaso, 1_lag_traIT_2535_1"
LinearRegression,7,10,amo1,shigh,1521.5,2005.5,0.6,22,1,1,10.652315582571534,0.6547472361512344,2665,"['8_lag_traEC', '1_lag_samPSLann', '15_lag_traEU', '3_lag_scpPSLjfm', '14_lag_nchinaPRjja', '1_lag_traTLS', '18_lag_traEU', '1_lag_ismPRjja', '1_lag_amoSSTmjjaso', '1_lag_traIT']","[0.08257747626616291, 0.06766529863757498, 0.04842506759946098, 0.040060652973528246, 0.0302341524875669, 0.0761889231391796, 0.043371549609081725, 0.05146530093013778, 0.4439388918464971, 0.17968416550412006]","8_lag_traEC, 1_lag_samPSLann, 15_lag_traEU, 3_lag_scpPSLjfm, 14_lag_nchinaPRjja, 1_lag_traTLS, 18_lag_traEU, 1_lag_ismPRjja, 1_lag_amoSSTmjjaso, 1_lag_traIT_2665_1"
LinearRegression,8,10,amo1,shigh,1522.5,2005.5,0.6,23,1,1,10.573202347753757,0.6584938558365758,2795,"['1_lag_mhfATL45', '1_lag_samPSLann', '14_lag_nchinaPRjja', '3_lag_scpPSLjfm', '1_lag_traTLS', '15_lag_traEU', '18_lag_traEU', '1_lag_ismPRjja', '1_lag_amoSSTmjjaso', '1_lag_traIT']","[0.007225934818101977, 0.06382978957247726, 0.030069323343191828, 0.04257815650717095, 0.06944843728180371, 0.04902011291552445, 0.03747099237606318, 0.05333513078879188, 0.45101753211661383, 0.18600277370941837]","1_lag_mhfATL45, 1_lag_samPSLann, 14_lag_nchinaPRjja, 3_lag_scpPSLjfm, 1_lag_traTLS, 15_lag_traEU, 18_lag_traEU, 1_lag_ismPRjja, 1_lag_amoSSTmjjaso, 1_lag_traIT_2795_1"
LinearRegression,9,10,amo1,shigh,1523.5,2005.5,0.6,24,1,1,10.427195522558401,0.6494835545341701,2925,"['3_lag_scpPSLjfm', '15_lag_traEU', '14_lag_nchinaPRjja', '1_lag_traTLS', '23_lag_eapPSLjfm', '18_lag_traEU', '1_lag_ismPRjja', '23_lag_traMC', '1_lag_amoSSTmjjaso', '1_lag_traIT']","[0.03669363128796558, 0.04108333782814368, 0.031248969204910812, 0.06095990293699031, 0.047682218849700295, 0.039831848266870376, 0.06769730219169809, 0.08536890670510996, 0.43825111586317117, 0.18607766250600308]","3_lag_scpPSLjfm, 15_lag_traEU, 14_lag_nchinaPRjja, 1_lag_traTLS, 23_lag_eapPSLjfm, 18_lag_traEU, 1_lag_ismPRjja, 23_lag_traMC, 1_lag_amoSSTmjjaso, 1_lag_traIT_2925_1"
LinearRegression,10,10,amo1,shigh,1524.5,2005.5,0.6,25,1,1,10.448729159652796,0.6460145391871047,3055,"['3_lag_scpPSLjfm', '24_lag_traEU', '15_lag_traEU', '1_lag_traTLS', '23_lag_eapPSLjfm', '18_lag_traEU', '23_lag_traMC', '1_lag_ismPRjja', '1_lag_amoSSTmjjaso', '1_lag_traIT']","[0.03922783943071707, 0.041331017820370845, 0.04118206218100753, 0.05713096511323762, 0.05078163171364948, 0.04043586216529908, 0.08037262154879328, 0.06818073187279775, 0.4348064295567349, 0.18690380877156781]","3_lag_scpPSLjfm, 24_lag_traEU, 15_lag_traEU, 1_lag_traTLS, 23_lag_eapPSLjfm, 18_lag_traEU, 23_lag_traMC, 1_lag_ismPRjja, 1_lag_amoSSTmjjaso, 1_lag_traIT_3055_1"
LinearRegression,11,10,amo1,shigh,1525.5,2005.5,0.6,26,1,1,10.400727138030279,0.6643132068144244,3185,"['14_lag_nchinaPRjja', '15_lag_traEU', '23_lag_eapPSLjfm', '1_lag_traTLS', '25_lag_traMC', '18_lag_traEU', '23_lag_traMC', '1_lag_ismPRjja', '1_lag_amoSSTmjjaso', '1_lag_traIT']","[0.038325107049325076, 0.04274371878356227, 0.045133629793088235, 0.05552310728216557, 0.060508202367613714, 0.043748139766735646, 0.0896204226317495, 0.07164491950312335, 0.44507514574341794, 0.1837870601631037]","14_lag_nchinaPRjja, 15_lag_traEU, 23_lag_eapPSLjfm, 1_lag_traTLS, 25_lag_traMC, 18_lag_traEU, 23_lag_traMC, 1_lag_ismPRjja, 1_lag_amoSSTmjjaso, 1_lag_traIT_3185_1"
LinearRegression,12,10,amo1,shigh,1526.5,2005.5,0.6,27,1,1,10.361133574771673,0.6607852721055798,3315,"['15_lag_traEU', '24_lag_traEU', '23_lag_eapPSLjfm', '23_lag_traMC', '18_lag_traEU', '25_lag_traMC', '1_lag_traTLS', '1_lag_ismPRjja', '1_lag_amoSSTmjjaso', '1_lag_traIT']","[0.04074947369971259, 0.04291060363010157, 0.052872847683158364, 0.08806266117006699, 0.04581301296858055, 0.05671645252699675, 0.04948021520457862, 0.06900354820754996, 0.4379713032724515, 0.19273930925493266]","15_lag_traEU, 24_lag_traEU, 23_lag_eapPSLjfm, 23_lag_traMC, 18_lag_traEU, 25_lag_traMC, 1_lag_traTLS, 1_lag_ismPRjja, 1_lag_amoSSTmjjaso, 1_lag_traIT_3315_1"
LinearRegression,13,10,amo1,shigh,1527.5,2005.5,0.6,28,1,1,10.328910755901138,0.6631853592918109,3445,"['1_lag_samPSLann', '26_lag_ismPRjja', '23_lag_eapPSLjfm', '23_lag_traMC', '25_lag_traMC', '18_lag_traEU', '1_lag_traTLS', '1_lag_ismPRjja', '1_lag_amoSSTmjjaso', '1_lag_traIT']","[0.05683148022929906, 0.06145838816322702, 0.05866612526361928, 0.08629402293620729, 0.05602679429288301, 0.04130640190389737, 0.051602441182545485, 0.058482051898929396, 0.4396771858586093, 0.19943094634267722]","1_lag_samPSLann, 26_lag_ismPRjja, 23_lag_eapPSLjfm, 23_lag_traMC, 25_lag_traMC, 18_lag_traEU, 1_lag_traTLS, 1_lag_ismPRjja, 1_lag_amoSSTmjjaso, 1_lag_traIT_3445_1"
LinearRegression,14,10,amo1,shigh,1528.5,2005.5,0.6,29,1,1,10.254743088213377,0.6783020156606686,3575,"['21_lag_traMC', '24_lag_traEU', '1_lag_samPSLann', '23_lag_traMC', '25_lag_traMC', '18_lag_traEU', '1_lag_traTLS', '1_lag_ismPRjja', '1_lag_amoSSTmjjaso', '1_lag_traIT']","[0.03534557852006574, 0.04493797988291909, 0.05579583028806714, 0.08558354055474277, 0.05597930037063437, 0.04066659770620093, 0.0488327581493792, 0.06615810395544507, 0.4384694852141331, 0.1913149084403798]","21_lag_traMC, 24_lag_traEU, 1_lag_samPSLann, 23_lag_traMC, 25_lag_traMC, 18_lag_traEU, 1_lag_traTLS, 1_lag_ismPRjja, 1_lag_amoSSTmjjaso, 1_lag_traIT_3575_1"
LinearRegression,15,10,amo1,shigh,1529.5,2005.5,0.6,30,1,1,10.529721306735446,0.6609350626100444,3705,"['3_lag_scpPSLjfm', '23_lag_traMC', '21_lag_traMC', '25_lag_traMC', '1_lag_samPSLann', '1_lag_traTLS', '18_lag_traEU', '1_lag_amoSSTmjjaso', '1_lag_ismPRjja', '1_lag_traIT']","[0.05328938420098418, 0.08775099164510675, 0.028590891911468574, 0.05843706851050506, 0.055522319905049494, 0.06121567198813891, 0.03880287814420792, 0.4451277800055977, 0.06577368179629599, 0.1880145975682145]","3_lag_scpPSLjfm, 23_lag_traMC, 21_lag_traMC, 25_lag_traMC, 1_lag_samPSLann, 1_lag_traTLS, 18_lag_traEU, 1_lag_amoSSTmjjaso, 1_lag_ismPRjja, 1_lag_traIT_3705_1"
LinearRegression,16,10,amo1,shigh,1530.5,2005.5,0.6,31,1,1,10.682360842150164,0.6586527795768388,3835,"['24_lag_traEU', '3_lag_scpPSLjfm', '1_lag_samPSLann', '25_lag_traMC', '21_lag_traMC', '18_lag_traEU', '1_lag_traTLS', '1_lag_ismPRjja', '1_lag_amoSSTmjjaso', '1_lag_traIT']","[0.05232854398105518, 0.05692215505080572, 0.06266265324650905, 0.05430763243690767, 0.04027785862881894, 0.03744268758588177, 0.05002515204899176, 0.06197467614795207, 0.4448449956859094, 0.19428347571432186]","24_lag_traEU, 3_lag_scpPSLjfm, 1_lag_samPSLann, 25_lag_traMC, 21_lag_traMC, 18_lag_traEU, 1_lag_traTLS, 1_lag_ismPRjja, 1_lag_amoSSTmjjaso, 1_lag_traIT_3835_1"
LinearRegression,17,10,amo1,shigh,1531.5,2005.5,0.6,32,2,2,16.159616455936387,0.1367634465394052,3835,"['29_lag_atlSICsep', '14_lag_stratZ50ndj01', '26_lag_traWP', '2_lag_ismPRjja', '24_lag_traEU', '12_lag_yrvPRjja', '21_lag_traMC', '18_lag_traEU', '25_lag_traMC', '2_lag_traMC']","[0.030007456919271164, 0.0811687649170805, 0.09056915534536594, 0.09078332310126114, 0.08383757679671777, 0.037132690243381936, 0.0962535956827123, 0.04336125130122061, 0.04391531290605152, 0.09501729559837813]","29_lag_atlSICsep, 14_lag_stratZ50ndj01, 26_lag_traWP, 2_lag_ismPRjja, 24_lag_traEU, 12_lag_yrvPRjja, 21_lag_traMC, 18_lag_traEU, 25_lag_traMC, 2_lag_traMC_3835_2"
LinearRegression,18,10,amo1,shigh,1532.5,2005.5,0.6,33,3,3,16.06543733578892,0.1389268575303255,3835,"['18_lag_traEU', '24_lag_traEU', '19_lag_nchinaPRjja', '26_lag_traWP', '9_lag_stratZ50ndj01', '25_lag_traMC', '9_lag_stratZ50ndj02', '12_lag_yrvPRjja', '3_lag_scpPSLjfm', '21_lag_traMC']","[0.021428444272842632, 0.08985342902122181, 0.08192841843459808, 0.092884546807595, 0.07486938246648317, 0.03729828465184333, 0.08409038844269599, 0.049610041667327964, 0.0350432859462331, 0.1170177297870198]","18_lag_traEU, 24_lag_traEU, 19_lag_nchinaPRjja, 26_lag_traWP, 9_lag_stratZ50ndj01, 25_lag_traMC, 9_lag_stratZ50ndj02, 12_lag_yrvPRjja, 3_lag_scpPSLjfm, 21_lag_traMC_3835_3"
LinearRegression,19,10,amo1,shigh,1533.5,2005.5,0.6,34,4,7,15.637799806976572,0.10807145405860405,3835,"['24_lag_traEU', '21_lag_traTLS', '18_lag_traEU', '7_lag_shSICmar', '26_lag_traWP', '9_lag_stratZ50ndj02', '19_lag_nchinaPRjja', '9_lag_stratZ50ndj01', '12_lag_yrvPRjja', '21_lag_traMC']","[0.09198442892143252, 0.1076817452209986, 0.014192124432467292, 0.021716998711009884, 0.09570654964245644, 0.0924466575596104, 0.07472713010414746, 0.076242218179601, 0.050559442353238296, 0.12651178725475423]","24_lag_traEU, 21_lag_traTLS, 18_lag_traEU, 7_lag_shSICmar, 26_lag_traWP, 9_lag_stratZ50ndj02, 19_lag_nchinaPRjja, 9_lag_stratZ50ndj01, 12_lag_yrvPRjja, 21_lag_traMC_3835_7"
LinearRegression,20,10,amo1,shigh,1534.5,2005.5,0.6,35,5,7,16.171171901509272,0.07023361227541669,3835,"['18_lag_shSICsep', '12_lag_stratZ50ndj02', '9_lag_stratZ50ndj01', '21_lag_traEC', '7_lag_shSICmar', '12_lag_yrvPRjja', '9_lag_stratZ50ndj02', '34_lag_wnorPRjfm', '26_lag_traWP', '21_lag_traMC']","[0.012017516343531823, 0.0721272844148837, 0.06627635627392509, 0.10788762045037746, 0.02258575863766723, 0.058043872987177406, 0.10791299363760337, 0.03321275642569132, 0.1038961455071633, 0.11086067728634326]","18_lag_shSICsep, 12_lag_stratZ50ndj02, 9_lag_stratZ50ndj01, 21_lag_traEC, 7_lag_shSICmar, 12_lag_yrvPRjja, 9_lag_stratZ50ndj02, 34_lag_wnorPRjfm, 26_lag_traWP, 21_lag_traMC_3835_7"
LinearRegression,21,10,amo1,shigh,1535.5,2005.5,0.6,36,6,6,16.302994080426565,-0.029454090596671596,3835,"['6_lag_7_median_shSICmar', '18_lag_traEU', '18_lag_shSICsep', '21_lag_traTLS', '6_lag_alpi', '12_lag_yrvPRjja', '26_lag_traWP', '34_lag_wnorPRjfm', '12_lag_stratZ50ndj02', '21_lag_traMC']","[0.007797854749923808, 0.03279643876773487, 0.01068772938213472, 0.10535919710529917, 0.03207233027006506, 0.0670664274589046, 0.12459159328803658, 0.04319699554499468, 0.074052486442022, 0.10186505351884238]","6_lag_7_median_shSICmar, 18_lag_traEU, 18_lag_shSICsep, 21_lag_traTLS, 6_lag_alpi, 12_lag_yrvPRjja, 26_lag_traWP, 34_lag_wnorPRjfm, 12_lag_stratZ50ndj02, 21_lag_traMC_3835_6"
LinearRegression,22,10,amo1,shigh,1536.5,2005.5,0.6,37,7,7,17.512109919454286,-0.03222063663682395,3835,"['35_lag_ginwSSTjfm', '12_lag_seurTSjfm', '23_lag_eapPSLjfm', '36_lag_traEU', '21_lag_traEC', '12_lag_stratZ50ndj02', '34_lag_wnorPRjfm', '20_lag_stratZ50ndj01', '7_lag_shSICmar', '21_lag_traTLS']","[0.13318961096888773, 0.025786470036539992, 0.08091726819130003, 0.05816530743870029, 0.06106969335261457, 0.09537600176637957, 0.032717182030531214, 0.07223997423588845, 0.01577432527234171, 0.08429218496938364]","35_lag_ginwSSTjfm, 12_lag_seurTSjfm, 23_lag_eapPSLjfm, 36_lag_traEU, 21_lag_traEC, 12_lag_stratZ50ndj02, 34_lag_wnorPRjfm, 20_lag_stratZ50ndj01, 7_lag_shSICmar, 21_lag_traTLS_3835_7"
LinearRegression,23,10,amo1,shigh,1537.5,2005.5,0.6,38,8,12,17.672893292891295,-0.06948329418653461,3835,"['14_lag_traTLS', '12_lag_seurTSjfm', '24_lag_traEU', '35_lag_ginwSSTjfm', '20_lag_stratZ50ndj01', '23_lag_eapPSLjfm', '12_lag_stratZ50ndj02', '34_lag_wnorPRjfm', '36_lag_traEU', '21_lag_traTLS']","[0.10132129101000462, 0.03294218676825049, 0.1048889463642406, 0.13663596235053205, 0.08088845271043169, 0.09705411730531348, 0.10382949615498033, 0.03384217202079262, 0.06382931480794195, 0.099501036219743]","14_lag_traTLS, 12_lag_seurTSjfm, 24_lag_traEU, 35_lag_ginwSSTjfm, 20_lag_stratZ50ndj01, 23_lag_eapPSLjfm, 12_lag_stratZ50ndj02, 34_lag_wnorPRjfm, 36_lag_traEU, 21_lag_traTLS_3835_12"
LinearRegression,24,10,amo1,shigh,1538.5,2005.5,0.6,39,9,20,16.926482217102347,-0.06375050209867315,3835,"['20_lag_stratZ50ndj01', '20_lag_yrvPRjja', '23_lag_eapPSLjfm', '21_lag_traMC', '24_lag_traEU', '34_lag_wnorPRjfm', '35_lag_ginwSSTjfm', '36_lag_traEU', '38_lag_yrvPRjja', '21_lag_traTLS']","[0.054137674679241146, 0.005838184022308006, 0.07991975742549925, 0.09331148664804018, 0.1030761614745135, 0.04528244723608141, 0.11250251931470064, 0.05753375447749381, 0.0972924259963027, 0.10301970430366517]","20_lag_stratZ50ndj01, 20_lag_yrvPRjja, 23_lag_eapPSLjfm, 21_lag_traMC, 24_lag_traEU, 34_lag_wnorPRjfm, 35_lag_ginwSSTjfm, 36_lag_traEU, 38_lag_yrvPRjja, 21_lag_traTLS_3835_20"
LinearRegression,25,10,amo1,shigh,1539.5,2005.5,0.6,40,10,18,17.496129785504362,-0.06740422626352377,3835,"['37_lag_stratZ50ndj03', '21_lag_traMC', '20_lag_stratZ50ndj01', '18_lag_stratZ50ndj02', '39_lag_scpPSLjfm', '35_lag_ginwSSTjfm', '34_lag_wnorPRjfm', '36_lag_traEU', '38_lag_yrvPRjja', '21_lag_traTLS']","[0.060120250500569405, 0.08135122683837936, 0.061035990884912045, 0.067810533783749, 0.0719886839149407, 0.10663240234210217, 0.050277997379938114, 0.03896957665881827, 0.09488672184720795, 0.09509076126274232]","37_lag_stratZ50ndj03, 21_lag_traMC, 20_lag_stratZ50ndj01, 18_lag_stratZ50ndj02, 39_lag_scpPSLjfm, 35_lag_ginwSSTjfm, 34_lag_wnorPRjfm, 36_lag_traEU, 38_lag_yrvPRjja, 21_lag_traTLS_3835_18"
LinearRegression,26,10,amo1,shigh,1540.5,2005.5,0.6,41,11,16,18.19097620446516,-0.07265797639099225,3835,"['19_lag_traBS', '16_lag_nchinaPRjja', '39_lag_scpPSLjfm', '20_lag_stratZ50ndj01', '17_lag_traEU', '18_lag_stratZ50ndj02', '36_lag_traEU', '35_lag_ginwSSTjfm', '38_lag_yrvPRjja', '21_lag_traTLS']","[0.07407383934773694, 0.0018663960222059656, 0.06352751538864126, 0.07114077162935402, 0.0623683877898, 0.08686547420653556, 0.05405560039907349, 0.11891317277207623, 0.08595756360521528, 0.08391223026440715]","19_lag_traBS, 16_lag_nchinaPRjja, 39_lag_scpPSLjfm, 20_lag_stratZ50ndj01, 17_lag_traEU, 18_lag_stratZ50ndj02, 36_lag_traEU, 35_lag_ginwSSTjfm, 38_lag_yrvPRjja, 21_lag_traTLS_3835_16"
LinearRegression,27,10,amo1,shigh,1541.5,2005.5,0.6,42,12,12,17.56213856113409,-0.09044142791620675,3835,"['12_lag_yrvPRjja', '36_lag_traEU', '16_lag_nchinaPRjja', '21_lag_traMC', '35_lag_ginwSSTjfm', '17_lag_traEU', '20_lag_stratZ50ndj01', '18_lag_stratZ50ndj02', '38_lag_yrvPRjja', '21_lag_traTLS']","[0.05266821173721744, 0.0466064042152786, 0.0105249607967557, 0.06098880068281708, 0.11085245483804561, 0.06486905087487525, 0.05794038496203317, 0.06933851386418993, 0.08380894906315164, 0.09482786146969999]","12_lag_yrvPRjja, 36_lag_traEU, 16_lag_nchinaPRjja, 21_lag_traMC, 35_lag_ginwSSTjfm, 17_lag_traEU, 20_lag_stratZ50ndj01, 18_lag_stratZ50ndj02, 38_lag_yrvPRjja, 21_lag_traTLS_3835_12"
LinearRegression,28,10,amo1,shigh,1542.5,2005.5,0.6,43,13,16,17.375073082713428,-0.17044109678292663,3835,"['19_lag_traBS', '17_lag_traEU', '18_lag_stratZ50ndj02', '21_lag_traMC', '36_lag_traEU', '40_lag_traBS', '16_lag_nchinaPRjja', '21_lag_traTLS', '38_lag_yrvPRjja', '20_lag_stratZ50ndj01']","[0.09348425668364159, 0.07041966453942525, 0.0676581442713087, 0.045523847309838106, 0.06566245446413609, 0.1406985007176901, 0.005118661916768678, 0.07901573376185468, 0.093433007327904, 0.06145557547378271]","19_lag_traBS, 17_lag_traEU, 18_lag_stratZ50ndj02, 21_lag_traMC, 36_lag_traEU, 40_lag_traBS, 16_lag_nchinaPRjja, 21_lag_traTLS, 38_lag_yrvPRjja, 20_lag_stratZ50ndj01_3835_16"
LinearRegression,29,10,amo1,shigh,1543.5,2005.5,0.6,44,14,18,16.974130444321798,-0.10256198248840417,3835,"['21_lag_traBS', '37_lag_samPSLann', '24_lag_traEU', '21_lag_traMC', '18_lag_stratZ50ndj02', '21_lag_traTLS', '36_lag_traEU', '40_lag_traBS', '20_lag_stratZ50ndj01', '38_lag_yrvPRjja']","[0.08025042354252035, 0.06527450094049785, 0.1081928029422238, 0.06973104264867368, 0.04348270842512904, 0.10522331008364189, 0.0792905379782195, 0.13368392981533647, 0.047941151859080294, 0.10716751329231297]","21_lag_traBS, 37_lag_samPSLann, 24_lag_traEU, 21_lag_traMC, 18_lag_stratZ50ndj02, 21_lag_traTLS, 36_lag_traEU, 40_lag_traBS, 20_lag_stratZ50ndj01, 38_lag_yrvPRjja_3835_18"
LinearRegression,30,10,amo1,shigh,1544.5,2005.5,0.6,45,15,18,17.07733266987245,-0.1015613570528393,3835,"['19_lag_traBS', '18_lag_stratZ50ndj02', '23_lag_eapPSLjfm', '24_lag_traEU', '21_lag_traMC', '21_lag_traTLS', '38_lag_yrvPRjja', '36_lag_traEU', '40_lag_traBS', '20_lag_stratZ50ndj01']","[0.10073546632703013, 0.055274296755069105, 0.05674749674870229, 0.11921633730050377, 0.06700967779869973, 0.09217756274871237, 0.09215253143813197, 0.06667830725430289, 0.13600716022091253, 0.05759358067895122]","19_lag_traBS, 18_lag_stratZ50ndj02, 23_lag_eapPSLjfm, 24_lag_traEU, 21_lag_traMC, 21_lag_traTLS, 38_lag_yrvPRjja, 36_lag_traEU, 40_lag_traBS, 20_lag_stratZ50ndj01_3835_18"
LinearRegression,31,10,amo1,shigh,1545.5,2005.5,0.6,46,16,19,17.36701169320187,-0.121967287797951,3835,"['39_lag_scpPSLjfm', '19_lag_traBS', '21_lag_traTLS', '24_lag_traEU', '37_lag_neurTSjfm', '38_lag_yrvPRjja', '21_lag_traMC', '20_lag_stratZ50ndj01', '40_lag_traBS', '36_lag_traEU']","[0.04567514462717113, 0.10000028522705645, 0.09263388442904585, 0.1114566508687984, 0.06508741151705348, 0.09877879512362985, 0.06748533018241393, 0.05573668958812238, 0.141730715125047, 0.08062652939660046]","39_lag_scpPSLjfm, 19_lag_traBS, 21_lag_traTLS, 24_lag_traEU, 37_lag_neurTSjfm, 38_lag_yrvPRjja, 21_lag_traMC, 20_lag_stratZ50ndj01, 40_lag_traBS, 36_lag_traEU_3835_19"
LinearRegression,32,10,amo1,shigh,1546.5,2005.5,0.6,47,17,19,17.68053911956689,-0.11095473132788848,3835,"['39_lag_scpPSLjfm', '21_lag_traMC', '37_lag_samPSLann', '19_lag_traBS', '38_lag_yrvPRjja', '20_lag_stratZ50ndj01', '40_lag_traBS', '37_lag_neurTSjfm', '33_lag_traEC', '36_lag_traEU']","[0.04979710406110875, 0.06627345487826711, 0.038444053042688726, 0.0788026005561635, 0.09865273811485195, 0.033499454799859246, 0.12187927367351843, 0.04552175336123165, 0.08590881564001702, 0.07710874693286754]","39_lag_scpPSLjfm, 21_lag_traMC, 37_lag_samPSLann, 19_lag_traBS, 38_lag_yrvPRjja, 20_lag_stratZ50ndj01, 40_lag_traBS, 37_lag_neurTSjfm, 33_lag_traEC, 36_lag_traEU_3835_19"
LinearRegression,33,10,amo1,shigh,1547.5,2005.5,0.6,48,18,18,18.322207112710828,-0.1497332540891596,3835,"['37_lag_samPSLann', '28_lag_scpPSLjfm', '33_lag_traEC', '25_lag_traTLS', '25_lag_stratZ50ndj01', '38_lag_yrvPRjja', '40_lag_traBS', '18_lag_stratZ50ndj02', '37_lag_neurTSjfm', '36_lag_traEU']","[0.05083742176382291, 0.07747370073637651, 0.08500203076597511, 0.0855282668170082, 0.048019112456054294, 0.09500893547422778, 0.12939021032342202, 0.029833283677366675, 0.03855900062859009, 0.07272494739156554]","37_lag_samPSLann, 28_lag_scpPSLjfm, 33_lag_traEC, 25_lag_traTLS, 25_lag_stratZ50ndj01, 38_lag_yrvPRjja, 40_lag_traBS, 18_lag_stratZ50ndj02, 37_lag_neurTSjfm, 36_lag_traEU_3835_18"
LinearRegression,34,10,amo1,shigh,1548.5,2005.5,0.6,49,19,19,18.464917755709504,-0.18259304194536805,3835,"['28_lag_nchinaPRjja', '19_lag_traBS', '48_lag_eurPSLjfm', '33_lag_traEC', '38_lag_yrvPRjja', '40_lag_traBS', '37_lag_neurTSjfm', '25_lag_stratZ50ndj01', '25_lag_traTLS', '36_lag_traEU']","[0.04783121852695599, 0.08702520945915972, 0.04619919570057745, 0.08996565570260172, 0.09384065340513748, 0.14457846746670985, 0.06429694930148597, 0.04963544985103384, 0.0880416178025687, 0.07133939945584716]","28_lag_nchinaPRjja, 19_lag_traBS, 48_lag_eurPSLjfm, 33_lag_traEC, 38_lag_yrvPRjja, 40_lag_traBS, 37_lag_neurTSjfm, 25_lag_stratZ50ndj01, 25_lag_traTLS, 36_lag_traEU_3835_19"
LinearRegression,35,10,amo1,shigh,1549.5,2005.5,0.6,50,20,20,18.269204336692248,-0.07967881575553831,3835,"['23_lag_eapPSLjfm', '40_lag_shSICmar', '37_lag_samPSLann', '20_lag_stratZ50ndj01', '40_lag_traBS', '38_lag_yrvPRjja', '37_lag_neurTSjfm', '25_lag_traTLS', '25_lag_stratZ50ndj01', '36_lag_traEU']","[0.061497926746922935, 0.09002915775877404, 0.03565283525614887, 0.04589988750411809, 0.13579152171554054, 0.08694611152458101, 0.05175646125599384, 0.0850885679778848, 0.0560769348502234, 0.08563998046474577]","23_lag_eapPSLjfm, 40_lag_shSICmar, 37_lag_samPSLann, 20_lag_stratZ50ndj01, 40_lag_traBS, 38_lag_yrvPRjja, 37_lag_neurTSjfm, 25_lag_traTLS, 25_lag_stratZ50ndj01, 36_lag_traEU_3835_20"
LinearRegression,36,10,amo1,shigh,1550.5,2005.5,0.6,51,21,21,18.152338505636678,-0.19758177986279238,3835,"['21_lag_traBS', '29_lag_samPSLann', '28_lag_traEU', '42_lag_yrvPRjja', '40_lag_traBS', '38_lag_yrvPRjja', '25_lag_traTLS', '25_lag_stratZ50ndj01', '36_lag_traEU', '50_lag_stratZ50ndj02']","[0.0598523359096747, 0.033295787411254774, 0.028285912449636165, 0.10745393453162784, 0.1618689257394465, 0.07894132479462383, 0.0851861092080676, 0.05283442049098387, 0.08686631686070578, 0.06384718220528976]","21_lag_traBS, 29_lag_samPSLann, 28_lag_traEU, 42_lag_yrvPRjja, 40_lag_traBS, 38_lag_yrvPRjja, 25_lag_traTLS, 25_lag_stratZ50ndj01, 36_lag_traEU, 50_lag_stratZ50ndj02_3835_21"
LinearRegression,37,10,amo1,shigh,1551.5,2005.5,0.6,52,22,25,18.35817630529746,-0.1393145382270357,3835,"['40_lag_traBS', '37_lag_samPSLann', '34_lag_eurPSLjfm', '28_lag_traEU', '38_lag_yrvPRjja', '25_lag_traTLS', '42_lag_yrvPRjja', '25_lag_stratZ50ndj01', '36_lag_traEU', '50_lag_stratZ50ndj02']","[0.14154516251044835, 0.0688608888804783, 0.11208958536511907, 0.02349075382415703, 0.08582892470688504, 0.09456381621451786, 0.10848954015269165, 0.067219923815547, 0.09257565636920413, 0.05917128498919215]","40_lag_traBS, 37_lag_samPSLann, 34_lag_eurPSLjfm, 28_lag_traEU, 38_lag_yrvPRjja, 25_lag_traTLS, 42_lag_yrvPRjja, 25_lag_stratZ50ndj01, 36_lag_traEU, 50_lag_stratZ50ndj02_3835_25"
LinearRegression,38,10,amo1,shigh,1552.5,2005.5,0.6,53,23,23,17.909536356758604,-0.05440222729150679,3835,"['40_lag_traBS', '40_lag_shSICmar', '37_lag_samPSLann', '34_lag_eurPSLjfm', '23_lag_eapPSLjfm', '47_lag_eurPSLjfm', '25_lag_stratZ50ndj01', '38_lag_yrvPRjja', '36_lag_traEU', '50_lag_stratZ50ndj02']","[0.12223811945358633, 0.09835006642272116, 0.04666345374888733, 0.12270131003165079, 0.05615889027314862, 0.059436102259018034, 0.06958082666861881, 0.087254920129783, 0.07992932554021996, 0.07218667885426516]","40_lag_traBS, 40_lag_shSICmar, 37_lag_samPSLann, 34_lag_eurPSLjfm, 23_lag_eapPSLjfm, 47_lag_eurPSLjfm, 25_lag_stratZ50ndj01, 38_lag_yrvPRjja, 36_lag_traEU, 50_lag_stratZ50ndj02_3835_23"
LinearRegression,39,10,amo1,shigh,1553.5,2005.5,0.6,54,24,28,18.688837178749743,-0.09201394807099786,3835,"['28_lag_nchinaPRjja', '52_lag_naoPSLjfm', '47_lag_ismPRjja', '38_lag_nppc3SSTjfm', '49_lag_nchinaPRjja', '34_lag_eurPSLjfm', '40_lag_shSICmar', '28_lag_scpPSLjfm', '50_lag_stratZ50ndj02', '36_lag_traEU']","[0.05763134090475679, 0.11457271416287867, 0.05927899030274657, 0.09385340501204655, 0.08630966298587127, 0.08163576202787877, 0.10026070105367071, 0.0990294675330489, 0.07416746138725755, 0.06454598694027104]","28_lag_nchinaPRjja, 52_lag_naoPSLjfm, 47_lag_ismPRjja, 38_lag_nppc3SSTjfm, 49_lag_nchinaPRjja, 34_lag_eurPSLjfm, 40_lag_shSICmar, 28_lag_scpPSLjfm, 50_lag_stratZ50ndj02, 36_lag_traEU_3835_28"
LinearRegression,40,10,amo1,shigh,1554.5,2005.5,0.6,55,25,25,18.269388446214002,0.03787981774861286,3835,"['52_lag_shSICsep', '50_lag_stratZ50ndj02', '28_lag_scpPSLjfm', '40_lag_shSICmar', '44_lag_stratZ50ndj04', '34_lag_stratZ50ndj03', '52_lag_naoPSLjfm', '49_lag_nchinaPRjja', '25_lag_traTLS', '25_lag_stratZ50ndj01']","[0.07887557053533806, 0.053758165428521486, 0.10556946853327857, 0.10666174804867289, 0.2145724508442236, 0.08162522159616578, 0.11163484730188225, 0.10760228351396003, 0.04843225574986566, 0.05127271648489021]","52_lag_shSICsep, 50_lag_stratZ50ndj02, 28_lag_scpPSLjfm, 40_lag_shSICmar, 44_lag_stratZ50ndj04, 34_lag_stratZ50ndj03, 52_lag_naoPSLjfm, 49_lag_nchinaPRjja, 25_lag_traTLS, 25_lag_stratZ50ndj01_3835_25"
LinearRegression,41,10,amo1,shigh,1555.5,2005.5,0.6,56,26,28,18.24130680705424,0.022546685118277097,3835,"['52_lag_naoPSLjfm', '52_lag_shSICsep', '40_lag_shSICmar', '47_lag_eurPSLjfm', '50_lag_stratZ50ndj02', '34_lag_stratZ50ndj03', '42_lag_yrvPRjja', '28_lag_scpPSLjfm', '44_lag_stratZ50ndj04', '49_lag_nchinaPRjja']","[0.11476877027754624, 0.072238408805649, 0.11772174415297866, 0.09316737883951051, 0.06009928962417674, 0.08667376300688068, 0.08130258548210725, 0.10707663081897921, 0.21702903076654548, 0.09553754687526456]","52_lag_naoPSLjfm, 52_lag_shSICsep, 40_lag_shSICmar, 47_lag_eurPSLjfm, 50_lag_stratZ50ndj02, 34_lag_stratZ50ndj03, 42_lag_yrvPRjja, 28_lag_scpPSLjfm, 44_lag_stratZ50ndj04, 49_lag_nchinaPRjja_3835_28"
LinearRegression,42,10,amo1,shigh,1556.5,2005.5,0.6,57,27,34,18.749978734609275,0.005210670525149147,3835,"['37_lag_stratZ50ndj03', '47_lag_eurPSLjfm', '38_lag_yrvPRjja', '52_lag_naoPSLjfm', '50_lag_stratZ50ndj02', '44_lag_stratZ50ndj04', '34_lag_eurPSLjfm', '56_lag_eurPSLjfm', '34_lag_stratZ50ndj03', '49_lag_nchinaPRjja']","[0.07450796714495522, 0.07270017559946787, 0.09053708128243107, 0.12507378953533532, 0.0471552321078372, 0.19514874185274672, 0.089011475952275, 0.056932456714599664, 0.054129146472559175, 0.10855410706884346]","37_lag_stratZ50ndj03, 47_lag_eurPSLjfm, 38_lag_yrvPRjja, 52_lag_naoPSLjfm, 50_lag_stratZ50ndj02, 44_lag_stratZ50ndj04, 34_lag_eurPSLjfm, 56_lag_eurPSLjfm, 34_lag_stratZ50ndj03, 49_lag_nchinaPRjja_3835_34"
LinearRegression,43,10,amo1,shigh,1557.5,2005.5,0.6,58,28,28,17.74739408364808,-0.03651476218595014,3835,"['37_lag_stratZ50ndj03', '34_lag_eurPSLjfm', '37_lag_samPSLann', '35_lag_mhfIP30', '28_lag_scpPSLjfm', '56_lag_eurPSLjfm', '38_lag_yrvPRjja', '47_lag_eurPSLjfm', '49_lag_nchinaPRjja', '28_lag_nchinaPRjja']","[0.0884338209051483, 0.07198840385813182, 0.03613144086050882, 0.08864730633669754, 0.08438459922477383, 0.0887677958079508, 0.0824028145683479, 0.07617965927276704, 0.10682052678889667, 0.04624436421603981]","37_lag_stratZ50ndj03, 34_lag_eurPSLjfm, 37_lag_samPSLann, 35_lag_mhfIP30, 28_lag_scpPSLjfm, 56_lag_eurPSLjfm, 38_lag_yrvPRjja, 47_lag_eurPSLjfm, 49_lag_nchinaPRjja, 28_lag_nchinaPRjja_3835_28"
LinearRegression,44,10,amo1,shigh,1558.5,2005.5,0.6,59,29,29,16.638394067085716,-0.03582244298235711,3835,"['58_lag_traEC', '40_lag_traBS', '39_lag_traMC', '34_lag_wnorPRjfm', '37_lag_samPSLann', '29_lag_samPSLann', '49_lag_nchinaPRjja', '38_lag_yrvPRjja', '56_lag_eurPSLjfm', '47_lag_eurPSLjfm']","[0.06693891550367176, 0.12641312246059222, 0.09213377579890313, 0.04506281920849864, 0.05304361625691628, 0.05147640368161446, 0.09201017937896158, 0.08115046383038739, 0.06734299437487853, 0.066612088734097]","58_lag_traEC, 40_lag_traBS, 39_lag_traMC, 34_lag_wnorPRjfm, 37_lag_samPSLann, 29_lag_samPSLann, 49_lag_nchinaPRjja, 38_lag_yrvPRjja, 56_lag_eurPSLjfm, 47_lag_eurPSLjfm_3835_29"
LinearRegression,45,10,amo1,shigh,1559.5,2005.5,0.6,60,30,34,15.952859233398039,0.08090127058283644,3835,"['34_lag_stratZ50ndj03', '38_lag_yrvPRjja', '49_lag_nchinaPRjja', '49_lag_arcTSjfm', '34_lag_cetTSjfm', '39_lag_traMC', '56_lag_ismPRjja', '34_lag_wnorPRjfm', '56_lag_eurPSLjfm', '47_lag_eurPSLjfm']","[0.047345211728825096, 0.08412694687284011, 0.10080669815382837, 0.07781803563398747, 0.1326083213471845, 0.09666395836423278, 0.060754923940293123, 0.05306079260019043, 0.08871698280858434, 0.08050234167666065]","34_lag_stratZ50ndj03, 38_lag_yrvPRjja, 49_lag_nchinaPRjja, 49_lag_arcTSjfm, 34_lag_cetTSjfm, 39_lag_traMC, 56_lag_ismPRjja, 34_lag_wnorPRjfm, 56_lag_eurPSLjfm, 47_lag_eurPSLjfm_3835_34"
LinearRegression,46,10,amo1,shigh,1560.5,2005.5,0.6,61,31,34,18.243343063072462,0.07427718582128903,3835,"['37_lag_satlSSTjfm', '35_lag_eurPSLjfm', '44_lag_stratZ50ndj04', '40_lag_stratZ50ndj01', '56_lag_ismPRjja', '56_lag_eurPSLjfm', '60_lag_arcTSjfm', '34_lag_wnorPRjfm', '60_lag_alpi', '47_lag_eurPSLjfm']","[0.10205793098539238, 0.11171068285522694, 0.19715893459942496, 0.050321153866914096, 0.0520878651084748, 0.08075645243687882, 0.02770172654413669, 0.049325103552803076, 0.03327366017424814, 0.08663604701925139]","37_lag_satlSSTjfm, 35_lag_eurPSLjfm, 44_lag_stratZ50ndj04, 40_lag_stratZ50ndj01, 56_lag_ismPRjja, 56_lag_eurPSLjfm, 60_lag_arcTSjfm, 34_lag_wnorPRjfm, 60_lag_alpi, 47_lag_eurPSLjfm_3835_34"
LinearRegression,47,10,amo1,shigh,1561.5,2005.5,0.6,62,32,34,19.015884848466577,-0.02364458776410513,3835,"['52_lag_naoPSLjfm', '44_lag_stratZ50ndj04', '56_lag_ismPRjja', '34_lag_wnorPRjfm', '37_lag_samPSLann', '60_lag_arcTSjfm', '56_lag_eurPSLjfm', '60_lag_alpi', '61_lag_yrvPRjja', '47_lag_eurPSLjfm']","[0.1193531862630738, 0.1889059975702187, 0.03234553268980461, 0.017892875595060944, 0.04844925583556928, 0.016026987784785077, 0.04528368715976434, 0.02501900195530088, 0.08357913680927666, 0.080240618266884]","52_lag_naoPSLjfm, 44_lag_stratZ50ndj04, 56_lag_ismPRjja, 34_lag_wnorPRjfm, 37_lag_samPSLann, 60_lag_arcTSjfm, 56_lag_eurPSLjfm, 60_lag_alpi, 61_lag_yrvPRjja, 47_lag_eurPSLjfm_3835_34"
LinearRegression,48,10,amo1,shigh,1562.5,2005.5,0.6,63,33,37,18.337708501960122,-0.06338647529005742,3835,"['40_lag_shSICmar', '37_lag_samPSLann', '61_lag_yrvPRjja', '44_lag_stratZ50ndj04', '39_lag_traMC', '56_lag_eurPSLjfm', '52_lag_ginwSSTjfm', '60_lag_alpi', '40_lag_stratZ50ndj01', '47_lag_eurPSLjfm']","[0.11964602819558671, 0.040271008345862676, 0.09191123124952903, 0.14383015462666254, 0.08643268434045788, 0.07880329256823168, 0.12839784779564045, 0.03736610439226543, 0.06571241387303876, 0.0838907241967915]","40_lag_shSICmar, 37_lag_samPSLann, 61_lag_yrvPRjja, 44_lag_stratZ50ndj04, 39_lag_traMC, 56_lag_eurPSLjfm, 52_lag_ginwSSTjfm, 60_lag_alpi, 40_lag_stratZ50ndj01, 47_lag_eurPSLjfm_3835_37"
LinearRegression,49,10,amo1,shigh,1563.5,2005.5,0.6,64,34,34,19.229108389580084,-0.059602470884630436,3835,"['34_lag_cetTSjfm', '44_lag_stratZ50ndj04', '40_lag_traEC', '45_lag_yrvPRjja', '52_lag_ginwSSTjfm', '56_lag_eurPSLjfm', '40_lag_shSICmar', '61_lag_yrvPRjja', '40_lag_stratZ50ndj01', '47_lag_eurPSLjfm']","[0.03223374952410282, 0.1400849326008496, 0.07006613678787657, 0.07634236989011671, 0.12240349379697504, 0.08718964146726355, 0.12723134667880062, 0.09859861773242531, 0.05213585152254026, 0.09714450946826514]","34_lag_cetTSjfm, 44_lag_stratZ50ndj04, 40_lag_traEC, 45_lag_yrvPRjja, 52_lag_ginwSSTjfm, 56_lag_eurPSLjfm, 40_lag_shSICmar, 61_lag_yrvPRjja, 40_lag_stratZ50ndj01, 47_lag_eurPSLjfm_3835_34"
LinearRegression,50,10,amo1,shigh,1564.5,2005.5,0.6,65,35,40,18.667497153043488,0.03873414238042144,3835,"['56_lag_eurPSLjfm', '44_lag_stratZ50ndj04', '52_lag_ginwSSTjfm', '40_lag_stratZ50ndj01', '49_lag_arcTSjfm', '40_lag_traEC', '45_lag_yrvPRjja', '61_lag_yrvPRjja', '40_lag_shSICmar', '47_lag_eurPSLjfm']","[0.0968575173514254, 0.15251496081923666, 0.14243002130014523, 0.049402698222683075, 0.11767933980535313, 0.07851796328434338, 0.08180721821371983, 0.10160263765398288, 0.12941779739189524, 0.10546675128154956]","56_lag_eurPSLjfm, 44_lag_stratZ50ndj04, 52_lag_ginwSSTjfm, 40_lag_stratZ50ndj01, 49_lag_arcTSjfm, 40_lag_traEC, 45_lag_yrvPRjja, 61_lag_yrvPRjja, 40_lag_shSICmar, 47_lag_eurPSLjfm_3835_40"
LinearRegression,51,10,amo1,shigh,1565.5,2005.5,0.6,66,36,40,18.84907866502248,0.0021284321226326753,3835,"['44_lag_stratZ50ndj04', '40_lag_shSICmar', '52_lag_naoPSLjfm', '42_lag_yrvPRjja', '52_lag_ginwSSTjfm', '47_lag_eurPSLjfm', '61_lag_yrvPRjja', '49_lag_arcTSjfm', '45_lag_yrvPRjja', '64_lag_traFSC']","[0.18636763393734634, 0.10986429812137619, 0.12432921366248631, 0.09089031905599716, 0.09507359199372171, 0.07325908243228198, 0.09616419543653787, 0.11252457156469275, 0.08951924408384167, 0.1354590002945406]","44_lag_stratZ50ndj04, 40_lag_shSICmar, 52_lag_naoPSLjfm, 42_lag_yrvPRjja, 52_lag_ginwSSTjfm, 47_lag_eurPSLjfm, 61_lag_yrvPRjja, 49_lag_arcTSjfm, 45_lag_yrvPRjja, 64_lag_traFSC_3835_40"
LinearRegression,52,10,amo1,shigh,1566.5,2005.5,0.6,67,37,37,17.845721926332615,-0.00228259866613556,3835,"['52_lag_naoPSLjfm', '64_lag_yrvPRjja', '45_lag_yrvPRjja', '61_lag_yrvPRjja', '37_lag_stratZ50ndj03', '52_lag_ginwSSTjfm', '66_lag_traEU', '47_lag_eurPSLjfm', '64_lag_traFSC', '49_lag_arcTSjfm']","[0.1302128428113326, 0.05290649715496154, 0.08598309004370079, 0.09408651637866326, 0.06136645127143685, 0.11719655719383226, 0.08096252023899128, 0.055055621897195546, 0.11685368891614803, 0.11239534835059203]","52_lag_naoPSLjfm, 64_lag_yrvPRjja, 45_lag_yrvPRjja, 61_lag_yrvPRjja, 37_lag_stratZ50ndj03, 52_lag_ginwSSTjfm, 66_lag_traEU, 47_lag_eurPSLjfm, 64_lag_traFSC, 49_lag_arcTSjfm_3835_37"
LinearRegression,53,10,amo1,shigh,1567.5,2005.5,0.6,68,38,42,17.850468619318892,-0.03027733662897096,3835,"['64_lag_yrvPRjja', '61_lag_yrvPRjja', '66_lag_stratZ50ndj02', '47_lag_eurPSLjfm', '42_lag_yrvPRjja', '52_lag_ginwSSTjfm', '66_lag_traEU', '45_lag_yrvPRjja', '64_lag_traFSC', '49_lag_arcTSjfm']","[0.06430045214479126, 0.1147412577802063, 0.045883195654396754, 0.06371347788714307, 0.10087259533139863, 0.125139587609507, 0.09620309658560205, 0.072471612195558, 0.10347402489647818, 0.11083106147610344]","64_lag_yrvPRjja, 61_lag_yrvPRjja, 66_lag_stratZ50ndj02, 47_lag_eurPSLjfm, 42_lag_yrvPRjja, 52_lag_ginwSSTjfm, 66_lag_traEU, 45_lag_yrvPRjja, 64_lag_traFSC, 49_lag_arcTSjfm_3835_42"
LinearRegression,54,10,amo1,shigh,1568.5,2005.5,0.6,69,39,42,18.99360872795282,-0.05833967964810277,3835,"['44_lag_stratZ50ndj04', '47_lag_eurPSLjfm', '64_lag_yrvPRjja', '52_lag_ginwSSTjfm', '66_lag_traEU', '42_lag_yrvPRjja', '64_lag_traFSC', '61_lag_yrvPRjja', '45_lag_yrvPRjja', '49_lag_arcTSjfm']","[0.19894882221598584, 0.06656862577532557, 0.07243722146285039, 0.104449626386129, 0.08229139527959667, 0.10422080768447811, 0.11461719999056498, 0.11264738108776726, 0.07704942596316536, 0.11662938880691746]","44_lag_stratZ50ndj04, 47_lag_eurPSLjfm, 64_lag_yrvPRjja, 52_lag_ginwSSTjfm, 66_lag_traEU, 42_lag_yrvPRjja, 64_lag_traFSC, 61_lag_yrvPRjja, 45_lag_yrvPRjja, 49_lag_arcTSjfm_3835_42"
LinearRegression,55,10,amo1,shigh,1569.5,2005.5,0.6,70,40,40,17.750453496906566,0.06339830447155793,3835,"['59_lag_yrvPRjja', '47_lag_eurPSLjfm', '40_lag_shSICmar', '42_lag_yrvPRjja', '64_lag_traFSC', '64_lag_yrvPRjja', '49_lag_arcTSjfm', '66_lag_traEU', '45_lag_yrvPRjja', '61_lag_yrvPRjja']","[0.02837574973367316, 0.08628022647294792, 0.11246840866460239, 0.1090513466778131, 0.11753034566625364, 0.05545032877640374, 0.09598119688544032, 0.09134401135412938, 0.05917300257983947, 0.11046667260488059]","59_lag_yrvPRjja, 47_lag_eurPSLjfm, 40_lag_shSICmar, 42_lag_yrvPRjja, 64_lag_traFSC, 64_lag_yrvPRjja, 49_lag_arcTSjfm, 66_lag_traEU, 45_lag_yrvPRjja, 61_lag_yrvPRjja_3835_40"
LinearRegression,56,10,amo1,shigh,1570.5,2005.5,0.6,71,41,44,18.76849979220469,0.04235560478759752,3835,"['56_lag_ismPRjja', '47_lag_eurPSLjfm', '59_lag_yrvPRjja', '64_lag_yrvPRjja', '45_lag_yrvPRjja', '44_lag_stratZ50ndj04', '64_lag_traFSC', '49_lag_arcTSjfm', '61_lag_yrvPRjja', '66_lag_traEU']","[0.06935297671662546, 0.07443554480837103, 0.011418631629943908, 0.07947598158349109, 0.09689646313245774, 0.23854845235928007, 0.12119607685890996, 0.11725185504333702, 0.10553635337095865, 0.08094119329059456]","56_lag_ismPRjja, 47_lag_eurPSLjfm, 59_lag_yrvPRjja, 64_lag_yrvPRjja, 45_lag_yrvPRjja, 44_lag_stratZ50ndj04, 64_lag_traFSC, 49_lag_arcTSjfm, 61_lag_yrvPRjja, 66_lag_traEU_3835_44"
LinearRegression,57,10,amo1,shigh,1571.5,2005.5,0.6,72,42,42,18.00450982166336,0.05445952045589521,3835,"['70_lag_alpi', '45_lag_yrvPRjja', '44_lag_stratZ50ndj04', '64_lag_yrvPRjja', '49_lag_arcTSjfm', '47_lag_eurPSLjfm', '64_lag_traMC', '61_lag_yrvPRjja', '66_lag_traEU', '42_lag_yrvPRjja']","[0.04805057649029858, 0.04384916588463983, 0.20849073138706592, 0.054131523169508845, 0.09394789830361111, 0.08978292930939775, 0.06636087747969827, 0.10225199794382536, 0.08862668824378293, 0.10356848513543553]","70_lag_alpi, 45_lag_yrvPRjja, 44_lag_stratZ50ndj04, 64_lag_yrvPRjja, 49_lag_arcTSjfm, 47_lag_eurPSLjfm, 64_lag_traMC, 61_lag_yrvPRjja, 66_lag_traEU, 42_lag_yrvPRjja_3835_42"
LinearRegression,58,10,amo1,shigh,1572.5,2005.5,0.6,73,43,43,17.796996819442803,0.10788950480704192,3835,"['44_lag_stratZ50ndj04', '43_lag_44_median_stratZ50ndj04', '45_lag_yrvPRjja', '70_lag_alpi', '47_lag_eurPSLjfm', '61_lag_yrvPRjja', '49_lag_arcTSjfm', '64_lag_traMC', '64_lag_yrvPRjja', '66_lag_traEU']","[0.10909214578702855, 0.1090921457870286, 0.052960147458405514, 0.04940789375512373, 0.084504199750163, 0.10145425743299709, 0.10425358688125005, 0.07571307388036069, 0.05819107641525542, 0.08305962851329171]","44_lag_stratZ50ndj04, 43_lag_44_median_stratZ50ndj04, 45_lag_yrvPRjja, 70_lag_alpi, 47_lag_eurPSLjfm, 61_lag_yrvPRjja, 49_lag_arcTSjfm, 64_lag_traMC, 64_lag_yrvPRjja, 66_lag_traEU_3835_43"
LinearRegression,59,10,amo1,shigh,1573.5,2005.5,0.6,74,44,44,16.60994318385527,0.1543907499497565,3835,"['66_lag_traEU', '64_lag_yrvPRjja', '59_lag_yrvPRjja', '61_lag_yrvPRjja', '73_lag_traMC', '47_lag_eurPSLjfm', '44_lag_stratZ50ndj04', '70_lag_alpi', '64_lag_traMC', '49_lag_arcTSjfm']","[0.08185151788982711, 0.048746036593530606, 0.023726607031318507, 0.09407231818343062, 0.10632794088855148, 0.09511637182189389, 0.19276427706556695, 0.04734889939185526, 0.07912103808600772, 0.11036411141473573]","66_lag_traEU, 64_lag_yrvPRjja, 59_lag_yrvPRjja, 61_lag_yrvPRjja, 73_lag_traMC, 47_lag_eurPSLjfm, 44_lag_stratZ50ndj04, 70_lag_alpi, 64_lag_traMC, 49_lag_arcTSjfm_3835_44"
LinearRegression,60,10,amo1,shigh,1574.5,2005.5,0.6,75,45,45,16.82423446522756,0.1699392323449826,3835,"['70_lag_eapPSLjfm', '59_lag_yrvPRjja', '64_lag_yrvPRjja', '70_lag_alpi', '48_lag_ginwSSTjfm', '49_lag_arcTSjfm', '47_lag_eurPSLjfm', '45_lag_yrvPRjja', '64_lag_traMC', '61_lag_yrvPRjja']","[0.10812443133628065, 0.032662139012228475, 0.060354140797110274, 0.07089003891287032, 0.006210964479101821, 0.09905745045126003, 0.09168700739298864, 0.04147347291184804, 0.070454790611964, 0.11889825959800414]","70_lag_eapPSLjfm, 59_lag_yrvPRjja, 64_lag_yrvPRjja, 70_lag_alpi, 48_lag_ginwSSTjfm, 49_lag_arcTSjfm, 47_lag_eurPSLjfm, 45_lag_yrvPRjja, 64_lag_traMC, 61_lag_yrvPRjja_3835_45"
LinearRegression,61,10,amo1,shigh,1575.5,2005.5,0.6,76,46,49,16.780213950700897,0.10424743818791024,3835,"['66_lag_traEC', '49_lag_arcTSjfm', '52_lag_ginwSSTjfm', '64_lag_traFSC', '59_lag_yrvPRjja', '70_lag_alpi', '57_lag_alpi', '64_lag_traMC', '70_lag_eapPSLjfm', '61_lag_yrvPRjja']","[0.09382107539831515, 0.11814431540792579, 0.1285457627931113, 0.07813634190432642, 0.04233414641976454, 0.06992958119175693, 0.017750172281865904, 0.09263026487181472, 0.11538519128743557, 0.10801115568011421]","66_lag_traEC, 49_lag_arcTSjfm, 52_lag_ginwSSTjfm, 64_lag_traFSC, 59_lag_yrvPRjja, 70_lag_alpi, 57_lag_alpi, 64_lag_traMC, 70_lag_eapPSLjfm, 61_lag_yrvPRjja_3835_49"
LinearRegression,62,10,amo1,shigh,1576.5,2005.5,0.6,77,47,47,16.810550782779075,0.15693533211535265,3835,"['57_lag_alpi', '49_lag_arcTSjfm', '66_lag_traEU', '64_lag_traMC', '64_lag_traFSC', '66_lag_traEC', '61_lag_yrvPRjja', '70_lag_alpi', '70_lag_eapPSLjfm', '47_lag_eurPSLjfm']","[0.02920256666325094, 0.11686366210153627, 0.09655732104336445, 0.06326968840196903, 0.09144571719208243, 0.09784358526176257, 0.09607568835814449, 0.07628058479945629, 0.11641653846933216, 0.08125959064096294]","57_lag_alpi, 49_lag_arcTSjfm, 66_lag_traEU, 64_lag_traMC, 64_lag_traFSC, 66_lag_traEC, 61_lag_yrvPRjja, 70_lag_alpi, 70_lag_eapPSLjfm, 47_lag_eurPSLjfm_3835_47"
LinearRegression,63,10,amo1,shigh,1577.5,2005.5,0.6,78,48,57,17.49009550093045,0.07964074311743703,3835,"['64_lag_traMC', '70_lag_eapPSLjfm', '66_lag_traEU', '70_lag_alpi', '64_lag_traFSC', '71_lag_traEU', '66_lag_traEC', '57_lag_alpi', '77_lag_samPSLann', '61_lag_yrvPRjja']","[0.06676706183939385, 0.11552098249839345, 0.09267683895368925, 0.08319227199170616, 0.09460123915080994, 0.06145956639985263, 0.09119109669543435, 0.023113875848284705, 0.1313506781767497, 0.10521306445567478]","64_lag_traMC, 70_lag_eapPSLjfm, 66_lag_traEU, 70_lag_alpi, 64_lag_traFSC, 71_lag_traEU, 66_lag_traEC, 57_lag_alpi, 77_lag_samPSLann, 61_lag_yrvPRjja_3835_57"
LinearRegression,64,10,amo1,shigh,1578.5,2005.5,0.6,79,49,49,17.013629107527972,0.15978905422774553,3835,"['70_lag_alpi', '64_lag_traFSC', '75_lag_scpPSLjfm', '71_lag_traEU', '57_lag_alpi', '66_lag_traEC', '77_lag_samPSLann', '61_lag_yrvPRjja', '49_lag_nchinaPRjja', '49_lag_arcTSjfm']","[0.06877043472442355, 0.09923254812687872, 0.11520876783522783, 0.0705690016417888, 0.04288256669025536, 0.09087001674158843, 0.14572258441607802, 0.08925034342643166, 0.09434199073535035, 0.13480341897565715]","70_lag_alpi, 64_lag_traFSC, 75_lag_scpPSLjfm, 71_lag_traEU, 57_lag_alpi, 66_lag_traEC, 77_lag_samPSLann, 61_lag_yrvPRjja, 49_lag_nchinaPRjja, 49_lag_arcTSjfm_3835_49"
LinearRegression,65,10,amo1,shigh,1579.5,2005.5,0.6,80,50,57,17.5325867921697,0.0877273904509879,3835,"['64_lag_traMC', '75_lag_scpPSLjfm', '61_lag_yrvPRjja', '70_lag_alpi', '71_lag_traEU', '59_lag_alpi', '66_lag_traEC', '70_lag_eapPSLjfm', '77_lag_samPSLann', '57_lag_alpi']","[0.07644074907487199, 0.09582322330101653, 0.09977379083399959, 0.08603652440564995, 0.06153616808021192, 0.01948079282166356, 0.0773875934787169, 0.09798293927411202, 0.1298632353285583, 0.03887487076981875]","64_lag_traMC, 75_lag_scpPSLjfm, 61_lag_yrvPRjja, 70_lag_alpi, 71_lag_traEU, 59_lag_alpi, 66_lag_traEC, 70_lag_eapPSLjfm, 77_lag_samPSLann, 57_lag_alpi_3835_57"
LinearRegression,66,10,amo1,shigh,1580.5,2005.5,0.6,81,51,54,17.527368399827036,0.07381249166591447,3835,"['64_lag_traFSC', '54_lag_shSICmar', '64_lag_traMC', '79_lag_samPSLann', '59_lag_alpi', '77_lag_samPSLann', '66_lag_traEC', '61_lag_yrvPRjja', '70_lag_eapPSLjfm', '57_lag_alpi']","[0.09775524982580443, 0.11563293225099669, 0.06554842501662528, 0.060331929018625385, 0.014508580605304806, 0.1155406958111283, 0.09418554640373922, 0.11166871209498216, 0.07710418088972332, 0.03696343448294325]","64_lag_traFSC, 54_lag_shSICmar, 64_lag_traMC, 79_lag_samPSLann, 59_lag_alpi, 77_lag_samPSLann, 66_lag_traEC, 61_lag_yrvPRjja, 70_lag_eapPSLjfm, 57_lag_alpi_3835_54"
LinearRegression,67,10,amo1,shigh,1581.5,2005.5,0.6,82,52,57,19.005636714554438,0.0007068479311751093,3835,"['66_lag_traEC', '75_lag_scpPSLjfm', '74_lag_ismPRjja', '78_lag_traMC', '71_lag_traEU', '70_lag_eapPSLjfm', '77_lag_samPSLann', '61_lag_yrvPRjja', '59_lag_alpi', '57_lag_alpi']","[0.09784637481379135, 0.10354210420002664, 0.07256133382226965, 0.058994311800300396, 0.044436078796518175, 0.06548931579107886, 0.13122331751959598, 0.10018709316705045, 0.01397364353237588, 0.04063489991996683]","66_lag_traEC, 75_lag_scpPSLjfm, 74_lag_ismPRjja, 78_lag_traMC, 71_lag_traEU, 70_lag_eapPSLjfm, 77_lag_samPSLann, 61_lag_yrvPRjja, 59_lag_alpi, 57_lag_alpi_3835_57"
LinearRegression,68,10,amo1,shigh,1582.5,2005.5,0.6,83,53,57,17.583765602068738,0.09107095191134604,3835,"['58_lag_neurTSjfm', '64_lag_traMC', '74_lag_ismPRjja', '75_lag_scpPSLjfm', '70_lag_eapPSLjfm', '71_lag_traEU', '77_lag_samPSLann', '61_lag_yrvPRjja', '59_lag_alpi', '57_lag_alpi']","[0.061218301595234684, 0.08323823695692645, 0.07006168422673684, 0.09322770900538395, 0.06332681598271576, 0.05119059529242083, 0.13325533756117075, 0.10244145251485458, 0.020000654775768956, 0.03370564486944141]","58_lag_neurTSjfm, 64_lag_traMC, 74_lag_ismPRjja, 75_lag_scpPSLjfm, 70_lag_eapPSLjfm, 71_lag_traEU, 77_lag_samPSLann, 61_lag_yrvPRjja, 59_lag_alpi, 57_lag_alpi_3835_57"
LinearRegression,69,10,amo1,shigh,1583.5,2005.5,0.6,84,54,54,19.3963825357041,-0.012918753035567675,3835,"['54_lag_shSICmar', '78_lag_traMC', '72_lag_ginwSSTjfm', '75_lag_scpPSLjfm', '77_lag_samPSLann', '70_lag_eapPSLjfm', '71_lag_traEU', '59_lag_alpi', '61_lag_yrvPRjja', '57_lag_alpi']","[0.13655504883467892, 0.05830428009168295, 0.20728889045564208, 0.0981376878818715, 0.13452093251784206, 0.03774435429194575, 0.05583253614372405, 0.02787110900380875, 0.10855236354951818, 0.047664282208484426]","54_lag_shSICmar, 78_lag_traMC, 72_lag_ginwSSTjfm, 75_lag_scpPSLjfm, 77_lag_samPSLann, 70_lag_eapPSLjfm, 71_lag_traEU, 59_lag_alpi, 61_lag_yrvPRjja, 57_lag_alpi_3835_54"
LinearRegression,70,10,amo1,shigh,1584.5,2005.5,0.6,85,55,57,18.44370044511899,-0.015323045456347916,3835,"['59_lag_yrvPRjja', '78_lag_traMC', '58_lag_neurTSjfm', '61_lag_yrvPRjja', '72_lag_ginwSSTjfm', '64_lag_traMC', '77_lag_samPSLann', '71_lag_traEU', '57_lag_alpi', '70_lag_eapPSLjfm']","[0.0408614074379182, 0.04784275501760897, 0.07349559152287435, 0.12246184208162637, 0.20017299205167313, 0.08284675335575717, 0.14554209691048262, 0.054781071562444515, 0.027415061965840253, 0.07177261216820391]","59_lag_yrvPRjja, 78_lag_traMC, 58_lag_neurTSjfm, 61_lag_yrvPRjja, 72_lag_ginwSSTjfm, 64_lag_traMC, 77_lag_samPSLann, 71_lag_traEU, 57_lag_alpi, 70_lag_eapPSLjfm_3835_57"
LinearRegression,71,10,amo1,shigh,1585.5,2005.5,0.6,86,56,56,18.846350230134696,-0.05401245577835021,3835,"['56_lag_57_median_alpi', '57_lag_alpi', '77_lag_scpPSLjfm', '77_lag_samPSLann', '72_lag_ginwSSTjfm', '61_lag_yrvPRjja', '59_lag_yrvPRjja', '71_lag_traEU', '70_lag_eapPSLjfm', '85_lag_stratZ50ndj03']","[0.018229806797994144, 0.018229806797994158, 0.05566188404985498, 0.15257189568794682, 0.20005245015591858, 0.12196687336162917, 0.05133711185549189, 0.05973283767043906, 0.05892361808333654, 0.06976892747288313]","56_lag_57_median_alpi, 57_lag_alpi, 77_lag_scpPSLjfm, 77_lag_samPSLann, 72_lag_ginwSSTjfm, 61_lag_yrvPRjja, 59_lag_yrvPRjja, 71_lag_traEU, 70_lag_eapPSLjfm, 85_lag_stratZ50ndj03_3835_56"
LinearRegression,72,10,amo1,shigh,1586.5,2005.5,0.6,87,57,57,17.333180592081487,-0.0576721270478816,3835,"['72_lag_ginwSSTjfm', '83_lag_eurPSLjfm', '64_lag_traMC', '59_lag_yrvPRjja', '73_lag_traMC', '57_lag_ismPRjja', '71_lag_traEU', '85_lag_stratZ50ndj03', '57_lag_alpi', '61_lag_yrvPRjja']","[0.17994507619737182, 0.058283932824976195, 0.08430929155265056, 0.030524621685431363, 0.06701495260432616, 0.011621396844181772, 0.0496085028689724, 0.07001693963322983, 0.031111890805178646, 0.09351654305307482]","72_lag_ginwSSTjfm, 83_lag_eurPSLjfm, 64_lag_traMC, 59_lag_yrvPRjja, 73_lag_traMC, 57_lag_ismPRjja, 71_lag_traEU, 85_lag_stratZ50ndj03, 57_lag_alpi, 61_lag_yrvPRjja_3835_57"
LinearRegression,73,10,amo1,shigh,1587.5,2005.5,0.6,88,58,58,17.520353351822266,0.10706889406178174,3835,"['72_lag_eapPSLjfm', '58_lag_neurTSjfm', '86_lag_traBS', '77_lag_samPSLann', '85_lag_stratZ50ndj03', '73_lag_traMC', '77_lag_scpPSLjfm', '83_lag_eurPSLjfm', '71_lag_traEU', '61_lag_yrvPRjja']","[0.07051929697841662, 0.07382315355213707, 0.0541767323984209, 0.1233786531834857, 0.07015927087947645, 0.07872299408118852, 0.051123526487910013, 0.06602178443930132, 0.06736633718911009, 0.11780580654291409]","72_lag_eapPSLjfm, 58_lag_neurTSjfm, 86_lag_traBS, 77_lag_samPSLann, 85_lag_stratZ50ndj03, 73_lag_traMC, 77_lag_scpPSLjfm, 83_lag_eurPSLjfm, 71_lag_traEU, 61_lag_yrvPRjja_3835_58"
LinearRegression,74,10,amo1,shigh,1588.5,2005.5,0.6,89,59,59,17.70664557108219,0.08100743051232359,3835,"['73_lag_traMC', '86_lag_traBS', '74_lag_ismPRjja', '77_lag_samPSLann', '83_lag_eurPSLjfm', '85_lag_stratZ50ndj03', '59_lag_yrvPRjja', '77_lag_scpPSLjfm', '61_lag_yrvPRjja', '71_lag_traEU']","[0.06319449299006048, 0.03779973526522451, 0.06465435931729147, 0.13019102760868762, 0.09010029700745126, 0.08836324911307122, 0.06862744413591926, 0.0583602236649826, 0.1089445378079592, 0.056370672694033314]","73_lag_traMC, 86_lag_traBS, 74_lag_ismPRjja, 77_lag_samPSLann, 83_lag_eurPSLjfm, 85_lag_stratZ50ndj03, 59_lag_yrvPRjja, 77_lag_scpPSLjfm, 61_lag_yrvPRjja, 71_lag_traEU_3835_59"
LinearRegression,75,10,amo1,shigh,1589.5,2005.5,0.6,90,60,60,18.52694792669302,0.043848439491350824,3835,"['61_lag_yrvPRjja', '77_lag_samPSLann', '60_lag_61_median_yrvPRjja', '74_lag_ismPRjja', '85_lag_stratZ50ndj03', '86_lag_nchinaPRjja', '77_lag_scpPSLjfm', '89_lag_alpi', '83_lag_eurPSLjfm', '71_lag_traEU']","[0.05416232909979936, 0.13022789531808773, 0.054162329099799414, 0.08052764754136944, 0.09836990529835128, 0.042522860992817914, 0.04409755121311178, 0.04228648384179558, 0.09389002487563572, 0.06717775786987154]","61_lag_yrvPRjja, 77_lag_samPSLann, 60_lag_61_median_yrvPRjja, 74_lag_ismPRjja, 85_lag_stratZ50ndj03, 86_lag_nchinaPRjja, 77_lag_scpPSLjfm, 89_lag_alpi, 83_lag_eurPSLjfm, 71_lag_traEU_3835_60"
LinearRegression,76,10,amo1,shigh,1590.5,2005.5,0.6,91,61,61,17.76759396568206,0.04503598319498199,3835,"['73_lag_traMC', '89_lag_alpi', '86_lag_nchinaPRjja', '83_lag_eurPSLjfm', '77_lag_samPSLann', '85_lag_stratZ50ndj03', '77_lag_scpPSLjfm', '66_lag_traEC', '71_lag_traEU', '61_lag_yrvPRjja']","[0.08223947047897966, 0.04404324637326211, 0.024589687015225854, 0.09217810736148184, 0.12565059895682784, 0.09671569624174005, 0.044883986635573477, 0.09879662147544828, 0.06735192424174993, 0.10881328365510061]","73_lag_traMC, 89_lag_alpi, 86_lag_nchinaPRjja, 83_lag_eurPSLjfm, 77_lag_samPSLann, 85_lag_stratZ50ndj03, 77_lag_scpPSLjfm, 66_lag_traEC, 71_lag_traEU, 61_lag_yrvPRjja_3835_61"
LinearRegression,77,10,amo1,shigh,1591.5,2005.5,0.6,92,62,66,18.456902865591857,-0.008254910449526504,3835,"['86_lag_traBS', '73_lag_stratZ50ndj03', '86_lag_nchinaPRjja', '83_lag_seurTSjfm', '74_lag_ismPRjja', '66_lag_traEC', '77_lag_scpPSLjfm', '83_lag_eurPSLjfm', '77_lag_samPSLann', '71_lag_traEU']","[0.08104105913396843, 0.08436599037642546, 0.01211844722827461, 0.16125716362730402, 0.0749690846950593, 0.10688704996772389, 0.0460962368014089, 0.07905123392351596, 0.10629301769681214, 0.05803794486625433]","86_lag_traBS, 73_lag_stratZ50ndj03, 86_lag_nchinaPRjja, 83_lag_seurTSjfm, 74_lag_ismPRjja, 66_lag_traEC, 77_lag_scpPSLjfm, 83_lag_eurPSLjfm, 77_lag_samPSLann, 71_lag_traEU_3835_66"
LinearRegression,78,10,amo1,shigh,1592.5,2005.5,0.6,93,63,66,17.1841664191596,0.053436667550660066,3835,"['73_lag_eurPSLjfm', '73_lag_traMC', '74_lag_ismPRjja', '66_lag_traEC', '77_lag_scpPSLjfm', '73_lag_stratZ50ndj03', '92_lag_traMC', '71_lag_traEU', '77_lag_samPSLann', '83_lag_eurPSLjfm']","[0.09577281002028583, 0.07398279838537691, 0.06680345136429691, 0.09304554132123333, 0.04891432051259354, 0.08740040922169222, 0.03730621837637541, 0.052914478624023514, 0.09779889341362932, 0.0824485819604627]","73_lag_eurPSLjfm, 73_lag_traMC, 74_lag_ismPRjja, 66_lag_traEC, 77_lag_scpPSLjfm, 73_lag_stratZ50ndj03, 92_lag_traMC, 71_lag_traEU, 77_lag_samPSLann, 83_lag_eurPSLjfm_3835_66"
LinearRegression,79,10,amo1,shigh,1593.5,2005.5,0.6,94,64,64,16.78212264518838,0.09027757117095357,3835,"['86_lag_traBS', '64_lag_traMC', '68_lag_traTLS', '83_lag_seurTSjfm', '92_lag_traMC', '73_lag_traMC', '77_lag_samPSLann', '77_lag_scpPSLjfm', '71_lag_traEU', '83_lag_eurPSLjfm']","[0.08353763416424072, 0.1027003903776536, 0.09839173066345619, 0.15528123883946623, 0.03422906604555154, 0.05632171028552447, 0.1028872451298048, 0.03673715480988704, 0.06621881041248327, 0.06484845705755149]","86_lag_traBS, 64_lag_traMC, 68_lag_traTLS, 83_lag_seurTSjfm, 92_lag_traMC, 73_lag_traMC, 77_lag_samPSLann, 77_lag_scpPSLjfm, 71_lag_traEU, 83_lag_eurPSLjfm_3835_64"
LinearRegression,80,10,amo1,shigh,1594.5,2005.5,0.6,95,65,68,17.620695620413294,0.07947325941021441,3835,"['93_lag_shSICsep', '75_lag_scpPSLjfm', '83_lag_seurTSjfm', '86_lag_shSICmar', '77_lag_samPSLann', '92_lag_traMC', '77_lag_scpPSLjfm', '68_lag_traTLS', '71_lag_traEU', '83_lag_eurPSLjfm']","[0.08701433315565922, 0.06445918005912873, 0.13874392476830472, 0.07704523631863769, 0.11642714103316272, 0.03698603017793852, 0.04736187286679283, 0.10439109995921678, 0.07436696816519645, 0.05160633248122853]","93_lag_shSICsep, 75_lag_scpPSLjfm, 83_lag_seurTSjfm, 86_lag_shSICmar, 77_lag_samPSLann, 92_lag_traMC, 77_lag_scpPSLjfm, 68_lag_traTLS, 71_lag_traEU, 83_lag_eurPSLjfm_3835_68"
LinearRegression,81,10,amo1,shigh,1595.5,2005.5,0.6,96,66,66,17.95045650150212,0.022189247175272014,3835,"['75_lag_scpPSLjfm', '68_lag_traTLS', '93_lag_shSICsep', '77_lag_scpPSLjfm', '66_lag_traEC', '92_lag_traMC', '77_lag_samPSLann', '83_lag_seurTSjfm', '83_lag_eurPSLjfm', '71_lag_traEU']","[0.07047677680869639, 0.1201970800855648, 0.07745434799237685, 0.028552166644344717, 0.11074152589618608, 0.042830801743803146, 0.12449399755060941, 0.14534198324697017, 0.05722292110581476, 0.07135037661994074]","75_lag_scpPSLjfm, 68_lag_traTLS, 93_lag_shSICsep, 77_lag_scpPSLjfm, 66_lag_traEC, 92_lag_traMC, 77_lag_samPSLann, 83_lag_seurTSjfm, 83_lag_eurPSLjfm, 71_lag_traEU_3835_66"
LinearRegression,82,10,amo1,shigh,1596.5,2005.5,0.6,97,67,71,17.147857290107233,0.0392847086859266,3835,"['77_lag_scpPSLjfm', '86_lag_nppc2SSTjfm', '96_lag_eapPSLjfm', '92_lag_traMC', '77_lag_samPSLann', '93_lag_shSICsep', '71_lag_traEU', '75_lag_scpPSLjfm', '83_lag_seurTSjfm', '83_lag_eurPSLjfm']","[0.03099988202468937, 0.04975649486950577, 0.10992030309877462, 0.04350452619046979, 0.11300888744345003, 0.10225717925754046, 0.08382299563151449, 0.06819001873577682, 0.15771525223386307, 0.06051644678566662]","77_lag_scpPSLjfm, 86_lag_nppc2SSTjfm, 96_lag_eapPSLjfm, 92_lag_traMC, 77_lag_samPSLann, 93_lag_shSICsep, 71_lag_traEU, 75_lag_scpPSLjfm, 83_lag_seurTSjfm, 83_lag_eurPSLjfm_3835_71"
LinearRegression,83,10,amo1,shigh,1597.5,2005.5,0.6,98,68,68,17.502578562881475,0.028469241456472835,3835,"['93_lag_nchinaPRjja', '92_lag_traMC', '97_lag_stratZ50ndj03', '77_lag_scpPSLjfm', '74_lag_ismPRjja', '93_lag_shSICsep', '68_lag_traTLS', '83_lag_seurTSjfm', '75_lag_scpPSLjfm', '83_lag_eurPSLjfm']","[0.0355537915324523, 0.04677847050350542, 0.06756251757558827, 0.026694837494639304, 0.10695368468041527, 0.09022557536117468, 0.10132253662362503, 0.15410253559589293, 0.06881981200573178, 0.05841088159816457]","93_lag_nchinaPRjja, 92_lag_traMC, 97_lag_stratZ50ndj03, 77_lag_scpPSLjfm, 74_lag_ismPRjja, 93_lag_shSICsep, 68_lag_traTLS, 83_lag_seurTSjfm, 75_lag_scpPSLjfm, 83_lag_eurPSLjfm_3835_68"
LinearRegression,84,10,amo1,shigh,1598.5,2005.5,0.6,99,69,74,17.18779441842736,0.04781692771524617,3835,"['77_lag_samPSLann', '85_lag_stratZ50ndj01', '93_lag_nchinaPRjja', '74_lag_ismPRjja', '93_lag_shSICsep', '77_lag_scpPSLjfm', '92_lag_traMC', '83_lag_seurTSjfm', '83_lag_eurPSLjfm', '75_lag_scpPSLjfm']","[0.11453040407153843, 0.04528050174527687, 0.041451427322525894, 0.10142609877265464, 0.09188694663025154, 0.032813602755428814, 0.03572163072207278, 0.14623564447933038, 0.060723240227477646, 0.08261626947080737]","77_lag_samPSLann, 85_lag_stratZ50ndj01, 93_lag_nchinaPRjja, 74_lag_ismPRjja, 93_lag_shSICsep, 77_lag_scpPSLjfm, 92_lag_traMC, 83_lag_seurTSjfm, 83_lag_eurPSLjfm, 75_lag_scpPSLjfm_3835_74"
LinearRegression,85,10,amo1,shigh,1599.5,2005.5,0.6,100,70,75,18.497675503556206,-0.06143522065140351,3835,"['94_lag_eurPSLjfm', '75_lag_traTLS', '93_lag_shSICsep', '85_lag_stratZ50ndj01', '83_lag_seurTSjfm', '77_lag_scpPSLjfm', '83_lag_eurPSLjfm', '99_lag_shSICsep', '99_lag_yrvPRjja', '75_lag_scpPSLjfm']","[0.08127312537347094, 0.09023345396604528, 0.11641409574809304, 0.04170251466710144, 0.1346641022370724, 0.03118721367049347, 0.05736676057045603, 0.05874743960715774, 0.009172864425088051, 0.07099774894481146]","94_lag_eurPSLjfm, 75_lag_traTLS, 93_lag_shSICsep, 85_lag_stratZ50ndj01, 83_lag_seurTSjfm, 77_lag_scpPSLjfm, 83_lag_eurPSLjfm, 99_lag_shSICsep, 99_lag_yrvPRjja, 75_lag_scpPSLjfm_3835_75"
