model,num_irrelevant,max_allowed_features,target_feature,dataset,year_start,year_end,splitsize,max_lag,init_lag,max_forecast,mae_score,corr_score,n_total_features,selected_feature_list,feature_importances,selected_features
LRforcedPSO,0,30,traEC,slow,866.5,2005.5,0.4,15,1,1,23.804438242624286,0.01536816197913137,1755,"['1_lag_3_median_traIFC', '1_lag_9_median_traDP', '1_lag_2_median_mhfATL30', '12_lag_amo2', '4_lag_traEU', '1_lag_nppc2SSTjfm', '1_lag_3_median_stratZ50ndj04', '12_lag_nhSICsep', '1_lag_5_median_shTSjfm', '12_lag_amo3', '1_lag_12_median_alpi', '7_lag_eurPSLjfm', '13_lag_glTSjfm', '1_lag_7_median_alpi', '1_lag_11_median_scpPSLjfm', '1_lag_6_median_stratZ50ndj03', '1_lag_11_median_stratZ50ndj04', '12_lag_eurPSLjfm', '1_lag_3_median_traEC', '8_lag_satlSSTjfm', '1_lag_8_median_eapPSLjfm', '6_lag_glTSjfm', '1_lag_2_median_ensoSSTjfm', '8_lag_tripol1', '2_lag_labSSTjfm', '2_lag_ismPRjja', '10_lag_nppc2SSTjfm', '1_lag_10_median_mhfIP30', '5_lag_mhfATL60', '1_lag_7_median_gyreSSTjfm']","[4.370608821438681, 1.5504246752692108, 4.993243087896433, 1.8406807540092984, 4.780387277417304, 5.640285174376636, 0.8220655266881867, 5.3014677072332645, 0.3134053195320359, 7.077805072717744, 0.5318968487622637, 0.5649460780771101, 9.459179539125351, 0.14407894660209308, 8.770749772674876, 0.7208655797646841, 4.00040156533689, 0.5260516328515799, 6.013202577630832, 0.3743950415795503, 3.962378584460124, 5.174830004286564, 3.7032156788899773, 8.482496322555624, 2.588018374571403, 4.658577733371986, 3.806062452264676, 4.757186101222144, 1.7244842101825775, 1.799802936260198]","1_lag_3_median_traIFC, 1_lag_9_median_traDP, 1_lag_2_median_mhfATL30, 12_lag_amo2, 4_lag_traEU, 1_lag_nppc2SSTjfm, 1_lag_3_median_stratZ50ndj04, 12_lag_nhSICsep, 1_lag_5_median_shTSjfm, 12_lag_amo3, 1_lag_12_median_alpi, 7_lag_eurPSLjfm, 13_lag_glTSjfm, 1_lag_7_median_alpi, 1_lag_11_median_scpPSLjfm, 1_lag_6_median_stratZ50ndj03, 1_lag_11_median_stratZ50ndj04, 12_lag_eurPSLjfm, 1_lag_3_median_traEC, 8_lag_satlSSTjfm, 1_lag_8_median_eapPSLjfm, 6_lag_glTSjfm, 1_lag_2_median_ensoSSTjfm, 8_lag_tripol1, 2_lag_labSSTjfm, 2_lag_ismPRjja, 10_lag_nppc2SSTjfm, 1_lag_10_median_mhfIP30, 5_lag_mhfATL60, 1_lag_7_median_gyreSSTjfm_1755_1"
LRforcedPSO,1,30,traEC,slow,867.5,2005.5,0.4,16,1,1,25.2397715351443,-0.007626997745061589,1885,"['1_lag_11_median_atlSICjfm', '9_lag_amo3', '10_lag_eapPSLjfm', '1_lag_2_median_mhfIP30', '1_lag_14_median_shSICsep', '6_lag_arcTSjfm', '1_lag_10_median_alpi', '1_lag_4_median_traBS', '4_lag_stratZ50ndj03', '1_lag_10_median_nhSICsep', '1_lag_8_median_stratZ50ndj04', '1_lag_15_median_traFSC', '1_lag_mhfATL45', '5_lag_ensoSSTjfm', '10_lag_traFS', '10_lag_pdoSSTjfm', '7_lag_traEC', '1_lag_2_median_traMC', '5_lag_traBS', '1_lag_6_median_nppc3SSTjfm', '5_lag_ginwSSTjfm', '12_lag_atlSICjfm', '1_lag_10_median_nhTSjfm', '1_lag_5_median_AMOCann', '2_lag_seurTSjfm', '6_lag_stratZ50ndj04', '5_lag_traFB', '13_lag_AMOCann', '1_lag_7_median_satlSSTjfm', '1_lag_5_median_shTSjfm']","[2.3924774416762062, 6.701135351211738, 9.300402675732716, 5.516894794316876, 0.33012329657313266, 2.944272695856716, 4.9710076972659305, 4.969674550546738, 1.5705922745530358, 0.967459800375801, 5.310065067986809, 6.944565156589977, 3.465495274800774, 5.029254971584853, 4.99282578032572, 2.8336526453407274, 2.9628579674935835, 4.1562663354190015, 2.437329452974522, 2.8255698891579772, 1.7794742158514154, 7.145579070434589, 2.5758079534163496, 1.0020130001269472, 6.089594325255646, 1.4631063939091256, 2.842478838506528, 7.006395310236417, 1.7993322236728488, 1.9151544785323065]","1_lag_11_median_atlSICjfm, 9_lag_amo3, 10_lag_eapPSLjfm, 1_lag_2_median_mhfIP30, 1_lag_14_median_shSICsep, 6_lag_arcTSjfm, 1_lag_10_median_alpi, 1_lag_4_median_traBS, 4_lag_stratZ50ndj03, 1_lag_10_median_nhSICsep, 1_lag_8_median_stratZ50ndj04, 1_lag_15_median_traFSC, 1_lag_mhfATL45, 5_lag_ensoSSTjfm, 10_lag_traFS, 10_lag_pdoSSTjfm, 7_lag_traEC, 1_lag_2_median_traMC, 5_lag_traBS, 1_lag_6_median_nppc3SSTjfm, 5_lag_ginwSSTjfm, 12_lag_atlSICjfm, 1_lag_10_median_nhTSjfm, 1_lag_5_median_AMOCann, 2_lag_seurTSjfm, 6_lag_stratZ50ndj04, 5_lag_traFB, 13_lag_AMOCann, 1_lag_7_median_satlSSTjfm, 1_lag_5_median_shTSjfm_1885_1"
LRforcedPSO,2,30,traEC,slow,868.5,2005.5,0.4,17,1,1,22.083173148629474,0.0030912611541031266,2015,"['8_lag_traFS', '1_lag_3_median_nhSICjfm', '1_lag_3_median_samPSLann', '4_lag_mhfATL60', '1_lag_4_median_arcTSjfm', '14_lag_traTLS', '1_lag_16_median_pdoSSTjfm', '6_lag_amo2', '1_lag_4_median_traBS', '1_lag_13_median_traBS', '11_lag_stratZ50ndj02', '1_lag_6_median_naoPSLjfm', '1_lag_10_median_traFS', '1_lag_15_median_traDS', '1_lag_15_median_nppc3SSTjfm', '1_lag_9_median_traTLS', '13_lag_traTLS', '10_lag_traDP', '5_lag_traMC', '1_lag_4_median_mhfATL60', '13_lag_solFORC', '2_lag_tripol1', '14_lag_shTSjfm', '13_lag_nppc3SSTjfm', '1_lag_4_median_ensoSSTjfm', '1_lag_9_median_amoSSTmjjaso', '10_lag_nppc2SSTjfm', '2_lag_mhfATL45', '1_lag_7_median_nppc2SSTjfm', '1_lag_13_median_stratZ50ndj02']","[6.196505553657111, 3.2067585740843754, 2.036136002050986, 3.3755504698084815, 6.706203929740191, 1.6204312664353733, 4.8157878016084155, 1.7441070739479514, 0.5915622304653425, 5.727827342378071, 5.344056223583644, 3.333467466275014, 7.977338271774707, 1.2047172796180199, 8.499306210774073, 1.5404811717570706, 1.5978415968065143, 5.334610693937172, 1.0880626217638945, 5.909983187374102, 7.2651466867380385, 4.39918248997841, 1.158977832315136, 0.8227948312366529, 2.2142847160673256, 5.589247696066785, 0.35800426309967115, 5.060065388173225, 7.526890260297613, 5.604293948829621]","8_lag_traFS, 1_lag_3_median_nhSICjfm, 1_lag_3_median_samPSLann, 4_lag_mhfATL60, 1_lag_4_median_arcTSjfm, 14_lag_traTLS, 1_lag_16_median_pdoSSTjfm, 6_lag_amo2, 1_lag_4_median_traBS, 1_lag_13_median_traBS, 11_lag_stratZ50ndj02, 1_lag_6_median_naoPSLjfm, 1_lag_10_median_traFS, 1_lag_15_median_traDS, 1_lag_15_median_nppc3SSTjfm, 1_lag_9_median_traTLS, 13_lag_traTLS, 10_lag_traDP, 5_lag_traMC, 1_lag_4_median_mhfATL60, 13_lag_solFORC, 2_lag_tripol1, 14_lag_shTSjfm, 13_lag_nppc3SSTjfm, 1_lag_4_median_ensoSSTjfm, 1_lag_9_median_amoSSTmjjaso, 10_lag_nppc2SSTjfm, 2_lag_mhfATL45, 1_lag_7_median_nppc2SSTjfm, 1_lag_13_median_stratZ50ndj02_2015_1"
LRforcedPSO,3,30,traEC,slow,869.5,2005.5,0.4,18,1,1,23.84209784660955,0.010308773976977565,2145,"['1_lag_17_median_stratZ50ndj01', '17_lag_traIT', '1_lag_7_median_nhSICsep', '3_lag_nhSICjfm', '1_lag_16_median_neurTSjfm', '12_lag_traBS', '8_lag_ginwSSTjfm', '10_lag_atlSICsep', '4_lag_wnorPRjfm', '1_lag_2_median_labSSTjfm', '2_lag_shSICsep', '11_lag_arcTSjfm', '13_lag_ginwSSTjfm', '12_lag_shSICsep', '1_lag_3_median_stratZ50ndj03', '3_lag_amo2', '1_lag_9_median_gyreSSTjfm', '1_lag_3_median_mhfIP30', '12_lag_cetTSjfm', '17_lag_amoSSTmjjaso', '1_lag_13_median_traIFC', '1_lag_14_median_solFORC', '15_lag_nppc3SSTjfm', '12_lag_stratZ50ndj02', '1_lag_4_median_solFORC', '1_lag_16_median_mhfATL60', '8_lag_traTLS', '1_lag_8_median_satlSSTjfm', '17_lag_stratZ50ndj02', '9_lag_traFB']","[0.7362443093606466, 0.49482492084244356, 5.295335159196577, 1.642272201914965, 5.045865354825847, 3.960588218223977, 2.1640768467647735, 6.35878725529774, 1.5103488251918336, 0.7441125573328318, 9.993932757876351, 2.476290520952089, 2.9053524740626946, 6.144237338992948, 2.0297876025685664, 3.681856054741499, 1.4899210174658002, 4.659672479306408, 9.895319411473968, 4.617585668920077, 7.145221320726423, 1.3284547058035727, 1.892831609751477, 3.7395900051149127, 0.8903091769437204, 2.590076741709982, 3.948330160371148, 0.935598473163374, 9.12749194627189, 9.773749323424452]","1_lag_17_median_stratZ50ndj01, 17_lag_traIT, 1_lag_7_median_nhSICsep, 3_lag_nhSICjfm, 1_lag_16_median_neurTSjfm, 12_lag_traBS, 8_lag_ginwSSTjfm, 10_lag_atlSICsep, 4_lag_wnorPRjfm, 1_lag_2_median_labSSTjfm, 2_lag_shSICsep, 11_lag_arcTSjfm, 13_lag_ginwSSTjfm, 12_lag_shSICsep, 1_lag_3_median_stratZ50ndj03, 3_lag_amo2, 1_lag_9_median_gyreSSTjfm, 1_lag_3_median_mhfIP30, 12_lag_cetTSjfm, 17_lag_amoSSTmjjaso, 1_lag_13_median_traIFC, 1_lag_14_median_solFORC, 15_lag_nppc3SSTjfm, 12_lag_stratZ50ndj02, 1_lag_4_median_solFORC, 1_lag_16_median_mhfATL60, 8_lag_traTLS, 1_lag_8_median_satlSSTjfm, 17_lag_stratZ50ndj02, 9_lag_traFB_2145_1"
LRforcedPSO,4,30,traEC,slow,870.5,2005.5,0.4,19,1,1,24.214297836279115,-0.016080888613540074,2275,"['1_lag_16_median_scpPSLjfm', '3_lag_amo2', '1_lag_18_median_neurTSjfm', '1_lag_11_median_ormenSSTjfm', '4_lag_shSICsep', '13_lag_traBO', '15_lag_seurTSjfm', '15_lag_shSICsep', '17_lag_atlSICjfm', '18_lag_ismPRjja', '1_lag_5_median_traMC', '1_lag_2_median_traIFC', '1_lag_16_median_glTSjfm', '4_lag_tripol2', '13_lag_traDP', '4_lag_glTSjfm', '16_lag_traWP', '1_lag_18_median_amo1', '1_lag_18_median_traEU', '5_lag_traDP', '1_lag_18_median_ormenSSTjfm', '9_lag_amo1', '1_lag_3_median_satlSSTjfm', '14_lag_amo1', '1_lag_13_median_nhSICjfm', '1_lag_3_median_ismPRjja', '6_lag_traDS', '7_lag_traBO', '18_lag_alpi', '1_lag_10_median_traFB']","[0.08652840990150956, 4.443979186156557, 7.881310020798975, 4.129283420439385, 9.123409587905167, 0.736047067594054, 7.105779104304, 5.163616682807682, 2.6043269426821674, 2.0154095660651556, 3.4583760397554393, 2.2759951310928583, 3.021670500250959, 2.5095725186103106, 3.3849345095021928, 8.646042678722697, 8.59369398939944, 8.444539490326232, 4.080664173403772, 4.003445214579262, 0.365256750672323, 1.618056920542081, 3.3791778947802555, 6.263924472015468, 0.38653622119652553, 0.1333805708963709, 4.266658165314299, 1.4127640609529752, 2.784901947655145, 8.016917797514797]","1_lag_16_median_scpPSLjfm, 3_lag_amo2, 1_lag_18_median_neurTSjfm, 1_lag_11_median_ormenSSTjfm, 4_lag_shSICsep, 13_lag_traBO, 15_lag_seurTSjfm, 15_lag_shSICsep, 17_lag_atlSICjfm, 18_lag_ismPRjja, 1_lag_5_median_traMC, 1_lag_2_median_traIFC, 1_lag_16_median_glTSjfm, 4_lag_tripol2, 13_lag_traDP, 4_lag_glTSjfm, 16_lag_traWP, 1_lag_18_median_amo1, 1_lag_18_median_traEU, 5_lag_traDP, 1_lag_18_median_ormenSSTjfm, 9_lag_amo1, 1_lag_3_median_satlSSTjfm, 14_lag_amo1, 1_lag_13_median_nhSICjfm, 1_lag_3_median_ismPRjja, 6_lag_traDS, 7_lag_traBO, 18_lag_alpi, 1_lag_10_median_traFB_2275_1"
LRforcedPSO,5,30,traEC,slow,871.5,2005.5,0.4,20,1,1,20.230559757649612,0.07101735256074548,2405,"['11_lag_nppc2SSTjfm', '1_lag_13_median_nhTSjfm', '1_lag_14_median_tripol3', '1_lag_5_median_traBS', '10_lag_nhSICsep', '1_lag_3_median_labSSTjfm', '1_lag_9_median_nhSICsep', '2_lag_traTLS', '10_lag_amo1', '1_lag_9_median_nppc3SSTjfm', '1_lag_11_median_nhTSjfm', '1_lag_traTLS', '9_lag_traDS', '1_lag_14_median_mhfIP30', '1_lag_10_median_naoPSLjfm', '4_lag_ismPRjja', '1_lag_15_median_amo2', '5_lag_nhSICsep', '18_lag_tripol3', '1_lag_4_median_amo3', '18_lag_stratZ50ndj04', '1_lag_10_median_glomaSSTjfm', '1_lag_19_median_wnorPRjfm', '1_lag_19_median_atlSICsep', '1_lag_13_median_stratZ50ndj04', '1_lag_18_median_mhfATL60', '1_lag_2_median_amo3', '14_lag_tripol1', '10_lag_traFSC', '1_lag_13_median_shSICsep']","[0.8605752829769369, 5.181390386494989, 0.020505474129148382, 0.5051463648737133, 3.053271984403752, 6.127974250897601, 2.382859252838063, 0.4536705069101181, 1.8944349624847252, 4.908899036059768, 6.742520999026578, 0.0725871134957039, 3.349012300837435, 0.2744353594211226, 0.4944872258202615, 8.100872697394482, 2.068188369840154, 3.3707586888443863, 1.027413131641314, 4.317760989091035, 6.1443041865490535, 6.423622183288478, 4.9933005867904985, 0.30714792940189817, 6.4215726440252, 1.416854995411363, 7.719671877768965, 5.905656598869857, 0.699819722842987, 6.700197025738186]","11_lag_nppc2SSTjfm, 1_lag_13_median_nhTSjfm, 1_lag_14_median_tripol3, 1_lag_5_median_traBS, 10_lag_nhSICsep, 1_lag_3_median_labSSTjfm, 1_lag_9_median_nhSICsep, 2_lag_traTLS, 10_lag_amo1, 1_lag_9_median_nppc3SSTjfm, 1_lag_11_median_nhTSjfm, 1_lag_traTLS, 9_lag_traDS, 1_lag_14_median_mhfIP30, 1_lag_10_median_naoPSLjfm, 4_lag_ismPRjja, 1_lag_15_median_amo2, 5_lag_nhSICsep, 18_lag_tripol3, 1_lag_4_median_amo3, 18_lag_stratZ50ndj04, 1_lag_10_median_glomaSSTjfm, 1_lag_19_median_wnorPRjfm, 1_lag_19_median_atlSICsep, 1_lag_13_median_stratZ50ndj04, 1_lag_18_median_mhfATL60, 1_lag_2_median_amo3, 14_lag_tripol1, 10_lag_traFSC, 1_lag_13_median_shSICsep_2405_1"
LRforcedPSO,6,30,traEC,slow,872.5,2005.5,0.4,21,1,1,22.30587302917648,0.013598844638905074,2535,"['6_lag_eurPSLjfm', '10_lag_stratZ50ndj03', '1_lag_7_median_traCA', '1_lag_20_median_shTSjfm', '1_lag_5_median_traBO', '1_lag_18_median_AMOCann', '1_lag_4_median_seurTSjfm', '4_lag_arcTSjfm', '1_lag_13_median_traWP', '3_lag_naoPSLjfm', '7_lag_stratZ50ndj01', '7_lag_traFB', '13_lag_shTSjfm', '1_lag_3_median_nppc2SSTjfm', '11_lag_atlSICsep', '1_lag_pdoSSTjfm', '1_lag_18_median_arcTSjfm', '15_lag_traTLS', '1_lag_16_median_traEC', '1_lag_10_median_tripol2', '1_lag_seurTSjfm', '11_lag_nppc3SSTjfm', '1_lag_12_median_satlSSTjfm', '3_lag_ginwSSTjfm', '9_lag_ginwSSTjfm', '1_lag_14_median_mhfATL60', '9_lag_shSICmar', '1_lag_6_median_nppc2SSTjfm', '1_lag_8_median_naoPSLjfm', '1_lag_17_median_stratZ50ndj02']","[5.858153275528508, 4.392746294634565, 5.462354222345587, 7.545255686487087, 0.47887184936513094, 1.8144926478681143, 2.069110776697867, 2.117880453598577, 1.5293298693910735, 0.5840110129071228, 2.9712337346256295, 9.247167382514643, 9.334045081404156, 2.058942031746751, 1.5121247048234014, 8.903463828997747, 4.972371027164916, 3.879229813062537, 3.9395899279565167, 3.9456839139251265, 6.970080748923342, 1.7801346470468022, 7.746023490082802, 0.7013702600303056, 2.5919817564598517, 4.260649778436797, 4.56589499097428, 1.5483028810105264, 1.315603362601447, 1.6534821200562284]","6_lag_eurPSLjfm, 10_lag_stratZ50ndj03, 1_lag_7_median_traCA, 1_lag_20_median_shTSjfm, 1_lag_5_median_traBO, 1_lag_18_median_AMOCann, 1_lag_4_median_seurTSjfm, 4_lag_arcTSjfm, 1_lag_13_median_traWP, 3_lag_naoPSLjfm, 7_lag_stratZ50ndj01, 7_lag_traFB, 13_lag_shTSjfm, 1_lag_3_median_nppc2SSTjfm, 11_lag_atlSICsep, 1_lag_pdoSSTjfm, 1_lag_18_median_arcTSjfm, 15_lag_traTLS, 1_lag_16_median_traEC, 1_lag_10_median_tripol2, 1_lag_seurTSjfm, 11_lag_nppc3SSTjfm, 1_lag_12_median_satlSSTjfm, 3_lag_ginwSSTjfm, 9_lag_ginwSSTjfm, 1_lag_14_median_mhfATL60, 9_lag_shSICmar, 1_lag_6_median_nppc2SSTjfm, 1_lag_8_median_naoPSLjfm, 1_lag_17_median_stratZ50ndj02_2535_1"
LRforcedPSO,7,30,traEC,slow,873.5,2005.5,0.4,22,1,1,28.915530620427777,-0.06345822455423308,2665,"['1_lag_19_median_traCA', '3_lag_shTSjfm', '1_lag_15_median_ensoSSTjfm', '1_lag_7_median_traTLS', '21_lag_samPSLann', '1_lag_18_median_glTSjfm', '1_lag_3_median_traBS', '1_lag_13_median_traWP', '1_lag_20_median_solFORC', '12_lag_atlSICjfm', '19_lag_mhfIP30', '17_lag_amo3', '6_lag_mhfATL30', '1_lag_17_median_shTSjfm', '1_lag_13_median_traTLS', '10_lag_ensoSSTjfm', '1_lag_17_median_traFSC', '1_lag_6_median_samPSLann', '1_lag_12_median_atlSICjfm', '1_lag_21_median_traFB', '1_lag_15_median_atlSICjfm', '12_lag_mhfATL60', '15_lag_amo2', '17_lag_solFORC', '1_lag_20_median_arcTSjfm', '15_lag_traEC', '21_lag_traMC', '1_lag_8_median_arcTSjfm', '13_lag_gyreSSTjfm', '9_lag_amoSSTmjjaso']","[3.766950440969299, 0.9637436924508762, 6.449356716368715, 7.04360685034713, 7.186503225573521, 2.0412620184650354, 3.8016616272109065, 4.5663910594047685, 3.756661306754708, 3.5089645923783763, 6.952558400054972, 2.8863419988842427, 4.897016449293556, 7.486745850358584, 0.08098355739459429, 5.24105172569957, 1.9863938816875493, 2.6038276627199846, 9.465646532412105, 4.955695624145635, 5.318644241862753, 2.034484201808051, 8.088851715467253, 5.983363740912619, 7.626942639220504, 0.5977369478153864, 0.11369360400098216, 2.3763572190719238, 5.533705013152936, 0.12325439247882741]","1_lag_19_median_traCA, 3_lag_shTSjfm, 1_lag_15_median_ensoSSTjfm, 1_lag_7_median_traTLS, 21_lag_samPSLann, 1_lag_18_median_glTSjfm, 1_lag_3_median_traBS, 1_lag_13_median_traWP, 1_lag_20_median_solFORC, 12_lag_atlSICjfm, 19_lag_mhfIP30, 17_lag_amo3, 6_lag_mhfATL30, 1_lag_17_median_shTSjfm, 1_lag_13_median_traTLS, 10_lag_ensoSSTjfm, 1_lag_17_median_traFSC, 1_lag_6_median_samPSLann, 1_lag_12_median_atlSICjfm, 1_lag_21_median_traFB, 1_lag_15_median_atlSICjfm, 12_lag_mhfATL60, 15_lag_amo2, 17_lag_solFORC, 1_lag_20_median_arcTSjfm, 15_lag_traEC, 21_lag_traMC, 1_lag_8_median_arcTSjfm, 13_lag_gyreSSTjfm, 9_lag_amoSSTmjjaso_2665_1"
LRforcedPSO,8,30,traEC,slow,874.5,2005.5,0.4,23,1,1,26.44556538429925,0.056001343042712766,2795,"['1_lag_20_median_stratZ50ndj02', '1_lag_12_median_yrvPRjja', '16_lag_traFS', '1_lag_19_median_traEU', '15_lag_nhTSjfm', '1_lag_6_median_glomaSSTjfm', '1_lag_18_median_traEU', '11_lag_atlSICsep', '1_lag_6_median_traIT', '1_lag_20_median_ormenSSTjfm', '1_lag_15_median_traIT', '1_lag_2_median_traTLS', '16_lag_ormenSSTjfm', '1_lag_7_median_AMOCann', '5_lag_stratZ50ndj02', '14_lag_stratZ50ndj01', '1_lag_9_median_wnorPRjfm', '1_lag_21_median_nppc2SSTjfm', '11_lag_amo1', '17_lag_traBO', '1_lag_15_median_amo2', '6_lag_traMC', '2_lag_wnorPRjfm', '16_lag_samPSLann', '1_lag_10_median_yrvPRjja', '1_lag_7_median_shSICsep', '1_lag_14_median_traFSC', '1_lag_15_median_traBS', '1_lag_17_median_traEC', '14_lag_ensoSSTjfm']","[3.5290359911208373, 4.13392891236998, 1.2515463403161764, 7.27425233299293, 0.8136329961407736, 2.566839259456053, 9.859917044217667, 6.600359632315622, 3.6676265876937997, 3.607134116089579, 6.174620663437587, 0.10654597489777196, 0.016732007819825867, 0.5729605425211552, 3.735487702519775, 3.5981738164751533, 4.525774150119657, 1.2107870641998613, 2.1955770883006416, 3.2312562082643463, 7.20871626259709, 2.9956936793276583, 1.4473394281986973, 6.540700671825572, 3.691937287794767, 6.189490860782538, 7.255886400818206, 7.898160574335606, 4.0698393190995175, 4.819311001610098]","1_lag_20_median_stratZ50ndj02, 1_lag_12_median_yrvPRjja, 16_lag_traFS, 1_lag_19_median_traEU, 15_lag_nhTSjfm, 1_lag_6_median_glomaSSTjfm, 1_lag_18_median_traEU, 11_lag_atlSICsep, 1_lag_6_median_traIT, 1_lag_20_median_ormenSSTjfm, 1_lag_15_median_traIT, 1_lag_2_median_traTLS, 16_lag_ormenSSTjfm, 1_lag_7_median_AMOCann, 5_lag_stratZ50ndj02, 14_lag_stratZ50ndj01, 1_lag_9_median_wnorPRjfm, 1_lag_21_median_nppc2SSTjfm, 11_lag_amo1, 17_lag_traBO, 1_lag_15_median_amo2, 6_lag_traMC, 2_lag_wnorPRjfm, 16_lag_samPSLann, 1_lag_10_median_yrvPRjja, 1_lag_7_median_shSICsep, 1_lag_14_median_traFSC, 1_lag_15_median_traBS, 1_lag_17_median_traEC, 14_lag_ensoSSTjfm_2795_1"
LRforcedPSO,9,30,traEC,slow,875.5,2005.5,0.4,24,1,1,34.14617388034807,-0.09490491609145531,2925,"['1_lag_16_median_tripol3', '19_lag_stratZ50ndj02', '15_lag_nhSICsep', '2_lag_AMOCann', '1_lag_15_median_AMOCann', '7_lag_pdoSSTjfm', '2_lag_shSICsep', '13_lag_amo3', '21_lag_tripol1', '20_lag_glomaSSTjfm', '21_lag_traTLS', '19_lag_mhfIP30', '14_lag_solFORC', '3_lag_traCA', '16_lag_scpPSLjfm', '1_lag_20_median_nhSICsep', '1_lag_glomaSSTjfm', '1_lag_15_median_atlSICsep', '8_lag_mhfATL30', '6_lag_traWP', '16_lag_traBO', '1_lag_14_median_nchinaPRjja', '23_lag_tripol2', '1_lag_14_median_shTSjfm', '10_lag_ormenSSTjfm', '21_lag_tripol2', '1_lag_23_median_shSICsep', '22_lag_shSICsep', '15_lag_glTSjfm', '1_lag_15_median_solFORC']","[0.7848730088415916, 6.051356457377331, 0.45082121543699927, 1.3666119647898256, 8.979650171790183, 8.622699001877649, 7.423604239962554, 5.180248902169362, 1.0048888134333254, 3.224119123414976, 2.153593858518958, 3.508443525579901, 9.549345749546884, 5.76828573705199, 8.69052033507697, 5.200316753547045, 1.9642932305800187, 8.9116002293762, 5.932513394168195, 5.5248782107143235, 5.385731984205972, 0.28223068109820737, 8.308125996109755, 7.481448682213485, 0.13605922917457391, 3.151863777544987, 2.0085374321876976, 3.992009439735911, 7.1841419885450755, 4.060800835351051]","1_lag_16_median_tripol3, 19_lag_stratZ50ndj02, 15_lag_nhSICsep, 2_lag_AMOCann, 1_lag_15_median_AMOCann, 7_lag_pdoSSTjfm, 2_lag_shSICsep, 13_lag_amo3, 21_lag_tripol1, 20_lag_glomaSSTjfm, 21_lag_traTLS, 19_lag_mhfIP30, 14_lag_solFORC, 3_lag_traCA, 16_lag_scpPSLjfm, 1_lag_20_median_nhSICsep, 1_lag_glomaSSTjfm, 1_lag_15_median_atlSICsep, 8_lag_mhfATL30, 6_lag_traWP, 16_lag_traBO, 1_lag_14_median_nchinaPRjja, 23_lag_tripol2, 1_lag_14_median_shTSjfm, 10_lag_ormenSSTjfm, 21_lag_tripol2, 1_lag_23_median_shSICsep, 22_lag_shSICsep, 15_lag_glTSjfm, 1_lag_15_median_solFORC_2925_1"
LRforcedPSO,10,30,traEC,slow,876.5,2005.5,0.4,25,1,1,27.166008477248386,-0.05569667328071629,3055,"['9_lag_mhfATL60', '6_lag_atlSICsep', '1_lag_5_median_stratZ50ndj02', '1_lag_10_median_nchinaPRjja', '1_lag_8_median_AMOCann', '14_lag_neurTSjfm', '1_lag_4_median_atlSICsep', '19_lag_naoPSLjfm', '24_lag_nhSICsep', '18_lag_tripol1', '22_lag_traCA', '24_lag_nhTSjfm', '14_lag_ensoSSTjfm', '1_lag_22_median_satlSSTjfm', '10_lag_traCA', '1_lag_9_median_traCA', '1_lag_6_median_traDP', '5_lag_mhfATL30', '1_lag_11_median_traFB', '1_lag_4_median_traDS', '21_lag_nhSICsep', '1_lag_17_median_tripol3', '1_lag_21_median_nppc3SSTjfm', '1_lag_4_median_glTSjfm', '15_lag_gyreSSTjfm', '1_lag_20_median_seurTSjfm', '1_lag_18_median_nhSICsep', '6_lag_solFORC', '1_lag_20_median_nchinaPRjja', '12_lag_pdoSSTjfm']","[3.2043401932533317, 1.2716140732842334, 4.061861868044105, 4.099514727768998, 3.2815101863570852, 1.3354106642795056, 3.399721838203855, 0.2733001468247096, 0.47910035777815096, 1.5336517269789613, 0.9858672260040677, 8.800513223159903, 2.2465107158236215, 7.537576123823753, 2.390146817055201, 0.9198848881812971, 1.0252379785302335, 6.329850348431741, 7.441568255066913, 4.702024430797646, 2.9270612584106956, 7.014938274788026, 1.8423174969881266, 2.639224828413413, 3.820662558852936, 6.30513656719253, 0.1923808156331397, 5.7773929600723495, 9.837849461470952, 8.068767141840333]","9_lag_mhfATL60, 6_lag_atlSICsep, 1_lag_5_median_stratZ50ndj02, 1_lag_10_median_nchinaPRjja, 1_lag_8_median_AMOCann, 14_lag_neurTSjfm, 1_lag_4_median_atlSICsep, 19_lag_naoPSLjfm, 24_lag_nhSICsep, 18_lag_tripol1, 22_lag_traCA, 24_lag_nhTSjfm, 14_lag_ensoSSTjfm, 1_lag_22_median_satlSSTjfm, 10_lag_traCA, 1_lag_9_median_traCA, 1_lag_6_median_traDP, 5_lag_mhfATL30, 1_lag_11_median_traFB, 1_lag_4_median_traDS, 21_lag_nhSICsep, 1_lag_17_median_tripol3, 1_lag_21_median_nppc3SSTjfm, 1_lag_4_median_glTSjfm, 15_lag_gyreSSTjfm, 1_lag_20_median_seurTSjfm, 1_lag_18_median_nhSICsep, 6_lag_solFORC, 1_lag_20_median_nchinaPRjja, 12_lag_pdoSSTjfm_3055_1"
LRforcedPSO,11,30,traEC,slow,877.5,2005.5,0.4,26,1,1,23.777129569215425,-0.0002518652148022693,3185,"['4_lag_AMOCann', '19_lag_nppc2SSTjfm', '1_lag_7_median_atlSICsep', '1_lag_13_median_glTSjfm', '2_lag_amo1', '12_lag_traFB', '2_lag_mhfATL45', '12_lag_traTLS', '3_lag_ginwSSTjfm', '1_lag_16_median_traCA', '1_lag_7_median_nppc3SSTjfm', '1_lag_15_median_shTSjfm', '1_lag_14_median_neurTSjfm', '14_lag_neurTSjfm', '1_lag_24_median_traTLS', '8_lag_seurTSjfm', '5_lag_shSICsep', '23_lag_solFORC', '1_lag_8_median_shSICsep', '1_lag_16_median_seurTSjfm', '9_lag_traEU', '8_lag_traFS', '1_lag_2_median_mhfIP30', '11_lag_solFORC', '1_lag_9_median_neurTSjfm', '1_lag_9_median_amo3', '12_lag_AMOCann', '1_lag_5_median_mhfATL45', '2_lag_amo2', '1_lag_11_median_tripol1']","[4.772411327668802, 4.867217996808765, 4.78787494504655, 0.9246017729619567, 2.044253669102565, 2.276172903016281, 7.826547742941951, 1.120446049214948, 0.6263242661686128, 3.335043235742372, 1.5680414999647105, 9.917681474139744, 1.2442396691245037, 6.586595326313983, 0.7179009845921378, 9.336369216252013, 1.6978615267330195, 6.880809254208668, 6.128615455307184, 6.951924797991278, 7.417917360916453, 2.2897743459291693, 2.5930660873414286, 1.1823315581078546, 4.10623728647664, 2.271421159682717, 1.6814414844880723, 5.750149630324737, 1.052271290539597, 0.8121328085087178]","4_lag_AMOCann, 19_lag_nppc2SSTjfm, 1_lag_7_median_atlSICsep, 1_lag_13_median_glTSjfm, 2_lag_amo1, 12_lag_traFB, 2_lag_mhfATL45, 12_lag_traTLS, 3_lag_ginwSSTjfm, 1_lag_16_median_traCA, 1_lag_7_median_nppc3SSTjfm, 1_lag_15_median_shTSjfm, 1_lag_14_median_neurTSjfm, 14_lag_neurTSjfm, 1_lag_24_median_traTLS, 8_lag_seurTSjfm, 5_lag_shSICsep, 23_lag_solFORC, 1_lag_8_median_shSICsep, 1_lag_16_median_seurTSjfm, 9_lag_traEU, 8_lag_traFS, 1_lag_2_median_mhfIP30, 11_lag_solFORC, 1_lag_9_median_neurTSjfm, 1_lag_9_median_amo3, 12_lag_AMOCann, 1_lag_5_median_mhfATL45, 2_lag_amo2, 1_lag_11_median_tripol1_3185_1"
LRforcedPSO,12,30,traEC,slow,878.5,2005.5,0.4,27,1,1,25.418000672584874,-0.0578399149630316,3315,"['1_lag_22_median_nppc2SSTjfm', '1_lag_13_median_traBO', '3_lag_shSICsep', '1_lag_11_median_nhSICsep', '9_lag_nppc3SSTjfm', '6_lag_stratZ50ndj02', '12_lag_glTSjfm', '24_lag_traFS', '18_lag_glTSjfm', '1_lag_2_median_stratZ50ndj04', '1_lag_5_median_pdoSSTjfm', '22_lag_traCA', '1_lag_3_median_stratZ50ndj02', '26_lag_mhfATL60', '1_lag_21_median_glomaSSTjfm', '1_lag_25_median_mhfIP30', '1_lag_26_median_pdoSSTjfm', '17_lag_alpi', '1_lag_5_median_wnorPRjfm', '15_lag_traWP', '1_lag_21_median_neurTSjfm', '16_lag_stratZ50ndj02', '1_lag_4_median_stratZ50ndj04', '1_lag_23_median_traCA', '1_lag_7_median_mhfIP30', '1_lag_3_median_seurTSjfm', '1_lag_26_median_stratZ50ndj04', '4_lag_nhTSjfm', '1_lag_16_median_scpPSLjfm', '25_lag_tripol2']","[4.310789438682697, 3.081643927628374, 5.009189314694222, 4.145134498504229, 1.9420529724338937, 9.866250141892301, 0.5308568304956296, 0.2115439903481544, 1.0001079902159322, 2.5617396778538364, 2.5290863019156102, 8.405336144467036, 9.504106966008717, 1.8118897475663314, 0.6454997978962567, 0.948734412850115, 6.629135703952112, 8.162440097706831, 2.883115162952956, 2.8896171625712057, 2.0648926884448926, 2.663024070555535, 4.764169799951123, 9.357984111485887, 6.985902604318026, 5.3999833284699665, 3.9108533383266852, 6.909177542613268, 2.989615424503384, 2.664028296441132]","1_lag_22_median_nppc2SSTjfm, 1_lag_13_median_traBO, 3_lag_shSICsep, 1_lag_11_median_nhSICsep, 9_lag_nppc3SSTjfm, 6_lag_stratZ50ndj02, 12_lag_glTSjfm, 24_lag_traFS, 18_lag_glTSjfm, 1_lag_2_median_stratZ50ndj04, 1_lag_5_median_pdoSSTjfm, 22_lag_traCA, 1_lag_3_median_stratZ50ndj02, 26_lag_mhfATL60, 1_lag_21_median_glomaSSTjfm, 1_lag_25_median_mhfIP30, 1_lag_26_median_pdoSSTjfm, 17_lag_alpi, 1_lag_5_median_wnorPRjfm, 15_lag_traWP, 1_lag_21_median_neurTSjfm, 16_lag_stratZ50ndj02, 1_lag_4_median_stratZ50ndj04, 1_lag_23_median_traCA, 1_lag_7_median_mhfIP30, 1_lag_3_median_seurTSjfm, 1_lag_26_median_stratZ50ndj04, 4_lag_nhTSjfm, 1_lag_16_median_scpPSLjfm, 25_lag_tripol2_3315_1"
LRforcedPSO,13,30,traEC,slow,879.5,2005.5,0.4,28,1,1,29.842188850488398,0.07337622254228829,3445,"['17_lag_nhSICsep', '1_lag_10_median_amoSSTmjjaso', '23_lag_traDP', '3_lag_ensoSSTjfm', '18_lag_ginwSSTjfm', '5_lag_traIFC', '1_lag_10_median_traEC', '8_lag_nhSICjfm', '19_lag_traEC', '24_lag_neurTSjfm', '1_lag_9_median_atlSICjfm', '1_lag_24_median_ginwSSTjfm', '1_lag_22_median_gyreSSTjfm', '10_lag_traFS', '1_lag_21_median_mhfIP30', '1_lag_11_median_tripol1', '1_lag_15_median_neurTSjfm', '1_lag_7_median_stratZ50ndj03', '1_lag_5_median_mhfIP30', '1_lag_19_median_eapPSLjfm', '1_lag_21_median_shSICsep', '1_lag_27_median_tripol2', '1_lag_6_median_nhSICjfm', '10_lag_tripol3', '18_lag_neurTSjfm', '1_lag_14_median_nppc3SSTjfm', '1_lag_12_median_tripol2', '1_lag_2_median_amoSSTmjjaso', '1_lag_9_median_mhfATL60', '22_lag_naoPSLjfm']","[2.558578982933957, 2.3922145634443943, 3.7790491966631237, 4.368926017441397, 7.005562792447424, 0.13686742790703477, 1.362637359424479, 0.5642032895900471, 3.6768586590159362, 2.1516729514926736, 7.170531770782167, 4.318107588626892, 8.884247741140697, 1.0432909198805813, 9.335070136602948, 6.745664271365072, 9.52512304996549, 7.302230535025269, 7.360068187145408, 2.0357339881037184, 1.805700921702872, 1.0311697108835602, 0.26880468331892793, 1.2869826628261194, 8.739854031231078, 2.44267636449241, 0.015523887075099552, 4.087713068391867, 7.729866592265151, 5.252549766153775]","17_lag_nhSICsep, 1_lag_10_median_amoSSTmjjaso, 23_lag_traDP, 3_lag_ensoSSTjfm, 18_lag_ginwSSTjfm, 5_lag_traIFC, 1_lag_10_median_traEC, 8_lag_nhSICjfm, 19_lag_traEC, 24_lag_neurTSjfm, 1_lag_9_median_atlSICjfm, 1_lag_24_median_ginwSSTjfm, 1_lag_22_median_gyreSSTjfm, 10_lag_traFS, 1_lag_21_median_mhfIP30, 1_lag_11_median_tripol1, 1_lag_15_median_neurTSjfm, 1_lag_7_median_stratZ50ndj03, 1_lag_5_median_mhfIP30, 1_lag_19_median_eapPSLjfm, 1_lag_21_median_shSICsep, 1_lag_27_median_tripol2, 1_lag_6_median_nhSICjfm, 10_lag_tripol3, 18_lag_neurTSjfm, 1_lag_14_median_nppc3SSTjfm, 1_lag_12_median_tripol2, 1_lag_2_median_amoSSTmjjaso, 1_lag_9_median_mhfATL60, 22_lag_naoPSLjfm_3445_1"
LRforcedPSO,14,30,traEC,slow,880.5,2005.5,0.4,29,1,1,21.645887197575984,0.09202668354280275,3575,"['25_lag_traCA', '1_lag_2_median_glomaSSTjfm', '3_lag_glomaSSTjfm', '1_lag_13_median_traMC', '15_lag_scpPSLjfm', '1_lag_16_median_naoPSLjfm', '1_lag_11_median_traDP', '24_lag_amoSSTmjjaso', '1_lag_25_median_solFORC', '1_lag_23_median_ormenSSTjfm', '1_lag_3_median_stratZ50ndj03', '1_lag_26_median_gyreSSTjfm', '2_lag_stratZ50ndj02', '1_lag_15_median_shSICmar', '13_lag_nhTSjfm', '10_lag_mhfATL30', '16_lag_traEU', '1_lag_7_median_traDP', '16_lag_nhSICjfm', '24_lag_naoPSLjfm', '1_lag_25_median_mhfIP30', '25_lag_traTLS', '1_lag_28_median_pdoSSTjfm', '25_lag_stratZ50ndj02', '1_lag_14_median_tripol1', '1_lag_13_median_traFB', '26_lag_mhfATL30', '1_lag_14_median_glomaSSTjfm', '9_lag_stratZ50ndj04', '1_lag_14_median_cetTSjfm']","[0.44113478266224426, 1.772715255245238, 5.8388976696781425, 4.138635482976434, 9.327497880728192, 1.148194676791917, 0.5239585461185303, 7.022774090994158, 1.6045387400501703, 1.9237360972035251, 8.392863753104987, 0.008790630294992496, 3.1680805682734654, 5.967950856912932, 1.0109713129828393, 2.988870703201105, 1.883269127822686, 6.592359831674308, 3.8671434700070844, 4.342624080178981, 3.544100987415547, 1.7417793255431562, 9.873257745455447, 3.2770318679446113, 7.891655007315608, 2.907342046069605, 3.7872991422154243, 7.6001249055356475, 2.786881276997594, 0.9358541623768684]","25_lag_traCA, 1_lag_2_median_glomaSSTjfm, 3_lag_glomaSSTjfm, 1_lag_13_median_traMC, 15_lag_scpPSLjfm, 1_lag_16_median_naoPSLjfm, 1_lag_11_median_traDP, 24_lag_amoSSTmjjaso, 1_lag_25_median_solFORC, 1_lag_23_median_ormenSSTjfm, 1_lag_3_median_stratZ50ndj03, 1_lag_26_median_gyreSSTjfm, 2_lag_stratZ50ndj02, 1_lag_15_median_shSICmar, 13_lag_nhTSjfm, 10_lag_mhfATL30, 16_lag_traEU, 1_lag_7_median_traDP, 16_lag_nhSICjfm, 24_lag_naoPSLjfm, 1_lag_25_median_mhfIP30, 25_lag_traTLS, 1_lag_28_median_pdoSSTjfm, 25_lag_stratZ50ndj02, 1_lag_14_median_tripol1, 1_lag_13_median_traFB, 26_lag_mhfATL30, 1_lag_14_median_glomaSSTjfm, 9_lag_stratZ50ndj04, 1_lag_14_median_cetTSjfm_3575_1"
LRforcedPSO,15,30,traEC,slow,881.5,2005.5,0.4,30,1,1,27.058522957171,0.07448687480992783,3705,"['5_lag_traIFC', '18_lag_solFORC', '1_lag_22_median_mhfIP30', '11_lag_traBS', '1_lag_4_median_pdoSSTjfm', '8_lag_glTSjfm', '1_lag_26_median_nppc2SSTjfm', '1_lag_29_median_pdoSSTjfm', '1_lag_5_median_tripol3', '1_lag_20_median_amoSSTmjjaso', '1_lag_stratZ50ndj01', '20_lag_shSICmar', '1_lag_29_median_traWP', '11_lag_traIFC', '10_lag_amoSSTmjjaso', '1_lag_10_median_mhfATL45', '9_lag_traIT', '8_lag_scpPSLjfm', '1_lag_25_median_traBO', '14_lag_satlSSTjfm', '9_lag_nhSICjfm', '1_lag_25_median_glomaSSTjfm', '18_lag_stratZ50ndj01', '1_lag_25_median_gyreSSTjfm', '21_lag_tripol1', '16_lag_traEC', '1_lag_24_median_mhfATL45', '17_lag_naoPSLjfm', '1_lag_23_median_mhfATL60', '26_lag_ormenSSTjfm']","[6.749062733726774, 7.090367619258102, 2.4663087645805204, 5.1307427678981, 8.042202441548817, 5.876736927223856, 3.000218501498586, 5.522417638452497, 3.563461091903248, 5.322635912992409, 4.081751499911959, 4.912362534669015, 2.128463694678013, 7.607095123023284, 7.219433030017214, 0.808736537040458, 5.3283977694786095, 0.36747136149778825, 0.37104739109242324, 8.30410742054825, 2.7827269348114747, 1.5834351458228397, 4.1100803598116205, 7.747885917292777, 3.0540021683617375, 0.2711485419208053, 8.387530615765705, 4.953007651431236, 3.7233994196397617, 2.520355984368905]","5_lag_traIFC, 18_lag_solFORC, 1_lag_22_median_mhfIP30, 11_lag_traBS, 1_lag_4_median_pdoSSTjfm, 8_lag_glTSjfm, 1_lag_26_median_nppc2SSTjfm, 1_lag_29_median_pdoSSTjfm, 1_lag_5_median_tripol3, 1_lag_20_median_amoSSTmjjaso, 1_lag_stratZ50ndj01, 20_lag_shSICmar, 1_lag_29_median_traWP, 11_lag_traIFC, 10_lag_amoSSTmjjaso, 1_lag_10_median_mhfATL45, 9_lag_traIT, 8_lag_scpPSLjfm, 1_lag_25_median_traBO, 14_lag_satlSSTjfm, 9_lag_nhSICjfm, 1_lag_25_median_glomaSSTjfm, 18_lag_stratZ50ndj01, 1_lag_25_median_gyreSSTjfm, 21_lag_tripol1, 16_lag_traEC, 1_lag_24_median_mhfATL45, 17_lag_naoPSLjfm, 1_lag_23_median_mhfATL60, 26_lag_ormenSSTjfm_3705_1"
LRforcedPSO,16,30,traEC,slow,882.5,2005.5,0.4,31,1,1,27.849299856580707,0.03682877954494415,3835,"['1_lag_16_median_wnorPRjfm', '1_lag_21_median_stratZ50ndj03', '7_lag_traEU', '1_lag_23_median_tripol2', '28_lag_tripol2', '1_lag_23_median_neurTSjfm', '1_lag_29_median_traIFC', '27_lag_gyreSSTjfm', '22_lag_nhSICjfm', '23_lag_neurTSjfm', '1_lag_27_median_mhfATL45', '13_lag_naoPSLjfm', '11_lag_atlSICsep', '28_lag_traFB', '1_lag_29_median_traWP', '1_lag_15_median_ismPRjja', '1_lag_9_median_atlSICjfm', '1_lag_25_median_nhTSjfm', '21_lag_tripol2', '29_lag_glTSjfm', '1_lag_2_median_satlSSTjfm', '10_lag_cetTSjfm', '16_lag_traEC', '4_lag_nhSICjfm', '1_lag_7_median_traDS', '1_lag_26_median_tripol1', '1_lag_alpi', '1_lag_22_median_ginwSSTjfm', '1_lag_tripol2', '23_lag_traEC']","[1.731726439366616, 8.335586718995138, 6.983880539819931, 3.5978727742399705, 5.674884589369931, 2.3845844390159776, 8.004504000638477, 3.6511829063739594, 0.30603045486024705, 1.6238051051475733, 6.878319275768094, 1.60785797399965, 0.7326443725863019, 1.3936189305206774, 0.1697224574961318, 0.6423758753899378, 4.618576721528376, 5.82875187096063, 3.627618249198573, 8.31512930164127, 5.3080547552818835, 9.537474169619301, 1.2383372919843119, 8.340669865588069, 0.9686947711519363, 0.10714136215508141, 2.071304511847014, 2.4614804085259117, 6.452833663958831, 7.293649979601135]","1_lag_16_median_wnorPRjfm, 1_lag_21_median_stratZ50ndj03, 7_lag_traEU, 1_lag_23_median_tripol2, 28_lag_tripol2, 1_lag_23_median_neurTSjfm, 1_lag_29_median_traIFC, 27_lag_gyreSSTjfm, 22_lag_nhSICjfm, 23_lag_neurTSjfm, 1_lag_27_median_mhfATL45, 13_lag_naoPSLjfm, 11_lag_atlSICsep, 28_lag_traFB, 1_lag_29_median_traWP, 1_lag_15_median_ismPRjja, 1_lag_9_median_atlSICjfm, 1_lag_25_median_nhTSjfm, 21_lag_tripol2, 29_lag_glTSjfm, 1_lag_2_median_satlSSTjfm, 10_lag_cetTSjfm, 16_lag_traEC, 4_lag_nhSICjfm, 1_lag_7_median_traDS, 1_lag_26_median_tripol1, 1_lag_alpi, 1_lag_22_median_ginwSSTjfm, 1_lag_tripol2, 23_lag_traEC_3835_1"
LRforcedPSO,17,30,traEC,slow,883.5,2005.5,0.4,32,2,2,26.57222947133225,-0.019306051849701807,3835,"['2_lag_6_median_eapPSLjfm', '2_lag_8_median_traEC', '13_lag_tripol2', '2_lag_3_median_traIT', '9_lag_tripol1', '25_lag_glTSjfm', '28_lag_solFORC', '2_lag_24_median_gyreSSTjfm', '2_lag_3_median_atlSICjfm', '27_lag_mhfATL60', '2_lag_19_median_traEC', '2_lag_19_median_nchinaPRjja', '2_lag_21_median_glTSjfm', '2_lag_20_median_tripol3', '25_lag_stratZ50ndj01', '5_lag_naoPSLjfm', '22_lag_solFORC', '2_lag_24_median_stratZ50ndj01', '2_lag_16_median_mhfIP30', '21_lag_amo3', '2_lag_traBS', '20_lag_naoPSLjfm', '2_lag_22_median_cetTSjfm', '31_lag_stratZ50ndj01', '5_lag_stratZ50ndj04', '29_lag_tripol3', '3_lag_wnorPRjfm', '2_lag_29_median_traWP', '2_lag_25_median_yrvPRjja', '17_lag_mhfATL60']","[6.048439053142214, 6.571927118097909, 0.6018061738841407, 0.6262257813217094, 4.300363093749731, 4.157072047086638, 8.961764003313409, 6.380980022365426, 0.5127375219969377, 1.3895064355232538, 7.356464448866518, 5.376641475453187, 6.794369543730561, 3.048691666476323, 6.376417240318761, 1.012414747549272, 1.777681990624755, 3.989679034224709, 6.827249141724224, 1.1672844873843857, 4.96254353980893, 3.090346900536103, 7.82789094844448, 0.40299450918969093, 6.6870606907147305, 6.644605836920743, 5.458550925047961, 0.2355587019944494, 4.543840987252947, 5.367520993887709]","2_lag_6_median_eapPSLjfm, 2_lag_8_median_traEC, 13_lag_tripol2, 2_lag_3_median_traIT, 9_lag_tripol1, 25_lag_glTSjfm, 28_lag_solFORC, 2_lag_24_median_gyreSSTjfm, 2_lag_3_median_atlSICjfm, 27_lag_mhfATL60, 2_lag_19_median_traEC, 2_lag_19_median_nchinaPRjja, 2_lag_21_median_glTSjfm, 2_lag_20_median_tripol3, 25_lag_stratZ50ndj01, 5_lag_naoPSLjfm, 22_lag_solFORC, 2_lag_24_median_stratZ50ndj01, 2_lag_16_median_mhfIP30, 21_lag_amo3, 2_lag_traBS, 20_lag_naoPSLjfm, 2_lag_22_median_cetTSjfm, 31_lag_stratZ50ndj01, 5_lag_stratZ50ndj04, 29_lag_tripol3, 3_lag_wnorPRjfm, 2_lag_29_median_traWP, 2_lag_25_median_yrvPRjja, 17_lag_mhfATL60_3835_2"
LRforcedPSO,18,30,traEC,slow,884.5,2005.5,0.4,33,3,3,24.189054533646694,-0.020515319740194812,3835,"['4_lag_traEU', '22_lag_seurTSjfm', '16_lag_samPSLann', '32_lag_traIT', '23_lag_glTSjfm', '21_lag_traFB', '3_lag_4_median_nppc3SSTjfm', '3_lag_29_median_naoPSLjfm', '29_lag_tripol1', '3_lag_16_median_AMOCann', '3_lag_30_median_glTSjfm', '30_lag_traDS', '21_lag_mhfATL30', '3_lag_28_median_eapPSLjfm', '3_lag_28_median_traWP', '16_lag_arcTSjfm', '8_lag_eurPSLjfm', '3_lag_32_median_atlSICjfm', '21_lag_naoPSLjfm', '27_lag_cetTSjfm', '4_lag_alpi', '11_lag_mhfATL45', '8_lag_amo1', '3_lag_31_median_nppc3SSTjfm', '17_lag_nhTSjfm', '3_lag_29_median_mhfATL30', '4_lag_traDS', '25_lag_nhSICjfm', '14_lag_traIFC', '20_lag_traWP']","[1.2943732059264423, 6.643682971859521, 9.081514216875426, 2.9722055808909325, 0.5025069337481263, 7.1095689894447744, 0.46377383668486516, 0.9166374507700841, 1.6015612084432007, 0.014150404859858412, 5.073586611068208, 2.3415740937849545, 7.356925749636339, 4.211325020907331, 5.132857381021312, 0.049340662026427395, 2.544528821546857, 6.019462986752767, 4.623890499444613, 1.6245432236658157, 1.0125204356709503, 0.24320229722958508, 6.112398360874458, 6.3434833212080655, 3.1514063891387973, 9.29809850957396, 5.32642989949057, 1.752295274211935, 4.0414708475094585, 1.4333501183915658]","4_lag_traEU, 22_lag_seurTSjfm, 16_lag_samPSLann, 32_lag_traIT, 23_lag_glTSjfm, 21_lag_traFB, 3_lag_4_median_nppc3SSTjfm, 3_lag_29_median_naoPSLjfm, 29_lag_tripol1, 3_lag_16_median_AMOCann, 3_lag_30_median_glTSjfm, 30_lag_traDS, 21_lag_mhfATL30, 3_lag_28_median_eapPSLjfm, 3_lag_28_median_traWP, 16_lag_arcTSjfm, 8_lag_eurPSLjfm, 3_lag_32_median_atlSICjfm, 21_lag_naoPSLjfm, 27_lag_cetTSjfm, 4_lag_alpi, 11_lag_mhfATL45, 8_lag_amo1, 3_lag_31_median_nppc3SSTjfm, 17_lag_nhTSjfm, 3_lag_29_median_mhfATL30, 4_lag_traDS, 25_lag_nhSICjfm, 14_lag_traIFC, 20_lag_traWP_3835_3"
LRforcedPSO,19,30,traEC,slow,885.5,2005.5,0.4,34,4,4,23.543392256354085,0.030273732302977835,3835,"['31_lag_satlSSTjfm', '4_lag_16_median_eapPSLjfm', '19_lag_traBS', '24_lag_traDP', '4_lag_30_median_traFB', '4_lag_14_median_eurPSLjfm', '9_lag_stratZ50ndj01', '4_lag_29_median_yrvPRjja', '4_lag_10_median_wnorPRjfm', '12_lag_shTSjfm', '4_lag_19_median_amo3', '20_lag_satlSSTjfm', '22_lag_traMC', '17_lag_eurPSLjfm', '4_lag_32_median_arcTSjfm', '21_lag_tripol3', '4_lag_18_median_shSICmar', '9_lag_shTSjfm', '27_lag_seurTSjfm', '23_lag_pdoSSTjfm', '4_lag_22_median_amo3', '29_lag_tripol2', '4_lag_18_median_seurTSjfm', '19_lag_traFSC', '4_lag_22_median_atlSICjfm', '25_lag_nppc2SSTjfm', '22_lag_shTSjfm', '33_lag_atlSICjfm', '4_lag_27_median_nppc2SSTjfm', '4_lag_12_median_eurPSLjfm']","[5.576825442782942, 3.019841154031246, 4.948487353572277, 7.697682903950913, 0.4475667845778055, 0.3374814571160005, 4.793372007933727, 6.407596462048556, 0.34116783237682924, 5.7006506273817585, 5.492355126576454, 4.200034818946358, 4.317746304372749, 2.2192444655942367, 0.08385006369293535, 1.17336494235348, 1.6387078499794487, 0.4359848868792717, 6.362850283224035, 0.8947298629017215, 0.7621687401671213, 0.6262511094590231, 3.9325610872950847, 1.9157551772894728, 2.209556616560791, 5.748973165778901, 3.9298128044920695, 0.7423982932822568, 9.08221757576123, 2.8166015642889484]","31_lag_satlSSTjfm, 4_lag_16_median_eapPSLjfm, 19_lag_traBS, 24_lag_traDP, 4_lag_30_median_traFB, 4_lag_14_median_eurPSLjfm, 9_lag_stratZ50ndj01, 4_lag_29_median_yrvPRjja, 4_lag_10_median_wnorPRjfm, 12_lag_shTSjfm, 4_lag_19_median_amo3, 20_lag_satlSSTjfm, 22_lag_traMC, 17_lag_eurPSLjfm, 4_lag_32_median_arcTSjfm, 21_lag_tripol3, 4_lag_18_median_shSICmar, 9_lag_shTSjfm, 27_lag_seurTSjfm, 23_lag_pdoSSTjfm, 4_lag_22_median_amo3, 29_lag_tripol2, 4_lag_18_median_seurTSjfm, 19_lag_traFSC, 4_lag_22_median_atlSICjfm, 25_lag_nppc2SSTjfm, 22_lag_shTSjfm, 33_lag_atlSICjfm, 4_lag_27_median_nppc2SSTjfm, 4_lag_12_median_eurPSLjfm_3835_4"
LRforcedPSO,20,30,traEC,slow,886.5,2005.5,0.4,35,5,5,32.24736582873718,-0.018574251639426602,3835,"['5_lag_10_median_traBO', '5_lag_20_median_arcTSjfm', '5_lag_22_median_traTLS', '19_lag_stratZ50ndj04', '5_lag_6_median_nhTSjfm', '9_lag_glTSjfm', '5_lag_34_median_traDP', '5_lag_32_median_tripol1', '5_lag_26_median_traWP', '17_lag_traIT', '5_lag_24_median_tripol3', '14_lag_traIFC', '29_lag_traIFC', '5_lag_20_median_atlSICsep', '26_lag_traDP', '23_lag_traIFC', '34_lag_cetTSjfm', '34_lag_nppc2SSTjfm', '34_lag_glTSjfm', '5_lag_11_median_traEU', '12_lag_traCA', '5_lag_8_median_traMC', '5_lag_25_median_traWP', '5_lag_30_median_traFB', '5_lag_19_median_gyreSSTjfm', '5_lag_26_median_amo2', '31_lag_mhfATL60', '11_lag_traFS', '10_lag_tripol3', '9_lag_ensoSSTjfm']","[0.6156483268796009, 0.8579069087333391, 2.5233234305508923, 5.780568463754378, 4.180794534083747, 0.7582690550836517, 7.516271235615124, 6.560976901183288, 2.8883860226383966, 7.061164704936862, 8.556033680536647, 0.9027398113734737, 2.7745113386062332, 2.309053825894834, 1.848184300151912, 8.09872489878381, 3.875928575199554, 1.4352066921211755, 0.3598065661456431, 1.4822219858029566, 8.527819183786171, 5.760480367134392, 9.839391846982057, 8.487971395923724, 0.9910978051121759, 0.9139317291170901, 0.4039508212663456, 3.4410323445700506, 2.3350858603489026, 2.729031385167639]","5_lag_10_median_traBO, 5_lag_20_median_arcTSjfm, 5_lag_22_median_traTLS, 19_lag_stratZ50ndj04, 5_lag_6_median_nhTSjfm, 9_lag_glTSjfm, 5_lag_34_median_traDP, 5_lag_32_median_tripol1, 5_lag_26_median_traWP, 17_lag_traIT, 5_lag_24_median_tripol3, 14_lag_traIFC, 29_lag_traIFC, 5_lag_20_median_atlSICsep, 26_lag_traDP, 23_lag_traIFC, 34_lag_cetTSjfm, 34_lag_nppc2SSTjfm, 34_lag_glTSjfm, 5_lag_11_median_traEU, 12_lag_traCA, 5_lag_8_median_traMC, 5_lag_25_median_traWP, 5_lag_30_median_traFB, 5_lag_19_median_gyreSSTjfm, 5_lag_26_median_amo2, 31_lag_mhfATL60, 11_lag_traFS, 10_lag_tripol3, 9_lag_ensoSSTjfm_3835_5"
LRforcedPSO,21,30,traEC,slow,887.5,2005.5,0.4,36,6,6,25.192748473204098,-0.04490575057936019,3835,"['19_lag_shTSjfm', '17_lag_wnorPRjfm', '35_lag_glTSjfm', '6_lag_8_median_gyreSSTjfm', '6_lag_9_median_glomaSSTjfm', '6_lag_13_median_solFORC', '6_lag_33_median_stratZ50ndj03', '14_lag_traEC', '6_lag_8_median_traFSC', '31_lag_amo1', '23_lag_mhfATL30', '21_lag_solFORC', '30_lag_scpPSLjfm', '6_lag_18_median_traBO', '9_lag_ensoSSTjfm', '21_lag_traBO', '6_lag_18_median_ensoSSTjfm', '6_lag_12_median_shTSjfm', '6_lag_17_median_traMC', '9_lag_glomaSSTjfm', '17_lag_glTSjfm', '6_lag_14_median_tripol2', '6_lag_26_median_alpi', '25_lag_shTSjfm', '35_lag_naoPSLjfm', '6_lag_17_median_amoSSTmjjaso', '11_lag_seurTSjfm', '6_lag_29_median_tripol2', '6_lag_31_median_traFSC', '27_lag_ensoSSTjfm']","[4.798337844356217, 2.4281969733433755, 5.540208655233634, 5.741931232613091, 5.981609263167202, 1.4214335960522035, 1.084007323961206, 8.51944050161174, 0.6711199270992996, 7.189357406923648, 3.338503325165254, 2.3983616083361703, 3.708131731234121, 9.780065523810407, 0.060619608999934016, 1.9089625299149802, 0.6182071229905173, 4.315872135553448, 0.5175198448863032, 0.45010803309877545, 1.615532705693612, 7.864704943290988, 0.7936663596497056, 4.001850119760329, 1.2411139939835039, 7.711870871358471, 6.91639507352032, 0.3584538085023432, 4.568948441891223, 3.8496535694426015]","19_lag_shTSjfm, 17_lag_wnorPRjfm, 35_lag_glTSjfm, 6_lag_8_median_gyreSSTjfm, 6_lag_9_median_glomaSSTjfm, 6_lag_13_median_solFORC, 6_lag_33_median_stratZ50ndj03, 14_lag_traEC, 6_lag_8_median_traFSC, 31_lag_amo1, 23_lag_mhfATL30, 21_lag_solFORC, 30_lag_scpPSLjfm, 6_lag_18_median_traBO, 9_lag_ensoSSTjfm, 21_lag_traBO, 6_lag_18_median_ensoSSTjfm, 6_lag_12_median_shTSjfm, 6_lag_17_median_traMC, 9_lag_glomaSSTjfm, 17_lag_glTSjfm, 6_lag_14_median_tripol2, 6_lag_26_median_alpi, 25_lag_shTSjfm, 35_lag_naoPSLjfm, 6_lag_17_median_amoSSTmjjaso, 11_lag_seurTSjfm, 6_lag_29_median_tripol2, 6_lag_31_median_traFSC, 27_lag_ensoSSTjfm_3835_6"
LRforcedPSO,22,30,traEC,slow,888.5,2005.5,0.4,37,7,7,28.128536371977678,0.0033051047051088694,3835,"['7_lag_21_median_atlSICsep', '7_lag_32_median_traDS', '7_lag_20_median_arcTSjfm', '18_lag_mhfATL60', '7_lag_35_median_tripol2', '34_lag_AMOCann', '16_lag_traWP', '7_lag_34_median_traFS', '7_lag_12_median_traBO', '20_lag_nhTSjfm', '7_lag_23_median_ensoSSTjfm', '26_lag_alpi', '11_lag_traDS', '7_lag_20_median_gyreSSTjfm', '7_lag_21_median_gyreSSTjfm', '7_lag_27_median_eurPSLjfm', '7_lag_18_median_solFORC', '20_lag_traFS', '7_lag_33_median_satlSSTjfm', '7_lag_18_median_nhSICsep', '7_lag_15_median_ensoSSTjfm', '7_lag_27_median_stratZ50ndj03', '7_lag_26_median_nppc3SSTjfm', '7_lag_35_median_wnorPRjfm', '17_lag_scpPSLjfm', '16_lag_alpi', '12_lag_traDS', '11_lag_ensoSSTjfm', '7_lag_13_median_shTSjfm', '7_lag_20_median_traIT']","[1.7697080951035211, 0.758652908503251, 4.293694506299968, 5.765644334664831, 0.5359135853367256, 4.518433980938273, 1.6306300721249016, 5.305759485792054, 0.6442983584314668, 4.968516613562743, 7.166549498368921, 5.329356697656632, 0.44436255710497186, 8.140832351280167, 7.102539350697242, 5.094538489128524, 0.006380832065694619, 2.3589560300664125, 4.427312417552949, 8.211485202968717, 8.447369453525354, 4.455295804871993, 0.13421114630783926, 2.119622939064268, 2.4867381860118236, 3.3824032553535215, 9.742515797250267, 4.265302407476652, 9.283009025810951, 3.3771928883455216]","7_lag_21_median_atlSICsep, 7_lag_32_median_traDS, 7_lag_20_median_arcTSjfm, 18_lag_mhfATL60, 7_lag_35_median_tripol2, 34_lag_AMOCann, 16_lag_traWP, 7_lag_34_median_traFS, 7_lag_12_median_traBO, 20_lag_nhTSjfm, 7_lag_23_median_ensoSSTjfm, 26_lag_alpi, 11_lag_traDS, 7_lag_20_median_gyreSSTjfm, 7_lag_21_median_gyreSSTjfm, 7_lag_27_median_eurPSLjfm, 7_lag_18_median_solFORC, 20_lag_traFS, 7_lag_33_median_satlSSTjfm, 7_lag_18_median_nhSICsep, 7_lag_15_median_ensoSSTjfm, 7_lag_27_median_stratZ50ndj03, 7_lag_26_median_nppc3SSTjfm, 7_lag_35_median_wnorPRjfm, 17_lag_scpPSLjfm, 16_lag_alpi, 12_lag_traDS, 11_lag_ensoSSTjfm, 7_lag_13_median_shTSjfm, 7_lag_20_median_traIT_3835_7"
LRforcedPSO,23,30,traEC,slow,889.5,2005.5,0.4,38,8,8,25.14509191971602,-0.04676045047217976,3835,"['14_lag_stratZ50ndj04', '8_lag_21_median_traCA', '8_lag_10_median_stratZ50ndj04', '32_lag_nhSICjfm', '26_lag_traFSC', '8_lag_37_median_labSSTjfm', '8_lag_28_median_samPSLann', '8_lag_18_median_pdoSSTjfm', '8_lag_26_median_neurTSjfm', '8_lag_17_median_traFS', '8_lag_nhSICsep', '8_lag_28_median_traDP', '8_lag_24_median_shTSjfm', '21_lag_yrvPRjja', '8_lag_18_median_shSICsep', '8_lag_14_median_stratZ50ndj02', '14_lag_arcTSjfm', '29_lag_alpi', '8_lag_37_median_tripol1', '8_lag_31_median_scpPSLjfm', '17_lag_shSICsep', '8_lag_18_median_shSICmar', '8_lag_20_median_traCA', '29_lag_traBS', '8_lag_20_median_traMC', '13_lag_stratZ50ndj02', '8_lag_11_median_mhfIP30', '8_lag_27_median_nhSICsep', '8_lag_26_median_samPSLann', '14_lag_satlSSTjfm']","[4.978254759727219, 0.21650650420288287, 8.83896444191274, 3.2619103652892143, 2.9524574372951946, 1.8658746848776957, 3.3307544294026314, 5.820557298003015, 2.5815049415341313, 8.972947562484915, 1.266081918208597, 5.403195492374202, 0.347889566969954, 5.362872044973952, 5.703678944866988, 9.420588633756404, 9.196657297100469, 0.2963361615050566, 1.572109624543284, 2.235944566494849, 5.665263144697514, 4.1817206534564555, 2.3584463527185617, 0.12183818749174513, 4.531904067729493, 3.111724319200814, 6.528801556620177, 6.903978856651667, 5.477322723799103, 5.138976196666376]","14_lag_stratZ50ndj04, 8_lag_21_median_traCA, 8_lag_10_median_stratZ50ndj04, 32_lag_nhSICjfm, 26_lag_traFSC, 8_lag_37_median_labSSTjfm, 8_lag_28_median_samPSLann, 8_lag_18_median_pdoSSTjfm, 8_lag_26_median_neurTSjfm, 8_lag_17_median_traFS, 8_lag_nhSICsep, 8_lag_28_median_traDP, 8_lag_24_median_shTSjfm, 21_lag_yrvPRjja, 8_lag_18_median_shSICsep, 8_lag_14_median_stratZ50ndj02, 14_lag_arcTSjfm, 29_lag_alpi, 8_lag_37_median_tripol1, 8_lag_31_median_scpPSLjfm, 17_lag_shSICsep, 8_lag_18_median_shSICmar, 8_lag_20_median_traCA, 29_lag_traBS, 8_lag_20_median_traMC, 13_lag_stratZ50ndj02, 8_lag_11_median_mhfIP30, 8_lag_27_median_nhSICsep, 8_lag_26_median_samPSLann, 14_lag_satlSSTjfm_3835_8"
LRforcedPSO,24,30,traEC,slow,890.5,2005.5,0.4,39,9,9,23.204246885655827,-0.03988121804339659,3835,"['9_lag_10_median_eapPSLjfm', '9_lag_28_median_mhfATL30', '9_lag_16_median_nppc3SSTjfm', '9_lag_38_median_stratZ50ndj01', '9_lag_34_median_traBO', '35_lag_atlSICsep', '9_lag_31_median_shSICsep', '12_lag_ensoSSTjfm', '9_lag_15_median_ormenSSTjfm', '21_lag_traDS', '9_lag_24_median_nppc2SSTjfm', '9_lag_15_median_neurTSjfm', '9_lag_28_median_traEC', '28_lag_arcTSjfm', '10_lag_solFORC', '31_lag_satlSSTjfm', '28_lag_traEU', '9_lag_29_median_cetTSjfm', '9_lag_22_median_ormenSSTjfm', '9_lag_25_median_wnorPRjfm', '30_lag_traIT', '35_lag_eapPSLjfm', '33_lag_wnorPRjfm', '10_lag_ensoSSTjfm', '32_lag_traFS', '9_lag_28_median_ormenSSTjfm', '30_lag_ginwSSTjfm', '29_lag_traBS', '34_lag_traBS', '13_lag_amo3']","[9.130592139006954, 4.036177175860809, 3.813494528834614, 1.035633010154104, 2.5495212732069454, 0.39911803887314434, 8.792418846682722, 0.11734637396818748, 8.724965664041612, 3.1304142184479566, 2.977230079418117, 4.248571771073896, 6.116452628324214, 3.0801631484782632, 0.11926921699375015, 0.7790318899980182, 4.655104583397465, 7.217684771240997, 2.857346339188851, 2.942418258599348, 2.055929498378344, 5.660096336451524, 1.840178186848238, 5.362069937278708, 2.6508788831196934, 4.3423239435152965, 6.220849986733614, 2.053653754050133, 3.4664218271284035, 3.642952024794603]","9_lag_10_median_eapPSLjfm, 9_lag_28_median_mhfATL30, 9_lag_16_median_nppc3SSTjfm, 9_lag_38_median_stratZ50ndj01, 9_lag_34_median_traBO, 35_lag_atlSICsep, 9_lag_31_median_shSICsep, 12_lag_ensoSSTjfm, 9_lag_15_median_ormenSSTjfm, 21_lag_traDS, 9_lag_24_median_nppc2SSTjfm, 9_lag_15_median_neurTSjfm, 9_lag_28_median_traEC, 28_lag_arcTSjfm, 10_lag_solFORC, 31_lag_satlSSTjfm, 28_lag_traEU, 9_lag_29_median_cetTSjfm, 9_lag_22_median_ormenSSTjfm, 9_lag_25_median_wnorPRjfm, 30_lag_traIT, 35_lag_eapPSLjfm, 33_lag_wnorPRjfm, 10_lag_ensoSSTjfm, 32_lag_traFS, 9_lag_28_median_ormenSSTjfm, 30_lag_ginwSSTjfm, 29_lag_traBS, 34_lag_traBS, 13_lag_amo3_3835_9"
LRforcedPSO,25,30,traEC,slow,891.5,2005.5,0.4,40,10,10,22.32882096647741,-0.010627895366883435,3835,"['24_lag_satlSSTjfm', '31_lag_pdoSSTjfm', '39_lag_eapPSLjfm', '10_lag_38_median_nhSICsep', '16_lag_seurTSjfm', '10_lag_26_median_solFORC', '19_lag_tripol1', '21_lag_traFSC', '10_lag_34_median_ismPRjja', '10_lag_30_median_glTSjfm', '25_lag_amoSSTmjjaso', '38_lag_samPSLann', '10_lag_23_median_ginwSSTjfm', '10_lag_24_median_traFSC', '17_lag_traIT', '18_lag_mhfATL60', '10_lag_36_median_cetTSjfm', '20_lag_traDP', '10_lag_11_median_nchinaPRjja', '10_lag_27_median_nhTSjfm', '11_lag_ensoSSTjfm', '10_lag_24_median_cetTSjfm', '10_lag_34_median_pdoSSTjfm', '10_lag_26_median_traCA', '29_lag_eapPSLjfm', '39_lag_shSICmar', '10_lag_11_median_satlSSTjfm', '10_lag_21_median_stratZ50ndj04', '34_lag_arcTSjfm', '10_lag_32_median_traTLS']","[7.424075406076563, 1.3781329336862669, 2.7681247113606933, 2.940973383976477, 2.870175186822717, 4.932825408645895, 2.377772520440571, 0.058479787842493636, 4.369495735242291, 3.5349482132923775, 3.1304300534201026, 7.363666237650428, 4.659830026308322, 2.980805287011952, 3.8468679624287976, 3.415168458669662, 9.650161644809035, 1.0740893674098313, 2.1936837132242744, 3.7708619906513814, 6.58215946278909, 4.011778346645856, 0.6063537063570834, 6.346948568196482, 2.3225943413371013, 6.097528994644743, 7.38133650637112, 0.5216820834299174, 1.067354047283926, 0.3823770940526021]","24_lag_satlSSTjfm, 31_lag_pdoSSTjfm, 39_lag_eapPSLjfm, 10_lag_38_median_nhSICsep, 16_lag_seurTSjfm, 10_lag_26_median_solFORC, 19_lag_tripol1, 21_lag_traFSC, 10_lag_34_median_ismPRjja, 10_lag_30_median_glTSjfm, 25_lag_amoSSTmjjaso, 38_lag_samPSLann, 10_lag_23_median_ginwSSTjfm, 10_lag_24_median_traFSC, 17_lag_traIT, 18_lag_mhfATL60, 10_lag_36_median_cetTSjfm, 20_lag_traDP, 10_lag_11_median_nchinaPRjja, 10_lag_27_median_nhTSjfm, 11_lag_ensoSSTjfm, 10_lag_24_median_cetTSjfm, 10_lag_34_median_pdoSSTjfm, 10_lag_26_median_traCA, 29_lag_eapPSLjfm, 39_lag_shSICmar, 10_lag_11_median_satlSSTjfm, 10_lag_21_median_stratZ50ndj04, 34_lag_arcTSjfm, 10_lag_32_median_traTLS_3835_10"
LRforcedPSO,26,30,traEC,slow,892.5,2005.5,0.4,41,11,11,26.60507372640511,-0.04534098943355176,3835,"['15_lag_atlSICsep', '27_lag_traDS', '14_lag_shSICmar', '12_lag_amo3', '11_lag_21_median_satlSSTjfm', '11_lag_29_median_traFS', '22_lag_traFS', '29_lag_neurTSjfm', '11_lag_15_median_tripol3', '25_lag_scpPSLjfm', '18_lag_nhSICjfm', '11_lag_33_median_mhfATL45', '11_lag_40_median_traWP', '14_lag_traTLS', '29_lag_labSSTjfm', '11_lag_38_median_traBO', '34_lag_glTSjfm', '11_lag_30_median_AMOCann', '11_lag_28_median_cetTSjfm', '26_lag_stratZ50ndj01', '32_lag_stratZ50ndj03', '20_lag_naoPSLjfm', '11_lag_22_median_amo1', '21_lag_gyreSSTjfm', '11_lag_18_median_stratZ50ndj01', '11_lag_31_median_amo1', '20_lag_samPSLann', '11_lag_36_median_labSSTjfm', '17_lag_amo3', '34_lag_atlSICsep']","[2.1748281760180284, 3.615174509079985, 0.6416356303603088, 2.5274803618726738, 6.614814787273055, 3.982936533377927, 4.237094142238625, 5.823361640102216, 6.921514632787179, 2.6315377410788354, 5.035392302677007, 8.34933119606347, 5.439672419034438, 7.371657113307673, 8.461514710357944, 3.011854449350807, 0.6354661191236861, 1.8610350514154277, 5.1262883037332845, 6.8096838059945455, 6.492338733021022, 2.0330129503014795, 3.887918728003161, 3.3028471450608325, 9.3064138737297, 3.411033585431362, 7.739838711297258, 6.023125437858457, 4.788297891854597, 2.742757205607113]","15_lag_atlSICsep, 27_lag_traDS, 14_lag_shSICmar, 12_lag_amo3, 11_lag_21_median_satlSSTjfm, 11_lag_29_median_traFS, 22_lag_traFS, 29_lag_neurTSjfm, 11_lag_15_median_tripol3, 25_lag_scpPSLjfm, 18_lag_nhSICjfm, 11_lag_33_median_mhfATL45, 11_lag_40_median_traWP, 14_lag_traTLS, 29_lag_labSSTjfm, 11_lag_38_median_traBO, 34_lag_glTSjfm, 11_lag_30_median_AMOCann, 11_lag_28_median_cetTSjfm, 26_lag_stratZ50ndj01, 32_lag_stratZ50ndj03, 20_lag_naoPSLjfm, 11_lag_22_median_amo1, 21_lag_gyreSSTjfm, 11_lag_18_median_stratZ50ndj01, 11_lag_31_median_amo1, 20_lag_samPSLann, 11_lag_36_median_labSSTjfm, 17_lag_amo3, 34_lag_atlSICsep_3835_11"
LRforcedPSO,27,30,traEC,slow,893.5,2005.5,0.4,42,12,12,23.0011336078862,0.02111538883847901,3835,"['18_lag_traIT', '12_lag_40_median_traEC', '30_lag_shSICsep', '12_lag_28_median_neurTSjfm', '12_lag_23_median_traFSC', '24_lag_arcTSjfm', '12_lag_31_median_tripol3', '22_lag_amoSSTmjjaso', '12_lag_18_median_nchinaPRjja', '41_lag_stratZ50ndj03', '12_lag_20_median_amo3', '12_lag_24_median_alpi', '12_lag_41_median_amo3', '12_lag_26_median_traTLS', '12_lag_13_median_stratZ50ndj03', '12_lag_18_median_traFB', '12_lag_28_median_solFORC', '12_lag_34_median_nchinaPRjja', '12_lag_28_median_traDP', '21_lag_traFB', '25_lag_tripol2', '41_lag_tripol3', '12_lag_29_median_traBO', '12_lag_15_median_shSICmar', '34_lag_ginwSSTjfm', '12_lag_13_median_shSICmar', '27_lag_tripol2', '12_lag_29_median_nppc2SSTjfm', '22_lag_amo1', '12_lag_19_median_glTSjfm']","[0.6724461904586772, 1.983035488793945, 6.842033787047397, 2.2228877095843007, 3.6723499991472153, 4.294410257627479, 1.7611414328728117, 3.3049045812253457, 2.578680918284788, 5.180529420427858, 9.279463176288775, 1.7065003136795909, 1.3787675529605998, 6.017421056673008, 5.02464800940089, 3.2692880060022116, 6.234712734967079, 2.325940959921895, 4.398099479258262, 6.0443638906065225, 5.382297333294, 1.6296444379372268, 4.31624229304437, 4.32828891775959, 3.8250751264041263, 1.2846459396607575, 8.47573280260981, 2.966886053277187, 0.6431792927487052, 3.9968467035160877]","18_lag_traIT, 12_lag_40_median_traEC, 30_lag_shSICsep, 12_lag_28_median_neurTSjfm, 12_lag_23_median_traFSC, 24_lag_arcTSjfm, 12_lag_31_median_tripol3, 22_lag_amoSSTmjjaso, 12_lag_18_median_nchinaPRjja, 41_lag_stratZ50ndj03, 12_lag_20_median_amo3, 12_lag_24_median_alpi, 12_lag_41_median_amo3, 12_lag_26_median_traTLS, 12_lag_13_median_stratZ50ndj03, 12_lag_18_median_traFB, 12_lag_28_median_solFORC, 12_lag_34_median_nchinaPRjja, 12_lag_28_median_traDP, 21_lag_traFB, 25_lag_tripol2, 41_lag_tripol3, 12_lag_29_median_traBO, 12_lag_15_median_shSICmar, 34_lag_ginwSSTjfm, 12_lag_13_median_shSICmar, 27_lag_tripol2, 12_lag_29_median_nppc2SSTjfm, 22_lag_amo1, 12_lag_19_median_glTSjfm_3835_12"
LRforcedPSO,28,30,traEC,slow,894.5,2005.5,0.4,43,13,13,23.484170671750075,0.027996985342957595,3835,"['42_lag_scpPSLjfm', '27_lag_traIFC', '13_lag_28_median_nhSICjfm', '37_lag_AMOCann', '13_lag_31_median_ismPRjja', '20_lag_shSICmar', '36_lag_traWP', '13_lag_36_median_ensoSSTjfm', '14_lag_seurTSjfm', '35_lag_nhTSjfm', '13_lag_34_median_amo3', '13_lag_22_median_nhSICjfm', '13_lag_20_median_wnorPRjfm', '19_lag_nhSICsep', '37_lag_traWP', '13_lag_18_median_samPSLann', '13_lag_23_median_traDS', '19_lag_satlSSTjfm', '13_lag_32_median_wnorPRjfm', '13_lag_19_median_traEU', '13_lag_35_median_arcTSjfm', '19_lag_mhfATL45', '22_lag_shTSjfm', '13_lag_29_median_alpi', '13_lag_15_median_traCA', '16_lag_traFS', '22_lag_stratZ50ndj04', '20_lag_traMC', '34_lag_nhSICsep', '29_lag_nchinaPRjja']","[1.3419276546676855, 2.467346953620135, 3.7549620815689195, 7.713741757859809, 8.103412132448671, 3.5193220592168517, 0.4351915736954677, 3.545876657373066, 5.135494684816205, 2.198903555958964, 1.935352102697962, 4.661938097256716, 3.3102624597490404, 9.594101988610966, 1.0710064612792323, 1.9201187325832958, 0.10288429717924785, 0.5963734298048333, 9.382519924139993, 6.812905129091529, 3.4654857722604397, 3.9816145959329337, 2.1047536122414545, 0.4772515969744102, 1.6705946210219498, 0.9790504816320471, 5.150644180494539, 4.164744184904534, 5.159781394043295, 0.9647638373876681]","42_lag_scpPSLjfm, 27_lag_traIFC, 13_lag_28_median_nhSICjfm, 37_lag_AMOCann, 13_lag_31_median_ismPRjja, 20_lag_shSICmar, 36_lag_traWP, 13_lag_36_median_ensoSSTjfm, 14_lag_seurTSjfm, 35_lag_nhTSjfm, 13_lag_34_median_amo3, 13_lag_22_median_nhSICjfm, 13_lag_20_median_wnorPRjfm, 19_lag_nhSICsep, 37_lag_traWP, 13_lag_18_median_samPSLann, 13_lag_23_median_traDS, 19_lag_satlSSTjfm, 13_lag_32_median_wnorPRjfm, 13_lag_19_median_traEU, 13_lag_35_median_arcTSjfm, 19_lag_mhfATL45, 22_lag_shTSjfm, 13_lag_29_median_alpi, 13_lag_15_median_traCA, 16_lag_traFS, 22_lag_stratZ50ndj04, 20_lag_traMC, 34_lag_nhSICsep, 29_lag_nchinaPRjja_3835_13"
LRforcedPSO,29,30,traEC,slow,895.5,2005.5,0.4,44,14,14,25.8796672461356,0.015891635455094127,3835,"['41_lag_tripol1', '36_lag_pdoSSTjfm', '14_lag_23_median_naoPSLjfm', '22_lag_traFB', '43_lag_alpi', '14_lag_32_median_traFSC', '19_lag_shSICmar', '14_lag_17_median_nhSICjfm', '27_lag_samPSLann', '14_lag_38_median_mhfIP30', '14_lag_39_median_cetTSjfm', '30_lag_naoPSLjfm', '14_lag_25_median_gyreSSTjfm', '14_lag_43_median_shSICmar', '41_lag_arcTSjfm', '14_lag_36_median_shTSjfm', '14_lag_33_median_amo1', '14_lag_29_median_nhTSjfm', '36_lag_stratZ50ndj01', '14_lag_25_median_ginwSSTjfm', '14_lag_42_median_amo1', '36_lag_alpi', '14_lag_traDS', '35_lag_traBS', '41_lag_traFSC', '42_lag_stratZ50ndj01', '30_lag_nhTSjfm', '14_lag_22_median_traIFC', '14_lag_43_median_stratZ50ndj04', '14_lag_31_median_naoPSLjfm']","[7.639475144894444, 3.1474178008175286, 0.8249220383864504, 7.11786324723295, 6.504422511166736, 0.33089134935997855, 0.9772972297846394, 2.090211352529254, 5.616025427098194, 3.860673007063575, 1.0560881065972936, 1.0942348079087072, 2.531651070804582, 0.49233721543288134, 2.7087548668353794, 6.450980241282323, 3.3852454462193258, 8.295676302348385, 6.8699690404114335, 7.785283511656125, 1.2821645730428912, 2.475387920648176, 3.615016102834243, 2.8116632225791545, 7.52782225143104, 4.08595204169538, 6.868436562828748, 5.4325435681775005, 3.788376331985937, 3.769748404473619]","41_lag_tripol1, 36_lag_pdoSSTjfm, 14_lag_23_median_naoPSLjfm, 22_lag_traFB, 43_lag_alpi, 14_lag_32_median_traFSC, 19_lag_shSICmar, 14_lag_17_median_nhSICjfm, 27_lag_samPSLann, 14_lag_38_median_mhfIP30, 14_lag_39_median_cetTSjfm, 30_lag_naoPSLjfm, 14_lag_25_median_gyreSSTjfm, 14_lag_43_median_shSICmar, 41_lag_arcTSjfm, 14_lag_36_median_shTSjfm, 14_lag_33_median_amo1, 14_lag_29_median_nhTSjfm, 36_lag_stratZ50ndj01, 14_lag_25_median_ginwSSTjfm, 14_lag_42_median_amo1, 36_lag_alpi, 14_lag_traDS, 35_lag_traBS, 41_lag_traFSC, 42_lag_stratZ50ndj01, 30_lag_nhTSjfm, 14_lag_22_median_traIFC, 14_lag_43_median_stratZ50ndj04, 14_lag_31_median_naoPSLjfm_3835_14"
LRforcedPSO,30,30,traEC,slow,896.5,2005.5,0.4,45,15,15,24.673057153215627,-0.039863480181171605,3835,"['15_lag_18_median_shSICmar', '15_lag_31_median_stratZ50ndj03', '35_lag_stratZ50ndj04', '15_lag_23_median_glomaSSTjfm', '15_lag_43_median_traFSC', '15_lag_19_median_ismPRjja', '15_lag_26_median_neurTSjfm', '36_lag_amoSSTmjjaso', '15_lag_31_median_traDS', '44_lag_traBS', '16_lag_satlSSTjfm', '30_lag_traIFC', '15_lag_22_median_nhTSjfm', '28_lag_ensoSSTjfm', '43_lag_neurTSjfm', '42_lag_ormenSSTjfm', '21_lag_samPSLann', '19_lag_gyreSSTjfm', '43_lag_mhfIP30', '31_lag_cetTSjfm', '15_lag_21_median_amo2', '32_lag_nppc2SSTjfm', '32_lag_seurTSjfm', '21_lag_atlSICsep', '15_lag_40_median_wnorPRjfm', '15_lag_22_median_nchinaPRjja', '41_lag_seurTSjfm', '43_lag_atlSICjfm', '15_lag_32_median_nchinaPRjja', '15_lag_35_median_atlSICjfm']","[1.9692669730522745, 3.250102508912218, 1.7471547716195452, 5.971074405178536, 0.8674962155936292, 2.3933352468707056, 2.108858779407365, 0.38560086296756424, 2.361911601621294, 7.001416532908497, 3.0572037898234345, 5.480351998142625, 3.900864851543135, 9.125257243832207, 5.843301569385204, 9.117130610133923, 5.690181853272179, 2.101699487857779, 4.857966062256358, 5.236852607892539, 1.9788754349108455, 8.468409533403014, 1.6516505096514784, 8.76119946525655, 8.066095828283228, 3.5181253328450683, 4.266588578943122, 6.567647170906699, 5.666335398237424, 1.0715452537737225]","15_lag_18_median_shSICmar, 15_lag_31_median_stratZ50ndj03, 35_lag_stratZ50ndj04, 15_lag_23_median_glomaSSTjfm, 15_lag_43_median_traFSC, 15_lag_19_median_ismPRjja, 15_lag_26_median_neurTSjfm, 36_lag_amoSSTmjjaso, 15_lag_31_median_traDS, 44_lag_traBS, 16_lag_satlSSTjfm, 30_lag_traIFC, 15_lag_22_median_nhTSjfm, 28_lag_ensoSSTjfm, 43_lag_neurTSjfm, 42_lag_ormenSSTjfm, 21_lag_samPSLann, 19_lag_gyreSSTjfm, 43_lag_mhfIP30, 31_lag_cetTSjfm, 15_lag_21_median_amo2, 32_lag_nppc2SSTjfm, 32_lag_seurTSjfm, 21_lag_atlSICsep, 15_lag_40_median_wnorPRjfm, 15_lag_22_median_nchinaPRjja, 41_lag_seurTSjfm, 43_lag_atlSICjfm, 15_lag_32_median_nchinaPRjja, 15_lag_35_median_atlSICjfm_3835_15"
LRforcedPSO,31,30,traEC,slow,897.5,2005.5,0.4,46,16,16,23.386051889343587,0.10312186945566743,3835,"['16_lag_32_median_ensoSSTjfm', '16_lag_33_median_traDP', '16_lag_19_median_stratZ50ndj03', '16_lag_32_median_scpPSLjfm', '38_lag_cetTSjfm', '16_lag_35_median_wnorPRjfm', '16_lag_20_median_tripol3', '16_lag_21_median_shSICmar', '43_lag_cetTSjfm', '33_lag_atlSICjfm', '35_lag_traBS', '16_lag_38_median_naoPSLjfm', '16_lag_20_median_nhTSjfm', '21_lag_traMC', '20_lag_satlSSTjfm', '16_lag_29_median_nhSICsep', '16_lag_35_median_ormenSSTjfm', '20_lag_traFS', '21_lag_arcTSjfm', '16_lag_33_median_shSICmar', '16_lag_43_median_atlSICjfm', '24_lag_scpPSLjfm', '16_lag_33_median_traWP', '16_lag_18_median_amo1', '22_lag_wnorPRjfm', '42_lag_mhfATL30', '33_lag_stratZ50ndj01', '31_lag_stratZ50ndj02', '16_lag_26_median_shSICmar', '42_lag_traBO']","[0.30910612741975285, 2.323842534190824, 0.30140704893291925, 4.958585115108638, 1.287689742891109, 6.125402181977857, 1.8208728698656245, 0.5366437250633478, 0.1863017150072377, 8.405806875235784, 9.624412275216248, 3.586694707834816, 2.413057875857292, 7.1494430179567345, 5.888274713546224, 1.1483942014559556, 4.766323894732811, 4.070022061365794, 7.915576765132752, 1.3201539279506171, 0.12322229033512144, 6.869305557294942, 6.2100920841481475, 3.039046921784232, 7.008515407718116, 4.078095250809113, 3.195253863093132, 1.915888727054318, 2.300266223249354, 0.6125307484988323]","16_lag_32_median_ensoSSTjfm, 16_lag_33_median_traDP, 16_lag_19_median_stratZ50ndj03, 16_lag_32_median_scpPSLjfm, 38_lag_cetTSjfm, 16_lag_35_median_wnorPRjfm, 16_lag_20_median_tripol3, 16_lag_21_median_shSICmar, 43_lag_cetTSjfm, 33_lag_atlSICjfm, 35_lag_traBS, 16_lag_38_median_naoPSLjfm, 16_lag_20_median_nhTSjfm, 21_lag_traMC, 20_lag_satlSSTjfm, 16_lag_29_median_nhSICsep, 16_lag_35_median_ormenSSTjfm, 20_lag_traFS, 21_lag_arcTSjfm, 16_lag_33_median_shSICmar, 16_lag_43_median_atlSICjfm, 24_lag_scpPSLjfm, 16_lag_33_median_traWP, 16_lag_18_median_amo1, 22_lag_wnorPRjfm, 42_lag_mhfATL30, 33_lag_stratZ50ndj01, 31_lag_stratZ50ndj02, 16_lag_26_median_shSICmar, 42_lag_traBO_3835_16"
LRforcedPSO,32,30,traEC,slow,898.5,2005.5,0.4,47,17,17,28.081852155719186,-0.012614245041480017,3835,"['17_lag_27_median_nppc2SSTjfm', '17_lag_29_median_nhTSjfm', '17_lag_31_median_nhSICsep', '33_lag_ismPRjja', '45_lag_traEU', '17_lag_29_median_cetTSjfm', '46_lag_traWP', '34_lag_eapPSLjfm', '17_lag_44_median_stratZ50ndj03', '18_lag_atlSICsep', '36_lag_scpPSLjfm', '25_lag_ginwSSTjfm', '17_lag_36_median_AMOCann', '22_lag_scpPSLjfm', '17_lag_45_median_nhTSjfm', '17_lag_45_median_eapPSLjfm', '32_lag_stratZ50ndj04', '39_lag_nhTSjfm', '17_lag_20_median_stratZ50ndj04', '17_lag_31_median_solFORC', '22_lag_glTSjfm', '17_lag_24_median_yrvPRjja', '17_lag_38_median_arcTSjfm', '17_lag_39_median_stratZ50ndj01', '27_lag_arcTSjfm', '42_lag_shTSjfm', '17_lag_32_median_nchinaPRjja', '17_lag_42_median_ormenSSTjfm', '31_lag_yrvPRjja', '41_lag_nhSICsep']","[5.791232130768204, 7.452401980149169, 2.1715637604929476, 4.271744254825425, 3.4138875523696477, 1.3689139960579269, 2.9676695048591206, 3.9116911435641875, 5.381584878175818, 7.4402423638003645, 6.323395062582522, 5.0115407086047465, 6.113615594255945, 0.7100745836839035, 4.622777771625298, 5.393864828290704, 2.3889863739460537, 6.822038524037673, 1.2016756147328422, 2.311215305706968, 8.729380403224184, 3.2740045429511033, 5.365617119183024, 4.848606990305164, 0.8998341161088756, 0.33877737555555854, 3.25931113502344, 7.484440812856963, 9.579194663793151, 5.809010830639252]","17_lag_27_median_nppc2SSTjfm, 17_lag_29_median_nhTSjfm, 17_lag_31_median_nhSICsep, 33_lag_ismPRjja, 45_lag_traEU, 17_lag_29_median_cetTSjfm, 46_lag_traWP, 34_lag_eapPSLjfm, 17_lag_44_median_stratZ50ndj03, 18_lag_atlSICsep, 36_lag_scpPSLjfm, 25_lag_ginwSSTjfm, 17_lag_36_median_AMOCann, 22_lag_scpPSLjfm, 17_lag_45_median_nhTSjfm, 17_lag_45_median_eapPSLjfm, 32_lag_stratZ50ndj04, 39_lag_nhTSjfm, 17_lag_20_median_stratZ50ndj04, 17_lag_31_median_solFORC, 22_lag_glTSjfm, 17_lag_24_median_yrvPRjja, 17_lag_38_median_arcTSjfm, 17_lag_39_median_stratZ50ndj01, 27_lag_arcTSjfm, 42_lag_shTSjfm, 17_lag_32_median_nchinaPRjja, 17_lag_42_median_ormenSSTjfm, 31_lag_yrvPRjja, 41_lag_nhSICsep_3835_17"
LRforcedPSO,33,30,traEC,slow,899.5,2005.5,0.4,48,18,18,28.10950883758775,-0.006106452686729332,3835,"['18_lag_39_median_traFSC', '34_lag_traDP', '18_lag_41_median_traIFC', '34_lag_glTSjfm', '18_lag_32_median_traFSC', '18_lag_yrvPRjja', '37_lag_traIT', '18_lag_20_median_alpi', '18_lag_19_median_arcTSjfm', '36_lag_ensoSSTjfm', '18_lag_39_median_atlSICsep', '18_lag_35_median_eurPSLjfm', '32_lag_traIFC', '29_lag_traCA', '18_lag_46_median_satlSSTjfm', '44_lag_glTSjfm', '43_lag_nhSICsep', '18_lag_26_median_atlSICsep', '36_lag_amoSSTmjjaso', '19_lag_traBO', '18_lag_46_median_shSICmar', '39_lag_naoPSLjfm', '46_lag_eapPSLjfm', '18_lag_22_median_traBO', '44_lag_traMC', '20_lag_cetTSjfm', '36_lag_traEU', '18_lag_36_median_stratZ50ndj03', '37_lag_ensoSSTjfm', '24_lag_eurPSLjfm']","[5.272488641481344, 3.9763284202243554, 3.20412461745968, 0.987884229036478, 2.2766732627517587, 9.000782737995717, 5.44421248083745, 4.886345762168411, 2.370944339937269, 9.114358503411932, 1.010594777543261, 0.4869475373779153, 2.818234018939034, 0.22238434085640257, 4.312385136064496, 5.10854595693174, 0.04077794994549855, 1.2746856577305508, 7.272257716641997, 7.407009342492902, 1.8353604795647662, 3.1500692975657945, 2.6030510395154707, 6.638227093217351, 5.4774396856954795, 5.439628966107151, 0.270138878103781, 9.78675010391322, 6.785389145665263, 2.8870836313435593]","18_lag_39_median_traFSC, 34_lag_traDP, 18_lag_41_median_traIFC, 34_lag_glTSjfm, 18_lag_32_median_traFSC, 18_lag_yrvPRjja, 37_lag_traIT, 18_lag_20_median_alpi, 18_lag_19_median_arcTSjfm, 36_lag_ensoSSTjfm, 18_lag_39_median_atlSICsep, 18_lag_35_median_eurPSLjfm, 32_lag_traIFC, 29_lag_traCA, 18_lag_46_median_satlSSTjfm, 44_lag_glTSjfm, 43_lag_nhSICsep, 18_lag_26_median_atlSICsep, 36_lag_amoSSTmjjaso, 19_lag_traBO, 18_lag_46_median_shSICmar, 39_lag_naoPSLjfm, 46_lag_eapPSLjfm, 18_lag_22_median_traBO, 44_lag_traMC, 20_lag_cetTSjfm, 36_lag_traEU, 18_lag_36_median_stratZ50ndj03, 37_lag_ensoSSTjfm, 24_lag_eurPSLjfm_3835_18"
LRforcedPSO,34,30,traEC,slow,900.5,2005.5,0.4,49,19,19,23.076358426589447,0.03885219134616251,3835,"['19_lag_46_median_stratZ50ndj04', '19_lag_38_median_traIFC', '19_lag_23_median_traBS', '39_lag_mhfATL30', '39_lag_traFSC', '37_lag_traEU', '19_lag_46_median_shSICsep', '19_lag_38_median_glomaSSTjfm', '19_lag_25_median_nchinaPRjja', '21_lag_tripol3', '19_lag_25_median_traFS', '19_lag_34_median_ginwSSTjfm', '19_lag_37_median_seurTSjfm', '19_lag_41_median_scpPSLjfm', '19_lag_24_median_stratZ50ndj01', '37_lag_stratZ50ndj04', '22_lag_traBO', '26_lag_traFB', '42_lag_amo1', '19_lag_39_median_traTLS', '19_lag_36_median_tripol1', '20_lag_mhfATL30', '29_lag_solFORC', '19_lag_33_median_traEC', '26_lag_satlSSTjfm', '48_lag_naoPSLjfm', '19_lag_37_median_mhfATL60', '19_lag_21_median_atlSICsep', '19_lag_26_median_amo1', '19_lag_24_median_traEU']","[3.738854295154944, 5.4764249091740025, 1.015474812561779, 0.5781041710913648, 1.543171130967341, 2.9826455915658308, 2.854956929461454, 3.4458549526200883, 6.104604088854375, 5.528049247719952, 0.542017075004182, 5.366888218185459, 0.9646521539977488, 6.098592319392322, 4.281977594174556, 7.9797084828287135, 7.833136488038437, 2.1755072373163227, 1.183622895496196, 3.6452797192359814, 1.506170551365484, 6.153194408777701, 4.509161540646758, 6.56712233260928, 2.7206874869196547, 6.658651469426822, 9.407993930380172, 3.8756691590667742, 3.980467034403996, 0.9605335418126888]","19_lag_46_median_stratZ50ndj04, 19_lag_38_median_traIFC, 19_lag_23_median_traBS, 39_lag_mhfATL30, 39_lag_traFSC, 37_lag_traEU, 19_lag_46_median_shSICsep, 19_lag_38_median_glomaSSTjfm, 19_lag_25_median_nchinaPRjja, 21_lag_tripol3, 19_lag_25_median_traFS, 19_lag_34_median_ginwSSTjfm, 19_lag_37_median_seurTSjfm, 19_lag_41_median_scpPSLjfm, 19_lag_24_median_stratZ50ndj01, 37_lag_stratZ50ndj04, 22_lag_traBO, 26_lag_traFB, 42_lag_amo1, 19_lag_39_median_traTLS, 19_lag_36_median_tripol1, 20_lag_mhfATL30, 29_lag_solFORC, 19_lag_33_median_traEC, 26_lag_satlSSTjfm, 48_lag_naoPSLjfm, 19_lag_37_median_mhfATL60, 19_lag_21_median_atlSICsep, 19_lag_26_median_amo1, 19_lag_24_median_traEU_3835_19"
LRforcedPSO,35,30,traEC,slow,901.5,2005.5,0.4,50,20,20,27.42544396858951,-0.07986275178677962,3835,"['45_lag_traEU', '37_lag_traCA', '20_lag_23_median_solFORC', '20_lag_24_median_traEC', '34_lag_traFS', '20_lag_49_median_traEC', '20_lag_34_median_glomaSSTjfm', '31_lag_amoSSTmjjaso', '38_lag_shSICsep', '20_lag_48_median_atlSICjfm', '36_lag_naoPSLjfm', '27_lag_traEC', '40_lag_traBO', '20_lag_42_median_arcTSjfm', '46_lag_shSICsep', '20_lag_48_median_traIT', '32_lag_arcTSjfm', '20_lag_44_median_nppc3SSTjfm', '20_lag_45_median_solFORC', '20_lag_45_median_eurPSLjfm', '20_lag_23_median_traFSC', '20_lag_21_median_tripol3', '20_lag_28_median_shTSjfm', '20_lag_35_median_naoPSLjfm', '20_lag_43_median_nppc3SSTjfm', '26_lag_mhfIP30', '46_lag_traBS', '20_lag_40_median_nhTSjfm', '20_lag_29_median_atlSICjfm', '20_lag_21_median_stratZ50ndj02']","[0.9446620230983349, 2.528637037827826, 1.5588828822716643, 0.23979409085727532, 6.960694349895469, 4.3511150615803285, 2.200189365415863, 2.3068898685821893, 6.265704948000753, 2.1277824278392536, 3.8536356825605296, 0.23657641847528055, 5.911381358321508, 0.17869551255451555, 0.9303210744813057, 8.66332076911392, 3.524184953220038, 2.223389747906033, 1.0585170225362646, 1.0416041426925187, 0.1708870881817255, 2.541053423137818, 9.663480284935758, 4.668190546410234, 0.5259430445160049, 5.282130987363949, 1.2353715186733645, 6.187243856555831, 1.0826369927563881, 4.5240178280665795]","45_lag_traEU, 37_lag_traCA, 20_lag_23_median_solFORC, 20_lag_24_median_traEC, 34_lag_traFS, 20_lag_49_median_traEC, 20_lag_34_median_glomaSSTjfm, 31_lag_amoSSTmjjaso, 38_lag_shSICsep, 20_lag_48_median_atlSICjfm, 36_lag_naoPSLjfm, 27_lag_traEC, 40_lag_traBO, 20_lag_42_median_arcTSjfm, 46_lag_shSICsep, 20_lag_48_median_traIT, 32_lag_arcTSjfm, 20_lag_44_median_nppc3SSTjfm, 20_lag_45_median_solFORC, 20_lag_45_median_eurPSLjfm, 20_lag_23_median_traFSC, 20_lag_21_median_tripol3, 20_lag_28_median_shTSjfm, 20_lag_35_median_naoPSLjfm, 20_lag_43_median_nppc3SSTjfm, 26_lag_mhfIP30, 46_lag_traBS, 20_lag_40_median_nhTSjfm, 20_lag_29_median_atlSICjfm, 20_lag_21_median_stratZ50ndj02_3835_20"
LRforcedPSO,36,30,traEC,slow,902.5,2005.5,0.4,51,21,21,23.124114258659464,-0.08501414476679618,3835,"['29_lag_traFB', '21_lag_28_median_nhTSjfm', '43_lag_labSSTjfm', '44_lag_glomaSSTjfm', '21_lag_37_median_traFS', '34_lag_traFS', '21_lag_48_median_tripol2', '21_lag_42_median_nhSICsep', '39_lag_nhTSjfm', '28_lag_seurTSjfm', '38_lag_satlSSTjfm', '21_lag_23_median_mhfATL30', '21_lag_47_median_eurPSLjfm', '27_lag_traBO', '26_lag_gyreSSTjfm', '21_lag_43_median_AMOCann', '30_lag_labSSTjfm', '42_lag_mhfATL60', '50_lag_nppc2SSTjfm', '21_lag_27_median_traDS', '28_lag_stratZ50ndj01', '21_lag_30_median_traIFC', '21_lag_24_median_scpPSLjfm', '21_lag_35_median_scpPSLjfm', '49_lag_glTSjfm', '38_lag_traEU', '29_lag_yrvPRjja', '21_lag_34_median_stratZ50ndj01', '43_lag_tripol1', '37_lag_traBO']","[9.254491225356452, 9.074481039912419, 2.560648929667197, 1.314914864943562, 0.08320215624115512, 2.67805943861001, 8.86786799118471, 2.3998507914689142, 2.0936943619550554, 3.315221107209684, 0.817878911218699, 1.8092860420620838, 0.009336051969563997, 5.760026394256689, 1.3981116441184387, 1.6499362799784123, 4.830619936370293, 2.5844880218038018, 0.4164816305334753, 6.626514406092195, 5.840430190110153, 5.784981472455179, 2.86101447460966, 4.768936927513261, 0.9978666866428156, 1.1608049416852069, 5.746240355982453, 4.766852837827782, 0.5861178488364249, 6.4242805707875945]","29_lag_traFB, 21_lag_28_median_nhTSjfm, 43_lag_labSSTjfm, 44_lag_glomaSSTjfm, 21_lag_37_median_traFS, 34_lag_traFS, 21_lag_48_median_tripol2, 21_lag_42_median_nhSICsep, 39_lag_nhTSjfm, 28_lag_seurTSjfm, 38_lag_satlSSTjfm, 21_lag_23_median_mhfATL30, 21_lag_47_median_eurPSLjfm, 27_lag_traBO, 26_lag_gyreSSTjfm, 21_lag_43_median_AMOCann, 30_lag_labSSTjfm, 42_lag_mhfATL60, 50_lag_nppc2SSTjfm, 21_lag_27_median_traDS, 28_lag_stratZ50ndj01, 21_lag_30_median_traIFC, 21_lag_24_median_scpPSLjfm, 21_lag_35_median_scpPSLjfm, 49_lag_glTSjfm, 38_lag_traEU, 29_lag_yrvPRjja, 21_lag_34_median_stratZ50ndj01, 43_lag_tripol1, 37_lag_traBO_3835_21"
LRforcedPSO,37,30,traEC,slow,903.5,2005.5,0.4,52,22,22,23.579973819470478,0.03728373922141407,3835,"['31_lag_satlSSTjfm', '32_lag_nppc2SSTjfm', '36_lag_neurTSjfm', '44_lag_ginwSSTjfm', '22_lag_39_median_stratZ50ndj04', '37_lag_mhfIP30', '36_lag_mhfATL45', '22_lag_26_median_traIFC', '22_lag_50_median_solFORC', '35_lag_shTSjfm', '22_lag_34_median_traFS', '29_lag_alpi', '22_lag_23_median_gyreSSTjfm', '38_lag_amoSSTmjjaso', '22_lag_29_median_yrvPRjja', '22_lag_40_median_ismPRjja', '44_lag_traFB', '32_lag_shTSjfm', '35_lag_nchinaPRjja', '47_lag_traEC', '39_lag_nchinaPRjja', '22_lag_24_median_naoPSLjfm', '22_lag_44_median_amo1', '26_lag_tripol2', '22_lag_51_median_mhfIP30', '22_lag_38_median_amo2', '34_lag_shSICmar', '22_lag_29_median_mhfIP30', '51_lag_traDS', '32_lag_nhSICsep']","[6.674555320697704, 8.830588346213283, 0.41043206016333755, 4.797014536502477, 1.6315422380190228, 1.5313793476221917, 1.0004326446992167, 6.051347368395611, 1.232086989436203, 1.3603617234451608, 5.2944396877112965, 0.7350838107949631, 1.4296147784929936, 3.4222824853563, 5.583782282647308, 5.302865949684524, 4.553861362500216, 0.4571051045720651, 0.40029112817354395, 0.03569596361718297, 6.145939713148078, 1.338027735193279, 3.1810366419019775, 8.887738358362418, 3.3276164259821144, 0.8413031924133492, 1.3281182886293976, 3.5652961168808073, 3.2037693228428736, 5.505025816555651]","31_lag_satlSSTjfm, 32_lag_nppc2SSTjfm, 36_lag_neurTSjfm, 44_lag_ginwSSTjfm, 22_lag_39_median_stratZ50ndj04, 37_lag_mhfIP30, 36_lag_mhfATL45, 22_lag_26_median_traIFC, 22_lag_50_median_solFORC, 35_lag_shTSjfm, 22_lag_34_median_traFS, 29_lag_alpi, 22_lag_23_median_gyreSSTjfm, 38_lag_amoSSTmjjaso, 22_lag_29_median_yrvPRjja, 22_lag_40_median_ismPRjja, 44_lag_traFB, 32_lag_shTSjfm, 35_lag_nchinaPRjja, 47_lag_traEC, 39_lag_nchinaPRjja, 22_lag_24_median_naoPSLjfm, 22_lag_44_median_amo1, 26_lag_tripol2, 22_lag_51_median_mhfIP30, 22_lag_38_median_amo2, 34_lag_shSICmar, 22_lag_29_median_mhfIP30, 51_lag_traDS, 32_lag_nhSICsep_3835_22"
LRforcedPSO,38,30,traEC,slow,904.5,2005.5,0.4,53,23,23,23.211689894743667,0.06030257283923793,3835,"['23_lag_27_median_traCA', '23_lag_35_median_traBS', '23_lag_26_median_nppc2SSTjfm', '35_lag_atlSICsep', '39_lag_satlSSTjfm', '42_lag_eapPSLjfm', '25_lag_traFB', '23_lag_43_median_amoSSTmjjaso', '23_lag_32_median_cetTSjfm', '23_lag_30_median_stratZ50ndj01', '23_lag_43_median_traDP', '28_lag_labSSTjfm', '23_lag_34_median_scpPSLjfm', '23_lag_39_median_glomaSSTjfm', '26_lag_traEU', '23_lag_50_median_pdoSSTjfm', '50_lag_tripol3', '40_lag_traBO', '23_lag_27_median_shSICmar', '23_lag_49_median_traCA', '23_lag_48_median_traDP', '23_lag_42_median_nppc2SSTjfm', '27_lag_mhfATL30', '23_lag_26_median_shSICmar', '23_lag_27_median_traMC', '23_lag_35_median_scpPSLjfm', '40_lag_traCA', '23_lag_47_median_nchinaPRjja', '44_lag_traFS', '23_lag_43_median_mhfATL30']","[0.8975999793214093, 1.8951144215093656, 1.780178458574671, 1.5110350884409698, 8.716231587233484, 5.8193900184063985, 6.442763071663922, 7.394737210346227, 0.6073258709432245, 3.594128261338259, 1.9804988076150583, 0.35540807006707986, 4.318608284914918, 0.7480579069870572, 1.2997904888550398, 6.3322372834185625, 2.228552819399945, 1.590177541831391, 8.46018369094297, 1.394675885414589, 0.48905681840427206, 0.27842049866750607, 8.522867972418485, 8.529023592849327, 5.485686469564907, 6.928348164008359, 2.959931116083421, 4.294918962847403, 5.6684353869567605, 4.757309352027086]","23_lag_27_median_traCA, 23_lag_35_median_traBS, 23_lag_26_median_nppc2SSTjfm, 35_lag_atlSICsep, 39_lag_satlSSTjfm, 42_lag_eapPSLjfm, 25_lag_traFB, 23_lag_43_median_amoSSTmjjaso, 23_lag_32_median_cetTSjfm, 23_lag_30_median_stratZ50ndj01, 23_lag_43_median_traDP, 28_lag_labSSTjfm, 23_lag_34_median_scpPSLjfm, 23_lag_39_median_glomaSSTjfm, 26_lag_traEU, 23_lag_50_median_pdoSSTjfm, 50_lag_tripol3, 40_lag_traBO, 23_lag_27_median_shSICmar, 23_lag_49_median_traCA, 23_lag_48_median_traDP, 23_lag_42_median_nppc2SSTjfm, 27_lag_mhfATL30, 23_lag_26_median_shSICmar, 23_lag_27_median_traMC, 23_lag_35_median_scpPSLjfm, 40_lag_traCA, 23_lag_47_median_nchinaPRjja, 44_lag_traFS, 23_lag_43_median_mhfATL30_3835_23"
LRforcedPSO,39,30,traEC,slow,905.5,2005.5,0.4,54,24,24,23.70381302853586,0.028522391744357282,3835,"['24_lag_37_median_tripol2', '32_lag_seurTSjfm', '24_lag_40_median_AMOCann', '35_lag_stratZ50ndj02', '24_lag_48_median_traCA', '24_lag_49_median_traMC', '27_lag_stratZ50ndj04', '24_lag_36_median_labSSTjfm', '33_lag_cetTSjfm', '41_lag_ensoSSTjfm', '29_lag_traDP', '26_lag_ismPRjja', '24_lag_43_median_atlSICsep', '24_lag_53_median_nhTSjfm', '43_lag_glTSjfm', '24_lag_47_median_solFORC', '25_lag_arcTSjfm', '40_lag_amo3', '52_lag_glomaSSTjfm', '40_lag_stratZ50ndj01', '45_lag_arcTSjfm', '42_lag_atlSICjfm', '47_lag_ensoSSTjfm', '24_lag_30_median_tripol3', '51_lag_shTSjfm', '45_lag_wnorPRjfm', '29_lag_traBS', '53_lag_tripol2', '25_lag_traDP', '53_lag_stratZ50ndj03']","[3.447765995318692, 2.9831288239034333, 7.882395060733169, 0.30913738025858706, 0.68176777337837, 1.809883398441654, 4.422673563515566, 0.5903629161605544, 4.392529564960434, 2.095711312866932, 5.525204356242245, 3.381898656463866, 4.554794880069759, 2.959539479060491, 4.612974079233618, 9.934787824274746, 1.5503652252094753, 6.773603052673145, 4.204341469300648, 0.22223789570841923, 6.431047635298399, 6.807686525717777, 1.811522667895682, 2.709831837827923, 5.645434724884195, 4.38668608201551, 3.5031682410053264, 6.384170643053643, 4.019903317540265, 1.866284048322509]","24_lag_37_median_tripol2, 32_lag_seurTSjfm, 24_lag_40_median_AMOCann, 35_lag_stratZ50ndj02, 24_lag_48_median_traCA, 24_lag_49_median_traMC, 27_lag_stratZ50ndj04, 24_lag_36_median_labSSTjfm, 33_lag_cetTSjfm, 41_lag_ensoSSTjfm, 29_lag_traDP, 26_lag_ismPRjja, 24_lag_43_median_atlSICsep, 24_lag_53_median_nhTSjfm, 43_lag_glTSjfm, 24_lag_47_median_solFORC, 25_lag_arcTSjfm, 40_lag_amo3, 52_lag_glomaSSTjfm, 40_lag_stratZ50ndj01, 45_lag_arcTSjfm, 42_lag_atlSICjfm, 47_lag_ensoSSTjfm, 24_lag_30_median_tripol3, 51_lag_shTSjfm, 45_lag_wnorPRjfm, 29_lag_traBS, 53_lag_tripol2, 25_lag_traDP, 53_lag_stratZ50ndj03_3835_24"
LRforcedPSO,40,30,traEC,slow,906.5,2005.5,0.4,55,25,25,24.92596728756203,0.05789016869175636,3835,"['35_lag_gyreSSTjfm', '25_lag_53_median_atlSICjfm', '25_lag_42_median_traDS', '40_lag_mhfIP30', '25_lag_45_median_tripol3', '25_lag_36_median_yrvPRjja', '25_lag_44_median_cetTSjfm', '45_lag_traWP', '40_lag_ormenSSTjfm', '25_lag_27_median_traMC', '25_lag_34_median_atlSICsep', '29_lag_eurPSLjfm', '25_lag_45_median_AMOCann', '25_lag_36_median_traBO', '25_lag_29_median_stratZ50ndj01', '25_lag_43_median_stratZ50ndj03', '52_lag_neurTSjfm', '43_lag_wnorPRjfm', '53_lag_traEU', '25_lag_52_median_ormenSSTjfm', '25_lag_40_median_traIT', '38_lag_shSICsep', '52_lag_mhfATL60', '25_lag_50_median_alpi', '44_lag_AMOCann', '51_lag_nhSICsep', '25_lag_30_median_tripol1', '25_lag_26_median_mhfIP30', '25_lag_54_median_traTLS', '48_lag_wnorPRjfm']","[4.090265891574467, 7.120720004216315, 0.243344957165597, 0.06316571672362059, 8.529632360559374, 8.81757899456273, 2.022811707829357, 8.61973213448386, 6.790096893883604, 1.0734299551689759, 9.128922925468126, 7.472902950351987, 4.240894168137563, 0.8328099818109553, 0.9297424485860954, 7.765060219322226, 9.872421142944894, 1.5085472590495854, 3.9112291002518624, 5.740362554408147, 0.03347416762431621, 5.73060105957196, 1.8769205324740703, 0.0749385492955863, 0.17250566296669234, 2.538975226537934, 3.9368831376311633, 0.9277349269916098, 3.070071810511661, 5.373984571640165]","35_lag_gyreSSTjfm, 25_lag_53_median_atlSICjfm, 25_lag_42_median_traDS, 40_lag_mhfIP30, 25_lag_45_median_tripol3, 25_lag_36_median_yrvPRjja, 25_lag_44_median_cetTSjfm, 45_lag_traWP, 40_lag_ormenSSTjfm, 25_lag_27_median_traMC, 25_lag_34_median_atlSICsep, 29_lag_eurPSLjfm, 25_lag_45_median_AMOCann, 25_lag_36_median_traBO, 25_lag_29_median_stratZ50ndj01, 25_lag_43_median_stratZ50ndj03, 52_lag_neurTSjfm, 43_lag_wnorPRjfm, 53_lag_traEU, 25_lag_52_median_ormenSSTjfm, 25_lag_40_median_traIT, 38_lag_shSICsep, 52_lag_mhfATL60, 25_lag_50_median_alpi, 44_lag_AMOCann, 51_lag_nhSICsep, 25_lag_30_median_tripol1, 25_lag_26_median_mhfIP30, 25_lag_54_median_traTLS, 48_lag_wnorPRjfm_3835_25"
LRforcedPSO,41,30,traEC,slow,907.5,2005.5,0.4,56,26,26,24.6716124839919,-0.030750202725745142,3835,"['42_lag_alpi', '26_lag_27_median_eapPSLjfm', '49_lag_atlSICsep', '33_lag_mhfATL45', '26_lag_29_median_naoPSLjfm', '26_lag_44_median_cetTSjfm', '26_lag_55_median_tripol3', '26_lag_54_median_samPSLann', '36_lag_ensoSSTjfm', '26_lag_36_median_naoPSLjfm', '26_lag_32_median_alpi', '26_lag_50_median_stratZ50ndj04', '54_lag_eurPSLjfm', '30_lag_mhfATL30', '55_lag_stratZ50ndj01', '26_lag_29_median_nhTSjfm', '26_lag_51_median_traDS', '52_lag_tripol1', '26_lag_29_median_mhfATL60', '26_lag_44_median_alpi', '26_lag_52_median_mhfIP30', '51_lag_stratZ50ndj04', '28_lag_neurTSjfm', '26_lag_33_median_satlSSTjfm', '54_lag_traDP', '36_lag_stratZ50ndj04', '29_lag_arcTSjfm', '29_lag_seurTSjfm', '26_lag_36_median_traWP', '26_lag_29_median_yrvPRjja']","[0.35104816117985216, 3.986021628062703, 5.625485478609664, 5.178377986298408, 4.858316479440429, 1.083331563040904, 4.0703400951081665, 7.317290061641092, 1.3404199203113585, 5.336578300771125, 4.353143230370289, 3.205928945554879, 6.435335344458753, 6.059780629532774, 9.535101704184854, 4.394531347008069, 7.978869173947764, 3.944239348140343, 4.362801830626064, 4.002407991585212, 4.933222955712274, 3.6145503794128153, 4.264301466654723, 2.5453110977874935, 8.283956604793786, 5.379206572450649, 9.351588091795302, 7.610509324620849, 1.8762594258655731, 3.587262880591629]","42_lag_alpi, 26_lag_27_median_eapPSLjfm, 49_lag_atlSICsep, 33_lag_mhfATL45, 26_lag_29_median_naoPSLjfm, 26_lag_44_median_cetTSjfm, 26_lag_55_median_tripol3, 26_lag_54_median_samPSLann, 36_lag_ensoSSTjfm, 26_lag_36_median_naoPSLjfm, 26_lag_32_median_alpi, 26_lag_50_median_stratZ50ndj04, 54_lag_eurPSLjfm, 30_lag_mhfATL30, 55_lag_stratZ50ndj01, 26_lag_29_median_nhTSjfm, 26_lag_51_median_traDS, 52_lag_tripol1, 26_lag_29_median_mhfATL60, 26_lag_44_median_alpi, 26_lag_52_median_mhfIP30, 51_lag_stratZ50ndj04, 28_lag_neurTSjfm, 26_lag_33_median_satlSSTjfm, 54_lag_traDP, 36_lag_stratZ50ndj04, 29_lag_arcTSjfm, 29_lag_seurTSjfm, 26_lag_36_median_traWP, 26_lag_29_median_yrvPRjja_3835_26"
LRforcedPSO,42,30,traEC,slow,908.5,2005.5,0.4,57,27,27,28.6785534575873,-0.014861685288543343,3835,"['30_lag_traEU', '40_lag_glTSjfm', '39_lag_mhfATL60', '51_lag_glomaSSTjfm', '27_lag_40_median_amo2', '32_lag_seurTSjfm', '38_lag_ensoSSTjfm', '27_lag_52_median_alpi', '27_lag_38_median_mhfIP30', '52_lag_mhfIP30', '27_lag_45_median_labSSTjfm', '27_lag_42_median_labSSTjfm', '44_lag_samPSLann', '31_lag_cetTSjfm', '48_lag_gyreSSTjfm', '27_lag_38_median_eapPSLjfm', '34_lag_ginwSSTjfm', '36_lag_stratZ50ndj02', '29_lag_stratZ50ndj01', '27_lag_54_median_ismPRjja', '27_lag_41_median_seurTSjfm', '45_lag_seurTSjfm', '27_lag_33_median_AMOCann', '45_lag_mhfIP30', '32_lag_naoPSLjfm', '27_lag_amoSSTmjjaso', '36_lag_traTLS', '27_lag_36_median_traFSC', '56_lag_amoSSTmjjaso', '27_lag_35_median_labSSTjfm']","[0.7169494928244458, 1.479543926402405, 2.3591611111757027, 5.2140944812448105, 6.312782016621863, 3.824863674988535, 5.798045652826316, 2.8830111995560124, 0.19612008868396913, 0.6380426934649552, 4.061605475624523, 8.249115797790814, 4.780628253856003, 4.74996813812499, 9.697896155502175, 0.8693208086119615, 2.0543094123798493, 4.330085623577777, 2.435110175434831, 4.774225348178803, 0.7002764317886694, 1.2174739248249793, 0.5184585421415129, 6.38960559899923, 4.1288141347806615, 1.971575265033481, 2.7635768822697866, 4.231426522629288, 2.003135654547716, 3.568989949013158]","30_lag_traEU, 40_lag_glTSjfm, 39_lag_mhfATL60, 51_lag_glomaSSTjfm, 27_lag_40_median_amo2, 32_lag_seurTSjfm, 38_lag_ensoSSTjfm, 27_lag_52_median_alpi, 27_lag_38_median_mhfIP30, 52_lag_mhfIP30, 27_lag_45_median_labSSTjfm, 27_lag_42_median_labSSTjfm, 44_lag_samPSLann, 31_lag_cetTSjfm, 48_lag_gyreSSTjfm, 27_lag_38_median_eapPSLjfm, 34_lag_ginwSSTjfm, 36_lag_stratZ50ndj02, 29_lag_stratZ50ndj01, 27_lag_54_median_ismPRjja, 27_lag_41_median_seurTSjfm, 45_lag_seurTSjfm, 27_lag_33_median_AMOCann, 45_lag_mhfIP30, 32_lag_naoPSLjfm, 27_lag_amoSSTmjjaso, 36_lag_traTLS, 27_lag_36_median_traFSC, 56_lag_amoSSTmjjaso, 27_lag_35_median_labSSTjfm_3835_27"
LRforcedPSO,43,30,traEC,slow,909.5,2005.5,0.4,58,28,28,26.026919423514034,-0.005211078514922786,3835,"['41_lag_alpi', '36_lag_nppc2SSTjfm', '28_lag_46_median_traDS', '36_lag_glTSjfm', '49_lag_cetTSjfm', '29_lag_amo1', '28_lag_46_median_yrvPRjja', '34_lag_traEU', '53_lag_glomaSSTjfm', '29_lag_shSICsep', '28_lag_47_median_mhfIP30', '28_lag_38_median_traFSC', '28_lag_55_median_traWP', '44_lag_stratZ50ndj04', '43_lag_tripol3', '35_lag_traBS', '28_lag_35_median_eurPSLjfm', '53_lag_alpi', '38_lag_stratZ50ndj03', '28_lag_39_median_stratZ50ndj02', '57_lag_amo3', '28_lag_30_median_traTLS', '30_lag_ormenSSTjfm', '54_lag_mhfATL30', '40_lag_traFB', '28_lag_48_median_traDP', '43_lag_nppc2SSTjfm', '28_lag_50_median_nchinaPRjja', '28_lag_38_median_traBS', '28_lag_44_median_mhfATL60']","[3.744314853805248, 9.045750053730774, 0.8513165327315608, 3.0482588922225027, 0.3081977341354314, 6.872760705578898, 5.704270972934737, 0.19826556713791277, 1.9386564665896344, 5.840579899990983, 0.3568240646509544, 2.00000172263643, 5.380559430276914, 6.866826859642061, 2.2903928166001783, 6.2204019137912105, 2.4263776578890877, 1.9941251395355053, 2.0712108114313317, 1.9765884803190197, 2.528109708221975, 1.557784158234881, 7.6037544194444315, 5.809390070695928, 7.19696622316113, 6.367462790817067, 6.3763631900006175, 2.512932920193922, 5.552479379985893, 7.014476877859757]","41_lag_alpi, 36_lag_nppc2SSTjfm, 28_lag_46_median_traDS, 36_lag_glTSjfm, 49_lag_cetTSjfm, 29_lag_amo1, 28_lag_46_median_yrvPRjja, 34_lag_traEU, 53_lag_glomaSSTjfm, 29_lag_shSICsep, 28_lag_47_median_mhfIP30, 28_lag_38_median_traFSC, 28_lag_55_median_traWP, 44_lag_stratZ50ndj04, 43_lag_tripol3, 35_lag_traBS, 28_lag_35_median_eurPSLjfm, 53_lag_alpi, 38_lag_stratZ50ndj03, 28_lag_39_median_stratZ50ndj02, 57_lag_amo3, 28_lag_30_median_traTLS, 30_lag_ormenSSTjfm, 54_lag_mhfATL30, 40_lag_traFB, 28_lag_48_median_traDP, 43_lag_nppc2SSTjfm, 28_lag_50_median_nchinaPRjja, 28_lag_38_median_traBS, 28_lag_44_median_mhfATL60_3835_28"
LRforcedPSO,44,30,traEC,slow,910.5,2005.5,0.4,59,29,29,22.134486751171725,0.033116186905077026,3835,"['29_lag_31_median_shTSjfm', '54_lag_traDS', '29_lag_33_median_amoSSTmjjaso', '29_lag_49_median_glTSjfm', '29_lag_44_median_gyreSSTjfm', '36_lag_traBO', '29_lag_43_median_amoSSTmjjaso', '31_lag_traDS', '56_lag_gyreSSTjfm', '29_lag_43_median_arcTSjfm', '55_lag_traIFC', '55_lag_amo1', '29_lag_47_median_neurTSjfm', '51_lag_tripol2', '33_lag_shTSjfm', '35_lag_traEU', '35_lag_mhfATL45', '51_lag_traIT', '42_lag_wnorPRjfm', '55_lag_traDS', '33_lag_alpi', '29_lag_47_median_traIT', '45_lag_traWP', '29_lag_58_median_nhTSjfm', '46_lag_eurPSLjfm', '49_lag_eapPSLjfm', '29_lag_41_median_neurTSjfm', '29_lag_45_median_traWP', '29_lag_50_median_stratZ50ndj02', '29_lag_58_median_nppc2SSTjfm']","[2.6270114788364074, 0.04433873448064318, 5.19253887489959, 4.329665302776133, 4.280895207950309, 3.3034796925608845, 2.343227646513931, 0.1100428022916855, 1.9377646570106712, 7.294289892839096, 9.838521627409104, 0.06984912426508849, 6.215820012698334, 5.148158719922147, 7.938034694027034, 3.986680677498182, 1.4944789427853102, 4.045501431440091, 3.4959820648242097, 3.844477422224884, 2.7387598169400977, 8.188886023764695, 9.175287980855948, 4.8807677246039844, 2.3947910785029958, 5.554207140243179, 3.8148238514473327, 3.9688264759452334, 4.534161051800327, 0.8107676131307979]","29_lag_31_median_shTSjfm, 54_lag_traDS, 29_lag_33_median_amoSSTmjjaso, 29_lag_49_median_glTSjfm, 29_lag_44_median_gyreSSTjfm, 36_lag_traBO, 29_lag_43_median_amoSSTmjjaso, 31_lag_traDS, 56_lag_gyreSSTjfm, 29_lag_43_median_arcTSjfm, 55_lag_traIFC, 55_lag_amo1, 29_lag_47_median_neurTSjfm, 51_lag_tripol2, 33_lag_shTSjfm, 35_lag_traEU, 35_lag_mhfATL45, 51_lag_traIT, 42_lag_wnorPRjfm, 55_lag_traDS, 33_lag_alpi, 29_lag_47_median_traIT, 45_lag_traWP, 29_lag_58_median_nhTSjfm, 46_lag_eurPSLjfm, 49_lag_eapPSLjfm, 29_lag_41_median_neurTSjfm, 29_lag_45_median_traWP, 29_lag_50_median_stratZ50ndj02, 29_lag_58_median_nppc2SSTjfm_3835_29"
LRforcedPSO,45,30,traEC,slow,911.5,2005.5,0.4,60,30,30,25.234599023063396,-0.08266122899450515,3835,"['47_lag_nhTSjfm', '35_lag_mhfATL45', '30_lag_59_median_stratZ50ndj01', '30_lag_49_median_scpPSLjfm', '30_lag_52_median_ismPRjja', '30_lag_31_median_ismPRjja', '37_lag_traFS', '30_lag_46_median_amo1', '30_lag_45_median_amo3', '30_lag_53_median_ismPRjja', '30_lag_34_median_nhTSjfm', '30_lag_42_median_neurTSjfm', '54_lag_traDP', '30_lag_57_median_nhSICsep', '30_lag_43_median_eapPSLjfm', '30_lag_32_median_nppc2SSTjfm', '37_lag_neurTSjfm', '46_lag_traFB', '39_lag_traEC', '30_lag_stratZ50ndj02', '30_lag_54_median_traFB', '59_lag_mhfATL60', '30_lag_50_median_tripol2', '45_lag_arcTSjfm', '30_lag_59_median_tripol3', '36_lag_traIFC', '30_lag_50_median_shTSjfm', '30_lag_45_median_arcTSjfm', '59_lag_amo1', '44_lag_atlSICsep']","[1.3054943597136983, 4.186985574626203, 3.7628697341635053, 2.327383710794585, 5.520835773125583, 2.7734757105647407, 7.966936040202903, 4.88503330031498, 0.8231644326468928, 6.810771266965547, 5.719676722520601, 0.9664692144546834, 6.048655286713888, 6.91498006735489, 6.567553955115956, 6.479176767209989, 8.926211396096342, 0.9341612442910101, 1.7866754938735738, 3.815084149542791, 0.8138751445102432, 4.5807172465114565, 5.881199213073083, 5.735886713795249, 2.4485000666953205, 0.6922163722277297, 5.055909696933881, 0.21881736138777974, 4.995924670107122, 1.8640071482506428]","47_lag_nhTSjfm, 35_lag_mhfATL45, 30_lag_59_median_stratZ50ndj01, 30_lag_49_median_scpPSLjfm, 30_lag_52_median_ismPRjja, 30_lag_31_median_ismPRjja, 37_lag_traFS, 30_lag_46_median_amo1, 30_lag_45_median_amo3, 30_lag_53_median_ismPRjja, 30_lag_34_median_nhTSjfm, 30_lag_42_median_neurTSjfm, 54_lag_traDP, 30_lag_57_median_nhSICsep, 30_lag_43_median_eapPSLjfm, 30_lag_32_median_nppc2SSTjfm, 37_lag_neurTSjfm, 46_lag_traFB, 39_lag_traEC, 30_lag_stratZ50ndj02, 30_lag_54_median_traFB, 59_lag_mhfATL60, 30_lag_50_median_tripol2, 45_lag_arcTSjfm, 30_lag_59_median_tripol3, 36_lag_traIFC, 30_lag_50_median_shTSjfm, 30_lag_45_median_arcTSjfm, 59_lag_amo1, 44_lag_atlSICsep_3835_30"
LRforcedPSO,46,30,traEC,slow,912.5,2005.5,0.4,61,31,31,25.411871495025874,-0.016300301499470374,3835,"['31_lag_48_median_nhSICjfm', '31_lag_59_median_traIT', '31_lag_51_median_traCA', '31_lag_49_median_eapPSLjfm', '40_lag_nhSICjfm', '31_lag_46_median_tripol1', '31_lag_54_median_alpi', '57_lag_traIT', '56_lag_gyreSSTjfm', '31_lag_46_median_nppc3SSTjfm', '31_lag_43_median_atlSICsep', '31_lag_44_median_gyreSSTjfm', '32_lag_nppc2SSTjfm', '31_lag_traCA', '31_lag_41_median_seurTSjfm', '58_lag_gyreSSTjfm', '31_lag_55_median_naoPSLjfm', '31_lag_37_median_tripol3', '31_lag_58_median_nhSICsep', '53_lag_arcTSjfm', '31_lag_55_median_traIT', '31_lag_36_median_eapPSLjfm', '31_lag_58_median_amo3', '31_lag_traFS', '31_lag_35_median_nppc3SSTjfm', '31_lag_39_median_stratZ50ndj03', '31_lag_57_median_arcTSjfm', '31_lag_54_median_traDS', '35_lag_nhTSjfm', '52_lag_seurTSjfm']","[7.101660700747841, 1.6223902680251072, 9.144515545786549, 5.2461218114291075, 3.206209937779927, 5.2395826568843145, 8.25530050108458, 0.3480988006580059, 4.379652768538842, 4.77768382557783, 0.633009565600311, 0.7987787268886279, 5.648778098148764, 9.347895003671102, 2.7853865029728775, 0.6229600652317586, 0.6895429500120862, 0.024955357480285656, 9.493088551264265, 4.140303996183858, 6.946123647838981, 6.649783353255527, 6.305570985293986, 7.2207736224843515, 0.14667615039285664, 0.11267592735592658, 7.202944233567049, 3.8899988526482554, 0.40738456246537424, 1.0093920260579488]","31_lag_48_median_nhSICjfm, 31_lag_59_median_traIT, 31_lag_51_median_traCA, 31_lag_49_median_eapPSLjfm, 40_lag_nhSICjfm, 31_lag_46_median_tripol1, 31_lag_54_median_alpi, 57_lag_traIT, 56_lag_gyreSSTjfm, 31_lag_46_median_nppc3SSTjfm, 31_lag_43_median_atlSICsep, 31_lag_44_median_gyreSSTjfm, 32_lag_nppc2SSTjfm, 31_lag_traCA, 31_lag_41_median_seurTSjfm, 58_lag_gyreSSTjfm, 31_lag_55_median_naoPSLjfm, 31_lag_37_median_tripol3, 31_lag_58_median_nhSICsep, 53_lag_arcTSjfm, 31_lag_55_median_traIT, 31_lag_36_median_eapPSLjfm, 31_lag_58_median_amo3, 31_lag_traFS, 31_lag_35_median_nppc3SSTjfm, 31_lag_39_median_stratZ50ndj03, 31_lag_57_median_arcTSjfm, 31_lag_54_median_traDS, 35_lag_nhTSjfm, 52_lag_seurTSjfm_3835_31"
LRforcedPSO,47,30,traEC,slow,913.5,2005.5,0.4,62,32,32,25.32431724756481,-0.053225905317397876,3835,"['32_lag_43_median_amo3', '32_lag_60_median_traBO', '32_lag_35_median_eapPSLjfm', '35_lag_nhSICsep', '32_lag_60_median_yrvPRjja', '49_lag_traEU', '32_lag_61_median_naoPSLjfm', '47_lag_shSICmar', '32_lag_41_median_nppc2SSTjfm', '36_lag_traIFC', '38_lag_AMOCann', '32_lag_54_median_traBO', '50_lag_shSICmar', '42_lag_stratZ50ndj01', '58_lag_shTSjfm', '39_lag_traFSC', '45_lag_atlSICsep', '56_lag_amo1', '43_lag_traFSC', '55_lag_ginwSSTjfm', '53_lag_seurTSjfm', '32_lag_34_median_glomaSSTjfm', '32_lag_39_median_traWP', '40_lag_traIFC', '37_lag_atlSICjfm', '32_lag_37_median_ginwSSTjfm', '32_lag_56_median_traDS', '57_lag_wnorPRjfm', '32_lag_59_median_traFB', '32_lag_59_median_solFORC']","[8.347777120224134, 3.1340216621558152, 7.899392082455645, 2.141125046044743, 2.7646424892487254, 2.9974701451831454, 6.078032500379095, 2.5840191587255124, 4.2313892410687775, 6.44926333979873, 0.7646065411557217, 8.313277232949432, 3.268072840892051, 1.6277777203255432, 6.1959650100601475, 8.320842406652847, 1.7223599463024577, 0.14831318936775162, 2.9261911872007484, 6.89110226885532, 2.649338095297562, 0.5724770726330242, 8.760115244028114, 2.2660842502715184, 5.790975062755816, 1.3079345519987147, 1.227129090679755, 3.1131774123935543, 3.4656859464526963, 9.549059687790262]","32_lag_43_median_amo3, 32_lag_60_median_traBO, 32_lag_35_median_eapPSLjfm, 35_lag_nhSICsep, 32_lag_60_median_yrvPRjja, 49_lag_traEU, 32_lag_61_median_naoPSLjfm, 47_lag_shSICmar, 32_lag_41_median_nppc2SSTjfm, 36_lag_traIFC, 38_lag_AMOCann, 32_lag_54_median_traBO, 50_lag_shSICmar, 42_lag_stratZ50ndj01, 58_lag_shTSjfm, 39_lag_traFSC, 45_lag_atlSICsep, 56_lag_amo1, 43_lag_traFSC, 55_lag_ginwSSTjfm, 53_lag_seurTSjfm, 32_lag_34_median_glomaSSTjfm, 32_lag_39_median_traWP, 40_lag_traIFC, 37_lag_atlSICjfm, 32_lag_37_median_ginwSSTjfm, 32_lag_56_median_traDS, 57_lag_wnorPRjfm, 32_lag_59_median_traFB, 32_lag_59_median_solFORC_3835_32"
LRforcedPSO,48,30,traEC,slow,914.5,2005.5,0.4,63,33,33,23.150915712868315,-0.009590381258599096,3835,"['33_lag_50_median_labSSTjfm', '34_lag_naoPSLjfm', '50_lag_AMOCann', '33_lag_neurTSjfm', '33_lag_43_median_pdoSSTjfm', '61_lag_shTSjfm', '52_lag_amo3', '36_lag_naoPSLjfm', '33_lag_48_median_traCA', '33_lag_traDP', '58_lag_gyreSSTjfm', '54_lag_samPSLann', '33_lag_36_median_traBS', '49_lag_arcTSjfm', '60_lag_ginwSSTjfm', '33_lag_44_median_eapPSLjfm', '41_lag_stratZ50ndj01', '56_lag_tripol1', '33_lag_62_median_AMOCann', '33_lag_48_median_mhfATL45', '37_lag_tripol3', '45_lag_amo2', '46_lag_shSICmar', '33_lag_52_median_nppc2SSTjfm', '33_lag_59_median_wnorPRjfm', '54_lag_traIFC', '33_lag_55_median_traWP', '33_lag_49_median_gyreSSTjfm', '33_lag_53_median_traCA', '33_lag_54_median_alpi']","[9.386966042869652, 3.505258095461919, 2.2520963396303557, 8.53841174683086, 2.2300690416356233, 6.607834999224671, 0.18628731547316946, 2.15564866328328, 4.504541503744148, 1.2108868850801322, 2.2777027390377285, 6.581903473348252, 4.820962210989478, 3.2352422012070665, 0.5618506938358578, 5.170918317470948, 2.100198950741106, 5.703826197945993, 8.090263332808203, 1.161689142294236, 5.750856491053542, 4.878396771964426, 5.078697304744377, 0.7736815784089384, 7.38112471713142, 0.13862438433200808, 5.604493872043808, 6.677574250873109, 0.503442532897246, 4.054798877539056]","33_lag_50_median_labSSTjfm, 34_lag_naoPSLjfm, 50_lag_AMOCann, 33_lag_neurTSjfm, 33_lag_43_median_pdoSSTjfm, 61_lag_shTSjfm, 52_lag_amo3, 36_lag_naoPSLjfm, 33_lag_48_median_traCA, 33_lag_traDP, 58_lag_gyreSSTjfm, 54_lag_samPSLann, 33_lag_36_median_traBS, 49_lag_arcTSjfm, 60_lag_ginwSSTjfm, 33_lag_44_median_eapPSLjfm, 41_lag_stratZ50ndj01, 56_lag_tripol1, 33_lag_62_median_AMOCann, 33_lag_48_median_mhfATL45, 37_lag_tripol3, 45_lag_amo2, 46_lag_shSICmar, 33_lag_52_median_nppc2SSTjfm, 33_lag_59_median_wnorPRjfm, 54_lag_traIFC, 33_lag_55_median_traWP, 33_lag_49_median_gyreSSTjfm, 33_lag_53_median_traCA, 33_lag_54_median_alpi_3835_33"
LRforcedPSO,49,30,traEC,slow,915.5,2005.5,0.4,64,34,34,22.65448399483528,0.04128917899437342,3835,"['34_lag_50_median_gyreSSTjfm', '34_lag_38_median_nhSICjfm', '54_lag_mhfIP30', '36_lag_nhSICjfm', '40_lag_traWP', '52_lag_glomaSSTjfm', '40_lag_naoPSLjfm', '34_lag_41_median_traEU', '36_lag_tripol1', '34_lag_56_median_traFB', '55_lag_eapPSLjfm', '34_lag_61_median_shTSjfm', '34_lag_47_median_neurTSjfm', '34_lag_46_median_tripol1', '54_lag_ismPRjja', '34_lag_62_median_mhfATL60', '34_lag_49_median_traDS', '51_lag_ginwSSTjfm', '45_lag_ismPRjja', '55_lag_traBS', '34_lag_58_median_ginwSSTjfm', '34_lag_63_median_nhTSjfm', '41_lag_shSICmar', '34_lag_53_median_alpi', '34_lag_44_median_nhSICjfm', '54_lag_glTSjfm', '46_lag_eapPSLjfm', '46_lag_traEU', '34_lag_50_median_traTLS', '42_lag_pdoSSTjfm']","[5.54545693321848, 4.92483167706655, 0.6841082763219024, 8.63981339842741, 3.926915877688497, 4.7207725203563555, 7.147167555208231, 0.7331577968923284, 1.4786631285589653, 7.489380385472494, 4.872644766710077, 2.404373499259476, 3.416260892851472, 3.7217137374455795, 8.920318358162032, 0.6136077477857622, 4.58748986819087, 8.2342567247557, 8.358340399434478, 4.488240066659488, 3.6158360829206586, 2.5915938702917174, 0.26436517228019873, 5.117566233562705, 9.998131921811279, 0.5401325227739697, 1.6646661869905302, 2.94297115153463, 3.573215556252558, 1.192024496673552]","34_lag_50_median_gyreSSTjfm, 34_lag_38_median_nhSICjfm, 54_lag_mhfIP30, 36_lag_nhSICjfm, 40_lag_traWP, 52_lag_glomaSSTjfm, 40_lag_naoPSLjfm, 34_lag_41_median_traEU, 36_lag_tripol1, 34_lag_56_median_traFB, 55_lag_eapPSLjfm, 34_lag_61_median_shTSjfm, 34_lag_47_median_neurTSjfm, 34_lag_46_median_tripol1, 54_lag_ismPRjja, 34_lag_62_median_mhfATL60, 34_lag_49_median_traDS, 51_lag_ginwSSTjfm, 45_lag_ismPRjja, 55_lag_traBS, 34_lag_58_median_ginwSSTjfm, 34_lag_63_median_nhTSjfm, 41_lag_shSICmar, 34_lag_53_median_alpi, 34_lag_44_median_nhSICjfm, 54_lag_glTSjfm, 46_lag_eapPSLjfm, 46_lag_traEU, 34_lag_50_median_traTLS, 42_lag_pdoSSTjfm_3835_34"
LRforcedPSO,50,30,traEC,slow,916.5,2005.5,0.4,65,35,35,29.17978300663634,-0.10078030851072108,3835,"['54_lag_amo3', '35_lag_40_median_wnorPRjfm', '53_lag_nchinaPRjja', '63_lag_naoPSLjfm', '62_lag_glomaSSTjfm', '35_lag_eapPSLjfm', '35_lag_43_median_mhfATL60', '37_lag_nhSICsep', '35_lag_49_median_ormenSSTjfm', '53_lag_traDS', '37_lag_tripol1', '35_lag_41_median_stratZ50ndj04', '35_lag_48_median_ginwSSTjfm', '35_lag_49_median_ginwSSTjfm', '59_lag_solFORC', '63_lag_traEU', '54_lag_traFB', '35_lag_53_median_stratZ50ndj04', '50_lag_arcTSjfm', '58_lag_traCA', '54_lag_labSSTjfm', '40_lag_eapPSLjfm', '60_lag_traFSC', '35_lag_45_median_amo2', '35_lag_55_median_shSICmar', '36_lag_mhfATL45', '59_lag_amo3', '61_lag_traDS', '35_lag_56_median_labSSTjfm', '43_lag_traIT']","[0.8838332218527682, 9.085768395753227, 5.1667612064147335, 3.2805145738960872, 6.039985308672268, 8.05008084396841, 2.396630811003476, 8.219644615461677, 3.8001863512400043, 0.7710523371005511, 1.769832003901886, 4.567108235562392, 3.624941039422991, 5.567630304876758, 1.415766708343435, 0.5933014094655249, 8.72802893367854, 2.3660912985358307, 1.9994616543055255, 2.8587874412604357, 4.02083483589511, 0.7012606115236668, 7.106202783380404, 7.412096550267037, 1.8567533451522316, 2.7514277399519216, 9.952432676546163, 0.3419384072363165, 5.431979149400929, 7.974101956234691]","54_lag_amo3, 35_lag_40_median_wnorPRjfm, 53_lag_nchinaPRjja, 63_lag_naoPSLjfm, 62_lag_glomaSSTjfm, 35_lag_eapPSLjfm, 35_lag_43_median_mhfATL60, 37_lag_nhSICsep, 35_lag_49_median_ormenSSTjfm, 53_lag_traDS, 37_lag_tripol1, 35_lag_41_median_stratZ50ndj04, 35_lag_48_median_ginwSSTjfm, 35_lag_49_median_ginwSSTjfm, 59_lag_solFORC, 63_lag_traEU, 54_lag_traFB, 35_lag_53_median_stratZ50ndj04, 50_lag_arcTSjfm, 58_lag_traCA, 54_lag_labSSTjfm, 40_lag_eapPSLjfm, 60_lag_traFSC, 35_lag_45_median_amo2, 35_lag_55_median_shSICmar, 36_lag_mhfATL45, 59_lag_amo3, 61_lag_traDS, 35_lag_56_median_labSSTjfm, 43_lag_traIT_3835_35"
LRforcedPSO,51,30,traEC,slow,917.5,2005.5,0.4,66,36,36,23.93519154132137,0.04159295691161866,3835,"['62_lag_nchinaPRjja', '36_lag_60_median_traBO', '42_lag_atlSICjfm', '36_lag_59_median_labSSTjfm', '36_lag_37_median_nchinaPRjja', '36_lag_48_median_mhfATL60', '50_lag_amo3', '36_lag_48_median_solFORC', '36_lag_64_median_ginwSSTjfm', '36_lag_65_median_traIFC', '36_lag_41_median_atlSICjfm', '39_lag_gyreSSTjfm', '36_lag_57_median_traBS', '36_lag_37_median_tripol3', '36_lag_48_median_mhfATL45', '36_lag_57_median_nhTSjfm', '36_lag_38_median_seurTSjfm', '41_lag_arcTSjfm', '36_lag_57_median_eapPSLjfm', '54_lag_traWP', '36_lag_39_median_traEC', '36_lag_46_median_tripol2', '36_lag_40_median_glomaSSTjfm', '38_lag_traFB', '61_lag_tripol3', '62_lag_scpPSLjfm', '36_lag_48_median_gyreSSTjfm', '36_lag_39_median_glomaSSTjfm', '46_lag_shSICsep', '52_lag_traIT']","[2.755150554777128, 2.6412981029997056, 4.8029012656791785, 4.934863805222001, 0.34293030916870926, 9.422682906077096, 4.72742072301369, 6.794110244372069, 0.5703015846980648, 0.10476096509828459, 2.5585653711430982, 0.0027035873856302572, 6.435144348167934, 8.892137086613793, 6.811310879082231, 7.165169875409685, 0.16740017834694498, 5.295597107454116, 2.678067067947252, 4.777708665767912, 3.4786756457889396, 2.62718689560997, 1.7382805816310025, 3.9235993930408934, 0.3145808439634976, 2.8691080794799735, 7.891968649746735, 6.488872735570663, 0.9368040395986448, 5.757764401084719]","62_lag_nchinaPRjja, 36_lag_60_median_traBO, 42_lag_atlSICjfm, 36_lag_59_median_labSSTjfm, 36_lag_37_median_nchinaPRjja, 36_lag_48_median_mhfATL60, 50_lag_amo3, 36_lag_48_median_solFORC, 36_lag_64_median_ginwSSTjfm, 36_lag_65_median_traIFC, 36_lag_41_median_atlSICjfm, 39_lag_gyreSSTjfm, 36_lag_57_median_traBS, 36_lag_37_median_tripol3, 36_lag_48_median_mhfATL45, 36_lag_57_median_nhTSjfm, 36_lag_38_median_seurTSjfm, 41_lag_arcTSjfm, 36_lag_57_median_eapPSLjfm, 54_lag_traWP, 36_lag_39_median_traEC, 36_lag_46_median_tripol2, 36_lag_40_median_glomaSSTjfm, 38_lag_traFB, 61_lag_tripol3, 62_lag_scpPSLjfm, 36_lag_48_median_gyreSSTjfm, 36_lag_39_median_glomaSSTjfm, 46_lag_shSICsep, 52_lag_traIT_3835_36"
LRforcedPSO,52,30,traEC,slow,918.5,2005.5,0.4,67,37,37,28.13022434280162,-0.04413579502510345,3835,"['37_lag_39_median_labSSTjfm', '62_lag_shSICsep', '37_lag_40_median_traIT', '37_lag_49_median_ginwSSTjfm', '47_lag_eapPSLjfm', '37_lag_53_median_traBS', '54_lag_glTSjfm', '37_lag_38_median_ginwSSTjfm', '37_lag_66_median_seurTSjfm', '37_lag_49_median_stratZ50ndj03', '37_lag_53_median_amoSSTmjjaso', '37_lag_51_median_amoSSTmjjaso', '63_lag_amo3', '37_lag_63_median_traFB', '37_lag_59_median_pdoSSTjfm', '37_lag_ormenSSTjfm', '53_lag_cetTSjfm', '37_lag_39_median_stratZ50ndj03', '49_lag_ormenSSTjfm', '53_lag_traDS', '37_lag_51_median_yrvPRjja', '37_lag_52_median_traIT', '50_lag_ginwSSTjfm', '43_lag_traWP', '37_lag_51_median_naoPSLjfm', '54_lag_amo1', '49_lag_traDS', '62_lag_arcTSjfm', '40_lag_nppc2SSTjfm', '37_lag_62_median_traBS']","[6.829650908659712, 2.515404892451487, 5.412141939268221, 6.526678597929017, 1.362151502471054, 6.592821027521261, 9.416328628997647, 0.33654675833893677, 7.0319060743876705, 4.444732898949577, 5.693431195680711, 5.066236969064375, 1.0580390052124233, 5.829259295795719, 5.622529503451621, 1.6846107101700483, 0.7309368151924662, 2.4223644531720705, 3.8453442056749196, 1.0419813684453398, 3.685016219282007, 6.818985065622918, 1.4513582758809118, 1.6394633983907028, 8.041737746556098, 8.07995654363441, 1.8980025179367903, 5.104080605190752, 1.0577073106353154, 0.6141397528786499]","37_lag_39_median_labSSTjfm, 62_lag_shSICsep, 37_lag_40_median_traIT, 37_lag_49_median_ginwSSTjfm, 47_lag_eapPSLjfm, 37_lag_53_median_traBS, 54_lag_glTSjfm, 37_lag_38_median_ginwSSTjfm, 37_lag_66_median_seurTSjfm, 37_lag_49_median_stratZ50ndj03, 37_lag_53_median_amoSSTmjjaso, 37_lag_51_median_amoSSTmjjaso, 63_lag_amo3, 37_lag_63_median_traFB, 37_lag_59_median_pdoSSTjfm, 37_lag_ormenSSTjfm, 53_lag_cetTSjfm, 37_lag_39_median_stratZ50ndj03, 49_lag_ormenSSTjfm, 53_lag_traDS, 37_lag_51_median_yrvPRjja, 37_lag_52_median_traIT, 50_lag_ginwSSTjfm, 43_lag_traWP, 37_lag_51_median_naoPSLjfm, 54_lag_amo1, 49_lag_traDS, 62_lag_arcTSjfm, 40_lag_nppc2SSTjfm, 37_lag_62_median_traBS_3835_37"
LRforcedPSO,53,30,traEC,slow,919.5,2005.5,0.4,68,38,38,25.32481972473519,-0.043402975988044296,3835,"['49_lag_AMOCann', '38_lag_47_median_AMOCann', '51_lag_stratZ50ndj02', '38_lag_60_median_eapPSLjfm', '61_lag_eurPSLjfm', '64_lag_amo1', '38_lag_67_median_nppc2SSTjfm', '38_lag_65_median_traEC', '42_lag_stratZ50ndj02', '38_lag_56_median_tripol3', '38_lag_41_median_traTLS', '38_lag_51_median_traFS', '39_lag_atlSICsep', '56_lag_AMOCann', '38_lag_54_median_traBS', '38_lag_61_median_scpPSLjfm', '39_lag_traDS', '47_lag_traEU', '38_lag_54_median_nppc3SSTjfm', '66_lag_stratZ50ndj03', '38_lag_44_median_wnorPRjfm', '66_lag_arcTSjfm', '38_lag_42_median_amoSSTmjjaso', '38_lag_46_median_AMOCann', '52_lag_yrvPRjja', '38_lag_64_median_eurPSLjfm', '48_lag_traCA', '38_lag_59_median_nppc2SSTjfm', '44_lag_nppc3SSTjfm', '38_lag_50_median_alpi']","[3.1094278087410423, 0.8738506892184965, 3.113740055074061, 1.170234371816644, 2.445775805210994, 4.557600876396023, 5.618061793358642, 4.658631552345211, 8.311330079841461, 0.19554846765516842, 2.499077222323174, 1.61043342632356, 1.3060704735486972, 6.217488861874281, 0.512469692094955, 1.8970896202591643, 3.136855719895757, 4.4181911766271575, 2.775691587147091, 5.229581284503042, 1.167350525513255, 7.965535445418816, 5.036940117859102, 5.071248201553528, 0.6866876447162813, 6.736145784757193, 2.5638590197191258, 2.135710505629156, 2.656727489224977, 8.171504117365036]","49_lag_AMOCann, 38_lag_47_median_AMOCann, 51_lag_stratZ50ndj02, 38_lag_60_median_eapPSLjfm, 61_lag_eurPSLjfm, 64_lag_amo1, 38_lag_67_median_nppc2SSTjfm, 38_lag_65_median_traEC, 42_lag_stratZ50ndj02, 38_lag_56_median_tripol3, 38_lag_41_median_traTLS, 38_lag_51_median_traFS, 39_lag_atlSICsep, 56_lag_AMOCann, 38_lag_54_median_traBS, 38_lag_61_median_scpPSLjfm, 39_lag_traDS, 47_lag_traEU, 38_lag_54_median_nppc3SSTjfm, 66_lag_stratZ50ndj03, 38_lag_44_median_wnorPRjfm, 66_lag_arcTSjfm, 38_lag_42_median_amoSSTmjjaso, 38_lag_46_median_AMOCann, 52_lag_yrvPRjja, 38_lag_64_median_eurPSLjfm, 48_lag_traCA, 38_lag_59_median_nppc2SSTjfm, 44_lag_nppc3SSTjfm, 38_lag_50_median_alpi_3835_38"
LRforcedPSO,54,30,traEC,slow,920.5,2005.5,0.4,69,39,39,22.509206567788134,-0.03266666942909297,3835,"['39_lag_63_median_nhSICjfm', '56_lag_stratZ50ndj01', '65_lag_amo3', '45_lag_nhSICsep', '45_lag_traIT', '48_lag_mhfATL45', '48_lag_eurPSLjfm', '39_lag_67_median_amoSSTmjjaso', '50_lag_traDS', '39_lag_48_median_atlSICjfm', '39_lag_62_median_atlSICjfm', '49_lag_atlSICsep', '39_lag_51_median_glTSjfm', '39_lag_47_median_shSICmar', '51_lag_satlSSTjfm', '54_lag_glomaSSTjfm', '40_lag_glomaSSTjfm', '39_lag_63_median_cetTSjfm', '55_lag_stratZ50ndj01', '44_lag_ormenSSTjfm', '48_lag_traIT', '39_lag_67_median_nhTSjfm', '62_lag_shTSjfm', '39_lag_53_median_traTLS', '43_lag_stratZ50ndj01', '52_lag_mhfATL45', '39_lag_60_median_naoPSLjfm', '39_lag_68_median_neurTSjfm', '39_lag_65_median_amo2', '53_lag_traEU']","[2.358892764922045, 9.257136312016653, 0.7459802153108512, 5.477169918862021, 4.800396400929614, 0.24898055040099365, 1.5367225511022617, 9.543156820193648, 5.583531922432881, 3.285353855399549, 0.0009531440156571591, 2.997966610377885, 0.46240739344523263, 9.81598190863805, 5.708933634198111, 3.2734686542985214, 1.5129107370268091, 3.786354204530335, 3.559947192712074, 1.1728872110800648, 6.0200158690829255, 3.6543782075933695, 7.825887826465841, 3.337513192618557, 6.7569075139978025, 2.533349400195812, 3.7041333520303983, 0.39378253315724976, 2.108409878563048, 5.7310228396646075]","39_lag_63_median_nhSICjfm, 56_lag_stratZ50ndj01, 65_lag_amo3, 45_lag_nhSICsep, 45_lag_traIT, 48_lag_mhfATL45, 48_lag_eurPSLjfm, 39_lag_67_median_amoSSTmjjaso, 50_lag_traDS, 39_lag_48_median_atlSICjfm, 39_lag_62_median_atlSICjfm, 49_lag_atlSICsep, 39_lag_51_median_glTSjfm, 39_lag_47_median_shSICmar, 51_lag_satlSSTjfm, 54_lag_glomaSSTjfm, 40_lag_glomaSSTjfm, 39_lag_63_median_cetTSjfm, 55_lag_stratZ50ndj01, 44_lag_ormenSSTjfm, 48_lag_traIT, 39_lag_67_median_nhTSjfm, 62_lag_shTSjfm, 39_lag_53_median_traTLS, 43_lag_stratZ50ndj01, 52_lag_mhfATL45, 39_lag_60_median_naoPSLjfm, 39_lag_68_median_neurTSjfm, 39_lag_65_median_amo2, 53_lag_traEU_3835_39"
LRforcedPSO,55,30,traEC,slow,921.5,2005.5,0.4,70,40,40,25.5949469441563,-0.011812861153069008,3835,"['43_lag_neurTSjfm', '40_lag_55_median_traIFC', '53_lag_shSICmar', '40_lag_62_median_shSICsep', '40_lag_42_median_wnorPRjfm', '64_lag_yrvPRjja', '65_lag_atlSICjfm', '44_lag_amoSSTmjjaso', '40_lag_56_median_alpi', '40_lag_47_median_wnorPRjfm', '40_lag_45_median_tripol1', '62_lag_yrvPRjja', '40_lag_64_median_nppc2SSTjfm', '50_lag_ensoSSTjfm', '61_lag_traEU', '64_lag_traBO', '60_lag_glomaSSTjfm', '42_lag_traDS', '40_lag_64_median_nhSICjfm', '40_lag_48_median_scpPSLjfm', '55_lag_seurTSjfm', '50_lag_traBS', '40_lag_56_median_amo2', '40_lag_43_median_traBO', '40_lag_61_median_traEC', '61_lag_cetTSjfm', '40_lag_43_median_stratZ50ndj04', '55_lag_nhSICjfm', '63_lag_amo2', '40_lag_45_median_nppc3SSTjfm']","[3.453809891896931, 3.956378349066827, 6.384735077076698, 2.0280253389960095, 1.5546032528619946, 4.823080757575067, 3.3761451310288386, 2.31871606656407, 3.9769792669507398, 4.725698555191979, 7.243054840048608, 7.8188284703880555, 6.876456787046161, 7.323757084043244, 3.7234454227172353, 3.6661863796351426, 2.4969675538998004, 5.855218402498014, 6.918478241878873, 2.4264934982752173, 0.7075115022058682, 6.028559323540259, 0.553770564836757, 5.740743711938618, 3.911333985246703, 7.8711282844856605, 7.403414867936323, 2.946603029455699, 8.334930105450077, 2.226876695849306]","43_lag_neurTSjfm, 40_lag_55_median_traIFC, 53_lag_shSICmar, 40_lag_62_median_shSICsep, 40_lag_42_median_wnorPRjfm, 64_lag_yrvPRjja, 65_lag_atlSICjfm, 44_lag_amoSSTmjjaso, 40_lag_56_median_alpi, 40_lag_47_median_wnorPRjfm, 40_lag_45_median_tripol1, 62_lag_yrvPRjja, 40_lag_64_median_nppc2SSTjfm, 50_lag_ensoSSTjfm, 61_lag_traEU, 64_lag_traBO, 60_lag_glomaSSTjfm, 42_lag_traDS, 40_lag_64_median_nhSICjfm, 40_lag_48_median_scpPSLjfm, 55_lag_seurTSjfm, 50_lag_traBS, 40_lag_56_median_amo2, 40_lag_43_median_traBO, 40_lag_61_median_traEC, 61_lag_cetTSjfm, 40_lag_43_median_stratZ50ndj04, 55_lag_nhSICjfm, 63_lag_amo2, 40_lag_45_median_nppc3SSTjfm_3835_40"
LRforcedPSO,56,30,traEC,slow,922.5,2005.5,0.4,71,41,41,23.1051362837353,0.026485072378544895,3835,"['61_lag_shSICsep', '41_lag_69_median_wnorPRjfm', '59_lag_glomaSSTjfm', '46_lag_ismPRjja', '41_lag_59_median_yrvPRjja', '41_lag_52_median_traIT', '45_lag_scpPSLjfm', '41_lag_57_median_traTLS', '41_lag_67_median_atlSICjfm', '70_lag_ensoSSTjfm', '41_lag_53_median_tripol2', '53_lag_nppc3SSTjfm', '41_lag_shSICsep', '53_lag_traTLS', '41_lag_60_median_traFSC', '41_lag_49_median_mhfATL60', '41_lag_50_median_cetTSjfm', '70_lag_nchinaPRjja', '64_lag_neurTSjfm', '57_lag_stratZ50ndj04', '43_lag_stratZ50ndj03', '63_lag_AMOCann', '65_lag_nhSICsep', '45_lag_shSICsep', '64_lag_traIFC', '48_lag_traEU', '53_lag_stratZ50ndj01', '65_lag_nppc3SSTjfm', '41_lag_63_median_traMC', '41_lag_67_median_traTLS']","[7.007992907664756, 8.747268353220463, 9.153913984256693, 0.48568882581336226, 3.4269831078788737, 1.7705560785646455, 0.8766251613583531, 3.509908029828763, 2.6678833645466815, 1.9300019562115516, 0.5157897095878994, 4.759356951891258, 2.6399206199365306, 3.0325751562479315, 0.9200249727723246, 2.477175527191733, 7.760377316685769, 8.227719231694415, 2.088387903796251, 9.281963045122003, 0.1823800110421061, 2.247203377244203, 9.73663488631539, 3.9917312751991005, 5.814803368939838, 9.80907068527383, 1.9805182222497315, 1.8950921518777228, 3.4723128730356523, 0.3719704501184484]","61_lag_shSICsep, 41_lag_69_median_wnorPRjfm, 59_lag_glomaSSTjfm, 46_lag_ismPRjja, 41_lag_59_median_yrvPRjja, 41_lag_52_median_traIT, 45_lag_scpPSLjfm, 41_lag_57_median_traTLS, 41_lag_67_median_atlSICjfm, 70_lag_ensoSSTjfm, 41_lag_53_median_tripol2, 53_lag_nppc3SSTjfm, 41_lag_shSICsep, 53_lag_traTLS, 41_lag_60_median_traFSC, 41_lag_49_median_mhfATL60, 41_lag_50_median_cetTSjfm, 70_lag_nchinaPRjja, 64_lag_neurTSjfm, 57_lag_stratZ50ndj04, 43_lag_stratZ50ndj03, 63_lag_AMOCann, 65_lag_nhSICsep, 45_lag_shSICsep, 64_lag_traIFC, 48_lag_traEU, 53_lag_stratZ50ndj01, 65_lag_nppc3SSTjfm, 41_lag_63_median_traMC, 41_lag_67_median_traTLS_3835_41"
LRforcedPSO,57,30,traEC,slow,923.5,2005.5,0.4,72,42,42,23.449771110163734,0.014724882638562893,3835,"['62_lag_stratZ50ndj04', '42_lag_46_median_satlSSTjfm', '42_lag_66_median_neurTSjfm', '59_lag_nhSICjfm', '42_lag_46_median_AMOCann', '42_lag_43_median_naoPSLjfm', '42_lag_46_median_traEU', '42_lag_52_median_traIT', '71_lag_traDP', '71_lag_nppc3SSTjfm', '42_lag_47_median_traFSC', '42_lag_60_median_mhfIP30', '42_lag_71_median_pdoSSTjfm', '49_lag_eurPSLjfm', '42_lag_70_median_arcTSjfm', '42_lag_68_median_shSICsep', '42_lag_70_median_mhfIP30', '42_lag_51_median_traDS', '42_lag_51_median_glTSjfm', '46_lag_eapPSLjfm', '46_lag_pdoSSTjfm', '46_lag_traEC', '64_lag_traFS', '42_lag_61_median_nhSICsep', '53_lag_stratZ50ndj02', '42_lag_53_median_AMOCann', '50_lag_amo1', '50_lag_mhfATL60', '42_lag_66_median_eapPSLjfm', '42_lag_57_median_mhfATL60']","[0.7160718485525557, 4.511623513391408, 0.8696055594130101, 1.7590559933494205, 3.939587151917509, 2.794190188801956, 4.089123969655599, 7.874172962354137, 7.470010850179789, 5.209391135296812, 7.771784190686407, 0.8562754263762429, 0.06148903198158706, 0.34080125751928314, 4.150590761399863, 3.0744780794793076, 2.9489612478420852, 7.960629795177677, 1.3254313372514517, 4.79193196119332, 2.5361744995666724, 2.422855197197471, 9.993729921518447, 2.7621244136283316, 1.2704696002647538, 5.213165084518403, 4.921556402467843, 5.357446499697209, 3.429268770110978, 4.734230278345608]","62_lag_stratZ50ndj04, 42_lag_46_median_satlSSTjfm, 42_lag_66_median_neurTSjfm, 59_lag_nhSICjfm, 42_lag_46_median_AMOCann, 42_lag_43_median_naoPSLjfm, 42_lag_46_median_traEU, 42_lag_52_median_traIT, 71_lag_traDP, 71_lag_nppc3SSTjfm, 42_lag_47_median_traFSC, 42_lag_60_median_mhfIP30, 42_lag_71_median_pdoSSTjfm, 49_lag_eurPSLjfm, 42_lag_70_median_arcTSjfm, 42_lag_68_median_shSICsep, 42_lag_70_median_mhfIP30, 42_lag_51_median_traDS, 42_lag_51_median_glTSjfm, 46_lag_eapPSLjfm, 46_lag_pdoSSTjfm, 46_lag_traEC, 64_lag_traFS, 42_lag_61_median_nhSICsep, 53_lag_stratZ50ndj02, 42_lag_53_median_AMOCann, 50_lag_amo1, 50_lag_mhfATL60, 42_lag_66_median_eapPSLjfm, 42_lag_57_median_mhfATL60_3835_42"
LRforcedPSO,58,30,traEC,slow,924.5,2005.5,0.4,73,43,43,25.363697560714826,0.019082938814212313,3835,"['70_lag_shTSjfm', '43_lag_46_median_shSICsep', '43_lag_46_median_eurPSLjfm', '43_lag_53_median_shTSjfm', '43_lag_47_median_mhfATL60', '60_lag_satlSSTjfm', '43_lag_66_median_traMC', '43_lag_55_median_alpi', '50_lag_atlSICsep', '64_lag_atlSICjfm', '60_lag_traIFC', '43_lag_49_median_traEC', '43_lag_64_median_stratZ50ndj01', '50_lag_traFSC', '43_lag_51_median_traDS', '47_lag_scpPSLjfm', '56_lag_arcTSjfm', '43_lag_50_median_cetTSjfm', '43_lag_49_median_amoSSTmjjaso', '67_lag_traBS', '43_lag_ginwSSTjfm', '68_lag_traDS', '61_lag_labSSTjfm', '52_lag_glTSjfm', '50_lag_amo1', '58_lag_eapPSLjfm', '57_lag_amoSSTmjjaso', '43_lag_54_median_tripol1', '43_lag_47_median_atlSICsep', '43_lag_58_median_ensoSSTjfm']","[1.200935523359023, 9.26443584368332, 1.6861237376178533, 3.553163952394776, 5.924191744210887, 7.293094045000927, 5.9324613906845425, 0.7627539584264227, 5.054857677197187, 3.9177812231358207, 8.163876748680961, 2.9758665590507754, 4.404540781648112, 2.405835015628073, 4.589618021868289, 4.787398745797287, 6.652748621065143, 6.625018707757551, 1.5634209055031256, 1.2644407303295768, 1.4174772804044107, 7.138996090151537, 4.315397916750198, 1.7012131335091407, 2.7215861724842716, 0.9344628522223211, 5.908375083275455, 4.813168634314127, 1.960033821917266, 7.8724409574049]","70_lag_shTSjfm, 43_lag_46_median_shSICsep, 43_lag_46_median_eurPSLjfm, 43_lag_53_median_shTSjfm, 43_lag_47_median_mhfATL60, 60_lag_satlSSTjfm, 43_lag_66_median_traMC, 43_lag_55_median_alpi, 50_lag_atlSICsep, 64_lag_atlSICjfm, 60_lag_traIFC, 43_lag_49_median_traEC, 43_lag_64_median_stratZ50ndj01, 50_lag_traFSC, 43_lag_51_median_traDS, 47_lag_scpPSLjfm, 56_lag_arcTSjfm, 43_lag_50_median_cetTSjfm, 43_lag_49_median_amoSSTmjjaso, 67_lag_traBS, 43_lag_ginwSSTjfm, 68_lag_traDS, 61_lag_labSSTjfm, 52_lag_glTSjfm, 50_lag_amo1, 58_lag_eapPSLjfm, 57_lag_amoSSTmjjaso, 43_lag_54_median_tripol1, 43_lag_47_median_atlSICsep, 43_lag_58_median_ensoSSTjfm_3835_43"
LRforcedPSO,59,30,traEC,slow,925.5,2005.5,0.4,74,44,44,21.37756075540576,0.05545939467468394,3835,"['44_lag_67_median_nchinaPRjja', '68_lag_traEC', '44_lag_58_median_mhfIP30', '51_lag_mhfATL30', '64_lag_amoSSTmjjaso', '69_lag_traBS', '44_lag_60_median_traEU', '56_lag_glTSjfm', '44_lag_71_median_mhfATL30', '53_lag_nhSICjfm', '44_lag_50_median_pdoSSTjfm', '65_lag_mhfATL45', '70_lag_alpi', '47_lag_traWP', '44_lag_46_median_amo3', '65_lag_amo2', '70_lag_arcTSjfm', '44_lag_52_median_mhfIP30', '69_lag_mhfATL60', '62_lag_traFSC', '44_lag_50_median_eapPSLjfm', '44_lag_49_median_ormenSSTjfm', '44_lag_70_median_traFSC', '61_lag_yrvPRjja', '54_lag_traBO', '62_lag_gyreSSTjfm', '44_lag_56_median_seurTSjfm', '68_lag_traCA', '62_lag_alpi', '44_lag_70_median_samPSLann']","[2.9307253497128265, 3.1317599593528955, 4.674499685691787, 1.5970146149977857, 4.373187351644168, 9.900730071042474, 4.550601052737592, 1.742610328085572, 1.4419209344273725, 4.23287120822469, 0.9817836112388143, 7.941684653016242, 1.0741890317662666, 2.4524325103482543, 2.024265486167142, 0.18324796359386397, 7.389646793223125, 2.9239111532555455, 3.1679002943797174, 2.584782724330468, 7.096044692304351, 5.356708546386956, 1.9459964133182357, 7.917111392848767, 1.3912070063238922, 4.395219668221588, 3.044254006307991, 3.7385932995024334, 2.0354529215933574, 3.6705586026754755]","44_lag_67_median_nchinaPRjja, 68_lag_traEC, 44_lag_58_median_mhfIP30, 51_lag_mhfATL30, 64_lag_amoSSTmjjaso, 69_lag_traBS, 44_lag_60_median_traEU, 56_lag_glTSjfm, 44_lag_71_median_mhfATL30, 53_lag_nhSICjfm, 44_lag_50_median_pdoSSTjfm, 65_lag_mhfATL45, 70_lag_alpi, 47_lag_traWP, 44_lag_46_median_amo3, 65_lag_amo2, 70_lag_arcTSjfm, 44_lag_52_median_mhfIP30, 69_lag_mhfATL60, 62_lag_traFSC, 44_lag_50_median_eapPSLjfm, 44_lag_49_median_ormenSSTjfm, 44_lag_70_median_traFSC, 61_lag_yrvPRjja, 54_lag_traBO, 62_lag_gyreSSTjfm, 44_lag_56_median_seurTSjfm, 68_lag_traCA, 62_lag_alpi, 44_lag_70_median_samPSLann_3835_44"
LRforcedPSO,60,30,traEC,slow,926.5,2005.5,0.4,75,45,45,24.398246187644638,0.07942024847497728,3835,"['45_lag_49_median_traMC', '45_lag_48_median_stratZ50ndj01', '66_lag_seurTSjfm', '61_lag_traIFC', '45_lag_56_median_traWP', '45_lag_74_median_eurPSLjfm', '45_lag_61_median_tripol2', '45_lag_61_median_labSSTjfm', '45_lag_62_median_eapPSLjfm', '45_lag_58_median_ismPRjja', '66_lag_mhfATL60', '50_lag_nhSICjfm', '57_lag_tripol2', '45_lag_52_median_traTLS', '45_lag_57_median_tripol1', '67_lag_amoSSTmjjaso', '45_lag_70_median_amoSSTmjjaso', '52_lag_ormenSSTjfm', '46_lag_stratZ50ndj02', '52_lag_mhfIP30', '69_lag_traIT', '74_lag_shSICsep', '62_lag_wnorPRjfm', '51_lag_atlSICsep', '45_lag_73_median_labSSTjfm', '67_lag_amo2', '45_lag_59_median_atlSICsep', '47_lag_seurTSjfm', '68_lag_atlSICsep', '45_lag_67_median_traIT']","[1.483845102148866, 0.6867845061661981, 5.64456065073912, 8.207787911724406, 0.7209028288598311, 6.743689331706328, 3.5488852017199477, 1.8371116788489257, 2.6764926701725633, 3.8745433591260126, 1.3687570757916383, 9.164514302049653, 5.760535670584844, 1.1488331143137955, 9.225332860501362, 0.18633771726557846, 4.876986151042516, 6.895838052808814, 4.033779298181446, 0.31400639039076417, 0.7403615895965121, 0.41541698242921044, 7.007203506288025, 3.4338589619053117, 1.2851586960099741, 7.067938757189594, 5.4583954839362665, 3.6602181656279065, 3.693077287277731, 3.3025098183966684]","45_lag_49_median_traMC, 45_lag_48_median_stratZ50ndj01, 66_lag_seurTSjfm, 61_lag_traIFC, 45_lag_56_median_traWP, 45_lag_74_median_eurPSLjfm, 45_lag_61_median_tripol2, 45_lag_61_median_labSSTjfm, 45_lag_62_median_eapPSLjfm, 45_lag_58_median_ismPRjja, 66_lag_mhfATL60, 50_lag_nhSICjfm, 57_lag_tripol2, 45_lag_52_median_traTLS, 45_lag_57_median_tripol1, 67_lag_amoSSTmjjaso, 45_lag_70_median_amoSSTmjjaso, 52_lag_ormenSSTjfm, 46_lag_stratZ50ndj02, 52_lag_mhfIP30, 69_lag_traIT, 74_lag_shSICsep, 62_lag_wnorPRjfm, 51_lag_atlSICsep, 45_lag_73_median_labSSTjfm, 67_lag_amo2, 45_lag_59_median_atlSICsep, 47_lag_seurTSjfm, 68_lag_atlSICsep, 45_lag_67_median_traIT_3835_45"
LRforcedPSO,61,30,traEC,slow,927.5,2005.5,0.4,76,46,46,23.053783735099163,-0.02474982648690426,3835,"['46_lag_64_median_traFS', '50_lag_neurTSjfm', '62_lag_eurPSLjfm', '46_lag_50_median_seurTSjfm', '70_lag_nhSICsep', '64_lag_glomaSSTjfm', '56_lag_nhTSjfm', '65_lag_shTSjfm', '58_lag_stratZ50ndj04', '46_lag_62_median_pdoSSTjfm', '59_lag_ismPRjja', '73_lag_traMC', '47_lag_nppc2SSTjfm', '65_lag_ormenSSTjfm', '46_lag_74_median_mhfATL30', '57_lag_traBO', '46_lag_58_median_nchinaPRjja', '52_lag_solFORC', '46_lag_48_median_traMC', '51_lag_nchinaPRjja', '46_lag_59_median_amo3', '46_lag_48_median_scpPSLjfm', '46_lag_75_median_atlSICsep', '69_lag_neurTSjfm', '64_lag_nhTSjfm', '46_lag_48_median_eurPSLjfm', '68_lag_neurTSjfm', '47_lag_samPSLann', '54_lag_tripol3', '46_lag_stratZ50ndj03']","[3.567097799669609, 0.8833841142993961, 3.706100930029246, 0.468092267576651, 4.010743440185143, 4.557564042307003, 0.853552836817526, 1.8597056626348536, 0.5772414525760698, 0.5624054755344314, 3.0849184954019098, 3.614803612048325, 1.6841424838131402, 2.7587453832212745, 7.634716997309148, 5.291747796564124, 6.76779300369169, 4.291289776385824, 0.1502288802314098, 1.9007762205303802, 1.923811413984529, 4.742885393176836, 2.4364753036238262, 7.982240864077593, 8.963520858789536, 5.864505761052481, 0.8046292415546112, 5.337401742014867, 3.6963253347963985, 4.164013551986301]","46_lag_64_median_traFS, 50_lag_neurTSjfm, 62_lag_eurPSLjfm, 46_lag_50_median_seurTSjfm, 70_lag_nhSICsep, 64_lag_glomaSSTjfm, 56_lag_nhTSjfm, 65_lag_shTSjfm, 58_lag_stratZ50ndj04, 46_lag_62_median_pdoSSTjfm, 59_lag_ismPRjja, 73_lag_traMC, 47_lag_nppc2SSTjfm, 65_lag_ormenSSTjfm, 46_lag_74_median_mhfATL30, 57_lag_traBO, 46_lag_58_median_nchinaPRjja, 52_lag_solFORC, 46_lag_48_median_traMC, 51_lag_nchinaPRjja, 46_lag_59_median_amo3, 46_lag_48_median_scpPSLjfm, 46_lag_75_median_atlSICsep, 69_lag_neurTSjfm, 64_lag_nhTSjfm, 46_lag_48_median_eurPSLjfm, 68_lag_neurTSjfm, 47_lag_samPSLann, 54_lag_tripol3, 46_lag_stratZ50ndj03_3835_46"
LRforcedPSO,62,30,traEC,slow,928.5,2005.5,0.4,77,47,47,24.538939895587667,0.04630621085083167,3835,"['47_lag_71_median_traMC', '47_lag_53_median_traMC', '62_lag_nhSICsep', '47_lag_48_median_traCA', '51_lag_traWP', '65_lag_pdoSSTjfm', '47_lag_49_median_gyreSSTjfm', '61_lag_traCA', '47_lag_57_median_alpi', '47_lag_50_median_traWP', '47_lag_ensoSSTjfm', '55_lag_tripol3', '56_lag_mhfIP30', '58_lag_traFSC', '63_lag_neurTSjfm', '56_lag_traFSC', '47_lag_59_median_traFB', '55_lag_nppc2SSTjfm', '58_lag_ginwSSTjfm', '47_lag_63_median_labSSTjfm', '47_lag_49_median_traDP', '72_lag_traFS', '47_lag_56_median_traCA', '47_lag_56_median_eurPSLjfm', '48_lag_traFSC', '76_lag_traEC', '49_lag_traDS', '47_lag_62_median_solFORC', '63_lag_nhTSjfm', '47_lag_55_median_gyreSSTjfm']","[0.6259722228476008, 5.547375640144656, 5.407715591961482, 7.102456338436987, 3.6202152006596595, 8.988250640564852, 7.144115042283641, 6.289826087607762, 7.572386773715728, 1.3605370985637837, 1.1515648965248424, 2.0953643825325763, 5.053771799756355, 8.863005603925092, 4.80270358085602, 0.4686750168350855, 8.559877752693074, 7.913016070095931, 9.961451454344946, 5.132431472035803, 1.6357032059627912, 0.4210867137170702, 0.6034213882869857, 0.49899983132089787, 4.962673005791746, 8.436584850242877, 1.2795765238761376, 1.4582555322648627, 1.3435376613947767, 9.81888973460411]","47_lag_71_median_traMC, 47_lag_53_median_traMC, 62_lag_nhSICsep, 47_lag_48_median_traCA, 51_lag_traWP, 65_lag_pdoSSTjfm, 47_lag_49_median_gyreSSTjfm, 61_lag_traCA, 47_lag_57_median_alpi, 47_lag_50_median_traWP, 47_lag_ensoSSTjfm, 55_lag_tripol3, 56_lag_mhfIP30, 58_lag_traFSC, 63_lag_neurTSjfm, 56_lag_traFSC, 47_lag_59_median_traFB, 55_lag_nppc2SSTjfm, 58_lag_ginwSSTjfm, 47_lag_63_median_labSSTjfm, 47_lag_49_median_traDP, 72_lag_traFS, 47_lag_56_median_traCA, 47_lag_56_median_eurPSLjfm, 48_lag_traFSC, 76_lag_traEC, 49_lag_traDS, 47_lag_62_median_solFORC, 63_lag_nhTSjfm, 47_lag_55_median_gyreSSTjfm_3835_47"
LRforcedPSO,63,30,traEC,slow,929.5,2005.5,0.4,78,48,48,26.926929243506482,0.02128955241865094,3835,"['48_lag_50_median_traIFC', '48_lag_61_median_stratZ50ndj04', '48_lag_69_median_traIT', '48_lag_50_median_stratZ50ndj01', '48_lag_56_median_atlSICjfm', '48_lag_67_median_tripol3', '61_lag_stratZ50ndj01', '48_lag_75_median_traDP', '74_lag_traIT', '64_lag_stratZ50ndj01', '48_lag_62_median_seurTSjfm', '57_lag_wnorPRjfm', '75_lag_alpi', '74_lag_traDS', '75_lag_traEC', '48_lag_70_median_stratZ50ndj04', '67_lag_traFB', '48_lag_63_median_tripol2', '48_lag_56_median_traMC', '71_lag_pdoSSTjfm', '48_lag_49_median_scpPSLjfm', '56_lag_AMOCann', '48_lag_70_median_traFSC', '48_lag_traIFC', '48_lag_70_median_satlSSTjfm', '74_lag_eurPSLjfm', '60_lag_mhfATL60', '48_lag_69_median_traBS', '64_lag_ismPRjja', '48_lag_69_median_amo1']","[1.4039386432619558, 1.3909049811953107, 5.732798936806567, 0.4310976218300393, 6.842037396571222, 3.8142698548515135, 3.988901863463072, 7.024393557862712, 5.099147459235058, 5.038276007078014, 5.000396114066117, 2.770404294491806, 2.878346971181829, 2.171909104734338, 0.9891218194224614, 6.035315368900078, 5.072396003682693, 0.3781460619502326, 9.156318702795279, 1.5321765636842386, 6.196461414225261, 5.085056675319846, 4.130519702350024, 7.841287359040303, 2.6284795426658008, 6.90062809033569, 6.759431779302383, 1.9677810974485794, 4.353927916429878, 9.512371208029853]","48_lag_50_median_traIFC, 48_lag_61_median_stratZ50ndj04, 48_lag_69_median_traIT, 48_lag_50_median_stratZ50ndj01, 48_lag_56_median_atlSICjfm, 48_lag_67_median_tripol3, 61_lag_stratZ50ndj01, 48_lag_75_median_traDP, 74_lag_traIT, 64_lag_stratZ50ndj01, 48_lag_62_median_seurTSjfm, 57_lag_wnorPRjfm, 75_lag_alpi, 74_lag_traDS, 75_lag_traEC, 48_lag_70_median_stratZ50ndj04, 67_lag_traFB, 48_lag_63_median_tripol2, 48_lag_56_median_traMC, 71_lag_pdoSSTjfm, 48_lag_49_median_scpPSLjfm, 56_lag_AMOCann, 48_lag_70_median_traFSC, 48_lag_traIFC, 48_lag_70_median_satlSSTjfm, 74_lag_eurPSLjfm, 60_lag_mhfATL60, 48_lag_69_median_traBS, 64_lag_ismPRjja, 48_lag_69_median_amo1_3835_48"
LRforcedPSO,64,30,traEC,slow,930.5,2005.5,0.4,79,49,49,26.928468813771733,0.058689296671826326,3835,"['49_lag_55_median_cetTSjfm', '49_lag_54_median_alpi', '49_lag_59_median_seurTSjfm', '60_lag_wnorPRjfm', '49_lag_64_median_stratZ50ndj01', '49_lag_69_median_gyreSSTjfm', '49_lag_58_median_tripol3', '62_lag_traDS', '54_lag_traCA', '54_lag_tripol1', '75_lag_ginwSSTjfm', '49_lag_63_median_amo1', '49_lag_53_median_AMOCann', '49_lag_75_median_mhfATL60', '74_lag_ginwSSTjfm', '49_lag_62_median_yrvPRjja', '49_lag_64_median_mhfIP30', '57_lag_labSSTjfm', '49_lag_63_median_traFSC', '77_lag_tripol2', '64_lag_nhSICjfm', '70_lag_solFORC', '49_lag_54_median_tripol3', '69_lag_pdoSSTjfm', '49_lag_55_median_gyreSSTjfm', '70_lag_shSICmar', '49_lag_72_median_cetTSjfm', '66_lag_atlSICsep', '59_lag_samPSLann', '78_lag_ismPRjja']","[5.6125123606779415, 0.6946793906965496, 2.7511653371161096, 1.0641735812528612, 0.4494882266776301, 3.1340200585145244, 3.320381477322498, 4.3105786485241016, 6.119934822924396, 0.8853091860044628, 5.6631936551002156, 1.8626193128609998, 3.6209953012657987, 6.791467762500057, 1.0541365799274711, 0.1349866437257159, 3.7905959252094963, 6.852259166803487, 2.4707920212553365, 1.291009886830599, 1.2641184946438955, 2.9788090829907166, 2.4325706170686967, 3.8368652781835033, 4.122219147483193, 8.133451115120941, 7.4765472279643586, 7.8565818076417715, 4.350086764415927, 2.8231336559353224]","49_lag_55_median_cetTSjfm, 49_lag_54_median_alpi, 49_lag_59_median_seurTSjfm, 60_lag_wnorPRjfm, 49_lag_64_median_stratZ50ndj01, 49_lag_69_median_gyreSSTjfm, 49_lag_58_median_tripol3, 62_lag_traDS, 54_lag_traCA, 54_lag_tripol1, 75_lag_ginwSSTjfm, 49_lag_63_median_amo1, 49_lag_53_median_AMOCann, 49_lag_75_median_mhfATL60, 74_lag_ginwSSTjfm, 49_lag_62_median_yrvPRjja, 49_lag_64_median_mhfIP30, 57_lag_labSSTjfm, 49_lag_63_median_traFSC, 77_lag_tripol2, 64_lag_nhSICjfm, 70_lag_solFORC, 49_lag_54_median_tripol3, 69_lag_pdoSSTjfm, 49_lag_55_median_gyreSSTjfm, 70_lag_shSICmar, 49_lag_72_median_cetTSjfm, 66_lag_atlSICsep, 59_lag_samPSLann, 78_lag_ismPRjja_3835_49"
LRforcedPSO,65,30,traEC,slow,931.5,2005.5,0.4,80,50,50,24.310801019601346,0.007964208260771294,3835,"['50_lag_76_median_traDP', '50_lag_55_median_glomaSSTjfm', '50_lag_53_median_amo1', '50_lag_78_median_traWP', '53_lag_nhTSjfm', '68_lag_alpi', '68_lag_traFS', '54_lag_traCA', '50_lag_59_median_nhSICsep', '74_lag_samPSLann', '50_lag_70_median_nppc2SSTjfm', '62_lag_traTLS', '50_lag_61_median_mhfATL45', '52_lag_alpi', '50_lag_76_median_traFB', '50_lag_73_median_traCA', '77_lag_nppc3SSTjfm', '69_lag_traTLS', '66_lag_alpi', '51_lag_nhSICsep', '58_lag_satlSSTjfm', '50_lag_76_median_traEC', '50_lag_56_median_tripol1', '66_lag_traIT', '50_lag_67_median_samPSLann', '62_lag_alpi', '63_lag_glTSjfm', '73_lag_cetTSjfm', '69_lag_traDS', '50_lag_60_median_stratZ50ndj04']","[3.6961220855194235, 8.411569597867746, 4.579038437838538, 9.260538367773837, 1.496188813842954, 7.24058181760293, 4.60418721422614, 3.4029218549664053, 0.6967384818488949, 2.7943716379127936, 6.748691935133358, 6.637406727756168, 1.77422053873196, 7.521558176648327, 1.2569742468533605, 1.7711534876937343, 7.971428642767395, 6.7521963134647915, 1.0113925990479284, 3.510245508787233, 5.895837422475873, 1.099207160411206, 2.6374981393099457, 0.8061205400031106, 4.632030296539627, 1.4992849135995385, 0.48671089073654095, 3.5787840435230542, 1.4219382083339038, 7.3498711931296405]","50_lag_76_median_traDP, 50_lag_55_median_glomaSSTjfm, 50_lag_53_median_amo1, 50_lag_78_median_traWP, 53_lag_nhTSjfm, 68_lag_alpi, 68_lag_traFS, 54_lag_traCA, 50_lag_59_median_nhSICsep, 74_lag_samPSLann, 50_lag_70_median_nppc2SSTjfm, 62_lag_traTLS, 50_lag_61_median_mhfATL45, 52_lag_alpi, 50_lag_76_median_traFB, 50_lag_73_median_traCA, 77_lag_nppc3SSTjfm, 69_lag_traTLS, 66_lag_alpi, 51_lag_nhSICsep, 58_lag_satlSSTjfm, 50_lag_76_median_traEC, 50_lag_56_median_tripol1, 66_lag_traIT, 50_lag_67_median_samPSLann, 62_lag_alpi, 63_lag_glTSjfm, 73_lag_cetTSjfm, 69_lag_traDS, 50_lag_60_median_stratZ50ndj04_3835_50"
LRforcedPSO,66,30,traEC,slow,932.5,2005.5,0.4,81,51,51,28.314161586683277,-0.04782188213182711,3835,"['51_lag_79_median_stratZ50ndj04', '51_lag_55_median_neurTSjfm', '51_lag_73_median_tripol1', '57_lag_traEU', '51_lag_62_median_amo2', '51_lag_63_median_seurTSjfm', '51_lag_69_median_tripol2', '51_lag_64_median_pdoSSTjfm', '51_lag_80_median_stratZ50ndj01', '64_lag_amoSSTmjjaso', '75_lag_traFS', '51_lag_80_median_labSSTjfm', '51_lag_67_median_eurPSLjfm', '52_lag_traFSC', '52_lag_atlSICjfm', '51_lag_53_median_shTSjfm', '60_lag_mhfATL60', '51_lag_69_median_neurTSjfm', '51_lag_59_median_shTSjfm', '51_lag_traIT', '66_lag_solFORC', '61_lag_ismPRjja', '51_lag_76_median_shSICsep', '51_lag_64_median_traIT', '51_lag_76_median_seurTSjfm', '51_lag_75_median_labSSTjfm', '51_lag_77_median_mhfATL45', '77_lag_traWP', '79_lag_stratZ50ndj03', '51_lag_69_median_traCA']","[5.353457731567573, 0.037584275936710654, 5.4162066824243045, 1.5722630210359778, 3.5907425037586336, 5.644825819798649, 5.984493330797105, 8.375595252079364, 2.5204133073595125, 3.281536020101889, 4.120582467007619, 0.7712712233641525, 5.057281938223235, 1.4624916997706183, 0.7096185979504259, 9.43861871097927, 0.9172065902197808, 2.290583022365876, 4.516315369374844, 5.421858165648881, 8.663170170043959, 2.0933272817599384, 8.931684987555922, 7.491263137691984, 7.387456452773488, 1.5846041813189053, 7.575811351897787, 3.5327263467070242, 2.91526328744383, 9.419114486473148]","51_lag_79_median_stratZ50ndj04, 51_lag_55_median_neurTSjfm, 51_lag_73_median_tripol1, 57_lag_traEU, 51_lag_62_median_amo2, 51_lag_63_median_seurTSjfm, 51_lag_69_median_tripol2, 51_lag_64_median_pdoSSTjfm, 51_lag_80_median_stratZ50ndj01, 64_lag_amoSSTmjjaso, 75_lag_traFS, 51_lag_80_median_labSSTjfm, 51_lag_67_median_eurPSLjfm, 52_lag_traFSC, 52_lag_atlSICjfm, 51_lag_53_median_shTSjfm, 60_lag_mhfATL60, 51_lag_69_median_neurTSjfm, 51_lag_59_median_shTSjfm, 51_lag_traIT, 66_lag_solFORC, 61_lag_ismPRjja, 51_lag_76_median_shSICsep, 51_lag_64_median_traIT, 51_lag_76_median_seurTSjfm, 51_lag_75_median_labSSTjfm, 51_lag_77_median_mhfATL45, 77_lag_traWP, 79_lag_stratZ50ndj03, 51_lag_69_median_traCA_3835_51"
LRforcedPSO,67,30,traEC,slow,933.5,2005.5,0.4,82,52,52,25.023005001893463,-0.015426009547323559,3835,"['52_lag_75_median_eurPSLjfm', '78_lag_traDS', '52_lag_67_median_nchinaPRjja', '52_lag_67_median_nhSICjfm', '56_lag_gyreSSTjfm', '74_lag_ormenSSTjfm', '73_lag_eurPSLjfm', '61_lag_naoPSLjfm', '69_lag_stratZ50ndj02', '62_lag_traIT', '52_lag_60_median_amo3', '74_lag_ensoSSTjfm', '53_lag_traIT', '56_lag_wnorPRjfm', '52_lag_56_median_traBO', '54_lag_traFSC', '60_lag_neurTSjfm', '64_lag_solFORC', '52_lag_68_median_stratZ50ndj03', '54_lag_ensoSSTjfm', '63_lag_neurTSjfm', '53_lag_atlSICsep', '53_lag_satlSSTjfm', '52_lag_71_median_mhfIP30', '52_lag_pdoSSTjfm', '52_lag_59_median_shTSjfm', '81_lag_scpPSLjfm', '74_lag_shSICmar', '52_lag_59_median_samPSLann', '52_lag_74_median_alpi']","[4.588741072038309, 5.38127079453119, 6.899119558896974, 7.100243130685566, 5.436062923734163, 1.6062898697379566, 2.818163093095336, 1.1247803322134757, 0.7256755240202928, 0.8331082645543191, 3.109344191221166, 3.9617601893530434, 6.803662822960526, 7.610730940660703, 2.346947920639069, 2.4048650939419236, 8.596302496981709, 3.6595140329189135, 2.8177372737314084, 9.244646154404364, 9.850468067230382, 3.4480880017394693, 2.962412714012526, 2.9616142000024333, 3.06060664046258, 1.5498142745684724, 3.1015157206712445, 4.122888564063727, 0.008682385992198505, 7.036292626911251]","52_lag_75_median_eurPSLjfm, 78_lag_traDS, 52_lag_67_median_nchinaPRjja, 52_lag_67_median_nhSICjfm, 56_lag_gyreSSTjfm, 74_lag_ormenSSTjfm, 73_lag_eurPSLjfm, 61_lag_naoPSLjfm, 69_lag_stratZ50ndj02, 62_lag_traIT, 52_lag_60_median_amo3, 74_lag_ensoSSTjfm, 53_lag_traIT, 56_lag_wnorPRjfm, 52_lag_56_median_traBO, 54_lag_traFSC, 60_lag_neurTSjfm, 64_lag_solFORC, 52_lag_68_median_stratZ50ndj03, 54_lag_ensoSSTjfm, 63_lag_neurTSjfm, 53_lag_atlSICsep, 53_lag_satlSSTjfm, 52_lag_71_median_mhfIP30, 52_lag_pdoSSTjfm, 52_lag_59_median_shTSjfm, 81_lag_scpPSLjfm, 74_lag_shSICmar, 52_lag_59_median_samPSLann, 52_lag_74_median_alpi_3835_52"
LRforcedPSO,68,30,traEC,slow,934.5,2005.5,0.4,83,53,53,22.964466731402766,0.013837996006994934,3835,"['54_lag_satlSSTjfm', '75_lag_shSICmar', '53_lag_80_median_mhfATL60', '65_lag_traMC', '68_lag_traWP', '82_lag_stratZ50ndj01', '53_lag_76_median_mhfATL45', '76_lag_ensoSSTjfm', '69_lag_traFS', '57_lag_stratZ50ndj04', '61_lag_shSICsep', '53_lag_amoSSTmjjaso', '53_lag_60_median_nppc2SSTjfm', '77_lag_traMC', '76_lag_traDS', '58_lag_ensoSSTjfm', '81_lag_traFS', '65_lag_stratZ50ndj01', '53_lag_stratZ50ndj04', '74_lag_nchinaPRjja', '66_lag_traFS', '73_lag_nhTSjfm', '70_lag_tripol1', '53_lag_55_median_satlSSTjfm', '62_lag_amo2', '81_lag_atlSICsep', '53_lag_74_median_traDS', '65_lag_yrvPRjja', '53_lag_54_median_tripol3', '53_lag_74_median_solFORC']","[5.890424929533253, 1.9399957634131848, 5.500735880650394, 4.4153918050807555, 7.574867670387363, 3.4357925676915073, 2.519493719775106, 0.7993968918978176, 5.966301954759244, 2.9341245044070785, 1.6100046038523494, 3.1158902990608617, 5.569005726530884, 1.7031384428835477, 4.841854233375793, 2.0194317837279776, 0.9982295288660854, 5.662860289641483, 1.4763605346647317, 1.715226493008597, 6.806198771319858, 5.116609716883291, 1.613294509350542, 5.568982044063958, 2.4047268631294694, 0.2512739391080725, 2.7936902893165527, 5.134860479062411, 6.401482022729201, 7.045435284644693]","54_lag_satlSSTjfm, 75_lag_shSICmar, 53_lag_80_median_mhfATL60, 65_lag_traMC, 68_lag_traWP, 82_lag_stratZ50ndj01, 53_lag_76_median_mhfATL45, 76_lag_ensoSSTjfm, 69_lag_traFS, 57_lag_stratZ50ndj04, 61_lag_shSICsep, 53_lag_amoSSTmjjaso, 53_lag_60_median_nppc2SSTjfm, 77_lag_traMC, 76_lag_traDS, 58_lag_ensoSSTjfm, 81_lag_traFS, 65_lag_stratZ50ndj01, 53_lag_stratZ50ndj04, 74_lag_nchinaPRjja, 66_lag_traFS, 73_lag_nhTSjfm, 70_lag_tripol1, 53_lag_55_median_satlSSTjfm, 62_lag_amo2, 81_lag_atlSICsep, 53_lag_74_median_traDS, 65_lag_yrvPRjja, 53_lag_54_median_tripol3, 53_lag_74_median_solFORC_3835_53"
LRforcedPSO,69,30,traEC,slow,935.5,2005.5,0.4,84,54,54,22.605068238282794,0.0316637115438319,3835,"['54_lag_67_median_amo3', '55_lag_mhfATL60', '78_lag_stratZ50ndj02', '64_lag_stratZ50ndj02', '57_lag_nppc3SSTjfm', '54_lag_60_median_traDS', '54_lag_77_median_naoPSLjfm', '56_lag_cetTSjfm', '73_lag_traBS', '54_lag_72_median_seurTSjfm', '81_lag_traIFC', '54_lag_76_median_ensoSSTjfm', '54_lag_59_median_mhfATL30', '55_lag_mhfATL45', '61_lag_ismPRjja', '54_lag_72_median_traBS', '79_lag_tripol2', '54_lag_69_median_ismPRjja', '62_lag_AMOCann', '54_lag_81_median_shSICsep', '54_lag_82_median_yrvPRjja', '54_lag_77_median_traBS', '54_lag_69_median_ormenSSTjfm', '82_lag_alpi', '54_lag_56_median_mhfATL60', '54_lag_74_median_shSICmar', '82_lag_traEU', '54_lag_56_median_amo1', '54_lag_82_median_shTSjfm', '54_lag_73_median_ginwSSTjfm']","[6.03028057912288, 3.7476616379977656, 1.9278710974513622, 2.0024358438824468, 6.2962456547111145, 1.7449656714073107, 2.606772815225124, 2.2838826749540253, 3.4266884076252175, 4.423116172220373, 1.7028577009714692, 1.4168118565616528, 9.050376785185733, 1.10878715347123, 0.8742558311923805, 2.441253375239416, 1.4919815630620281, 5.224619112369657, 4.898722337498764, 1.1847254559281808, 9.787778065534386, 4.5897352088006045, 6.328198702265961, 3.5715189004097176, 7.425650541422422, 2.4315976853044994, 0.7468589287059384, 7.445908731056591, 0.38506313134181447, 8.39548231368013]","54_lag_67_median_amo3, 55_lag_mhfATL60, 78_lag_stratZ50ndj02, 64_lag_stratZ50ndj02, 57_lag_nppc3SSTjfm, 54_lag_60_median_traDS, 54_lag_77_median_naoPSLjfm, 56_lag_cetTSjfm, 73_lag_traBS, 54_lag_72_median_seurTSjfm, 81_lag_traIFC, 54_lag_76_median_ensoSSTjfm, 54_lag_59_median_mhfATL30, 55_lag_mhfATL45, 61_lag_ismPRjja, 54_lag_72_median_traBS, 79_lag_tripol2, 54_lag_69_median_ismPRjja, 62_lag_AMOCann, 54_lag_81_median_shSICsep, 54_lag_82_median_yrvPRjja, 54_lag_77_median_traBS, 54_lag_69_median_ormenSSTjfm, 82_lag_alpi, 54_lag_56_median_mhfATL60, 54_lag_74_median_shSICmar, 82_lag_traEU, 54_lag_56_median_amo1, 54_lag_82_median_shTSjfm, 54_lag_73_median_ginwSSTjfm_3835_54"
LRforcedPSO,70,30,traEC,slow,936.5,2005.5,0.4,85,55,55,26.910696006841082,0.011419104821129707,3835,"['55_lag_74_median_amo1', '55_lag_80_median_traWP', '67_lag_eapPSLjfm', '55_lag_65_median_gyreSSTjfm', '55_lag_56_median_glTSjfm', '68_lag_mhfATL30', '83_lag_nchinaPRjja', '76_lag_AMOCann', '55_lag_63_median_amo3', '55_lag_73_median_gyreSSTjfm', '74_lag_wnorPRjfm', '55_lag_74_median_traDP', '55_lag_81_median_nhSICjfm', '65_lag_traBO', '57_lag_atlSICjfm', '55_lag_traCA', '59_lag_traFSC', '56_lag_nppc3SSTjfm', '55_lag_78_median_stratZ50ndj03', '79_lag_mhfATL60', '55_lag_62_median_arcTSjfm', '84_lag_traEC', '72_lag_tripol2', '84_lag_ismPRjja', '66_lag_stratZ50ndj04', '70_lag_scpPSLjfm', '55_lag_60_median_mhfATL45', '84_lag_amo3', '78_lag_yrvPRjja', '83_lag_amoSSTmjjaso']","[0.7864916420435559, 2.0453344862586746, 0.4886422867086111, 1.8352854324666126, 1.6127407846507609, 5.435450312843209, 8.513219266067871, 0.5981145800065306, 7.561245991292438, 7.428956696267537, 4.442440925243098, 4.148317148729408, 9.64920363136794, 8.096262058664026, 3.6288457716233635, 8.426063819724202, 0.06145610696977499, 6.529379439881595, 3.8347821246079272, 8.919102156127135, 1.3249429432904254, 1.4206153098838374, 9.21607118361802, 2.0860610391668644, 0.734846859776102, 2.4450478799415194, 6.309527168917047, 1.328562101925506, 3.0990822337069375, 3.4599524106813124]","55_lag_74_median_amo1, 55_lag_80_median_traWP, 67_lag_eapPSLjfm, 55_lag_65_median_gyreSSTjfm, 55_lag_56_median_glTSjfm, 68_lag_mhfATL30, 83_lag_nchinaPRjja, 76_lag_AMOCann, 55_lag_63_median_amo3, 55_lag_73_median_gyreSSTjfm, 74_lag_wnorPRjfm, 55_lag_74_median_traDP, 55_lag_81_median_nhSICjfm, 65_lag_traBO, 57_lag_atlSICjfm, 55_lag_traCA, 59_lag_traFSC, 56_lag_nppc3SSTjfm, 55_lag_78_median_stratZ50ndj03, 79_lag_mhfATL60, 55_lag_62_median_arcTSjfm, 84_lag_traEC, 72_lag_tripol2, 84_lag_ismPRjja, 66_lag_stratZ50ndj04, 70_lag_scpPSLjfm, 55_lag_60_median_mhfATL45, 84_lag_amo3, 78_lag_yrvPRjja, 83_lag_amoSSTmjjaso_3835_55"
LRforcedPSO,71,30,traEC,slow,937.5,2005.5,0.4,86,56,56,23.583398201252937,-0.06937466629869402,3835,"['56_lag_84_median_shTSjfm', '82_lag_atlSICsep', '56_lag_81_median_nppc3SSTjfm', '56_lag_78_median_arcTSjfm', '56_lag_65_median_nppc2SSTjfm', '76_lag_traWP', '69_lag_traMC', '56_lag_84_median_satlSSTjfm', '56_lag_69_median_nhTSjfm', '70_lag_glomaSSTjfm', '61_lag_traDS', '69_lag_neurTSjfm', '56_lag_79_median_mhfATL45', '56_lag_70_median_gyreSSTjfm', '73_lag_neurTSjfm', '82_lag_traDS', '56_lag_66_median_stratZ50ndj01', '56_lag_67_median_traFSC', '72_lag_nchinaPRjja', '76_lag_alpi', '63_lag_amoSSTmjjaso', '69_lag_nchinaPRjja', '56_lag_ismPRjja', '56_lag_58_median_nhSICjfm', '65_lag_traDS', '56_lag_mhfATL60', '84_lag_stratZ50ndj03', '77_lag_glTSjfm', '56_lag_76_median_eapPSLjfm', '73_lag_mhfIP30']","[3.3072639798096226, 6.180390951784684, 0.6014699596844011, 5.87640294712251, 4.616858428938432, 3.0227392167605345, 0.47850390935130704, 7.006635553512883, 4.411384048318084, 0.6799357592015483, 1.0681865699823163, 3.4154430706101593, 7.533002640243687, 0.3497775820534361, 2.157796549646937, 5.320057458452316, 6.500722172406288, 6.070366407113788, 2.0117990375831614, 0.7948637527985234, 0.8742079300352845, 0.9219040111772046, 5.723544578160169, 7.197766182693023, 1.524199159871154, 0.10622357163969909, 5.071341139511887, 0.42862224145847705, 7.788767060820745, 7.54906276048629]","56_lag_84_median_shTSjfm, 82_lag_atlSICsep, 56_lag_81_median_nppc3SSTjfm, 56_lag_78_median_arcTSjfm, 56_lag_65_median_nppc2SSTjfm, 76_lag_traWP, 69_lag_traMC, 56_lag_84_median_satlSSTjfm, 56_lag_69_median_nhTSjfm, 70_lag_glomaSSTjfm, 61_lag_traDS, 69_lag_neurTSjfm, 56_lag_79_median_mhfATL45, 56_lag_70_median_gyreSSTjfm, 73_lag_neurTSjfm, 82_lag_traDS, 56_lag_66_median_stratZ50ndj01, 56_lag_67_median_traFSC, 72_lag_nchinaPRjja, 76_lag_alpi, 63_lag_amoSSTmjjaso, 69_lag_nchinaPRjja, 56_lag_ismPRjja, 56_lag_58_median_nhSICjfm, 65_lag_traDS, 56_lag_mhfATL60, 84_lag_stratZ50ndj03, 77_lag_glTSjfm, 56_lag_76_median_eapPSLjfm, 73_lag_mhfIP30_3835_56"
LRforcedPSO,72,30,traEC,slow,938.5,2005.5,0.4,87,57,57,26.457361944856046,-0.03169112765155237,3835,"['57_lag_70_median_tripol2', '69_lag_nhTSjfm', '57_lag_74_median_labSSTjfm', '82_lag_traDS', '83_lag_mhfATL30', '57_lag_67_median_tripol1', '57_lag_75_median_scpPSLjfm', '57_lag_60_median_nhTSjfm', '83_lag_stratZ50ndj02', '79_lag_neurTSjfm', '57_lag_61_median_stratZ50ndj04', '58_lag_tripol3', '57_lag_58_median_seurTSjfm', '57_lag_63_median_ensoSSTjfm', '64_lag_tripol1', '57_lag_84_median_traBS', '57_lag_70_median_gyreSSTjfm', '57_lag_58_median_tripol2', '57_lag_74_median_stratZ50ndj01', '57_lag_83_median_solFORC', '74_lag_mhfATL60', '57_lag_58_median_nhSICjfm', '57_lag_68_median_samPSLann', '57_lag_84_median_shSICsep', '57_lag_78_median_traWP', '78_lag_eurPSLjfm', '75_lag_tripol2', '57_lag_84_median_traDS', '73_lag_nppc2SSTjfm', '63_lag_neurTSjfm']","[0.6557165818679582, 9.690172545522362, 5.379042324843272, 3.598041724731303, 2.897133523356368, 8.077477292475415, 9.184475022874883, 1.8356690792440506, 8.330213874897225, 1.717426293253748, 0.42208860919419067, 4.644919273899218, 5.170113954388853, 4.711100679503815, 2.377233522999955, 2.4999118629633843, 9.277471346563594, 1.9467934909506184, 7.925798486477202, 8.474028748901912, 3.317118250832052, 2.027950232536826, 0.18092597129910892, 4.007027309718147, 6.1685964604611225, 0.6512804338117579, 7.28096033738656, 1.7980677178689888, 1.5615921382497824, 3.3837235521649554]","57_lag_70_median_tripol2, 69_lag_nhTSjfm, 57_lag_74_median_labSSTjfm, 82_lag_traDS, 83_lag_mhfATL30, 57_lag_67_median_tripol1, 57_lag_75_median_scpPSLjfm, 57_lag_60_median_nhTSjfm, 83_lag_stratZ50ndj02, 79_lag_neurTSjfm, 57_lag_61_median_stratZ50ndj04, 58_lag_tripol3, 57_lag_58_median_seurTSjfm, 57_lag_63_median_ensoSSTjfm, 64_lag_tripol1, 57_lag_84_median_traBS, 57_lag_70_median_gyreSSTjfm, 57_lag_58_median_tripol2, 57_lag_74_median_stratZ50ndj01, 57_lag_83_median_solFORC, 74_lag_mhfATL60, 57_lag_58_median_nhSICjfm, 57_lag_68_median_samPSLann, 57_lag_84_median_shSICsep, 57_lag_78_median_traWP, 78_lag_eurPSLjfm, 75_lag_tripol2, 57_lag_84_median_traDS, 73_lag_nppc2SSTjfm, 63_lag_neurTSjfm_3835_57"
LRforcedPSO,73,30,traEC,slow,939.5,2005.5,0.4,88,58,58,23.066551001771373,0.0027083824504004535,3835,"['70_lag_traEU', '58_lag_59_median_tripol1', '68_lag_traMC', '81_lag_samPSLann', '74_lag_amo2', '65_lag_atlSICsep', '58_lag_63_median_neurTSjfm', '78_lag_mhfIP30', '58_lag_84_median_traBO', '77_lag_amoSSTmjjaso', '58_lag_77_median_cetTSjfm', '75_lag_stratZ50ndj02', '77_lag_cetTSjfm', '71_lag_seurTSjfm', '82_lag_tripol2', '58_lag_67_median_shTSjfm', '68_lag_arcTSjfm', '58_lag_60_median_ginwSSTjfm', '80_lag_shTSjfm', '85_lag_tripol1', '58_lag_73_median_yrvPRjja', '58_lag_64_median_neurTSjfm', '72_lag_nchinaPRjja', '58_lag_67_median_pdoSSTjfm', '74_lag_nchinaPRjja', '58_lag_82_median_traFS', '58_lag_78_median_ismPRjja', '58_lag_63_median_seurTSjfm', '84_lag_shSICmar', '80_lag_tripol2']","[6.098647801123988, 5.467464592288515, 6.533728622337119, 0.5304016334901078, 2.8989783042639683, 2.2201302861057854, 2.1378673617622628, 5.491725892564109, 1.2948711070739378, 4.074437427247023, 6.722166121264525, 4.751721454195621, 3.065588792052665, 0.9261760779240529, 3.1671601193163035, 8.948327780819342, 2.752765694119878, 3.811164169896063, 3.4621079090145184, 6.53936142286998, 1.0555295637014446, 9.060236862188557, 7.735766361173113, 3.3109914523617885, 3.1235788154053807, 0.9884122951434993, 5.930055907036813, 4.165928275590554, 2.9745286073223536, 4.12325014870185]","70_lag_traEU, 58_lag_59_median_tripol1, 68_lag_traMC, 81_lag_samPSLann, 74_lag_amo2, 65_lag_atlSICsep, 58_lag_63_median_neurTSjfm, 78_lag_mhfIP30, 58_lag_84_median_traBO, 77_lag_amoSSTmjjaso, 58_lag_77_median_cetTSjfm, 75_lag_stratZ50ndj02, 77_lag_cetTSjfm, 71_lag_seurTSjfm, 82_lag_tripol2, 58_lag_67_median_shTSjfm, 68_lag_arcTSjfm, 58_lag_60_median_ginwSSTjfm, 80_lag_shTSjfm, 85_lag_tripol1, 58_lag_73_median_yrvPRjja, 58_lag_64_median_neurTSjfm, 72_lag_nchinaPRjja, 58_lag_67_median_pdoSSTjfm, 74_lag_nchinaPRjja, 58_lag_82_median_traFS, 58_lag_78_median_ismPRjja, 58_lag_63_median_seurTSjfm, 84_lag_shSICmar, 80_lag_tripol2_3835_58"
LRforcedPSO,74,30,traEC,slow,940.5,2005.5,0.4,89,59,59,32.35083206029445,-0.044011915106547325,3835,"['59_lag_73_median_traFB', '64_lag_atlSICjfm', '68_lag_seurTSjfm', '70_lag_traDS', '59_lag_82_median_satlSSTjfm', '64_lag_seurTSjfm', '78_lag_mhfATL30', '59_lag_87_median_glTSjfm', '59_lag_86_median_atlSICsep', '59_lag_76_median_mhfATL60', '59_lag_70_median_ormenSSTjfm', '59_lag_70_median_solFORC', '59_lag_75_median_nhSICsep', '59_lag_86_median_nppc2SSTjfm', '84_lag_mhfATL60', '75_lag_traTLS', '78_lag_neurTSjfm', '67_lag_shSICsep', '60_lag_stratZ50ndj01', '63_lag_pdoSSTjfm', '79_lag_wnorPRjfm', '83_lag_mhfATL60', '81_lag_atlSICjfm', '79_lag_ensoSSTjfm', '59_lag_65_median_traDP', '59_lag_88_median_traEC', '69_lag_atlSICsep', '73_lag_eurPSLjfm', '59_lag_72_median_nhTSjfm', '66_lag_scpPSLjfm']","[6.245571986079611, 0.43582248110668864, 1.6959421347445023, 1.1661140054120338, 9.861567035683542, 3.3801841124651766, 1.2250675536450473, 7.248072962795469, 1.2466025053761332, 9.414317324753306, 6.507586783749272, 2.556973367991249, 0.3178587207536374, 4.060469147740202, 4.287682654783693, 3.1395235334377114, 4.172553781157394, 4.01817508654009, 0.9830623769895297, 1.760740089794039, 5.34317267539647, 4.873918503365539, 3.105801399912414, 2.3806071122257233, 6.171945816919875, 5.550323521117216, 3.5930387019688776, 7.680080324197771, 7.329658166004749, 4.268393385100109]","59_lag_73_median_traFB, 64_lag_atlSICjfm, 68_lag_seurTSjfm, 70_lag_traDS, 59_lag_82_median_satlSSTjfm, 64_lag_seurTSjfm, 78_lag_mhfATL30, 59_lag_87_median_glTSjfm, 59_lag_86_median_atlSICsep, 59_lag_76_median_mhfATL60, 59_lag_70_median_ormenSSTjfm, 59_lag_70_median_solFORC, 59_lag_75_median_nhSICsep, 59_lag_86_median_nppc2SSTjfm, 84_lag_mhfATL60, 75_lag_traTLS, 78_lag_neurTSjfm, 67_lag_shSICsep, 60_lag_stratZ50ndj01, 63_lag_pdoSSTjfm, 79_lag_wnorPRjfm, 83_lag_mhfATL60, 81_lag_atlSICjfm, 79_lag_ensoSSTjfm, 59_lag_65_median_traDP, 59_lag_88_median_traEC, 69_lag_atlSICsep, 73_lag_eurPSLjfm, 59_lag_72_median_nhTSjfm, 66_lag_scpPSLjfm_3835_59"
LRforcedPSO,75,30,traEC,slow,941.5,2005.5,0.4,90,60,60,23.41126294032066,-0.003491481533466327,3835,"['71_lag_traDS', '66_lag_cetTSjfm', '60_lag_61_median_tripol2', '87_lag_traIT', '84_lag_shTSjfm', '68_lag_cetTSjfm', '61_lag_amo2', '60_lag_86_median_nhTSjfm', '60_lag_66_median_nchinaPRjja', '86_lag_traIT', '84_lag_glTSjfm', '86_lag_traDS', '60_lag_85_median_traFSC', '82_lag_ormenSSTjfm', '67_lag_shTSjfm', '60_lag_87_median_alpi', '60_lag_85_median_traIT', '65_lag_ginwSSTjfm', '67_lag_stratZ50ndj01', '68_lag_traEU', '72_lag_shSICsep', '60_lag_73_median_amoSSTmjjaso', '60_lag_67_median_shSICmar', '60_lag_75_median_ormenSSTjfm', '60_lag_glomaSSTjfm', '85_lag_cetTSjfm', '60_lag_89_median_ismPRjja', '60_lag_78_median_nppc3SSTjfm', '60_lag_72_median_glomaSSTjfm', '60_lag_77_median_mhfATL60']","[8.173136015455402, 2.632721980441371, 3.6380951799255667, 4.696502205286219, 2.0389180217169134, 3.823219556414003, 6.946751640212998, 3.263467379701927, 0.6559237853407467, 2.660442182179919, 8.872292218457112, 0.4257129823887915, 0.4390641267491979, 0.7206555457537522, 3.732486323608912, 5.8002263876900795, 5.404839605899623, 9.051146556227788, 0.8909746291942895, 3.2781664095720977, 1.2403984807482402, 1.669906963157331, 2.088091288252971, 2.0209294111024754, 3.9725932828331505, 4.42742361166019, 2.593586255594163, 7.799298076130377, 8.268461523001505, 5.928716158702494]","71_lag_traDS, 66_lag_cetTSjfm, 60_lag_61_median_tripol2, 87_lag_traIT, 84_lag_shTSjfm, 68_lag_cetTSjfm, 61_lag_amo2, 60_lag_86_median_nhTSjfm, 60_lag_66_median_nchinaPRjja, 86_lag_traIT, 84_lag_glTSjfm, 86_lag_traDS, 60_lag_85_median_traFSC, 82_lag_ormenSSTjfm, 67_lag_shTSjfm, 60_lag_87_median_alpi, 60_lag_85_median_traIT, 65_lag_ginwSSTjfm, 67_lag_stratZ50ndj01, 68_lag_traEU, 72_lag_shSICsep, 60_lag_73_median_amoSSTmjjaso, 60_lag_67_median_shSICmar, 60_lag_75_median_ormenSSTjfm, 60_lag_glomaSSTjfm, 85_lag_cetTSjfm, 60_lag_89_median_ismPRjja, 60_lag_78_median_nppc3SSTjfm, 60_lag_72_median_glomaSSTjfm, 60_lag_77_median_mhfATL60_3835_60"
LRforcedPSO,76,30,traEC,slow,942.5,2005.5,0.4,91,61,61,24.133750422427088,0.03587993243330922,3835,"['61_lag_tripol3', '70_lag_traDS', '66_lag_traBO', '61_lag_74_median_wnorPRjfm', '61_lag_70_median_eurPSLjfm', '79_lag_samPSLann', '72_lag_atlSICsep', '61_lag_84_median_stratZ50ndj04', '75_lag_tripol1', '83_lag_tripol1', '67_lag_AMOCann', '89_lag_traDP', '61_lag_66_median_traIFC', '71_lag_mhfIP30', '61_lag_73_median_seurTSjfm', '61_lag_84_median_tripol2', '90_lag_eurPSLjfm', '64_lag_traIT', '61_lag_64_median_pdoSSTjfm', '61_lag_79_median_scpPSLjfm', '61_lag_82_median_amo2', '61_lag_78_median_shSICsep', '62_lag_nchinaPRjja', '61_lag_70_median_traFS', '87_lag_traDP', '86_lag_amo2', '74_lag_nppc2SSTjfm', '61_lag_73_median_stratZ50ndj02', '61_lag_66_median_tripol1', '61_lag_63_median_stratZ50ndj01']","[6.5156862754075595, 2.856222653503357, 0.5409975568978975, 4.941641868022755, 0.007477567694865073, 0.18225204118211735, 5.325857943961163, 2.328005372060682, 3.519346760482085, 4.391099354862222, 2.2270250540666137, 2.8349080997677767, 8.419319113930051, 2.807644935965616, 8.050352518292767, 5.104036361905722, 0.714767800891261, 0.013028884603194513, 4.070906199238243, 4.949791548385981, 9.750127423605644, 0.33403115493841007, 1.1009312467403838, 5.919942635031614, 0.6399391027786336, 3.375835286970011, 2.694164689112519, 2.2954228904795793, 3.041951254047703, 3.8873687457811634]","61_lag_tripol3, 70_lag_traDS, 66_lag_traBO, 61_lag_74_median_wnorPRjfm, 61_lag_70_median_eurPSLjfm, 79_lag_samPSLann, 72_lag_atlSICsep, 61_lag_84_median_stratZ50ndj04, 75_lag_tripol1, 83_lag_tripol1, 67_lag_AMOCann, 89_lag_traDP, 61_lag_66_median_traIFC, 71_lag_mhfIP30, 61_lag_73_median_seurTSjfm, 61_lag_84_median_tripol2, 90_lag_eurPSLjfm, 64_lag_traIT, 61_lag_64_median_pdoSSTjfm, 61_lag_79_median_scpPSLjfm, 61_lag_82_median_amo2, 61_lag_78_median_shSICsep, 62_lag_nchinaPRjja, 61_lag_70_median_traFS, 87_lag_traDP, 86_lag_amo2, 74_lag_nppc2SSTjfm, 61_lag_73_median_stratZ50ndj02, 61_lag_66_median_tripol1, 61_lag_63_median_stratZ50ndj01_3835_61"
LRforcedPSO,77,30,traEC,slow,943.5,2005.5,0.4,92,62,62,24.64222055114409,0.04373724550153468,3835,"['62_lag_63_median_traDP', '62_lag_65_median_glomaSSTjfm', '79_lag_traEC', '76_lag_atlSICsep', '67_lag_scpPSLjfm', '70_lag_eurPSLjfm', '62_lag_64_median_traFB', '82_lag_seurTSjfm', '62_lag_77_median_nppc2SSTjfm', '62_lag_84_median_samPSLann', '62_lag_67_median_scpPSLjfm', '62_lag_65_median_traMC', '62_lag_91_median_AMOCann', '86_lag_traFB', '88_lag_shSICmar', '62_lag_72_median_nhSICjfm', '62_lag_traBO', '62_lag_gyreSSTjfm', '73_lag_traIT', '62_lag_79_median_shSICmar', '75_lag_atlSICsep', '62_lag_70_median_tripol1', '62_lag_63_median_amo1', '62_lag_64_median_amo2', '62_lag_87_median_stratZ50ndj03', '62_lag_86_median_traWP', '82_lag_neurTSjfm', '62_lag_64_median_mhfIP30', '66_lag_traBS', '67_lag_ismPRjja']","[5.573483317064017, 4.137932278994898, 4.685442650262499, 5.630026110082964, 6.309758909316756, 2.2119162072967535, 4.9111848168769985, 1.2805638281454161, 3.1362945868444996, 0.6314763188699128, 1.4173892415788458, 6.911937467849128, 6.77613372416814, 0.8340482717683528, 4.30037715518843, 0.6688493308252301, 9.640667437475813, 9.428040599425401, 2.8562447711889742, 7.853396775297718, 5.43750030665686, 5.054765715113367, 2.216938116203494, 0.5640053700872745, 6.733108170919371, 5.153142813790947, 0.657012488023895, 2.8390212439985625, 0.8550826089973818, 0.953007990672754]","62_lag_63_median_traDP, 62_lag_65_median_glomaSSTjfm, 79_lag_traEC, 76_lag_atlSICsep, 67_lag_scpPSLjfm, 70_lag_eurPSLjfm, 62_lag_64_median_traFB, 82_lag_seurTSjfm, 62_lag_77_median_nppc2SSTjfm, 62_lag_84_median_samPSLann, 62_lag_67_median_scpPSLjfm, 62_lag_65_median_traMC, 62_lag_91_median_AMOCann, 86_lag_traFB, 88_lag_shSICmar, 62_lag_72_median_nhSICjfm, 62_lag_traBO, 62_lag_gyreSSTjfm, 73_lag_traIT, 62_lag_79_median_shSICmar, 75_lag_atlSICsep, 62_lag_70_median_tripol1, 62_lag_63_median_amo1, 62_lag_64_median_amo2, 62_lag_87_median_stratZ50ndj03, 62_lag_86_median_traWP, 82_lag_neurTSjfm, 62_lag_64_median_mhfIP30, 66_lag_traBS, 67_lag_ismPRjja_3835_62"
LRforcedPSO,78,30,traEC,slow,944.5,2005.5,0.4,93,63,63,26.26472728740798,0.01823525281220257,3835,"['70_lag_ismPRjja', '63_lag_87_median_nhSICsep', '63_lag_71_median_traFB', '65_lag_amo1', '91_lag_ensoSSTjfm', '86_lag_gyreSSTjfm', '63_lag_mhfATL60', '91_lag_amo2', '63_lag_75_median_traFS', '86_lag_amoSSTmjjaso', '74_lag_traIFC', '82_lag_yrvPRjja', '63_lag_92_median_nppc2SSTjfm', '90_lag_nchinaPRjja', '63_lag_66_median_nhSICsep', '75_lag_nppc3SSTjfm', '63_lag_72_median_samPSLann', '63_lag_86_median_seurTSjfm', '88_lag_traMC', '67_lag_traBS', '63_lag_91_median_AMOCann', '77_lag_amo2', '74_lag_traCA', '63_lag_67_median_AMOCann', '64_lag_cetTSjfm', '63_lag_71_median_eapPSLjfm', '63_lag_shSICmar', '63_lag_90_median_shSICmar', '63_lag_yrvPRjja', '84_lag_traIT']","[1.4240210429192217, 3.953578677304481, 4.183112689465451, 2.5887494025713664, 8.004306508795118, 1.5795961451024567, 6.567219715044928, 4.3113068835344865, 8.979292213169687, 3.64208349743034, 9.453299874431039, 4.6490258159931095, 7.42044002813609, 0.13346654038479677, 7.895658683464482, 6.383705477447052, 5.9132775318252335, 2.7902308999744303, 3.0242261870867466, 7.173971727389716, 0.09151822650346908, 8.707756006478306, 2.5262042925893358, 0.2885633717331402, 0.05514512686448114, 0.7871684868719164, 5.6864909614765775, 1.8283848588513933, 1.6108317810565396, 1.6006889224857481]","70_lag_ismPRjja, 63_lag_87_median_nhSICsep, 63_lag_71_median_traFB, 65_lag_amo1, 91_lag_ensoSSTjfm, 86_lag_gyreSSTjfm, 63_lag_mhfATL60, 91_lag_amo2, 63_lag_75_median_traFS, 86_lag_amoSSTmjjaso, 74_lag_traIFC, 82_lag_yrvPRjja, 63_lag_92_median_nppc2SSTjfm, 90_lag_nchinaPRjja, 63_lag_66_median_nhSICsep, 75_lag_nppc3SSTjfm, 63_lag_72_median_samPSLann, 63_lag_86_median_seurTSjfm, 88_lag_traMC, 67_lag_traBS, 63_lag_91_median_AMOCann, 77_lag_amo2, 74_lag_traCA, 63_lag_67_median_AMOCann, 64_lag_cetTSjfm, 63_lag_71_median_eapPSLjfm, 63_lag_shSICmar, 63_lag_90_median_shSICmar, 63_lag_yrvPRjja, 84_lag_traIT_3835_63"
LRforcedPSO,79,30,traEC,slow,945.5,2005.5,0.4,94,64,64,23.9499046207472,-0.032167654346817884,3835,"['64_lag_75_median_cetTSjfm', '74_lag_tripol3', '68_lag_traTLS', '79_lag_tripol2', '85_lag_naoPSLjfm', '66_lag_ormenSSTjfm', '64_lag_86_median_ginwSSTjfm', '66_lag_stratZ50ndj02', '64_lag_88_median_traEU', '64_lag_83_median_traTLS', '91_lag_amoSSTmjjaso', '64_lag_65_median_eapPSLjfm', '76_lag_traBO', '64_lag_67_median_atlSICjfm', '64_lag_81_median_solFORC', '69_lag_traDS', '64_lag_68_median_amo2', '66_lag_AMOCann', '64_lag_85_median_solFORC', '64_lag_67_median_gyreSSTjfm', '80_lag_traFB', '90_lag_glTSjfm', '64_lag_92_median_ormenSSTjfm', '64_lag_78_median_traIT', '64_lag_78_median_traBS', '64_lag_90_median_traIFC', '64_lag_93_median_nppc3SSTjfm', '81_lag_ensoSSTjfm', '70_lag_neurTSjfm', '64_lag_86_median_ismPRjja']","[4.401380914516273, 1.9736021243154749, 4.119485959277631, 0.9652245608435486, 0.9990761446352927, 5.221461399213667, 0.8696591496794444, 1.1147111590057879, 2.4014766131363494, 4.940168987249853, 4.543093218602795, 0.9815999839686729, 1.4002287890757223, 2.066053522090808, 1.6372026836188844, 5.029148059335748, 1.2386561760131833, 5.742890868075019, 0.30741382346026214, 6.745533164296109, 8.383814593290932, 7.793813399977296, 5.073395228962935, 2.0781520257796977, 6.740005473744123, 9.480971184510508, 9.87406257967983, 1.3048282088240448, 5.253876702302287, 3.8194993170579394]","64_lag_75_median_cetTSjfm, 74_lag_tripol3, 68_lag_traTLS, 79_lag_tripol2, 85_lag_naoPSLjfm, 66_lag_ormenSSTjfm, 64_lag_86_median_ginwSSTjfm, 66_lag_stratZ50ndj02, 64_lag_88_median_traEU, 64_lag_83_median_traTLS, 91_lag_amoSSTmjjaso, 64_lag_65_median_eapPSLjfm, 76_lag_traBO, 64_lag_67_median_atlSICjfm, 64_lag_81_median_solFORC, 69_lag_traDS, 64_lag_68_median_amo2, 66_lag_AMOCann, 64_lag_85_median_solFORC, 64_lag_67_median_gyreSSTjfm, 80_lag_traFB, 90_lag_glTSjfm, 64_lag_92_median_ormenSSTjfm, 64_lag_78_median_traIT, 64_lag_78_median_traBS, 64_lag_90_median_traIFC, 64_lag_93_median_nppc3SSTjfm, 81_lag_ensoSSTjfm, 70_lag_neurTSjfm, 64_lag_86_median_ismPRjja_3835_64"
LRforcedPSO,80,30,traEC,slow,946.5,2005.5,0.4,95,65,65,24.34539468744259,-0.023778211632301594,3835,"['65_lag_83_median_ismPRjja', '65_lag_87_median_nchinaPRjja', '68_lag_stratZ50ndj02', '93_lag_nhSICjfm', '81_lag_mhfIP30', '83_lag_AMOCann', '89_lag_nppc2SSTjfm', '67_lag_nppc2SSTjfm', '65_lag_75_median_nppc3SSTjfm', '65_lag_75_median_traEU', '69_lag_yrvPRjja', '65_lag_88_median_arcTSjfm', '65_lag_77_median_stratZ50ndj01', '65_lag_80_median_tripol2', '69_lag_arcTSjfm', '65_lag_85_median_traEU', '65_lag_69_median_traIT', '83_lag_ismPRjja', '74_lag_traBS', '65_lag_94_median_stratZ50ndj01', '65_lag_79_median_traEC', '82_lag_amo3', '65_lag_78_median_traDP', '65_lag_68_median_tripol2', '65_lag_82_median_shSICsep', '65_lag_69_median_glomaSSTjfm', '65_lag_87_median_eurPSLjfm', '93_lag_nchinaPRjja', '65_lag_87_median_ginwSSTjfm', '65_lag_66_median_naoPSLjfm']","[3.952246129813764, 5.535740218274952, 5.686848205407781, 9.326273026368629, 2.6753163469826653, 8.042531473377903, 2.682328242350276, 4.033847390092586, 3.653555430671192, 9.473387870634301, 2.8948114731055785, 4.198207941177783, 1.95625086091734, 2.3485052307486765, 1.7179712587554459, 9.190699547918275, 1.6244235563623466, 6.625385847354468, 5.174861322836726, 5.938673850014213, 2.9202376475493486, 4.6107308265566544, 2.3811603059637463, 6.082858170065467, 2.150785741638945, 4.008166136978842, 7.4852675304854, 4.916385647416632, 3.4699624530273194, 9.251792828010304]","65_lag_83_median_ismPRjja, 65_lag_87_median_nchinaPRjja, 68_lag_stratZ50ndj02, 93_lag_nhSICjfm, 81_lag_mhfIP30, 83_lag_AMOCann, 89_lag_nppc2SSTjfm, 67_lag_nppc2SSTjfm, 65_lag_75_median_nppc3SSTjfm, 65_lag_75_median_traEU, 69_lag_yrvPRjja, 65_lag_88_median_arcTSjfm, 65_lag_77_median_stratZ50ndj01, 65_lag_80_median_tripol2, 69_lag_arcTSjfm, 65_lag_85_median_traEU, 65_lag_69_median_traIT, 83_lag_ismPRjja, 74_lag_traBS, 65_lag_94_median_stratZ50ndj01, 65_lag_79_median_traEC, 82_lag_amo3, 65_lag_78_median_traDP, 65_lag_68_median_tripol2, 65_lag_82_median_shSICsep, 65_lag_69_median_glomaSSTjfm, 65_lag_87_median_eurPSLjfm, 93_lag_nchinaPRjja, 65_lag_87_median_ginwSSTjfm, 65_lag_66_median_naoPSLjfm_3835_65"
LRforcedPSO,81,30,traEC,slow,947.5,2005.5,0.4,96,66,66,22.29684829138239,-0.05901235876358159,3835,"['89_lag_yrvPRjja', '82_lag_eurPSLjfm', '66_lag_94_median_traEC', '78_lag_traFSC', '66_lag_87_median_traEC', '73_lag_pdoSSTjfm', '87_lag_traTLS', '66_lag_72_median_mhfATL30', '81_lag_alpi', '66_lag_93_median_traIT', '66_lag_84_median_ensoSSTjfm', '66_lag_85_median_glomaSSTjfm', '66_lag_90_median_traEC', '77_lag_ismPRjja', '66_lag_85_median_traIT', '87_lag_labSSTjfm', '66_lag_73_median_traFSC', '66_lag_82_median_mhfATL60', '90_lag_traBO', '78_lag_mhfIP30', '89_lag_atlSICsep', '79_lag_glTSjfm', '66_lag_92_median_traFS', '84_lag_ginwSSTjfm', '66_lag_82_median_nhSICsep', '66_lag_95_median_eapPSLjfm', '66_lag_86_median_traTLS', '66_lag_81_median_atlSICsep', '66_lag_72_median_traIFC', '66_lag_67_median_traIFC']","[3.8478299378593466, 2.696762057069739, 8.67000143493998, 9.081960534663745, 2.929715714732197, 7.401521198598456, 1.3665527300914313, 5.213930831958313, 0.8976329989584428, 3.922220955921601, 4.209056373590386, 6.837750434575824, 4.548326514167229, 6.005737289345003, 6.493057172129216, 2.917417458440445, 4.907380591361438, 3.3587983756332953, 1.0843357157430393, 0.8078534720163848, 1.8437287000309883, 6.386109338069755, 2.41366883580735, 0.2892227912189327, 6.937764930218613, 1.667295054485539, 2.0517960314178847, 1.189414092170228, 3.595685406242217, 3.7625804062983903]","89_lag_yrvPRjja, 82_lag_eurPSLjfm, 66_lag_94_median_traEC, 78_lag_traFSC, 66_lag_87_median_traEC, 73_lag_pdoSSTjfm, 87_lag_traTLS, 66_lag_72_median_mhfATL30, 81_lag_alpi, 66_lag_93_median_traIT, 66_lag_84_median_ensoSSTjfm, 66_lag_85_median_glomaSSTjfm, 66_lag_90_median_traEC, 77_lag_ismPRjja, 66_lag_85_median_traIT, 87_lag_labSSTjfm, 66_lag_73_median_traFSC, 66_lag_82_median_mhfATL60, 90_lag_traBO, 78_lag_mhfIP30, 89_lag_atlSICsep, 79_lag_glTSjfm, 66_lag_92_median_traFS, 84_lag_ginwSSTjfm, 66_lag_82_median_nhSICsep, 66_lag_95_median_eapPSLjfm, 66_lag_86_median_traTLS, 66_lag_81_median_atlSICsep, 66_lag_72_median_traIFC, 66_lag_67_median_traIFC_3835_66"
LRforcedPSO,82,30,traEC,slow,948.5,2005.5,0.4,97,67,67,25.46179976029411,-0.0353558431351312,3835,"['67_lag_76_median_labSSTjfm', '67_lag_74_median_tripol2', '67_lag_84_median_nhSICjfm', '74_lag_traIFC', '67_lag_78_median_tripol2', '96_lag_mhfIP30', '89_lag_tripol1', '67_lag_78_median_atlSICjfm', '67_lag_95_median_stratZ50ndj04', '77_lag_amo3', '84_lag_traTLS', '67_lag_83_median_tripol2', '67_lag_81_median_pdoSSTjfm', '67_lag_94_median_nchinaPRjja', '67_lag_shSICmar', '93_lag_stratZ50ndj04', '67_lag_79_median_traFB', '67_lag_84_median_naoPSLjfm', '67_lag_96_median_yrvPRjja', '73_lag_AMOCann', '67_lag_75_median_pdoSSTjfm', '87_lag_glomaSSTjfm', '67_lag_76_median_ormenSSTjfm', '81_lag_shSICmar', '69_lag_eurPSLjfm', '67_lag_93_median_amo2', '67_lag_68_median_pdoSSTjfm', '67_lag_69_median_ensoSSTjfm', '67_lag_71_median_naoPSLjfm', '67_lag_68_median_traIT']","[1.2706690654843893, 6.720883925487624, 1.3748585220550442, 0.13887971844178892, 9.833674891362222, 2.288190193174662, 1.0360706186231639, 5.003729395990484, 4.791312075301768, 1.935576544102231, 2.481406344625503, 4.912638903152809, 0.20561607959174566, 1.7436142266923795, 7.892709616873198, 4.438272774945338, 0.11988828411610974, 0.3165844574496308, 9.812610753782437, 5.53338078295554, 1.3635347185785722, 1.245293086481869, 8.468605317245071, 9.254280071078275, 0.9617341010089682, 1.3410830990707403, 9.708970215136564, 0.1541222344737836, 3.0670850849300475, 8.910000423251157]","67_lag_76_median_labSSTjfm, 67_lag_74_median_tripol2, 67_lag_84_median_nhSICjfm, 74_lag_traIFC, 67_lag_78_median_tripol2, 96_lag_mhfIP30, 89_lag_tripol1, 67_lag_78_median_atlSICjfm, 67_lag_95_median_stratZ50ndj04, 77_lag_amo3, 84_lag_traTLS, 67_lag_83_median_tripol2, 67_lag_81_median_pdoSSTjfm, 67_lag_94_median_nchinaPRjja, 67_lag_shSICmar, 93_lag_stratZ50ndj04, 67_lag_79_median_traFB, 67_lag_84_median_naoPSLjfm, 67_lag_96_median_yrvPRjja, 73_lag_AMOCann, 67_lag_75_median_pdoSSTjfm, 87_lag_glomaSSTjfm, 67_lag_76_median_ormenSSTjfm, 81_lag_shSICmar, 69_lag_eurPSLjfm, 67_lag_93_median_amo2, 67_lag_68_median_pdoSSTjfm, 67_lag_69_median_ensoSSTjfm, 67_lag_71_median_naoPSLjfm, 67_lag_68_median_traIT_3835_67"
LRforcedPSO,83,30,traEC,slow,949.5,2005.5,0.4,98,68,68,27.46911551119141,-0.046855522421421485,3835,"['84_lag_traBS', '72_lag_glTSjfm', '68_lag_71_median_pdoSSTjfm', '68_lag_94_median_glomaSSTjfm', '68_lag_74_median_atlSICsep', '68_lag_73_median_nppc2SSTjfm', '68_lag_72_median_stratZ50ndj03', '68_lag_82_median_scpPSLjfm', '68_lag_74_median_tripol2', '68_lag_84_median_amo2', '68_lag_81_median_traFB', '68_lag_97_median_tripol3', '68_lag_94_median_stratZ50ndj02', '68_lag_85_median_atlSICsep', '73_lag_amo1', '68_lag_93_median_solFORC', '75_lag_stratZ50ndj03', '72_lag_nchinaPRjja', '68_lag_72_median_wnorPRjfm', '92_lag_traWP', '75_lag_nhSICjfm', '92_lag_traIT', '68_lag_solFORC', '68_lag_97_median_alpi', '84_lag_naoPSLjfm', '68_lag_97_median_ginwSSTjfm', '68_lag_92_median_shSICmar', '68_lag_70_median_mhfIP30', '68_lag_71_median_wnorPRjfm', '72_lag_eapPSLjfm']","[0.300285975331402, 4.911182074874483, 7.57534702313273, 0.09879544869026802, 1.6058643248182314, 4.465067340000395, 1.053026694640856, 2.2247309216916333, 5.34913571246622, 2.514115811905226, 3.004521944213206, 5.710865761180601, 2.0275158306129466, 3.583264655770413, 6.995291581903285, 1.2606649539070425, 1.6905102647311328, 8.638118225899202, 7.3232551565820785, 3.255489021519433, 5.078539068748668, 0.08830892906868826, 5.582737390522954, 4.554653945792413, 5.811312904990736, 5.64967369156539, 3.235433258070368, 6.607998273407102, 0.7504066163831951, 3.8784242399264066]","84_lag_traBS, 72_lag_glTSjfm, 68_lag_71_median_pdoSSTjfm, 68_lag_94_median_glomaSSTjfm, 68_lag_74_median_atlSICsep, 68_lag_73_median_nppc2SSTjfm, 68_lag_72_median_stratZ50ndj03, 68_lag_82_median_scpPSLjfm, 68_lag_74_median_tripol2, 68_lag_84_median_amo2, 68_lag_81_median_traFB, 68_lag_97_median_tripol3, 68_lag_94_median_stratZ50ndj02, 68_lag_85_median_atlSICsep, 73_lag_amo1, 68_lag_93_median_solFORC, 75_lag_stratZ50ndj03, 72_lag_nchinaPRjja, 68_lag_72_median_wnorPRjfm, 92_lag_traWP, 75_lag_nhSICjfm, 92_lag_traIT, 68_lag_solFORC, 68_lag_97_median_alpi, 84_lag_naoPSLjfm, 68_lag_97_median_ginwSSTjfm, 68_lag_92_median_shSICmar, 68_lag_70_median_mhfIP30, 68_lag_71_median_wnorPRjfm, 72_lag_eapPSLjfm_3835_68"
LRforcedPSO,84,30,traEC,slow,950.5,2005.5,0.4,99,69,69,28.680508805535275,0.0991589645285894,3835,"['69_lag_traFSC', '69_lag_98_median_cetTSjfm', '71_lag_cetTSjfm', '69_lag_71_median_traDS', '69_lag_92_median_nppc2SSTjfm', '69_lag_70_median_pdoSSTjfm', '69_lag_78_median_nhSICsep', '69_lag_shTSjfm', '77_lag_seurTSjfm', '87_lag_traIFC', '69_lag_83_median_mhfATL30', '69_lag_71_median_nppc3SSTjfm', '69_lag_73_median_traFSC', '84_lag_solFORC', '69_lag_98_median_naoPSLjfm', '69_lag_74_median_glTSjfm', '78_lag_glomaSSTjfm', '69_lag_97_median_eurPSLjfm', '69_lag_85_median_stratZ50ndj02', '98_lag_scpPSLjfm', '91_lag_mhfIP30', '69_lag_79_median_traIT', '94_lag_arcTSjfm', '86_lag_amo1', '71_lag_labSSTjfm', '98_lag_naoPSLjfm', '95_lag_eapPSLjfm', '91_lag_nppc2SSTjfm', '91_lag_traCA', '69_lag_97_median_traFSC']","[3.9294672236961006, 2.849116338996316, 5.6031419186333125, 0.6105515272201227, 8.295503892084813, 0.2138726734198837, 2.4438913903028574, 0.6353768838217491, 1.9310776155437832, 3.7416765616742342, 1.967518543863422, 5.277658994044451, 5.2360948525508455, 5.889684312420482, 4.495375219107885, 1.8987953911747688, 2.053417837543922, 2.8931489807263553, 8.437523623347335, 0.6029938577018683, 6.641301557186846, 8.685036507736468, 3.883780360008874, 1.3307071739906977, 4.601938078483034, 6.982548424846948, 4.42423861964426, 3.716222047971998, 8.377803743689569, 4.992122280912634]","69_lag_traFSC, 69_lag_98_median_cetTSjfm, 71_lag_cetTSjfm, 69_lag_71_median_traDS, 69_lag_92_median_nppc2SSTjfm, 69_lag_70_median_pdoSSTjfm, 69_lag_78_median_nhSICsep, 69_lag_shTSjfm, 77_lag_seurTSjfm, 87_lag_traIFC, 69_lag_83_median_mhfATL30, 69_lag_71_median_nppc3SSTjfm, 69_lag_73_median_traFSC, 84_lag_solFORC, 69_lag_98_median_naoPSLjfm, 69_lag_74_median_glTSjfm, 78_lag_glomaSSTjfm, 69_lag_97_median_eurPSLjfm, 69_lag_85_median_stratZ50ndj02, 98_lag_scpPSLjfm, 91_lag_mhfIP30, 69_lag_79_median_traIT, 94_lag_arcTSjfm, 86_lag_amo1, 71_lag_labSSTjfm, 98_lag_naoPSLjfm, 95_lag_eapPSLjfm, 91_lag_nppc2SSTjfm, 91_lag_traCA, 69_lag_97_median_traFSC_3835_69"
LRforcedPSO,85,30,traEC,slow,951.5,2005.5,0.4,100,70,70,24.38440271001536,0.013582399262179847,3835,"['70_lag_87_median_tripol3', '82_lag_traMC', '70_lag_84_median_satlSSTjfm', '92_lag_mhfATL60', '92_lag_stratZ50ndj03', '74_lag_seurTSjfm', '87_lag_traDS', '81_lag_traEC', '73_lag_satlSSTjfm', '73_lag_shTSjfm', '86_lag_traFS', '70_lag_79_median_scpPSLjfm', '89_lag_nppc3SSTjfm', '70_lag_84_median_traFB', '70_lag_82_median_nhSICsep', '86_lag_wnorPRjfm', '70_lag_84_median_samPSLann', '86_lag_ginwSSTjfm', '70_lag_73_median_satlSSTjfm', '70_lag_99_median_satlSSTjfm', '70_lag_98_median_seurTSjfm', '70_lag_77_median_shTSjfm', '70_lag_94_median_traTLS', '79_lag_shTSjfm', '70_lag_86_median_seurTSjfm', '70_lag_94_median_tripol3', '70_lag_84_median_ensoSSTjfm', '70_lag_94_median_yrvPRjja', '70_lag_94_median_amo2', '70_lag_90_median_traEC']","[2.719275252279747, 8.773849174818771, 7.524597813688803, 4.5600507862765305, 4.464786839426868, 3.3053528733110067, 5.107418368189416, 5.952720430781987, 2.5518359944184326, 4.418141507117607, 1.39420381587958, 0.27871163949442845, 0.5776581575743656, 3.4106797597060208, 2.0992099875308305, 3.8894642951188665, 5.093271468069897, 4.583220271629138, 7.789208990588601, 4.415085738706064, 3.7652866147921564, 2.800364706867901, 6.688489130367884, 9.18503879790637, 4.892184912915372, 8.32596559516267, 2.0827361518748404, 5.977019109741185, 5.500202717621081, 0.30203796453690934]","70_lag_87_median_tripol3, 82_lag_traMC, 70_lag_84_median_satlSSTjfm, 92_lag_mhfATL60, 92_lag_stratZ50ndj03, 74_lag_seurTSjfm, 87_lag_traDS, 81_lag_traEC, 73_lag_satlSSTjfm, 73_lag_shTSjfm, 86_lag_traFS, 70_lag_79_median_scpPSLjfm, 89_lag_nppc3SSTjfm, 70_lag_84_median_traFB, 70_lag_82_median_nhSICsep, 86_lag_wnorPRjfm, 70_lag_84_median_samPSLann, 86_lag_ginwSSTjfm, 70_lag_73_median_satlSSTjfm, 70_lag_99_median_satlSSTjfm, 70_lag_98_median_seurTSjfm, 70_lag_77_median_shTSjfm, 70_lag_94_median_traTLS, 79_lag_shTSjfm, 70_lag_86_median_seurTSjfm, 70_lag_94_median_tripol3, 70_lag_84_median_ensoSSTjfm, 70_lag_94_median_yrvPRjja, 70_lag_94_median_amo2, 70_lag_90_median_traEC_3835_70"
