model,num_irrelevant,max_allowed_features,target_feature,dataset,year_start,year_end,splitsize,max_lag,init_lag,max_forecast,mae_score,corr_score,n_total_features,selected_feature_list,feature_importances,selected_features
LinearRegression,0,30,shTSjfm,shigh,1714.5,2005.5,0.8,15,1,1,13.33746993067829,0.7175383225723712,1755,"['8_lag_traMC', '13_lag_nchinaPRjja', '12_lag_stratZ50ndj01', '1_lag_tripol2', '6_lag_nppc2SSTjfm', '3_lag_shSICmar', '1_lag_tripol3', '7_lag_traCA', '13_lag_labSSTjfm', '10_lag_cetTSjfm', '13_lag_arcTSjfm', '4_lag_nhSICsep', '1_lag_scpPSLjfm', '9_lag_stratZ50ndj02', '10_lag_nchinaPRjja', '11_lag_traBS', '9_lag_scpPSLjfm', '12_lag_traIT', '3_lag_stratZ50ndj01', '1_lag_samPSLann', '6_lag_stratZ50ndj01', '13_lag_traWP', '14_lag_alpi', '1_lag_amoSSTmjjaso', '1_lag_traEC', '4_lag_eurPSLjfm', '14_lag_ginwSSTjfm', '8_lag_eapPSLjfm', '1_lag_glomaSSTjfm', '1_lag_nppc2SSTjfm']","[0.052154772881796305, 0.005627186436172486, 0.010105222458176738, 0.0287620633753679, 0.04443535089803508, 0.0592828340223302, 0.05831613967253164, 0.06926408197888775, 0.04556008565600624, 0.019976695635341414, 0.004677932290392687, 0.017066710486609724, 0.04653746796566535, 0.06098149091136775, 0.0526291905766322, 0.043263734809922225, 0.017807978779128875, 0.01677974849572529, 0.04425443791293796, 0.051389290655164975, 0.0029480685410114785, 0.11327784461559895, 0.011571256550900896, 0.06957447525764818, 0.014527442913420367, 0.06571853884616924, 0.051762858817048306, 0.06090499778907057, 0.4057354805871512, 0.08233604459256932]","8_lag_traMC, 13_lag_nchinaPRjja, 12_lag_stratZ50ndj01, 1_lag_tripol2, 6_lag_nppc2SSTjfm, 3_lag_shSICmar, 1_lag_tripol3, 7_lag_traCA, 13_lag_labSSTjfm, 10_lag_cetTSjfm, 13_lag_arcTSjfm, 4_lag_nhSICsep, 1_lag_scpPSLjfm, 9_lag_stratZ50ndj02, 10_lag_nchinaPRjja, 11_lag_traBS, 9_lag_scpPSLjfm, 12_lag_traIT, 3_lag_stratZ50ndj01, 1_lag_samPSLann, 6_lag_stratZ50ndj01, 13_lag_traWP, 14_lag_alpi, 1_lag_amoSSTmjjaso, 1_lag_traEC, 4_lag_eurPSLjfm, 14_lag_ginwSSTjfm, 8_lag_eapPSLjfm, 1_lag_glomaSSTjfm, 1_lag_nppc2SSTjfm_1755_1"
LinearRegression,1,30,shTSjfm,shigh,1715.5,2005.5,0.8,16,1,1,12.348728117471317,0.7498440686263455,1885,"['13_lag_ginwSSTjfm', '1_lag_2_median_stratZ50ndj04', '1_lag_tripol2', '6_lag_nppc2SSTjfm', '7_lag_traCA', '1_lag_ginwSSTjfm', '9_lag_scpPSLjfm', '15_lag_stratZ50ndj01', '9_lag_stratZ50ndj02', '15_lag_traWP', '4_lag_nhSICsep', '13_lag_arcTSjfm', '6_lag_alpi', '3_lag_eurPSLjfm', '1_lag_amoSSTmjjaso', '8_lag_traMC', '1_lag_samPSLann', '1_lag_scpPSLjfm', '3_lag_stratZ50ndj01', '13_lag_traWP', '1_lag_traEC', '15_lag_shSICsep', '6_lag_stratZ50ndj01', '14_lag_alpi', '8_lag_eapPSLjfm', '14_lag_ginwSSTjfm', '15_lag_traEU', '1_lag_glomaSSTjfm', '1_lag_nppc2SSTjfm', '15_lag_scpPSLjfm']","[0.04506382189798547, 0.030551957296437046, 0.02391897205706703, 0.035338957727043825, 0.07342337139208314, 0.03355830888473131, 0.017317878598674112, 0.013668280274430594, 0.044301277445368464, 0.0326631721692753, 0.03698393673274362, 0.0070929825582558715, 0.032723401607424714, 0.07559350809016216, 0.05922795457550421, 0.056499265840105846, 0.04757616449261445, 0.04406817503577041, 0.03006814513088571, 0.1357395399199197, 0.014265746651191043, 0.027539455418900072, 0.004535260282035368, 0.001257475595938595, 0.07739237614622382, 0.026845047614026136, 0.0544051442985769, 0.5377563933248471, 0.06609241597567996, 0.07081178644297793]","13_lag_ginwSSTjfm, 1_lag_2_median_stratZ50ndj04, 1_lag_tripol2, 6_lag_nppc2SSTjfm, 7_lag_traCA, 1_lag_ginwSSTjfm, 9_lag_scpPSLjfm, 15_lag_stratZ50ndj01, 9_lag_stratZ50ndj02, 15_lag_traWP, 4_lag_nhSICsep, 13_lag_arcTSjfm, 6_lag_alpi, 3_lag_eurPSLjfm, 1_lag_amoSSTmjjaso, 8_lag_traMC, 1_lag_samPSLann, 1_lag_scpPSLjfm, 3_lag_stratZ50ndj01, 13_lag_traWP, 1_lag_traEC, 15_lag_shSICsep, 6_lag_stratZ50ndj01, 14_lag_alpi, 8_lag_eapPSLjfm, 14_lag_ginwSSTjfm, 15_lag_traEU, 1_lag_glomaSSTjfm, 1_lag_nppc2SSTjfm, 15_lag_scpPSLjfm_1885_1"
LinearRegression,2,30,shTSjfm,shigh,1716.5,2005.5,0.8,17,1,1,11.128186072646242,0.7639770596954498,2015,"['16_lag_eapPSLjfm', '13_lag_arcTSjfm', '12_lag_stratZ50ndj01', '8_lag_alpi', '10_lag_cetTSjfm', '16_lag_nchinaPRjja', '15_lag_shSICsep', '6_lag_alpi', '6_lag_stratZ50ndj02', '1_lag_tripol2', '15_lag_stratZ50ndj01', '13_lag_ginwSSTjfm', '10_lag_nchinaPRjja', '1_lag_tripol3', '1_lag_amoSSTmjjaso', '13_lag_traWP', '3_lag_eurPSLjfm', '1_lag_scpPSLjfm', '8_lag_traMC', '1_lag_traEC', '1_lag_samPSLann', '3_lag_stratZ50ndj01', '14_lag_ginwSSTjfm', '14_lag_alpi', '6_lag_stratZ50ndj01', '1_lag_nppc2SSTjfm', '8_lag_eapPSLjfm', '1_lag_glomaSSTjfm', '15_lag_traEU', '15_lag_scpPSLjfm']","[0.04041494288590441, 0.019282117297387637, 0.011036767393774039, 0.00082322167048384, 0.01429851447170026, 0.055901115330596614, 0.04002105872864245, 0.020441681563776348, 0.011176550022731426, 0.01687287556106936, 0.00897238990765543, 0.041456528641897965, 0.0428959580264475, 0.025217316094261106, 0.08949304555130125, 0.13368953391184865, 0.07777824469454764, 0.045007078106208326, 0.055642813808328175, 0.011765408632175262, 0.06003023652398259, 0.029614982541604894, 0.043016337641921754, 0.004246532901689892, 0.0031544491277647286, 0.06240168546207435, 0.06926049656588786, 0.48761658104232697, 0.049316728337339376, 0.07175326769794317]","16_lag_eapPSLjfm, 13_lag_arcTSjfm, 12_lag_stratZ50ndj01, 8_lag_alpi, 10_lag_cetTSjfm, 16_lag_nchinaPRjja, 15_lag_shSICsep, 6_lag_alpi, 6_lag_stratZ50ndj02, 1_lag_tripol2, 15_lag_stratZ50ndj01, 13_lag_ginwSSTjfm, 10_lag_nchinaPRjja, 1_lag_tripol3, 1_lag_amoSSTmjjaso, 13_lag_traWP, 3_lag_eurPSLjfm, 1_lag_scpPSLjfm, 8_lag_traMC, 1_lag_traEC, 1_lag_samPSLann, 3_lag_stratZ50ndj01, 14_lag_ginwSSTjfm, 14_lag_alpi, 6_lag_stratZ50ndj01, 1_lag_nppc2SSTjfm, 8_lag_eapPSLjfm, 1_lag_glomaSSTjfm, 15_lag_traEU, 15_lag_scpPSLjfm_2015_1"
LinearRegression,3,30,shTSjfm,shigh,1717.5,2005.5,0.8,18,1,1,12.882893788427433,0.7018663003516571,2145,"['12_lag_traIT', '10_lag_cetTSjfm', '11_lag_traFS', '1_lag_glTSjfm', '14_lag_stratZ50ndj02', '8_lag_traFB', '15_lag_stratZ50ndj01', '7_lag_traCA', '13_lag_traWP', '10_lag_nchinaPRjja', '4_lag_amo3', '6_lag_alpi', '16_lag_nchinaPRjja', '13_lag_ginwSSTjfm', '1_lag_tripol2', '17_lag_nhSICjfm', '1_lag_traEC', '6_lag_stratZ50ndj01', '8_lag_eapPSLjfm', '17_lag_arcTSjfm', '8_lag_traMC', '3_lag_stratZ50ndj01', '15_lag_traEU', '14_lag_ginwSSTjfm', '1_lag_samPSLann', '1_lag_glomaSSTjfm', '1_lag_nppc2SSTjfm', '1_lag_scpPSLjfm', '14_lag_alpi', '15_lag_scpPSLjfm']","[0.007268752508380383, 0.01996948474110466, 0.07181559243450333, 0.09869437258146939, 0.026174388557200584, 0.025594930042512135, 0.009993373660892528, 0.0790826805173269, 0.08357251559348261, 0.04968069355098258, 0.09165148742550912, 0.026107257810766702, 0.049868577102848755, 0.039186812969139645, 0.023400911583740195, 0.01998561000094001, 0.023119003482430987, 0.0030135968196682034, 0.06699925779220622, 0.07235926509157396, 0.08355446867027391, 0.032097910999096514, 0.053381036823898304, 0.04008723123196841, 0.06751703234255688, 0.43747812129176494, 0.06209164919447926, 0.05491860061253165, 0.00788462461845317, 0.07446945489352766]","12_lag_traIT, 10_lag_cetTSjfm, 11_lag_traFS, 1_lag_glTSjfm, 14_lag_stratZ50ndj02, 8_lag_traFB, 15_lag_stratZ50ndj01, 7_lag_traCA, 13_lag_traWP, 10_lag_nchinaPRjja, 4_lag_amo3, 6_lag_alpi, 16_lag_nchinaPRjja, 13_lag_ginwSSTjfm, 1_lag_tripol2, 17_lag_nhSICjfm, 1_lag_traEC, 6_lag_stratZ50ndj01, 8_lag_eapPSLjfm, 17_lag_arcTSjfm, 8_lag_traMC, 3_lag_stratZ50ndj01, 15_lag_traEU, 14_lag_ginwSSTjfm, 1_lag_samPSLann, 1_lag_glomaSSTjfm, 1_lag_nppc2SSTjfm, 1_lag_scpPSLjfm, 14_lag_alpi, 15_lag_scpPSLjfm_2145_1"
LinearRegression,4,30,shTSjfm,shigh,1718.5,2005.5,0.8,19,1,1,12.25270947024549,0.724463944237985,2275,"['3_lag_shSICmar', '1_lag_2_median_stratZ50ndj04', '2_lag_stratZ50ndj04', '18_lag_samPSLann', '9_lag_scpPSLjfm', '3_lag_eurPSLjfm', '6_lag_alpi', '17_lag_nhSICjfm', '7_lag_traCA', '1_lag_tripol3', '7_lag_scpPSLjfm', '1_lag_traEC', '13_lag_ginwSSTjfm', '1_lag_tripol2', '10_lag_nchinaPRjja', '1_lag_samPSLann', '6_lag_stratZ50ndj01', '14_lag_alpi', '17_lag_arcTSjfm', '16_lag_nchinaPRjja', '14_lag_ginwSSTjfm', '8_lag_eapPSLjfm', '18_lag_stratZ50ndj02', '15_lag_traEU', '8_lag_traMC', '3_lag_stratZ50ndj01', '1_lag_glomaSSTjfm', '15_lag_scpPSLjfm', '1_lag_scpPSLjfm', '1_lag_nppc2SSTjfm']","[0.08016547979442153, 331343871541.6616, 331343871541.61993, 0.028767166768652, 0.04767283177669075, 0.06346840755658514, 0.02838758474898989, 0.012811878851431681, 0.06296131852713768, 0.026465629175993127, 0.0106675732548781, 0.014427342513256875, 0.022981170834826592, 0.00041823400742113366, 0.033750013246498886, 0.04738154990480881, 0.00785626109321189, 0.00102996826171875, 0.08013916015625, 0.06853485107421875, 0.027751922607421875, 0.06476593017578125, 0.0511932373046875, 0.0395355224609375, 0.06573486328125, 0.041015625, 0.47528076171875, 0.07482147216796875, 0.0415191650390625, 0.06829071044921875]","3_lag_shSICmar, 1_lag_2_median_stratZ50ndj04, 2_lag_stratZ50ndj04, 18_lag_samPSLann, 9_lag_scpPSLjfm, 3_lag_eurPSLjfm, 6_lag_alpi, 17_lag_nhSICjfm, 7_lag_traCA, 1_lag_tripol3, 7_lag_scpPSLjfm, 1_lag_traEC, 13_lag_ginwSSTjfm, 1_lag_tripol2, 10_lag_nchinaPRjja, 1_lag_samPSLann, 6_lag_stratZ50ndj01, 14_lag_alpi, 17_lag_arcTSjfm, 16_lag_nchinaPRjja, 14_lag_ginwSSTjfm, 8_lag_eapPSLjfm, 18_lag_stratZ50ndj02, 15_lag_traEU, 8_lag_traMC, 3_lag_stratZ50ndj01, 1_lag_glomaSSTjfm, 15_lag_scpPSLjfm, 1_lag_scpPSLjfm, 1_lag_nppc2SSTjfm_2275_1"
LinearRegression,5,30,shTSjfm,shigh,1719.5,2005.5,0.8,20,1,1,13.697731759602503,0.7416561968649681,2405,"['14_lag_alpi', '6_lag_alpi', '14_lag_labSSTjfm', '4_lag_amo3', '11_lag_traFS', '1_lag_shSICmar', '19_lag_traMC', '19_lag_traBO', '11_lag_neurTSjfm', '1_lag_ginwSSTjfm', '1_lag_traEC', '1_lag_tripol2', '19_lag_traFS', '19_lag_traTLS', '17_lag_arcTSjfm', '13_lag_ginwSSTjfm', '6_lag_stratZ50ndj01', '18_lag_stratZ50ndj02', '16_lag_nchinaPRjja', '14_lag_ginwSSTjfm', '10_lag_nchinaPRjja', '15_lag_traEU', '8_lag_eapPSLjfm', '8_lag_traMC', '1_lag_glomaSSTjfm', '1_lag_samPSLann', '3_lag_stratZ50ndj01', '1_lag_scpPSLjfm', '15_lag_scpPSLjfm', '1_lag_nppc2SSTjfm']","[0.0005607957295613134, 0.02109730441296577, 0.04760217671668539, 0.03744442747862039, 0.08185603244993284, 0.07518515526533674, 0.014699686532479076, 0.014465405164489431, 0.07299822858756125, 0.043817416944872886, 0.0068752857736967075, 0.0052011022001908136, 0.06889857613334863, 0.013642783059440142, 0.11166838512577279, 0.045296042311723655, 0.0017528217493892595, 0.04914316753829326, 0.05862868837296135, 0.07025978141733791, 0.06820966751175589, 0.04282307046191573, 0.05694098767597268, 0.07876066563826344, 0.4551177651955058, 0.051842365730622675, 0.052502080504608785, 0.022457775641089157, 0.07376228494202572, 0.07737956378683457]","14_lag_alpi, 6_lag_alpi, 14_lag_labSSTjfm, 4_lag_amo3, 11_lag_traFS, 1_lag_shSICmar, 19_lag_traMC, 19_lag_traBO, 11_lag_neurTSjfm, 1_lag_ginwSSTjfm, 1_lag_traEC, 1_lag_tripol2, 19_lag_traFS, 19_lag_traTLS, 17_lag_arcTSjfm, 13_lag_ginwSSTjfm, 6_lag_stratZ50ndj01, 18_lag_stratZ50ndj02, 16_lag_nchinaPRjja, 14_lag_ginwSSTjfm, 10_lag_nchinaPRjja, 15_lag_traEU, 8_lag_eapPSLjfm, 8_lag_traMC, 1_lag_glomaSSTjfm, 1_lag_samPSLann, 3_lag_stratZ50ndj01, 1_lag_scpPSLjfm, 15_lag_scpPSLjfm, 1_lag_nppc2SSTjfm_2405_1"
LinearRegression,6,30,shTSjfm,shigh,1720.5,2005.5,0.8,21,1,1,12.559145648389718,0.7181160794562855,2535,"['6_lag_alpi', '1_lag_ginwSSTjfm', '1_lag_tripol2', '7_lag_traCA', '19_lag_scpPSLjfm', '20_lag_traFB', '19_lag_traMC', '10_lag_nchinaPRjja', '11_lag_neurTSjfm', '14_lag_alpi', '19_lag_traBO', '19_lag_traTLS', '17_lag_arcTSjfm', '13_lag_ginwSSTjfm', '18_lag_stratZ50ndj02', '1_lag_traEC', '15_lag_traEU', '6_lag_stratZ50ndj01', '14_lag_ginwSSTjfm', '19_lag_traFS', '20_lag_eurPSLjfm', '1_lag_glomaSSTjfm', '16_lag_nchinaPRjja', '3_lag_stratZ50ndj01', '8_lag_traMC', '1_lag_samPSLann', '8_lag_eapPSLjfm', '1_lag_scpPSLjfm', '15_lag_scpPSLjfm', '1_lag_nppc2SSTjfm']","[0.03467423066784358, 0.06282997675144135, 0.012323470965186472, 0.06836732681229772, 0.0044138233488899845, 0.0423858063110501, 0.0006532608768580429, 0.06508970292611184, 0.08692421782690762, 0.005708663724635988, 0.019229660023287253, 0.015304922200756996, 0.06868960907589051, 0.029830588148462404, 0.05437860366534232, 0.02707669682533933, 0.033677215000172143, 0.0016963950261220948, 0.040908515922473576, 0.057245327997546704, 0.022068489362383148, 0.5141873876031969, 0.06182295727691191, 0.03269535570431568, 0.07986326622606492, 0.0589086140501364, 0.06933512556298468, 0.016438815859813074, 0.08186166069879544, 0.06940093431082096]","6_lag_alpi, 1_lag_ginwSSTjfm, 1_lag_tripol2, 7_lag_traCA, 19_lag_scpPSLjfm, 20_lag_traFB, 19_lag_traMC, 10_lag_nchinaPRjja, 11_lag_neurTSjfm, 14_lag_alpi, 19_lag_traBO, 19_lag_traTLS, 17_lag_arcTSjfm, 13_lag_ginwSSTjfm, 18_lag_stratZ50ndj02, 1_lag_traEC, 15_lag_traEU, 6_lag_stratZ50ndj01, 14_lag_ginwSSTjfm, 19_lag_traFS, 20_lag_eurPSLjfm, 1_lag_glomaSSTjfm, 16_lag_nchinaPRjja, 3_lag_stratZ50ndj01, 8_lag_traMC, 1_lag_samPSLann, 8_lag_eapPSLjfm, 1_lag_scpPSLjfm, 15_lag_scpPSLjfm, 1_lag_nppc2SSTjfm_2535_1"
LinearRegression,7,30,shTSjfm,shigh,1721.5,2005.5,0.8,22,1,1,12.678755596948623,0.7323154387981927,2665,"['1_lag_tripol3', '20_lag_scpPSLjfm', '17_lag_arcTSjfm', '18_lag_traFS', '21_lag_ginwSSTjfm', '4_lag_amo3', '3_lag_eurPSLjfm', '13_lag_ginwSSTjfm', '19_lag_traTLS', '19_lag_traBO', '15_lag_traEU', '14_lag_ginwSSTjfm', '21_lag_traBO', '19_lag_traMC', '11_lag_neurTSjfm', '21_lag_stratZ50ndj01', '6_lag_stratZ50ndj01', '19_lag_traFS', '18_lag_stratZ50ndj02', '8_lag_traMC', '1_lag_traEC', '20_lag_eurPSLjfm', '1_lag_glomaSSTjfm', '16_lag_nchinaPRjja', '8_lag_eapPSLjfm', '3_lag_stratZ50ndj01', '1_lag_scpPSLjfm', '1_lag_samPSLann', '15_lag_scpPSLjfm', '1_lag_nppc2SSTjfm']","[0.01452904256045595, 0.038346336341055165, 0.06297716425901732, 0.034347800980329336, 0.042611189065724794, 0.058629540774965884, 0.07023074676660045, 0.03953569592912808, 0.0035857747615416708, 0.044844100489853, 0.04123134324460743, 0.055266008548873306, 0.058963414824125794, 0.0083552696529968, 0.05638727220568937, 0.0015814611642637464, 0.0004701529582848553, 0.0388467055562191, 0.06757160554029926, 0.07130523876930918, 0.007640197916952217, 0.015996549172252718, 0.5239896691477732, 0.06508032463533919, 0.05138978272559101, 0.045417491240653904, 0.04060907137208736, 0.07154544640486357, 0.08230834731953506, 0.07117190184191588]","1_lag_tripol3, 20_lag_scpPSLjfm, 17_lag_arcTSjfm, 18_lag_traFS, 21_lag_ginwSSTjfm, 4_lag_amo3, 3_lag_eurPSLjfm, 13_lag_ginwSSTjfm, 19_lag_traTLS, 19_lag_traBO, 15_lag_traEU, 14_lag_ginwSSTjfm, 21_lag_traBO, 19_lag_traMC, 11_lag_neurTSjfm, 21_lag_stratZ50ndj01, 6_lag_stratZ50ndj01, 19_lag_traFS, 18_lag_stratZ50ndj02, 8_lag_traMC, 1_lag_traEC, 20_lag_eurPSLjfm, 1_lag_glomaSSTjfm, 16_lag_nchinaPRjja, 8_lag_eapPSLjfm, 3_lag_stratZ50ndj01, 1_lag_scpPSLjfm, 1_lag_samPSLann, 15_lag_scpPSLjfm, 1_lag_nppc2SSTjfm_2665_1"
LinearRegression,8,30,shTSjfm,shigh,1722.5,2005.5,0.8,23,1,1,13.476732684108887,0.7395517160891709,2795,"['3_lag_eurPSLjfm', '1_lag_tripol2', '18_lag_traFS', '21_lag_traBO', '20_lag_scpPSLjfm', '19_lag_traMC', '21_lag_stratZ50ndj01', '4_lag_amo3', '14_lag_ginwSSTjfm', '1_lag_tripol3', '19_lag_traTLS', '19_lag_traBO', '6_lag_stratZ50ndj01', '8_lag_traMC', '1_lag_traEC', '22_lag_nchinaPRjja', '18_lag_stratZ50ndj02', '11_lag_neurTSjfm', '15_lag_traEU', '19_lag_traFS', '22_lag_shSICmar', '16_lag_nchinaPRjja', '8_lag_eapPSLjfm', '20_lag_eurPSLjfm', '1_lag_glomaSSTjfm', '3_lag_stratZ50ndj01', '1_lag_samPSLann', '15_lag_scpPSLjfm', '1_lag_scpPSLjfm', '1_lag_nppc2SSTjfm']","[0.08061185599804316, 0.03947448974128907, 0.05301597868155074, 0.04965069454939392, 0.04082823068928798, 0.01159788700444143, 0.004843167275443739, 0.05288692497425873, 0.07931590852798237, 0.004163399093444629, 0.017433212415867403, 0.026709985615209122, 0.009557508060873963, 0.06890012522499853, 0.007325593195243816, 0.0005738677070181942, 0.062729988344617, 0.05942750803135169, 0.036470890037089684, 0.022149595898378747, 0.04068547738448842, 0.06563336644704237, 0.049177512007781705, 0.009070600360016976, 0.5698344963392789, 0.053277668544295435, 0.07201223726361596, 0.07847646518145093, 0.03801562203976951, 0.05556600802358541]","3_lag_eurPSLjfm, 1_lag_tripol2, 18_lag_traFS, 21_lag_traBO, 20_lag_scpPSLjfm, 19_lag_traMC, 21_lag_stratZ50ndj01, 4_lag_amo3, 14_lag_ginwSSTjfm, 1_lag_tripol3, 19_lag_traTLS, 19_lag_traBO, 6_lag_stratZ50ndj01, 8_lag_traMC, 1_lag_traEC, 22_lag_nchinaPRjja, 18_lag_stratZ50ndj02, 11_lag_neurTSjfm, 15_lag_traEU, 19_lag_traFS, 22_lag_shSICmar, 16_lag_nchinaPRjja, 8_lag_eapPSLjfm, 20_lag_eurPSLjfm, 1_lag_glomaSSTjfm, 3_lag_stratZ50ndj01, 1_lag_samPSLann, 15_lag_scpPSLjfm, 1_lag_scpPSLjfm, 1_lag_nppc2SSTjfm_2795_1"
LinearRegression,9,30,shTSjfm,shigh,1723.5,2005.5,0.8,24,1,1,12.930930866331293,0.7485851137642808,2925,"['6_lag_alpi', '1_lag_tripol3', '1_lag_wnorPRjfm', '19_lag_traMC', '21_lag_traBO', '19_lag_ensoSSTjfm', '6_lag_stratZ50ndj01', '23_lag_traBS', '8_lag_traMC', '18_lag_stratZ50ndj02', '22_lag_nchinaPRjja', '9_lag_traEU', '23_lag_traEU', '1_lag_traEC', '20_lag_scpPSLjfm', '19_lag_traBO', '11_lag_neurTSjfm', '23_lag_stratZ50ndj02', '15_lag_traEU', '19_lag_traFS', '1_lag_samPSLann', '22_lag_shSICmar', '20_lag_eurPSLjfm', '16_lag_nchinaPRjja', '15_lag_scpPSLjfm', '1_lag_glomaSSTjfm', '8_lag_eapPSLjfm', '3_lag_stratZ50ndj01', '1_lag_scpPSLjfm', '1_lag_nppc2SSTjfm']","[0.015189798153985079, 0.033461180573068815, 0.0018672234370120506, 0.018599968041674474, 0.03585851129523328, 0.03229608953197015, 0.012762967413563135, 0.015796981411241848, 0.07143908536524723, 0.060328089678062954, 0.003324758859178197, 0.013775545026389297, 0.06321403390220423, 0.020510784738580198, 0.039605659568529385, 0.010973430561971514, 0.06227717548115189, 0.03346965950286264, 0.026737767834654754, 0.016641777836436424, 0.05701514933499346, 0.06172602065409465, 0.01581020408714075, 0.06140271368288265, 0.06299304427564781, 0.5126124121748378, 0.05015137144697542, 0.04183182733572916, 0.028582126490258337, 0.05628968427110793]","6_lag_alpi, 1_lag_tripol3, 1_lag_wnorPRjfm, 19_lag_traMC, 21_lag_traBO, 19_lag_ensoSSTjfm, 6_lag_stratZ50ndj01, 23_lag_traBS, 8_lag_traMC, 18_lag_stratZ50ndj02, 22_lag_nchinaPRjja, 9_lag_traEU, 23_lag_traEU, 1_lag_traEC, 20_lag_scpPSLjfm, 19_lag_traBO, 11_lag_neurTSjfm, 23_lag_stratZ50ndj02, 15_lag_traEU, 19_lag_traFS, 1_lag_samPSLann, 22_lag_shSICmar, 20_lag_eurPSLjfm, 16_lag_nchinaPRjja, 15_lag_scpPSLjfm, 1_lag_glomaSSTjfm, 8_lag_eapPSLjfm, 3_lag_stratZ50ndj01, 1_lag_scpPSLjfm, 1_lag_nppc2SSTjfm_2925_1"
LinearRegression,10,30,shTSjfm,shigh,1724.5,2005.5,0.8,25,1,1,13.891957471292148,0.7249353088136687,3055,"['19_lag_traMC', '21_lag_traBO', '24_lag_eapPSLjfm', '20_lag_scpPSLjfm', '1_lag_traEC', '18_lag_stratZ50ndj02', '23_lag_traEU', '23_lag_traBS', '24_lag_alpi', '19_lag_traTLS', '1_lag_wnorPRjfm', '19_lag_ensoSSTjfm', '24_lag_traEC', '19_lag_traBO', '24_lag_shSICmar', '22_lag_nchinaPRjja', '11_lag_neurTSjfm', '20_lag_eurPSLjfm', '15_lag_traEU', '23_lag_stratZ50ndj02', '16_lag_nchinaPRjja', '19_lag_traFS', '1_lag_samPSLann', '1_lag_glomaSSTjfm', '22_lag_shSICmar', '8_lag_eapPSLjfm', '15_lag_scpPSLjfm', '3_lag_stratZ50ndj01', '1_lag_scpPSLjfm', '1_lag_nppc2SSTjfm']","[0.019294131113068522, 0.0438948951969235, 0.0392628708205758, 0.03312350357139806, 0.009187454088748137, 0.04377280817717269, 0.06541428590207869, 0.016335303688596668, 0.030752593813316447, 0.031180841228672023, 0.00212126068134743, 0.029204047831187328, 0.050960102558159526, 0.003810118776714265, 0.0007243666459331436, 0.009170969514209898, 0.06040294577390587, 0.008614151455692906, 0.02026594159603873, 0.030823543164820322, 0.0461492013189224, 0.019477811813933533, 0.07419048553679392, 0.507546808427523, 0.07308769236869943, 0.0585620916458928, 0.05859034511857403, 0.04942699664058862, 0.05472144896946211, 0.0528911524740356]","19_lag_traMC, 21_lag_traBO, 24_lag_eapPSLjfm, 20_lag_scpPSLjfm, 1_lag_traEC, 18_lag_stratZ50ndj02, 23_lag_traEU, 23_lag_traBS, 24_lag_alpi, 19_lag_traTLS, 1_lag_wnorPRjfm, 19_lag_ensoSSTjfm, 24_lag_traEC, 19_lag_traBO, 24_lag_shSICmar, 22_lag_nchinaPRjja, 11_lag_neurTSjfm, 20_lag_eurPSLjfm, 15_lag_traEU, 23_lag_stratZ50ndj02, 16_lag_nchinaPRjja, 19_lag_traFS, 1_lag_samPSLann, 1_lag_glomaSSTjfm, 22_lag_shSICmar, 8_lag_eapPSLjfm, 15_lag_scpPSLjfm, 3_lag_stratZ50ndj01, 1_lag_scpPSLjfm, 1_lag_nppc2SSTjfm_3055_1"
LinearRegression,11,30,shTSjfm,shigh,1725.5,2005.5,0.8,26,1,1,13.876820364517267,0.7039112157847897,3185,"['21_lag_stratZ50ndj01', '23_lag_traBS', '24_lag_traEC', '9_lag_traEU', '19_lag_traBO', '1_lag_wnorPRjfm', '20_lag_eurPSLjfm', '15_lag_alpi', '19_lag_ensoSSTjfm', '19_lag_traTLS', '24_lag_alpi', '25_lag_eurPSLjfm', '22_lag_nchinaPRjja', '18_lag_stratZ50ndj02', '24_lag_shSICmar', '23_lag_traEU', '25_lag_alpi', '23_lag_stratZ50ndj02', '19_lag_traFS', '11_lag_neurTSjfm', '1_lag_samPSLann', '16_lag_nchinaPRjja', '15_lag_traEU', '22_lag_shSICmar', '8_lag_eapPSLjfm', '1_lag_glomaSSTjfm', '15_lag_scpPSLjfm', '3_lag_stratZ50ndj01', '1_lag_scpPSLjfm', '1_lag_nppc2SSTjfm']","[0.01904926005654857, 0.012311372097892709, 0.06395301782921615, 0.02173564985534944, 0.01675120361871424, 0.00910915678073888, 0.007515652137062998, 0.023003203112705196, 0.033979105712212805, 0.038968453019658546, 0.03106884010874648, 0.0051513765549232714, 0.014965662161669965, 0.04421081126534054, 0.006847774606946622, 0.07506998503221807, 0.03113728037424323, 0.03378612245719535, 0.0006282881338820082, 0.056034397694657206, 0.06544055383501772, 0.03943504246733728, 0.009628818985561581, 0.07871287614432473, 0.06269576755449495, 0.4930110572523948, 0.06022000405772752, 0.04887424512747809, 0.05748204416754155, 0.053748534563230276]","21_lag_stratZ50ndj01, 23_lag_traBS, 24_lag_traEC, 9_lag_traEU, 19_lag_traBO, 1_lag_wnorPRjfm, 20_lag_eurPSLjfm, 15_lag_alpi, 19_lag_ensoSSTjfm, 19_lag_traTLS, 24_lag_alpi, 25_lag_eurPSLjfm, 22_lag_nchinaPRjja, 18_lag_stratZ50ndj02, 24_lag_shSICmar, 23_lag_traEU, 25_lag_alpi, 23_lag_stratZ50ndj02, 19_lag_traFS, 11_lag_neurTSjfm, 1_lag_samPSLann, 16_lag_nchinaPRjja, 15_lag_traEU, 22_lag_shSICmar, 8_lag_eapPSLjfm, 1_lag_glomaSSTjfm, 15_lag_scpPSLjfm, 3_lag_stratZ50ndj01, 1_lag_scpPSLjfm, 1_lag_nppc2SSTjfm_3185_1"
LinearRegression,12,30,shTSjfm,shigh,1726.5,2005.5,0.8,27,1,1,14.222239547176041,0.7192255374917634,3315,"['17_lag_traEU', '1_lag_amoSSTmjjaso', '8_lag_traMC', '23_lag_traBS', '22_lag_nchinaPRjja', '19_lag_traFS', '9_lag_stratZ50ndj02', '22_lag_shSICmar', '15_lag_alpi', '20_lag_stratZ50ndj01', '24_lag_traEC', '18_lag_stratZ50ndj02', '24_lag_eapPSLjfm', '23_lag_stratZ50ndj02', '15_lag_scpPSLjfm', '11_lag_ginwSSTjfm', '20_lag_eurPSLjfm', '19_lag_ensoSSTjfm', '24_lag_shSICmar', '24_lag_alpi', '16_lag_nchinaPRjja', '8_lag_eapPSLjfm', '11_lag_neurTSjfm', '15_lag_traEU', '1_lag_samPSLann', '1_lag_wnorPRjfm', '1_lag_glomaSSTjfm', '3_lag_stratZ50ndj01', '1_lag_scpPSLjfm', '1_lag_nppc2SSTjfm']","[0.04890125353992698, 0.04248629928646041, 0.06604595490591507, 0.01917092870272829, 0.025736790917280903, 0.030265145078536285, 0.06436993579825648, 0.07161012559984932, 0.009723049937817432, 0.007714081673165141, 0.052916145944230754, 0.03772862792837377, 0.027153603407512675, 0.025652479000005002, 0.05790015663862241, 0.0704897430328055, 0.013443272700576653, 0.03815273427827647, 0.008395070714264407, 0.04484774128910011, 0.037345762876591616, 0.051913508528333735, 0.059435013467086927, 0.03276869503403432, 0.0607434922389845, 0.007557914607673254, 0.45637745282542175, 0.03473322665599214, 0.05287068862560458, 0.053810456554755234]","17_lag_traEU, 1_lag_amoSSTmjjaso, 8_lag_traMC, 23_lag_traBS, 22_lag_nchinaPRjja, 19_lag_traFS, 9_lag_stratZ50ndj02, 22_lag_shSICmar, 15_lag_alpi, 20_lag_stratZ50ndj01, 24_lag_traEC, 18_lag_stratZ50ndj02, 24_lag_eapPSLjfm, 23_lag_stratZ50ndj02, 15_lag_scpPSLjfm, 11_lag_ginwSSTjfm, 20_lag_eurPSLjfm, 19_lag_ensoSSTjfm, 24_lag_shSICmar, 24_lag_alpi, 16_lag_nchinaPRjja, 8_lag_eapPSLjfm, 11_lag_neurTSjfm, 15_lag_traEU, 1_lag_samPSLann, 1_lag_wnorPRjfm, 1_lag_glomaSSTjfm, 3_lag_stratZ50ndj01, 1_lag_scpPSLjfm, 1_lag_nppc2SSTjfm_3315_1"
LinearRegression,13,30,shTSjfm,shigh,1727.5,2005.5,0.8,28,1,1,13.23466321850943,0.7467494223383564,3445,"['7_lag_traCA', '20_lag_scpPSLjfm', '17_lag_arcTSjfm', '24_lag_eapPSLjfm', '19_lag_tripol2', '20_lag_stratZ50ndj01', '15_lag_alpi', '24_lag_traEC', '25_lag_eurPSLjfm', '22_lag_shSICmar', '19_lag_traFS', '18_lag_stratZ50ndj02', '1_lag_shSICmar', '15_lag_scpPSLjfm', '20_lag_eurPSLjfm', '24_lag_alpi', '19_lag_ensoSSTjfm', '11_lag_ginwSSTjfm', '23_lag_stratZ50ndj02', '8_lag_eapPSLjfm', '24_lag_shSICmar', '1_lag_wnorPRjfm', '15_lag_traEU', '11_lag_neurTSjfm', '3_lag_stratZ50ndj01', '16_lag_nchinaPRjja', '1_lag_glomaSSTjfm', '1_lag_samPSLann', '1_lag_scpPSLjfm', '1_lag_nppc2SSTjfm']","[0.05178854649488527, 0.006661250515888256, 0.07487024685939643, 0.010294577616649366, 0.06806008194995776, 0.020767165939171887, 0.010946404910912862, 0.07044789390013803, 0.0028150542268081634, 0.04852663156999773, 0.023450733516333262, 0.028214944236855673, 0.09246553403453392, 0.06667309783432321, 0.023563219810976553, 0.026473876027015144, 0.030184514628941474, 0.06502338829407633, 0.010651245049997808, 0.0517799346728641, 0.0022723979921732834, 0.013132449573774869, 0.015956059397130733, 0.05073222693904743, 0.04427351680682382, 0.06432227883470058, 0.4689627530002955, 0.07499050350930347, 0.07120567598248558, 0.03387359276807382]","7_lag_traCA, 20_lag_scpPSLjfm, 17_lag_arcTSjfm, 24_lag_eapPSLjfm, 19_lag_tripol2, 20_lag_stratZ50ndj01, 15_lag_alpi, 24_lag_traEC, 25_lag_eurPSLjfm, 22_lag_shSICmar, 19_lag_traFS, 18_lag_stratZ50ndj02, 1_lag_shSICmar, 15_lag_scpPSLjfm, 20_lag_eurPSLjfm, 24_lag_alpi, 19_lag_ensoSSTjfm, 11_lag_ginwSSTjfm, 23_lag_stratZ50ndj02, 8_lag_eapPSLjfm, 24_lag_shSICmar, 1_lag_wnorPRjfm, 15_lag_traEU, 11_lag_neurTSjfm, 3_lag_stratZ50ndj01, 16_lag_nchinaPRjja, 1_lag_glomaSSTjfm, 1_lag_samPSLann, 1_lag_scpPSLjfm, 1_lag_nppc2SSTjfm_3445_1"
LinearRegression,14,30,shTSjfm,shigh,1728.5,2005.5,0.8,29,1,1,12.622242977201141,0.7882136020310674,3575,"['19_lag_tripol2', '1_lag_ginwSSTjfm', '28_lag_stratZ50ndj04', '3_lag_eurPSLjfm', '22_lag_shSICmar', '20_lag_scpPSLjfm', '19_lag_traFS', '8_lag_traMC', '14_lag_ginwSSTjfm', '25_lag_eurPSLjfm', '20_lag_stratZ50ndj01', '24_lag_shSICmar', '24_lag_alpi', '1_lag_shSICmar', '18_lag_stratZ50ndj02', '23_lag_stratZ50ndj02', '11_lag_ginwSSTjfm', '8_lag_eapPSLjfm', '15_lag_scpPSLjfm', '20_lag_eurPSLjfm', '19_lag_ensoSSTjfm', '11_lag_neurTSjfm', '3_lag_stratZ50ndj01', '15_lag_traEU', '1_lag_wnorPRjfm', '16_lag_nchinaPRjja', '1_lag_glomaSSTjfm', '1_lag_samPSLann', '1_lag_scpPSLjfm', '1_lag_nppc2SSTjfm']","[0.14121197538958682, 0.048032070469087786, 0.09833267300137216, 0.04260075237919564, 0.03210799706712526, 0.02615314318551298, 0.03494061757604352, 0.09018790262944967, 0.059705347198551514, 0.017406065829892767, 0.014928365243949634, 0.0011840366901089757, 0.026798139629301835, 0.08744142991690297, 0.05773688081438459, 0.009216904552325851, 0.05539709073406555, 0.04519388075653212, 0.06826256231256618, 0.02596214083281037, 0.09313674206942617, 0.05614648229833842, 0.03362588615926389, 0.039573839723882495, 0.003092576493002941, 0.0714175822804103, 0.4703922147619357, 0.05337157222751223, 0.019567723911666217, 0.03642031413905185]","19_lag_tripol2, 1_lag_ginwSSTjfm, 28_lag_stratZ50ndj04, 3_lag_eurPSLjfm, 22_lag_shSICmar, 20_lag_scpPSLjfm, 19_lag_traFS, 8_lag_traMC, 14_lag_ginwSSTjfm, 25_lag_eurPSLjfm, 20_lag_stratZ50ndj01, 24_lag_shSICmar, 24_lag_alpi, 1_lag_shSICmar, 18_lag_stratZ50ndj02, 23_lag_stratZ50ndj02, 11_lag_ginwSSTjfm, 8_lag_eapPSLjfm, 15_lag_scpPSLjfm, 20_lag_eurPSLjfm, 19_lag_ensoSSTjfm, 11_lag_neurTSjfm, 3_lag_stratZ50ndj01, 15_lag_traEU, 1_lag_wnorPRjfm, 16_lag_nchinaPRjja, 1_lag_glomaSSTjfm, 1_lag_samPSLann, 1_lag_scpPSLjfm, 1_lag_nppc2SSTjfm_3575_1"
LinearRegression,15,30,shTSjfm,shigh,1729.5,2005.5,0.8,30,1,1,14.484568109658323,0.721165284626482,3705,"['22_lag_shSICmar', '25_lag_eurPSLjfm', '24_lag_traEC', '7_lag_traCA', '19_lag_traFS', '14_lag_ginwSSTjfm', '3_lag_eurPSLjfm', '20_lag_scpPSLjfm', '8_lag_traMC', '23_lag_traBS', '15_lag_scpPSLjfm', '20_lag_stratZ50ndj01', '20_lag_eurPSLjfm', '24_lag_alpi', '24_lag_shSICmar', '19_lag_ensoSSTjfm', '11_lag_neurTSjfm', '18_lag_stratZ50ndj02', '1_lag_shSICmar', '11_lag_ginwSSTjfm', '23_lag_stratZ50ndj02', '8_lag_eapPSLjfm', '3_lag_stratZ50ndj01', '1_lag_wnorPRjfm', '16_lag_nchinaPRjja', '15_lag_traEU', '1_lag_glomaSSTjfm', '1_lag_samPSLann', '1_lag_scpPSLjfm', '1_lag_nppc2SSTjfm']","[0.04047110174392681, 0.006297825542374291, 0.06520423731630351, 0.05420151758030226, 0.025567460365388216, 0.04988541772428126, 0.062140842180234315, 0.027574084080081777, 0.06387959680440722, 0.020415247361472485, 0.05928875941628913, 0.014977512642317364, 0.02744481955382338, 0.027478700495792388, 0.009112668351375466, 0.040925062137468035, 0.043034907000372845, 0.0517466523348522, 0.08535588305700453, 0.052760582201324166, 0.012502315052971849, 0.050489639038309234, 0.04701573010428476, 0.010783182187480561, 0.0767989337678556, 0.03254981282773543, 0.48548985851497717, 0.055868862776518875, 0.0467313271754432, 0.035467661356705815]","22_lag_shSICmar, 25_lag_eurPSLjfm, 24_lag_traEC, 7_lag_traCA, 19_lag_traFS, 14_lag_ginwSSTjfm, 3_lag_eurPSLjfm, 20_lag_scpPSLjfm, 8_lag_traMC, 23_lag_traBS, 15_lag_scpPSLjfm, 20_lag_stratZ50ndj01, 20_lag_eurPSLjfm, 24_lag_alpi, 24_lag_shSICmar, 19_lag_ensoSSTjfm, 11_lag_neurTSjfm, 18_lag_stratZ50ndj02, 1_lag_shSICmar, 11_lag_ginwSSTjfm, 23_lag_stratZ50ndj02, 8_lag_eapPSLjfm, 3_lag_stratZ50ndj01, 1_lag_wnorPRjfm, 16_lag_nchinaPRjja, 15_lag_traEU, 1_lag_glomaSSTjfm, 1_lag_samPSLann, 1_lag_scpPSLjfm, 1_lag_nppc2SSTjfm_3705_1"
LinearRegression,16,30,shTSjfm,shigh,1730.5,2005.5,0.8,31,1,1,13.374466903572639,0.7248924609505534,3835,"['25_lag_eurPSLjfm', '20_lag_alpi', '24_lag_eapPSLjfm', '8_lag_traMC', '23_lag_traEU', '24_lag_shSICmar', '20_lag_stratZ50ndj01', '15_lag_alpi', '14_lag_ginwSSTjfm', '24_lag_alpi', '1_lag_tripol2', '15_lag_scpPSLjfm', '11_lag_neurTSjfm', '23_lag_traBS', '19_lag_ensoSSTjfm', '30_lag_eurPSLjfm', '20_lag_eurPSLjfm', '1_lag_shSICmar', '23_lag_stratZ50ndj02', '8_lag_eapPSLjfm', '11_lag_ginwSSTjfm', '18_lag_stratZ50ndj02', '15_lag_traEU', '3_lag_stratZ50ndj01', '1_lag_wnorPRjfm', '16_lag_nchinaPRjja', '1_lag_glomaSSTjfm', '1_lag_samPSLann', '1_lag_scpPSLjfm', '1_lag_nppc2SSTjfm']","[0.0122937446652395, 0.033669979203974465, 0.03670532064491077, 0.07153362012470658, 0.05956794889146233, 0.002724552056474876, 0.01718510868678608, 0.010139573057284672, 0.05335942733474354, 0.027360163091480524, 0.01996991881438961, 0.057747750305013786, 0.06009231817008715, 0.016633373002194828, 0.032033046097927884, 0.0492964747182375, 0.035084277188078425, 0.09310949347925171, 0.007575693548559685, 0.03688154783731305, 0.05069198630744265, 0.058443017611863525, 0.050759452596763364, 0.033165460688221717, 0.009293463189002262, 0.10563183058525336, 0.5249454864420174, 0.04232677656906567, 0.015924852440764546, 0.035388613675777614]","25_lag_eurPSLjfm, 20_lag_alpi, 24_lag_eapPSLjfm, 8_lag_traMC, 23_lag_traEU, 24_lag_shSICmar, 20_lag_stratZ50ndj01, 15_lag_alpi, 14_lag_ginwSSTjfm, 24_lag_alpi, 1_lag_tripol2, 15_lag_scpPSLjfm, 11_lag_neurTSjfm, 23_lag_traBS, 19_lag_ensoSSTjfm, 30_lag_eurPSLjfm, 20_lag_eurPSLjfm, 1_lag_shSICmar, 23_lag_stratZ50ndj02, 8_lag_eapPSLjfm, 11_lag_ginwSSTjfm, 18_lag_stratZ50ndj02, 15_lag_traEU, 3_lag_stratZ50ndj01, 1_lag_wnorPRjfm, 16_lag_nchinaPRjja, 1_lag_glomaSSTjfm, 1_lag_samPSLann, 1_lag_scpPSLjfm, 1_lag_nppc2SSTjfm_3835_1"
LinearRegression,17,30,shTSjfm,shigh,1731.5,2005.5,0.8,32,2,2,27.91593040246999,0.5419510914664848,3835,"['24_lag_nppc3SSTjfm', '24_lag_alpi', '19_lag_tripol2', '2_lag_stratZ50ndj03', '30_lag_eurPSLjfm', '25_lag_eurPSLjfm', '6_lag_alpi', '18_lag_stratZ50ndj02', '11_lag_neurTSjfm', '11_lag_ginwSSTjfm', '9_lag_stratZ50ndj02', '28_lag_eapPSLjfm', '22_lag_shSICmar', '20_lag_stratZ50ndj01', '23_lag_traEU', '3_lag_stratZ50ndj01', '2_lag_3_median_stratZ50ndj01', '15_lag_scpPSLjfm', '15_lag_alpi', '8_lag_eapPSLjfm', '25_lag_alpi', '23_lag_traBS', '20_lag_alpi', '19_lag_ensoSSTjfm', '15_lag_ismPRjja', '24_lag_shSICmar', '15_lag_traEU', '16_lag_nchinaPRjja', '14_lag_ginwSSTjfm', '2_lag_shSICmar']","[0.18847370251346157, 0.030501377759652178, 0.10376271598000929, 0.05290845789703459, 0.06310623361961831, 0.02961438538319466, 0.0042335918042953075, 0.0833902012326375, 0.05038900206646819, 0.1020505137657912, 0.06525669833630356, 0.054139737435499685, 0.11023380942028027, 0.03267003497910012, 0.06570832127509091, 0.02886228725023548, 0.028862287250235506, 0.05363033750805131, 0.0004511066538790585, 0.012870204704095417, 0.047437306619016184, 0.008750807391563142, 0.021885960371131486, 0.020897820265634973, 0.03778881676083108, 0.05050613022927225, 0.08786768191654948, 0.10023345534632484, 0.09745570366017153, 0.11480078102396077]","24_lag_nppc3SSTjfm, 24_lag_alpi, 19_lag_tripol2, 2_lag_stratZ50ndj03, 30_lag_eurPSLjfm, 25_lag_eurPSLjfm, 6_lag_alpi, 18_lag_stratZ50ndj02, 11_lag_neurTSjfm, 11_lag_ginwSSTjfm, 9_lag_stratZ50ndj02, 28_lag_eapPSLjfm, 22_lag_shSICmar, 20_lag_stratZ50ndj01, 23_lag_traEU, 3_lag_stratZ50ndj01, 2_lag_3_median_stratZ50ndj01, 15_lag_scpPSLjfm, 15_lag_alpi, 8_lag_eapPSLjfm, 25_lag_alpi, 23_lag_traBS, 20_lag_alpi, 19_lag_ensoSSTjfm, 15_lag_ismPRjja, 24_lag_shSICmar, 15_lag_traEU, 16_lag_nchinaPRjja, 14_lag_ginwSSTjfm, 2_lag_shSICmar_3835_2"
LinearRegression,18,30,shTSjfm,shigh,1732.5,2005.5,0.8,33,3,3,28.557808755830155,0.41338575286731133,3835,"['19_lag_traFS', '13_lag_nchinaPRjja', '31_lag_mhfATL30', '15_lag_ismPRjja', '24_lag_nppc3SSTjfm', '20_lag_alpi', '18_lag_tripol2', '23_lag_shSICmar', '6_lag_alpi', '12_lag_shSICmar', '9_lag_stratZ50ndj02', '9_lag_traCA', '15_lag_scpPSLjfm', '8_lag_eapPSLjfm', '11_lag_neurTSjfm', '19_lag_traBO', '28_lag_eapPSLjfm', '14_lag_ginwSSTjfm', '19_lag_tripol2', '23_lag_traEU', '25_lag_alpi', '15_lag_alpi', '11_lag_ginwSSTjfm', '3_lag_eurPSLjfm', '32_lag_stratZ50ndj01', '19_lag_ensoSSTjfm', '15_lag_traEU', '16_lag_nchinaPRjja', '3_lag_stratZ50ndj01', '24_lag_shSICmar']","[0.039625442567647176, 0.004000809663317763, 0.0778150581459631, 0.051932503006258825, 0.19563013685833597, 0.01337046615644269, 0.06282533878847146, 0.08619893083604344, 0.011920193038854809, 0.09468513640702012, 0.059510633192735474, 0.12617526614844785, 0.10537039394042916, 0.03237230444723812, 0.05097140039521748, 0.029402806917208302, 0.04323596206406016, 0.09738896661747957, 0.05693120336263775, 0.07823291646870247, 0.029456881506165652, 0.00320450113827699, 0.052739750529809476, 0.0714589701093516, 0.022102021594263763, 0.10901509104100607, 0.08249960376696563, 0.08962957612012454, 0.04217067609032455, 0.0626787264494727]","19_lag_traFS, 13_lag_nchinaPRjja, 31_lag_mhfATL30, 15_lag_ismPRjja, 24_lag_nppc3SSTjfm, 20_lag_alpi, 18_lag_tripol2, 23_lag_shSICmar, 6_lag_alpi, 12_lag_shSICmar, 9_lag_stratZ50ndj02, 9_lag_traCA, 15_lag_scpPSLjfm, 8_lag_eapPSLjfm, 11_lag_neurTSjfm, 19_lag_traBO, 28_lag_eapPSLjfm, 14_lag_ginwSSTjfm, 19_lag_tripol2, 23_lag_traEU, 25_lag_alpi, 15_lag_alpi, 11_lag_ginwSSTjfm, 3_lag_eurPSLjfm, 32_lag_stratZ50ndj01, 19_lag_ensoSSTjfm, 15_lag_traEU, 16_lag_nchinaPRjja, 3_lag_stratZ50ndj01, 24_lag_shSICmar_3835_3"
LinearRegression,19,30,shTSjfm,shigh,1733.5,2005.5,0.8,34,4,8,32.498869086349046,0.5183085404392563,3835,"['18_lag_tripol2', '24_lag_ormenSSTjfm', '22_lag_shSICmar', '26_lag_pdoSSTjfm', '25_lag_alpi', '28_lag_stratZ50ndj04', '32_lag_alpi', '31_lag_mhfATL30', '9_lag_traCA', '23_lag_shSICmar', '12_lag_shSICmar', '8_lag_eapPSLjfm', '14_lag_ginwSSTjfm', '9_lag_stratZ50ndj02', '19_lag_tripol2', '15_lag_scpPSLjfm', '33_lag_traBO', '33_lag_traFS', '32_lag_stratZ50ndj01', '19_lag_traBO', '28_lag_eapPSLjfm', '15_lag_traEU', '23_lag_traEU', '11_lag_neurTSjfm', '19_lag_ensoSSTjfm', '15_lag_ismPRjja', '15_lag_alpi', '11_lag_ginwSSTjfm', '24_lag_shSICmar', '16_lag_nchinaPRjja']","[0.06651519536822977, 0.06718229935737598, 0.04757741820534166, 0.12061063146935001, 0.03222388109088609, 0.14250057783661646, 0.008030061416061756, 0.10023946975201455, 0.10324735614945033, 0.07980995515223377, 0.03333843076200022, 0.046310611305761265, 0.09054287363790611, 0.059951408978141205, 0.11381989430224963, 0.0866911793995983, 0.0430941590170149, 0.02924526363338571, 0.017977805030662587, 0.04368463421416467, 0.05002503322595708, 0.054177822641916756, 0.0665599145292794, 0.06276496459383761, 0.0550100206545476, 0.04487331727026896, 0.00790704323635633, 0.08001472502763549, 0.05773496741353365, 0.09355375500199616]","18_lag_tripol2, 24_lag_ormenSSTjfm, 22_lag_shSICmar, 26_lag_pdoSSTjfm, 25_lag_alpi, 28_lag_stratZ50ndj04, 32_lag_alpi, 31_lag_mhfATL30, 9_lag_traCA, 23_lag_shSICmar, 12_lag_shSICmar, 8_lag_eapPSLjfm, 14_lag_ginwSSTjfm, 9_lag_stratZ50ndj02, 19_lag_tripol2, 15_lag_scpPSLjfm, 33_lag_traBO, 33_lag_traFS, 32_lag_stratZ50ndj01, 19_lag_traBO, 28_lag_eapPSLjfm, 15_lag_traEU, 23_lag_traEU, 11_lag_neurTSjfm, 19_lag_ensoSSTjfm, 15_lag_ismPRjja, 15_lag_alpi, 11_lag_ginwSSTjfm, 24_lag_shSICmar, 16_lag_nchinaPRjja_3835_8"
LinearRegression,20,30,shTSjfm,shigh,1734.5,2005.5,0.8,35,5,8,31.273666363928037,0.42920231347222404,3835,"['28_lag_alpi', '8_lag_eapPSLjfm', '28_lag_stratZ50ndj04', '22_lag_traFSC', '9_lag_stratZ50ndj02', '25_lag_alpi', '23_lag_shSICmar', '19_lag_traEC', '32_lag_alpi', '22_lag_shSICmar', '19_lag_tripol2', '24_lag_stratZ50ndj02', '33_lag_traBO', '12_lag_shSICmar', '19_lag_traBO', '33_lag_traIT', '28_lag_eapPSLjfm', '18_lag_stratZ50ndj02', '24_lag_eapPSLjfm', '33_lag_traFS', '15_lag_traEU', '19_lag_ensoSSTjfm', '32_lag_stratZ50ndj01', '11_lag_neurTSjfm', '23_lag_traEU', '15_lag_alpi', '11_lag_ginwSSTjfm', '24_lag_shSICmar', '15_lag_ismPRjja', '16_lag_nchinaPRjja']","[0.013690654393797939, 0.032654644599130866, 0.12262715512432518, 0.067561372922047, 0.06422019853036055, 0.05718684894616647, 0.06337334900538956, 0.058930151816854, 0.03304693489709115, 0.07933744212939124, 0.17959860278081605, 0.008428505287249536, 0.037118813628425895, 0.039698936460419186, 0.035011195121611285, 0.08599717134031966, 0.07852382585680912, 0.04629181296092158, 0.0018592754015133246, 0.03114022230140892, 0.0548708198424684, 0.11229145926214462, 0.03401389689915311, 0.053611950303807845, 0.08122488887510872, 0.014975070501382536, 0.11031038268093774, 0.03931469807446303, 0.029549852941282415, 0.04892538176919649]","28_lag_alpi, 8_lag_eapPSLjfm, 28_lag_stratZ50ndj04, 22_lag_traFSC, 9_lag_stratZ50ndj02, 25_lag_alpi, 23_lag_shSICmar, 19_lag_traEC, 32_lag_alpi, 22_lag_shSICmar, 19_lag_tripol2, 24_lag_stratZ50ndj02, 33_lag_traBO, 12_lag_shSICmar, 19_lag_traBO, 33_lag_traIT, 28_lag_eapPSLjfm, 18_lag_stratZ50ndj02, 24_lag_eapPSLjfm, 33_lag_traFS, 15_lag_traEU, 19_lag_ensoSSTjfm, 32_lag_stratZ50ndj01, 11_lag_neurTSjfm, 23_lag_traEU, 15_lag_alpi, 11_lag_ginwSSTjfm, 24_lag_shSICmar, 15_lag_ismPRjja, 16_lag_nchinaPRjja_3835_8"
LinearRegression,21,30,shTSjfm,shigh,1735.5,2005.5,0.8,36,6,9,30.41001146692724,0.4212961592886166,3835,"['23_lag_shSICmar', '19_lag_tripol2', '24_lag_nppc3SSTjfm', '22_lag_ormenSSTjfm', '33_lag_samPSLann', '9_lag_stratZ50ndj02', '22_lag_traFSC', '18_lag_stratZ50ndj02', '25_lag_eurPSLjfm', '33_lag_traIT', '33_lag_traBO', '19_lag_traEC', '12_lag_shSICmar', '15_lag_alpi', '32_lag_alpi', '19_lag_ensoSSTjfm', '24_lag_eapPSLjfm', '15_lag_traEU', '28_lag_eapPSLjfm', '32_lag_stratZ50ndj01', '25_lag_alpi', '33_lag_traFS', '20_lag_alpi', '24_lag_stratZ50ndj02', '23_lag_traEU', '11_lag_neurTSjfm', '24_lag_shSICmar', '11_lag_ginwSSTjfm', '16_lag_nchinaPRjja', '15_lag_ismPRjja']","[0.05601713672559315, 0.10844973295603066, 0.24023484490493058, 0.05131552629345598, 0.09587569387479565, 0.05458473884113358, 0.07324841453891089, 0.04997948385094638, 0.07854798814387817, 0.11532088001422892, 0.06691880220131215, 0.07586586335160078, 0.07349880572063865, 0.014524811454434903, 0.026374903056400983, 0.05000782836484905, 0.004722057754757929, 0.0762394868504079, 0.0718598080419941, 0.042576354192179845, 0.04443235847382207, 0.026649946409350804, 0.006569009507619883, 0.05335995664869572, 0.056682620313418884, 0.03482483136061912, 0.08332233211194666, 0.0891114052175439, 0.07270631031641131, 0.03373988105421064]","23_lag_shSICmar, 19_lag_tripol2, 24_lag_nppc3SSTjfm, 22_lag_ormenSSTjfm, 33_lag_samPSLann, 9_lag_stratZ50ndj02, 22_lag_traFSC, 18_lag_stratZ50ndj02, 25_lag_eurPSLjfm, 33_lag_traIT, 33_lag_traBO, 19_lag_traEC, 12_lag_shSICmar, 15_lag_alpi, 32_lag_alpi, 19_lag_ensoSSTjfm, 24_lag_eapPSLjfm, 15_lag_traEU, 28_lag_eapPSLjfm, 32_lag_stratZ50ndj01, 25_lag_alpi, 33_lag_traFS, 20_lag_alpi, 24_lag_stratZ50ndj02, 23_lag_traEU, 11_lag_neurTSjfm, 24_lag_shSICmar, 11_lag_ginwSSTjfm, 16_lag_nchinaPRjja, 15_lag_ismPRjja_3835_9"
LinearRegression,22,30,shTSjfm,shigh,1736.5,2005.5,0.8,37,7,7,33.962418159337666,0.25946121608115014,3835,"['19_lag_traBO', '28_lag_alpi', '28_lag_eapPSLjfm', '25_lag_ismPRjja', '19_lag_stratZ50ndj01', '15_lag_alpi', '19_lag_traFS', '31_lag_traMC', '25_lag_eurPSLjfm', '22_lag_ormenSSTjfm', '32_lag_stratZ50ndj01', '33_lag_traBO', '18_lag_stratZ50ndj02', '36_lag_traDS', '9_lag_stratZ50ndj02', '20_lag_alpi', '25_lag_alpi', '33_lag_traIT', '23_lag_traEU', '22_lag_eapPSLjfm', '11_lag_ginwSSTjfm', '15_lag_traEU', '33_lag_traFS', '24_lag_shSICmar', '7_lag_wnorPRjfm', '11_lag_neurTSjfm', '24_lag_stratZ50ndj02', '16_lag_nchinaPRjja', '12_lag_shSICmar', '15_lag_ismPRjja']","[0.008311699578887605, 0.00016217582917592288, 0.08582579323767756, 0.015701649475539894, 0.034463982180586904, 0.011399085318055955, 0.12466119448093013, 0.12542064109616902, 0.043669331720199225, 0.047883827163874924, 0.04086364262935731, 0.015297921260903204, 0.03079928675270715, 0.10763521795240388, 0.05846801835842735, 0.0122431919867584, 0.0514954889727311, 0.1102124473291955, 0.06486812150468775, 0.03383041317170817, 0.11331140249361084, 0.08590143358165657, 0.04591964955684707, 0.09028858706205939, 0.09380499712207904, 0.062058260082466336, 0.014676598977480738, 0.06994433065147143, 0.08552883150754653, 0.049043984094283705]","19_lag_traBO, 28_lag_alpi, 28_lag_eapPSLjfm, 25_lag_ismPRjja, 19_lag_stratZ50ndj01, 15_lag_alpi, 19_lag_traFS, 31_lag_traMC, 25_lag_eurPSLjfm, 22_lag_ormenSSTjfm, 32_lag_stratZ50ndj01, 33_lag_traBO, 18_lag_stratZ50ndj02, 36_lag_traDS, 9_lag_stratZ50ndj02, 20_lag_alpi, 25_lag_alpi, 33_lag_traIT, 23_lag_traEU, 22_lag_eapPSLjfm, 11_lag_ginwSSTjfm, 15_lag_traEU, 33_lag_traFS, 24_lag_shSICmar, 7_lag_wnorPRjfm, 11_lag_neurTSjfm, 24_lag_stratZ50ndj02, 16_lag_nchinaPRjja, 12_lag_shSICmar, 15_lag_ismPRjja_3835_7"
LinearRegression,23,30,shTSjfm,shigh,1737.5,2005.5,0.8,38,8,11,28.45912125930841,0.2977999285939381,3835,"['31_lag_nhTSjfm', '35_lag_ismPRjja', '24_lag_nppc3SSTjfm', '25_lag_eurPSLjfm', '20_lag_stratZ50ndj04', '19_lag_traBO', '25_lag_alpi', '35_lag_traTLS', '33_lag_traBO', '24_lag_stratZ50ndj02', '28_lag_eapPSLjfm', '24_lag_shSICmar', '19_lag_traFS', '15_lag_alpi', '36_lag_traDS', '13_lag_cetTSjfm', '22_lag_ormenSSTjfm', '11_lag_ginwSSTjfm', '33_lag_traIT', '31_lag_traMC', '33_lag_traFS', '18_lag_stratZ50ndj02', '19_lag_traEC', '22_lag_eapPSLjfm', '11_lag_neurTSjfm', '19_lag_samPSLann', '12_lag_shSICmar', '15_lag_traEU', '16_lag_nchinaPRjja', '15_lag_ismPRjja']","[0.13108773478836777, 0.02604223985236949, 0.22822799705968214, 0.04777267973752615, 0.012375889039171771, 0.04638425946481836, 0.029729962485930392, 0.008395519430511991, 0.006906015015494673, 0.06954607802243444, 0.08598173811255945, 0.07720926837556628, 0.052671928367372556, 0.008901394547466473, 0.12382657912823995, 0.07134521370820365, 0.06704765562210285, 0.10692369469496302, 0.12132006800117225, 0.10918642017992533, 0.07317020068101107, 0.0297531910406919, 0.0441233613062074, 0.03960782324788742, 0.0443680119230967, 0.045014895270121175, 0.1010690175806746, 0.0853971916989672, 0.05532538789843918, 0.0550335998902212]","31_lag_nhTSjfm, 35_lag_ismPRjja, 24_lag_nppc3SSTjfm, 25_lag_eurPSLjfm, 20_lag_stratZ50ndj04, 19_lag_traBO, 25_lag_alpi, 35_lag_traTLS, 33_lag_traBO, 24_lag_stratZ50ndj02, 28_lag_eapPSLjfm, 24_lag_shSICmar, 19_lag_traFS, 15_lag_alpi, 36_lag_traDS, 13_lag_cetTSjfm, 22_lag_ormenSSTjfm, 11_lag_ginwSSTjfm, 33_lag_traIT, 31_lag_traMC, 33_lag_traFS, 18_lag_stratZ50ndj02, 19_lag_traEC, 22_lag_eapPSLjfm, 11_lag_neurTSjfm, 19_lag_samPSLann, 12_lag_shSICmar, 15_lag_traEU, 16_lag_nchinaPRjja, 15_lag_ismPRjja_3835_11"
LinearRegression,24,30,shTSjfm,shigh,1738.5,2005.5,0.8,39,9,9,28.243764270465164,0.13628923394452863,3835,"['31_lag_nhTSjfm', '33_lag_traIT', '9_lag_stratZ50ndj02', '33_lag_traBO', '12_lag_shSICmar', '11_lag_ginwSSTjfm', '23_lag_pdoSSTjfm', '25_lag_eurPSLjfm', '18_lag_stratZ50ndj02', '24_lag_shSICmar', '38_lag_atlSICjfm', '11_lag_neurTSjfm', '19_lag_traBO', '15_lag_alpi', '35_lag_traTLS', '33_lag_traEC', '22_lag_eapPSLjfm', '9_lag_traCA', '22_lag_ormenSSTjfm', '31_lag_traMC', '28_lag_eapPSLjfm', '16_lag_nchinaPRjja', '15_lag_traEU', '33_lag_traFS', '19_lag_traFS', '19_lag_samPSLann', '36_lag_traDS', '19_lag_traEC', '38_lag_traBO', '15_lag_ismPRjja']","[0.14862196565189698, 0.06303557564676587, 0.06114149526590669, 0.005852528134919689, 0.111311573273009, 0.10870439947869544, 0.12898262896800236, 0.0329553657534391, 0.01932094481366669, 0.06030915934566446, 0.13790403306520782, 0.025350402022072543, 0.0253692421765284, 0.021906578667323758, 0.021298990581660463, 0.06448781455776133, 0.04016684959821816, 0.06994655372994421, 0.03460407771301239, 0.08763200953117657, 0.10928921744936175, 0.06687171172720043, 0.0763758026258763, 0.04820625097136187, 0.07257766688386985, 0.053413190728405134, 0.13630390550387803, 0.05828143502946291, 0.0654179836089216, 0.05519799367684812]","31_lag_nhTSjfm, 33_lag_traIT, 9_lag_stratZ50ndj02, 33_lag_traBO, 12_lag_shSICmar, 11_lag_ginwSSTjfm, 23_lag_pdoSSTjfm, 25_lag_eurPSLjfm, 18_lag_stratZ50ndj02, 24_lag_shSICmar, 38_lag_atlSICjfm, 11_lag_neurTSjfm, 19_lag_traBO, 15_lag_alpi, 35_lag_traTLS, 33_lag_traEC, 22_lag_eapPSLjfm, 9_lag_traCA, 22_lag_ormenSSTjfm, 31_lag_traMC, 28_lag_eapPSLjfm, 16_lag_nchinaPRjja, 15_lag_traEU, 33_lag_traFS, 19_lag_traFS, 19_lag_samPSLann, 36_lag_traDS, 19_lag_traEC, 38_lag_traBO, 15_lag_ismPRjja_3835_9"
LinearRegression,25,30,shTSjfm,shigh,1739.5,2005.5,0.8,40,10,10,34.21347255890243,0.28031180571720254,3835,"['24_lag_shSICmar', '23_lag_pdoSSTjfm', '35_lag_ismPRjja', '15_lag_traEU', '22_lag_eapPSLjfm', '25_lag_ismPRjja', '25_lag_alpi', '33_lag_traEC', '10_lag_seurTSjfm', '26_lag_stratZ50ndj03', '22_lag_ormenSSTjfm', '38_lag_scpPSLjfm', '19_lag_traBO', '28_lag_eapPSLjfm', '38_lag_traBO', '16_lag_nchinaPRjja', '15_lag_alpi', '24_lag_stratZ50ndj02', '19_lag_traEC', '19_lag_samPSLann', '33_lag_traBO', '25_lag_eurPSLjfm', '19_lag_traFS', '31_lag_traMC', '36_lag_traDS', '15_lag_ismPRjja', '39_lag_traEU', '33_lag_traFS', '39_lag_shSICsep', '39_lag_traEC']","[0.11755804426108761, 0.18936302642186897, 0.011241199207350458, 0.06128074475002088, 0.04149769730250766, 0.0064364590643239735, 0.037778661815402334, 0.0407308638905543, 0.07392583902370356, 0.03819395266531963, 0.0381887029909267, 0.018564426049953685, 0.028439959163919296, 0.07616294612566424, 0.10608387539126872, 0.08806868540968436, 0.024581307644730706, 0.045873362085456365, 0.06607877387559884, 0.03572947233798772, 0.01725834364334554, 0.06407309047720165, 0.01729032248396669, 0.09869513180545264, 0.10555511055522235, 0.06470828583421864, 0.01384045450626182, 0.045348222620928344, 0.044447463122243874, 0.030347600035250794]","24_lag_shSICmar, 23_lag_pdoSSTjfm, 35_lag_ismPRjja, 15_lag_traEU, 22_lag_eapPSLjfm, 25_lag_ismPRjja, 25_lag_alpi, 33_lag_traEC, 10_lag_seurTSjfm, 26_lag_stratZ50ndj03, 22_lag_ormenSSTjfm, 38_lag_scpPSLjfm, 19_lag_traBO, 28_lag_eapPSLjfm, 38_lag_traBO, 16_lag_nchinaPRjja, 15_lag_alpi, 24_lag_stratZ50ndj02, 19_lag_traEC, 19_lag_samPSLann, 33_lag_traBO, 25_lag_eurPSLjfm, 19_lag_traFS, 31_lag_traMC, 36_lag_traDS, 15_lag_ismPRjja, 39_lag_traEU, 33_lag_traFS, 39_lag_shSICsep, 39_lag_traEC_3835_10"
LinearRegression,26,30,shTSjfm,shigh,1740.5,2005.5,0.8,41,11,11,31.393784524120516,0.22318148662431492,3835,"['39_lag_ismPRjja', '22_lag_shSICmar', '17_lag_satlSSTjfm', '38_lag_atlSICjfm', '39_lag_traBS', '23_lag_traEU', '33_lag_traBO', '25_lag_eurPSLjfm', '19_lag_traFS', '15_lag_stratZ50ndj03', '19_lag_traBO', '40_lag_alpi', '11_lag_neurTSjfm', '15_lag_alpi', '19_lag_samPSLann', '22_lag_ormenSSTjfm', '11_lag_ginwSSTjfm', '40_lag_traEU', '38_lag_traBO', '16_lag_nchinaPRjja', '15_lag_ismPRjja', '31_lag_traMC', '38_lag_scpPSLjfm', '33_lag_traFS', '24_lag_stratZ50ndj02', '19_lag_traEC', '36_lag_traDS', '39_lag_traEU', '39_lag_traEC', '39_lag_shSICsep']","[0.002934570544543796, 0.10492563744411583, 0.08781588701350379, 0.152111780484106, 0.037748884126585024, 0.04691648930646835, 0.015811789246320894, 0.038791476985416476, 0.022218515067513732, 0.026581709096544545, 0.07300100296739845, 0.00044756911314185167, 0.035028321796743395, 0.035478413314487985, 0.053355535882335256, 0.0464033662739144, 0.14677901120834974, 0.07082123559398412, 0.026333117918343776, 0.029024630432694216, 0.04426900743155068, 0.11443773684941061, 0.018339382294223997, 0.002512987993479099, 0.02670969041784791, 0.07258672911406266, 0.09681408289080985, 0.02548682433128535, 0.06669762344224171, 0.06853848338609227]","39_lag_ismPRjja, 22_lag_shSICmar, 17_lag_satlSSTjfm, 38_lag_atlSICjfm, 39_lag_traBS, 23_lag_traEU, 33_lag_traBO, 25_lag_eurPSLjfm, 19_lag_traFS, 15_lag_stratZ50ndj03, 19_lag_traBO, 40_lag_alpi, 11_lag_neurTSjfm, 15_lag_alpi, 19_lag_samPSLann, 22_lag_ormenSSTjfm, 11_lag_ginwSSTjfm, 40_lag_traEU, 38_lag_traBO, 16_lag_nchinaPRjja, 15_lag_ismPRjja, 31_lag_traMC, 38_lag_scpPSLjfm, 33_lag_traFS, 24_lag_stratZ50ndj02, 19_lag_traEC, 36_lag_traDS, 39_lag_traEU, 39_lag_traEC, 39_lag_shSICsep_3835_11"
LinearRegression,27,30,shTSjfm,shigh,1741.5,2005.5,0.8,42,12,15,31.860408510076773,-0.07060509023993643,3835,"['23_lag_ismPRjja', '31_lag_traMC', '39_lag_ismPRjja', '39_lag_traBS', '40_lag_traMC', '33_lag_traIT', '19_lag_traFS', '31_lag_ginwSSTjfm', '39_lag_traEU', '38_lag_atlSICjfm', '25_lag_alpi', '33_lag_samPSLann', '23_lag_pdoSSTjfm', '37_lag_traMC', '15_lag_stratZ50ndj03', '38_lag_traBO', '19_lag_traBO', '16_lag_nchinaPRjja', '40_lag_traEU', '33_lag_traBO', '15_lag_ismPRjja', '19_lag_samPSLann', '22_lag_ormenSSTjfm', '36_lag_traDS', '24_lag_stratZ50ndj02', '38_lag_scpPSLjfm', '39_lag_shSICsep', '19_lag_traEC', '39_lag_traEC', '33_lag_traFS']","[0.02835801512921343, 0.09433864164822257, 0.012898494917621017, 0.049742263586793345, 0.12904801864965332, 0.09101441325615275, 0.03703149408134284, 0.09294033504303363, 0.015250199577286301, 0.0915460929124985, 0.024399059401618413, 0.0666504710911851, 0.11876141823332767, 0.0862041731270577, 0.003745067441427125, 0.09374117343700922, 0.06980309995266562, 0.04662495790580136, 0.04577144644383099, 0.03841515689165851, 0.02177516525316035, 0.06612730547885044, 0.020347680707084245, 0.12955192604853327, 0.040181609561172976, 0.02221019822499452, 0.04217392865102883, 0.07370213370140756, 0.04911358826055595, 0.024995481375340575]","23_lag_ismPRjja, 31_lag_traMC, 39_lag_ismPRjja, 39_lag_traBS, 40_lag_traMC, 33_lag_traIT, 19_lag_traFS, 31_lag_ginwSSTjfm, 39_lag_traEU, 38_lag_atlSICjfm, 25_lag_alpi, 33_lag_samPSLann, 23_lag_pdoSSTjfm, 37_lag_traMC, 15_lag_stratZ50ndj03, 38_lag_traBO, 19_lag_traBO, 16_lag_nchinaPRjja, 40_lag_traEU, 33_lag_traBO, 15_lag_ismPRjja, 19_lag_samPSLann, 22_lag_ormenSSTjfm, 36_lag_traDS, 24_lag_stratZ50ndj02, 38_lag_scpPSLjfm, 39_lag_shSICsep, 19_lag_traEC, 39_lag_traEC, 33_lag_traFS_3835_15"
LinearRegression,28,30,shTSjfm,shigh,1742.5,2005.5,0.8,43,13,15,32.40575552115532,0.1289398665070079,3835,"['42_lag_solFORC', '37_lag_stratZ50ndj02', '32_lag_stratZ50ndj01', '24_lag_eapPSLjfm', '41_lag_yrvPRjja', '38_lag_atlSICjfm', '33_lag_traIT', '39_lag_traEU', '23_lag_pdoSSTjfm', '25_lag_alpi', '24_lag_stratZ50ndj02', '31_lag_traMC', '40_lag_traMC', '39_lag_stratZ50ndj02', '28_lag_scpPSLjfm', '38_lag_traBO', '37_lag_traMC', '36_lag_traDS', '33_lag_traBO', '19_lag_samPSLann', '22_lag_ormenSSTjfm', '22_lag_eapPSLjfm', '19_lag_traBO', '38_lag_scpPSLjfm', '23_lag_ismPRjja', '15_lag_ismPRjja', '39_lag_shSICsep', '19_lag_traEC', '39_lag_traEC', '33_lag_traFS']","[0.10036893230738224, 0.0007054288090741039, 0.03548843097699942, 0.007817720121637851, 0.044549518153765504, 0.08159321171452145, 0.08372341555533798, 0.012205079946600654, 0.1460104619417678, 0.027336026713902648, 0.0263751054432528, 0.043742656181127715, 0.10424961347582681, 0.03376809107388946, 0.03037907098091014, 0.09574721089302533, 0.05106260855453138, 0.15473685321613068, 0.033934136436391774, 0.0807874163242763, 0.0017632536933345037, 0.056634615261724586, 0.10068821717680651, 0.02048127310572665, 0.053567647654381705, 0.0036249352887325315, 0.12073086588528384, 0.0784614288216431, 0.058827881471536655, 0.10469484388575107]","42_lag_solFORC, 37_lag_stratZ50ndj02, 32_lag_stratZ50ndj01, 24_lag_eapPSLjfm, 41_lag_yrvPRjja, 38_lag_atlSICjfm, 33_lag_traIT, 39_lag_traEU, 23_lag_pdoSSTjfm, 25_lag_alpi, 24_lag_stratZ50ndj02, 31_lag_traMC, 40_lag_traMC, 39_lag_stratZ50ndj02, 28_lag_scpPSLjfm, 38_lag_traBO, 37_lag_traMC, 36_lag_traDS, 33_lag_traBO, 19_lag_samPSLann, 22_lag_ormenSSTjfm, 22_lag_eapPSLjfm, 19_lag_traBO, 38_lag_scpPSLjfm, 23_lag_ismPRjja, 15_lag_ismPRjja, 39_lag_shSICsep, 19_lag_traEC, 39_lag_traEC, 33_lag_traFS_3835_15"
LinearRegression,29,30,shTSjfm,shigh,1743.5,2005.5,0.8,44,14,14,29.936618019900006,0.1529526378947094,3835,"['14_lag_ginwSSTjfm', '20_lag_alpi', '23_lag_pdoSSTjfm', '25_lag_alpi', '40_lag_stratZ50ndj02', '26_lag_tripol1', '32_lag_stratZ50ndj01', '27_lag_pdoSSTjfm', '40_lag_alpi', '36_lag_traDS', '14_lag_15_median_ismPRjja', '31_lag_ginwSSTjfm', '15_lag_ismPRjja', '38_lag_traBO', '31_lag_traMC', '42_lag_samPSLann', '19_lag_samPSLann', '28_lag_scpPSLjfm', '19_lag_traBO', '37_lag_traMC', '22_lag_eapPSLjfm', '24_lag_stratZ50ndj02', '26_lag_pdoSSTjfm', '38_lag_scpPSLjfm', '39_lag_shSICsep', '33_lag_traBO', '23_lag_ismPRjja', '39_lag_traEC', '19_lag_traEC', '33_lag_traFS']","[0.08989375740542654, 0.019360163286084003, 0.10582379380005606, 0.031587281332923066, 0.11496787928516985, 0.3559090015739091, 0.009206087397317946, 0.10581467398412044, 0.007378836826221182, 0.10487733055485372, 1193729772717.237, 0.13928726600575514, 1193729772717.1973, 0.11620162452868674, 0.05720993666850189, 0.06887598559007109, 0.08023171789715651, 0.003995268718784322, 0.07677777886340367, 0.08130591925122153, 0.03518301308183305, 0.043139644549982245, 0.17369756754566704, 0.03971002795005778, 0.07179225342262607, 0.0702279200126791, 0.055356000448956375, 0.044377443892224144, 0.04837839169407451, 0.07409518246960514]","14_lag_ginwSSTjfm, 20_lag_alpi, 23_lag_pdoSSTjfm, 25_lag_alpi, 40_lag_stratZ50ndj02, 26_lag_tripol1, 32_lag_stratZ50ndj01, 27_lag_pdoSSTjfm, 40_lag_alpi, 36_lag_traDS, 14_lag_15_median_ismPRjja, 31_lag_ginwSSTjfm, 15_lag_ismPRjja, 38_lag_traBO, 31_lag_traMC, 42_lag_samPSLann, 19_lag_samPSLann, 28_lag_scpPSLjfm, 19_lag_traBO, 37_lag_traMC, 22_lag_eapPSLjfm, 24_lag_stratZ50ndj02, 26_lag_pdoSSTjfm, 38_lag_scpPSLjfm, 39_lag_shSICsep, 33_lag_traBO, 23_lag_ismPRjja, 39_lag_traEC, 19_lag_traEC, 33_lag_traFS_3835_14"
LinearRegression,30,30,shTSjfm,shigh,1744.5,2005.5,0.8,45,15,15,30.955940502299264,0.2715067813956438,3835,"['42_lag_solFORC', '26_lag_tripol1', '25_lag_alpi', '15_lag_stratZ50ndj03', '36_lag_traDS', '40_lag_alpi', '38_lag_traBO', '22_lag_eapPSLjfm', '31_lag_ginwSSTjfm', '33_lag_samPSLann', '42_lag_samPSLann', '19_lag_traBO', '39_lag_shSICsep', '28_lag_scpPSLjfm', '20_lag_alpi', '40_lag_stratZ50ndj02', '27_lag_pdoSSTjfm', '38_lag_scpPSLjfm', '19_lag_samPSLann', '31_lag_traMC', '32_lag_stratZ50ndj01', '24_lag_stratZ50ndj02', '26_lag_pdoSSTjfm', '37_lag_traMC', '15_lag_ismPRjja', '19_lag_traEC', '33_lag_traBO', '39_lag_traEC', '23_lag_ismPRjja', '33_lag_traFS']","[0.12194791850173407, 0.2134986346713126, 0.009155580256280622, 0.006584752191087174, 0.13440710050608143, 0.005305906143721029, 0.10619751355388658, 0.0313331055157315, 0.16120187346568687, 0.048310352259319685, 0.061280269846488926, 0.1142237312670796, 0.11528630642768146, 0.01855886839580927, 0.027308733009586625, 0.10205599407925946, 0.12340222261041503, 0.02988894827461416, 0.07160244790181597, 0.044224579329435784, 0.0189880598663657, 0.0402880978824579, 0.05114089262124091, 0.06056010295510625, 0.03373629401427202, 0.07090718875729779, 0.06480508626034022, 0.06957729162245486, 0.056120939489519434, 0.05303474329307633]","42_lag_solFORC, 26_lag_tripol1, 25_lag_alpi, 15_lag_stratZ50ndj03, 36_lag_traDS, 40_lag_alpi, 38_lag_traBO, 22_lag_eapPSLjfm, 31_lag_ginwSSTjfm, 33_lag_samPSLann, 42_lag_samPSLann, 19_lag_traBO, 39_lag_shSICsep, 28_lag_scpPSLjfm, 20_lag_alpi, 40_lag_stratZ50ndj02, 27_lag_pdoSSTjfm, 38_lag_scpPSLjfm, 19_lag_samPSLann, 31_lag_traMC, 32_lag_stratZ50ndj01, 24_lag_stratZ50ndj02, 26_lag_pdoSSTjfm, 37_lag_traMC, 15_lag_ismPRjja, 19_lag_traEC, 33_lag_traBO, 39_lag_traEC, 23_lag_ismPRjja, 33_lag_traFS_3835_15"
LinearRegression,31,30,shTSjfm,shigh,1745.5,2005.5,0.8,46,16,16,32.78204867181991,-0.002526231036216785,3835,"['31_lag_yrvPRjja', '39_lag_traBS', '32_lag_traIT', '33_lag_traIT', '43_lag_traMC', '45_lag_eapPSLjfm', '19_lag_samPSLann', '42_lag_samPSLann', '40_lag_stratZ50ndj02', '32_lag_stratZ50ndj01', '37_lag_traMC', '26_lag_pdoSSTjfm', '19_lag_traBO', '39_lag_shSICsep', '38_lag_atlSICjfm', '39_lag_stratZ50ndj02', '16_lag_scpPSLjfm', '31_lag_ginwSSTjfm', '20_lag_alpi', '45_lag_stratZ50ndj01', '19_lag_traEC', '36_lag_traDS', '31_lag_traMC', '25_lag_alpi', '16_lag_nchinaPRjja', '24_lag_stratZ50ndj02', '23_lag_ismPRjja', '33_lag_traBO', '39_lag_traEC', '33_lag_traFS']","[0.019589908055585224, 0.04050039105927147, 0.04224910259520289, 0.05745585638532849, 0.10191734112265886, 0.06010411650218357, 0.06995289991097538, 0.08214662518271842, 0.11103832108511064, 0.04353564883810369, 0.09871507410465917, 0.1862169217018441, 0.06985504420967086, 0.045604433802198995, 0.08329539053294706, 0.07914193104992158, 0.058106373287754094, 0.10367048346178785, 0.03896234868689324, 0.02435507791029707, 0.060499607338241994, 0.12134588471018537, 0.10073774885880867, 0.021162011108689975, 0.0505143583822929, 0.03293636458564553, 0.04869260491462932, 0.05236915603044335, 0.0662378022791487, 0.0336076891610631]","31_lag_yrvPRjja, 39_lag_traBS, 32_lag_traIT, 33_lag_traIT, 43_lag_traMC, 45_lag_eapPSLjfm, 19_lag_samPSLann, 42_lag_samPSLann, 40_lag_stratZ50ndj02, 32_lag_stratZ50ndj01, 37_lag_traMC, 26_lag_pdoSSTjfm, 19_lag_traBO, 39_lag_shSICsep, 38_lag_atlSICjfm, 39_lag_stratZ50ndj02, 16_lag_scpPSLjfm, 31_lag_ginwSSTjfm, 20_lag_alpi, 45_lag_stratZ50ndj01, 19_lag_traEC, 36_lag_traDS, 31_lag_traMC, 25_lag_alpi, 16_lag_nchinaPRjja, 24_lag_stratZ50ndj02, 23_lag_ismPRjja, 33_lag_traBO, 39_lag_traEC, 33_lag_traFS_3835_16"
LinearRegression,32,30,shTSjfm,shigh,1746.5,2005.5,0.8,47,17,17,33.14196992012909,-0.023732295255224193,3835,"['20_lag_ismPRjja', '19_lag_traBO', '33_lag_traIT', '39_lag_traEU', '39_lag_shSICsep', '45_lag_eapPSLjfm', '38_lag_traBO', '20_lag_stratZ50ndj04', '40_lag_stratZ50ndj02', '23_lag_ismPRjja', '40_lag_samPSLann', '17_lag_yrvPRjja', '19_lag_samPSLann', '22_lag_ormenSSTjfm', '39_lag_traBS', '39_lag_ensoSSTjfm', '38_lag_scpPSLjfm', '26_lag_pdoSSTjfm', '31_lag_traMC', '43_lag_traBS', '36_lag_traDS', '42_lag_samPSLann', '37_lag_traMC', '31_lag_ginwSSTjfm', '45_lag_stratZ50ndj01', '20_lag_alpi', '25_lag_alpi', '33_lag_traBO', '39_lag_traEC', '33_lag_traFS']","[0.041987643253204844, 0.0984644157289655, 0.08805462887806613, 0.045149040786423136, 0.03864864180073065, 0.07169881805716019, 0.08398259107930711, 0.014660839892275972, 0.12342417957745433, 0.04049828358818677, 0.035039518099292136, 0.01955629016901134, 0.06311129610396977, 0.0072914963601222425, 0.043023974454230195, 0.01521565851559254, 0.04693636696988512, 0.18113554077445967, 0.10623604820167395, 0.035694041346822775, 0.12516234359140796, 0.08517652737561761, 0.12325614248283587, 0.16509286309959623, 0.03429851350439238, 0.035041860069951004, 0.03123157305277306, 0.03971786574061853, 0.07608564308067879, 0.03962262846583293]","20_lag_ismPRjja, 19_lag_traBO, 33_lag_traIT, 39_lag_traEU, 39_lag_shSICsep, 45_lag_eapPSLjfm, 38_lag_traBO, 20_lag_stratZ50ndj04, 40_lag_stratZ50ndj02, 23_lag_ismPRjja, 40_lag_samPSLann, 17_lag_yrvPRjja, 19_lag_samPSLann, 22_lag_ormenSSTjfm, 39_lag_traBS, 39_lag_ensoSSTjfm, 38_lag_scpPSLjfm, 26_lag_pdoSSTjfm, 31_lag_traMC, 43_lag_traBS, 36_lag_traDS, 42_lag_samPSLann, 37_lag_traMC, 31_lag_ginwSSTjfm, 45_lag_stratZ50ndj01, 20_lag_alpi, 25_lag_alpi, 33_lag_traBO, 39_lag_traEC, 33_lag_traFS_3835_17"
LinearRegression,33,30,shTSjfm,shigh,1747.5,2005.5,0.8,48,18,18,32.962202121514494,0.028171419637308702,3835,"['45_lag_tripol3', '18_lag_21_median_alpi', '45_lag_traMC', '32_lag_stratZ50ndj01', '38_lag_scpPSLjfm', '26_lag_pdoSSTjfm', '39_lag_stratZ50ndj02', '39_lag_ensoSSTjfm', '23_lag_ismPRjja', '20_lag_alpi', '39_lag_ismPRjja', '18_lag_tripol2', '43_lag_traBS', '28_lag_scpPSLjfm', '22_lag_ormenSSTjfm', '38_lag_traBO', '40_lag_stratZ50ndj02', '31_lag_traMC', '25_lag_alpi', '39_lag_shSICsep', '36_lag_traDS', '37_lag_traMC', '45_lag_stratZ50ndj01', '45_lag_eapPSLjfm', '31_lag_ginwSSTjfm', '47_lag_alpi', '42_lag_samPSLann', '33_lag_traBO', '39_lag_traEC', '33_lag_traFS']","[0.037006186823781276, 0.04370277868393056, 0.10958087240374502, 0.0038093343020269713, 0.05334631660795086, 0.18277097927383174, 0.08730654023046906, 0.04996449729559552, 0.043875099989576616, 0.036905199691715136, 0.041707813154094525, 0.10135696970096686, 0.047897145845829305, 0.0231223445903494, 0.011910791340794688, 0.057717608417458786, 0.12275426819519278, 0.10872476168535183, 0.037065580665599875, 0.03607983600742542, 0.1178195821655185, 0.09491003478795951, 0.029960460001439506, 0.07764853241115674, 0.16299558403629963, 0.0032850304357802413, 0.0768578801133973, 0.07083347081320322, 0.06090784914209446, 0.058485765611198844]","45_lag_tripol3, 18_lag_21_median_alpi, 45_lag_traMC, 32_lag_stratZ50ndj01, 38_lag_scpPSLjfm, 26_lag_pdoSSTjfm, 39_lag_stratZ50ndj02, 39_lag_ensoSSTjfm, 23_lag_ismPRjja, 20_lag_alpi, 39_lag_ismPRjja, 18_lag_tripol2, 43_lag_traBS, 28_lag_scpPSLjfm, 22_lag_ormenSSTjfm, 38_lag_traBO, 40_lag_stratZ50ndj02, 31_lag_traMC, 25_lag_alpi, 39_lag_shSICsep, 36_lag_traDS, 37_lag_traMC, 45_lag_stratZ50ndj01, 45_lag_eapPSLjfm, 31_lag_ginwSSTjfm, 47_lag_alpi, 42_lag_samPSLann, 33_lag_traBO, 39_lag_traEC, 33_lag_traFS_3835_18"
LinearRegression,34,30,shTSjfm,shigh,1748.5,2005.5,0.8,49,19,19,32.815974576751735,-0.10452267633776652,3835,"['45_lag_traMC', '43_lag_traBS', '38_lag_scpPSLjfm', '19_lag_traEC', '20_lag_stratZ50ndj04', '45_lag_tripol3', '19_lag_20_median_stratZ50ndj04', '25_lag_alpi', '38_lag_traBO', '28_lag_scpPSLjfm', '48_lag_scpPSLjfm', '19_lag_traBO', '45_lag_eapPSLjfm', '39_lag_stratZ50ndj02', '37_lag_traMC', '45_lag_stratZ50ndj01', '39_lag_shSICsep', '19_lag_samPSLann', '47_lag_alpi', '22_lag_ormenSSTjfm', '40_lag_stratZ50ndj02', '23_lag_ismPRjja', '39_lag_ismPRjja', '31_lag_ginwSSTjfm', '42_lag_samPSLann', '38_lag_eurPSLjfm', '36_lag_traDS', '33_lag_traBO', '33_lag_traFS', '39_lag_traEC']","[0.1144211038848423, 0.05904428289430114, 0.04091941820391309, 0.04937563725597598, 88757468820.0447, 0.03726633570156164, 88757468820.07608, 0.04929340992936915, 0.07570040837582381, 0.024615656745682748, 0.01581964720215455, 0.07363958778233144, 0.06080436296057047, 0.08309765052234537, 0.14326739015577947, 0.03871246246439866, 0.05242783189813691, 0.07465542195872499, 0.013277915872266033, 0.0020062061380507444, 0.12205031028000729, 0.025214999694459277, 0.03890515303442104, 0.12866596371362637, 0.08923053642831535, 0.04878749469931653, 0.14535541360797016, 0.04228730471461238, 0.04791383434865855, 0.061648471467994216]","45_lag_traMC, 43_lag_traBS, 38_lag_scpPSLjfm, 19_lag_traEC, 20_lag_stratZ50ndj04, 45_lag_tripol3, 19_lag_20_median_stratZ50ndj04, 25_lag_alpi, 38_lag_traBO, 28_lag_scpPSLjfm, 48_lag_scpPSLjfm, 19_lag_traBO, 45_lag_eapPSLjfm, 39_lag_stratZ50ndj02, 37_lag_traMC, 45_lag_stratZ50ndj01, 39_lag_shSICsep, 19_lag_samPSLann, 47_lag_alpi, 22_lag_ormenSSTjfm, 40_lag_stratZ50ndj02, 23_lag_ismPRjja, 39_lag_ismPRjja, 31_lag_ginwSSTjfm, 42_lag_samPSLann, 38_lag_eurPSLjfm, 36_lag_traDS, 33_lag_traBO, 33_lag_traFS, 39_lag_traEC_3835_19"
LinearRegression,35,30,shTSjfm,shigh,1749.5,2005.5,0.8,50,20,20,33.3527710643876,0.04656725424508264,3835,"['37_lag_stratZ50ndj02', '24_lag_stratZ50ndj02', '41_lag_yrvPRjja', '26_lag_pdoSSTjfm', '38_lag_traBO', '32_lag_stratZ50ndj01', '40_lag_stratZ50ndj02', '48_lag_scpPSLjfm', '42_lag_samPSLann', '49_lag_ginwSSTjfm', '48_lag_alpi', '40_lag_traMC', '39_lag_ismPRjja', '20_lag_ismPRjja', '23_lag_ismPRjja', '22_lag_ormenSSTjfm', '38_lag_eurPSLjfm', '25_lag_alpi', '31_lag_ginwSSTjfm', '45_lag_eapPSLjfm', '47_lag_alpi', '39_lag_stratZ50ndj02', '39_lag_shSICsep', '20_lag_stratZ50ndj04', '45_lag_stratZ50ndj01', '36_lag_traDS', '20_lag_alpi', '33_lag_traBO', '39_lag_traEC', '33_lag_traFS']","[0.002004614614054018, 0.03710683885640927, 0.05222735319654629, 0.18366732229826185, 0.0803335344513119, 0.010646787658286408, 0.09846490562717407, 0.07301145323649268, 0.09198201047033064, 0.05345836463242824, 0.032103140761244674, 0.1147756064061875, 0.018313864952599634, 0.019736068066544182, 0.047750874352796985, 0.006437062215305338, 0.00789811703591972, 0.017719656423021844, 0.15667275223297497, 0.10666651759777279, 0.0016431835742272, 0.048033291833828075, 0.051147387548618216, 0.055485285906041376, 0.035624435036114815, 0.17771969619494835, 0.03329212862655801, 0.09029767050562558, 0.03676107182412048, 0.0833879422171134]","37_lag_stratZ50ndj02, 24_lag_stratZ50ndj02, 41_lag_yrvPRjja, 26_lag_pdoSSTjfm, 38_lag_traBO, 32_lag_stratZ50ndj01, 40_lag_stratZ50ndj02, 48_lag_scpPSLjfm, 42_lag_samPSLann, 49_lag_ginwSSTjfm, 48_lag_alpi, 40_lag_traMC, 39_lag_ismPRjja, 20_lag_ismPRjja, 23_lag_ismPRjja, 22_lag_ormenSSTjfm, 38_lag_eurPSLjfm, 25_lag_alpi, 31_lag_ginwSSTjfm, 45_lag_eapPSLjfm, 47_lag_alpi, 39_lag_stratZ50ndj02, 39_lag_shSICsep, 20_lag_stratZ50ndj04, 45_lag_stratZ50ndj01, 36_lag_traDS, 20_lag_alpi, 33_lag_traBO, 39_lag_traEC, 33_lag_traFS_3835_20"
LinearRegression,36,30,shTSjfm,shigh,1750.5,2005.5,0.8,51,21,21,33.66552416379572,0.033828906302023315,3835,"['46_lag_stratZ50ndj01', '36_lag_traIFC', '39_lag_ensoSSTjfm', '36_lag_traFSC', '39_lag_ismPRjja', '38_lag_eurPSLjfm', '43_lag_nchinaPRjja', '35_lag_traTLS', '22_lag_ormenSSTjfm', '41_lag_yrvPRjja', '38_lag_traBO', '21_lag_22_median_ormenSSTjfm', '48_lag_shSICmar', '40_lag_stratZ50ndj02', '32_lag_stratZ50ndj01', '28_lag_traBO', '49_lag_eurPSLjfm', '45_lag_eapPSLjfm', '48_lag_scpPSLjfm', '25_lag_alpi', '31_lag_ginwSSTjfm', '39_lag_shSICsep', '40_lag_traMC', '47_lag_alpi', '39_lag_stratZ50ndj02', '45_lag_stratZ50ndj01', '36_lag_traDS', '33_lag_traBO', '39_lag_traEC', '33_lag_traFS']","[0.009034053077597732, 0.011288191746567769, 0.03465484773095698, 0.08898672766864316, 0.02485965681368997, 0.010432188205959318, 0.003741786072484814, 0.03786551474936284, 1450457158641.5713, 0.04717270681300383, 0.06047597499579499, 1450457158641.5708, 0.03922877796997667, 0.08120346867544566, 0.005226086979747979, 0.006157369811989189, 0.021221166682191445, 0.09975560236206232, 0.058172237428032646, 0.01295938576098411, 0.13966250886242568, 0.05041015876004844, 0.13748924276831856, 0.016502179130348876, 0.06356803995753667, 0.061502445166036125, 0.25153085129374203, 0.05205588740187445, 0.040620992803514125, 0.08533005573955287]","46_lag_stratZ50ndj01, 36_lag_traIFC, 39_lag_ensoSSTjfm, 36_lag_traFSC, 39_lag_ismPRjja, 38_lag_eurPSLjfm, 43_lag_nchinaPRjja, 35_lag_traTLS, 22_lag_ormenSSTjfm, 41_lag_yrvPRjja, 38_lag_traBO, 21_lag_22_median_ormenSSTjfm, 48_lag_shSICmar, 40_lag_stratZ50ndj02, 32_lag_stratZ50ndj01, 28_lag_traBO, 49_lag_eurPSLjfm, 45_lag_eapPSLjfm, 48_lag_scpPSLjfm, 25_lag_alpi, 31_lag_ginwSSTjfm, 39_lag_shSICsep, 40_lag_traMC, 47_lag_alpi, 39_lag_stratZ50ndj02, 45_lag_stratZ50ndj01, 36_lag_traDS, 33_lag_traBO, 39_lag_traEC, 33_lag_traFS_3835_21"
LinearRegression,37,30,shTSjfm,shigh,1751.5,2005.5,0.8,52,22,22,33.90231463370517,0.03038796459235469,3835,"['40_lag_stratZ50ndj02', '38_lag_traFS', '36_lag_traFSC', '39_lag_ensoSSTjfm', '35_lag_traTLS', '38_lag_eurPSLjfm', '39_lag_traEU', '22_lag_eurPSLjfm', '48_lag_nchinaPRjja', '36_lag_traIFC', '48_lag_shSICmar', '28_lag_traBO', '48_lag_scpPSLjfm', '38_lag_traBO', '49_lag_eurPSLjfm', '39_lag_ismPRjja', '46_lag_stratZ50ndj01', '31_lag_ginwSSTjfm', '25_lag_alpi', '47_lag_alpi', '45_lag_eapPSLjfm', '39_lag_shSICsep', '22_lag_ormenSSTjfm', '39_lag_stratZ50ndj02', '40_lag_traMC', '33_lag_traBO', '45_lag_stratZ50ndj01', '36_lag_traDS', '39_lag_traEC', '33_lag_traFS']","[0.08026030409588501, 0.04755024473890346, 0.043331311390274074, 0.03824971788213446, 0.0424833319524686, 0.002705156181067317, 0.03746402719059866, 0.06108937337696287, 0.046976921471562315, 0.031394125669470946, 0.03375786023049289, 0.005876797761319544, 0.05261125232236808, 0.05816643033786934, 0.023557735758331647, 0.03169623814091134, 0.021799940442064788, 0.14752267537522715, 0.008005969446388279, 0.007574380544602099, 0.09728227094365298, 0.043153961666209724, 0.0034224306445576574, 0.054232339717951064, 0.13710489778260732, 0.06809837632789015, 0.06252473038931358, 0.21186437538464634, 0.04914898775478308, 0.0810559389258131]","40_lag_stratZ50ndj02, 38_lag_traFS, 36_lag_traFSC, 39_lag_ensoSSTjfm, 35_lag_traTLS, 38_lag_eurPSLjfm, 39_lag_traEU, 22_lag_eurPSLjfm, 48_lag_nchinaPRjja, 36_lag_traIFC, 48_lag_shSICmar, 28_lag_traBO, 48_lag_scpPSLjfm, 38_lag_traBO, 49_lag_eurPSLjfm, 39_lag_ismPRjja, 46_lag_stratZ50ndj01, 31_lag_ginwSSTjfm, 25_lag_alpi, 47_lag_alpi, 45_lag_eapPSLjfm, 39_lag_shSICsep, 22_lag_ormenSSTjfm, 39_lag_stratZ50ndj02, 40_lag_traMC, 33_lag_traBO, 45_lag_stratZ50ndj01, 36_lag_traDS, 39_lag_traEC, 33_lag_traFS_3835_22"
LinearRegression,38,30,shTSjfm,shigh,1752.5,2005.5,0.8,53,23,23,32.508298222109374,-0.06987473715904008,3835,"['41_lag_yrvPRjja', '23_lag_ismPRjja', '32_lag_traEU', '33_lag_samPSLann', '48_lag_nchinaPRjja', '49_lag_ginwSSTjfm', '40_lag_stratZ50ndj02', '33_lag_ginwSSTjfm', '48_lag_shSICmar', '26_lag_stratZ50ndj03', '38_lag_eurPSLjfm', '49_lag_eurPSLjfm', '39_lag_ismPRjja', '48_lag_scpPSLjfm', '36_lag_traIFC', '38_lag_traFS', '31_lag_ginwSSTjfm', '45_lag_eapPSLjfm', '39_lag_shSICsep', '46_lag_stratZ50ndj01', '52_lag_traIT', '38_lag_traBO', '47_lag_alpi', '39_lag_stratZ50ndj02', '40_lag_traMC', '36_lag_traDS', '45_lag_stratZ50ndj01', '33_lag_traBO', '39_lag_traEC', '33_lag_traFS']","[0.052650615728418566, 0.04185134385168301, 0.00807643953880921, 0.08470806851240728, 0.0870509973732051, 0.08259602912692736, 0.08240531873564477, 0.088704991495711, 0.03304849514766466, 0.048955133975309775, 0.0068528020190741805, 0.020917149709964392, 0.03009394190268126, 0.06166664160227777, 0.0190611894001191, 0.04732244066235521, 0.13156958580067657, 0.08839161789157873, 0.045322716208052796, 0.020988857980728116, 0.058508331622001, 0.03821727414844825, 0.0048207502077983085, 0.051929756611826895, 0.13135713698183604, 0.17986792386703887, 0.03215459914591131, 0.12960530265846276, 0.032989365298368906, 0.0038033312305055557]","41_lag_yrvPRjja, 23_lag_ismPRjja, 32_lag_traEU, 33_lag_samPSLann, 48_lag_nchinaPRjja, 49_lag_ginwSSTjfm, 40_lag_stratZ50ndj02, 33_lag_ginwSSTjfm, 48_lag_shSICmar, 26_lag_stratZ50ndj03, 38_lag_eurPSLjfm, 49_lag_eurPSLjfm, 39_lag_ismPRjja, 48_lag_scpPSLjfm, 36_lag_traIFC, 38_lag_traFS, 31_lag_ginwSSTjfm, 45_lag_eapPSLjfm, 39_lag_shSICsep, 46_lag_stratZ50ndj01, 52_lag_traIT, 38_lag_traBO, 47_lag_alpi, 39_lag_stratZ50ndj02, 40_lag_traMC, 36_lag_traDS, 45_lag_stratZ50ndj01, 33_lag_traBO, 39_lag_traEC, 33_lag_traFS_3835_23"
LinearRegression,39,30,shTSjfm,shigh,1753.5,2005.5,0.8,54,24,24,34.48693729166724,0.1810471874643727,3835,"['53_lag_traIFC', '49_lag_ginwSSTjfm', '44_lag_shSICsep', '24_lag_traEC', '33_lag_samPSLann', '36_lag_stratZ50ndj02', '26_lag_stratZ50ndj03', '36_lag_traIT', '24_lag_27_median_pdoSSTjfm', '39_lag_traBS', '39_lag_ensoSSTjfm', '39_lag_shSICsep', '38_lag_eurPSLjfm', '24_lag_stratZ50ndj02', '38_lag_traFS', '36_lag_traIFC', '48_lag_scpPSLjfm', '46_lag_stratZ50ndj01', '52_lag_traIT', '45_lag_eapPSLjfm', '40_lag_traMC', '31_lag_ginwSSTjfm', '38_lag_traBO', '39_lag_stratZ50ndj02', '45_lag_stratZ50ndj01', '39_lag_traEC', '47_lag_alpi', '36_lag_traDS', '33_lag_traBO', '33_lag_traFS']","[0.04836115637074213, 0.03806502022695436, 0.04256543570563624, 0.05960821745828938, 0.0799772748029587, 0.04522605607930599, 0.05073887870469798, 0.06555571410632693, 0.26198435917974, 0.07637938671062956, 0.05536156838345777, 0.03105856889266316, 0.0030803710149621493, 0.044658809345455464, 0.09346587641500252, 0.026129499413251538, 0.07188727507079354, 0.0019204541591175926, 0.05618115168596144, 0.06955058973623672, 0.10339374037885118, 0.15214394593243927, 0.025562541107254273, 0.07672608835180893, 0.039326657559826235, 0.037896768810708206, 0.01608933115820578, 0.16182027955565598, 0.11450782068729784, 0.008555471549989445]","53_lag_traIFC, 49_lag_ginwSSTjfm, 44_lag_shSICsep, 24_lag_traEC, 33_lag_samPSLann, 36_lag_stratZ50ndj02, 26_lag_stratZ50ndj03, 36_lag_traIT, 24_lag_27_median_pdoSSTjfm, 39_lag_traBS, 39_lag_ensoSSTjfm, 39_lag_shSICsep, 38_lag_eurPSLjfm, 24_lag_stratZ50ndj02, 38_lag_traFS, 36_lag_traIFC, 48_lag_scpPSLjfm, 46_lag_stratZ50ndj01, 52_lag_traIT, 45_lag_eapPSLjfm, 40_lag_traMC, 31_lag_ginwSSTjfm, 38_lag_traBO, 39_lag_stratZ50ndj02, 45_lag_stratZ50ndj01, 39_lag_traEC, 47_lag_alpi, 36_lag_traDS, 33_lag_traBO, 33_lag_traFS_3835_24"
LinearRegression,40,30,shTSjfm,shigh,1754.5,2005.5,0.8,55,25,30,33.89007797511196,-0.08417680503199404,3835,"['30_lag_neurTSjfm', '36_lag_stratZ50ndj02', '37_lag_stratZ50ndj02', '39_lag_traBS', '40_lag_samPSLann', '52_lag_eapPSLjfm', '33_lag_traEC', '34_lag_traBO', '52_lag_traIT', '46_lag_stratZ50ndj01', '43_lag_stratZ50ndj03', '44_lag_shSICsep', '38_lag_scpPSLjfm', '38_lag_eurPSLjfm', '39_lag_ensoSSTjfm', '38_lag_traFS', '36_lag_traIFC', '54_lag_shSICmar', '31_lag_ginwSSTjfm', '45_lag_stratZ50ndj01', '45_lag_eapPSLjfm', '38_lag_traBO', '40_lag_traMC', '39_lag_stratZ50ndj02', '48_lag_scpPSLjfm', '39_lag_traEC', '36_lag_traDS', '47_lag_alpi', '33_lag_traBO', '33_lag_traFS']","[0.03001370575459793, 0.034951635115803126, 0.02384498130498017, 0.06211225821893515, 0.05188852528974563, 0.01502320931405684, 0.023260368547001455, 0.04166703417209071, 0.0931936219012047, 0.026452933576915652, 0.035389420416346656, 0.06556050137479319, 0.055854137818121104, 0.02080940349883986, 0.02230053540794715, 0.09113170376369853, 0.07104612257604102, 0.060896130697088276, 0.13099878675613205, 0.061017722321402755, 0.0971637283513261, 0.0664862685221956, 0.1500931048587707, 0.06188955218431719, 0.05064470622755878, 0.05929619167027643, 0.15591022652767197, 0.027079107543357437, 0.027334375282298283, 0.04584693258012504]","30_lag_neurTSjfm, 36_lag_stratZ50ndj02, 37_lag_stratZ50ndj02, 39_lag_traBS, 40_lag_samPSLann, 52_lag_eapPSLjfm, 33_lag_traEC, 34_lag_traBO, 52_lag_traIT, 46_lag_stratZ50ndj01, 43_lag_stratZ50ndj03, 44_lag_shSICsep, 38_lag_scpPSLjfm, 38_lag_eurPSLjfm, 39_lag_ensoSSTjfm, 38_lag_traFS, 36_lag_traIFC, 54_lag_shSICmar, 31_lag_ginwSSTjfm, 45_lag_stratZ50ndj01, 45_lag_eapPSLjfm, 38_lag_traBO, 40_lag_traMC, 39_lag_stratZ50ndj02, 48_lag_scpPSLjfm, 39_lag_traEC, 36_lag_traDS, 47_lag_alpi, 33_lag_traBO, 33_lag_traFS_3835_30"
LinearRegression,41,30,shTSjfm,shigh,1755.5,2005.5,0.8,56,26,26,34.56598964183253,0.07257745312811924,3835,"['43_lag_stratZ50ndj03', '39_lag_traBS', '30_lag_neurTSjfm', '40_lag_samPSLann', '39_lag_ensoSSTjfm', '46_lag_stratZ50ndj01', '38_lag_nppc3SSTjfm', '52_lag_traIT', '33_lag_traEC', '34_lag_traBO', '26_lag_pdoSSTjfm', '38_lag_traFS', '35_lag_traTLS', '54_lag_shSICmar', '36_lag_traIFC', '44_lag_shSICsep', '38_lag_eurPSLjfm', '31_lag_ginwSSTjfm', '45_lag_eapPSLjfm', '38_lag_traBO', '45_lag_stratZ50ndj01', '40_lag_traMC', '38_lag_scpPSLjfm', '39_lag_stratZ50ndj02', '36_lag_traDS', '47_lag_alpi', '39_lag_traEC', '48_lag_scpPSLjfm', '33_lag_traBO', '33_lag_traFS']","[0.027384554715277815, 0.059502936842331766, 0.032531127475732356, 0.04681293668099969, 0.03487564887644204, 0.01112896274233412, 0.0017129515298285232, 0.06492416148413095, 0.03377781729230155, 0.0685521796512333, 0.20496884746200694, 0.0903843624328266, 0.04808197848098716, 0.08320009212313378, 0.06277213057566912, 0.07148588034739933, 0.03267407438376475, 0.158760745029144, 0.0905103944208123, 0.06010626137037926, 0.038056951491703676, 0.11801262898350239, 0.06716870108626556, 0.05153694058425768, 0.14782707135843728, 0.028637764374048393, 0.06346986979392762, 0.055056692744632665, 0.04689488316853805, 0.024039940633689832]","43_lag_stratZ50ndj03, 39_lag_traBS, 30_lag_neurTSjfm, 40_lag_samPSLann, 39_lag_ensoSSTjfm, 46_lag_stratZ50ndj01, 38_lag_nppc3SSTjfm, 52_lag_traIT, 33_lag_traEC, 34_lag_traBO, 26_lag_pdoSSTjfm, 38_lag_traFS, 35_lag_traTLS, 54_lag_shSICmar, 36_lag_traIFC, 44_lag_shSICsep, 38_lag_eurPSLjfm, 31_lag_ginwSSTjfm, 45_lag_eapPSLjfm, 38_lag_traBO, 45_lag_stratZ50ndj01, 40_lag_traMC, 38_lag_scpPSLjfm, 39_lag_stratZ50ndj02, 36_lag_traDS, 47_lag_alpi, 39_lag_traEC, 48_lag_scpPSLjfm, 33_lag_traBO, 33_lag_traFS_3835_26"
LinearRegression,42,30,shTSjfm,shigh,1756.5,2005.5,0.8,57,27,31,32.77663011845398,-0.14121668423383119,3835,"['45_lag_traMC', '46_lag_stratZ50ndj01', '56_lag_tripol3', '44_lag_stratZ50ndj03', '56_lag_yrvPRjja', '40_lag_samPSLann', '54_lag_shSICmar', '39_lag_stratZ50ndj02', '52_lag_traIT', '33_lag_traEC', '35_lag_ismPRjja', '45_lag_eapPSLjfm', '36_lag_traIFC', '31_lag_ginwSSTjfm', '56_lag_traIT', '38_lag_traFS', '40_lag_traMC', '32_lag_traEU', '38_lag_scpPSLjfm', '38_lag_eurPSLjfm', '45_lag_stratZ50ndj01', '38_lag_traBO', '56_lag_ismPRjja', '36_lag_traDS', '56_lag_stratZ50ndj01', '47_lag_alpi', '39_lag_traEC', '48_lag_scpPSLjfm', '33_lag_traBO', '33_lag_traFS']","[0.1454141476444838, 0.036086598558355734, 0.00919322220272036, 0.02786365629193115, 0.08446327820840277, 0.06352631016335666, 0.10725121926861551, 0.03457683397174677, 0.07792580789022852, 0.001165069793672582, 0.0115197597302448, 0.07943003557438963, 0.03891359451931562, 0.13225054426921587, 0.11477201396134615, 0.06758734265355272, 0.10736031112994826, 0.0167032940675773, 0.05673053998882105, 0.018792538052210966, 0.05990858237909715, 0.06621623562579211, 0.12889738966106054, 0.1022041200199256, 0.03414348852198112, 0.011761003484798933, 0.09717060039069049, 0.05294575295863566, 0.06025823449013912, 0.03558054668318027]","45_lag_traMC, 46_lag_stratZ50ndj01, 56_lag_tripol3, 44_lag_stratZ50ndj03, 56_lag_yrvPRjja, 40_lag_samPSLann, 54_lag_shSICmar, 39_lag_stratZ50ndj02, 52_lag_traIT, 33_lag_traEC, 35_lag_ismPRjja, 45_lag_eapPSLjfm, 36_lag_traIFC, 31_lag_ginwSSTjfm, 56_lag_traIT, 38_lag_traFS, 40_lag_traMC, 32_lag_traEU, 38_lag_scpPSLjfm, 38_lag_eurPSLjfm, 45_lag_stratZ50ndj01, 38_lag_traBO, 56_lag_ismPRjja, 36_lag_traDS, 56_lag_stratZ50ndj01, 47_lag_alpi, 39_lag_traEC, 48_lag_scpPSLjfm, 33_lag_traBO, 33_lag_traFS_3835_31"
LinearRegression,43,30,shTSjfm,shigh,1757.5,2005.5,0.8,58,28,28,33.97298129411155,-0.0394698087605497,3835,"['28_lag_scpPSLjfm', '46_lag_stratZ50ndj01', '28_lag_mhfIP30', '44_lag_shSICsep', '45_lag_eapPSLjfm', '33_lag_traEC', '39_lag_traEU', '39_lag_stratZ50ndj02', '31_lag_ginwSSTjfm', '35_lag_traTLS', '56_lag_yrvPRjja', '35_lag_ismPRjja', '56_lag_traIT', '38_lag_eurPSLjfm', '38_lag_traFS', '38_lag_scpPSLjfm', '45_lag_stratZ50ndj01', '40_lag_samPSLann', '36_lag_traIFC', '40_lag_traMC', '38_lag_traBO', '43_lag_traMC', '36_lag_traDS', '56_lag_stratZ50ndj01', '56_lag_ismPRjja', '47_lag_alpi', '48_lag_scpPSLjfm', '33_lag_traBO', '33_lag_traFS', '39_lag_traEC']","[0.013862731789720823, 0.020769580701957613, 0.0544459397365866, 0.05214710752675529, 0.0639331483810835, 0.024517498760124667, 0.004143088553577757, 0.04785625204686749, 0.09811222707653741, 0.03163712481484144, 0.0603670761413676, 0.02859974693645743, 0.1268208744060121, 0.01623693583697141, 0.06835013084016008, 0.04523666933898277, 0.06505825860154857, 0.04602557412268452, 0.03947996375638746, 0.11398364296625602, 0.06988322892565846, 0.12879517970698204, 0.11778100439727822, 0.0791839879112161, 0.11119712908772078, 0.01896340273727861, 0.0491788000156842, 0.08002752355893403, 0.05848939429029222, 0.0650315424780104]","28_lag_scpPSLjfm, 46_lag_stratZ50ndj01, 28_lag_mhfIP30, 44_lag_shSICsep, 45_lag_eapPSLjfm, 33_lag_traEC, 39_lag_traEU, 39_lag_stratZ50ndj02, 31_lag_ginwSSTjfm, 35_lag_traTLS, 56_lag_yrvPRjja, 35_lag_ismPRjja, 56_lag_traIT, 38_lag_eurPSLjfm, 38_lag_traFS, 38_lag_scpPSLjfm, 45_lag_stratZ50ndj01, 40_lag_samPSLann, 36_lag_traIFC, 40_lag_traMC, 38_lag_traBO, 43_lag_traMC, 36_lag_traDS, 56_lag_stratZ50ndj01, 56_lag_ismPRjja, 47_lag_alpi, 48_lag_scpPSLjfm, 33_lag_traBO, 33_lag_traFS, 39_lag_traEC_3835_28"
LinearRegression,44,30,shTSjfm,shigh,1758.5,2005.5,0.8,59,29,33,35.448649989942126,0.15338054006311663,3835,"['58_lag_wnorPRjfm', '35_lag_traTLS', '50_lag_traMC', '46_lag_stratZ50ndj01', '38_lag_traFS', '57_lag_wnorPRjfm', '44_lag_stratZ50ndj03', '38_lag_traBO', '38_lag_scpPSLjfm', '56_lag_shSICmar', '34_lag_traBO', '48_lag_nchinaPRjja', '39_lag_stratZ50ndj02', '56_lag_tripol3', '36_lag_traDS', '45_lag_stratZ50ndj01', '40_lag_samPSLann', '36_lag_traIFC', '56_lag_yrvPRjja', '40_lag_traMC', '45_lag_eapPSLjfm', '48_lag_scpPSLjfm', '43_lag_traMC', '47_lag_alpi', '56_lag_stratZ50ndj01', '33_lag_traBO', '33_lag_traFS', '56_lag_ismPRjja', '58_lag_ginwSSTjfm', '39_lag_traEC']","[0.034808736023942466, 0.029792152081033613, 0.0058821966874002644, 0.020904464487988723, 0.02724087045129333, 0.02922090652777036, 0.022824300999341185, 0.06015724192830298, 0.041507345003221036, 0.04070875009958496, 0.05452587062688457, 0.041872422774070016, 0.04418013517235648, 0.0012769400252716373, 0.11121621146541032, 0.06783946211807584, 0.02796189461828026, 0.07181943583653405, 0.07997116708093123, 0.1235201615931901, 0.07296907679621173, 0.06391471939320986, 0.14772285821644596, 0.03803211643982676, 0.051571702004709424, 0.028789792264714523, 0.08438365324219482, 0.0970724667654063, 0.05364335648400086, 0.0884775480347168]","58_lag_wnorPRjfm, 35_lag_traTLS, 50_lag_traMC, 46_lag_stratZ50ndj01, 38_lag_traFS, 57_lag_wnorPRjfm, 44_lag_stratZ50ndj03, 38_lag_traBO, 38_lag_scpPSLjfm, 56_lag_shSICmar, 34_lag_traBO, 48_lag_nchinaPRjja, 39_lag_stratZ50ndj02, 56_lag_tripol3, 36_lag_traDS, 45_lag_stratZ50ndj01, 40_lag_samPSLann, 36_lag_traIFC, 56_lag_yrvPRjja, 40_lag_traMC, 45_lag_eapPSLjfm, 48_lag_scpPSLjfm, 43_lag_traMC, 47_lag_alpi, 56_lag_stratZ50ndj01, 33_lag_traBO, 33_lag_traFS, 56_lag_ismPRjja, 58_lag_ginwSSTjfm, 39_lag_traEC_3835_33"
LinearRegression,45,30,shTSjfm,shigh,1759.5,2005.5,0.8,60,30,33,34.78363918032742,0.07493119303521625,3835,"['56_lag_tripol3', '34_lag_stratZ50ndj01', '39_lag_ismPRjja', '38_lag_scpPSLjfm', '49_lag_ginwSSTjfm', '39_lag_traEU', '44_lag_stratZ50ndj03', '58_lag_wnorPRjfm', '34_lag_traBO', '48_lag_nchinaPRjja', '40_lag_samPSLann', '38_lag_traBO', '57_lag_wnorPRjfm', '39_lag_stratZ50ndj02', '36_lag_traDS', '56_lag_yrvPRjja', '40_lag_traMC', '56_lag_shSICmar', '36_lag_traIFC', '45_lag_stratZ50ndj01', '43_lag_traMC', '47_lag_alpi', '45_lag_eapPSLjfm', '48_lag_scpPSLjfm', '33_lag_traBO', '58_lag_ginwSSTjfm', '56_lag_stratZ50ndj01', '33_lag_traFS', '56_lag_ismPRjja', '39_lag_traEC']","[0.00345919305183614, 0.03792878634694, 0.05918756152512695, 0.05547691265001608, 0.0953013388649523, 0.0018582853887045656, 0.025256878456358503, 0.03480011965606187, 0.04948245874183316, 0.04444628542408659, 0.027435115694536414, 0.06342765841755382, 0.02724610260515637, 0.03605574776839124, 0.11028055423842752, 0.07268839889700834, 0.12160549411431637, 0.044981660715471924, 0.05428777642760818, 0.06837780709697937, 0.16369011514721288, 0.037979535092533184, 0.08107334401014604, 0.06074796785410143, 0.0414437191983795, 0.0664164879013148, 0.05752584853866261, 0.09149254972901101, 0.09038422164998385, 0.08485522034948095]","56_lag_tripol3, 34_lag_stratZ50ndj01, 39_lag_ismPRjja, 38_lag_scpPSLjfm, 49_lag_ginwSSTjfm, 39_lag_traEU, 44_lag_stratZ50ndj03, 58_lag_wnorPRjfm, 34_lag_traBO, 48_lag_nchinaPRjja, 40_lag_samPSLann, 38_lag_traBO, 57_lag_wnorPRjfm, 39_lag_stratZ50ndj02, 36_lag_traDS, 56_lag_yrvPRjja, 40_lag_traMC, 56_lag_shSICmar, 36_lag_traIFC, 45_lag_stratZ50ndj01, 43_lag_traMC, 47_lag_alpi, 45_lag_eapPSLjfm, 48_lag_scpPSLjfm, 33_lag_traBO, 58_lag_ginwSSTjfm, 56_lag_stratZ50ndj01, 33_lag_traFS, 56_lag_ismPRjja, 39_lag_traEC_3835_33"
LinearRegression,46,30,shTSjfm,shigh,1760.5,2005.5,0.8,61,31,31,36.61694379432927,0.22226217088703998,3835,"['60_lag_ismPRjja', '38_lag_nppc3SSTjfm', '38_lag_traFS', '40_lag_samPSLann', '39_lag_ismPRjja', '34_lag_stratZ50ndj01', '34_lag_traBO', '58_lag_wnorPRjfm', '45_lag_stratZ50ndj01', '40_lag_traMC', '56_lag_shSICmar', '57_lag_wnorPRjfm', '31_lag_traMC', '48_lag_nchinaPRjja', '47_lag_alpi', '46_lag_stratZ50ndj01', '33_lag_traBO', '36_lag_traDS', '36_lag_traIFC', '38_lag_traBO', '39_lag_stratZ50ndj02', '56_lag_ismPRjja', '43_lag_traMC', '33_lag_traFS', '56_lag_stratZ50ndj01', '45_lag_eapPSLjfm', '56_lag_yrvPRjja', '48_lag_scpPSLjfm', '58_lag_ginwSSTjfm', '39_lag_traEC']","[0.009663528773120008, 0.0596377293254316, 0.018667648514106135, 0.03350373716622693, 0.04982645350083469, 0.026146753988282694, 0.04676139144243375, 0.034392121751410765, 0.07101125279663646, 0.1196809835015487, 0.03045790620185126, 0.020501912090583475, 0.05462790437173978, 0.03273622957264904, 0.033674824736501144, 0.009780660565916964, 0.032103787194758905, 0.08189056993752536, 0.07988040263742156, 0.042777478253517714, 0.057260126566799074, 0.11285345362051408, 0.1476680459361467, 0.101049402421271, 0.06521192692793025, 0.07715379365771564, 0.09063403660976373, 0.06752602386412938, 0.05601300521722775, 0.08780914693461853]","60_lag_ismPRjja, 38_lag_nppc3SSTjfm, 38_lag_traFS, 40_lag_samPSLann, 39_lag_ismPRjja, 34_lag_stratZ50ndj01, 34_lag_traBO, 58_lag_wnorPRjfm, 45_lag_stratZ50ndj01, 40_lag_traMC, 56_lag_shSICmar, 57_lag_wnorPRjfm, 31_lag_traMC, 48_lag_nchinaPRjja, 47_lag_alpi, 46_lag_stratZ50ndj01, 33_lag_traBO, 36_lag_traDS, 36_lag_traIFC, 38_lag_traBO, 39_lag_stratZ50ndj02, 56_lag_ismPRjja, 43_lag_traMC, 33_lag_traFS, 56_lag_stratZ50ndj01, 45_lag_eapPSLjfm, 56_lag_yrvPRjja, 48_lag_scpPSLjfm, 58_lag_ginwSSTjfm, 39_lag_traEC_3835_31"
LinearRegression,47,30,shTSjfm,shigh,1761.5,2005.5,0.8,62,32,32,34.99033185600022,0.12204873214941402,3835,"['58_lag_wnorPRjfm', '36_lag_traDS', '56_lag_tripol3', '39_lag_traBS', '59_lag_eurPSLjfm', '40_lag_traMC', '56_lag_shSICmar', '35_lag_traTLS', '42_lag_samPSLann', '59_lag_traMC', '57_lag_wnorPRjfm', '61_lag_ismPRjja', '60_lag_ismPRjja', '38_lag_traBO', '33_lag_traFS', '32_lag_33_median_traFS', '43_lag_traMC', '56_lag_ismPRjja', '48_lag_nchinaPRjja', '54_lag_stratZ50ndj03', '45_lag_stratZ50ndj01', '46_lag_stratZ50ndj01', '56_lag_stratZ50ndj01', '48_lag_scpPSLjfm', '39_lag_stratZ50ndj02', '45_lag_eapPSLjfm', '56_lag_yrvPRjja', '47_lag_alpi', '39_lag_traEC', '58_lag_ginwSSTjfm']","[0.054198555470200874, 0.11100391791532915, 0.010084769582868948, 0.034052498106522194, 0.09990531177605404, 0.13669555212485482, 0.05992856493103181, 0.006075297188411994, 0.13024891317021423, 0.11313337169568681, 0.042429849828418686, 0.0835828621072057, 0.019424703680373648, 0.08280347796668734, 0.06783029360534759, 0.06783029360534755, 0.12880868498570636, 0.07296785445042742, 0.007387025529548039, 0.013328059652550382, 0.08722829276607122, 0.0314683412525733, 0.042142245012629746, 0.04778373872169718, 0.04435935399963484, 0.0658658379873494, 0.07678084611501315, 0.04638226144275334, 0.0851227175651906, 0.044735332239874644]","58_lag_wnorPRjfm, 36_lag_traDS, 56_lag_tripol3, 39_lag_traBS, 59_lag_eurPSLjfm, 40_lag_traMC, 56_lag_shSICmar, 35_lag_traTLS, 42_lag_samPSLann, 59_lag_traMC, 57_lag_wnorPRjfm, 61_lag_ismPRjja, 60_lag_ismPRjja, 38_lag_traBO, 33_lag_traFS, 32_lag_33_median_traFS, 43_lag_traMC, 56_lag_ismPRjja, 48_lag_nchinaPRjja, 54_lag_stratZ50ndj03, 45_lag_stratZ50ndj01, 46_lag_stratZ50ndj01, 56_lag_stratZ50ndj01, 48_lag_scpPSLjfm, 39_lag_stratZ50ndj02, 45_lag_eapPSLjfm, 56_lag_yrvPRjja, 47_lag_alpi, 39_lag_traEC, 58_lag_ginwSSTjfm_3835_32"
LinearRegression,48,30,shTSjfm,shigh,1762.5,2005.5,0.8,63,33,33,34.28574445287726,-0.15046881229604628,3835,"['59_lag_traMC', '56_lag_traIT', '40_lag_traMC', '39_lag_stratZ50ndj02', '36_lag_traDS', '56_lag_shSICmar', '61_lag_ismPRjja', '49_lag_yrvPRjja', '52_lag_traIT', '54_lag_stratZ50ndj03', '60_lag_stratZ50ndj01', '48_lag_nchinaPRjja', '42_lag_samPSLann', '62_lag_shSICmar', '60_lag_ismPRjja', '38_lag_traBO', '43_lag_traMC', '38_lag_scpPSLjfm', '35_lag_traTLS', '62_lag_traMC', '56_lag_stratZ50ndj01', '33_lag_traBO', '48_lag_scpPSLjfm', '45_lag_eapPSLjfm', '56_lag_yrvPRjja', '39_lag_traEC', '33_lag_traFS', '45_lag_stratZ50ndj01', '47_lag_alpi', '58_lag_ginwSSTjfm']","[0.09664021724204415, 0.10980679268577329, 0.12514724876709898, 0.04899726546348816, 0.10653708189688793, 0.013537881999392902, 0.09846611128598477, 0.0026003015035933647, 0.03227372158133319, 0.004242592907233206, 0.044476176508895134, 0.027151651277901468, 0.11339970825165231, 0.08952780416988244, 0.020272076049675677, 0.07723563310268745, 0.12645972090004617, 0.05528815239564435, 0.03719922807629665, 0.10828088848380629, 0.034760288242271044, 0.04604370852179895, 0.06757324509921087, 0.03782813328305939, 0.03248894050512546, 0.05760599574850357, 0.12946910660145552, 0.05384233952437102, 0.03500818867252015, 0.05166967666569007]","59_lag_traMC, 56_lag_traIT, 40_lag_traMC, 39_lag_stratZ50ndj02, 36_lag_traDS, 56_lag_shSICmar, 61_lag_ismPRjja, 49_lag_yrvPRjja, 52_lag_traIT, 54_lag_stratZ50ndj03, 60_lag_stratZ50ndj01, 48_lag_nchinaPRjja, 42_lag_samPSLann, 62_lag_shSICmar, 60_lag_ismPRjja, 38_lag_traBO, 43_lag_traMC, 38_lag_scpPSLjfm, 35_lag_traTLS, 62_lag_traMC, 56_lag_stratZ50ndj01, 33_lag_traBO, 48_lag_scpPSLjfm, 45_lag_eapPSLjfm, 56_lag_yrvPRjja, 39_lag_traEC, 33_lag_traFS, 45_lag_stratZ50ndj01, 47_lag_alpi, 58_lag_ginwSSTjfm_3835_33"
LinearRegression,49,30,shTSjfm,shigh,1763.5,2005.5,0.8,64,34,34,35.07593957918477,-0.1770878255980965,3835,"['39_lag_traEU', '55_lag_traIT', '34_lag_mhfATL60', '42_lag_samPSLann', '34_lag_35_median_traTLS', '56_lag_tripol3', '38_lag_traBO', '38_lag_nppc3SSTjfm', '35_lag_traTLS', '40_lag_traMC', '63_lag_mhfATL30', '52_lag_traIT', '63_lag_eurPSLjfm', '56_lag_shSICmar', '54_lag_traDS', '38_lag_scpPSLjfm', '48_lag_nchinaPRjja', '49_lag_yrvPRjja', '60_lag_ismPRjja', '60_lag_stratZ50ndj01', '56_lag_yrvPRjja', '34_lag_traBO', '56_lag_stratZ50ndj01', '62_lag_traMC', '45_lag_eapPSLjfm', '48_lag_scpPSLjfm', '58_lag_ginwSSTjfm', '39_lag_traEC', '45_lag_stratZ50ndj01', '47_lag_alpi']","[0.04273567210325875, 0.11451258301745315, 0.08802351336840412, 0.07935652572714627, 3891168368704.4106, 0.0033972101509831556, 0.03898051170695623, 0.04075620761266855, 3891168368704.3496, 0.13797534349258053, 0.1603067838061067, 0.06264800214803816, 0.0025838216780445576, 0.04499347090707119, 0.02709848888210331, 0.01398026713106552, 0.020527171875554105, 0.007107227897889382, 0.016622941724719623, 0.024680660259227577, 0.045269871269447155, 0.04914240098704409, 0.05770471731719426, 0.1312215299144084, 0.03644030581055522, 0.06316234596765175, 0.051473575514957876, 0.09105594149683358, 0.03153785103294509, 0.03868007449268909]","39_lag_traEU, 55_lag_traIT, 34_lag_mhfATL60, 42_lag_samPSLann, 34_lag_35_median_traTLS, 56_lag_tripol3, 38_lag_traBO, 38_lag_nppc3SSTjfm, 35_lag_traTLS, 40_lag_traMC, 63_lag_mhfATL30, 52_lag_traIT, 63_lag_eurPSLjfm, 56_lag_shSICmar, 54_lag_traDS, 38_lag_scpPSLjfm, 48_lag_nchinaPRjja, 49_lag_yrvPRjja, 60_lag_ismPRjja, 60_lag_stratZ50ndj01, 56_lag_yrvPRjja, 34_lag_traBO, 56_lag_stratZ50ndj01, 62_lag_traMC, 45_lag_eapPSLjfm, 48_lag_scpPSLjfm, 58_lag_ginwSSTjfm, 39_lag_traEC, 45_lag_stratZ50ndj01, 47_lag_alpi_3835_34"
LinearRegression,50,30,shTSjfm,shigh,1764.5,2005.5,0.8,65,35,35,36.13966825405145,-0.32086528951057564,3835,"['55_lag_traDS', '46_lag_stratZ50ndj01', '63_lag_mhfATL30', '38_lag_scpPSLjfm', '39_lag_traBS', '40_lag_eapPSLjfm', '63_lag_eurPSLjfm', '41_lag_mhfATL45', '43_lag_traMC', '56_lag_tripol3', '54_lag_traDS', '38_lag_nppc3SSTjfm', '64_lag_solFORC', '40_lag_traMC', '52_lag_traIT', '60_lag_stratZ50ndj01', '64_lag_traEU', '56_lag_yrvPRjja', '35_lag_traTLS', '49_lag_yrvPRjja', '45_lag_eapPSLjfm', '60_lag_ismPRjja', '48_lag_nchinaPRjja', '62_lag_traMC', '56_lag_stratZ50ndj01', '58_lag_ginwSSTjfm', '48_lag_scpPSLjfm', '47_lag_alpi', '39_lag_traEC', '45_lag_stratZ50ndj01']","[0.021904875162705447, 0.02717011578450554, 0.15981166468619654, 0.02232666661460723, 0.0632537934440268, 0.01701381892903131, 0.005804658694987072, 0.03872588337061028, 0.10048563227189178, 0.04182815930441606, 0.02932164161296616, 0.0554693771364064, 0.13300001991691832, 0.1043198464651545, 0.029690668358926642, 0.020610172514377446, 0.05588991952974664, 0.0582970224620378, 0.022082829215606038, 0.003779535971689644, 0.057007485211648654, 0.016481717085618675, 0.024211029685871223, 0.10668015997063476, 0.08709362119530961, 0.026717623367396665, 0.06276717130596768, 0.03460279632030498, 0.08916657750408924, 0.038167893505074886]","55_lag_traDS, 46_lag_stratZ50ndj01, 63_lag_mhfATL30, 38_lag_scpPSLjfm, 39_lag_traBS, 40_lag_eapPSLjfm, 63_lag_eurPSLjfm, 41_lag_mhfATL45, 43_lag_traMC, 56_lag_tripol3, 54_lag_traDS, 38_lag_nppc3SSTjfm, 64_lag_solFORC, 40_lag_traMC, 52_lag_traIT, 60_lag_stratZ50ndj01, 64_lag_traEU, 56_lag_yrvPRjja, 35_lag_traTLS, 49_lag_yrvPRjja, 45_lag_eapPSLjfm, 60_lag_ismPRjja, 48_lag_nchinaPRjja, 62_lag_traMC, 56_lag_stratZ50ndj01, 58_lag_ginwSSTjfm, 48_lag_scpPSLjfm, 47_lag_alpi, 39_lag_traEC, 45_lag_stratZ50ndj01_3835_35"
LinearRegression,51,30,shTSjfm,shigh,1765.5,2005.5,0.8,66,36,36,36.063499178952746,-0.5450077007535022,3835,"['54_lag_traDS', '37_lag_stratZ50ndj02', '36_lag_37_median_stratZ50ndj02', '41_lag_mhfATL45', '56_lag_traIT', '38_lag_scpPSLjfm', '64_lag_solFORC', '65_lag_solFORC', '55_lag_traFSC', '39_lag_traBS', '36_lag_traDS', '60_lag_stratZ50ndj01', '56_lag_yrvPRjja', '38_lag_nppc3SSTjfm', '52_lag_traIT', '45_lag_eapPSLjfm', '43_lag_traMC', '64_lag_traEU', '48_lag_nchinaPRjja', '36_lag_traIFC', '60_lag_ismPRjja', '48_lag_scpPSLjfm', '62_lag_traMC', '56_lag_stratZ50ndj01', '58_lag_ginwSSTjfm', '49_lag_yrvPRjja', '47_lag_alpi', '39_lag_traEC', '45_lag_stratZ50ndj01', '65_lag_gyreSSTjfm']","[0.09915041119788523, 1437953669107.9558, 1437953669107.9724, 0.028799733017580254, 0.0540960613057621, 0.042871376138752304, 0.30176752075791236, 0.4461779803415742, 0.00393897889464784, 0.0511108153319089, 0.11212145203815456, 0.006700215866949236, 0.03174768586390983, 0.05466440073053035, 0.04042746413892521, 0.03653803452603834, 0.10205183209400631, 0.0587921142578125, 0.005401611328125, 0.011810302734375, 0.0018310546875, 0.0587005615234375, 0.0789794921875, 0.07016754150390625, 0.09124755859375, 0.009735107421875, 0.0455169677734375, 0.06695556640625, 0.025363922119140625, 0.168548583984375]","54_lag_traDS, 37_lag_stratZ50ndj02, 36_lag_37_median_stratZ50ndj02, 41_lag_mhfATL45, 56_lag_traIT, 38_lag_scpPSLjfm, 64_lag_solFORC, 65_lag_solFORC, 55_lag_traFSC, 39_lag_traBS, 36_lag_traDS, 60_lag_stratZ50ndj01, 56_lag_yrvPRjja, 38_lag_nppc3SSTjfm, 52_lag_traIT, 45_lag_eapPSLjfm, 43_lag_traMC, 64_lag_traEU, 48_lag_nchinaPRjja, 36_lag_traIFC, 60_lag_ismPRjja, 48_lag_scpPSLjfm, 62_lag_traMC, 56_lag_stratZ50ndj01, 58_lag_ginwSSTjfm, 49_lag_yrvPRjja, 47_lag_alpi, 39_lag_traEC, 45_lag_stratZ50ndj01, 65_lag_gyreSSTjfm_3835_36"
LinearRegression,52,30,shTSjfm,shigh,1766.5,2005.5,0.8,67,37,37,36.66764814467767,-0.4681616470887447,3835,"['62_lag_mhfATL30', '65_lag_mhfATL45', '63_lag_stratZ50ndj03', '39_lag_traEU', '60_lag_ismPRjja', '61_lag_ismPRjja', '45_lag_eapPSLjfm', '41_lag_shSICmar', '56_lag_yrvPRjja', '40_lag_eapPSLjfm', '48_lag_nchinaPRjja', '38_lag_nppc3SSTjfm', '37_lag_38_median_nppc3SSTjfm', '48_lag_scpPSLjfm', '54_lag_traDS', '62_lag_traMC', '64_lag_traMC', '56_lag_traIT', '63_lag_traIFC', '66_lag_labSSTjfm', '66_lag_gyreSSTjfm', '43_lag_traMC', '66_lag_traBS', '56_lag_stratZ50ndj01', '58_lag_ginwSSTjfm', '47_lag_alpi', '45_lag_stratZ50ndj01', '65_lag_gyreSSTjfm', '39_lag_traEC', '49_lag_yrvPRjja']","[0.12690873130585914, 0.1374103829699135, 0.042748928348480555, 0.04731877324981222, 0.013841893834018409, 0.08599254852849131, 0.04038511897493869, 0.04109770045184366, 0.002616870299392684, 0.042351184890726395, 0.034547366277905014, 1599292672523.5977, 1599292672523.5645, 0.04727206751854837, 0.01136094884695609, 0.09074886788878325, 0.10485804969443915, 0.10635558858045997, 0.018576642773322424, 0.04352982198866817, 0.10723150485441024, 0.09958836630051612, 0.08278056866065359, 0.07724568574972644, 0.06668300835281021, 0.02452094744629266, 0.022118680650282066, 0.03706740553900239, 0.11927037271128299, 0.02616032714576929]","62_lag_mhfATL30, 65_lag_mhfATL45, 63_lag_stratZ50ndj03, 39_lag_traEU, 60_lag_ismPRjja, 61_lag_ismPRjja, 45_lag_eapPSLjfm, 41_lag_shSICmar, 56_lag_yrvPRjja, 40_lag_eapPSLjfm, 48_lag_nchinaPRjja, 38_lag_nppc3SSTjfm, 37_lag_38_median_nppc3SSTjfm, 48_lag_scpPSLjfm, 54_lag_traDS, 62_lag_traMC, 64_lag_traMC, 56_lag_traIT, 63_lag_traIFC, 66_lag_labSSTjfm, 66_lag_gyreSSTjfm, 43_lag_traMC, 66_lag_traBS, 56_lag_stratZ50ndj01, 58_lag_ginwSSTjfm, 47_lag_alpi, 45_lag_stratZ50ndj01, 65_lag_gyreSSTjfm, 39_lag_traEC, 49_lag_yrvPRjja_3835_37"
LinearRegression,53,30,shTSjfm,shigh,1767.5,2005.5,0.8,68,38,38,34.794305835386304,-0.509095543194261,3835,"['45_lag_eapPSLjfm', '56_lag_yrvPRjja', '54_lag_traDS', '57_lag_scpPSLjfm', '41_lag_shSICmar', '60_lag_ismPRjja', '56_lag_traIT', '67_lag_scpPSLjfm', '64_lag_traMC', '67_lag_gyreSSTjfm', '38_lag_scpPSLjfm', '61_lag_ismPRjja', '66_lag_labSSTjfm', '66_lag_gyreSSTjfm', '63_lag_traIFC', '48_lag_scpPSLjfm', '65_lag_traMC', '38_lag_nppc3SSTjfm', '43_lag_traMC', '66_lag_traBS', '63_lag_stratZ50ndj03', '56_lag_stratZ50ndj01', '47_lag_alpi', '58_lag_ginwSSTjfm', '45_lag_stratZ50ndj01', '38_lag_39_median_traEC', '39_lag_traEC', '67_lag_traEU', '65_lag_gyreSSTjfm', '49_lag_yrvPRjja']","[0.031144503926989107, 0.018181828618491797, 0.07725020970170206, 0.046065659735485924, 0.02839898533631377, 0.013350792160058396, 0.12643128160498987, 0.06768369363077771, 0.08404429170342617, 0.03221130958466746, 0.045838413167541135, 0.058446897013273734, 0.04894132997959961, 0.07636698157394477, 0.0490821581835955, 0.05059143806459053, 0.1442195981027545, 0.006918139936210175, 0.15846190603599522, 0.07458906598863935, 0.04561589307463933, 0.08162849138442464, 0.04851798190910354, 0.09222223809289763, 0.0033836618150208594, 752290709400.1794, 752290709400.2719, 0.02437916047832018, 0.08599192213646678, 0.012704351126624741]","45_lag_eapPSLjfm, 56_lag_yrvPRjja, 54_lag_traDS, 57_lag_scpPSLjfm, 41_lag_shSICmar, 60_lag_ismPRjja, 56_lag_traIT, 67_lag_scpPSLjfm, 64_lag_traMC, 67_lag_gyreSSTjfm, 38_lag_scpPSLjfm, 61_lag_ismPRjja, 66_lag_labSSTjfm, 66_lag_gyreSSTjfm, 63_lag_traIFC, 48_lag_scpPSLjfm, 65_lag_traMC, 38_lag_nppc3SSTjfm, 43_lag_traMC, 66_lag_traBS, 63_lag_stratZ50ndj03, 56_lag_stratZ50ndj01, 47_lag_alpi, 58_lag_ginwSSTjfm, 45_lag_stratZ50ndj01, 38_lag_39_median_traEC, 39_lag_traEC, 67_lag_traEU, 65_lag_gyreSSTjfm, 49_lag_yrvPRjja_3835_38"
LinearRegression,54,30,shTSjfm,shigh,1768.5,2005.5,0.8,69,39,39,33.68722429726153,-0.48487002658388967,3835,"['54_lag_traMC', '56_lag_shSICmar', '62_lag_traMC', '43_lag_traMC', '59_lag_traMC', '66_lag_gyreSSTjfm', '68_lag_gyreSSTjfm', '64_lag_traMC', '46_lag_stratZ50ndj01', '56_lag_traIT', '68_lag_eurPSLjfm', '54_lag_traDS', '41_lag_shSICmar', '63_lag_stratZ50ndj03', '67_lag_gyreSSTjfm', '67_lag_scpPSLjfm', '60_lag_ismPRjja', '61_lag_ismPRjja', '66_lag_traBS', '45_lag_eapPSLjfm', '68_lag_stratZ50ndj01', '56_lag_stratZ50ndj01', '48_lag_scpPSLjfm', '47_lag_alpi', '67_lag_traEU', '49_lag_yrvPRjja', '45_lag_stratZ50ndj01', '58_lag_ginwSSTjfm', '65_lag_gyreSSTjfm', '39_lag_traEC']","[0.002457993581007047, 0.14482898300960861, 0.08605169262070449, 0.1255119005139315, 0.09487634333317664, 0.052837228967503334, 0.03021953498866765, 0.09965021971774844, 0.03439917624415034, 0.1361328679564393, 0.0361070380258644, 0.043266621099610075, 0.05932480721420388, 0.021184082491279906, 0.03589442692824694, 0.03781808563684413, 0.014809770494829323, 0.0714914256015432, 0.05394860650859165, 0.025978528378589154, 0.008075481358182608, 0.07585590283399572, 0.03747570130664839, 0.0400070488057364, 0.021212073735095954, 0.025620328136550238, 0.019621247460362836, 0.06943717636941565, 0.12383060604976763, 0.08529921052016928]","54_lag_traMC, 56_lag_shSICmar, 62_lag_traMC, 43_lag_traMC, 59_lag_traMC, 66_lag_gyreSSTjfm, 68_lag_gyreSSTjfm, 64_lag_traMC, 46_lag_stratZ50ndj01, 56_lag_traIT, 68_lag_eurPSLjfm, 54_lag_traDS, 41_lag_shSICmar, 63_lag_stratZ50ndj03, 67_lag_gyreSSTjfm, 67_lag_scpPSLjfm, 60_lag_ismPRjja, 61_lag_ismPRjja, 66_lag_traBS, 45_lag_eapPSLjfm, 68_lag_stratZ50ndj01, 56_lag_stratZ50ndj01, 48_lag_scpPSLjfm, 47_lag_alpi, 67_lag_traEU, 49_lag_yrvPRjja, 45_lag_stratZ50ndj01, 58_lag_ginwSSTjfm, 65_lag_gyreSSTjfm, 39_lag_traEC_3835_39"
LinearRegression,55,30,shTSjfm,shigh,1769.5,2005.5,0.8,70,40,40,34.07389758921975,-0.5468731066685333,3835,"['60_lag_ismPRjja', '40_lag_shSICmar', '68_lag_stratZ50ndj01', '63_lag_stratZ50ndj03', '50_lag_traEU', '40_lag_eapPSLjfm', '54_lag_traIFC', '63_lag_traIFC', '66_lag_traBS', '56_lag_traIT', '68_lag_gyreSSTjfm', '59_lag_traMC', '64_lag_traMC', '67_lag_gyreSSTjfm', '54_lag_traMC', '45_lag_eapPSLjfm', '62_lag_traMC', '54_lag_traDS', '67_lag_scpPSLjfm', '47_lag_alpi', '48_lag_scpPSLjfm', '46_lag_stratZ50ndj01', '56_lag_stratZ50ndj01', '67_lag_traEU', '69_lag_yrvPRjja', '69_lag_mhfATL45', '45_lag_stratZ50ndj01', '49_lag_yrvPRjja', '58_lag_ginwSSTjfm', '65_lag_gyreSSTjfm']","[0.02538778895224785, 0.0027758224341023208, 0.011680512632270858, 0.0541461965129176, 0.0043874114394150746, 0.02673276997930211, 0.07844692368946128, 0.059564780851685525, 0.05943094101097127, 0.12714396371027867, 0.07403525855175573, 0.09436192631423672, 0.12367261537799563, 0.03504486580589854, 0.01569425253157546, 0.010458753605196065, 0.09226529487650467, 0.02706300687918666, 0.06161081770750852, 0.03965914154542947, 0.05976455614879851, 0.04355488485712647, 0.08972299799456315, 0.014923107996946225, 0.019575291730737972, 0.23486099703937974, 0.01447168003270552, 0.008959719088760261, 0.07008483562798751, 0.06533045426640646]","60_lag_ismPRjja, 40_lag_shSICmar, 68_lag_stratZ50ndj01, 63_lag_stratZ50ndj03, 50_lag_traEU, 40_lag_eapPSLjfm, 54_lag_traIFC, 63_lag_traIFC, 66_lag_traBS, 56_lag_traIT, 68_lag_gyreSSTjfm, 59_lag_traMC, 64_lag_traMC, 67_lag_gyreSSTjfm, 54_lag_traMC, 45_lag_eapPSLjfm, 62_lag_traMC, 54_lag_traDS, 67_lag_scpPSLjfm, 47_lag_alpi, 48_lag_scpPSLjfm, 46_lag_stratZ50ndj01, 56_lag_stratZ50ndj01, 67_lag_traEU, 69_lag_yrvPRjja, 69_lag_mhfATL45, 45_lag_stratZ50ndj01, 49_lag_yrvPRjja, 58_lag_ginwSSTjfm, 65_lag_gyreSSTjfm_3835_40"
LinearRegression,56,30,shTSjfm,shigh,1770.5,2005.5,0.8,71,41,41,34.95251631146725,-0.3616668286255441,3835,"['65_lag_tripol3', '59_lag_alpi', '61_lag_shSICmar', '45_lag_traEC', '55_lag_traDS', '58_lag_wnorPRjfm', '68_lag_gyreSSTjfm', '63_lag_traIFC', '41_lag_shSICmar', '66_lag_traEU', '41_lag_traEC', '45_lag_eapPSLjfm', '54_lag_traIFC', '50_lag_alpi', '41_lag_yrvPRjja', '66_lag_traBS', '54_lag_traMC', '62_lag_traMC', '54_lag_traDS', '67_lag_traEU', '69_lag_yrvPRjja', '46_lag_stratZ50ndj01', '56_lag_stratZ50ndj01', '69_lag_mhfATL45', '48_lag_scpPSLjfm', '45_lag_stratZ50ndj01', '47_lag_alpi', '58_lag_ginwSSTjfm', '49_lag_yrvPRjja', '65_lag_gyreSSTjfm']","[0.03370844199061145, 0.0009344743896325253, 0.11799465458211095, 0.10539404117692253, 0.0612418726878146, 0.050074636002839984, 0.00564235813591272, 0.014019084024319988, 0.07606374754456686, 0.005504613161590227, 0.03486009615120044, 0.010877189833098527, 0.12232475395651055, 0.040075958003840326, 0.06532628559822187, 0.07194302900216333, 0.013655010268783171, 0.14488397305863213, 0.025548599809215478, 0.04427796530543159, 0.033198517354800165, 0.04621480221500156, 0.07809872488190502, 0.18420576428990218, 0.0717590543043678, 0.015586401922398211, 0.06456981886314131, 0.09428022443361884, 0.02395409110967603, 0.08453045002901]","65_lag_tripol3, 59_lag_alpi, 61_lag_shSICmar, 45_lag_traEC, 55_lag_traDS, 58_lag_wnorPRjfm, 68_lag_gyreSSTjfm, 63_lag_traIFC, 41_lag_shSICmar, 66_lag_traEU, 41_lag_traEC, 45_lag_eapPSLjfm, 54_lag_traIFC, 50_lag_alpi, 41_lag_yrvPRjja, 66_lag_traBS, 54_lag_traMC, 62_lag_traMC, 54_lag_traDS, 67_lag_traEU, 69_lag_yrvPRjja, 46_lag_stratZ50ndj01, 56_lag_stratZ50ndj01, 69_lag_mhfATL45, 48_lag_scpPSLjfm, 45_lag_stratZ50ndj01, 47_lag_alpi, 58_lag_ginwSSTjfm, 49_lag_yrvPRjja, 65_lag_gyreSSTjfm_3835_41"
LinearRegression,57,30,shTSjfm,shigh,1771.5,2005.5,0.8,72,42,42,36.56335179346539,-0.5374567487149386,3835,"['42_lag_shSICsep', '63_lag_stratZ50ndj03', '69_lag_yrvPRjja', '68_lag_stratZ50ndj01', '67_lag_traEU', '68_lag_nchinaPRjja', '47_lag_stratZ50ndj03', '55_lag_traDS', '62_lag_ismPRjja', '59_lag_stratZ50ndj03', '65_lag_tripol3', '66_lag_traBS', '69_lag_wnorPRjfm', '66_lag_traEU', '45_lag_traEC', '45_lag_eapPSLjfm', '62_lag_traMC', '56_lag_traIT', '50_lag_alpi', '63_lag_traIFC', '46_lag_stratZ50ndj01', '45_lag_stratZ50ndj01', '69_lag_mhfATL45', '56_lag_stratZ50ndj01', '59_lag_traMC', '58_lag_ginwSSTjfm', '47_lag_alpi', '49_lag_yrvPRjja', '65_lag_gyreSSTjfm', '48_lag_scpPSLjfm']","[0.06363649365402489, 0.01714070360060685, 0.017494217360420214, 0.008852452553699375, 0.02612094292754476, 0.06079058067502683, 0.05254726911137215, 0.10468543465191917, 0.04760138924855551, 0.028632562611956326, 0.017486022169972134, 0.08405372203211757, 0.11516168377925692, 0.007009598281309154, 0.11055672837217567, 0.030081879326126378, 0.11363668787396015, 0.12021566499274541, 0.01516153074558263, 0.06446275621272399, 0.02618219212619459, 0.0004024658479675307, 0.20721835319042556, 0.08384504449160976, 0.08346290523885781, 0.049263133107954785, 0.05377383585156423, 0.0022023881662291654, 0.05651346074834829, 0.08066820438275481]","42_lag_shSICsep, 63_lag_stratZ50ndj03, 69_lag_yrvPRjja, 68_lag_stratZ50ndj01, 67_lag_traEU, 68_lag_nchinaPRjja, 47_lag_stratZ50ndj03, 55_lag_traDS, 62_lag_ismPRjja, 59_lag_stratZ50ndj03, 65_lag_tripol3, 66_lag_traBS, 69_lag_wnorPRjfm, 66_lag_traEU, 45_lag_traEC, 45_lag_eapPSLjfm, 62_lag_traMC, 56_lag_traIT, 50_lag_alpi, 63_lag_traIFC, 46_lag_stratZ50ndj01, 45_lag_stratZ50ndj01, 69_lag_mhfATL45, 56_lag_stratZ50ndj01, 59_lag_traMC, 58_lag_ginwSSTjfm, 47_lag_alpi, 49_lag_yrvPRjja, 65_lag_gyreSSTjfm, 48_lag_scpPSLjfm_3835_42"
LinearRegression,58,30,shTSjfm,shigh,1772.5,2005.5,0.8,73,43,45,35.25447814204127,-0.6219510394478897,3835,"['69_lag_yrvPRjja', '72_lag_traBO', '65_lag_traMC', '58_lag_wnorPRjfm', '72_lag_solFORC', '72_lag_stratZ50ndj03', '45_lag_eapPSLjfm', '45_lag_traEC', '54_lag_traDS', '49_lag_traEC', '62_lag_ismPRjja', '55_lag_traDS', '63_lag_stratZ50ndj03', '50_lag_alpi', '65_lag_tripol3', '68_lag_stratZ50ndj01', '66_lag_traEU', '45_lag_stratZ50ndj01', '59_lag_traMC', '46_lag_stratZ50ndj01', '62_lag_traMC', '56_lag_traIT', '69_lag_mhfATL45', '56_lag_stratZ50ndj01', '63_lag_traIFC', '47_lag_alpi', '49_lag_yrvPRjja', '58_lag_ginwSSTjfm', '48_lag_scpPSLjfm', '65_lag_gyreSSTjfm']","[0.010141746090791595, 0.048615238202993086, 0.08521309393251769, 0.014126975403843917, 0.12991774482665594, 0.009477514121267247, 0.001597032883090126, 0.053223653366593925, 0.03733271150995835, 0.06736882473546187, 0.041153642904744436, 0.06487938185748993, 0.010316315323947353, 0.007399120445819268, 0.038399039421077426, 0.014306464396376463, 0.007139969181129109, 0.000958867950888097, 0.0764734855186404, 0.011648165647325785, 0.07748662072050079, 0.06701856732066705, 0.13787438646662326, 0.0692570688515108, 0.06311187845322686, 0.04766441097120758, 0.006264348004655972, 0.07042320321894774, 0.06832913901974769, 0.1128368699587081]","69_lag_yrvPRjja, 72_lag_traBO, 65_lag_traMC, 58_lag_wnorPRjfm, 72_lag_solFORC, 72_lag_stratZ50ndj03, 45_lag_eapPSLjfm, 45_lag_traEC, 54_lag_traDS, 49_lag_traEC, 62_lag_ismPRjja, 55_lag_traDS, 63_lag_stratZ50ndj03, 50_lag_alpi, 65_lag_tripol3, 68_lag_stratZ50ndj01, 66_lag_traEU, 45_lag_stratZ50ndj01, 59_lag_traMC, 46_lag_stratZ50ndj01, 62_lag_traMC, 56_lag_traIT, 69_lag_mhfATL45, 56_lag_stratZ50ndj01, 63_lag_traIFC, 47_lag_alpi, 49_lag_yrvPRjja, 58_lag_ginwSSTjfm, 48_lag_scpPSLjfm, 65_lag_gyreSSTjfm_3835_45"
LinearRegression,59,30,shTSjfm,shigh,1773.5,2005.5,0.8,74,44,44,35.662048457322946,-0.6298338092744842,3835,"['72_lag_stratZ50ndj03', '73_lag_solFORC', '59_lag_eurPSLjfm', '59_lag_gyreSSTjfm', '60_lag_stratZ50ndj01', '44_lag_46_median_stratZ50ndj01', '72_lag_traBO', '66_lag_traBS', '54_lag_traDS', '50_lag_alpi', '55_lag_traDS', '62_lag_ismPRjja', '63_lag_stratZ50ndj03', '69_lag_wnorPRjfm', '46_lag_stratZ50ndj01', '62_lag_traMC', '65_lag_tripol3', '59_lag_traMC', '56_lag_traIT', '69_lag_mhfATL45', '66_lag_traEU', '73_lag_traMC', '68_lag_stratZ50ndj01', '49_lag_yrvPRjja', '56_lag_stratZ50ndj01', '63_lag_traIFC', '47_lag_alpi', '58_lag_ginwSSTjfm', '65_lag_gyreSSTjfm', '48_lag_scpPSLjfm']","[0.034600943267627686, 0.14984860069327657, 0.0365111878491135, 0.12637363332835205, 0.0432334534486844, 0.004188122211037422, 0.03770061698408154, 0.09711772461194514, 0.007894824774777829, 0.007060761555593091, 0.07916511556944046, 0.030055155575503995, 0.028059909074996742, 0.0694769833949324, 0.016640664521444696, 0.06613086815794814, 0.04377571826523681, 0.030849967679643375, 0.08267421298719424, 0.0728895123454937, 0.0049389252003112435, 0.05363171548037215, 0.016533352995624938, 0.02660092464013156, 0.08507914153685232, 0.043227745028843974, 0.022775039451042207, 0.0598345845758999, 0.10841706163238567, 0.05228008927112207]","72_lag_stratZ50ndj03, 73_lag_solFORC, 59_lag_eurPSLjfm, 59_lag_gyreSSTjfm, 60_lag_stratZ50ndj01, 44_lag_46_median_stratZ50ndj01, 72_lag_traBO, 66_lag_traBS, 54_lag_traDS, 50_lag_alpi, 55_lag_traDS, 62_lag_ismPRjja, 63_lag_stratZ50ndj03, 69_lag_wnorPRjfm, 46_lag_stratZ50ndj01, 62_lag_traMC, 65_lag_tripol3, 59_lag_traMC, 56_lag_traIT, 69_lag_mhfATL45, 66_lag_traEU, 73_lag_traMC, 68_lag_stratZ50ndj01, 49_lag_yrvPRjja, 56_lag_stratZ50ndj01, 63_lag_traIFC, 47_lag_alpi, 58_lag_ginwSSTjfm, 65_lag_gyreSSTjfm, 48_lag_scpPSLjfm_3835_44"
LinearRegression,60,30,shTSjfm,shigh,1774.5,2005.5,0.8,75,45,45,36.319538757860805,-0.5340563781700014,3835,"['74_lag_solFORC', '59_lag_alpi', '74_lag_wnorPRjfm', '63_lag_traBO', '49_lag_ismPRjja', '63_lag_stratZ50ndj03', '61_lag_eapPSLjfm', '69_lag_mhfATL45', '50_lag_alpi', '72_lag_stratZ50ndj03', '69_lag_wnorPRjfm', '62_lag_traMC', '65_lag_tripol3', '45_lag_eapPSLjfm', '66_lag_traBS', '45_lag_traEC', '68_lag_stratZ50ndj01', '59_lag_traMC', '56_lag_traIT', '49_lag_yrvPRjja', '73_lag_traMC', '45_lag_stratZ50ndj01', '62_lag_ismPRjja', '55_lag_traDS', '58_lag_ginwSSTjfm', '47_lag_alpi', '63_lag_traIFC', '56_lag_stratZ50ndj01', '65_lag_gyreSSTjfm', '48_lag_scpPSLjfm']","[0.12933497503416336, 0.012362271337424957, 0.06620085848743118, 0.08074079805271976, 0.027041813979401134, 0.014271165454825478, 0.04422219832403882, 0.132932646659289, 0.003951073924283065, 0.01428333288243946, 0.08736183546486827, 0.07608586802701377, 0.04075888455334912, 0.025009637742885556, 0.09556626223891494, 0.084110196226869, 0.004666365176860339, 0.04293810360701152, 0.08316273191669449, 0.01833811815511871, 0.049017305529285876, 0.006010365822484108, 0.017233163191602376, 0.07932760504087534, 0.085977244244346, 0.04438671892648063, 0.04573004252699968, 0.0734852554031131, 0.1014565161270199, 0.0775588680480496]","74_lag_solFORC, 59_lag_alpi, 74_lag_wnorPRjfm, 63_lag_traBO, 49_lag_ismPRjja, 63_lag_stratZ50ndj03, 61_lag_eapPSLjfm, 69_lag_mhfATL45, 50_lag_alpi, 72_lag_stratZ50ndj03, 69_lag_wnorPRjfm, 62_lag_traMC, 65_lag_tripol3, 45_lag_eapPSLjfm, 66_lag_traBS, 45_lag_traEC, 68_lag_stratZ50ndj01, 59_lag_traMC, 56_lag_traIT, 49_lag_yrvPRjja, 73_lag_traMC, 45_lag_stratZ50ndj01, 62_lag_ismPRjja, 55_lag_traDS, 58_lag_ginwSSTjfm, 47_lag_alpi, 63_lag_traIFC, 56_lag_stratZ50ndj01, 65_lag_gyreSSTjfm, 48_lag_scpPSLjfm_3835_45"
LinearRegression,61,30,shTSjfm,shigh,1775.5,2005.5,0.8,76,46,46,35.249618137171744,-0.5823838641712225,3835,"['65_lag_traMC', '49_lag_yrvPRjja', '47_lag_alpi', '74_lag_solFORC', '49_lag_traEC', '63_lag_stratZ50ndj03', '73_lag_solFORC', '69_lag_mhfATL45', '68_lag_stratZ50ndj01', '68_lag_eurPSLjfm', '69_lag_wnorPRjfm', '56_lag_traEU', '59_lag_alpi', '65_lag_tripol3', '63_lag_traBO', '62_lag_ismPRjja', '62_lag_traMC', '50_lag_alpi', '46_lag_stratZ50ndj01', '61_lag_eapPSLjfm', '66_lag_traBS', '55_lag_traDS', '59_lag_traMC', '58_lag_ginwSSTjfm', '73_lag_traMC', '63_lag_traIFC', '56_lag_traIT', '56_lag_stratZ50ndj01', '65_lag_gyreSSTjfm', '48_lag_scpPSLjfm']","[0.06349638790298602, 0.0032808068952607794, 0.04851187494877863, 0.06539314582013152, 0.051207294112845615, 0.019429429046057347, 0.18865250816059564, 0.1388361127406564, 0.008465887927151692, 0.020388586631170106, 0.07999663012212897, 0.0055783739193229, 0.01457447656514566, 0.044363434443484236, 0.07548377543031383, 0.021900427557129256, 0.08158268701597134, 0.009803237617022606, 0.02923141408606793, 0.03190567693769371, 0.07446105927703395, 0.07169077610014196, 0.053074213368548825, 0.08085595010100893, 0.03943527484880809, 0.02623401958086044, 0.08234152079384147, 0.06579150322435239, 0.10875242462857417, 0.07640965211725895]","65_lag_traMC, 49_lag_yrvPRjja, 47_lag_alpi, 74_lag_solFORC, 49_lag_traEC, 63_lag_stratZ50ndj03, 73_lag_solFORC, 69_lag_mhfATL45, 68_lag_stratZ50ndj01, 68_lag_eurPSLjfm, 69_lag_wnorPRjfm, 56_lag_traEU, 59_lag_alpi, 65_lag_tripol3, 63_lag_traBO, 62_lag_ismPRjja, 62_lag_traMC, 50_lag_alpi, 46_lag_stratZ50ndj01, 61_lag_eapPSLjfm, 66_lag_traBS, 55_lag_traDS, 59_lag_traMC, 58_lag_ginwSSTjfm, 73_lag_traMC, 63_lag_traIFC, 56_lag_traIT, 56_lag_stratZ50ndj01, 65_lag_gyreSSTjfm, 48_lag_scpPSLjfm_3835_46"
LinearRegression,62,30,shTSjfm,shigh,1776.5,2005.5,0.8,77,47,47,36.21218331818412,-0.5010457816498401,3835,"['76_lag_traBO', '62_lag_ismPRjja', '54_lag_traDS', '49_lag_traEC', '51_lag_traBO', '59_lag_alpi', '50_lag_alpi', '68_lag_eurPSLjfm', '66_lag_stratZ50ndj01', '69_lag_mhfATL45', '59_lag_gyreSSTjfm', '63_lag_stratZ50ndj03', '49_lag_yrvPRjja', '62_lag_traIFC', '55_lag_traDS', '59_lag_traMC', '48_lag_scpPSLjfm', '47_lag_48_median_scpPSLjfm', '74_lag_stratZ50ndj03', '62_lag_traMC', '47_lag_alpi', '61_lag_eapPSLjfm', '63_lag_traBO', '66_lag_traBS', '56_lag_stratZ50ndj01', '56_lag_traIT', '58_lag_ginwSSTjfm', '73_lag_traMC', '63_lag_traIFC', '65_lag_gyreSSTjfm']","[0.09840454260059385, 0.027389231516719674, 0.006110762804056319, 0.04732124557281503, 0.08755510788875245, 0.05798073192696374, 0.006553674341457425, 0.06746884189166039, 0.05739860739501048, 0.13969803136123687, 0.12090146847574419, 0.03787105171061788, 0.021902921158898348, 0.08527591020539997, 0.08855640482532406, 0.07480250888948749, 186652414225.1638, 186652414225.25217, 0.010318986279198165, 0.1082490174344737, 0.029984483936857872, 0.022077113362114497, 0.045475121948858534, 0.06266219702111389, 0.09211684926584197, 0.10885255266436711, 0.0818844724869482, 0.07104852306079804, 0.007645435138719969, 0.09123653483771599]","76_lag_traBO, 62_lag_ismPRjja, 54_lag_traDS, 49_lag_traEC, 51_lag_traBO, 59_lag_alpi, 50_lag_alpi, 68_lag_eurPSLjfm, 66_lag_stratZ50ndj01, 69_lag_mhfATL45, 59_lag_gyreSSTjfm, 63_lag_stratZ50ndj03, 49_lag_yrvPRjja, 62_lag_traIFC, 55_lag_traDS, 59_lag_traMC, 48_lag_scpPSLjfm, 47_lag_48_median_scpPSLjfm, 74_lag_stratZ50ndj03, 62_lag_traMC, 47_lag_alpi, 61_lag_eapPSLjfm, 63_lag_traBO, 66_lag_traBS, 56_lag_stratZ50ndj01, 56_lag_traIT, 58_lag_ginwSSTjfm, 73_lag_traMC, 63_lag_traIFC, 65_lag_gyreSSTjfm_3835_47"
LinearRegression,63,30,shTSjfm,shigh,1777.5,2005.5,0.8,78,48,48,34.78534289512202,-0.45484446011191204,3835,"['68_lag_stratZ50ndj01', '76_lag_traBO', '76_lag_yrvPRjja', '69_lag_wnorPRjfm', '62_lag_ismPRjja', '63_lag_stratZ50ndj03', '59_lag_alpi', '58_lag_wnorPRjfm', '68_lag_nchinaPRjja', '59_lag_gyreSSTjfm', '66_lag_stratZ50ndj01', '65_lag_tripol3', '59_lag_traMC', '62_lag_traMC', '63_lag_traBO', '61_lag_eapPSLjfm', '55_lag_traDS', '48_lag_49_median_yrvPRjja', '49_lag_yrvPRjja', '74_lag_stratZ50ndj03', '67_lag_scpPSLjfm', '66_lag_traBS', '56_lag_traIT', '62_lag_traIFC', '58_lag_ginwSSTjfm', '56_lag_stratZ50ndj01', '63_lag_traIFC', '73_lag_traMC', '65_lag_gyreSSTjfm', '48_lag_scpPSLjfm']","[0.0027642696697832802, 0.09790186430449198, 0.10977123429613553, 0.06867555870682132, 0.0012272034303090183, 0.006834143647963096, 0.050752581070616386, 0.07310370194986965, 0.0275649121117945, 0.1440028837627074, 0.07849359961308494, 0.021771044608281505, 0.08134267881197042, 0.09528050512924485, 0.03196887316683172, 0.00792119673090342, 0.112864613595605, 111511778912.38448, 111511778912.43614, 0.027059155658991217, 0.053783430161328805, 0.1097548843617242, 0.13464329890578444, 0.05665243931383566, 0.11376035928557088, 0.0659661951904492, 0.00586858536510885, 0.09982280866944936, 0.1691259290954453, 0.06231279851283293]","68_lag_stratZ50ndj01, 76_lag_traBO, 76_lag_yrvPRjja, 69_lag_wnorPRjfm, 62_lag_ismPRjja, 63_lag_stratZ50ndj03, 59_lag_alpi, 58_lag_wnorPRjfm, 68_lag_nchinaPRjja, 59_lag_gyreSSTjfm, 66_lag_stratZ50ndj01, 65_lag_tripol3, 59_lag_traMC, 62_lag_traMC, 63_lag_traBO, 61_lag_eapPSLjfm, 55_lag_traDS, 48_lag_49_median_yrvPRjja, 49_lag_yrvPRjja, 74_lag_stratZ50ndj03, 67_lag_scpPSLjfm, 66_lag_traBS, 56_lag_traIT, 62_lag_traIFC, 58_lag_ginwSSTjfm, 56_lag_stratZ50ndj01, 63_lag_traIFC, 73_lag_traMC, 65_lag_gyreSSTjfm, 48_lag_scpPSLjfm_3835_48"
LinearRegression,64,30,shTSjfm,shigh,1778.5,2005.5,0.8,79,49,49,35.286284185292516,-0.47170997527290986,3835,"['61_lag_eapPSLjfm', '68_lag_stratZ50ndj01', '55_lag_traDS', '68_lag_nchinaPRjja', '63_lag_traBO', '68_lag_traIT', '76_lag_yrvPRjja', '62_lag_traIFC', '49_lag_traEC', '75_lag_traDS', '56_lag_stratZ50ndj03', '68_lag_eurPSLjfm', '65_lag_tripol3', '59_lag_gyreSSTjfm', '66_lag_traBS', '66_lag_stratZ50ndj01', '59_lag_stratZ50ndj03', '62_lag_ismPRjja', '56_lag_traIT', '63_lag_stratZ50ndj03', '74_lag_stratZ50ndj03', '49_lag_ismPRjja', '69_lag_wnorPRjfm', '63_lag_traIFC', '58_lag_ginwSSTjfm', '73_lag_traMC', '78_lag_traFS', '56_lag_stratZ50ndj01', '49_lag_yrvPRjja', '65_lag_gyreSSTjfm']","[0.0024895186246787354, 0.01289010059117221, 0.13283709671509517, 0.07917568955997922, 0.01801038511794016, 0.0469809543580173, 0.11261191557940371, 0.05898842792092064, 0.002887208936059174, 0.007080005947385252, 0.014756096249581066, 0.02027799616542356, 0.0017722051606597442, 0.1791001813176741, 0.10756577155032854, 0.04916784561504506, 0.03574476058502134, 0.02084997294924929, 0.122392015388698, 0.02780945829019331, 0.02050575245271054, 0.003826785006764642, 0.06055313947438447, 0.024116209087063682, 0.09168331014521061, 0.09368063510262542, 0.12438557884427327, 0.06754526490426964, 0.03538369706885028, 0.14436037828162923]","61_lag_eapPSLjfm, 68_lag_stratZ50ndj01, 55_lag_traDS, 68_lag_nchinaPRjja, 63_lag_traBO, 68_lag_traIT, 76_lag_yrvPRjja, 62_lag_traIFC, 49_lag_traEC, 75_lag_traDS, 56_lag_stratZ50ndj03, 68_lag_eurPSLjfm, 65_lag_tripol3, 59_lag_gyreSSTjfm, 66_lag_traBS, 66_lag_stratZ50ndj01, 59_lag_stratZ50ndj03, 62_lag_ismPRjja, 56_lag_traIT, 63_lag_stratZ50ndj03, 74_lag_stratZ50ndj03, 49_lag_ismPRjja, 69_lag_wnorPRjfm, 63_lag_traIFC, 58_lag_ginwSSTjfm, 73_lag_traMC, 78_lag_traFS, 56_lag_stratZ50ndj01, 49_lag_yrvPRjja, 65_lag_gyreSSTjfm_3835_49"
LinearRegression,65,30,shTSjfm,shigh,1779.5,2005.5,0.8,80,50,50,33.25977945571096,-0.41758432007642315,3835,"['60_lag_stratZ50ndj01', '62_lag_eapPSLjfm', '68_lag_nchinaPRjja', '59_lag_traMC', '66_lag_traEU', '76_lag_eurPSLjfm', '65_lag_tripol3', '68_lag_traIT', '66_lag_stratZ50ndj02', '62_lag_traIFC', '62_lag_traMC', '66_lag_traBS', '74_lag_samPSLann', '56_lag_stratZ50ndj03', '68_lag_eurPSLjfm', '76_lag_yrvPRjja', '72_lag_stratZ50ndj03', '59_lag_stratZ50ndj03', '69_lag_wnorPRjfm', '74_lag_stratZ50ndj03', '50_lag_alpi', '79_lag_traCA', '63_lag_traIFC', '78_lag_traFS', '58_lag_ginwSSTjfm', '56_lag_traIT', '63_lag_stratZ50ndj03', '73_lag_traMC', '65_lag_gyreSSTjfm', '56_lag_stratZ50ndj01']","[0.018036792892443317, 0.04242233190993067, 0.09666603892059007, 0.09717862472120779, 0.05763215371502983, 0.07867749182635801, 0.004047966535057471, 0.06542874618710161, 0.04013309832685951, 0.04232958503183448, 0.15099890562437576, 0.09231036570933324, 0.03167214263297576, 0.03360422287901461, 0.029816977840706117, 0.09562415517407953, 0.03804666884749239, 0.01415817045390208, 0.07355519988650884, 0.036329688324837975, 0.0069620162786174725, 0.06702166244848928, 0.11181453721172119, 0.04948307811908296, 0.09556792577605695, 0.08692481169479771, 0.003451970813239922, 0.11623276801123875, 0.16687437960971108, 0.06572168877476994]","60_lag_stratZ50ndj01, 62_lag_eapPSLjfm, 68_lag_nchinaPRjja, 59_lag_traMC, 66_lag_traEU, 76_lag_eurPSLjfm, 65_lag_tripol3, 68_lag_traIT, 66_lag_stratZ50ndj02, 62_lag_traIFC, 62_lag_traMC, 66_lag_traBS, 74_lag_samPSLann, 56_lag_stratZ50ndj03, 68_lag_eurPSLjfm, 76_lag_yrvPRjja, 72_lag_stratZ50ndj03, 59_lag_stratZ50ndj03, 69_lag_wnorPRjfm, 74_lag_stratZ50ndj03, 50_lag_alpi, 79_lag_traCA, 63_lag_traIFC, 78_lag_traFS, 58_lag_ginwSSTjfm, 56_lag_traIT, 63_lag_stratZ50ndj03, 73_lag_traMC, 65_lag_gyreSSTjfm, 56_lag_stratZ50ndj01_3835_50"
LinearRegression,66,30,shTSjfm,shigh,1780.5,2005.5,0.8,81,51,51,33.28737361005803,-0.21902945760333462,3835,"['66_lag_amoSSTmjjaso', '55_lag_stratZ50ndj02', '67_lag_stratZ50ndj01', '51_lag_traEC', '76_lag_traBO', '58_lag_wnorPRjfm', '66_lag_stratZ50ndj02', '62_lag_ismPRjja', '60_lag_stratZ50ndj01', '68_lag_eurPSLjfm', '68_lag_traIT', '80_lag_traIFC', '59_lag_traMC', '76_lag_yrvPRjja', '56_lag_stratZ50ndj03', '76_lag_eurPSLjfm', '79_lag_traCA', '63_lag_traIFC', '66_lag_traBS', '74_lag_stratZ50ndj03', '69_lag_wnorPRjfm', '78_lag_traFS', '59_lag_stratZ50ndj03', '58_lag_ginwSSTjfm', '72_lag_stratZ50ndj03', '63_lag_stratZ50ndj03', '56_lag_traIT', '73_lag_traMC', '65_lag_gyreSSTjfm', '56_lag_stratZ50ndj01']","[0.06920507681269192, 0.07768333061952554, 0.027799958064133212, 0.029108049322319657, 0.14546377156356133, 0.05461483037298934, 0.05712685596896787, 0.012417698491131245, 0.02849813732725233, 0.032827303491220684, 0.05824886174179752, 0.05750170105171096, 0.07997908324326719, 0.04830093400101618, 0.0023233051872965245, 0.025451746036968044, 0.027196663736483728, 0.1309652904931732, 0.09613386080746991, 0.05512284418329403, 0.0933161308026687, 0.08322751594085992, 0.06552494876574469, 0.09086156089707782, 0.028522575808067115, 0.011227255092988261, 0.13938282564307955, 0.11978958809372318, 0.18971723945211658, 0.06261875774528347]","66_lag_amoSSTmjjaso, 55_lag_stratZ50ndj02, 67_lag_stratZ50ndj01, 51_lag_traEC, 76_lag_traBO, 58_lag_wnorPRjfm, 66_lag_stratZ50ndj02, 62_lag_ismPRjja, 60_lag_stratZ50ndj01, 68_lag_eurPSLjfm, 68_lag_traIT, 80_lag_traIFC, 59_lag_traMC, 76_lag_yrvPRjja, 56_lag_stratZ50ndj03, 76_lag_eurPSLjfm, 79_lag_traCA, 63_lag_traIFC, 66_lag_traBS, 74_lag_stratZ50ndj03, 69_lag_wnorPRjfm, 78_lag_traFS, 59_lag_stratZ50ndj03, 58_lag_ginwSSTjfm, 72_lag_stratZ50ndj03, 63_lag_stratZ50ndj03, 56_lag_traIT, 73_lag_traMC, 65_lag_gyreSSTjfm, 56_lag_stratZ50ndj01_3835_51"
LinearRegression,67,30,shTSjfm,shigh,1781.5,2005.5,0.8,82,52,56,34.97488544565955,-0.4438903778866565,3835,"['67_lag_scpPSLjfm', '59_lag_traMC', '61_lag_ismPRjja', '68_lag_traIT', '57_lag_scpPSLjfm', '81_lag_nchinaPRjja', '58_lag_wnorPRjfm', '62_lag_ismPRjja', '69_lag_mhfATL45', '80_lag_traIFC', '79_lag_traCA', '68_lag_stratZ50ndj01', '81_lag_ensoSSTjfm', '67_lag_stratZ50ndj01', '76_lag_eurPSLjfm', '63_lag_traIFC', '74_lag_stratZ50ndj03', '72_lag_stratZ50ndj03', '68_lag_eurPSLjfm', '76_lag_yrvPRjja', '69_lag_wnorPRjfm', '78_lag_traFS', '66_lag_traBS', '59_lag_stratZ50ndj03', '58_lag_ginwSSTjfm', '56_lag_traIT', '63_lag_stratZ50ndj03', '56_lag_stratZ50ndj01', '73_lag_traMC', '65_lag_gyreSSTjfm']","[0.06048859271918837, 0.11080370499729825, 0.01974386273813499, 0.029964501929514952, 0.02594332251830316, 0.02669698080222395, 0.04100273901759653, 0.024699385427560797, 0.16957601398401576, 0.038401965734535665, 0.026509845289814503, 0.04492949770846552, 0.03002816052650889, 0.045329214924867314, 0.03395649464235035, 0.13527866921563922, 0.05718429038933905, 0.001543824716561143, 0.01671500175136749, 0.059201944269960075, 0.09415132944100328, 0.06161795953896053, 0.062296787255128355, 0.031835174175264144, 0.07646597230772594, 0.11921219128540206, 0.044944114988661285, 0.05989443272615309, 0.09867135072446558, 0.09068712315295144]","67_lag_scpPSLjfm, 59_lag_traMC, 61_lag_ismPRjja, 68_lag_traIT, 57_lag_scpPSLjfm, 81_lag_nchinaPRjja, 58_lag_wnorPRjfm, 62_lag_ismPRjja, 69_lag_mhfATL45, 80_lag_traIFC, 79_lag_traCA, 68_lag_stratZ50ndj01, 81_lag_ensoSSTjfm, 67_lag_stratZ50ndj01, 76_lag_eurPSLjfm, 63_lag_traIFC, 74_lag_stratZ50ndj03, 72_lag_stratZ50ndj03, 68_lag_eurPSLjfm, 76_lag_yrvPRjja, 69_lag_wnorPRjfm, 78_lag_traFS, 66_lag_traBS, 59_lag_stratZ50ndj03, 58_lag_ginwSSTjfm, 56_lag_traIT, 63_lag_stratZ50ndj03, 56_lag_stratZ50ndj01, 73_lag_traMC, 65_lag_gyreSSTjfm_3835_56"
LinearRegression,68,30,shTSjfm,shigh,1782.5,2005.5,0.8,83,53,56,35.21245135538752,-0.38123431613867953,3835,"['68_lag_traIT', '69_lag_mhfATL45', '79_lag_alpi', '81_lag_nchinaPRjja', '59_lag_eurPSLjfm', '72_lag_stratZ50ndj03', '74_lag_stratZ50ndj03', '58_lag_cetTSjfm', '59_lag_alpi', '69_lag_wnorPRjfm', '67_lag_stratZ50ndj01', '56_lag_stratZ50ndj03', '79_lag_traCA', '59_lag_stratZ50ndj03', '68_lag_stratZ50ndj01', '58_lag_wnorPRjfm', '66_lag_traBS', '62_lag_ismPRjja', '80_lag_traIFC', '76_lag_yrvPRjja', '76_lag_eurPSLjfm', '68_lag_eurPSLjfm', '63_lag_traIFC', '78_lag_traFS', '63_lag_stratZ50ndj03', '58_lag_ginwSSTjfm', '56_lag_traIT', '56_lag_stratZ50ndj01', '73_lag_traMC', '65_lag_gyreSSTjfm']","[0.0538051265224127, 0.17067724284518182, 0.006569318199469323, 0.015935040640870143, 0.05849327801223044, 0.01591995522476065, 0.0602680399142273, 0.015514075003066317, 0.025425211604607954, 0.09319022291013561, 0.03926365974787048, 0.015422706343650196, 0.04954343460880316, 0.030026030941625023, 0.04449061447085199, 0.041951564848768476, 0.0862448529886781, 0.026455679182103314, 0.026117549855527594, 0.05139917148466819, 0.030748070333626688, 0.02737650415081138, 0.11328797642370181, 0.0670324439148294, 0.041356111323213804, 0.10630966338393975, 0.11965064234820956, 0.07062062472900187, 0.0994447498248599, 0.08572547879611282]","68_lag_traIT, 69_lag_mhfATL45, 79_lag_alpi, 81_lag_nchinaPRjja, 59_lag_eurPSLjfm, 72_lag_stratZ50ndj03, 74_lag_stratZ50ndj03, 58_lag_cetTSjfm, 59_lag_alpi, 69_lag_wnorPRjfm, 67_lag_stratZ50ndj01, 56_lag_stratZ50ndj03, 79_lag_traCA, 59_lag_stratZ50ndj03, 68_lag_stratZ50ndj01, 58_lag_wnorPRjfm, 66_lag_traBS, 62_lag_ismPRjja, 80_lag_traIFC, 76_lag_yrvPRjja, 76_lag_eurPSLjfm, 68_lag_eurPSLjfm, 63_lag_traIFC, 78_lag_traFS, 63_lag_stratZ50ndj03, 58_lag_ginwSSTjfm, 56_lag_traIT, 56_lag_stratZ50ndj01, 73_lag_traMC, 65_lag_gyreSSTjfm_3835_56"
LinearRegression,69,30,shTSjfm,shigh,1783.5,2005.5,0.8,84,54,54,34.75305590337218,-0.37923642158777165,3835,"['80_lag_mhfATL60', '83_lag_traBO', '56_lag_stratZ50ndj03', '83_lag_yrvPRjja', '62_lag_traIFC', '76_lag_yrvPRjja', '68_lag_eurPSLjfm', '74_lag_stratZ50ndj03', '67_lag_stratZ50ndj01', '68_lag_stratZ50ndj01', '59_lag_alpi', '60_lag_stratZ50ndj01', '69_lag_wnorPRjfm', '66_lag_traBS', '62_lag_ismPRjja', '72_lag_stratZ50ndj03', '54_lag_cetTSjfm', '54_lag_wnorPRjfm', '78_lag_traFS', '80_lag_traIFC', '63_lag_traIFC', '58_lag_wnorPRjfm', '59_lag_stratZ50ndj03', '76_lag_eurPSLjfm', '56_lag_traIT', '58_lag_ginwSSTjfm', '56_lag_stratZ50ndj01', '63_lag_stratZ50ndj03', '73_lag_traMC', '65_lag_gyreSSTjfm']","[0.13186898685773674, 0.0342329428418304, 0.03653245486304688, 0.06382363423350504, 0.045834188427541576, 0.0733070536642912, 0.04384259257492569, 0.0477706839513182, 0.06292579446815888, 0.038780239212507915, 0.029511033420198066, 0.026890367176775214, 0.08142034963785068, 0.11178281517368537, 0.02771901860713575, 0.031067098968463863, 0.013199977173590612, 0.07109130022535996, 0.10020793571942749, 0.022856957346164414, 0.10353694398644465, 0.037299095757787074, 0.03950816896655147, 0.011832494896216786, 0.11674368849625201, 0.13070875324651415, 0.062062614312567196, 0.014385847040122307, 0.12398754574813241, 0.2065296825729631]","80_lag_mhfATL60, 83_lag_traBO, 56_lag_stratZ50ndj03, 83_lag_yrvPRjja, 62_lag_traIFC, 76_lag_yrvPRjja, 68_lag_eurPSLjfm, 74_lag_stratZ50ndj03, 67_lag_stratZ50ndj01, 68_lag_stratZ50ndj01, 59_lag_alpi, 60_lag_stratZ50ndj01, 69_lag_wnorPRjfm, 66_lag_traBS, 62_lag_ismPRjja, 72_lag_stratZ50ndj03, 54_lag_cetTSjfm, 54_lag_wnorPRjfm, 78_lag_traFS, 80_lag_traIFC, 63_lag_traIFC, 58_lag_wnorPRjfm, 59_lag_stratZ50ndj03, 76_lag_eurPSLjfm, 56_lag_traIT, 58_lag_ginwSSTjfm, 56_lag_stratZ50ndj01, 63_lag_stratZ50ndj03, 73_lag_traMC, 65_lag_gyreSSTjfm_3835_54"
LinearRegression,70,30,shTSjfm,shigh,1784.5,2005.5,0.8,85,55,55,34.96931864602156,-0.5004309509576828,3835,"['80_lag_mhfATL60', '59_lag_alpi', '83_lag_traBO', '84_lag_alpi', '72_lag_stratZ50ndj03', '61_lag_yrvPRjja', '62_lag_traMC', '81_lag_nchinaPRjja', '55_lag_traDS', '72_lag_traBO', '68_lag_stratZ50ndj01', '72_lag_ismPRjja', '69_lag_wnorPRjfm', '55_lag_traFSC', '62_lag_ismPRjja', '80_lag_traIFC', '66_lag_traBS', '62_lag_traIFC', '74_lag_stratZ50ndj03', '67_lag_stratZ50ndj01', '84_lag_scpPSLjfm', '83_lag_yrvPRjja', '76_lag_eurPSLjfm', '63_lag_traIFC', '60_lag_stratZ50ndj01', '78_lag_traFS', '63_lag_stratZ50ndj03', '58_lag_ginwSSTjfm', '65_lag_gyreSSTjfm', '73_lag_traMC']","[0.10608450238910998, 0.014957417471357981, 0.05736709080167889, 0.06436900066836485, 0.032383712603665266, 0.07907916190396069, 0.12152216182379781, 0.03581829126258481, 0.12753315679280441, 0.06858686514266987, 0.013883135966063215, 0.007682386206688231, 0.0959673738984335, 0.014078472002982704, 0.02891338063244526, 0.014154184054850251, 0.10591448767740252, 0.01874953375599226, 0.02511785170692623, 0.04444714786532789, 0.056737047627801726, 0.0456763324272902, 0.004341359708016381, 0.10870474221536745, 0.025292328094299557, 0.07258686054212202, 0.01166633061920663, 0.08141856454694822, 0.2369697692222495, 0.09490136576097723]","80_lag_mhfATL60, 59_lag_alpi, 83_lag_traBO, 84_lag_alpi, 72_lag_stratZ50ndj03, 61_lag_yrvPRjja, 62_lag_traMC, 81_lag_nchinaPRjja, 55_lag_traDS, 72_lag_traBO, 68_lag_stratZ50ndj01, 72_lag_ismPRjja, 69_lag_wnorPRjfm, 55_lag_traFSC, 62_lag_ismPRjja, 80_lag_traIFC, 66_lag_traBS, 62_lag_traIFC, 74_lag_stratZ50ndj03, 67_lag_stratZ50ndj01, 84_lag_scpPSLjfm, 83_lag_yrvPRjja, 76_lag_eurPSLjfm, 63_lag_traIFC, 60_lag_stratZ50ndj01, 78_lag_traFS, 63_lag_stratZ50ndj03, 58_lag_ginwSSTjfm, 65_lag_gyreSSTjfm, 73_lag_traMC_3835_55"
LinearRegression,71,30,shTSjfm,shigh,1785.5,2005.5,0.8,86,56,56,34.99316873871608,-0.3423631135689461,3835,"['62_lag_ismPRjja', '76_lag_yrvPRjja', '81_lag_stratZ50ndj02', '84_lag_alpi', '74_lag_samPSLann', '72_lag_stratZ50ndj03', '62_lag_cetTSjfm', '72_lag_ismPRjja', '85_lag_mhfIP30', '80_lag_traIFC', '68_lag_stratZ50ndj01', '69_lag_wnorPRjfm', '67_lag_stratZ50ndj01', '62_lag_traMC', '66_lag_traBS', '58_lag_ginwSSTjfm', '62_lag_traIFC', '83_lag_yrvPRjja', '56_lag_stratZ50ndj01', '81_lag_nchinaPRjja', '66_lag_stratZ50ndj02', '84_lag_scpPSLjfm', '74_lag_stratZ50ndj03', '78_lag_traFS', '76_lag_eurPSLjfm', '63_lag_traIFC', '73_lag_traMC', '63_lag_stratZ50ndj03', '60_lag_stratZ50ndj01', '65_lag_gyreSSTjfm']","[0.014274394062389707, 0.06600791694851643, 0.03313751472720311, 0.057141655445319815, 0.03789032739455311, 0.03312492877151269, 0.051504646641577195, 0.013742765282229558, 0.09523500725416979, 0.054981739369749594, 0.05308419234083297, 0.0839728541315211, 0.05821124115409527, 0.16170583536559235, 0.1198807416652357, 0.10449640575055354, 0.024946766581198022, 0.035870183205315744, 0.052325475685310575, 0.05038876767020778, 0.08661501111875002, 0.05536159299363542, 0.006201564214488184, 0.08352917581275561, 0.03487819536023618, 0.12488367515689612, 0.11015333171960331, 0.043072660379665395, 0.027360817445847715, 0.2345284707786059]","62_lag_ismPRjja, 76_lag_yrvPRjja, 81_lag_stratZ50ndj02, 84_lag_alpi, 74_lag_samPSLann, 72_lag_stratZ50ndj03, 62_lag_cetTSjfm, 72_lag_ismPRjja, 85_lag_mhfIP30, 80_lag_traIFC, 68_lag_stratZ50ndj01, 69_lag_wnorPRjfm, 67_lag_stratZ50ndj01, 62_lag_traMC, 66_lag_traBS, 58_lag_ginwSSTjfm, 62_lag_traIFC, 83_lag_yrvPRjja, 56_lag_stratZ50ndj01, 81_lag_nchinaPRjja, 66_lag_stratZ50ndj02, 84_lag_scpPSLjfm, 74_lag_stratZ50ndj03, 78_lag_traFS, 76_lag_eurPSLjfm, 63_lag_traIFC, 73_lag_traMC, 63_lag_stratZ50ndj03, 60_lag_stratZ50ndj01, 65_lag_gyreSSTjfm_3835_56"
LinearRegression,72,30,shTSjfm,shigh,1786.5,2005.5,0.8,87,57,57,33.90409500179573,-0.49583594476649,3835,"['61_lag_nchinaPRjja', '68_lag_eurPSLjfm', '57_lag_yrvPRjja', '65_lag_traMC', '84_lag_alpi', '62_lag_traIFC', '62_lag_traMC', '72_lag_ismPRjja', '72_lag_stratZ50ndj03', '78_lag_traFS', '81_lag_stratZ50ndj02', '74_lag_samPSLann', '84_lag_traBS', '80_lag_traIFC', '86_lag_shSICmar', '63_lag_traIFC', '66_lag_stratZ50ndj02', '62_lag_cetTSjfm', '74_lag_stratZ50ndj03', '67_lag_stratZ50ndj01', '76_lag_eurPSLjfm', '66_lag_traBS', '57_lag_traEC', '83_lag_yrvPRjja', '63_lag_stratZ50ndj03', '73_lag_traMC', '84_lag_scpPSLjfm', '60_lag_stratZ50ndj01', '65_lag_gyreSSTjfm', '86_lag_samPSLann']","[0.027891771990998907, 0.014230482379109455, 0.017698239764697817, 0.12361609088032899, 0.0837918724393849, 0.017368074734943735, 0.13286388568965263, 0.006065419385512765, 0.02746786176037138, 0.02337476065867751, 0.042157556542024265, 0.05557917372401988, 0.0178763262998543, 0.07044276888941603, 0.03651289782820479, 0.12939170124108232, 0.079788839722623, 0.04683742076698995, 0.016150900422947437, 0.046462877061999655, 0.05057583495205142, 0.12062040156826742, 0.08869570123045187, 0.01922964585028776, 0.06257971711409302, 0.11458909047072927, 0.023205806763173915, 0.05405050364321362, 0.23450537028038243, 0.05532296119054235]","61_lag_nchinaPRjja, 68_lag_eurPSLjfm, 57_lag_yrvPRjja, 65_lag_traMC, 84_lag_alpi, 62_lag_traIFC, 62_lag_traMC, 72_lag_ismPRjja, 72_lag_stratZ50ndj03, 78_lag_traFS, 81_lag_stratZ50ndj02, 74_lag_samPSLann, 84_lag_traBS, 80_lag_traIFC, 86_lag_shSICmar, 63_lag_traIFC, 66_lag_stratZ50ndj02, 62_lag_cetTSjfm, 74_lag_stratZ50ndj03, 67_lag_stratZ50ndj01, 76_lag_eurPSLjfm, 66_lag_traBS, 57_lag_traEC, 83_lag_yrvPRjja, 63_lag_stratZ50ndj03, 73_lag_traMC, 84_lag_scpPSLjfm, 60_lag_stratZ50ndj01, 65_lag_gyreSSTjfm, 86_lag_samPSLann_3835_57"
LinearRegression,73,30,shTSjfm,shigh,1787.5,2005.5,0.8,88,58,58,35.862731466698136,-0.36306389111585385,3835,"['81_lag_stratZ50ndj02', '62_lag_traIFC', '69_lag_wnorPRjfm', '72_lag_stratZ50ndj03', '65_lag_traMC', '76_lag_eurPSLjfm', '62_lag_cetTSjfm', '68_lag_eurPSLjfm', '84_lag_alpi', '87_lag_gyreSSTjfm', '80_lag_traIFC', '72_lag_ismPRjja', '76_lag_yrvPRjja', '63_lag_stratZ50ndj03', '73_lag_traMC', '78_lag_traFS', '74_lag_samPSLann', '85_lag_stratZ50ndj03', '87_lag_yrvPRjja', '83_lag_yrvPRjja', '74_lag_stratZ50ndj03', '66_lag_traBS', '84_lag_scpPSLjfm', '58_lag_ginwSSTjfm', '67_lag_stratZ50ndj01', '60_lag_stratZ50ndj01', '65_lag_gyreSSTjfm', '87_lag_traMC', '63_lag_traIFC', '86_lag_samPSLann']","[0.017769855010724377, 0.030826677770362146, 0.08819287802485115, 0.025795633090920277, 0.13025541625952547, 0.020890839372725376, 0.07372808687070222, 0.005245402959828515, 0.06934480803605349, 0.022840637189861384, 0.07398175435043289, 0.0019183006270823066, 0.06592052668770393, 0.04003510809588584, 0.1118560041351349, 0.056540906452441614, 0.016529516053784575, 0.012485879167421434, 0.016801923408548147, 0.028238963103901296, 0.020125516686752117, 0.11396890151439945, 0.030526545561002295, 0.09807962855392457, 0.033906653937981465, 0.05950986232317428, 0.2385400477624262, 0.022040574807855005, 0.13097952414366787, 0.043656239952873675]","81_lag_stratZ50ndj02, 62_lag_traIFC, 69_lag_wnorPRjfm, 72_lag_stratZ50ndj03, 65_lag_traMC, 76_lag_eurPSLjfm, 62_lag_cetTSjfm, 68_lag_eurPSLjfm, 84_lag_alpi, 87_lag_gyreSSTjfm, 80_lag_traIFC, 72_lag_ismPRjja, 76_lag_yrvPRjja, 63_lag_stratZ50ndj03, 73_lag_traMC, 78_lag_traFS, 74_lag_samPSLann, 85_lag_stratZ50ndj03, 87_lag_yrvPRjja, 83_lag_yrvPRjja, 74_lag_stratZ50ndj03, 66_lag_traBS, 84_lag_scpPSLjfm, 58_lag_ginwSSTjfm, 67_lag_stratZ50ndj01, 60_lag_stratZ50ndj01, 65_lag_gyreSSTjfm, 87_lag_traMC, 63_lag_traIFC, 86_lag_samPSLann_3835_58"
LinearRegression,74,30,shTSjfm,shigh,1788.5,2005.5,0.8,89,59,59,36.24474180117731,-0.5404855823669417,3835,"['70_lag_traIT', '81_lag_nchinaPRjja', '87_lag_gyreSSTjfm', '81_lag_traMC', '63_lag_traEC', '81_lag_stratZ50ndj02', '68_lag_eurPSLjfm', '68_lag_stratZ50ndj01', '63_lag_traBO', '85_lag_seurTSjfm', '84_lag_traBS', '66_lag_stratZ50ndj02', '80_lag_traIFC', '76_lag_eurPSLjfm', '85_lag_stratZ50ndj03', '69_lag_wnorPRjfm', '73_lag_traMC', '78_lag_traFS', '74_lag_samPSLann', '66_lag_traBS', '67_lag_stratZ50ndj01', '63_lag_stratZ50ndj03', '65_lag_traMC', '84_lag_scpPSLjfm', '59_lag_stratZ50ndj03', '84_lag_alpi', '65_lag_gyreSSTjfm', '63_lag_traIFC', '86_lag_samPSLann', '88_lag_alpi']","[0.04382625499020691, 0.01347556007922155, 0.008913804392994452, 0.04367104107082752, 0.07413218758868971, 0.018703113745237757, 0.0024234889037410405, 0.04645482501479475, 0.05296825193147971, 0.0782061517393387, 0.037349279015059245, 0.05756975767304258, 0.07611847821205651, 0.023875258799389273, 0.008323960362432185, 0.09184425057457601, 0.08076372118677914, 0.08919856976240279, 0.032794291062763145, 0.09723221221111938, 0.04400033043118251, 0.06813653335861515, 0.12420976789075809, 0.049312256984483264, 0.057333205841163096, 0.06799886831305228, 0.24306307108242828, 0.14647149075980137, 0.06322870599372116, 0.0341966471797458]","70_lag_traIT, 81_lag_nchinaPRjja, 87_lag_gyreSSTjfm, 81_lag_traMC, 63_lag_traEC, 81_lag_stratZ50ndj02, 68_lag_eurPSLjfm, 68_lag_stratZ50ndj01, 63_lag_traBO, 85_lag_seurTSjfm, 84_lag_traBS, 66_lag_stratZ50ndj02, 80_lag_traIFC, 76_lag_eurPSLjfm, 85_lag_stratZ50ndj03, 69_lag_wnorPRjfm, 73_lag_traMC, 78_lag_traFS, 74_lag_samPSLann, 66_lag_traBS, 67_lag_stratZ50ndj01, 63_lag_stratZ50ndj03, 65_lag_traMC, 84_lag_scpPSLjfm, 59_lag_stratZ50ndj03, 84_lag_alpi, 65_lag_gyreSSTjfm, 63_lag_traIFC, 86_lag_samPSLann, 88_lag_alpi_3835_59"
LinearRegression,75,30,shTSjfm,shigh,1789.5,2005.5,0.8,90,60,60,34.968285525675576,-0.36456666081768296,3835,"['65_lag_traMC', '60_lag_stratZ50ndj01', '84_lag_gyreSSTjfm', '87_lag_gyreSSTjfm', '68_lag_nppc2SSTjfm', '83_lag_gyreSSTjfm', '83_lag_traBO', '67_lag_stratZ50ndj01', '67_lag_samPSLann', '69_lag_wnorPRjfm', '85_lag_stratZ50ndj03', '84_lag_ensoSSTjfm', '63_lag_traEC', '84_lag_traBS', '68_lag_stratZ50ndj01', '63_lag_stratZ50ndj03', '85_lag_seurTSjfm', '70_lag_traIT', '84_lag_scpPSLjfm', '76_lag_eurPSLjfm', '81_lag_traMC', '63_lag_traIFC', '76_lag_yrvPRjja', '66_lag_traBS', '74_lag_samPSLann', '81_lag_nchinaPRjja', '65_lag_gyreSSTjfm', '84_lag_alpi', '86_lag_samPSLann', '88_lag_alpi']","[0.11171983963006062, 0.07195341809347092, 0.020315361058349607, 0.037018313051552156, 0.1137575019632611, 0.07401278087075616, 0.06329396072310965, 0.026671765510224644, 0.015482470486051059, 0.06332139740083165, 0.005847916606824595, 0.0015481574948943662, 0.10996140607498296, 0.04224151242500849, 0.043750258171753056, 0.0452969413869496, 0.08709536832445533, 0.03296638084566487, 0.04615060730676847, 0.01714961875358178, 0.017288034898052383, 0.20128971061137257, 0.037122399038637746, 0.14601942389560515, 0.034626020639466584, 0.05377934913033531, 0.28269508392778414, 0.06863602971399552, 0.052111352558468854, 0.047699048763701304]","65_lag_traMC, 60_lag_stratZ50ndj01, 84_lag_gyreSSTjfm, 87_lag_gyreSSTjfm, 68_lag_nppc2SSTjfm, 83_lag_gyreSSTjfm, 83_lag_traBO, 67_lag_stratZ50ndj01, 67_lag_samPSLann, 69_lag_wnorPRjfm, 85_lag_stratZ50ndj03, 84_lag_ensoSSTjfm, 63_lag_traEC, 84_lag_traBS, 68_lag_stratZ50ndj01, 63_lag_stratZ50ndj03, 85_lag_seurTSjfm, 70_lag_traIT, 84_lag_scpPSLjfm, 76_lag_eurPSLjfm, 81_lag_traMC, 63_lag_traIFC, 76_lag_yrvPRjja, 66_lag_traBS, 74_lag_samPSLann, 81_lag_nchinaPRjja, 65_lag_gyreSSTjfm, 84_lag_alpi, 86_lag_samPSLann, 88_lag_alpi_3835_60"
LinearRegression,76,30,shTSjfm,shigh,1790.5,2005.5,0.8,91,61,61,35.79529108645627,-0.40206103364504014,3835,"['69_lag_wnorPRjfm', '73_lag_traFSC', '89_lag_mhfATL45', '84_lag_gyreSSTjfm', '61_lag_64_median_traEC', '84_lag_traBS', '78_lag_traFS', '70_lag_traIT', '63_lag_stratZ50ndj03', '63_lag_traIFC', '84_lag_traEC', '81_lag_stratZ50ndj02', '61_lag_64_median_traIFC', '68_lag_traBS', '67_lag_samPSLann', '66_lag_traBS', '83_lag_gyreSSTjfm', '76_lag_eurPSLjfm', '84_lag_ensoSSTjfm', '68_lag_stratZ50ndj01', '85_lag_seurTSjfm', '65_lag_gyreSSTjfm', '84_lag_scpPSLjfm', '81_lag_traMC', '81_lag_nchinaPRjja', '76_lag_yrvPRjja', '74_lag_samPSLann', '84_lag_alpi', '86_lag_samPSLann', '88_lag_alpi']","[0.06319483059592905, 0.05331714849212035, 0.017390056384235613, 0.011006823644964463, 0.19677616130417308, 0.04605332650982918, 0.08944024469509484, 0.05191953050714143, 0.05196899182069156, 0.10698953014502109, 0.010592277937498899, 0.006980954801006989, 0.10775958692511367, 0.053201140967377825, 0.001346716571921624, 0.10707563123961986, 0.08714047196252672, 0.03141120568315687, 0.026824405186230547, 0.042978297191091065, 0.0666945653131065, 0.26188651654798706, 0.08209704234231485, 0.026108259891292496, 0.06413842294917259, 0.037500986392215885, 0.0275312994791875, 0.028726682827131617, 0.046316894610346465, 0.023569940836970598]","69_lag_wnorPRjfm, 73_lag_traFSC, 89_lag_mhfATL45, 84_lag_gyreSSTjfm, 61_lag_64_median_traEC, 84_lag_traBS, 78_lag_traFS, 70_lag_traIT, 63_lag_stratZ50ndj03, 63_lag_traIFC, 84_lag_traEC, 81_lag_stratZ50ndj02, 61_lag_64_median_traIFC, 68_lag_traBS, 67_lag_samPSLann, 66_lag_traBS, 83_lag_gyreSSTjfm, 76_lag_eurPSLjfm, 84_lag_ensoSSTjfm, 68_lag_stratZ50ndj01, 85_lag_seurTSjfm, 65_lag_gyreSSTjfm, 84_lag_scpPSLjfm, 81_lag_traMC, 81_lag_nchinaPRjja, 76_lag_yrvPRjja, 74_lag_samPSLann, 84_lag_alpi, 86_lag_samPSLann, 88_lag_alpi_3835_61"
LinearRegression,77,30,shTSjfm,shigh,1791.5,2005.5,0.8,92,62,62,33.495582540489664,-0.3204201263925434,3835,"['69_lag_wnorPRjfm', '84_lag_ensoSSTjfm', '84_lag_yrvPRjja', '62_lag_wnorPRjfm', '91_lag_traBS', '85_lag_stratZ50ndj03', '68_lag_stratZ50ndj01', '87_lag_eurPSLjfm', '84_lag_stratZ50ndj01', '62_lag_traIFC', '62_lag_cetTSjfm', '76_lag_eurPSLjfm', '83_lag_yrvPRjja', '68_lag_nppc2SSTjfm', '84_lag_traBS', '73_lag_traMC', '78_lag_traFS', '84_lag_traEC', '89_lag_mhfATL45', '81_lag_traMC', '65_lag_gyreSSTjfm', '85_lag_seurTSjfm', '74_lag_samPSLann', '83_lag_gyreSSTjfm', '81_lag_nchinaPRjja', '66_lag_traBS', '84_lag_alpi', '86_lag_samPSLann', '84_lag_scpPSLjfm', '88_lag_alpi']","[0.11450745537039193, 0.03350928844667625, 0.040435185487510315, 0.06310592859688798, 0.03228554947076839, 0.025048563506292396, 0.018483145551193417, 0.02919507592480528, 0.053733624244686, 0.07959603971668221, 0.06630956286688439, 0.021879497225694586, 0.012559064208388118, 0.11253410082807702, 0.05802696895916173, 0.06713895582371505, 0.12072659138110765, 0.02720283307000148, 0.04934105568770924, 0.0026249347374977224, 0.24771303632628272, 0.0017796945570745092, 0.0061543642207531665, 0.05803222890545808, 0.009836015721350694, 0.11558196910370978, 0.04730899691595528, 0.034411668120439234, 0.08558983214342566, 0.022480431701280865]","69_lag_wnorPRjfm, 84_lag_ensoSSTjfm, 84_lag_yrvPRjja, 62_lag_wnorPRjfm, 91_lag_traBS, 85_lag_stratZ50ndj03, 68_lag_stratZ50ndj01, 87_lag_eurPSLjfm, 84_lag_stratZ50ndj01, 62_lag_traIFC, 62_lag_cetTSjfm, 76_lag_eurPSLjfm, 83_lag_yrvPRjja, 68_lag_nppc2SSTjfm, 84_lag_traBS, 73_lag_traMC, 78_lag_traFS, 84_lag_traEC, 89_lag_mhfATL45, 81_lag_traMC, 65_lag_gyreSSTjfm, 85_lag_seurTSjfm, 74_lag_samPSLann, 83_lag_gyreSSTjfm, 81_lag_nchinaPRjja, 66_lag_traBS, 84_lag_alpi, 86_lag_samPSLann, 84_lag_scpPSLjfm, 88_lag_alpi_3835_62"
LinearRegression,78,30,shTSjfm,shigh,1792.5,2005.5,0.8,93,63,63,33.781352832500744,-0.3268511341575683,3835,"['83_lag_yrvPRjja', '89_lag_traFSC', '63_lag_AMOCann', '69_lag_wnorPRjfm', '68_lag_nppc2SSTjfm', '67_lag_scpPSLjfm', '76_lag_eurPSLjfm', '88_lag_yrvPRjja', '73_lag_traMC', '85_lag_alpi', '84_lag_traEC', '81_lag_traMC', '81_lag_stratZ50ndj03', '65_lag_gyreSSTjfm', '68_lag_stratZ50ndj01', '70_lag_traIT', '89_lag_mhfATL45', '92_lag_stratZ50ndj03', '84_lag_traBS', '85_lag_seurTSjfm', '83_lag_gyreSSTjfm', '76_lag_yrvPRjja', '66_lag_traBS', '63_lag_traIFC', '74_lag_samPSLann', '84_lag_alpi', '81_lag_nchinaPRjja', '84_lag_scpPSLjfm', '86_lag_samPSLann', '88_lag_alpi']","[0.04486666250314492, 0.07076458391676453, 0.33699244683912816, 0.05552674505992185, 0.06947609056622285, 0.025718463422409747, 0.010113292510567695, 0.0002273309526710326, 0.10356700358603976, 0.03656907338374935, 0.045205807438188646, 0.004500758293420948, 0.05583098224295063, 0.27404764872397414, 0.0029044397942219248, 0.014176856874243596, 0.05500284457563133, 0.041746269446438444, 0.05300914599163353, 0.08031197276471407, 0.07664906236304155, 0.03768193650348592, 0.10393143122373336, 0.13047103905685578, 0.058512921083174164, 0.03253752049395335, 0.031260173321589105, 0.07447966060373079, 0.03446118474973012, 0.03901774874102832]","83_lag_yrvPRjja, 89_lag_traFSC, 63_lag_AMOCann, 69_lag_wnorPRjfm, 68_lag_nppc2SSTjfm, 67_lag_scpPSLjfm, 76_lag_eurPSLjfm, 88_lag_yrvPRjja, 73_lag_traMC, 85_lag_alpi, 84_lag_traEC, 81_lag_traMC, 81_lag_stratZ50ndj03, 65_lag_gyreSSTjfm, 68_lag_stratZ50ndj01, 70_lag_traIT, 89_lag_mhfATL45, 92_lag_stratZ50ndj03, 84_lag_traBS, 85_lag_seurTSjfm, 83_lag_gyreSSTjfm, 76_lag_yrvPRjja, 66_lag_traBS, 63_lag_traIFC, 74_lag_samPSLann, 84_lag_alpi, 81_lag_nchinaPRjja, 84_lag_scpPSLjfm, 86_lag_samPSLann, 88_lag_alpi_3835_63"
LinearRegression,79,30,shTSjfm,shigh,1793.5,2005.5,0.8,94,64,64,35.30725516717086,-0.12216722774115066,3835,"['71_lag_yrvPRjja', '67_lag_scpPSLjfm', '81_lag_stratZ50ndj03', '78_lag_traFS', '89_lag_traFSC', '64_lag_66_median_traBS', '84_lag_traEC', '85_lag_seurTSjfm', '73_lag_traMC', '68_lag_stratZ50ndj01', '64_lag_67_median_traBS', '64_lag_traIFC', '84_lag_ensoSSTjfm', '69_lag_wnorPRjfm', '92_lag_traEU', '74_lag_samPSLann', '83_lag_yrvPRjja', '92_lag_stratZ50ndj03', '84_lag_scpPSLjfm', '84_lag_traBS', '85_lag_alpi', '66_lag_traBS', '76_lag_eurPSLjfm', '83_lag_gyreSSTjfm', '76_lag_yrvPRjja', '70_lag_traIT', '81_lag_nchinaPRjja', '86_lag_samPSLann', '88_lag_alpi', '84_lag_alpi']","[0.12278963255690861, 0.0209985138721048, 0.07036356199573524, 0.21439078732766353, 0.13027112669573646, 0.0018623302238703926, 0.0180508497942559, 0.046477526381808666, 0.10474471845562372, 0.006999054578867769, 0.2094815342277367, 0.11903572579462843, 0.029805337329339286, 0.16787534863495102, 0.09558918952888391, 0.030474085215476433, 0.007092857787255571, 0.05830585855855491, 0.09350045741194642, 0.059869504050880394, 0.040816761296563885, 0.014537330321892642, 0.03653423207151714, 0.09658045546336677, 0.03901127133853158, 0.007395689874105251, 0.02177819741618801, 0.05565673732137623, 0.04309176944019007, 0.036448260837036964]","71_lag_yrvPRjja, 67_lag_scpPSLjfm, 81_lag_stratZ50ndj03, 78_lag_traFS, 89_lag_traFSC, 64_lag_66_median_traBS, 84_lag_traEC, 85_lag_seurTSjfm, 73_lag_traMC, 68_lag_stratZ50ndj01, 64_lag_67_median_traBS, 64_lag_traIFC, 84_lag_ensoSSTjfm, 69_lag_wnorPRjfm, 92_lag_traEU, 74_lag_samPSLann, 83_lag_yrvPRjja, 92_lag_stratZ50ndj03, 84_lag_scpPSLjfm, 84_lag_traBS, 85_lag_alpi, 66_lag_traBS, 76_lag_eurPSLjfm, 83_lag_gyreSSTjfm, 76_lag_yrvPRjja, 70_lag_traIT, 81_lag_nchinaPRjja, 86_lag_samPSLann, 88_lag_alpi, 84_lag_alpi_3835_64"
LinearRegression,80,30,shTSjfm,shigh,1794.5,2005.5,0.8,95,65,65,33.65543163389665,-0.43515386887143664,3835,"['81_lag_samPSLann', '68_lag_stratZ50ndj01', '69_lag_cetTSjfm', '83_lag_yrvPRjja', '78_lag_satlSSTjfm', '85_lag_alpi', '88_lag_eurPSLjfm', '76_lag_yrvPRjja', '88_lag_alpi', '84_lag_traEC', '73_lag_traFSC', '68_lag_traBS', '65_lag_gyreSSTjfm', '81_lag_nchinaPRjja', '65_lag_66_median_traBS', '66_lag_traBS', '92_lag_stratZ50ndj03', '81_lag_stratZ50ndj03', '71_lag_yrvPRjja', '83_lag_gyreSSTjfm', '76_lag_eurPSLjfm', '69_lag_neurTSjfm', '84_lag_scpPSLjfm', '70_lag_traIT', '84_lag_traBS', '69_lag_wnorPRjfm', '65_lag_traMC', '92_lag_scpPSLjfm', '86_lag_samPSLann', '84_lag_alpi']","[0.06884464953158106, 0.011618984758483148, 0.039060278290476314, 0.03491939522843073, 0.035963411938144556, 0.06309074839217171, 0.036948958577548485, 0.031258296931763345, 0.04025215444430541, 0.011874069970916933, 0.004052353448861111, 0.06506722402567884, 0.24455025651604875, 0.017276043498916448, 420422763225.28064, 420422763225.385, 0.02970699850569494, 0.03269539469993903, 0.14676349560999746, 0.07240164324232747, 0.015576961651900633, 0.08965141330439481, 0.0756865066442253, 0.02635672172418734, 0.06816911003902452, 0.15693066139625964, 0.14124493995194973, 0.030451065157172205, 0.08958119795602047, 0.06250283222717058]","81_lag_samPSLann, 68_lag_stratZ50ndj01, 69_lag_cetTSjfm, 83_lag_yrvPRjja, 78_lag_satlSSTjfm, 85_lag_alpi, 88_lag_eurPSLjfm, 76_lag_yrvPRjja, 88_lag_alpi, 84_lag_traEC, 73_lag_traFSC, 68_lag_traBS, 65_lag_gyreSSTjfm, 81_lag_nchinaPRjja, 65_lag_66_median_traBS, 66_lag_traBS, 92_lag_stratZ50ndj03, 81_lag_stratZ50ndj03, 71_lag_yrvPRjja, 83_lag_gyreSSTjfm, 76_lag_eurPSLjfm, 69_lag_neurTSjfm, 84_lag_scpPSLjfm, 70_lag_traIT, 84_lag_traBS, 69_lag_wnorPRjfm, 65_lag_traMC, 92_lag_scpPSLjfm, 86_lag_samPSLann, 84_lag_alpi_3835_65"
LinearRegression,81,30,shTSjfm,shigh,1795.5,2005.5,0.8,96,66,66,35.37173433500667,-0.020746261576347673,3835,"['76_lag_eurPSLjfm', '81_lag_nchinaPRjja', '95_lag_shSICsep', '72_lag_ismPRjja', '66_lag_cetTSjfm', '95_lag_stratZ50ndj01', '76_lag_yrvPRjja', '93_lag_mhfATL45', '84_lag_traEC', '69_lag_scpPSLjfm', '66_lag_neurTSjfm', '69_lag_neurTSjfm', '71_lag_yrvPRjja', '83_lag_gyreSSTjfm', '81_lag_ismPRjja', '66_lag_stratZ50ndj02', '73_lag_traFSC', '87_lag_traMC', '85_lag_alpi', '70_lag_traIT', '69_lag_wnorPRjfm', '92_lag_scpPSLjfm', '92_lag_stratZ50ndj03', '84_lag_scpPSLjfm', '84_lag_traBS', '66_lag_eapPSLjfm', '86_lag_samPSLann', '95_lag_yrvPRjja', '66_lag_traBS', '84_lag_alpi']","[0.04664248370349327, 0.048543972868956134, 0.04781456791906416, 0.029416864308876793, 0.1572529384248063, 0.04738927953398217, 0.02512394507656723, 0.05078335127664592, 0.024206292132353317, 0.08157091883120833, 0.017723520602283372, 0.04126580722107676, 0.13227353914141474, 0.13840330483796454, 0.032080490026511935, 0.10081358339364166, 0.05734309552670701, 0.10152609951220921, 0.04488262126095055, 0.02523719264311393, 0.11334041757270817, 0.06629738247514061, 0.05108913511873828, 0.1376339098580251, 0.05593774848647766, 0.0110977457027085, 0.10400278240098705, 0.10399502336372428, 0.1345244319876953, 0.042659344900385976]","76_lag_eurPSLjfm, 81_lag_nchinaPRjja, 95_lag_shSICsep, 72_lag_ismPRjja, 66_lag_cetTSjfm, 95_lag_stratZ50ndj01, 76_lag_yrvPRjja, 93_lag_mhfATL45, 84_lag_traEC, 69_lag_scpPSLjfm, 66_lag_neurTSjfm, 69_lag_neurTSjfm, 71_lag_yrvPRjja, 83_lag_gyreSSTjfm, 81_lag_ismPRjja, 66_lag_stratZ50ndj02, 73_lag_traFSC, 87_lag_traMC, 85_lag_alpi, 70_lag_traIT, 69_lag_wnorPRjfm, 92_lag_scpPSLjfm, 92_lag_stratZ50ndj03, 84_lag_scpPSLjfm, 84_lag_traBS, 66_lag_eapPSLjfm, 86_lag_samPSLann, 95_lag_yrvPRjja, 66_lag_traBS, 84_lag_alpi_3835_66"
LinearRegression,82,30,shTSjfm,shigh,1796.5,2005.5,0.8,97,67,69,34.867216330215605,-0.03726169110427897,3835,"['89_lag_stratZ50ndj02', '71_lag_yrvPRjja', '95_lag_stratZ50ndj02', '92_lag_stratZ50ndj03', '84_lag_traBS', '81_lag_samPSLann', '76_lag_yrvPRjja', '88_lag_eurPSLjfm', '81_lag_ismPRjja', '93_lag_mhfATL45', '88_lag_yrvPRjja', '92_lag_seurTSjfm', '81_lag_stratZ50ndj03', '83_lag_gyreSSTjfm', '78_lag_traFS', '72_lag_ismPRjja', '84_lag_scpPSLjfm', '69_lag_wnorPRjfm', '84_lag_stratZ50ndj01', '81_lag_nchinaPRjja', '85_lag_alpi', '96_lag_mhfATL30', '87_lag_traMC', '84_lag_yrvPRjja', '96_lag_samPSLann', '86_lag_samPSLann', '95_lag_yrvPRjja', '73_lag_traFSC', '70_lag_traIT', '84_lag_alpi']","[0.027411198277635045, 0.1284661484709433, 0.08722777402663938, 0.02949344005443208, 0.08940662529202313, 0.08359900744146066, 0.019722195023480854, 0.05963783312310464, 0.03910526161061184, 0.07134257582923773, 0.030524995143890975, 0.1738097119066147, 0.07559566973917821, 0.08526164171136759, 0.2275464137238248, 0.011985049460513658, 0.13065034605360515, 0.1546328124730072, 0.028179979976171703, 0.015098973712219403, 0.03989418526933848, 0.014106102985110228, 0.04357026801572714, 0.008865961142607648, 0.0702418610525739, 0.1253035026630051, 0.08125509423096151, 0.07490522104810658, 0.03321860781737, 0.041902353732672946]","89_lag_stratZ50ndj02, 71_lag_yrvPRjja, 95_lag_stratZ50ndj02, 92_lag_stratZ50ndj03, 84_lag_traBS, 81_lag_samPSLann, 76_lag_yrvPRjja, 88_lag_eurPSLjfm, 81_lag_ismPRjja, 93_lag_mhfATL45, 88_lag_yrvPRjja, 92_lag_seurTSjfm, 81_lag_stratZ50ndj03, 83_lag_gyreSSTjfm, 78_lag_traFS, 72_lag_ismPRjja, 84_lag_scpPSLjfm, 69_lag_wnorPRjfm, 84_lag_stratZ50ndj01, 81_lag_nchinaPRjja, 85_lag_alpi, 96_lag_mhfATL30, 87_lag_traMC, 84_lag_yrvPRjja, 96_lag_samPSLann, 86_lag_samPSLann, 95_lag_yrvPRjja, 73_lag_traFSC, 70_lag_traIT, 84_lag_alpi_3835_69"
LinearRegression,83,30,shTSjfm,shigh,1797.5,2005.5,0.8,98,68,68,29.473582854939206,0.04950447449692372,3835,"['86_lag_traIFC', '93_lag_stratZ50ndj01', '93_lag_mhfATL45', '95_lag_stratZ50ndj01', '72_lag_ismPRjja', '87_lag_gyreSSTjfm', '92_lag_nppc3SSTjfm', '95_lag_stratZ50ndj02', '84_lag_yrvPRjja', '84_lag_traBS', '85_lag_traFS', '85_lag_alpi', '71_lag_yrvPRjja', '68_lag_arcTSjfm', '84_lag_scpPSLjfm', '92_lag_seurTSjfm', '81_lag_stratZ50ndj03', '84_lag_stratZ50ndj01', '88_lag_eurPSLjfm', '81_lag_nchinaPRjja', '95_lag_yrvPRjja', '83_lag_gyreSSTjfm', '96_lag_mhfATL30', '73_lag_traFSC', '86_lag_samPSLann', '78_lag_traFS', '70_lag_traIT', '87_lag_traMC', '96_lag_samPSLann', '84_lag_alpi']","[0.009451767521395189, 0.04836885284940756, 0.11679932248147566, 0.009388773595557136, 0.006696942358725125, 0.04299858608660873, 0.3085912109533211, 0.10486387250587147, 0.034336061525927615, 0.07712057870370946, 0.03384909354355315, 0.03669904048204666, 0.07236648058452996, 0.15416841031406042, 0.09743362386290887, 0.1405543537452642, 0.1046837193766077, 0.011245687125245917, 0.04074809826509719, 0.026741707246373824, 0.07182714585817422, 0.06010145241341472, 0.0599801785066165, 0.08267378323351726, 0.11542680831971402, 0.19578787111637294, 0.03749377009711297, 0.04016179394814004, 0.09263249541191149, 0.019960948138773027]","86_lag_traIFC, 93_lag_stratZ50ndj01, 93_lag_mhfATL45, 95_lag_stratZ50ndj01, 72_lag_ismPRjja, 87_lag_gyreSSTjfm, 92_lag_nppc3SSTjfm, 95_lag_stratZ50ndj02, 84_lag_yrvPRjja, 84_lag_traBS, 85_lag_traFS, 85_lag_alpi, 71_lag_yrvPRjja, 68_lag_arcTSjfm, 84_lag_scpPSLjfm, 92_lag_seurTSjfm, 81_lag_stratZ50ndj03, 84_lag_stratZ50ndj01, 88_lag_eurPSLjfm, 81_lag_nchinaPRjja, 95_lag_yrvPRjja, 83_lag_gyreSSTjfm, 96_lag_mhfATL30, 73_lag_traFSC, 86_lag_samPSLann, 78_lag_traFS, 70_lag_traIT, 87_lag_traMC, 96_lag_samPSLann, 84_lag_alpi_3835_68"
LinearRegression,84,30,shTSjfm,shigh,1798.5,2005.5,0.8,99,69,69,32.843380425763364,-0.09997340154563471,3835,"['87_lag_gyreSSTjfm', '93_lag_stratZ50ndj01', '89_lag_mhfATL45', '84_lag_ensoSSTjfm', '84_lag_stratZ50ndj01', '91_lag_stratZ50ndj03', '81_lag_stratZ50ndj03', '88_lag_eurPSLjfm', '73_lag_traFSC', '78_lag_traFS', '92_lag_nppc3SSTjfm', '86_lag_traIFC', '69_lag_neurTSjfm', '69_lag_scpPSLjfm', '92_lag_seurTSjfm', '70_lag_traIT', '69_lag_70_median_traIT', '84_lag_traBS', '85_lag_traFS', '84_lag_scpPSLjfm', '83_lag_gyreSSTjfm', '95_lag_yrvPRjja', '81_lag_nchinaPRjja', '76_lag_yrvPRjja', '96_lag_mhfATL30', '87_lag_traMC', '86_lag_samPSLann', '84_lag_alpi', '69_lag_wnorPRjfm', '96_lag_samPSLann']","[0.03758005501388848, 0.031589154590900295, 0.14062667807687407, 0.024187228630747397, 0.0041819267091900815, 0.020340648322264152, 0.08128818476902294, 0.06957586608569957, 0.10723889355814309, 0.17968427219682054, 0.2742009070939511, 0.025208679363692033, 0.015077847518284096, 0.05784311956638073, 0.14390867133393853, 2883331140682.4385, 2883331140682.4795, 0.08734329076125869, 0.0139578124584098, 0.13485372118664754, 0.0024233959894471233, 0.09738744621998573, 0.05378944825687131, 0.01919231734531661, 0.010544739105165929, 0.055739027777771795, 0.11192821296147144, 0.024444159205502934, 0.08358675931893002, 0.08745162805528256]","87_lag_gyreSSTjfm, 93_lag_stratZ50ndj01, 89_lag_mhfATL45, 84_lag_ensoSSTjfm, 84_lag_stratZ50ndj01, 91_lag_stratZ50ndj03, 81_lag_stratZ50ndj03, 88_lag_eurPSLjfm, 73_lag_traFSC, 78_lag_traFS, 92_lag_nppc3SSTjfm, 86_lag_traIFC, 69_lag_neurTSjfm, 69_lag_scpPSLjfm, 92_lag_seurTSjfm, 70_lag_traIT, 69_lag_70_median_traIT, 84_lag_traBS, 85_lag_traFS, 84_lag_scpPSLjfm, 83_lag_gyreSSTjfm, 95_lag_yrvPRjja, 81_lag_nchinaPRjja, 76_lag_yrvPRjja, 96_lag_mhfATL30, 87_lag_traMC, 86_lag_samPSLann, 84_lag_alpi, 69_lag_wnorPRjfm, 96_lag_samPSLann_3835_69"
LinearRegression,85,30,shTSjfm,shigh,1799.5,2005.5,0.8,100,70,70,33.85946983245765,-0.08979723300456263,3835,"['91_lag_eapPSLjfm', '91_lag_traCA', '89_lag_mhfATL45', '89_lag_scpPSLjfm', '92_lag_stratZ50ndj03', '91_lag_labSSTjfm', '84_lag_stratZ50ndj01', '85_lag_alpi', '78_lag_traFS', '95_lag_shSICsep', '92_lag_nppc3SSTjfm', '92_lag_seurTSjfm', '88_lag_eurPSLjfm', '96_lag_mhfATL30', '70_lag_traIT', '86_lag_traIFC', '73_lag_traFSC', '99_lag_traDS', '85_lag_traFS', '95_lag_yrvPRjja', '84_lag_traBS', '87_lag_traMC', '76_lag_yrvPRjja', '99_lag_traEU', '81_lag_nchinaPRjja', '91_lag_stratZ50ndj03', '86_lag_samPSLann', '83_lag_gyreSSTjfm', '96_lag_samPSLann', '84_lag_alpi']","[0.005948780759903302, 0.10026694314650571, 0.10138918455596986, 0.07253925720847847, 0.016128393606154187, 0.2103362002012887, 0.03118160784633806, 0.04654124271265737, 0.137108451329598, 0.081235929562382, 0.21662437850517444, 0.12664791399161957, 0.019812805887677185, 0.05161409290093877, 0.03364500846420449, 0.056290458443469325, 0.12531259674898945, 0.11213964255408303, 0.023764116390777197, 0.061553403387998626, 0.09355253654159135, 0.05708026263053146, 0.0350279972170453, 0.07304740497800594, 0.001246234349342156, 0.03576424838406879, 0.11596871760898964, 0.062472331504772896, 0.09002637966493421, 0.03131969518462802]","91_lag_eapPSLjfm, 91_lag_traCA, 89_lag_mhfATL45, 89_lag_scpPSLjfm, 92_lag_stratZ50ndj03, 91_lag_labSSTjfm, 84_lag_stratZ50ndj01, 85_lag_alpi, 78_lag_traFS, 95_lag_shSICsep, 92_lag_nppc3SSTjfm, 92_lag_seurTSjfm, 88_lag_eurPSLjfm, 96_lag_mhfATL30, 70_lag_traIT, 86_lag_traIFC, 73_lag_traFSC, 99_lag_traDS, 85_lag_traFS, 95_lag_yrvPRjja, 84_lag_traBS, 87_lag_traMC, 76_lag_yrvPRjja, 99_lag_traEU, 81_lag_nchinaPRjja, 91_lag_stratZ50ndj03, 86_lag_samPSLann, 83_lag_gyreSSTjfm, 96_lag_samPSLann, 84_lag_alpi_3835_70"
