model,num_irrelevant,max_allowed_features,target_feature,dataset,year_start,year_end,splitsize,max_lag,init_lag,max_forecast,mae_score,corr_score,n_total_features,selected_feature_list,feature_importances,selected_features
LinearRegression,0,30,nppc2SSTjfm,slow,1514.5,2005.5,0.6,15,1,1,12.534525404174934,0.47681278015299094,1755,"['6_lag_nppc2SSTjfm', '4_lag_ensoSSTjfm', '13_lag_traEU', '8_lag_traEU', '9_lag_mhfATL45', '13_lag_AMOCann', '8_lag_shSICmar', '13_lag_eurPSLjfm', '8_lag_ormenSSTjfm', '12_lag_stratZ50ndj01', '10_lag_yrvPRjja', '13_lag_stratZ50ndj04', '1_lag_mhfIP30', '5_lag_AMOCann', '1_lag_traBS', '11_lag_stratZ50ndj04', '5_lag_traMC', '1_lag_nppc2SSTjfm', '8_lag_amo3', '1_lag_alpi', '6_lag_traEU', '12_lag_traEC', '11_lag_stratZ50ndj02', '7_lag_samPSLann', '6_lag_stratZ50ndj01', '9_lag_yrvPRjja', '1_lag_stratZ50ndj03', '10_lag_seurTSjfm', '1_lag_traTLS', '1_lag_traIT']","[0.06959603097837033, 0.047363288659758196, 0.048065125582848006, 0.041288787029071114, 0.031143193308819494, 0.20358977609135048, 0.07340800430235932, 0.0198246126696184, 0.17485214933937002, 0.036698309439585144, 0.007671013627296417, 0.05190950091079925, 0.24087510022068634, 0.03111010155851694, 0.06892193952140661, 0.1310933195728092, 0.11733789039660486, 0.47547649548233983, 0.18565735756216925, 0.20812353321728247, 0.052809748916036126, 0.07645889582834167, 0.03325297059377013, 0.05418156413151271, 0.1394409225269122, 0.08492243009844391, 0.038038829814483796, 0.11845952808447129, 0.10899286220110611, 0.17881819922091705]","6_lag_nppc2SSTjfm, 4_lag_ensoSSTjfm, 13_lag_traEU, 8_lag_traEU, 9_lag_mhfATL45, 13_lag_AMOCann, 8_lag_shSICmar, 13_lag_eurPSLjfm, 8_lag_ormenSSTjfm, 12_lag_stratZ50ndj01, 10_lag_yrvPRjja, 13_lag_stratZ50ndj04, 1_lag_mhfIP30, 5_lag_AMOCann, 1_lag_traBS, 11_lag_stratZ50ndj04, 5_lag_traMC, 1_lag_nppc2SSTjfm, 8_lag_amo3, 1_lag_alpi, 6_lag_traEU, 12_lag_traEC, 11_lag_stratZ50ndj02, 7_lag_samPSLann, 6_lag_stratZ50ndj01, 9_lag_yrvPRjja, 1_lag_stratZ50ndj03, 10_lag_seurTSjfm, 1_lag_traTLS, 1_lag_traIT_1755_1"
LinearRegression,1,30,nppc2SSTjfm,slow,1515.5,2005.5,0.6,16,1,1,12.115299233652266,0.4674387436940933,1885,"['1_lag_traIFC', '6_lag_seurTSjfm', '10_lag_nchinaPRjja', '9_lag_mhfATL45', '1_lag_traCA', '15_lag_satlSSTjfm', '5_lag_traMC', '11_lag_stratZ50ndj02', '8_lag_ormenSSTjfm', '5_lag_AMOCann', '13_lag_stratZ50ndj04', '12_lag_traEC', '15_lag_traEU', '12_lag_stratZ50ndj01', '10_lag_yrvPRjja', '6_lag_traEU', '8_lag_shSICmar', '1_lag_mhfIP30', '7_lag_samPSLann', '8_lag_amo3', '11_lag_stratZ50ndj04', '1_lag_traBS', '10_lag_seurTSjfm', '1_lag_alpi', '1_lag_nppc2SSTjfm', '9_lag_yrvPRjja', '1_lag_stratZ50ndj03', '6_lag_stratZ50ndj01', '1_lag_traTLS', '1_lag_traIT']","[0.05646830567237289, 0.11838756021446568, 0.014287058983011226, 0.06182231898892594, 0.0792495929959234, 0.07139933782134142, 0.10799126457976302, 0.036583382823598486, 0.17015333553323428, 0.10834977659395097, 0.026189179847278754, 0.07551180378396438, 0.010079118925045847, 0.04149777542826654, 0.01695511602498627, 0.0696487881773133, 0.057055492904617026, 0.23448314217792368, 0.06637162669163743, 0.13268229389544878, 0.1405876809959, 0.03796585079032113, 0.11525448505594928, 0.16735048452257487, 0.47751723251554073, 0.09167892225826152, 0.02877078048832374, 0.14639194054860175, 0.086058760035173, 0.20950069543695912]","1_lag_traIFC, 6_lag_seurTSjfm, 10_lag_nchinaPRjja, 9_lag_mhfATL45, 1_lag_traCA, 15_lag_satlSSTjfm, 5_lag_traMC, 11_lag_stratZ50ndj02, 8_lag_ormenSSTjfm, 5_lag_AMOCann, 13_lag_stratZ50ndj04, 12_lag_traEC, 15_lag_traEU, 12_lag_stratZ50ndj01, 10_lag_yrvPRjja, 6_lag_traEU, 8_lag_shSICmar, 1_lag_mhfIP30, 7_lag_samPSLann, 8_lag_amo3, 11_lag_stratZ50ndj04, 1_lag_traBS, 10_lag_seurTSjfm, 1_lag_alpi, 1_lag_nppc2SSTjfm, 9_lag_yrvPRjja, 1_lag_stratZ50ndj03, 6_lag_stratZ50ndj01, 1_lag_traTLS, 1_lag_traIT_1885_1"
LinearRegression,2,30,nppc2SSTjfm,slow,1516.5,2005.5,0.6,17,1,1,12.053751880460892,0.45047514585612003,2015,"['4_lag_traTLS', '9_lag_mhfATL45', '1_lag_traBS', '11_lag_stratZ50ndj02', '5_lag_traMC', '4_lag_nppc2SSTjfm', '10_lag_nchinaPRjja', '15_lag_satlSSTjfm', '15_lag_traEU', '8_lag_amo3', '6_lag_seurTSjfm', '6_lag_traEU', '5_lag_AMOCann', '8_lag_shSICmar', '10_lag_yrvPRjja', '8_lag_ormenSSTjfm', '7_lag_samPSLann', '1_lag_stratZ50ndj03', '12_lag_stratZ50ndj01', '11_lag_stratZ50ndj04', '16_lag_traBS', '1_lag_nppc2SSTjfm', '9_lag_yrvPRjja', '10_lag_seurTSjfm', '12_lag_traEC', '1_lag_mhfIP30', '1_lag_alpi', '6_lag_stratZ50ndj01', '1_lag_traIT', '1_lag_traTLS']","[0.008727837361820543, 0.04390193766963618, 0.0452391948330652, 0.03122422730784969, 0.10680247698891923, 0.10607710226710912, 0.018191665613051338, 0.05572351534743329, 0.008529878212740672, 0.10213452181829819, 0.11561857683061669, 0.06486441301625516, 0.08966074198461473, 0.06270476253925757, 0.0008409105620949804, 0.14690301150387264, 0.060970630176049305, 0.03219338392551442, 0.038481085340488795, 0.15843527036877886, 0.07376020739657956, 0.5050829484258346, 0.09577616258577427, 0.09453984676539764, 0.08560553055913218, 0.24622234938786447, 0.18753025979419347, 0.15486361931738676, 0.238316174438553, 0.07551548746661609]","4_lag_traTLS, 9_lag_mhfATL45, 1_lag_traBS, 11_lag_stratZ50ndj02, 5_lag_traMC, 4_lag_nppc2SSTjfm, 10_lag_nchinaPRjja, 15_lag_satlSSTjfm, 15_lag_traEU, 8_lag_amo3, 6_lag_seurTSjfm, 6_lag_traEU, 5_lag_AMOCann, 8_lag_shSICmar, 10_lag_yrvPRjja, 8_lag_ormenSSTjfm, 7_lag_samPSLann, 1_lag_stratZ50ndj03, 12_lag_stratZ50ndj01, 11_lag_stratZ50ndj04, 16_lag_traBS, 1_lag_nppc2SSTjfm, 9_lag_yrvPRjja, 10_lag_seurTSjfm, 12_lag_traEC, 1_lag_mhfIP30, 1_lag_alpi, 6_lag_stratZ50ndj01, 1_lag_traIT, 1_lag_traTLS_2015_1"
LinearRegression,3,30,nppc2SSTjfm,slow,1517.5,2005.5,0.6,18,1,1,11.919455657910882,0.46405420138792064,2145,"['9_lag_mhfATL45', '15_lag_satlSSTjfm', '8_lag_shSICmar', '4_lag_traTLS', '13_lag_eurPSLjfm', '1_lag_traBS', '1_lag_stratZ50ndj03', '12_lag_traWP', '10_lag_nchinaPRjja', '5_lag_traMC', '10_lag_yrvPRjja', '4_lag_nppc2SSTjfm', '15_lag_traEU', '8_lag_amo3', '7_lag_samPSLann', '6_lag_seurTSjfm', '17_lag_nppc2SSTjfm', '8_lag_ormenSSTjfm', '12_lag_stratZ50ndj01', '1_lag_nppc2SSTjfm', '11_lag_stratZ50ndj04', '1_lag_alpi', '9_lag_yrvPRjja', '12_lag_traEC', '10_lag_seurTSjfm', '16_lag_traBS', '1_lag_mhfIP30', '6_lag_stratZ50ndj01', '1_lag_traIT', '1_lag_traTLS']","[0.042709906862466285, 0.0940989175964749, 0.08780575970174993, 0.011267362957246653, 0.05533889846697725, 0.04991958110386277, 0.03944001031543568, 0.09680869526125536, 0.0038088557787491237, 0.10519587605431886, 0.0029391298417173967, 0.11989147951439971, 0.002719648047352926, 0.11146574763688162, 0.07606987547886125, 0.11929408220330938, 0.0636367747935664, 0.11245601975966621, 0.025056384337107586, 0.4968062320196649, 0.17407808085774024, 0.18083460496937095, 0.09262075341830629, 0.07096929849872752, 0.10788386234899745, 0.06745645862277022, 0.2340602575413904, 0.139627443879749, 0.21026072686756092, 0.09232662841913383]","9_lag_mhfATL45, 15_lag_satlSSTjfm, 8_lag_shSICmar, 4_lag_traTLS, 13_lag_eurPSLjfm, 1_lag_traBS, 1_lag_stratZ50ndj03, 12_lag_traWP, 10_lag_nchinaPRjja, 5_lag_traMC, 10_lag_yrvPRjja, 4_lag_nppc2SSTjfm, 15_lag_traEU, 8_lag_amo3, 7_lag_samPSLann, 6_lag_seurTSjfm, 17_lag_nppc2SSTjfm, 8_lag_ormenSSTjfm, 12_lag_stratZ50ndj01, 1_lag_nppc2SSTjfm, 11_lag_stratZ50ndj04, 1_lag_alpi, 9_lag_yrvPRjja, 12_lag_traEC, 10_lag_seurTSjfm, 16_lag_traBS, 1_lag_mhfIP30, 6_lag_stratZ50ndj01, 1_lag_traIT, 1_lag_traTLS_2145_1"
LinearRegression,4,30,nppc2SSTjfm,slow,1518.5,2005.5,0.6,19,1,1,11.887403745457904,0.48319346818450853,2275,"['17_lag_nppc2SSTjfm', '5_lag_stratZ50ndj03', '7_lag_samPSLann', '5_lag_scpPSLjfm', '9_lag_scpPSLjfm', '13_lag_eurPSLjfm', '4_lag_nppc2SSTjfm', '9_lag_mhfATL45', '3_lag_traTLS', '1_lag_stratZ50ndj03', '10_lag_nchinaPRjja', '15_lag_traEU', '4_lag_traTLS', '1_lag_traBS', '6_lag_seurTSjfm', '8_lag_amo3', '11_lag_stratZ50ndj04', '8_lag_shSICmar', '16_lag_traBS', '10_lag_seurTSjfm', '8_lag_ormenSSTjfm', '9_lag_yrvPRjja', '12_lag_stratZ50ndj01', '12_lag_traEC', '1_lag_nppc2SSTjfm', '1_lag_alpi', '1_lag_mhfIP30', '6_lag_stratZ50ndj01', '1_lag_traIT', '1_lag_traTLS']","[0.07767463128691794, 0.015438568779260142, 0.057943168950407624, 0.030518535291750172, 0.020122854594055193, 0.05114624833045666, 0.11616989438923986, 0.028647692278771956, 0.12938425383542254, 0.05046361698592709, 0.00897698511176565, 0.0024713877876525454, 0.010905446705314771, 0.04299083012238261, 0.12509145713586162, 0.07522559052506368, 0.14717948853847668, 0.07677293656830211, 0.07761588075366484, 0.09822080476989292, 0.09255253027690886, 0.0960552790323138, 0.025652396144961703, 0.07003729105187972, 0.5201060362449865, 0.1789535411727614, 0.24822527493762203, 0.13193476126687298, 0.21101520173181876, 0.07353120292018106]","17_lag_nppc2SSTjfm, 5_lag_stratZ50ndj03, 7_lag_samPSLann, 5_lag_scpPSLjfm, 9_lag_scpPSLjfm, 13_lag_eurPSLjfm, 4_lag_nppc2SSTjfm, 9_lag_mhfATL45, 3_lag_traTLS, 1_lag_stratZ50ndj03, 10_lag_nchinaPRjja, 15_lag_traEU, 4_lag_traTLS, 1_lag_traBS, 6_lag_seurTSjfm, 8_lag_amo3, 11_lag_stratZ50ndj04, 8_lag_shSICmar, 16_lag_traBS, 10_lag_seurTSjfm, 8_lag_ormenSSTjfm, 9_lag_yrvPRjja, 12_lag_stratZ50ndj01, 12_lag_traEC, 1_lag_nppc2SSTjfm, 1_lag_alpi, 1_lag_mhfIP30, 6_lag_stratZ50ndj01, 1_lag_traIT, 1_lag_traTLS_2275_1"
LinearRegression,5,30,nppc2SSTjfm,slow,1519.5,2005.5,0.6,20,1,1,12.612384552290044,0.42380783411408707,2405,"['11_lag_stratZ50ndj04', '15_lag_traEU', '13_lag_eurPSLjfm', '10_lag_yrvPRjja', '8_lag_amo3', '19_lag_tripol3', '6_lag_traEU', '9_lag_mhfATL45', '3_lag_traTLS', '5_lag_stratZ50ndj03', '7_lag_samPSLann', '4_lag_nppc2SSTjfm', '8_lag_shSICmar', '4_lag_traTLS', '19_lag_nppc3SSTjfm', '1_lag_traBS', '8_lag_ormenSSTjfm', '1_lag_stratZ50ndj03', '6_lag_seurTSjfm', '9_lag_yrvPRjja', '1_lag_alpi', '16_lag_traBS', '12_lag_traEC', '10_lag_seurTSjfm', '12_lag_stratZ50ndj01', '1_lag_nppc2SSTjfm', '1_lag_mhfIP30', '6_lag_stratZ50ndj01', '1_lag_traIT', '1_lag_traTLS']","[0.13019708125776328, 0.003752515303484541, 0.03657877880659481, 0.007647786773922368, 0.08384100472835426, 0.08578830959488604, 0.06960826188360104, 0.04567282156564914, 0.12234739755863666, 0.013160756552744839, 0.043288976677265646, 0.11443301383983512, 0.06038220453377128, 0.01658908148779573, 0.060274067600088875, 0.04837993143407189, 0.12239382673793509, 0.04182406022372955, 0.12007535711514007, 0.10155122276027391, 0.18049256680447776, 0.07790584343689995, 0.07386160502062217, 0.09727371693245579, 0.027458831104515666, 0.5121574200565527, 0.2565962256814592, 0.14461444739173332, 0.1926114006666306, 0.09184396189005846]","11_lag_stratZ50ndj04, 15_lag_traEU, 13_lag_eurPSLjfm, 10_lag_yrvPRjja, 8_lag_amo3, 19_lag_tripol3, 6_lag_traEU, 9_lag_mhfATL45, 3_lag_traTLS, 5_lag_stratZ50ndj03, 7_lag_samPSLann, 4_lag_nppc2SSTjfm, 8_lag_shSICmar, 4_lag_traTLS, 19_lag_nppc3SSTjfm, 1_lag_traBS, 8_lag_ormenSSTjfm, 1_lag_stratZ50ndj03, 6_lag_seurTSjfm, 9_lag_yrvPRjja, 1_lag_alpi, 16_lag_traBS, 12_lag_traEC, 10_lag_seurTSjfm, 12_lag_stratZ50ndj01, 1_lag_nppc2SSTjfm, 1_lag_mhfIP30, 6_lag_stratZ50ndj01, 1_lag_traIT, 1_lag_traTLS_2405_1"
LinearRegression,6,30,nppc2SSTjfm,slow,1520.5,2005.5,0.6,21,1,1,12.112577865585974,0.47750529692863775,2535,"['5_lag_scpPSLjfm', '8_lag_amo3', '20_lag_stratZ50ndj03', '9_lag_scpPSLjfm', '19_lag_nppc3SSTjfm', '10_lag_nchinaPRjja', '20_lag_eurPSLjfm', '11_lag_stratZ50ndj04', '4_lag_nppc2SSTjfm', '4_lag_traTLS', '7_lag_samPSLann', '3_lag_traTLS', '8_lag_shSICmar', '8_lag_ormenSSTjfm', '9_lag_yrvPRjja', '5_lag_stratZ50ndj03', '12_lag_stratZ50ndj01', '12_lag_traEC', '1_lag_stratZ50ndj03', '1_lag_traBS', '6_lag_seurTSjfm', '1_lag_alpi', '20_lag_yrvPRjja', '10_lag_seurTSjfm', '16_lag_traBS', '1_lag_nppc2SSTjfm', '1_lag_mhfIP30', '6_lag_stratZ50ndj01', '1_lag_traIT', '1_lag_traTLS']","[0.02634875306481735, 0.05587438189390892, 0.022092590066209124, 0.025233028873463858, 0.07655753646351082, 0.015998288315603702, 0.04432877635353763, 0.15136476288955772, 0.11192393000573005, 0.006676146635759566, 0.06402881122832563, 0.11651997358060742, 0.06558708458519669, 0.10331223240825915, 0.0953851874045879, 0.015561778235892455, 0.03265692313240241, 0.06447336972642081, 0.0463310917087255, 0.04718759903897185, 0.11242340716040805, 0.1818310702839992, 0.0709261752610155, 0.10400573414457345, 0.06255798831851954, 0.5169305874505811, 0.2476995557601998, 0.1337311104417568, 0.16965427496601168, 0.1073282411572738]","5_lag_scpPSLjfm, 8_lag_amo3, 20_lag_stratZ50ndj03, 9_lag_scpPSLjfm, 19_lag_nppc3SSTjfm, 10_lag_nchinaPRjja, 20_lag_eurPSLjfm, 11_lag_stratZ50ndj04, 4_lag_nppc2SSTjfm, 4_lag_traTLS, 7_lag_samPSLann, 3_lag_traTLS, 8_lag_shSICmar, 8_lag_ormenSSTjfm, 9_lag_yrvPRjja, 5_lag_stratZ50ndj03, 12_lag_stratZ50ndj01, 12_lag_traEC, 1_lag_stratZ50ndj03, 1_lag_traBS, 6_lag_seurTSjfm, 1_lag_alpi, 20_lag_yrvPRjja, 10_lag_seurTSjfm, 16_lag_traBS, 1_lag_nppc2SSTjfm, 1_lag_mhfIP30, 6_lag_stratZ50ndj01, 1_lag_traIT, 1_lag_traTLS_2535_1"
LinearRegression,7,30,nppc2SSTjfm,slow,1521.5,2005.5,0.6,22,1,1,12.319383187130956,0.4605813643449031,2665,"['1_lag_pdoSSTjfm', '19_lag_tripol3', '8_lag_ensoSSTjfm', '4_lag_nppc2SSTjfm', '11_lag_stratZ50ndj04', '10_lag_nchinaPRjja', '8_lag_amo3', '8_lag_shSICmar', '12_lag_stratZ50ndj01', '20_lag_eurPSLjfm', '3_lag_traTLS', '4_lag_traTLS', '9_lag_yrvPRjja', '9_lag_scpPSLjfm', '5_lag_stratZ50ndj03', '8_lag_ormenSSTjfm', '7_lag_samPSLann', '16_lag_traBS', '10_lag_seurTSjfm', '12_lag_traEC', '1_lag_stratZ50ndj03', '1_lag_traBS', '6_lag_seurTSjfm', '20_lag_yrvPRjja', '1_lag_alpi', '1_lag_nppc2SSTjfm', '1_lag_mhfIP30', '6_lag_stratZ50ndj01', '1_lag_traIT', '1_lag_traTLS']","[0.01862982652642056, 0.09485049314327168, 0.007342130781876518, 0.11090875685088397, 0.14596977249158058, 0.01665368043171935, 0.06644530309396178, 0.05444316519595392, 0.03341386284981228, 0.0448482248565738, 0.12095127282978395, 0.003340410579935401, 0.10468234333808997, 0.03391243074551391, 0.021008379517014265, 0.10056469672991901, 0.06492442119892378, 0.08483692859310706, 0.10559937948859037, 0.057520516091836615, 0.0491986755484452, 0.0422385606095553, 0.1220462849065241, 0.06777191233274558, 0.17122624835018402, 0.5102187267242161, 0.22963428372882247, 0.13673541144917176, 0.1722785998324783, 0.10393674449135026]","1_lag_pdoSSTjfm, 19_lag_tripol3, 8_lag_ensoSSTjfm, 4_lag_nppc2SSTjfm, 11_lag_stratZ50ndj04, 10_lag_nchinaPRjja, 8_lag_amo3, 8_lag_shSICmar, 12_lag_stratZ50ndj01, 20_lag_eurPSLjfm, 3_lag_traTLS, 4_lag_traTLS, 9_lag_yrvPRjja, 9_lag_scpPSLjfm, 5_lag_stratZ50ndj03, 8_lag_ormenSSTjfm, 7_lag_samPSLann, 16_lag_traBS, 10_lag_seurTSjfm, 12_lag_traEC, 1_lag_stratZ50ndj03, 1_lag_traBS, 6_lag_seurTSjfm, 20_lag_yrvPRjja, 1_lag_alpi, 1_lag_nppc2SSTjfm, 1_lag_mhfIP30, 6_lag_stratZ50ndj01, 1_lag_traIT, 1_lag_traTLS_2665_1"
LinearRegression,8,30,nppc2SSTjfm,slow,1522.5,2005.5,0.6,23,1,1,12.288902471369717,0.47770032158751935,2795,"['11_lag_stratZ50ndj04', '19_lag_tripol3', '8_lag_shSICmar', '4_lag_traTLS', '12_lag_stratZ50ndj01', '1_lag_traIFC', '8_lag_ensoSSTjfm', '8_lag_amo3', '1_lag_pdoSSTjfm', '3_lag_traTLS', '10_lag_nchinaPRjja', '20_lag_eurPSLjfm', '1_lag_stratZ50ndj03', '9_lag_scpPSLjfm', '8_lag_ormenSSTjfm', '16_lag_traBS', '10_lag_seurTSjfm', '5_lag_stratZ50ndj03', '9_lag_yrvPRjja', '20_lag_yrvPRjja', '1_lag_alpi', '7_lag_samPSLann', '12_lag_traEC', '1_lag_traBS', '6_lag_seurTSjfm', '1_lag_nppc2SSTjfm', '6_lag_stratZ50ndj01', '1_lag_mhfIP30', '1_lag_traIT', '1_lag_traTLS']","[0.13232649108178354, 0.08928411851399647, 0.04977235856354885, 0.009882132974977732, 0.03182505640112364, 0.1027627690281271, 0.00863738437028014, 0.08767879753622851, 0.009861843833443485, 0.13254011106393357, 0.01508867105901586, 0.04486893661911917, 0.05668667070311741, 0.042872599812870574, 0.10861388767888366, 0.08308055397420436, 0.1287652332827588, 0.03793540440497141, 0.10589148877357653, 0.06670650598172906, 0.16697193496937332, 0.05771100455670311, 0.047913764777857706, 0.04394577942961605, 0.12021710778824507, 0.4770472936920407, 0.13541644216268395, 0.23110491322034696, 0.146183477124406, 0.10612836590620962]","11_lag_stratZ50ndj04, 19_lag_tripol3, 8_lag_shSICmar, 4_lag_traTLS, 12_lag_stratZ50ndj01, 1_lag_traIFC, 8_lag_ensoSSTjfm, 8_lag_amo3, 1_lag_pdoSSTjfm, 3_lag_traTLS, 10_lag_nchinaPRjja, 20_lag_eurPSLjfm, 1_lag_stratZ50ndj03, 9_lag_scpPSLjfm, 8_lag_ormenSSTjfm, 16_lag_traBS, 10_lag_seurTSjfm, 5_lag_stratZ50ndj03, 9_lag_yrvPRjja, 20_lag_yrvPRjja, 1_lag_alpi, 7_lag_samPSLann, 12_lag_traEC, 1_lag_traBS, 6_lag_seurTSjfm, 1_lag_nppc2SSTjfm, 6_lag_stratZ50ndj01, 1_lag_mhfIP30, 1_lag_traIT, 1_lag_traTLS_2795_1"
LinearRegression,9,30,nppc2SSTjfm,slow,1523.5,2005.5,0.6,24,1,1,12.432718267584676,0.45094939037828724,2925,"['23_lag_atlSICjfm', '4_lag_traTLS', '7_lag_alpi', '1_lag_stratZ50ndj03', '3_lag_traTLS', '10_lag_mhfIP30', '1_lag_tripol1', '8_lag_ensoSSTjfm', '4_lag_nppc2SSTjfm', '7_lag_shSICsep', '1_lag_pdoSSTjfm', '8_lag_shSICmar', '20_lag_eurPSLjfm', '9_lag_scpPSLjfm', '16_lag_traBS', '9_lag_yrvPRjja', '5_lag_stratZ50ndj03', '20_lag_yrvPRjja', '8_lag_ormenSSTjfm', '7_lag_samPSLann', '10_lag_seurTSjfm', '12_lag_traEC', '1_lag_alpi', '6_lag_seurTSjfm', '1_lag_traBS', '1_lag_nppc2SSTjfm', '6_lag_stratZ50ndj01', '1_lag_traIT', '1_lag_mhfIP30', '1_lag_traTLS']","[0.15898747241519842, 0.027609644598881135, 0.015723279762515318, 0.04670325583461025, 0.08695731704628551, 0.0763402608836113, 0.2419650088981988, 0.006377304394680517, 0.1211418393304776, 0.035568231651829256, 0.21593167586493298, 0.05904552334889168, 0.058152622875657534, 0.05370740203474681, 0.08789623536529724, 0.10258049177393931, 0.016320788189358573, 0.047381416117101456, 0.1232694569264305, 0.06926609358778761, 0.11709610481488432, 0.07173325930537983, 0.19569240413198596, 0.12785481915811842, 0.06558671543301356, 0.4815884801750785, 0.13074050517678765, 0.1328158345577026, 0.2973703944157355, 0.13666288972104776]","23_lag_atlSICjfm, 4_lag_traTLS, 7_lag_alpi, 1_lag_stratZ50ndj03, 3_lag_traTLS, 10_lag_mhfIP30, 1_lag_tripol1, 8_lag_ensoSSTjfm, 4_lag_nppc2SSTjfm, 7_lag_shSICsep, 1_lag_pdoSSTjfm, 8_lag_shSICmar, 20_lag_eurPSLjfm, 9_lag_scpPSLjfm, 16_lag_traBS, 9_lag_yrvPRjja, 5_lag_stratZ50ndj03, 20_lag_yrvPRjja, 8_lag_ormenSSTjfm, 7_lag_samPSLann, 10_lag_seurTSjfm, 12_lag_traEC, 1_lag_alpi, 6_lag_seurTSjfm, 1_lag_traBS, 1_lag_nppc2SSTjfm, 6_lag_stratZ50ndj01, 1_lag_traIT, 1_lag_mhfIP30, 1_lag_traTLS_2925_1"
LinearRegression,10,30,nppc2SSTjfm,slow,1524.5,2005.5,0.6,25,1,1,13.594096042350738,0.3267492455986245,3055,"['4_lag_stratZ50ndj03', '8_lag_ensoSSTjfm', '1_lag_stratZ50ndj03', '9_lag_AMOCann', '9_lag_yrvPRjja', '18_lag_atlSICjfm', '1_lag_pdoSSTjfm', '3_lag_traTLS', '7_lag_shSICsep', '5_lag_scpPSLjfm', '5_lag_stratZ50ndj03', '4_lag_nppc2SSTjfm', '8_lag_shSICmar', '16_lag_traBS', '20_lag_eurPSLjfm', '9_lag_scpPSLjfm', '7_lag_samPSLann', '10_lag_seurTSjfm', '8_lag_ormenSSTjfm', '24_lag_atlSICjfm', '20_lag_yrvPRjja', '12_lag_traEC', '1_lag_traBS', '1_lag_alpi', '6_lag_seurTSjfm', '1_lag_nppc2SSTjfm', '6_lag_stratZ50ndj01', '1_lag_mhfIP30', '1_lag_traIT', '1_lag_traTLS']","[0.0847880657163867, 0.022678082265357023, 0.04803927252835793, 0.029868630256502545, 0.10319065462493998, 0.10721868601610299, 0.005765773593001171, 0.10417371807369748, 0.00592951321194675, 0.010284824907188008, 0.009691265998570868, 0.12228226588632274, 0.060448936831233556, 0.07974551982109833, 0.05315596238307732, 0.03478054052012427, 0.06666464481222434, 0.08787095476007002, 0.13043551057440222, 0.10384543329457294, 0.03644983937947982, 0.06963883714210331, 0.046200478067926244, 0.18742141978508747, 0.12696762939070072, 0.4880480563523218, 0.1474629258632437, 0.24974860687088324, 0.17120484115866996, 0.1192382615897099]","4_lag_stratZ50ndj03, 8_lag_ensoSSTjfm, 1_lag_stratZ50ndj03, 9_lag_AMOCann, 9_lag_yrvPRjja, 18_lag_atlSICjfm, 1_lag_pdoSSTjfm, 3_lag_traTLS, 7_lag_shSICsep, 5_lag_scpPSLjfm, 5_lag_stratZ50ndj03, 4_lag_nppc2SSTjfm, 8_lag_shSICmar, 16_lag_traBS, 20_lag_eurPSLjfm, 9_lag_scpPSLjfm, 7_lag_samPSLann, 10_lag_seurTSjfm, 8_lag_ormenSSTjfm, 24_lag_atlSICjfm, 20_lag_yrvPRjja, 12_lag_traEC, 1_lag_traBS, 1_lag_alpi, 6_lag_seurTSjfm, 1_lag_nppc2SSTjfm, 6_lag_stratZ50ndj01, 1_lag_mhfIP30, 1_lag_traIT, 1_lag_traTLS_3055_1"
LinearRegression,11,30,nppc2SSTjfm,slow,1525.5,2005.5,0.6,26,1,1,13.051880912237138,0.37054444721148794,3185,"['10_lag_neurTSjfm', '3_lag_traTLS', '7_lag_alpi', '1_lag_stratZ50ndj03', '22_lag_nchinaPRjja', '1_lag_pdoSSTjfm', '18_lag_atlSICjfm', '7_lag_shSICsep', '4_lag_nppc2SSTjfm', '20_lag_eurPSLjfm', '5_lag_stratZ50ndj03', '5_lag_scpPSLjfm', '16_lag_traBS', '9_lag_scpPSLjfm', '25_lag_mhfATL30', '7_lag_samPSLann', '8_lag_shSICmar', '10_lag_seurTSjfm', '24_lag_atlSICjfm', '8_lag_ormenSSTjfm', '20_lag_yrvPRjja', '1_lag_traBS', '12_lag_traEC', '1_lag_alpi', '6_lag_seurTSjfm', '6_lag_stratZ50ndj01', '1_lag_nppc2SSTjfm', '1_lag_mhfIP30', '1_lag_traIT', '1_lag_traTLS']","[0.01001571047998756, 0.0967778781521152, 0.017428828936571175, 0.05994818295110273, 0.050155614784761944, 0.01909073971718216, 0.10134405008687017, 0.014702450726187866, 0.10226283206993382, 0.054209025474888504, 0.003911732578045722, 0.008195891748817404, 0.08348001489468462, 0.04996960254704971, 0.013488612648433929, 0.05992479676557987, 0.05402070965201565, 0.09855913260597043, 0.10158735350856295, 0.12481051394592213, 0.04150863532072775, 0.04564873279816564, 0.07676692532717584, 0.17304991419696436, 0.1257831724086886, 0.1331616866199195, 0.47689326446934854, 0.24454433575156015, 0.16864123747855025, 0.1120889957008168]","10_lag_neurTSjfm, 3_lag_traTLS, 7_lag_alpi, 1_lag_stratZ50ndj03, 22_lag_nchinaPRjja, 1_lag_pdoSSTjfm, 18_lag_atlSICjfm, 7_lag_shSICsep, 4_lag_nppc2SSTjfm, 20_lag_eurPSLjfm, 5_lag_stratZ50ndj03, 5_lag_scpPSLjfm, 16_lag_traBS, 9_lag_scpPSLjfm, 25_lag_mhfATL30, 7_lag_samPSLann, 8_lag_shSICmar, 10_lag_seurTSjfm, 24_lag_atlSICjfm, 8_lag_ormenSSTjfm, 20_lag_yrvPRjja, 1_lag_traBS, 12_lag_traEC, 1_lag_alpi, 6_lag_seurTSjfm, 6_lag_stratZ50ndj01, 1_lag_nppc2SSTjfm, 1_lag_mhfIP30, 1_lag_traIT, 1_lag_traTLS_3185_1"
LinearRegression,12,30,nppc2SSTjfm,slow,1526.5,2005.5,0.6,27,1,1,13.374013830663358,0.33991874264852845,3315,"['7_lag_shSICsep', '1_lag_pdoSSTjfm', '7_lag_alpi', '9_lag_scpPSLjfm', '20_lag_eurPSLjfm', '18_lag_atlSICjfm', '10_lag_neurTSjfm', '4_lag_nppc2SSTjfm', '22_lag_nchinaPRjja', '25_lag_mhfATL30', '5_lag_stratZ50ndj03', '26_lag_scpPSLjfm', '8_lag_shSICmar', '16_lag_traBS', '8_lag_ormenSSTjfm', '7_lag_samPSLann', '12_lag_traEC', '24_lag_atlSICjfm', '26_lag_traEC', '10_lag_seurTSjfm', '20_lag_yrvPRjja', '6_lag_seurTSjfm', '1_lag_alpi', '1_lag_traBS', '26_lag_traBS', '6_lag_stratZ50ndj01', '1_lag_nppc2SSTjfm', '1_lag_mhfIP30', '1_lag_traIT', '1_lag_traTLS']","[0.00952599540968548, 0.009073877837733002, 0.019005276534970653, 0.040614201813446736, 0.050508873198899615, 0.10274074056462514, 0.00024949881719833045, 0.09847622181840415, 0.05244580184560813, 0.0030777887471003804, 0.013315071962999586, 0.061522054366126434, 0.06687617622679597, 0.07536591299221426, 0.14240934007687234, 0.06519506799939062, 0.06358314163127425, 0.10905359710248833, 0.058923612366642814, 0.10579384483357124, 0.05569314778595273, 0.119019228535392, 0.19292360169839268, 0.04904507486819054, 0.003427470089086744, 0.13814053927088163, 0.47255479902879727, 0.25174118005537743, 0.16024840459788706, 0.12816136502844772]","7_lag_shSICsep, 1_lag_pdoSSTjfm, 7_lag_alpi, 9_lag_scpPSLjfm, 20_lag_eurPSLjfm, 18_lag_atlSICjfm, 10_lag_neurTSjfm, 4_lag_nppc2SSTjfm, 22_lag_nchinaPRjja, 25_lag_mhfATL30, 5_lag_stratZ50ndj03, 26_lag_scpPSLjfm, 8_lag_shSICmar, 16_lag_traBS, 8_lag_ormenSSTjfm, 7_lag_samPSLann, 12_lag_traEC, 24_lag_atlSICjfm, 26_lag_traEC, 10_lag_seurTSjfm, 20_lag_yrvPRjja, 6_lag_seurTSjfm, 1_lag_alpi, 1_lag_traBS, 26_lag_traBS, 6_lag_stratZ50ndj01, 1_lag_nppc2SSTjfm, 1_lag_mhfIP30, 1_lag_traIT, 1_lag_traTLS_3315_1"
LinearRegression,13,30,nppc2SSTjfm,slow,1527.5,2005.5,0.6,28,1,1,12.362103301153956,0.44669597758707785,3445,"['3_lag_traTLS', '12_lag_arcTSjfm', '4_lag_nchinaPRjja', '27_lag_traIFC', '10_lag_neurTSjfm', '9_lag_scpPSLjfm', '16_lag_traBS', '27_lag_stratZ50ndj02', '25_lag_mhfATL30', '12_lag_traEC', '10_lag_seurTSjfm', '20_lag_eurPSLjfm', '6_lag_seurTSjfm', '8_lag_ormenSSTjfm', '24_lag_atlSICjfm', '4_lag_nppc2SSTjfm', '5_lag_stratZ50ndj03', '1_lag_alpi', '7_lag_samPSLann', '8_lag_shSICmar', '26_lag_traEC', '26_lag_scpPSLjfm', '26_lag_traBS', '1_lag_traBS', '20_lag_yrvPRjja', '6_lag_stratZ50ndj01', '1_lag_mhfIP30', '1_lag_nppc2SSTjfm', '1_lag_traIT', '1_lag_traTLS']","[0.08897663527735168, 0.14521758168566082, 0.02769366370850096, 0.04649152879419198, 0.004727101717874048, 0.03044206158289107, 0.06780083499644131, 0.016818942635103192, 0.02990579143225811, 0.06277882417355037, 0.08931645297386107, 0.05821531065806561, 0.09129996914624158, 0.14143760587114526, 0.1115387220070443, 0.12059316442633518, 0.002271862369434985, 0.1866412978066686, 0.080197603910167, 0.07171729862961926, 0.05291427556276353, 0.05102370954792455, 0.0016974242381776142, 0.04226555267112818, 0.03513818414339633, 0.1230272266825611, 0.25253132210362145, 0.4773954080592061, 0.16494649632073108, 0.12200882158573523]","3_lag_traTLS, 12_lag_arcTSjfm, 4_lag_nchinaPRjja, 27_lag_traIFC, 10_lag_neurTSjfm, 9_lag_scpPSLjfm, 16_lag_traBS, 27_lag_stratZ50ndj02, 25_lag_mhfATL30, 12_lag_traEC, 10_lag_seurTSjfm, 20_lag_eurPSLjfm, 6_lag_seurTSjfm, 8_lag_ormenSSTjfm, 24_lag_atlSICjfm, 4_lag_nppc2SSTjfm, 5_lag_stratZ50ndj03, 1_lag_alpi, 7_lag_samPSLann, 8_lag_shSICmar, 26_lag_traEC, 26_lag_scpPSLjfm, 26_lag_traBS, 1_lag_traBS, 20_lag_yrvPRjja, 6_lag_stratZ50ndj01, 1_lag_mhfIP30, 1_lag_nppc2SSTjfm, 1_lag_traIT, 1_lag_traTLS_3445_1"
LinearRegression,14,30,nppc2SSTjfm,slow,1528.5,2005.5,0.6,29,1,1,12.557191762676048,0.3913313316791523,3575,"['1_lag_stratZ50ndj03', '10_lag_neurTSjfm', '1_lag_traIFC', '12_lag_traEC', '27_lag_traIFC', '20_lag_eurPSLjfm', '7_lag_shSICsep', '9_lag_scpPSLjfm', '28_lag_naoPSLjfm', '8_lag_ormenSSTjfm', '25_lag_mhfATL30', '16_lag_traBS', '5_lag_stratZ50ndj03', '4_lag_nppc2SSTjfm', '6_lag_seurTSjfm', '10_lag_seurTSjfm', '24_lag_atlSICjfm', '26_lag_traEC', '1_lag_alpi', '8_lag_shSICmar', '7_lag_samPSLann', '20_lag_yrvPRjja', '26_lag_scpPSLjfm', '6_lag_stratZ50ndj01', '1_lag_traBS', '26_lag_traBS', '1_lag_nppc2SSTjfm', '1_lag_mhfIP30', '1_lag_traIT', '1_lag_traTLS']","[0.06664580360431185, 0.004541321398662396, 0.10240512973374839, 0.05280743971799686, 0.03714980049257839, 0.05513506989579503, 0.005474156602544799, 0.024977923398356076, 0.045559950511020415, 0.13138446290515543, 0.016539419789388225, 0.06964278802674691, 0.007804917099996517, 0.1336470116646738, 0.10361088720707387, 0.11665918385684926, 0.12502908561283552, 0.062315277492942564, 0.19157291967641482, 0.08296685434359492, 0.08609484132986747, 0.05835960286847109, 0.062275572367641106, 0.1402841252509706, 0.04999916023604677, 0.003722425157038696, 0.4416074463483104, 0.23933058132054785, 0.13759067100218342, 0.1271740870328988]","1_lag_stratZ50ndj03, 10_lag_neurTSjfm, 1_lag_traIFC, 12_lag_traEC, 27_lag_traIFC, 20_lag_eurPSLjfm, 7_lag_shSICsep, 9_lag_scpPSLjfm, 28_lag_naoPSLjfm, 8_lag_ormenSSTjfm, 25_lag_mhfATL30, 16_lag_traBS, 5_lag_stratZ50ndj03, 4_lag_nppc2SSTjfm, 6_lag_seurTSjfm, 10_lag_seurTSjfm, 24_lag_atlSICjfm, 26_lag_traEC, 1_lag_alpi, 8_lag_shSICmar, 7_lag_samPSLann, 20_lag_yrvPRjja, 26_lag_scpPSLjfm, 6_lag_stratZ50ndj01, 1_lag_traBS, 26_lag_traBS, 1_lag_nppc2SSTjfm, 1_lag_mhfIP30, 1_lag_traIT, 1_lag_traTLS_3575_1"
LinearRegression,15,30,nppc2SSTjfm,slow,1529.5,2005.5,0.6,30,1,1,12.847723694602216,0.3580997554027324,3705,"['10_lag_neurTSjfm', '1_lag_stratZ50ndj03', '12_lag_traEC', '22_lag_scpPSLjfm', '26_lag_traEC', '16_lag_traBS', '9_lag_scpPSLjfm', '27_lag_traIFC', '8_lag_ormenSSTjfm', '5_lag_stratZ50ndj03', '20_lag_eurPSLjfm', '25_lag_mhfATL30', '24_lag_atlSICjfm', '29_lag_yrvPRjja', '10_lag_seurTSjfm', '1_lag_alpi', '7_lag_samPSLann', '4_lag_nppc2SSTjfm', '6_lag_seurTSjfm', '7_lag_shSICsep', '8_lag_shSICmar', '20_lag_yrvPRjja', '1_lag_traBS', '26_lag_scpPSLjfm', '26_lag_traBS', '6_lag_stratZ50ndj01', '1_lag_nppc2SSTjfm', '1_lag_mhfIP30', '1_lag_traIT', '1_lag_traTLS']","[0.0017991905202988814, 0.05241915733107233, 0.0641958408854253, 0.05447791588318397, 0.04333021851314114, 0.07156233628230059, 0.033022441000331325, 0.033831240672784785, 0.1365270945471502, 0.0159528109407166, 0.049757344098965164, 0.03093573211726967, 0.12489089949873465, 0.02167682991062871, 0.102345358206107, 0.1916353251765853, 0.08869667348968109, 0.1185099885925846, 0.10701961607889222, 0.01968835989104418, 0.0682979313514317, 0.05354706271105739, 0.05804176355179051, 0.056517159673991825, 0.019098174446066554, 0.14442013169731482, 0.45359869792556134, 0.24370966439738456, 0.1381607012715305, 0.13491498879548414]","10_lag_neurTSjfm, 1_lag_stratZ50ndj03, 12_lag_traEC, 22_lag_scpPSLjfm, 26_lag_traEC, 16_lag_traBS, 9_lag_scpPSLjfm, 27_lag_traIFC, 8_lag_ormenSSTjfm, 5_lag_stratZ50ndj03, 20_lag_eurPSLjfm, 25_lag_mhfATL30, 24_lag_atlSICjfm, 29_lag_yrvPRjja, 10_lag_seurTSjfm, 1_lag_alpi, 7_lag_samPSLann, 4_lag_nppc2SSTjfm, 6_lag_seurTSjfm, 7_lag_shSICsep, 8_lag_shSICmar, 20_lag_yrvPRjja, 1_lag_traBS, 26_lag_scpPSLjfm, 26_lag_traBS, 6_lag_stratZ50ndj01, 1_lag_nppc2SSTjfm, 1_lag_mhfIP30, 1_lag_traIT, 1_lag_traTLS_3705_1"
LinearRegression,16,30,nppc2SSTjfm,slow,1530.5,2005.5,0.6,31,1,1,13.101307752298634,0.3345565329773441,3835,"['12_lag_traEC', '10_lag_seurTSjfm', '29_lag_yrvPRjja', '22_lag_scpPSLjfm', '25_lag_mhfATL30', '28_lag_ismPRjja', '9_lag_scpPSLjfm', '16_lag_traBS', '30_lag_eurPSLjfm', '20_lag_eurPSLjfm', '1_lag_alpi', '5_lag_stratZ50ndj03', '24_lag_atlSICjfm', '27_lag_traIFC', '4_lag_nppc2SSTjfm', '7_lag_shSICsep', '6_lag_seurTSjfm', '7_lag_samPSLann', '20_lag_yrvPRjja', '8_lag_shSICmar', '1_lag_traBS', '26_lag_scpPSLjfm', '6_lag_stratZ50ndj01', '26_lag_traBS', '30_lag_stratZ50ndj03', '1_lag_mhfIP30', '30_lag_traBS', '1_lag_nppc2SSTjfm', '1_lag_traIT', '1_lag_traTLS']","[0.06594511834804669, 0.1240745926223743, 0.011109008464350693, 0.056055790627677834, 0.02390414943434253, 0.07525874229720554, 0.05102103074574345, 0.06876727713842837, 0.028958099019787686, 0.04284372150009322, 0.17666589139809566, 0.030815163261929596, 0.10194995749139743, 0.045626372074514594, 0.11920095954806174, 0.005825985831360373, 0.09816512224554062, 0.07473496992351367, 0.04674218559802443, 0.083724628538922, 0.03380054673798445, 0.052658129012333146, 0.11332468198071712, 0.011427902080770005, 0.046233697584395536, 0.23991063754660083, 0.08873889175867758, 0.4701787139525564, 0.15655948846201045, 0.13988673812197988]","12_lag_traEC, 10_lag_seurTSjfm, 29_lag_yrvPRjja, 22_lag_scpPSLjfm, 25_lag_mhfATL30, 28_lag_ismPRjja, 9_lag_scpPSLjfm, 16_lag_traBS, 30_lag_eurPSLjfm, 20_lag_eurPSLjfm, 1_lag_alpi, 5_lag_stratZ50ndj03, 24_lag_atlSICjfm, 27_lag_traIFC, 4_lag_nppc2SSTjfm, 7_lag_shSICsep, 6_lag_seurTSjfm, 7_lag_samPSLann, 20_lag_yrvPRjja, 8_lag_shSICmar, 1_lag_traBS, 26_lag_scpPSLjfm, 6_lag_stratZ50ndj01, 26_lag_traBS, 30_lag_stratZ50ndj03, 1_lag_mhfIP30, 30_lag_traBS, 1_lag_nppc2SSTjfm, 1_lag_traIT, 1_lag_traTLS_3835_1"
LinearRegression,17,30,nppc2SSTjfm,slow,1531.5,2005.5,0.6,32,2,2,15.207651105531266,0.017694208629337675,3835,"['4_lag_nppc2SSTjfm', '22_lag_traFSC', '5_lag_stratZ50ndj03', '22_lag_nchinaPRjja', '10_lag_yrvPRjja', '7_lag_shSICsep', '2_lag_mhfATL30', '12_lag_arcTSjfm', '22_lag_scpPSLjfm', '16_lag_traBS', '12_lag_stratZ50ndj01', '5_lag_scpPSLjfm', '10_lag_neurTSjfm', '20_lag_eurPSLjfm', '31_lag_traBS', '29_lag_yrvPRjja', '25_lag_mhfATL30', '7_lag_samPSLann', '8_lag_shSICmar', '24_lag_atlSICjfm', '27_lag_traIFC', '26_lag_traBS', '9_lag_scpPSLjfm', '6_lag_seurTSjfm', '30_lag_eurPSLjfm', '6_lag_stratZ50ndj01', '20_lag_yrvPRjja', '26_lag_scpPSLjfm', '30_lag_stratZ50ndj03', '30_lag_traBS']","[0.1331002924042807, 0.13288093087549374, 0.005536665795327309, 0.0626334201688837, 0.05398095412538117, 0.04282292582352259, 0.16790269923826548, 0.1418470250128485, 0.038523914611181, 0.032978493990295246, 0.065666363696542, 0.044991443478152884, 0.08929056989582665, 0.09748574054435878, 0.0175032658004041, 0.0749289149243877, 0.013914561953343398, 0.12014867965387542, 0.09167608031388397, 0.21661546532605502, 0.058326679662126416, 0.03140375123782848, 0.04925102331367577, 0.13993933101855102, 0.08327116740436584, 0.09971491932051779, 0.10957418673953885, 0.0752057493132401, 0.09529923016542485, 0.06969976446376902]","4_lag_nppc2SSTjfm, 22_lag_traFSC, 5_lag_stratZ50ndj03, 22_lag_nchinaPRjja, 10_lag_yrvPRjja, 7_lag_shSICsep, 2_lag_mhfATL30, 12_lag_arcTSjfm, 22_lag_scpPSLjfm, 16_lag_traBS, 12_lag_stratZ50ndj01, 5_lag_scpPSLjfm, 10_lag_neurTSjfm, 20_lag_eurPSLjfm, 31_lag_traBS, 29_lag_yrvPRjja, 25_lag_mhfATL30, 7_lag_samPSLann, 8_lag_shSICmar, 24_lag_atlSICjfm, 27_lag_traIFC, 26_lag_traBS, 9_lag_scpPSLjfm, 6_lag_seurTSjfm, 30_lag_eurPSLjfm, 6_lag_stratZ50ndj01, 20_lag_yrvPRjja, 26_lag_scpPSLjfm, 30_lag_stratZ50ndj03, 30_lag_traBS_3835_2"
LinearRegression,18,30,nppc2SSTjfm,slow,1532.5,2005.5,0.6,33,3,3,14.349979866985876,0.04984599705591508,3835,"['22_lag_traFSC', '22_lag_scpPSLjfm', '3_lag_4_median_nppc2SSTjfm', '4_lag_nppc2SSTjfm', '12_lag_arcTSjfm', '20_lag_eurPSLjfm', '5_lag_scpPSLjfm', '8_lag_seurTSjfm', '16_lag_traBS', '3_lag_traEC', '26_lag_alpi', '8_lag_shSICmar', '7_lag_shSICsep', '22_lag_nchinaPRjja', '3_lag_traTLS', '12_lag_stratZ50ndj01', '24_lag_atlSICjfm', '26_lag_traBS', '30_lag_eurPSLjfm', '7_lag_samPSLann', '27_lag_traIFC', '25_lag_mhfATL30', '6_lag_seurTSjfm', '9_lag_scpPSLjfm', '20_lag_yrvPRjja', '6_lag_stratZ50ndj01', '31_lag_traBS', '26_lag_scpPSLjfm', '30_lag_traBS', '30_lag_stratZ50ndj03']","[0.16018968516796991, 0.03794116512576731, 5302012027521.537, 5302012027521.637, 0.13524554014241766, 0.11058202976940365, 0.0244328615293736, 0.15651507507125878, 0.08262053590954652, 0.11335637716971471, 0.0643568664616783, 0.06937754973542072, 0.043779145960558, 0.05177763448144873, 0.04778308697596985, 0.10679828053842612, 0.17849039795577054, 0.04008760243036219, 0.05060345704193341, 0.09660606024033137, 0.09253528607355287, 0.01622194124037976, 0.11227004727113672, 0.07156848728034829, 0.10799498114073026, 0.135200481850469, 0.020331402274265113, 0.11285049621386134, 0.13467938581711564, 0.10241655651832127]","22_lag_traFSC, 22_lag_scpPSLjfm, 3_lag_4_median_nppc2SSTjfm, 4_lag_nppc2SSTjfm, 12_lag_arcTSjfm, 20_lag_eurPSLjfm, 5_lag_scpPSLjfm, 8_lag_seurTSjfm, 16_lag_traBS, 3_lag_traEC, 26_lag_alpi, 8_lag_shSICmar, 7_lag_shSICsep, 22_lag_nchinaPRjja, 3_lag_traTLS, 12_lag_stratZ50ndj01, 24_lag_atlSICjfm, 26_lag_traBS, 30_lag_eurPSLjfm, 7_lag_samPSLann, 27_lag_traIFC, 25_lag_mhfATL30, 6_lag_seurTSjfm, 9_lag_scpPSLjfm, 20_lag_yrvPRjja, 6_lag_stratZ50ndj01, 31_lag_traBS, 26_lag_scpPSLjfm, 30_lag_traBS, 30_lag_stratZ50ndj03_3835_3"
LinearRegression,19,30,nppc2SSTjfm,slow,1533.5,2005.5,0.6,34,4,4,13.717572497228385,0.17135231229566494,3835,"['33_lag_neurTSjfm', '10_lag_seurTSjfm', '20_lag_eurPSLjfm', '8_lag_shSICmar', '22_lag_traFSC', '22_lag_scpPSLjfm', '22_lag_nchinaPRjja', '12_lag_stratZ50ndj01', '26_lag_alpi', '8_lag_seurTSjfm', '27_lag_traIFC', '7_lag_shSICsep', '22_lag_stratZ50ndj03', '26_lag_traBS', '33_lag_traMC', '4_lag_nppc2SSTjfm', '7_lag_samPSLann', '10_lag_shSICsep', '31_lag_traBS', '8_lag_stratZ50ndj03', '24_lag_atlSICjfm', '30_lag_eurPSLjfm', '6_lag_seurTSjfm', '6_lag_stratZ50ndj01', '20_lag_yrvPRjja', '25_lag_mhfATL30', '30_lag_traBS', '9_lag_scpPSLjfm', '30_lag_stratZ50ndj03', '26_lag_scpPSLjfm']","[0.06619036851142585, 0.1801631908277696, 0.10635206732756965, 0.09611072392171664, 0.1637430466970558, 0.04688074809242356, 0.07484748271904236, 0.059463053724510405, 0.06154162517687513, 0.15069816713080594, 0.060025016249014636, 0.04864349483405064, 0.034134362727738524, 0.03923703162699155, 0.111101243253138, 0.07435901693955392, 0.09288255004015032, 0.12411099140227895, 0.012455984621732943, 0.06573474584903134, 0.19563003790885314, 0.05252135868890653, 0.11658746115765861, 0.14030404699835106, 0.14885988601710154, 0.004619728361518426, 0.11549872492835625, 0.08448578639627145, 0.11841612669534848, 0.13741883170392188]","33_lag_neurTSjfm, 10_lag_seurTSjfm, 20_lag_eurPSLjfm, 8_lag_shSICmar, 22_lag_traFSC, 22_lag_scpPSLjfm, 22_lag_nchinaPRjja, 12_lag_stratZ50ndj01, 26_lag_alpi, 8_lag_seurTSjfm, 27_lag_traIFC, 7_lag_shSICsep, 22_lag_stratZ50ndj03, 26_lag_traBS, 33_lag_traMC, 4_lag_nppc2SSTjfm, 7_lag_samPSLann, 10_lag_shSICsep, 31_lag_traBS, 8_lag_stratZ50ndj03, 24_lag_atlSICjfm, 30_lag_eurPSLjfm, 6_lag_seurTSjfm, 6_lag_stratZ50ndj01, 20_lag_yrvPRjja, 25_lag_mhfATL30, 30_lag_traBS, 9_lag_scpPSLjfm, 30_lag_stratZ50ndj03, 26_lag_scpPSLjfm_3835_4"
LinearRegression,20,30,nppc2SSTjfm,slow,1534.5,2005.5,0.6,35,5,5,14.860350457969718,0.04888790017788584,3835,"['10_lag_shSICsep', '7_lag_shSICsep', '34_lag_eapPSLjfm', '22_lag_scpPSLjfm', '10_lag_seurTSjfm', '22_lag_nchinaPRjja', '26_lag_traEU', '5_lag_6_median_seurTSjfm', '6_lag_seurTSjfm', '8_lag_shSICmar', '25_lag_mhfATL30', '10_lag_yrvPRjja', '22_lag_traFSC', '33_lag_traMC', '20_lag_eurPSLjfm', '30_lag_eurPSLjfm', '12_lag_shSICmar', '27_lag_traIFC', '16_lag_traBS', '26_lag_traBS', '27_lag_traFSC', '12_lag_stratZ50ndj01', '8_lag_stratZ50ndj03', '22_lag_stratZ50ndj03', '24_lag_atlSICjfm', '20_lag_yrvPRjja', '30_lag_stratZ50ndj03', '9_lag_scpPSLjfm', '26_lag_scpPSLjfm', '30_lag_traBS']","[0.13130223996798526, 0.04040412949192547, 0.08310127837297603, 0.045262224931488716, 0.17225189752100015, 0.05461291596834232, 0.06486603273755998, 8916523311906.154, 8916523311906.273, 0.12766196311552494, 0.027889186464711897, 0.06958451158729227, 0.15279156982863779, 0.10415032287390492, 0.059493963413723254, 0.10083422111839839, 0.028803039219129967, 0.07703304632267269, 0.06905740349469788, 0.04397563348063015, 0.08169939965561175, 0.027839838860320765, 0.0702443389476268, 0.06782997777445243, 0.18111339098666215, 0.1406007306208907, 0.11417433390999383, 0.11068463854996179, 0.09070566176907459, 0.12418382352754025]","10_lag_shSICsep, 7_lag_shSICsep, 34_lag_eapPSLjfm, 22_lag_scpPSLjfm, 10_lag_seurTSjfm, 22_lag_nchinaPRjja, 26_lag_traEU, 5_lag_6_median_seurTSjfm, 6_lag_seurTSjfm, 8_lag_shSICmar, 25_lag_mhfATL30, 10_lag_yrvPRjja, 22_lag_traFSC, 33_lag_traMC, 20_lag_eurPSLjfm, 30_lag_eurPSLjfm, 12_lag_shSICmar, 27_lag_traIFC, 16_lag_traBS, 26_lag_traBS, 27_lag_traFSC, 12_lag_stratZ50ndj01, 8_lag_stratZ50ndj03, 22_lag_stratZ50ndj03, 24_lag_atlSICjfm, 20_lag_yrvPRjja, 30_lag_stratZ50ndj03, 9_lag_scpPSLjfm, 26_lag_scpPSLjfm, 30_lag_traBS_3835_5"
LinearRegression,21,30,nppc2SSTjfm,slow,1535.5,2005.5,0.6,36,6,6,15.318805797373557,-0.039899732811925305,3835,"['30_lag_eurPSLjfm', '10_lag_yrvPRjja', '22_lag_traTLS', '10_lag_neurTSjfm', '27_lag_traIFC', '8_lag_stratZ50ndj03', '27_lag_yrvPRjja', '26_lag_traEU', '10_lag_seurTSjfm', '35_lag_ormenSSTjfm', '12_lag_stratZ50ndj01', '6_lag_scpPSLjfm', '27_lag_traFSC', '22_lag_traFSC', '35_lag_shSICsep', '16_lag_traBS', '12_lag_shSICmar', '22_lag_nchinaPRjja', '6_lag_traEU', '35_lag_stratZ50ndj03', '24_lag_atlSICjfm', '22_lag_stratZ50ndj03', '26_lag_traBS', '6_lag_stratZ50ndj01', '9_lag_scpPSLjfm', '6_lag_seurTSjfm', '20_lag_yrvPRjja', '30_lag_stratZ50ndj03', '26_lag_scpPSLjfm', '30_lag_traBS']","[0.1065060981834199, 0.0899833520590713, 0.036251295463158764, 0.0039833491675077895, 0.07937174641461119, 0.07658670808195886, 0.09554425779022345, 0.04116996834730347, 0.13628194461957474, 0.0702997203572351, 0.04136186659562901, 0.06710796889080684, 0.0546028643907459, 0.17813700406462155, 0.07140768313812343, 0.1053974883725762, 0.0447026952371823, 0.03214000737342658, 0.07724870363082859, 0.08333624039042205, 0.16293125165817227, 0.056383919886832785, 0.029485259446592093, 0.11075751530791306, 0.09247762642290486, 0.1278614301518055, 0.13368747073051804, 0.10696736245102, 0.11438028271269339, 0.13786084022531606]","30_lag_eurPSLjfm, 10_lag_yrvPRjja, 22_lag_traTLS, 10_lag_neurTSjfm, 27_lag_traIFC, 8_lag_stratZ50ndj03, 27_lag_yrvPRjja, 26_lag_traEU, 10_lag_seurTSjfm, 35_lag_ormenSSTjfm, 12_lag_stratZ50ndj01, 6_lag_scpPSLjfm, 27_lag_traFSC, 22_lag_traFSC, 35_lag_shSICsep, 16_lag_traBS, 12_lag_shSICmar, 22_lag_nchinaPRjja, 6_lag_traEU, 35_lag_stratZ50ndj03, 24_lag_atlSICjfm, 22_lag_stratZ50ndj03, 26_lag_traBS, 6_lag_stratZ50ndj01, 9_lag_scpPSLjfm, 6_lag_seurTSjfm, 20_lag_yrvPRjja, 30_lag_stratZ50ndj03, 26_lag_scpPSLjfm, 30_lag_traBS_3835_6"
LinearRegression,22,30,nppc2SSTjfm,slow,1536.5,2005.5,0.6,37,7,9,14.371476288694785,0.11441559957602786,3835,"['25_lag_mhfATL30', '26_lag_alpi', '25_lag_nchinaPRjja', '18_lag_ismPRjja', '24_lag_atlSICjfm', '22_lag_traIT', '10_lag_seurTSjfm', '24_lag_shSICsep', '33_lag_nppc2SSTjfm', '22_lag_traFSC', '33_lag_nchinaPRjja', '27_lag_yrvPRjja', '24_lag_traEC', '22_lag_stratZ50ndj03', '10_lag_yrvPRjja', '15_lag_yrvPRjja', '28_lag_stratZ50ndj01', '36_lag_eapPSLjfm', '35_lag_stratZ50ndj03', '22_lag_nchinaPRjja', '22_lag_traTLS', '29_lag_yrvPRjja', '12_lag_stratZ50ndj01', '35_lag_shSICsep', '26_lag_traBS', '20_lag_yrvPRjja', '9_lag_scpPSLjfm', '30_lag_stratZ50ndj03', '26_lag_scpPSLjfm', '30_lag_traBS']","[0.008893043938890191, 0.06679215858656504, 0.009926968035045326, 0.030843416551098967, 0.16236066022322404, 0.0025684774977542593, 0.16274993167028975, 0.040053529979245, 0.10742841415798908, 0.18208466061811457, 0.050005950739786635, 0.11873779850514783, 0.05608167346863851, 0.0569139201999331, 0.08021936838183018, 0.08287311190304125, 0.06904262981373697, 0.050007645101316604, 0.09471430184018431, 0.022194568953902604, 0.0672744478540041, 0.03311629586247484, 0.0840843420105402, 0.07311198934957905, 0.03771658092209133, 0.11816290680342584, 0.10358192132159424, 0.11565375052354393, 0.12303096784543242, 0.13942533666564816]","25_lag_mhfATL30, 26_lag_alpi, 25_lag_nchinaPRjja, 18_lag_ismPRjja, 24_lag_atlSICjfm, 22_lag_traIT, 10_lag_seurTSjfm, 24_lag_shSICsep, 33_lag_nppc2SSTjfm, 22_lag_traFSC, 33_lag_nchinaPRjja, 27_lag_yrvPRjja, 24_lag_traEC, 22_lag_stratZ50ndj03, 10_lag_yrvPRjja, 15_lag_yrvPRjja, 28_lag_stratZ50ndj01, 36_lag_eapPSLjfm, 35_lag_stratZ50ndj03, 22_lag_nchinaPRjja, 22_lag_traTLS, 29_lag_yrvPRjja, 12_lag_stratZ50ndj01, 35_lag_shSICsep, 26_lag_traBS, 20_lag_yrvPRjja, 9_lag_scpPSLjfm, 30_lag_stratZ50ndj03, 26_lag_scpPSLjfm, 30_lag_traBS_3835_9"
LinearRegression,23,30,nppc2SSTjfm,slow,1537.5,2005.5,0.6,38,8,8,14.024268190618498,0.09528236416203859,3835,"['33_lag_nppc2SSTjfm', '8_lag_scpPSLjfm', '13_lag_naoPSLjfm', '22_lag_traIT', '18_lag_ismPRjja', '16_lag_traBS', '12_lag_shSICmar', '31_lag_traBS', '15_lag_yrvPRjja', '30_lag_eurPSLjfm', '20_lag_yrvPRjja', '35_lag_shSICsep', '28_lag_stratZ50ndj01', '35_lag_stratZ50ndj03', '36_lag_eapPSLjfm', '25_lag_mhfATL30', '8_lag_9_median_scpPSLjfm', '22_lag_traFSC', '22_lag_nchinaPRjja', '26_lag_traBS', '9_lag_scpPSLjfm', '22_lag_stratZ50ndj03', '29_lag_yrvPRjja', '22_lag_traTLS', '8_lag_stratZ50ndj03', '30_lag_stratZ50ndj03', '12_lag_stratZ50ndj01', '8_lag_shSICmar', '30_lag_traBS', '26_lag_scpPSLjfm']","[0.14537362820034436, 0.04806400849113502, 0.04484407418073905, 0.01700763032866801, 0.0574944716930111, 0.07903668705436398, 0.06582318137199683, 0.07828790062697866, 0.07866390378009017, 0.08354667180085672, 0.08570519223839614, 0.10162092893532226, 0.059558093905021287, 0.09918304134541567, 0.047734058380170315, 0.03686732878727542, 6409668894188.288, 0.08274364493894185, 0.02680401067533089, 0.036453031215629, 6409668894188.216, 0.02852167751031502, 0.05200812008184838, 0.050048240287366444, 0.06114908974661355, 0.09831821479809554, 0.08121562640852784, 0.1492133143612853, 0.13731009366100946, 0.12022274181071993]","33_lag_nppc2SSTjfm, 8_lag_scpPSLjfm, 13_lag_naoPSLjfm, 22_lag_traIT, 18_lag_ismPRjja, 16_lag_traBS, 12_lag_shSICmar, 31_lag_traBS, 15_lag_yrvPRjja, 30_lag_eurPSLjfm, 20_lag_yrvPRjja, 35_lag_shSICsep, 28_lag_stratZ50ndj01, 35_lag_stratZ50ndj03, 36_lag_eapPSLjfm, 25_lag_mhfATL30, 8_lag_9_median_scpPSLjfm, 22_lag_traFSC, 22_lag_nchinaPRjja, 26_lag_traBS, 9_lag_scpPSLjfm, 22_lag_stratZ50ndj03, 29_lag_yrvPRjja, 22_lag_traTLS, 8_lag_stratZ50ndj03, 30_lag_stratZ50ndj03, 12_lag_stratZ50ndj01, 8_lag_shSICmar, 30_lag_traBS, 26_lag_scpPSLjfm_3835_8"
LinearRegression,24,30,nppc2SSTjfm,slow,1538.5,2005.5,0.6,39,9,9,12.926680036004708,0.28003702041648465,3835,"['29_lag_yrvPRjja', '31_lag_traIFC', '12_lag_arcTSjfm', '23_lag_stratZ50ndj03', '12_lag_shSICmar', '36_lag_traBO', '13_lag_naoPSLjfm', '24_lag_traIT', '16_lag_traBS', '36_lag_scpPSLjfm', '18_lag_ismPRjja', '20_lag_yrvPRjja', '35_lag_shSICsep', '28_lag_stratZ50ndj01', '30_lag_eurPSLjfm', '31_lag_traBS', '26_lag_traBS', '15_lag_yrvPRjja', '36_lag_eapPSLjfm', '22_lag_traTLS', '25_lag_mhfATL30', '22_lag_nchinaPRjja', '12_lag_stratZ50ndj01', '30_lag_stratZ50ndj03', '35_lag_stratZ50ndj03', '22_lag_stratZ50ndj03', '9_lag_scpPSLjfm', '22_lag_traFSC', '30_lag_traBS', '26_lag_scpPSLjfm']","[0.08793334622056291, 0.07801338936231747, 0.18318133394978464, 0.05852001633656879, 0.00474552450194033, 0.11106191232646792, 0.05340016533260232, 0.09214276212733942, 0.07873154463757824, 0.12346148923552804, 0.05034932485660379, 0.08191734743422663, 0.10011658230135215, 0.11000175253384686, 0.0955140024494308, 0.0717108544513637, 0.05209625135819105, 0.07568290598824463, 0.04333195685894464, 0.03362214247706998, 0.04439316220031157, 0.014480484725648637, 0.09383545487491439, 0.10152041667825146, 0.14964736922036753, 0.021331649840107835, 0.056986261093633056, 0.09152348255456569, 0.14535742039773272, 0.10063210801921894]","29_lag_yrvPRjja, 31_lag_traIFC, 12_lag_arcTSjfm, 23_lag_stratZ50ndj03, 12_lag_shSICmar, 36_lag_traBO, 13_lag_naoPSLjfm, 24_lag_traIT, 16_lag_traBS, 36_lag_scpPSLjfm, 18_lag_ismPRjja, 20_lag_yrvPRjja, 35_lag_shSICsep, 28_lag_stratZ50ndj01, 30_lag_eurPSLjfm, 31_lag_traBS, 26_lag_traBS, 15_lag_yrvPRjja, 36_lag_eapPSLjfm, 22_lag_traTLS, 25_lag_mhfATL30, 22_lag_nchinaPRjja, 12_lag_stratZ50ndj01, 30_lag_stratZ50ndj03, 35_lag_stratZ50ndj03, 22_lag_stratZ50ndj03, 9_lag_scpPSLjfm, 22_lag_traFSC, 30_lag_traBS, 26_lag_scpPSLjfm_3835_9"
LinearRegression,25,30,nppc2SSTjfm,slow,1539.5,2005.5,0.6,40,10,10,11.84602215452517,0.3944650774828677,3835,"['36_lag_scpPSLjfm', '20_lag_eurPSLjfm', '24_lag_traEC', '27_lag_traFSC', '10_lag_seurTSjfm', '31_lag_traBS', '17_lag_traEC', '12_lag_arcTSjfm', '39_lag_traMC', '12_lag_shSICmar', '18_lag_ismPRjja', '21_lag_traWP', '35_lag_shSICsep', '26_lag_traBS', '22_lag_traTLS', '10_lag_amoSSTmjjaso', '25_lag_mhfATL30', '23_lag_stratZ50ndj03', '22_lag_nchinaPRjja', '15_lag_yrvPRjja', '28_lag_stratZ50ndj01', '22_lag_stratZ50ndj03', '30_lag_stratZ50ndj03', '30_lag_eurPSLjfm', '36_lag_eapPSLjfm', '20_lag_yrvPRjja', '22_lag_traFSC', '35_lag_stratZ50ndj03', '30_lag_traBS', '26_lag_scpPSLjfm']","[0.12020710691644586, 0.06270657195878074, 0.09485526201882286, 0.05149887474218786, 0.1567688131338492, 0.08580798938060509, 0.1276620908425785, 0.17076161957806388, 0.14081123814202653, 0.051724776127544524, 0.04457188842280643, 0.12023497505100018, 0.08182376235908044, 0.07147667760982941, 0.04988992471443097, 0.22698497658750838, 0.051801684369679836, 0.07601164713015413, 0.03231048028321608, 0.05509217454116026, 0.11815890931176697, 0.06066740630280394, 0.09735955417686128, 0.07918092464792939, 0.10119209552333931, 0.08946665769374139, 0.10015251552420582, 0.09964069529232687, 0.10768312966521645, 0.11051436386085453]","36_lag_scpPSLjfm, 20_lag_eurPSLjfm, 24_lag_traEC, 27_lag_traFSC, 10_lag_seurTSjfm, 31_lag_traBS, 17_lag_traEC, 12_lag_arcTSjfm, 39_lag_traMC, 12_lag_shSICmar, 18_lag_ismPRjja, 21_lag_traWP, 35_lag_shSICsep, 26_lag_traBS, 22_lag_traTLS, 10_lag_amoSSTmjjaso, 25_lag_mhfATL30, 23_lag_stratZ50ndj03, 22_lag_nchinaPRjja, 15_lag_yrvPRjja, 28_lag_stratZ50ndj01, 22_lag_stratZ50ndj03, 30_lag_stratZ50ndj03, 30_lag_eurPSLjfm, 36_lag_eapPSLjfm, 20_lag_yrvPRjja, 22_lag_traFSC, 35_lag_stratZ50ndj03, 30_lag_traBS, 26_lag_scpPSLjfm_3835_10"
LinearRegression,26,30,nppc2SSTjfm,slow,1540.5,2005.5,0.6,41,11,15,15.394919673673083,0.10213820467298919,3835,"['17_lag_traEC', '22_lag_nchinaPRjja', '31_lag_traEU', '21_lag_yrvPRjja', '40_lag_nchinaPRjja', '40_lag_traMC', '31_lag_traIFC', '18_lag_atlSICjfm', '22_lag_scpPSLjfm', '26_lag_traBS', '18_lag_ismPRjja', '25_lag_mhfATL30', '35_lag_shSICsep', '30_lag_eurPSLjfm', '24_lag_traEC', '36_lag_eapPSLjfm', '27_lag_traFSC', '39_lag_traMC', '40_lag_stratZ50ndj01', '21_lag_traWP', '22_lag_traTLS', '20_lag_yrvPRjja', '30_lag_stratZ50ndj03', '15_lag_yrvPRjja', '23_lag_stratZ50ndj03', '28_lag_stratZ50ndj01', '22_lag_traFSC', '30_lag_traBS', '35_lag_stratZ50ndj03', '26_lag_scpPSLjfm']","[0.1267902780419449, 0.04382792752930413, 0.02610689876436937, 0.08616548748391076, 0.0626738751214693, 0.12988930861593295, 0.1551974524702131, 0.14540376299641242, 0.04986453270380561, 0.05692660382361648, 0.03976466859966736, 0.013525137573521983, 0.07583117161951938, 0.05019503784003884, 0.10137968590913908, 0.06605180163564732, 0.11566456427274854, 0.20051740257850384, 0.09023993185177447, 0.14001389705159548, 0.04021898776840402, 0.07848254971918772, 0.11273910929425243, 0.049467098263166025, 0.07497385494682658, 0.09977246970367705, 0.08771043913766147, 0.08944838292178119, 0.11314033750537497, 0.10182734849145714]","17_lag_traEC, 22_lag_nchinaPRjja, 31_lag_traEU, 21_lag_yrvPRjja, 40_lag_nchinaPRjja, 40_lag_traMC, 31_lag_traIFC, 18_lag_atlSICjfm, 22_lag_scpPSLjfm, 26_lag_traBS, 18_lag_ismPRjja, 25_lag_mhfATL30, 35_lag_shSICsep, 30_lag_eurPSLjfm, 24_lag_traEC, 36_lag_eapPSLjfm, 27_lag_traFSC, 39_lag_traMC, 40_lag_stratZ50ndj01, 21_lag_traWP, 22_lag_traTLS, 20_lag_yrvPRjja, 30_lag_stratZ50ndj03, 15_lag_yrvPRjja, 23_lag_stratZ50ndj03, 28_lag_stratZ50ndj01, 22_lag_traFSC, 30_lag_traBS, 35_lag_stratZ50ndj03, 26_lag_scpPSLjfm_3835_15"
LinearRegression,27,30,nppc2SSTjfm,slow,1541.5,2005.5,0.6,42,12,12,13.618698575502172,0.2497849180954289,3835,"['22_lag_traIT', '36_lag_traBO', '22_lag_stratZ50ndj03', '31_lag_traIFC', '12_lag_arcTSjfm', '30_lag_eurPSLjfm', '33_lag_nppc2SSTjfm', '24_lag_traIT', '21_lag_traWP', '41_lag_shSICsep', '33_lag_nchinaPRjja', '30_lag_stratZ50ndj03', '20_lag_yrvPRjja', '27_lag_traFSC', '25_lag_mhfATL30', '24_lag_traEC', '15_lag_yrvPRjja', '40_lag_stratZ50ndj01', '28_lag_stratZ50ndj01', '39_lag_traMC', '26_lag_traBS', '22_lag_traTLS', '35_lag_shSICsep', '12_lag_shSICmar', '36_lag_eapPSLjfm', '23_lag_stratZ50ndj03', '35_lag_stratZ50ndj03', '22_lag_traFSC', '26_lag_scpPSLjfm', '30_lag_traBS']","[0.008003624316254171, 0.1260192688251348, 0.03651089863720115, 0.0874056539067665, 0.19826505067394679, 0.08398802792277038, 0.12068270338095813, 0.10250780956857623, 0.1420726102914861, 0.06981717222861245, 0.05384675642212033, 0.10638023586173899, 0.08489181425607864, 0.090100542919314, 0.01421044180476821, 0.10395491605487575, 0.03103483730257399, 0.1175977632932506, 0.09523781449779516, 0.18087401206874948, 0.05401487134961772, 0.0441240856963625, 0.12441829608654534, 0.028377528563945167, 0.027083847579523052, 0.09785479865950837, 0.12428398472435945, 0.1000519958353079, 0.10678767811845889, 0.11702813929213074]","22_lag_traIT, 36_lag_traBO, 22_lag_stratZ50ndj03, 31_lag_traIFC, 12_lag_arcTSjfm, 30_lag_eurPSLjfm, 33_lag_nppc2SSTjfm, 24_lag_traIT, 21_lag_traWP, 41_lag_shSICsep, 33_lag_nchinaPRjja, 30_lag_stratZ50ndj03, 20_lag_yrvPRjja, 27_lag_traFSC, 25_lag_mhfATL30, 24_lag_traEC, 15_lag_yrvPRjja, 40_lag_stratZ50ndj01, 28_lag_stratZ50ndj01, 39_lag_traMC, 26_lag_traBS, 22_lag_traTLS, 35_lag_shSICsep, 12_lag_shSICmar, 36_lag_eapPSLjfm, 23_lag_stratZ50ndj03, 35_lag_stratZ50ndj03, 22_lag_traFSC, 26_lag_scpPSLjfm, 30_lag_traBS_3835_12"
LinearRegression,28,30,nppc2SSTjfm,slow,1542.5,2005.5,0.6,43,13,15,16.228202887728557,-0.045719762984501776,3835,"['33_lag_nppc2SSTjfm', '33_lag_nchinaPRjja', '16_lag_traBS', '20_lag_traWP', '40_lag_traMC', '31_lag_nchinaPRjja', '40_lag_neurTSjfm', '30_lag_atlSICjfm', '36_lag_traBO', '35_lag_stratZ50ndj03', '15_lag_yrvPRjja', '24_lag_traEC', '25_lag_mhfATL30', '24_lag_traIT', '30_lag_eurPSLjfm', '30_lag_stratZ50ndj03', '20_lag_yrvPRjja', '21_lag_traWP', '22_lag_traIT', '40_lag_stratZ50ndj01', '23_lag_stratZ50ndj03', '36_lag_eapPSLjfm', '35_lag_shSICsep', '26_lag_traBS', '22_lag_traTLS', '41_lag_shSICsep', '26_lag_scpPSLjfm', '39_lag_traMC', '22_lag_traFSC', '30_lag_traBS']","[0.1492819434829704, 0.0738943929546734, 0.1061607047809746, 0.05944349871105023, 0.13307111708615163, 0.04908850493304862, 0.09693471433672429, 0.058194142255923016, 0.19412263407346994, 0.09970377836796913, 0.05262064527063314, 0.10713893351904902, 0.07363743095893323, 0.11823788022649533, 0.0905638088598773, 0.11040482687740366, 0.12211960890715544, 0.09117316986225928, 0.0017038956272743893, 0.06699012932018832, 0.0949471601491307, 0.04033060569590286, 0.09339334765576712, 0.05349420187745064, 0.062471696500825756, 0.04265915819773036, 0.12970703510976583, 0.18933076459902495, 0.1168879703744011, 0.10058895886295104]","33_lag_nppc2SSTjfm, 33_lag_nchinaPRjja, 16_lag_traBS, 20_lag_traWP, 40_lag_traMC, 31_lag_nchinaPRjja, 40_lag_neurTSjfm, 30_lag_atlSICjfm, 36_lag_traBO, 35_lag_stratZ50ndj03, 15_lag_yrvPRjja, 24_lag_traEC, 25_lag_mhfATL30, 24_lag_traIT, 30_lag_eurPSLjfm, 30_lag_stratZ50ndj03, 20_lag_yrvPRjja, 21_lag_traWP, 22_lag_traIT, 40_lag_stratZ50ndj01, 23_lag_stratZ50ndj03, 36_lag_eapPSLjfm, 35_lag_shSICsep, 26_lag_traBS, 22_lag_traTLS, 41_lag_shSICsep, 26_lag_scpPSLjfm, 39_lag_traMC, 22_lag_traFSC, 30_lag_traBS_3835_15"
LinearRegression,29,30,nppc2SSTjfm,slow,1543.5,2005.5,0.6,44,14,14,15.854855037913714,-0.07205657054346526,3835,"['17_lag_mhfIP30', '26_lag_traEU', '30_lag_atlSICjfm', '15_lag_yrvPRjja', '14_lag_15_median_yrvPRjja', '20_lag_yrvPRjja', '36_lag_scpPSLjfm', '37_lag_traBS', '33_lag_nchinaPRjja', '23_lag_stratZ50ndj03', '31_lag_nchinaPRjja', '22_lag_traIT', '35_lag_stratZ50ndj03', '36_lag_traBO', '36_lag_eapPSLjfm', '16_lag_traBS', '24_lag_traIT', '28_lag_ismPRjja', '22_lag_traTLS', '22_lag_scpPSLjfm', '40_lag_traMC', '35_lag_shSICsep', '26_lag_traBS', '41_lag_shSICsep', '26_lag_scpPSLjfm', '21_lag_traWP', '30_lag_traBS', '39_lag_traMC', '22_lag_traFSC', '43_lag_alpi']","[0.05984926600869155, 0.06960292764250954, 0.00510592322020524, 2012432056318.7102, 2012432056318.672, 0.11641504214436131, 0.08649297202795152, 0.013346703297396666, 0.04843823770710942, 0.0756876350005308, 0.03720698265695389, 0.0013295566205286822, 0.11360787173242742, 0.17274901790358457, 0.027384302043674962, 0.10594973184657672, 0.14242882549303365, 0.07673738580908251, 0.05536825896169742, 0.07121692657074964, 0.10493231775493234, 0.08937103657367824, 0.06795584902028924, 0.02045379774504107, 0.10389442912863978, 0.1253853700337117, 0.15692240045939382, 0.16725158145081406, 0.06194908442433471, 0.07320561069385402]","17_lag_mhfIP30, 26_lag_traEU, 30_lag_atlSICjfm, 15_lag_yrvPRjja, 14_lag_15_median_yrvPRjja, 20_lag_yrvPRjja, 36_lag_scpPSLjfm, 37_lag_traBS, 33_lag_nchinaPRjja, 23_lag_stratZ50ndj03, 31_lag_nchinaPRjja, 22_lag_traIT, 35_lag_stratZ50ndj03, 36_lag_traBO, 36_lag_eapPSLjfm, 16_lag_traBS, 24_lag_traIT, 28_lag_ismPRjja, 22_lag_traTLS, 22_lag_scpPSLjfm, 40_lag_traMC, 35_lag_shSICsep, 26_lag_traBS, 41_lag_shSICsep, 26_lag_scpPSLjfm, 21_lag_traWP, 30_lag_traBS, 39_lag_traMC, 22_lag_traFSC, 43_lag_alpi_3835_14"
LinearRegression,30,30,nppc2SSTjfm,slow,1544.5,2005.5,0.6,45,15,15,15.433295403370849,0.035498909814431816,3835,"['40_lag_traMC', '44_lag_stratZ50ndj02', '22_lag_traTLS', '23_lag_mhfATL30', '25_lag_mhfATL30', '36_lag_eapPSLjfm', '40_lag_neurTSjfm', '44_lag_nppc2SSTjfm', '35_lag_shSICsep', '22_lag_traIT', '36_lag_scpPSLjfm', '24_lag_traIT', '26_lag_traEU', '33_lag_traMC', '28_lag_ismPRjja', '37_lag_traBS', '22_lag_scpPSLjfm', '21_lag_traWP', '40_lag_stratZ50ndj03', '15_lag_yrvPRjja', '20_lag_yrvPRjja', '41_lag_shSICsep', '36_lag_traBO', '35_lag_stratZ50ndj03', '26_lag_traBS', '30_lag_traBS', '26_lag_scpPSLjfm', '39_lag_traMC', '22_lag_traFSC', '43_lag_alpi']","[0.0829487870383466, 0.02580778743294504, 0.054096272782162516, 0.16046712317374273, 0.059698166210687666, 0.02514196082140982, 0.09734420101860386, 0.11217618051483812, 0.10255134613942722, 0.002998707466189777, 0.10321549772642902, 0.13100516543997764, 0.0903103266787078, 0.09422014210728205, 0.09253020910525767, 0.00533931523757743, 0.07223319068524946, 0.1898982530759802, 0.055639573004591276, 0.07425136913719603, 0.10849236416564942, 0.01704476018055424, 0.12208547974581589, 0.1308206308734381, 0.08339301614188148, 0.17073173643033138, 0.1150446787214692, 0.15184583092209186, 0.09066102454286043, 0.10874271674310461]","40_lag_traMC, 44_lag_stratZ50ndj02, 22_lag_traTLS, 23_lag_mhfATL30, 25_lag_mhfATL30, 36_lag_eapPSLjfm, 40_lag_neurTSjfm, 44_lag_nppc2SSTjfm, 35_lag_shSICsep, 22_lag_traIT, 36_lag_scpPSLjfm, 24_lag_traIT, 26_lag_traEU, 33_lag_traMC, 28_lag_ismPRjja, 37_lag_traBS, 22_lag_scpPSLjfm, 21_lag_traWP, 40_lag_stratZ50ndj03, 15_lag_yrvPRjja, 20_lag_yrvPRjja, 41_lag_shSICsep, 36_lag_traBO, 35_lag_stratZ50ndj03, 26_lag_traBS, 30_lag_traBS, 26_lag_scpPSLjfm, 39_lag_traMC, 22_lag_traFSC, 43_lag_alpi_3835_15"
LinearRegression,31,30,nppc2SSTjfm,slow,1545.5,2005.5,0.6,46,16,16,16.137921887442857,-0.04069994300496294,3835,"['33_lag_traMC', '22_lag_nchinaPRjja', '25_lag_traBS', '39_lag_shSICsep', '44_lag_nppc2SSTjfm', '40_lag_stratZ50ndj03', '35_lag_shSICsep', '39_lag_traIT', '36_lag_eapPSLjfm', '30_lag_stratZ50ndj03', '45_lag_nchinaPRjja', '21_lag_traWP', '37_lag_traBS', '41_lag_shSICsep', '35_lag_stratZ50ndj03', '22_lag_scpPSLjfm', '26_lag_traEU', '36_lag_scpPSLjfm', '44_lag_stratZ50ndj02', '28_lag_stratZ50ndj01', '24_lag_traIT', '26_lag_scpPSLjfm', '36_lag_traBO', '16_lag_traBS', '30_lag_traBS', '20_lag_yrvPRjja', '26_lag_traBS', '22_lag_traFSC', '39_lag_traMC', '43_lag_alpi']","[0.10173736351237335, 0.03201701532214769, 0.06812441800158321, 0.029596697146806707, 0.026948420041988334, 0.04636357595458775, 0.09083522870744407, 0.16814104680928435, 0.005002782468548669, 0.12573935404785258, 0.06465404945378243, 0.16287299543261197, 0.024455671652771915, 0.0027152605204975146, 0.12565646697322397, 0.07758115893787478, 0.07761680856238894, 0.14226607229605237, 0.08842395001113817, 0.13358820534372823, 0.15237623616432, 0.09730299475131719, 0.16979008539070847, 0.09473975834723375, 0.12550400889308586, 0.11007411434496037, 0.043064080771332794, 0.07557630029714582, 0.08949517576682096, 0.1035958581082344]","33_lag_traMC, 22_lag_nchinaPRjja, 25_lag_traBS, 39_lag_shSICsep, 44_lag_nppc2SSTjfm, 40_lag_stratZ50ndj03, 35_lag_shSICsep, 39_lag_traIT, 36_lag_eapPSLjfm, 30_lag_stratZ50ndj03, 45_lag_nchinaPRjja, 21_lag_traWP, 37_lag_traBS, 41_lag_shSICsep, 35_lag_stratZ50ndj03, 22_lag_scpPSLjfm, 26_lag_traEU, 36_lag_scpPSLjfm, 44_lag_stratZ50ndj02, 28_lag_stratZ50ndj01, 24_lag_traIT, 26_lag_scpPSLjfm, 36_lag_traBO, 16_lag_traBS, 30_lag_traBS, 20_lag_yrvPRjja, 26_lag_traBS, 22_lag_traFSC, 39_lag_traMC, 43_lag_alpi_3835_16"
LinearRegression,32,30,nppc2SSTjfm,slow,1546.5,2005.5,0.6,47,17,17,16.337038055373565,-0.03360757212941864,3835,"['36_lag_scpPSLjfm', '44_lag_traMC', '27_lag_traFSC', '30_lag_stratZ50ndj03', '44_lag_nppc2SSTjfm', '33_lag_alpi', '30_lag_eurPSLjfm', '22_lag_scpPSLjfm', '20_lag_yrvPRjja', '24_lag_traTLS', '20_lag_tripol3', '20_lag_eurPSLjfm', '37_lag_traBS', '42_lag_shSICmar', '24_lag_traIT', '44_lag_stratZ50ndj02', '35_lag_shSICsep', '35_lag_stratZ50ndj03', '36_lag_eapPSLjfm', '25_lag_traBS', '17_lag_mhfIP30', '30_lag_traBS', '21_lag_traWP', '28_lag_stratZ50ndj01', '22_lag_traFSC', '36_lag_traBO', '26_lag_scpPSLjfm', '26_lag_traBS', '39_lag_traMC', '43_lag_alpi']","[0.11939454632470374, 0.03584797880575982, 0.06293798322584811, 0.08798582545451701, 0.09843983962104198, 0.015215749752737949, 0.052413680839665557, 0.07490213163932684, 0.08726512432559905, 0.030073822716365377, 0.11784771212199813, 0.06520257842087428, 0.014474002152292723, 0.08511784584746966, 0.13028306609692783, 0.041973871886565685, 0.07942482726726871, 0.11696859896896229, 0.004033100301160266, 0.0512066748188318, 0.02665300907195116, 0.15419956694567022, 0.13065442124997675, 0.09579622086576817, 0.08978377293854858, 0.1720418812469793, 0.09484987405332988, 0.07275527801225211, 0.1288200338230388, 0.10060844291682816]","36_lag_scpPSLjfm, 44_lag_traMC, 27_lag_traFSC, 30_lag_stratZ50ndj03, 44_lag_nppc2SSTjfm, 33_lag_alpi, 30_lag_eurPSLjfm, 22_lag_scpPSLjfm, 20_lag_yrvPRjja, 24_lag_traTLS, 20_lag_tripol3, 20_lag_eurPSLjfm, 37_lag_traBS, 42_lag_shSICmar, 24_lag_traIT, 44_lag_stratZ50ndj02, 35_lag_shSICsep, 35_lag_stratZ50ndj03, 36_lag_eapPSLjfm, 25_lag_traBS, 17_lag_mhfIP30, 30_lag_traBS, 21_lag_traWP, 28_lag_stratZ50ndj01, 22_lag_traFSC, 36_lag_traBO, 26_lag_scpPSLjfm, 26_lag_traBS, 39_lag_traMC, 43_lag_alpi_3835_17"
LinearRegression,33,30,nppc2SSTjfm,slow,1547.5,2005.5,0.6,48,18,18,14.748360531625135,0.17344010365739626,3835,"['32_lag_neurTSjfm', '39_lag_traIT', '31_lag_traIFC', '18_lag_ismPRjja', '47_lag_eurPSLjfm', '25_lag_nchinaPRjja', '40_lag_neurTSjfm', '20_lag_yrvPRjja', '44_lag_naoPSLjfm', '36_lag_traFS', '22_lag_traTLS', '28_lag_ismPRjja', '36_lag_eapPSLjfm', '25_lag_traBS', '40_lag_stratZ50ndj03', '35_lag_shSICsep', '21_lag_traWP', '22_lag_scpPSLjfm', '22_lag_eurPSLjfm', '30_lag_traBS', '26_lag_scpPSLjfm', '35_lag_stratZ50ndj03', '44_lag_traMC', '26_lag_traBS', '45_lag_nchinaPRjja', '28_lag_stratZ50ndj01', '36_lag_traBO', '22_lag_traFSC', '39_lag_traMC', '43_lag_alpi']","[0.06645674584960799, 0.16983550415618676, 0.10068478934567116, 0.044777584422802386, 0.17331310583255038, 0.04497407146228912, 0.10057886241331404, 0.1251574276858364, 0.07291909051020495, 0.06792672829962898, 0.11680598094560335, 0.07219832662740717, 0.0470274202975138, 0.0820541762578725, 0.0525429994916993, 0.09506808311654719, 0.113488105173741, 0.048382953410329846, 0.10443951549219799, 0.1382224205520745, 0.09072690301396306, 0.11274431309935648, 0.028687001097302676, 0.08813369895136697, 0.04885816993083915, 0.1023645028855502, 0.1925425956517388, 0.024740932687517203, 0.12186128984307021, 0.057405585047409814]","32_lag_neurTSjfm, 39_lag_traIT, 31_lag_traIFC, 18_lag_ismPRjja, 47_lag_eurPSLjfm, 25_lag_nchinaPRjja, 40_lag_neurTSjfm, 20_lag_yrvPRjja, 44_lag_naoPSLjfm, 36_lag_traFS, 22_lag_traTLS, 28_lag_ismPRjja, 36_lag_eapPSLjfm, 25_lag_traBS, 40_lag_stratZ50ndj03, 35_lag_shSICsep, 21_lag_traWP, 22_lag_scpPSLjfm, 22_lag_eurPSLjfm, 30_lag_traBS, 26_lag_scpPSLjfm, 35_lag_stratZ50ndj03, 44_lag_traMC, 26_lag_traBS, 45_lag_nchinaPRjja, 28_lag_stratZ50ndj01, 36_lag_traBO, 22_lag_traFSC, 39_lag_traMC, 43_lag_alpi_3835_18"
LinearRegression,34,30,nppc2SSTjfm,slow,1548.5,2005.5,0.6,49,19,21,15.65648231150775,0.03278995055774661,3835,"['31_lag_traCA', '32_lag_neurTSjfm', '22_lag_traTLS', '47_lag_traTLS', '30_lag_atlSICjfm', '33_lag_alpi', '26_lag_traBS', '40_lag_neurTSjfm', '31_lag_traIFC', '35_lag_shSICsep', '44_lag_stratZ50ndj04', '28_lag_ismPRjja', '47_lag_eurPSLjfm', '21_lag_traWP', '35_lag_stratZ50ndj03', '36_lag_traFS', '30_lag_traBS', '48_lag_traTLS', '26_lag_scpPSLjfm', '39_lag_traIT', '44_lag_naoPSLjfm', '40_lag_stratZ50ndj03', '22_lag_scpPSLjfm', '28_lag_stratZ50ndj01', '36_lag_traBO', '22_lag_traFSC', '45_lag_nchinaPRjja', '48_lag_traBS', '39_lag_traMC', '43_lag_alpi']","[0.0457268463505882, 0.060605377318983536, 0.08181257749245081, 0.06595020331215784, 0.03621585591595317, 0.0025843329452446447, 0.09920262983560592, 0.09267928006210291, 0.03446580884281333, 0.07119458559983259, 0.2219697275759123, 0.08292475792123269, 0.16739162068079472, 0.1327507516987354, 0.1347421874000974, 0.0019449978533331534, 0.11529058437894654, 0.08022205253005776, 0.09696890213061854, 0.15039824215425698, 0.050878851062974066, 0.05778735923763896, 0.07559933695375001, 0.10132542643986706, 0.16062967855257176, 0.016020565369594758, 0.027597893444466448, 0.16092366001803388, 0.09835110990788071, 0.05943033345398788]","31_lag_traCA, 32_lag_neurTSjfm, 22_lag_traTLS, 47_lag_traTLS, 30_lag_atlSICjfm, 33_lag_alpi, 26_lag_traBS, 40_lag_neurTSjfm, 31_lag_traIFC, 35_lag_shSICsep, 44_lag_stratZ50ndj04, 28_lag_ismPRjja, 47_lag_eurPSLjfm, 21_lag_traWP, 35_lag_stratZ50ndj03, 36_lag_traFS, 30_lag_traBS, 48_lag_traTLS, 26_lag_scpPSLjfm, 39_lag_traIT, 44_lag_naoPSLjfm, 40_lag_stratZ50ndj03, 22_lag_scpPSLjfm, 28_lag_stratZ50ndj01, 36_lag_traBO, 22_lag_traFSC, 45_lag_nchinaPRjja, 48_lag_traBS, 39_lag_traMC, 43_lag_alpi_3835_21"
LinearRegression,35,30,nppc2SSTjfm,slow,1549.5,2005.5,0.6,50,20,20,16.323199419743034,-0.10611180046025548,3835,"['44_lag_stratZ50ndj04', '31_lag_traIFC', '44_lag_traMC', '49_lag_pdoSSTjfm', '49_lag_traCA', '28_lag_ismPRjja', '38_lag_traTLS', '24_lag_traEC', '20_lag_21_median_traWP', '21_lag_traWP', '35_lag_stratZ50ndj03', '30_lag_traBS', '48_lag_traTLS', '35_lag_shSICsep', '36_lag_traFS', '37_lag_traBS', '39_lag_traIT', '47_lag_traTLS', '47_lag_eurPSLjfm', '30_lag_atlSICjfm', '22_lag_scpPSLjfm', '40_lag_stratZ50ndj03', '22_lag_traFSC', '44_lag_naoPSLjfm', '36_lag_traBO', '28_lag_stratZ50ndj01', '39_lag_traMC', '43_lag_alpi', '45_lag_nchinaPRjja', '48_lag_traBS']","[0.23323757293040437, 0.03819285916373533, 0.04314886035922113, 0.09082363463171143, 0.04831932795289784, 0.046597408618374025, 0.12071844216693703, 0.14969272152070145, 4515019003071.117, 4515019003071.262, 0.11761450509109354, 0.10828913184609266, 0.0588118370461145, 0.05149099835732139, 0.003124228252068497, 0.016842033795273968, 0.14903343307474173, 0.09459627022756419, 0.171239654667881, 0.02159451997289144, 0.1157143906857749, 0.048551555903550515, 0.029710387060783654, 0.005198500828398999, 0.16069862543862437, 0.11038665078249323, 0.09050063818040852, 0.07237892470730908, 0.06222035256634834, 0.1753374486288623]","44_lag_stratZ50ndj04, 31_lag_traIFC, 44_lag_traMC, 49_lag_pdoSSTjfm, 49_lag_traCA, 28_lag_ismPRjja, 38_lag_traTLS, 24_lag_traEC, 20_lag_21_median_traWP, 21_lag_traWP, 35_lag_stratZ50ndj03, 30_lag_traBS, 48_lag_traTLS, 35_lag_shSICsep, 36_lag_traFS, 37_lag_traBS, 39_lag_traIT, 47_lag_traTLS, 47_lag_eurPSLjfm, 30_lag_atlSICjfm, 22_lag_scpPSLjfm, 40_lag_stratZ50ndj03, 22_lag_traFSC, 44_lag_naoPSLjfm, 36_lag_traBO, 28_lag_stratZ50ndj01, 39_lag_traMC, 43_lag_alpi, 45_lag_nchinaPRjja, 48_lag_traBS_3835_20"
LinearRegression,36,30,nppc2SSTjfm,slow,1550.5,2005.5,0.6,51,21,21,15.335148771921743,-0.023948892424497895,3835,"['39_lag_traIT', '38_lag_traTLS', '22_lag_traFSC', '30_lag_eurPSLjfm', '21_lag_22_median_traFSC', '32_lag_neurTSjfm', '49_lag_traCA', '28_lag_traMC', '44_lag_traMC', '36_lag_eapPSLjfm', '30_lag_traBS', '37_lag_traBS', '28_lag_ismPRjja', '50_lag_traBS', '44_lag_naoPSLjfm', '30_lag_atlSICjfm', '29_lag_traBS', '35_lag_shSICsep', '36_lag_traFS', '40_lag_stratZ50ndj03', '47_lag_eurPSLjfm', '50_lag_nchinaPRjja', '36_lag_traBO', '47_lag_traTLS', '21_lag_traWP', '45_lag_nchinaPRjja', '28_lag_stratZ50ndj01', '48_lag_traBS', '39_lag_traMC', '43_lag_alpi']","[0.14246987455887583, 0.13607444164174784, 2234376170350.1743, 0.0739859279410692, 2234376170350.2183, 0.0969064632694526, 0.06332000365097991, 0.12431391069420224, 0.009305884832061054, 0.10982173692222529, 0.06445868242662618, 0.005485454096368402, 0.028161473829893823, 0.05267816273193379, 0.0005577620581275312, 0.01130122700998176, 0.03867560979350823, 0.03568961328007249, 0.015162665400268716, 0.048134447157985434, 0.1776639483984573, 0.1181816073419, 0.15807725437656642, 0.11552691597001301, 0.14476632188387703, 0.05538067631773398, 0.07843924200990002, 0.19878169861235262, 0.08857924985558555, 0.09481467730115428]","39_lag_traIT, 38_lag_traTLS, 22_lag_traFSC, 30_lag_eurPSLjfm, 21_lag_22_median_traFSC, 32_lag_neurTSjfm, 49_lag_traCA, 28_lag_traMC, 44_lag_traMC, 36_lag_eapPSLjfm, 30_lag_traBS, 37_lag_traBS, 28_lag_ismPRjja, 50_lag_traBS, 44_lag_naoPSLjfm, 30_lag_atlSICjfm, 29_lag_traBS, 35_lag_shSICsep, 36_lag_traFS, 40_lag_stratZ50ndj03, 47_lag_eurPSLjfm, 50_lag_nchinaPRjja, 36_lag_traBO, 47_lag_traTLS, 21_lag_traWP, 45_lag_nchinaPRjja, 28_lag_stratZ50ndj01, 48_lag_traBS, 39_lag_traMC, 43_lag_alpi_3835_21"
LinearRegression,37,30,nppc2SSTjfm,slow,1551.5,2005.5,0.6,52,22,22,14.214153709300504,0.1501802431950114,3835,"['22_lag_traFB', '32_lag_neurTSjfm', '28_lag_traMC', '37_lag_traBS', '33_lag_traMC', '36_lag_eapPSLjfm', '28_lag_ismPRjja', '38_lag_traTLS', '44_lag_naoPSLjfm', '35_lag_stratZ50ndj03', '49_lag_traCA', '26_lag_mhfIP30', '40_lag_stratZ50ndj03', '30_lag_atlSICjfm', '36_lag_traFS', '26_lag_scpPSLjfm', '22_lag_eurPSLjfm', '35_lag_shSICsep', '50_lag_nchinaPRjja', '29_lag_traBS', '36_lag_traBO', '47_lag_eurPSLjfm', '22_lag_traDS', '47_lag_traTLS', '22_lag_traFSC', '28_lag_stratZ50ndj01', '48_lag_traBS', '45_lag_nchinaPRjja', '39_lag_traMC', '43_lag_alpi']","[0.0789898749383122, 0.10752226050183422, 0.12517958080177727, 0.03947877094843844, 0.11799511684789704, 0.07983331088137278, 0.07401739233436495, 0.08142419092310638, 0.008010655041412478, 0.1540099038041645, 0.05891764875485993, 0.07418650743035285, 0.04979564808181844, 0.02383493537913485, 0.023286710007305252, 0.10108181336558215, 0.1024716892366901, 0.07179474259008471, 0.12318639168768032, 0.10003434020598576, 0.11016252473190866, 0.16240566528325137, 0.025558463081566646, 0.11160699555073447, 0.05221960218767606, 0.09520414133126744, 0.2071937267242115, 0.04495397686910623, 0.11032439203478045, 0.07661436859971091]","22_lag_traFB, 32_lag_neurTSjfm, 28_lag_traMC, 37_lag_traBS, 33_lag_traMC, 36_lag_eapPSLjfm, 28_lag_ismPRjja, 38_lag_traTLS, 44_lag_naoPSLjfm, 35_lag_stratZ50ndj03, 49_lag_traCA, 26_lag_mhfIP30, 40_lag_stratZ50ndj03, 30_lag_atlSICjfm, 36_lag_traFS, 26_lag_scpPSLjfm, 22_lag_eurPSLjfm, 35_lag_shSICsep, 50_lag_nchinaPRjja, 29_lag_traBS, 36_lag_traBO, 47_lag_eurPSLjfm, 22_lag_traDS, 47_lag_traTLS, 22_lag_traFSC, 28_lag_stratZ50ndj01, 48_lag_traBS, 45_lag_nchinaPRjja, 39_lag_traMC, 43_lag_alpi_3835_22"
LinearRegression,38,30,nppc2SSTjfm,slow,1552.5,2005.5,0.6,53,23,26,14.992337863867796,0.10511370312921299,3835,"['50_lag_traBS', '35_lag_traIT', '44_lag_traMC', '51_lag_traBO', '52_lag_stratZ50ndj03', '28_lag_traEC', '37_lag_traBS', '30_lag_eurPSLjfm', '30_lag_ensoSSTjfm', '26_lag_scpPSLjfm', '48_lag_ginwSSTjfm', '26_lag_mhfIP30', '30_lag_stratZ50ndj03', '28_lag_ismPRjja', '47_lag_eurPSLjfm', '28_lag_traMC', '32_lag_neurTSjfm', '35_lag_shSICsep', '38_lag_traTLS', '48_lag_traBS', '35_lag_stratZ50ndj03', '47_lag_traTLS', '40_lag_stratZ50ndj03', '36_lag_traFS', '36_lag_traBO', '52_lag_mhfATL30', '28_lag_stratZ50ndj01', '45_lag_nchinaPRjja', '43_lag_alpi', '39_lag_traMC']","[0.04161282317760388, 0.047723364436984564, 0.0026873447087488876, 0.012610107503098331, 0.034852194907608304, 0.11870203142715281, 0.005092163955233032, 0.11969151170053782, 0.10574731990024232, 0.11078066223215922, 0.010888490761183396, 0.0729524472927951, 0.09520434947596143, 0.08545505951219576, 0.19450229061947694, 0.09869280764653351, 0.1307743549054847, 0.07647407271639055, 0.09700040226039439, 0.20833632978167546, 0.11401036159955483, 0.09745113624211094, 0.05708891628840671, 0.05336805537716884, 0.121420896167591, 0.0632165737532871, 0.05628413512748229, 0.03799321379114061, 0.08606179005792282, 0.08777163933436555]","50_lag_traBS, 35_lag_traIT, 44_lag_traMC, 51_lag_traBO, 52_lag_stratZ50ndj03, 28_lag_traEC, 37_lag_traBS, 30_lag_eurPSLjfm, 30_lag_ensoSSTjfm, 26_lag_scpPSLjfm, 48_lag_ginwSSTjfm, 26_lag_mhfIP30, 30_lag_stratZ50ndj03, 28_lag_ismPRjja, 47_lag_eurPSLjfm, 28_lag_traMC, 32_lag_neurTSjfm, 35_lag_shSICsep, 38_lag_traTLS, 48_lag_traBS, 35_lag_stratZ50ndj03, 47_lag_traTLS, 40_lag_stratZ50ndj03, 36_lag_traFS, 36_lag_traBO, 52_lag_mhfATL30, 28_lag_stratZ50ndj01, 45_lag_nchinaPRjja, 43_lag_alpi, 39_lag_traMC_3835_26"
LinearRegression,39,30,nppc2SSTjfm,slow,1553.5,2005.5,0.6,54,24,26,15.944945853882762,0.033077333318849864,3835,"['42_lag_nhSICsep', '26_lag_scpPSLjfm', '47_lag_traTLS', '30_lag_stratZ50ndj03', '51_lag_traBO', '36_lag_scpPSLjfm', '43_lag_stratZ50ndj01', '32_lag_neurTSjfm', '30_lag_ensoSSTjfm', '28_lag_ismPRjja', '26_lag_mhfIP30', '37_lag_traBS', '46_lag_seurTSjfm', '41_lag_shSICsep', '48_lag_stratZ50ndj03', '38_lag_traTLS', '40_lag_stratZ50ndj03', '35_lag_shSICsep', '47_lag_eurPSLjfm', '28_lag_traMC', '36_lag_traFS', '36_lag_traBO', '48_lag_traBS', '28_lag_stratZ50ndj01', '52_lag_mhfATL30', '35_lag_stratZ50ndj03', '43_lag_alpi', '45_lag_nchinaPRjja', '39_lag_traMC', '53_lag_traEU']","[0.1940395865398891, 0.09276846905618462, 0.08558207630837282, 0.09910614708025284, 0.016358907031808725, 0.15694246277135057, 0.03761975413936649, 0.10932867001890181, 0.10926704151270107, 0.09405260209153496, 0.08187789699388259, 0.010539675330248511, 0.014793500305158788, 0.04136363683638737, 0.06732153757712099, 0.08993018048577815, 0.04670125045564655, 0.10767306295462407, 0.15044858270254138, 0.12017455793880771, 0.032567166750528995, 0.09790855902417114, 0.1696011538391783, 0.11693240506141803, 0.048420752922460536, 0.1543143986210871, 0.08949826366902985, 0.07369774565918585, 0.07368197926751495, 0.08862459506774599]","42_lag_nhSICsep, 26_lag_scpPSLjfm, 47_lag_traTLS, 30_lag_stratZ50ndj03, 51_lag_traBO, 36_lag_scpPSLjfm, 43_lag_stratZ50ndj01, 32_lag_neurTSjfm, 30_lag_ensoSSTjfm, 28_lag_ismPRjja, 26_lag_mhfIP30, 37_lag_traBS, 46_lag_seurTSjfm, 41_lag_shSICsep, 48_lag_stratZ50ndj03, 38_lag_traTLS, 40_lag_stratZ50ndj03, 35_lag_shSICsep, 47_lag_eurPSLjfm, 28_lag_traMC, 36_lag_traFS, 36_lag_traBO, 48_lag_traBS, 28_lag_stratZ50ndj01, 52_lag_mhfATL30, 35_lag_stratZ50ndj03, 43_lag_alpi, 45_lag_nchinaPRjja, 39_lag_traMC, 53_lag_traEU_3835_26"
LinearRegression,40,30,nppc2SSTjfm,slow,1554.5,2005.5,0.6,55,25,28,15.663310061002232,0.009592068851947924,3835,"['36_lag_scpPSLjfm', '38_lag_traTLS', '44_lag_alpi', '35_lag_shSICsep', '30_lag_eurPSLjfm', '37_lag_traBS', '31_lag_traWP', '39_lag_traBO', '40_lag_traFS', '28_lag_stratZ50ndj01', '47_lag_mhfIP30', '28_lag_traMC', '46_lag_seurTSjfm', '44_lag_naoPSLjfm', '41_lag_shSICsep', '47_lag_traTLS', '48_lag_eurPSLjfm', '48_lag_traBS', '43_lag_stratZ50ndj01', '36_lag_traFS', '36_lag_traBO', '48_lag_stratZ50ndj03', '50_lag_traBS', '35_lag_stratZ50ndj03', '47_lag_eurPSLjfm', '45_lag_nchinaPRjja', '52_lag_mhfATL30', '39_lag_traMC', '43_lag_alpi', '53_lag_traEU']","[0.12078427313630236, 0.10420548366755542, 0.0734865358261168, 0.06753812494825248, 0.09412319057527431, 0.044182723334004734, 0.1032449324849157, 0.1586815450571939, 0.03905565407942021, 0.12925132886143684, 0.1458140102631401, 0.07629971173542416, 0.0005620562584617803, 0.011194399068428278, 0.036074349708771, 0.0665126210208089, 0.14049880919150767, 0.16322398250121678, 0.06594815127805513, 0.04673535475610753, 0.13445635825093738, 0.10257728557205756, 0.0585789035173719, 0.11857315796885513, 0.1274297059324911, 0.08646009319299525, 0.08516387492417918, 0.12921315151656018, 0.08919678381733723, 0.07318439302022915]","36_lag_scpPSLjfm, 38_lag_traTLS, 44_lag_alpi, 35_lag_shSICsep, 30_lag_eurPSLjfm, 37_lag_traBS, 31_lag_traWP, 39_lag_traBO, 40_lag_traFS, 28_lag_stratZ50ndj01, 47_lag_mhfIP30, 28_lag_traMC, 46_lag_seurTSjfm, 44_lag_naoPSLjfm, 41_lag_shSICsep, 47_lag_traTLS, 48_lag_eurPSLjfm, 48_lag_traBS, 43_lag_stratZ50ndj01, 36_lag_traFS, 36_lag_traBO, 48_lag_stratZ50ndj03, 50_lag_traBS, 35_lag_stratZ50ndj03, 47_lag_eurPSLjfm, 45_lag_nchinaPRjja, 52_lag_mhfATL30, 39_lag_traMC, 43_lag_alpi, 53_lag_traEU_3835_28"
LinearRegression,41,30,nppc2SSTjfm,slow,1555.5,2005.5,0.6,56,26,26,14.259742000951602,0.22741949975925183,3835,"['35_lag_stratZ50ndj03', '28_lag_traMC', '47_lag_traTLS', '38_lag_traTLS', '26_lag_29_median_traEU', '37_lag_traBS', '28_lag_stratZ50ndj01', '40_lag_traFS', '31_lag_traWP', '46_lag_seurTSjfm', '36_lag_traFS', '39_lag_traBO', '41_lag_shSICsep', '43_lag_stratZ50ndj01', '47_lag_mhfIP30', '55_lag_atlSICjfm', '26_lag_mhfIP30', '55_lag_nhSICjfm', '30_lag_eurPSLjfm', '45_lag_nchinaPRjja', '44_lag_naoPSLjfm', '48_lag_eurPSLjfm', '48_lag_stratZ50ndj03', '39_lag_traMC', '48_lag_traBS', '50_lag_traBS', '52_lag_mhfATL30', '47_lag_eurPSLjfm', '43_lag_alpi', '53_lag_traEU']","[0.10682838739396128, 0.05558610511012574, 0.06363893234859308, 0.06971778235879779, 0.2657750710006669, 0.05554272269252238, 0.05960641121073505, 0.08356976197100473, 0.14514410581744572, 0.013869356684117148, 0.08112026583797972, 0.12579077066574582, 0.005496857557120248, 0.057969797867109985, 0.11666861434671134, 0.01732435512610388, 0.13443254796284065, 0.2716883403043673, 0.09292314559102482, 0.0788153131461721, 0.017005827857432133, 0.1301448530308769, 0.1118796310494071, 0.11622457234670838, 0.1363604830800741, 0.05297423990212855, 0.13194069368281594, 0.14573596187285445, 0.06329379807945218, 0.05893948915804045]","35_lag_stratZ50ndj03, 28_lag_traMC, 47_lag_traTLS, 38_lag_traTLS, 26_lag_29_median_traEU, 37_lag_traBS, 28_lag_stratZ50ndj01, 40_lag_traFS, 31_lag_traWP, 46_lag_seurTSjfm, 36_lag_traFS, 39_lag_traBO, 41_lag_shSICsep, 43_lag_stratZ50ndj01, 47_lag_mhfIP30, 55_lag_atlSICjfm, 26_lag_mhfIP30, 55_lag_nhSICjfm, 30_lag_eurPSLjfm, 45_lag_nchinaPRjja, 44_lag_naoPSLjfm, 48_lag_eurPSLjfm, 48_lag_stratZ50ndj03, 39_lag_traMC, 48_lag_traBS, 50_lag_traBS, 52_lag_mhfATL30, 47_lag_eurPSLjfm, 43_lag_alpi, 53_lag_traEU_3835_26"
LinearRegression,42,30,nppc2SSTjfm,slow,1556.5,2005.5,0.6,57,27,27,14.897762318099861,0.16167017434226205,3835,"['36_lag_traFS', '55_lag_atlSICjfm', '47_lag_traTLS', '52_lag_tripol3', '56_lag_stratZ50ndj01', '39_lag_traBO', '27_lag_traEC', '35_lag_stratZ50ndj03', '52_lag_traFB', '38_lag_traTLS', '46_lag_seurTSjfm', '56_lag_mhfATL30', '32_lag_neurTSjfm', '40_lag_traFS', '39_lag_traMC', '45_lag_nchinaPRjja', '41_lag_shSICsep', '44_lag_naoPSLjfm', '47_lag_mhfIP30', '48_lag_traBS', '48_lag_eurPSLjfm', '43_lag_stratZ50ndj01', '50_lag_nchinaPRjja', '50_lag_traBS', '48_lag_stratZ50ndj03', '52_lag_mhfATL30', '56_lag_nchinaPRjja', '43_lag_alpi', '47_lag_eurPSLjfm', '53_lag_traEU']","[0.07795100778679762, 0.16063593154874378, 0.1107269654059725, 0.13140231518273598, 0.07403259210867327, 0.0916954498906887, 0.11244876854947276, 0.12378913918547416, 0.0160445210953893, 0.07596173379370054, 0.015369373273892676, 0.018159718303620526, 0.1037298042326176, 0.07709242653704416, 0.10642038409313775, 0.07424278839304668, 0.026940609354363466, 0.02338094940588153, 0.14494071270599856, 0.18807101547293492, 0.1398659457491213, 0.047336370339244635, 0.1151715130447325, 0.09673742166005234, 0.07786412581813448, 0.14441880276470806, 0.05498168457208745, 0.10203941561071017, 0.13959555403412963, 0.047511550513660586]","36_lag_traFS, 55_lag_atlSICjfm, 47_lag_traTLS, 52_lag_tripol3, 56_lag_stratZ50ndj01, 39_lag_traBO, 27_lag_traEC, 35_lag_stratZ50ndj03, 52_lag_traFB, 38_lag_traTLS, 46_lag_seurTSjfm, 56_lag_mhfATL30, 32_lag_neurTSjfm, 40_lag_traFS, 39_lag_traMC, 45_lag_nchinaPRjja, 41_lag_shSICsep, 44_lag_naoPSLjfm, 47_lag_mhfIP30, 48_lag_traBS, 48_lag_eurPSLjfm, 43_lag_stratZ50ndj01, 50_lag_nchinaPRjja, 50_lag_traBS, 48_lag_stratZ50ndj03, 52_lag_mhfATL30, 56_lag_nchinaPRjja, 43_lag_alpi, 47_lag_eurPSLjfm, 53_lag_traEU_3835_27"
LinearRegression,43,30,nppc2SSTjfm,slow,1557.5,2005.5,0.6,58,28,28,16.306687029341266,-0.04503584797532682,3835,"['47_lag_traTLS', '38_lag_traTLS', '57_lag_traFS', '52_lag_traFB', '44_lag_alpi', '35_lag_stratZ50ndj03', '48_lag_eurPSLjfm', '32_lag_neurTSjfm', '51_lag_mhfIP30', '30_lag_stratZ50ndj03', '55_lag_traCA', '57_lag_nchinaPRjja', '45_lag_nchinaPRjja', '28_lag_stratZ50ndj01', '28_lag_traMC', '43_lag_alpi', '43_lag_stratZ50ndj01', '41_lag_shSICsep', '56_lag_mhfATL30', '52_lag_mhfATL30', '48_lag_stratZ50ndj03', '48_lag_traBS', '50_lag_nchinaPRjja', '39_lag_traMC', '44_lag_naoPSLjfm', '50_lag_traBS', '47_lag_eurPSLjfm', '57_lag_traEU', '56_lag_nchinaPRjja', '53_lag_traEU']","[0.09521005724667683, 0.1116480334884996, 0.14371325365951976, 0.006218831610677014, 0.06404693143156381, 0.1335205027848128, 0.10830844867658955, 0.09286301756858918, 0.1347628494451067, 0.09748547517756445, 0.097208294048842, 0.03901720933892039, 0.09253286293291571, 0.08534545277615845, 0.1339249924485748, 0.06726598359257671, 0.07931615416453647, 0.02194044243001954, 0.10172087163799824, 0.09968737182983826, 0.06602564579180507, 0.15417932952289745, 0.11444875160521001, 0.12125094277359007, 0.0327504090092422, 0.0666249049239255, 0.1665918957337068, 0.14236307243967977, 0.06672102792698226, 0.0337856367399046]","47_lag_traTLS, 38_lag_traTLS, 57_lag_traFS, 52_lag_traFB, 44_lag_alpi, 35_lag_stratZ50ndj03, 48_lag_eurPSLjfm, 32_lag_neurTSjfm, 51_lag_mhfIP30, 30_lag_stratZ50ndj03, 55_lag_traCA, 57_lag_nchinaPRjja, 45_lag_nchinaPRjja, 28_lag_stratZ50ndj01, 28_lag_traMC, 43_lag_alpi, 43_lag_stratZ50ndj01, 41_lag_shSICsep, 56_lag_mhfATL30, 52_lag_mhfATL30, 48_lag_stratZ50ndj03, 48_lag_traBS, 50_lag_nchinaPRjja, 39_lag_traMC, 44_lag_naoPSLjfm, 50_lag_traBS, 47_lag_eurPSLjfm, 57_lag_traEU, 56_lag_nchinaPRjja, 53_lag_traEU_3835_28"
LinearRegression,44,30,nppc2SSTjfm,slow,1558.5,2005.5,0.6,59,29,29,15.89316315150659,-0.04930576936478675,3835,"['36_lag_scpPSLjfm', '57_lag_traFS', '34_lag_traIT', '38_lag_scpPSLjfm', '52_lag_tripol3', '56_lag_traBO', '39_lag_traMC', '57_lag_nchinaPRjja', '52_lag_traFB', '43_lag_stratZ50ndj01', '51_lag_mhfIP30', '38_lag_yrvPRjja', '41_lag_shSICsep', '41_lag_shSICmar', '48_lag_eurPSLjfm', '29_lag_traBS', '35_lag_stratZ50ndj03', '50_lag_traBS', '50_lag_nchinaPRjja', '52_lag_mhfATL30', '57_lag_traEU', '43_lag_alpi', '44_lag_naoPSLjfm', '56_lag_mhfATL30', '48_lag_traBS', '45_lag_nchinaPRjja', '47_lag_eurPSLjfm', '48_lag_stratZ50ndj03', '53_lag_traEU', '56_lag_nchinaPRjja']","[0.08643876786631867, 0.14519867546232673, 0.1205503776093549, 0.0077948415789255085, 0.11966361661089536, 0.14929063704705176, 0.15327693110258728, 0.04113314428550399, 0.08241513244232361, 0.06644916397004985, 0.11893750543079395, 0.08878193463158429, 0.02222032780595043, 0.02721472048439355, 0.07895084141676098, 0.04490726240621251, 0.12454664313943155, 0.05824763260796777, 0.10963515205236439, 0.09735597750954775, 0.16799385085325813, 0.06991616904679358, 0.006313018413363433, 0.08429102419619083, 0.1326427486242624, 0.08421122144071981, 0.11420719124146762, 0.10247140663257395, 0.015956455981487424, 0.09189348576596848]","36_lag_scpPSLjfm, 57_lag_traFS, 34_lag_traIT, 38_lag_scpPSLjfm, 52_lag_tripol3, 56_lag_traBO, 39_lag_traMC, 57_lag_nchinaPRjja, 52_lag_traFB, 43_lag_stratZ50ndj01, 51_lag_mhfIP30, 38_lag_yrvPRjja, 41_lag_shSICsep, 41_lag_shSICmar, 48_lag_eurPSLjfm, 29_lag_traBS, 35_lag_stratZ50ndj03, 50_lag_traBS, 50_lag_nchinaPRjja, 52_lag_mhfATL30, 57_lag_traEU, 43_lag_alpi, 44_lag_naoPSLjfm, 56_lag_mhfATL30, 48_lag_traBS, 45_lag_nchinaPRjja, 47_lag_eurPSLjfm, 48_lag_stratZ50ndj03, 53_lag_traEU, 56_lag_nchinaPRjja_3835_29"
LinearRegression,45,30,nppc2SSTjfm,slow,1559.5,2005.5,0.6,60,30,30,16.135434298544837,-0.002593079977340873,3835,"['55_lag_traCA', '36_lag_mhfATL60', '30_lag_stratZ50ndj03', '52_lag_mhfATL60', '55_lag_nhSICjfm', '48_lag_eurPSLjfm', '56_lag_traBO', '39_lag_traMC', '52_lag_tripol3', '34_lag_stratZ50ndj03', '57_lag_nchinaPRjja', '56_lag_stratZ50ndj01', '47_lag_mhfIP30', '38_lag_yrvPRjja', '57_lag_traFS', '43_lag_alpi', '35_lag_stratZ50ndj03', '30_lag_eurPSLjfm', '44_lag_naoPSLjfm', '48_lag_traBS', '53_lag_traEU', '43_lag_stratZ50ndj01', '57_lag_traEU', '56_lag_mhfATL30', '52_lag_mhfATL30', '45_lag_nchinaPRjja', '47_lag_eurPSLjfm', '48_lag_stratZ50ndj03', '59_lag_traCA', '56_lag_nchinaPRjja']","[0.05745682036417895, 0.06955849860071599, 0.07825070792671868, 0.1194709876839842, 0.2945290166452198, 0.08015214824711045, 0.0654467113387044, 0.11380354426273767, 0.06870687604358157, 0.06966705641382266, 0.028454627318814953, 0.12049184076240399, 0.10316819704010542, 0.07935974215357047, 0.02793317328587131, 0.038463491898720566, 0.08717181680121464, 0.05512429379185789, 0.02216747332056617, 0.15037457808608218, 0.0500461142715162, 0.08493788945107608, 0.10791993902674919, 0.11062112259609173, 0.14527241276923486, 0.11553368340244406, 0.11821623530277715, 0.11804612928695767, 0.1992206917813293, 0.10140505850536093]","55_lag_traCA, 36_lag_mhfATL60, 30_lag_stratZ50ndj03, 52_lag_mhfATL60, 55_lag_nhSICjfm, 48_lag_eurPSLjfm, 56_lag_traBO, 39_lag_traMC, 52_lag_tripol3, 34_lag_stratZ50ndj03, 57_lag_nchinaPRjja, 56_lag_stratZ50ndj01, 47_lag_mhfIP30, 38_lag_yrvPRjja, 57_lag_traFS, 43_lag_alpi, 35_lag_stratZ50ndj03, 30_lag_eurPSLjfm, 44_lag_naoPSLjfm, 48_lag_traBS, 53_lag_traEU, 43_lag_stratZ50ndj01, 57_lag_traEU, 56_lag_mhfATL30, 52_lag_mhfATL30, 45_lag_nchinaPRjja, 47_lag_eurPSLjfm, 48_lag_stratZ50ndj03, 59_lag_traCA, 56_lag_nchinaPRjja_3835_30"
LinearRegression,46,30,nppc2SSTjfm,slow,1560.5,2005.5,0.6,61,31,31,15.502946066391733,0.05957793872576337,3835,"['31_lag_traWP', '47_lag_traTLS', '52_lag_mhfATL60', '38_lag_yrvPRjja', '55_lag_traCA', '47_lag_mhfIP30', '48_lag_eurPSLjfm', '50_lag_nchinaPRjja', '55_lag_nhSICjfm', '40_lag_stratZ50ndj03', '52_lag_tripol3', '31_lag_traIT', '36_lag_mhfATL60', '57_lag_traFS', '56_lag_stratZ50ndj01', '34_lag_stratZ50ndj03', '43_lag_alpi', '39_lag_traMC', '52_lag_mhfATL30', '53_lag_traEU', '35_lag_stratZ50ndj03', '44_lag_naoPSLjfm', '47_lag_eurPSLjfm', '45_lag_nchinaPRjja', '56_lag_mhfATL30', '48_lag_traBS', '57_lag_traEU', '48_lag_stratZ50ndj03', '59_lag_traCA', '56_lag_nchinaPRjja']","[0.12543817970271046, 0.0638906892082125, 0.13630126480335178, 0.06820077880079375, 0.0614204542585634, 0.13993949693979607, 0.07207102104036701, 0.04540132200576638, 0.31548719319241103, 0.019804347225318503, 0.05925800655891322, 0.08158045552227816, 0.09557497961133388, 0.021033663096312594, 0.09681594018917074, 0.06710595370699135, 0.030078538591018462, 0.12284672798130722, 0.1258375439070824, 0.059760774534823854, 0.08332941462113375, 0.02110842154625086, 0.13264108595342378, 0.10703249618234423, 0.12429071786461213, 0.16124760545142086, 0.07798154878873405, 0.12113461681219752, 0.1831429486811253, 0.09910237655879135]","31_lag_traWP, 47_lag_traTLS, 52_lag_mhfATL60, 38_lag_yrvPRjja, 55_lag_traCA, 47_lag_mhfIP30, 48_lag_eurPSLjfm, 50_lag_nchinaPRjja, 55_lag_nhSICjfm, 40_lag_stratZ50ndj03, 52_lag_tripol3, 31_lag_traIT, 36_lag_mhfATL60, 57_lag_traFS, 56_lag_stratZ50ndj01, 34_lag_stratZ50ndj03, 43_lag_alpi, 39_lag_traMC, 52_lag_mhfATL30, 53_lag_traEU, 35_lag_stratZ50ndj03, 44_lag_naoPSLjfm, 47_lag_eurPSLjfm, 45_lag_nchinaPRjja, 56_lag_mhfATL30, 48_lag_traBS, 57_lag_traEU, 48_lag_stratZ50ndj03, 59_lag_traCA, 56_lag_nchinaPRjja_3835_31"
LinearRegression,47,30,nppc2SSTjfm,slow,1561.5,2005.5,0.6,62,32,32,17.42277181188159,-0.09743626942765288,3835,"['45_lag_shSICmar', '42_lag_shSICmar', '52_lag_mhfATL60', '52_lag_tripol3', '61_lag_shSICmar', '36_lag_traFS', '32_lag_satlSSTjfm', '47_lag_traTLS', '56_lag_stratZ50ndj01', '48_lag_eurPSLjfm', '39_lag_traMC', '47_lag_eurPSLjfm', '43_lag_alpi', '56_lag_mhfATL30', '36_lag_mhfATL60', '50_lag_nchinaPRjja', '61_lag_traEU', '53_lag_traEU', '61_lag_traFS', '45_lag_nchinaPRjja', '52_lag_mhfATL30', '57_lag_traFS', '44_lag_naoPSLjfm', '59_lag_traCA', '32_lag_neurTSjfm', '48_lag_stratZ50ndj03', '35_lag_stratZ50ndj03', '48_lag_traBS', '57_lag_traEU', '56_lag_nchinaPRjja']","[0.03674047361587691, 0.05293795253684508, 0.07974993582278342, 0.011843594144327245, 0.15018609696934604, 0.05656734461239267, 0.19502835635422297, 0.12024375774102342, 0.08639599376069636, 0.09683392031357382, 0.11066543630120126, 0.14070925214550253, 0.0682866306050236, 0.14848303427086387, 0.07926834047447806, 0.07281583787285176, 0.06333847274871937, 0.03708095405840643, 0.07769258805870581, 0.06992405852975583, 0.10977196475540242, 0.05835915699045986, 0.04297050074643906, 0.18086270901852963, 0.13320151151687887, 0.04880833278311865, 0.10304428310250241, 0.18312577046829073, 0.06848097716271909, 0.0564609310897251]","45_lag_shSICmar, 42_lag_shSICmar, 52_lag_mhfATL60, 52_lag_tripol3, 61_lag_shSICmar, 36_lag_traFS, 32_lag_satlSSTjfm, 47_lag_traTLS, 56_lag_stratZ50ndj01, 48_lag_eurPSLjfm, 39_lag_traMC, 47_lag_eurPSLjfm, 43_lag_alpi, 56_lag_mhfATL30, 36_lag_mhfATL60, 50_lag_nchinaPRjja, 61_lag_traEU, 53_lag_traEU, 61_lag_traFS, 45_lag_nchinaPRjja, 52_lag_mhfATL30, 57_lag_traFS, 44_lag_naoPSLjfm, 59_lag_traCA, 32_lag_neurTSjfm, 48_lag_stratZ50ndj03, 35_lag_stratZ50ndj03, 48_lag_traBS, 57_lag_traEU, 56_lag_nchinaPRjja_3835_32"
LinearRegression,48,30,nppc2SSTjfm,slow,1562.5,2005.5,0.6,63,33,33,17.780027812451987,-0.21227196989313082,3835,"['57_lag_seurTSjfm', '50_lag_traBS', '57_lag_nchinaPRjja', '33_lag_traMC', '52_lag_mhfATL60', '36_lag_traFS', '56_lag_stratZ50ndj01', '61_lag_traEU', '45_lag_shSICmar', '59_lag_traCA', '55_lag_tripol3', '36_lag_mhfATL60', '50_lag_nchinaPRjja', '43_lag_alpi', '44_lag_naoPSLjfm', '35_lag_stratZ50ndj03', '48_lag_eurPSLjfm', '56_lag_mhfATL30', '61_lag_traFS', '47_lag_eurPSLjfm', '45_lag_nchinaPRjja', '48_lag_traBS', '57_lag_traFS', '39_lag_traMC', '47_lag_traTLS', '53_lag_traEU', '48_lag_stratZ50ndj03', '52_lag_mhfATL30', '57_lag_traEU', '56_lag_nchinaPRjja']","[0.1210063969750063, 0.05399240326067484, 1.4794790792888923e-05, 0.09264936081665019, 0.09692622218472292, 0.07948680602902984, 0.08930665981401968, 0.04543205352753711, 0.06913841120271304, 0.1573858875431838, 0.10601528835894777, 0.10434593253337045, 0.09797418644620676, 0.064342349611013, 0.06051315386570259, 0.11518244414626734, 0.10115024638450447, 0.18044499123336233, 0.08411818220130958, 0.19060540764032552, 0.08351544025463267, 0.19695016916760988, 0.0859582295045558, 0.11471379065345366, 0.12740214626977941, 0.025106957953504098, 0.07898057822767793, 0.08494200637752357, 0.08907395670026243, 0.042420964131810145]","57_lag_seurTSjfm, 50_lag_traBS, 57_lag_nchinaPRjja, 33_lag_traMC, 52_lag_mhfATL60, 36_lag_traFS, 56_lag_stratZ50ndj01, 61_lag_traEU, 45_lag_shSICmar, 59_lag_traCA, 55_lag_tripol3, 36_lag_mhfATL60, 50_lag_nchinaPRjja, 43_lag_alpi, 44_lag_naoPSLjfm, 35_lag_stratZ50ndj03, 48_lag_eurPSLjfm, 56_lag_mhfATL30, 61_lag_traFS, 47_lag_eurPSLjfm, 45_lag_nchinaPRjja, 48_lag_traBS, 57_lag_traFS, 39_lag_traMC, 47_lag_traTLS, 53_lag_traEU, 48_lag_stratZ50ndj03, 52_lag_mhfATL30, 57_lag_traEU, 56_lag_nchinaPRjja_3835_33"
LinearRegression,49,30,nppc2SSTjfm,slow,1563.5,2005.5,0.6,64,34,34,18.2832880687009,-0.29680052089336256,3835,"['57_lag_nchinaPRjja', '56_lag_stratZ50ndj01', '61_lag_traEU', '51_lag_mhfIP30', '59_lag_traCA', '50_lag_traBS', '50_lag_nchinaPRjja', '45_lag_shSICmar', '57_lag_traFS', '57_lag_seurTSjfm', '34_lag_traTLS', '63_lag_tripol1', '61_lag_traFS', '43_lag_alpi', '34_lag_traIT', '47_lag_eurPSLjfm', '34_lag_traIFC', '53_lag_traEU', '45_lag_nchinaPRjja', '48_lag_traBS', '63_lag_pdoSSTjfm', '39_lag_traMC', '48_lag_eurPSLjfm', '55_lag_tripol3', '47_lag_traTLS', '57_lag_traEU', '56_lag_mhfATL30', '48_lag_stratZ50ndj03', '52_lag_mhfATL30', '56_lag_nchinaPRjja']","[0.008378000676689895, 0.11935743879034341, 0.05050013692859304, 0.09484390796733551, 0.18403923322007618, 0.047560374888118574, 0.10777093896376047, 0.06978878303276702, 0.1369172033477619, 0.09719435250913352, 0.03340209514225962, 0.037032465342185544, 0.0816296822200863, 0.061436104303549906, 0.12814099117307168, 0.16584560542606336, 0.07687270497105972, 0.015673955500838405, 0.08673653479118791, 0.19254717684007575, 0.029425386701872086, 0.11315690412418891, 0.07415060944917118, 0.14942053805627192, 0.11684658795808067, 0.10148833877322323, 0.15276618582170548, 0.08435950212427215, 0.042046684017826935, 0.05601268099724936]","57_lag_nchinaPRjja, 56_lag_stratZ50ndj01, 61_lag_traEU, 51_lag_mhfIP30, 59_lag_traCA, 50_lag_traBS, 50_lag_nchinaPRjja, 45_lag_shSICmar, 57_lag_traFS, 57_lag_seurTSjfm, 34_lag_traTLS, 63_lag_tripol1, 61_lag_traFS, 43_lag_alpi, 34_lag_traIT, 47_lag_eurPSLjfm, 34_lag_traIFC, 53_lag_traEU, 45_lag_nchinaPRjja, 48_lag_traBS, 63_lag_pdoSSTjfm, 39_lag_traMC, 48_lag_eurPSLjfm, 55_lag_tripol3, 47_lag_traTLS, 57_lag_traEU, 56_lag_mhfATL30, 48_lag_stratZ50ndj03, 52_lag_mhfATL30, 56_lag_nchinaPRjja_3835_34"
LinearRegression,50,30,nppc2SSTjfm,slow,1564.5,2005.5,0.6,65,35,35,16.76681499758064,-0.033155298611943135,3835,"['57_lag_eurPSLjfm', '45_lag_traFB', '42_lag_stratZ50ndj03', '61_lag_shSICmar', '43_lag_alpi', '44_lag_alpi', '47_lag_traTLS', '51_lag_mhfIP30', '57_lag_traFS', '45_lag_shSICmar', '61_lag_traEU', '57_lag_seurTSjfm', '55_lag_tripol3', '38_lag_traTLS', '50_lag_nchinaPRjja', '35_lag_stratZ50ndj03', '48_lag_stratZ50ndj03', '64_lag_shSICsep', '53_lag_traEU', '63_lag_tripol1', '47_lag_eurPSLjfm', '64_lag_traMC', '56_lag_mhfATL30', '57_lag_traEU', '48_lag_traBS', '52_lag_mhfATL30', '48_lag_eurPSLjfm', '45_lag_nchinaPRjja', '63_lag_pdoSSTjfm', '56_lag_nchinaPRjja']","[0.0035213340905771236, 0.08949231039224093, 0.05644899783303218, 0.13717873188473936, 0.0414119533505242, 0.041191106916648464, 0.14120095751384806, 0.12180800806996074, 0.1253592407226339, 0.09478883436605738, 0.0727332626266051, 0.07158692469579041, 0.14037597948075128, 0.14895853711110743, 0.08371847576121828, 0.1025849755230437, 0.06872611613911664, 0.06913608587501761, 0.015788872620766496, 0.05915204383918773, 0.11143455457376988, 0.16801629239768406, 0.12421475385460765, 0.0856789699780165, 0.15930796103485984, 0.0747792557977805, 0.0741380410220327, 0.0534293997570458, 0.0321966972264296, 0.07456913703734697]","57_lag_eurPSLjfm, 45_lag_traFB, 42_lag_stratZ50ndj03, 61_lag_shSICmar, 43_lag_alpi, 44_lag_alpi, 47_lag_traTLS, 51_lag_mhfIP30, 57_lag_traFS, 45_lag_shSICmar, 61_lag_traEU, 57_lag_seurTSjfm, 55_lag_tripol3, 38_lag_traTLS, 50_lag_nchinaPRjja, 35_lag_stratZ50ndj03, 48_lag_stratZ50ndj03, 64_lag_shSICsep, 53_lag_traEU, 63_lag_tripol1, 47_lag_eurPSLjfm, 64_lag_traMC, 56_lag_mhfATL30, 57_lag_traEU, 48_lag_traBS, 52_lag_mhfATL30, 48_lag_eurPSLjfm, 45_lag_nchinaPRjja, 63_lag_pdoSSTjfm, 56_lag_nchinaPRjja_3835_35"
LinearRegression,51,30,nppc2SSTjfm,slow,1565.5,2005.5,0.6,66,36,36,18.081346057952214,-0.1445605088161585,3835,"['41_lag_shSICsep', '36_lag_traBO', '63_lag_tripol1', '39_lag_traMC', '45_lag_traFB', '48_lag_stratZ50ndj03', '55_lag_tripol3', '36_lag_traFS', '61_lag_shSICmar', '44_lag_alpi', '62_lag_shSICmar', '47_lag_eurPSLjfm', '51_lag_mhfIP30', '63_lag_pdoSSTjfm', '52_lag_mhfATL30', '47_lag_traTLS', '45_lag_shSICmar', '57_lag_seurTSjfm', '57_lag_traFS', '53_lag_traEU', '61_lag_traEU', '64_lag_shSICsep', '56_lag_mhfATL30', '48_lag_traBS', '50_lag_nchinaPRjja', '48_lag_eurPSLjfm', '45_lag_nchinaPRjja', '57_lag_traEU', '64_lag_traMC', '56_lag_nchinaPRjja']","[0.006835362523320514, 0.17046979562455175, 0.1249389414650231, 0.17412849191917254, 0.1019291708461657, 0.07938011951958844, 0.12151464487881436, 0.0069453431038899215, 0.16200138344734483, 0.053493695025357856, 0.011906644840452379, 0.08762054018013199, 0.10797380804253227, 0.010699415019978937, 0.04445680580625815, 0.12060467826683663, 0.11443343847194487, 0.09999542246354055, 0.16252896427763544, 0.005395593650952707, 0.056686324535719174, 0.10195875388302066, 0.12265443243340378, 0.1597710337777766, 0.08018291899119595, 0.06704567495882294, 0.05032322391108648, 0.090940788449489, 0.14692324179879873, 0.04615535917684183]","41_lag_shSICsep, 36_lag_traBO, 63_lag_tripol1, 39_lag_traMC, 45_lag_traFB, 48_lag_stratZ50ndj03, 55_lag_tripol3, 36_lag_traFS, 61_lag_shSICmar, 44_lag_alpi, 62_lag_shSICmar, 47_lag_eurPSLjfm, 51_lag_mhfIP30, 63_lag_pdoSSTjfm, 52_lag_mhfATL30, 47_lag_traTLS, 45_lag_shSICmar, 57_lag_seurTSjfm, 57_lag_traFS, 53_lag_traEU, 61_lag_traEU, 64_lag_shSICsep, 56_lag_mhfATL30, 48_lag_traBS, 50_lag_nchinaPRjja, 48_lag_eurPSLjfm, 45_lag_nchinaPRjja, 57_lag_traEU, 64_lag_traMC, 56_lag_nchinaPRjja_3835_36"
LinearRegression,52,30,nppc2SSTjfm,slow,1566.5,2005.5,0.6,67,37,37,18.000989145820487,-0.12249162512338443,3835,"['58_lag_nchinaPRjja', '55_lag_tripol3', '51_lag_traBO', '44_lag_naoPSLjfm', '47_lag_eurPSLjfm', '58_lag_traIFC', '37_lag_38_median_traTLS', '38_lag_traTLS', '44_lag_alpi', '45_lag_shSICmar', '61_lag_shSICmar', '52_lag_mhfATL60', '66_lag_mhfIP30', '57_lag_traFS', '53_lag_traEU', '62_lag_shSICmar', '48_lag_stratZ50ndj03', '39_lag_traMC', '64_lag_shSICsep', '52_lag_mhfATL30', '61_lag_traEU', '50_lag_nchinaPRjja', '48_lag_traBS', '56_lag_mhfATL30', '57_lag_traEU', '48_lag_eurPSLjfm', '45_lag_nchinaPRjja', '57_lag_seurTSjfm', '56_lag_nchinaPRjja', '64_lag_traMC']","[0.05432951555436837, 0.12726058714935512, 0.047511320105649124, 0.005639486731497334, 0.09672227223965028, 0.07204025557039928, 5370414850761.977, 5370414850762.122, 0.043412963205299394, 0.111169536889068, 0.1201545671882888, 0.11540735179037323, 0.07859814270671814, 0.12233390364112312, 0.026724279025451925, 0.03973675705849366, 0.0847235622127383, 0.1504609984420782, 0.09487870846338425, 0.0738913070599107, 0.05555792186391512, 0.04914089634394357, 0.14610957512233533, 0.16152459070411498, 0.08895339444563498, 0.0744467243733306, 0.06665452528625337, 0.09583009699577673, 0.06173970521129649, 0.19795154434175716]","58_lag_nchinaPRjja, 55_lag_tripol3, 51_lag_traBO, 44_lag_naoPSLjfm, 47_lag_eurPSLjfm, 58_lag_traIFC, 37_lag_38_median_traTLS, 38_lag_traTLS, 44_lag_alpi, 45_lag_shSICmar, 61_lag_shSICmar, 52_lag_mhfATL60, 66_lag_mhfIP30, 57_lag_traFS, 53_lag_traEU, 62_lag_shSICmar, 48_lag_stratZ50ndj03, 39_lag_traMC, 64_lag_shSICsep, 52_lag_mhfATL30, 61_lag_traEU, 50_lag_nchinaPRjja, 48_lag_traBS, 56_lag_mhfATL30, 57_lag_traEU, 48_lag_eurPSLjfm, 45_lag_nchinaPRjja, 57_lag_seurTSjfm, 56_lag_nchinaPRjja, 64_lag_traMC_3835_37"
LinearRegression,53,30,nppc2SSTjfm,slow,1567.5,2005.5,0.6,68,38,38,16.974063632598654,-0.06179315141205486,3835,"['53_lag_traEU', '46_lag_traFS', '61_lag_traFS', '44_lag_naoPSLjfm', '45_lag_traFB', '67_lag_eapPSLjfm', '65_lag_shSICsep', '58_lag_nchinaPRjja', '38_lag_eurPSLjfm', '51_lag_traFS', '58_lag_traIFC', '57_lag_traFS', '67_lag_nppc3SSTjfm', '66_lag_mhfIP30', '56_lag_mhfATL30', '52_lag_mhfATL60', '52_lag_stratZ50ndj03', '42_lag_stratZ50ndj03', '57_lag_traEU', '48_lag_traBS', '52_lag_mhfATL30', '51_lag_traBO', '64_lag_traMC', '50_lag_nchinaPRjja', '38_lag_traTLS', '48_lag_stratZ50ndj03', '56_lag_nchinaPRjja', '45_lag_nchinaPRjja', '57_lag_seurTSjfm', '48_lag_eurPSLjfm']","[0.04304295968742857, 0.1868025366445923, 0.06831787790497315, 0.05548607132521913, 0.01866199507314952, 0.10402346703211554, 0.12473647033886395, 0.08875266923382527, 0.14652035517424183, 0.06434211343414753, 0.11395603969548977, 0.14291959338351706, 0.19804373339533024, 0.07105980137629324, 0.19763995069588952, 0.09720063232287002, 0.03334114015502858, 0.05742253121062328, 0.10107708091267363, 0.11382277786176563, 0.062001795059121914, 0.03655793483736227, 0.18597218899042317, 0.0919463714550897, 0.15013366591406213, 0.07384911713571438, 0.06133354928351735, 0.07922818268778185, 0.10302260739421974, 0.06678730570406802]","53_lag_traEU, 46_lag_traFS, 61_lag_traFS, 44_lag_naoPSLjfm, 45_lag_traFB, 67_lag_eapPSLjfm, 65_lag_shSICsep, 58_lag_nchinaPRjja, 38_lag_eurPSLjfm, 51_lag_traFS, 58_lag_traIFC, 57_lag_traFS, 67_lag_nppc3SSTjfm, 66_lag_mhfIP30, 56_lag_mhfATL30, 52_lag_mhfATL60, 52_lag_stratZ50ndj03, 42_lag_stratZ50ndj03, 57_lag_traEU, 48_lag_traBS, 52_lag_mhfATL30, 51_lag_traBO, 64_lag_traMC, 50_lag_nchinaPRjja, 38_lag_traTLS, 48_lag_stratZ50ndj03, 56_lag_nchinaPRjja, 45_lag_nchinaPRjja, 57_lag_seurTSjfm, 48_lag_eurPSLjfm_3835_38"
LinearRegression,54,30,nppc2SSTjfm,slow,1568.5,2005.5,0.6,69,39,39,16.461125228821818,-0.07372530680738137,3835,"['68_lag_mhfIP30', '54_lag_shSICmar', '44_lag_naoPSLjfm', '48_lag_scpPSLjfm', '52_lag_mhfATL30', '67_lag_nppc3SSTjfm', '61_lag_shSICmar', '56_lag_mhfATL30', '43_lag_alpi', '68_lag_traBS', '67_lag_tripol1', '51_lag_traBO', '52_lag_stratZ50ndj03', '60_lag_traBS', '68_lag_satlSSTjfm', '58_lag_traIFC', '57_lag_traFS', '58_lag_nchinaPRjja', '61_lag_traFS', '48_lag_traBS', '53_lag_traEU', '52_lag_mhfATL60', '42_lag_stratZ50ndj03', '48_lag_eurPSLjfm', '57_lag_traEU', '56_lag_nchinaPRjja', '50_lag_nchinaPRjja', '57_lag_seurTSjfm', '39_lag_traMC', '45_lag_nchinaPRjja']","[0.11613736992747421, 0.10451192746085124, 0.035855102588862195, 0.031095810145911673, 0.05210957435788177, 0.2140903901196156, 0.16468076686900296, 0.2072936189816806, 0.055162450711129324, 0.15264380803479646, 0.033197004716391657, 0.04664953594230043, 0.04921802377675567, 0.13532967342738458, 0.1419561548853008, 0.08728784569978706, 0.13958257030429722, 0.05893618815089099, 0.08101669191475812, 0.10926796265663369, 0.024275734923786624, 0.11890886894345663, 0.09121736028145243, 0.10469925728945807, 0.12401372124843126, 0.08893879636761581, 0.09935976303301484, 0.08579601535856494, 0.09951733621941883, 0.055124408636955856]","68_lag_mhfIP30, 54_lag_shSICmar, 44_lag_naoPSLjfm, 48_lag_scpPSLjfm, 52_lag_mhfATL30, 67_lag_nppc3SSTjfm, 61_lag_shSICmar, 56_lag_mhfATL30, 43_lag_alpi, 68_lag_traBS, 67_lag_tripol1, 51_lag_traBO, 52_lag_stratZ50ndj03, 60_lag_traBS, 68_lag_satlSSTjfm, 58_lag_traIFC, 57_lag_traFS, 58_lag_nchinaPRjja, 61_lag_traFS, 48_lag_traBS, 53_lag_traEU, 52_lag_mhfATL60, 42_lag_stratZ50ndj03, 48_lag_eurPSLjfm, 57_lag_traEU, 56_lag_nchinaPRjja, 50_lag_nchinaPRjja, 57_lag_seurTSjfm, 39_lag_traMC, 45_lag_nchinaPRjja_3835_39"
LinearRegression,55,30,nppc2SSTjfm,slow,1569.5,2005.5,0.6,70,40,42,16.07358237039173,0.0861771857653212,3835,"['48_lag_eurPSLjfm', '65_lag_mhfATL30', '44_lag_naoPSLjfm', '42_lag_stratZ50ndj03', '67_lag_scpPSLjfm', '64_lag_traMC', '57_lag_traFS', '61_lag_traEU', '52_lag_stratZ50ndj03', '50_lag_mhfATL45', '67_lag_nppc3SSTjfm', '69_lag_tripol2', '50_lag_traFB', '60_lag_traBS', '47_lag_traFS', '53_lag_traEU', '50_lag_nchinaPRjja', '54_lag_shSICmar', '48_lag_traBS', '61_lag_traFS', '58_lag_traIFC', '52_lag_mhfATL60', '57_lag_seurTSjfm', '68_lag_satlSSTjfm', '58_lag_nchinaPRjja', '69_lag_ensoSSTjfm', '56_lag_nchinaPRjja', '45_lag_nchinaPRjja', '57_lag_traEU', '69_lag_mhfIP30']","[0.04905576410075721, 0.014777867336201594, 0.04936595220551077, 0.0818340628796278, 0.127143349128145, 0.12902816716036833, 0.08179825912879307, 0.039751271641811615, 0.02568230703268863, 0.048461970646341945, 0.2154380246934607, 0.10617844881697278, 0.2818003501158202, 0.09822641222036468, 0.19984589627836813, 0.0503233204041406, 0.06194166980283473, 0.08743852405963819, 0.12893727841149843, 0.09048177397344201, 0.07743918644692918, 0.13792096747832785, 0.1312013624794066, 0.13639149811748016, 0.06569914324585523, 0.16467820863000227, 0.041836709141138774, 0.00268394444277384, 0.0876509365259422, 0.139061547400895]","48_lag_eurPSLjfm, 65_lag_mhfATL30, 44_lag_naoPSLjfm, 42_lag_stratZ50ndj03, 67_lag_scpPSLjfm, 64_lag_traMC, 57_lag_traFS, 61_lag_traEU, 52_lag_stratZ50ndj03, 50_lag_mhfATL45, 67_lag_nppc3SSTjfm, 69_lag_tripol2, 50_lag_traFB, 60_lag_traBS, 47_lag_traFS, 53_lag_traEU, 50_lag_nchinaPRjja, 54_lag_shSICmar, 48_lag_traBS, 61_lag_traFS, 58_lag_traIFC, 52_lag_mhfATL60, 57_lag_seurTSjfm, 68_lag_satlSSTjfm, 58_lag_nchinaPRjja, 69_lag_ensoSSTjfm, 56_lag_nchinaPRjja, 45_lag_nchinaPRjja, 57_lag_traEU, 69_lag_mhfIP30_3835_42"
LinearRegression,56,30,nppc2SSTjfm,slow,1570.5,2005.5,0.6,71,41,44,15.58623545734089,-0.008754773712332515,3835,"['50_lag_mhfATL45', '66_lag_mhfIP30', '63_lag_tripol1', '67_lag_scpPSLjfm', '63_lag_pdoSSTjfm', '70_lag_traEU', '61_lag_traEU', '50_lag_nchinaPRjja', '70_lag_stratZ50ndj01', '60_lag_traBS', '44_lag_naoPSLjfm', '58_lag_traIFC', '48_lag_traBS', '57_lag_traFS', '56_lag_traFS', '59_lag_traCA', '47_lag_traFS', '67_lag_nppc3SSTjfm', '61_lag_traFS', '68_lag_satlSSTjfm', '58_lag_nchinaPRjja', '54_lag_shSICmar', '53_lag_traEU', '56_lag_nchinaPRjja', '57_lag_seurTSjfm', '52_lag_mhfATL60', '45_lag_nchinaPRjja', '70_lag_stratZ50ndj02', '69_lag_mhfIP30', '57_lag_traEU']","[0.00775800218682927, 0.09064751959862066, 0.09227987399292722, 0.0603209073423888, 0.023980424602661518, 0.05682023852268295, 0.0440609239408401, 0.06490093085358573, 0.12059784939548238, 0.06850477467456866, 0.04712900852705943, 0.04315174685373935, 0.14030927524567346, 0.02677767950899864, 0.2126370220608057, 0.10421056262496528, 0.23550634707967905, 0.19884632079195302, 0.08578596821482128, 0.14921143412088633, 0.049638176419676466, 0.062001214858328435, 0.08903932369729847, 0.04796087664229465, 0.09955584706748886, 0.08840840778516912, 0.049038421006617816, 0.05880310614361042, 0.15251735014646045, 0.037311402276346724]","50_lag_mhfATL45, 66_lag_mhfIP30, 63_lag_tripol1, 67_lag_scpPSLjfm, 63_lag_pdoSSTjfm, 70_lag_traEU, 61_lag_traEU, 50_lag_nchinaPRjja, 70_lag_stratZ50ndj01, 60_lag_traBS, 44_lag_naoPSLjfm, 58_lag_traIFC, 48_lag_traBS, 57_lag_traFS, 56_lag_traFS, 59_lag_traCA, 47_lag_traFS, 67_lag_nppc3SSTjfm, 61_lag_traFS, 68_lag_satlSSTjfm, 58_lag_nchinaPRjja, 54_lag_shSICmar, 53_lag_traEU, 56_lag_nchinaPRjja, 57_lag_seurTSjfm, 52_lag_mhfATL60, 45_lag_nchinaPRjja, 70_lag_stratZ50ndj02, 69_lag_mhfIP30, 57_lag_traEU_3835_44"
LinearRegression,57,30,nppc2SSTjfm,slow,1571.5,2005.5,0.6,72,42,45,16.1514605739346,-0.033456083094612364,3835,"['48_lag_stratZ50ndj03', '56_lag_stratZ50ndj01', '59_lag_traCA', '54_lag_shSICsep', '65_lag_mhfATL30', '48_lag_eurPSLjfm', '54_lag_naoPSLjfm', '70_lag_traEC', '57_lag_traCA', '50_lag_mhfATL45', '50_lag_nchinaPRjja', '57_lag_seurTSjfm', '60_lag_traBS', '67_lag_nppc3SSTjfm', '47_lag_traFS', '68_lag_satlSSTjfm', '52_lag_alpi', '48_lag_traBS', '57_lag_traFS', '57_lag_traEU', '61_lag_traFS', '56_lag_traFS', '70_lag_stratZ50ndj01', '52_lag_mhfATL60', '54_lag_shSICmar', '56_lag_nchinaPRjja', '70_lag_stratZ50ndj02', '45_lag_nchinaPRjja', '58_lag_nchinaPRjja', '69_lag_mhfIP30']","[0.050609362576781614, 0.1253928751953512, 0.13101421957493087, 0.01534468969588318, 0.022091023807931796, 0.07253592272275057, 0.10103482352856892, 0.04232800969721246, 0.011021502045714598, 0.02717729539334368, 0.06517025564495794, 0.11113813673939063, 0.0810370365696346, 0.25536867072880626, 0.21875081090700013, 0.18458278095343067, 0.007273407872657864, 0.12965757552599452, 0.0524912963958346, 0.05987517385161968, 0.046300017932681424, 0.1756132142937096, 0.0956460055213817, 0.04395585363456267, 0.05574088758137562, 0.035253288965918166, 0.03791975136234754, 0.04365244794618353, 0.06744060001282187, 0.1380887176313587]","48_lag_stratZ50ndj03, 56_lag_stratZ50ndj01, 59_lag_traCA, 54_lag_shSICsep, 65_lag_mhfATL30, 48_lag_eurPSLjfm, 54_lag_naoPSLjfm, 70_lag_traEC, 57_lag_traCA, 50_lag_mhfATL45, 50_lag_nchinaPRjja, 57_lag_seurTSjfm, 60_lag_traBS, 67_lag_nppc3SSTjfm, 47_lag_traFS, 68_lag_satlSSTjfm, 52_lag_alpi, 48_lag_traBS, 57_lag_traFS, 57_lag_traEU, 61_lag_traFS, 56_lag_traFS, 70_lag_stratZ50ndj01, 52_lag_mhfATL60, 54_lag_shSICmar, 56_lag_nchinaPRjja, 70_lag_stratZ50ndj02, 45_lag_nchinaPRjja, 58_lag_nchinaPRjja, 69_lag_mhfIP30_3835_45"
LinearRegression,58,30,nppc2SSTjfm,slow,1572.5,2005.5,0.6,73,43,45,16.668853470461883,0.026888746406712745,3835,"['64_lag_traMC', '50_lag_mhfATL45', '57_lag_traCA', '56_lag_nchinaPRjja', '45_lag_nchinaPRjja', '52_lag_alpi', '67_lag_nppc3SSTjfm', '68_lag_satlSSTjfm', '54_lag_naoPSLjfm', '55_lag_traCA', '63_lag_pdoSSTjfm', '70_lag_stratZ50ndj01', '57_lag_traEU', '57_lag_seurTSjfm', '56_lag_traFS', '63_lag_tripol1', '52_lag_mhfATL60', '54_lag_shSICmar', '56_lag_stratZ50ndj01', '59_lag_traCA', '70_lag_stratZ50ndj02', '72_lag_traBS', '53_lag_traEU', '61_lag_traFS', '58_lag_nchinaPRjja', '48_lag_traBS', '60_lag_traBS', '57_lag_traFS', '47_lag_traFS', '69_lag_mhfIP30']","[0.14552498624568813, 0.047955289363441816, 0.016243130440665776, 0.02602301410177451, 0.048784381192255116, 0.00291840778057764, 0.11689279327447087, 0.20265488849838303, 0.07547309639501362, 0.16630420178414637, 0.09363494904242149, 0.1078675878919613, 0.04493967722774914, 0.15536752179976748, 0.21442919826341156, 0.07047740553284539, 0.12362422270580674, 0.07297563673169148, 0.12892089107113586, 0.12561079313213777, 0.0450781494112725, 0.12615330198730973, 0.048315287163174736, 0.0521799272359927, 0.03652053341057765, 0.17008236083807737, 0.05216504151334258, 0.04503467040218343, 0.24381538517292672, 0.16288806827430719]","64_lag_traMC, 50_lag_mhfATL45, 57_lag_traCA, 56_lag_nchinaPRjja, 45_lag_nchinaPRjja, 52_lag_alpi, 67_lag_nppc3SSTjfm, 68_lag_satlSSTjfm, 54_lag_naoPSLjfm, 55_lag_traCA, 63_lag_pdoSSTjfm, 70_lag_stratZ50ndj01, 57_lag_traEU, 57_lag_seurTSjfm, 56_lag_traFS, 63_lag_tripol1, 52_lag_mhfATL60, 54_lag_shSICmar, 56_lag_stratZ50ndj01, 59_lag_traCA, 70_lag_stratZ50ndj02, 72_lag_traBS, 53_lag_traEU, 61_lag_traFS, 58_lag_nchinaPRjja, 48_lag_traBS, 60_lag_traBS, 57_lag_traFS, 47_lag_traFS, 69_lag_mhfIP30_3835_45"
LinearRegression,59,30,nppc2SSTjfm,slow,1573.5,2005.5,0.6,74,44,44,16.208286109496004,0.04836337258215315,3835,"['55_lag_traCA', '72_lag_traEU', '70_lag_stratZ50ndj01', '67_lag_eapPSLjfm', '65_lag_shSICsep', '53_lag_traEU', '62_lag_ismPRjja', '54_lag_shSICsep', '55_lag_nhSICjfm', '56_lag_stratZ50ndj01', '69_lag_samPSLann', '63_lag_tripol1', '59_lag_traCA', '56_lag_traEC', '54_lag_naoPSLjfm', '64_lag_shSICsep', '48_lag_stratZ50ndj03', '56_lag_nchinaPRjja', '57_lag_traFS', '56_lag_traFS', '63_lag_pdoSSTjfm', '44_lag_ginwSSTjfm', '57_lag_seurTSjfm', '60_lag_traBS', '48_lag_traBS', '72_lag_traBS', '47_lag_traFS', '70_lag_stratZ50ndj02', '69_lag_mhfIP30', '58_lag_nchinaPRjja']","[0.03041462136000962, 0.028948304645958635, 0.10732666440099475, 0.07932292363542782, 0.07296828090178883, 0.06254785948897028, 0.14625326265210672, 0.03206433713915764, 0.16054854174775446, 0.13554860395177945, 0.01057390967826295, 0.026143793393132126, 0.19823429369746043, 0.05201618231679076, 0.11548259040820638, 0.10777234793179019, 0.06180955900181796, 0.05241843153319374, 0.04667607343333085, 0.15822946890703538, 0.11036928220241043, 0.053807846154254615, 0.1066009802595188, 0.032001613921794396, 0.13954260466034657, 0.12295372721184143, 0.18120061480068853, 0.06125876842062192, 0.14151873579968757, 0.016584631773533802]","55_lag_traCA, 72_lag_traEU, 70_lag_stratZ50ndj01, 67_lag_eapPSLjfm, 65_lag_shSICsep, 53_lag_traEU, 62_lag_ismPRjja, 54_lag_shSICsep, 55_lag_nhSICjfm, 56_lag_stratZ50ndj01, 69_lag_samPSLann, 63_lag_tripol1, 59_lag_traCA, 56_lag_traEC, 54_lag_naoPSLjfm, 64_lag_shSICsep, 48_lag_stratZ50ndj03, 56_lag_nchinaPRjja, 57_lag_traFS, 56_lag_traFS, 63_lag_pdoSSTjfm, 44_lag_ginwSSTjfm, 57_lag_seurTSjfm, 60_lag_traBS, 48_lag_traBS, 72_lag_traBS, 47_lag_traFS, 70_lag_stratZ50ndj02, 69_lag_mhfIP30, 58_lag_nchinaPRjja_3835_44"
LinearRegression,60,30,nppc2SSTjfm,slow,1574.5,2005.5,0.6,75,45,47,15.366128719425339,0.08066115696070662,3835,"['67_lag_scpPSLjfm', '48_lag_stratZ50ndj03', '52_lag_mhfATL30', '56_lag_traEC', '73_lag_traBS', '70_lag_traMC', '74_lag_shSICmar', '65_lag_shSICsep', '72_lag_traBS', '56_lag_atlSICsep', '59_lag_traCA', '53_lag_traEU', '66_lag_stratZ50ndj01', '48_lag_eurPSLjfm', '63_lag_tripol1', '47_lag_traFS', '60_lag_traBS', '65_lag_mhfATL30', '55_lag_nhSICjfm', '56_lag_nchinaPRjja', '62_lag_ismPRjja', '64_lag_shSICsep', '74_lag_traFS', '69_lag_mhfIP30', '70_lag_stratZ50ndj02', '56_lag_stratZ50ndj01', '63_lag_pdoSSTjfm', '48_lag_traBS', '57_lag_seurTSjfm', '58_lag_nchinaPRjja']","[0.11271563640860434, 0.050814986055558814, 0.10811355514123105, 0.026110045202461702, 0.09675097614243149, 0.11565305839074781, 0.1446358677915475, 0.08682991036958294, 0.11772007597230126, 0.08014220284271766, 0.11774177769743988, 0.0969064898212091, 0.08572874624671718, 0.0060279909324689965, 0.10803145439949913, 0.11716629249902637, 0.038991209045572066, 0.03498227755225099, 0.2860026600423987, 0.07806176293946998, 0.11883416460435615, 0.11197234198194564, 0.14338028389829088, 0.11244697788505653, 0.058388747369170164, 0.11479412011060326, 0.009299139591400215, 0.1722171127778779, 0.1071727658586343, 0.0007269926920862012]","67_lag_scpPSLjfm, 48_lag_stratZ50ndj03, 52_lag_mhfATL30, 56_lag_traEC, 73_lag_traBS, 70_lag_traMC, 74_lag_shSICmar, 65_lag_shSICsep, 72_lag_traBS, 56_lag_atlSICsep, 59_lag_traCA, 53_lag_traEU, 66_lag_stratZ50ndj01, 48_lag_eurPSLjfm, 63_lag_tripol1, 47_lag_traFS, 60_lag_traBS, 65_lag_mhfATL30, 55_lag_nhSICjfm, 56_lag_nchinaPRjja, 62_lag_ismPRjja, 64_lag_shSICsep, 74_lag_traFS, 69_lag_mhfIP30, 70_lag_stratZ50ndj02, 56_lag_stratZ50ndj01, 63_lag_pdoSSTjfm, 48_lag_traBS, 57_lag_seurTSjfm, 58_lag_nchinaPRjja_3835_47"
LinearRegression,61,30,nppc2SSTjfm,slow,1575.5,2005.5,0.6,76,46,46,15.525368290842538,0.09142842375106518,3835,"['56_lag_nchinaPRjja', '56_lag_traBO', '65_lag_mhfIP30', '57_lag_traEU', '61_lag_traFS', '74_lag_shSICmar', '55_lag_nhSICjfm', '48_lag_eurPSLjfm', '46_lag_47_median_traFS', '47_lag_traFS', '59_lag_traCA', '67_lag_scpPSLjfm', '56_lag_traEC', '64_lag_shSICsep', '52_lag_mhfATL30', '54_lag_shSICmar', '56_lag_stratZ50ndj01', '70_lag_stratZ50ndj02', '74_lag_traFS', '63_lag_tripol1', '65_lag_mhfATL30', '63_lag_pdoSSTjfm', '62_lag_ismPRjja', '64_lag_traMC', '57_lag_seurTSjfm', '56_lag_traFS', '66_lag_stratZ50ndj01', '69_lag_mhfIP30', '48_lag_traBS', '58_lag_nchinaPRjja']","[0.0704847369311046, 0.0915421786522552, 0.05169128753437124, 0.027101074383218304, 0.10331826008112167, 0.16102755106446226, 0.18360934117846445, 0.01753351938883691, 4698833259457.236, 4698833259457.413, 0.13905117130021946, 0.08927537782131927, 0.0007138045471696717, 0.17394523795247419, 0.09112353467221367, 0.051695829788302596, 0.12595104444115374, 0.066531612157985, 0.12142819006539415, 0.09409265781109485, 0.013643074637132359, 0.006597602259514991, 0.11532358618055705, 0.10554773644387197, 0.1369543566637497, 0.1225374420792528, 0.05170634791633795, 0.12611164185426052, 0.13145279706904242, 0.027244159951946907]","56_lag_nchinaPRjja, 56_lag_traBO, 65_lag_mhfIP30, 57_lag_traEU, 61_lag_traFS, 74_lag_shSICmar, 55_lag_nhSICjfm, 48_lag_eurPSLjfm, 46_lag_47_median_traFS, 47_lag_traFS, 59_lag_traCA, 67_lag_scpPSLjfm, 56_lag_traEC, 64_lag_shSICsep, 52_lag_mhfATL30, 54_lag_shSICmar, 56_lag_stratZ50ndj01, 70_lag_stratZ50ndj02, 74_lag_traFS, 63_lag_tripol1, 65_lag_mhfATL30, 63_lag_pdoSSTjfm, 62_lag_ismPRjja, 64_lag_traMC, 57_lag_seurTSjfm, 56_lag_traFS, 66_lag_stratZ50ndj01, 69_lag_mhfIP30, 48_lag_traBS, 58_lag_nchinaPRjja_3835_46"
LinearRegression,62,30,nppc2SSTjfm,slow,1576.5,2005.5,0.6,77,47,47,15.351908698487808,0.19457392035827756,3835,"['63_lag_pdoSSTjfm', '73_lag_traFS', '73_lag_traBO', '52_lag_traEU', '52_lag_alpi', '56_lag_stratZ50ndj01', '61_lag_shSICmar', '54_lag_naoPSLjfm', '70_lag_stratZ50ndj02', '63_lag_tripol1', '57_lag_traFS', '56_lag_traBO', '69_lag_samPSLann', '67_lag_eapPSLjfm', '70_lag_stratZ50ndj01', '54_lag_shSICmar', '67_lag_scpPSLjfm', '55_lag_nhSICjfm', '74_lag_traFS', '48_lag_traBS', '47_lag_48_median_traBS', '64_lag_shSICsep', '56_lag_traFS', '64_lag_traMC', '65_lag_mhfATL30', '69_lag_mhfIP30', '58_lag_nchinaPRjja', '62_lag_ismPRjja', '66_lag_stratZ50ndj01', '47_lag_traFS']","[0.08272861402586343, 0.056201893995987316, 0.046652263630796525, 0.009451115189830684, 0.043809165213669836, 0.13099165191026324, 0.14754491375795822, 0.12609202216122084, 0.08764557870681122, 0.0709413185526629, 0.06062779463409888, 0.0362123736300564, 0.09621805771827904, 0.09620798120117147, 0.08784386317338361, 0.07341833932610277, 0.0909410234780474, 0.10956758450112992, 0.14561735877934157, 5627190224973.074, 5627190224973.22, 0.1523121561446882, 0.11485915918878309, 0.16217441366666152, 0.020926159525913954, 0.09625559108872371, 0.052312787029245814, 0.11537767595038981, 0.096368252778495, 0.1705128557645849]","63_lag_pdoSSTjfm, 73_lag_traFS, 73_lag_traBO, 52_lag_traEU, 52_lag_alpi, 56_lag_stratZ50ndj01, 61_lag_shSICmar, 54_lag_naoPSLjfm, 70_lag_stratZ50ndj02, 63_lag_tripol1, 57_lag_traFS, 56_lag_traBO, 69_lag_samPSLann, 67_lag_eapPSLjfm, 70_lag_stratZ50ndj01, 54_lag_shSICmar, 67_lag_scpPSLjfm, 55_lag_nhSICjfm, 74_lag_traFS, 48_lag_traBS, 47_lag_48_median_traBS, 64_lag_shSICsep, 56_lag_traFS, 64_lag_traMC, 65_lag_mhfATL30, 69_lag_mhfIP30, 58_lag_nchinaPRjja, 62_lag_ismPRjja, 66_lag_stratZ50ndj01, 47_lag_traFS_3835_47"
LinearRegression,63,30,nppc2SSTjfm,slow,1577.5,2005.5,0.6,78,48,48,15.296400424103377,0.20152657504465618,3835,"['54_lag_naoPSLjfm', '67_lag_tripol1', '74_lag_traFS', '56_lag_stratZ50ndj01', '54_lag_neurTSjfm', '67_lag_mhfIP30', '56_lag_nchinaPRjja', '68_lag_nchinaPRjja', '48_lag_scpPSLjfm', '48_lag_eurPSLjfm', '69_lag_samPSLann', '72_lag_nchinaPRjja', '67_lag_eapPSLjfm', '65_lag_mhfATL30', '56_lag_traFS', '70_lag_stratZ50ndj02', '74_lag_shSICmar', '61_lag_shSICmar', '73_lag_traFS', '64_lag_shSICsep', '64_lag_traMC', '55_lag_nhSICjfm', '54_lag_shSICmar', '67_lag_scpPSLjfm', '57_lag_traFS', '58_lag_nchinaPRjja', '48_lag_traBS', '69_lag_mhfIP30', '66_lag_stratZ50ndj01', '62_lag_ismPRjja']","[0.1056722243235635, 0.053040241466972615, 0.1099195184363824, 0.12115161033477317, 0.01031291390572087, 0.07477826226854598, 0.0405731467878013, 0.0457779117893602, 0.06192445669870864, 0.0870815823845116, 0.09143286457319474, 0.04970652947262444, 0.10959584411438895, 0.052402272479276354, 0.1014196978927335, 0.08008163105265848, 0.16510324257806747, 0.14876626977120969, 0.10753577711431858, 0.14930740041768076, 0.1158468336263182, 0.1781158272052645, 0.08358835032199126, 0.10250073508472875, 0.06260950416908459, 0.038040368718276596, 0.1226460225797243, 0.027436064264934383, 0.10156958874115499, 0.1175212458997327]","54_lag_naoPSLjfm, 67_lag_tripol1, 74_lag_traFS, 56_lag_stratZ50ndj01, 54_lag_neurTSjfm, 67_lag_mhfIP30, 56_lag_nchinaPRjja, 68_lag_nchinaPRjja, 48_lag_scpPSLjfm, 48_lag_eurPSLjfm, 69_lag_samPSLann, 72_lag_nchinaPRjja, 67_lag_eapPSLjfm, 65_lag_mhfATL30, 56_lag_traFS, 70_lag_stratZ50ndj02, 74_lag_shSICmar, 61_lag_shSICmar, 73_lag_traFS, 64_lag_shSICsep, 64_lag_traMC, 55_lag_nhSICjfm, 54_lag_shSICmar, 67_lag_scpPSLjfm, 57_lag_traFS, 58_lag_nchinaPRjja, 48_lag_traBS, 69_lag_mhfIP30, 66_lag_stratZ50ndj01, 62_lag_ismPRjja_3835_48"
LinearRegression,64,30,nppc2SSTjfm,slow,1578.5,2005.5,0.6,79,49,54,15.604470336795533,0.14811527627085552,3835,"['63_lag_pdoSSTjfm', '59_lag_traCA', '56_lag_stratZ50ndj01', '54_lag_neurTSjfm', '56_lag_traBO', '65_lag_mhfATL30', '70_lag_stratZ50ndj01', '57_lag_seurTSjfm', '75_lag_mhfATL30', '68_lag_samPSLann', '69_lag_samPSLann', '61_lag_shSICmar', '57_lag_traFS', '64_lag_shSICsep', '64_lag_traMC', '70_lag_stratZ50ndj02', '72_lag_nchinaPRjja', '59_lag_stratZ50ndj01', '67_lag_eapPSLjfm', '56_lag_traFS', '67_lag_scpPSLjfm', '73_lag_traEU', '55_lag_nhSICjfm', '54_lag_shSICmar', '56_lag_nchinaPRjja', '68_lag_nchinaPRjja', '66_lag_stratZ50ndj01', '69_lag_mhfIP30', '58_lag_nchinaPRjja', '62_lag_ismPRjja']","[0.14036291974393406, 0.14887464212678253, 0.13301487991766248, 0.11634529674092096, 0.07933604754860461, 0.06589668798018634, 0.07848915435801622, 0.13264886761359435, 0.1827927881249045, 0.0907308073803509, 0.07088319920946276, 0.13717066928313396, 0.057780546811181464, 0.1161862890565493, 0.11822197787263994, 0.13413615087615882, 0.06529932479565219, 0.0798525047431601, 0.08440817133077852, 0.1429959007574567, 0.0699740428126793, 0.05903108998001916, 0.18665976935455014, 0.09068768512054187, 0.05613578408158701, 0.09015600789297805, 0.047975774315000684, 0.10585359712503274, 0.016941135743932197, 0.12748137892477715]","63_lag_pdoSSTjfm, 59_lag_traCA, 56_lag_stratZ50ndj01, 54_lag_neurTSjfm, 56_lag_traBO, 65_lag_mhfATL30, 70_lag_stratZ50ndj01, 57_lag_seurTSjfm, 75_lag_mhfATL30, 68_lag_samPSLann, 69_lag_samPSLann, 61_lag_shSICmar, 57_lag_traFS, 64_lag_shSICsep, 64_lag_traMC, 70_lag_stratZ50ndj02, 72_lag_nchinaPRjja, 59_lag_stratZ50ndj01, 67_lag_eapPSLjfm, 56_lag_traFS, 67_lag_scpPSLjfm, 73_lag_traEU, 55_lag_nhSICjfm, 54_lag_shSICmar, 56_lag_nchinaPRjja, 68_lag_nchinaPRjja, 66_lag_stratZ50ndj01, 69_lag_mhfIP30, 58_lag_nchinaPRjja, 62_lag_ismPRjja_3835_54"
LinearRegression,65,30,nppc2SSTjfm,slow,1579.5,2005.5,0.6,80,50,54,14.896202181877824,0.1655928119861908,3835,"['77_lag_traEU', '68_lag_samPSLann', '66_lag_mhfIP30', '64_lag_traMC', '70_lag_scpPSLjfm', '63_lag_tripol1', '54_lag_shSICmar', '59_lag_traCA', '56_lag_traBO', '69_lag_samPSLann', '57_lag_alpi', '61_lag_shSICmar', '57_lag_traFS', '64_lag_shSICsep', '54_lag_neurTSjfm', '59_lag_stratZ50ndj01', '70_lag_stratZ50ndj01', '56_lag_traFS', '73_lag_traEU', '56_lag_nchinaPRjja', '67_lag_scpPSLjfm', '55_lag_nhSICjfm', '67_lag_eapPSLjfm', '70_lag_stratZ50ndj02', '72_lag_nchinaPRjja', '68_lag_nchinaPRjja', '58_lag_nchinaPRjja', '69_lag_mhfIP30', '62_lag_ismPRjja', '66_lag_stratZ50ndj01']","[0.033413007354273334, 0.03091922166207814, 0.11786902852378885, 0.12991955465324798, 0.09322765700455615, 0.09098048036707788, 0.09804505181879838, 0.15551287068433095, 0.03169327142110917, 0.07478160275935601, 0.015329753827342571, 0.15429030587869277, 0.062448489830960255, 0.09740382709794734, 0.09529662054628754, 0.04718521025286582, 0.07954540217123922, 0.16886937076481856, 0.07825138076421383, 0.05078481403870476, 0.07784556863018696, 0.2364156791878097, 0.10623295421438872, 0.1342030315256153, 0.05314673470119763, 0.09243334773585467, 0.013814723514131266, 0.06894444296499114, 0.12890345860920255, 0.0585345424919948]","77_lag_traEU, 68_lag_samPSLann, 66_lag_mhfIP30, 64_lag_traMC, 70_lag_scpPSLjfm, 63_lag_tripol1, 54_lag_shSICmar, 59_lag_traCA, 56_lag_traBO, 69_lag_samPSLann, 57_lag_alpi, 61_lag_shSICmar, 57_lag_traFS, 64_lag_shSICsep, 54_lag_neurTSjfm, 59_lag_stratZ50ndj01, 70_lag_stratZ50ndj01, 56_lag_traFS, 73_lag_traEU, 56_lag_nchinaPRjja, 67_lag_scpPSLjfm, 55_lag_nhSICjfm, 67_lag_eapPSLjfm, 70_lag_stratZ50ndj02, 72_lag_nchinaPRjja, 68_lag_nchinaPRjja, 58_lag_nchinaPRjja, 69_lag_mhfIP30, 62_lag_ismPRjja, 66_lag_stratZ50ndj01_3835_54"
LinearRegression,66,30,nppc2SSTjfm,slow,1580.5,2005.5,0.6,81,51,54,14.977862562656838,0.24351280795924746,3835,"['70_lag_scpPSLjfm', '73_lag_traEU', '63_lag_tripol1', '67_lag_scpPSLjfm', '56_lag_traBO', '65_lag_mhfATL30', '72_lag_traBS', '67_lag_tripol1', '57_lag_traFS', '57_lag_alpi', '74_lag_shSICmar', '61_lag_shSICmar', '54_lag_shSICmar', '56_lag_nchinaPRjja', '55_lag_nhSICjfm', '69_lag_samPSLann', '70_lag_stratZ50ndj02', '56_lag_traFS', '80_lag_scpPSLjfm', '54_lag_neurTSjfm', '64_lag_shSICsep', '59_lag_stratZ50ndj01', '67_lag_eapPSLjfm', '72_lag_nchinaPRjja', '69_lag_mhfIP30', '70_lag_stratZ50ndj01', '58_lag_nchinaPRjja', '68_lag_nchinaPRjja', '66_lag_stratZ50ndj01', '62_lag_ismPRjja']","[0.09079467665962171, 0.08414626428017655, 0.10474923698323893, 0.11167785554525934, 0.02260730523509812, 0.06303357420422075, 0.1239407701325115, 0.07949880548564008, 0.09048381672009406, 0.02159789726567991, 0.19841281335948843, 0.1565788991569065, 0.09954916243106182, 0.04233660642042596, 0.2151323191869501, 0.07038575090941121, 0.10957389780361652, 0.16783391372588471, 0.07986171642878896, 0.07196362348850366, 0.10462225607998404, 0.04648223777521668, 0.12502380226190643, 0.0525962784406745, 0.06541334357814703, 0.0655614553751245, 0.013003712350411098, 0.0930457099242569, 0.100860921380913, 0.13122242909327128]","70_lag_scpPSLjfm, 73_lag_traEU, 63_lag_tripol1, 67_lag_scpPSLjfm, 56_lag_traBO, 65_lag_mhfATL30, 72_lag_traBS, 67_lag_tripol1, 57_lag_traFS, 57_lag_alpi, 74_lag_shSICmar, 61_lag_shSICmar, 54_lag_shSICmar, 56_lag_nchinaPRjja, 55_lag_nhSICjfm, 69_lag_samPSLann, 70_lag_stratZ50ndj02, 56_lag_traFS, 80_lag_scpPSLjfm, 54_lag_neurTSjfm, 64_lag_shSICsep, 59_lag_stratZ50ndj01, 67_lag_eapPSLjfm, 72_lag_nchinaPRjja, 69_lag_mhfIP30, 70_lag_stratZ50ndj01, 58_lag_nchinaPRjja, 68_lag_nchinaPRjja, 66_lag_stratZ50ndj01, 62_lag_ismPRjja_3835_54"
LinearRegression,67,30,nppc2SSTjfm,slow,1581.5,2005.5,0.6,82,52,52,14.931673311055109,0.24845459468871542,3835,"['72_lag_traBS', '70_lag_stratZ50ndj02', '71_lag_stratZ50ndj01', '65_lag_mhfIP30', '75_lag_mhfATL30', '59_lag_traCA', '67_lag_nppc3SSTjfm', '67_lag_tripol1', '61_lag_shSICmar', '52_lag_mhfATL30', '80_lag_scpPSLjfm', '74_lag_traFS', '59_lag_nchinaPRjja', '69_lag_samPSLann', '64_lag_traMC', '55_lag_nhSICjfm', '56_lag_mhfATL30', '54_lag_neurTSjfm', '66_lag_shSICmar', '57_lag_alpi', '64_lag_shSICsep', '68_lag_nchinaPRjja', '67_lag_stratZ50ndj01', '67_lag_eapPSLjfm', '69_lag_mhfIP30', '74_lag_shSICmar', '70_lag_stratZ50ndj01', '58_lag_nchinaPRjja', '66_lag_stratZ50ndj01', '62_lag_ismPRjja']","[0.11685668305350416, 0.07989964957273224, 0.09906593018337595, 0.07689281203812326, 0.1104413368749003, 0.12540070198560818, 0.09860408867476876, 0.03361618149311156, 0.163879479922478, 0.14713775368702844, 0.08752191334815387, 0.14101518257913795, 0.09658739115863688, 0.07307666827401225, 0.1009613148940332, 0.37130032424587206, 0.04439803617244121, 0.07940746839778691, 0.06551639446439118, 0.05186045170465742, 0.07485607114644215, 0.042520255465557884, 0.11697141707540672, 0.10712584827701829, 0.0480088589419941, 0.13700923708520515, 0.05055730663589335, 0.0027705114033038792, 0.062364384549443645, 0.13264068824367023]","72_lag_traBS, 70_lag_stratZ50ndj02, 71_lag_stratZ50ndj01, 65_lag_mhfIP30, 75_lag_mhfATL30, 59_lag_traCA, 67_lag_nppc3SSTjfm, 67_lag_tripol1, 61_lag_shSICmar, 52_lag_mhfATL30, 80_lag_scpPSLjfm, 74_lag_traFS, 59_lag_nchinaPRjja, 69_lag_samPSLann, 64_lag_traMC, 55_lag_nhSICjfm, 56_lag_mhfATL30, 54_lag_neurTSjfm, 66_lag_shSICmar, 57_lag_alpi, 64_lag_shSICsep, 68_lag_nchinaPRjja, 67_lag_stratZ50ndj01, 67_lag_eapPSLjfm, 69_lag_mhfIP30, 74_lag_shSICmar, 70_lag_stratZ50ndj01, 58_lag_nchinaPRjja, 66_lag_stratZ50ndj01, 62_lag_ismPRjja_3835_52"
LinearRegression,68,30,nppc2SSTjfm,slow,1582.5,2005.5,0.6,83,53,53,16.04473681417397,0.07533349855233451,3835,"['78_lag_scpPSLjfm', '72_lag_nchinaPRjja', '56_lag_traEC', '66_lag_mhfIP30', '65_lag_mhfIP30', '65_lag_samPSLann', '80_lag_stratZ50ndj03', '73_lag_traBS', '64_lag_shSICsep', '59_lag_traCA', '67_lag_tripol1', '56_lag_mhfATL30', '74_lag_traFS', '67_lag_nppc3SSTjfm', '72_lag_traBS', '69_lag_samPSLann', '66_lag_shSICmar', '68_lag_nchinaPRjja', '64_lag_traMC', '53_lag_traEU', '80_lag_scpPSLjfm', '69_lag_mhfIP30', '67_lag_eapPSLjfm', '57_lag_alpi', '67_lag_stratZ50ndj01', '74_lag_shSICmar', '70_lag_stratZ50ndj01', '66_lag_stratZ50ndj01', '58_lag_nchinaPRjja', '62_lag_ismPRjja']","[0.14090278005588985, 0.03769545639392967, 0.09442192100962578, 0.06067989340369635, 0.04959910159397409, 0.011599026191250483, 0.08410224019458468, 0.030986208150975816, 0.1102996275587634, 0.05881250553084627, 0.00301031886149192, 0.10292102504411298, 0.13594878083393794, 0.1662269152301863, 0.07587780890183919, 0.07637539703191515, 0.15270614896882848, 0.059420178227811676, 0.10198924422516872, 0.09961045717869345, 0.12165998089651345, 0.0934323071643925, 0.08967001910563635, 0.01552725954849226, 0.12371738234161818, 0.15689058843887527, 0.09222389062247667, 0.10646838820653207, 0.02171489500531622, 0.15587700656895673]","78_lag_scpPSLjfm, 72_lag_nchinaPRjja, 56_lag_traEC, 66_lag_mhfIP30, 65_lag_mhfIP30, 65_lag_samPSLann, 80_lag_stratZ50ndj03, 73_lag_traBS, 64_lag_shSICsep, 59_lag_traCA, 67_lag_tripol1, 56_lag_mhfATL30, 74_lag_traFS, 67_lag_nppc3SSTjfm, 72_lag_traBS, 69_lag_samPSLann, 66_lag_shSICmar, 68_lag_nchinaPRjja, 64_lag_traMC, 53_lag_traEU, 80_lag_scpPSLjfm, 69_lag_mhfIP30, 67_lag_eapPSLjfm, 57_lag_alpi, 67_lag_stratZ50ndj01, 74_lag_shSICmar, 70_lag_stratZ50ndj01, 66_lag_stratZ50ndj01, 58_lag_nchinaPRjja, 62_lag_ismPRjja_3835_53"
LinearRegression,69,30,nppc2SSTjfm,slow,1583.5,2005.5,0.6,84,54,54,16.095874544916835,0.1217261732114307,3835,"['76_lag_ensoSSTjfm', '77_lag_traEU', '66_lag_shSICmar', '80_lag_stratZ50ndj03', '81_lag_eurPSLjfm', '81_lag_ismPRjja', '59_lag_traCA', '80_lag_scpPSLjfm', '54_lag_shSICmar', '56_lag_traEC', '67_lag_nppc3SSTjfm', '67_lag_tripol1', '67_lag_stratZ50ndj01', '66_lag_mhfIP30', '74_lag_traFS', '67_lag_eapPSLjfm', '57_lag_alpi', '69_lag_samPSLann', '78_lag_scpPSLjfm', '64_lag_traMC', '68_lag_nchinaPRjja', '54_lag_neurTSjfm', '72_lag_traBS', '74_lag_shSICmar', '83_lag_mhfATL60', '66_lag_stratZ50ndj01', '58_lag_nchinaPRjja', '69_lag_mhfIP30', '70_lag_stratZ50ndj01', '62_lag_ismPRjja']","[0.08835290142917239, 0.0072517068263748125, 0.1627866430440639, 0.09412642217911477, 0.08161205870212003, 0.033587090787785705, 0.05074641480183974, 0.09568236738551097, 0.010771436127123361, 0.10154806986289112, 0.15441562001011705, 0.0547985275807144, 0.114240346912065, 0.05655354326234242, 0.12531636230529508, 0.15096034067203704, 0.006105574093415581, 0.07022684023852367, 0.1475278916036172, 0.13171525470401402, 0.05020398649458353, 0.032061866913932195, 0.06356478510417514, 0.16886919645180629, 0.1578665192856846, 0.10448763006755848, 0.028015751693376945, 0.11707166326143116, 0.10181779779986641, 0.12172009871177]","76_lag_ensoSSTjfm, 77_lag_traEU, 66_lag_shSICmar, 80_lag_stratZ50ndj03, 81_lag_eurPSLjfm, 81_lag_ismPRjja, 59_lag_traCA, 80_lag_scpPSLjfm, 54_lag_shSICmar, 56_lag_traEC, 67_lag_nppc3SSTjfm, 67_lag_tripol1, 67_lag_stratZ50ndj01, 66_lag_mhfIP30, 74_lag_traFS, 67_lag_eapPSLjfm, 57_lag_alpi, 69_lag_samPSLann, 78_lag_scpPSLjfm, 64_lag_traMC, 68_lag_nchinaPRjja, 54_lag_neurTSjfm, 72_lag_traBS, 74_lag_shSICmar, 83_lag_mhfATL60, 66_lag_stratZ50ndj01, 58_lag_nchinaPRjja, 69_lag_mhfIP30, 70_lag_stratZ50ndj01, 62_lag_ismPRjja_3835_54"
LinearRegression,70,30,nppc2SSTjfm,slow,1584.5,2005.5,0.6,85,55,55,14.907205616549893,0.2701017279508301,3835,"['72_lag_nchinaPRjja', '84_lag_mhfATL60', '82_lag_alpi', '66_lag_stratZ50ndj03', '69_lag_samPSLann', '76_lag_stratZ50ndj03', '67_lag_nppc3SSTjfm', '61_lag_shSICmar', '74_lag_traFS', '68_lag_nchinaPRjja', '74_lag_shSICmar', '67_lag_stratZ50ndj01', '75_lag_mhfATL30', '72_lag_traBS', '55_lag_nhSICjfm', '84_lag_eapPSLjfm', '64_lag_traMC', '78_lag_scpPSLjfm', '61_lag_traEC', '66_lag_mhfIP30', '70_lag_stratZ50ndj01', '55_lag_traIFC', '84_lag_ensoSSTjfm', '58_lag_nchinaPRjja', '83_lag_mhfATL60', '67_lag_eapPSLjfm', '55_lag_traCA', '69_lag_mhfIP30', '66_lag_stratZ50ndj01', '62_lag_ismPRjja']","[0.007325876532852399, 0.038559853827700385, 0.04853005771596074, 0.016784507675431857, 0.02328506607281286, 0.04559813314756938, 0.16984292908142296, 0.17288405648185676, 0.14598678387411376, 0.05448487960922854, 0.1711308003426898, 0.12461568149114494, 0.06945327385939033, 0.07459535090822998, 0.31459442349517736, 0.13825231436652774, 0.1578557744828036, 0.12613421645243172, 0.06726908522168192, 0.09903348452343826, 0.06787540227904405, 0.09437015068211489, 0.07589197621009114, 0.009042966682692562, 0.18506072613387192, 0.13053785887604763, 0.13533677639451894, 0.12651071977714373, 0.07171485005389086, 0.09689247186610317]","72_lag_nchinaPRjja, 84_lag_mhfATL60, 82_lag_alpi, 66_lag_stratZ50ndj03, 69_lag_samPSLann, 76_lag_stratZ50ndj03, 67_lag_nppc3SSTjfm, 61_lag_shSICmar, 74_lag_traFS, 68_lag_nchinaPRjja, 74_lag_shSICmar, 67_lag_stratZ50ndj01, 75_lag_mhfATL30, 72_lag_traBS, 55_lag_nhSICjfm, 84_lag_eapPSLjfm, 64_lag_traMC, 78_lag_scpPSLjfm, 61_lag_traEC, 66_lag_mhfIP30, 70_lag_stratZ50ndj01, 55_lag_traIFC, 84_lag_ensoSSTjfm, 58_lag_nchinaPRjja, 83_lag_mhfATL60, 67_lag_eapPSLjfm, 55_lag_traCA, 69_lag_mhfIP30, 66_lag_stratZ50ndj01, 62_lag_ismPRjja_3835_55"
LinearRegression,71,30,nppc2SSTjfm,slow,1585.5,2005.5,0.6,86,56,56,15.918230562254442,0.1283205714600126,3835,"['78_lag_traIFC', '67_lag_traBS', '67_lag_nppc3SSTjfm', '82_lag_alpi', '68_lag_nchinaPRjja', '84_lag_eapPSLjfm', '84_lag_ensoSSTjfm', '83_lag_mhfATL60', '66_lag_mhfIP30', '85_lag_traFSC', '80_lag_traEC', '80_lag_stratZ50ndj03', '74_lag_traFS', '72_lag_nchinaPRjja', '58_lag_nchinaPRjja', '56_lag_traEC', '56_lag_traFS', '74_lag_shSICmar', '66_lag_stratZ50ndj03', '66_lag_stratZ50ndj01', '70_lag_stratZ50ndj01', '67_lag_stratZ50ndj01', '64_lag_traMC', '76_lag_stratZ50ndj03', '78_lag_scpPSLjfm', '67_lag_eapPSLjfm', '61_lag_traEC', '56_lag_mhfATL30', '69_lag_mhfIP30', '62_lag_ismPRjja']","[0.11609737380382748, 0.03366029356320775, 0.17272340592177438, 0.045981663465232324, 0.09034285920298306, 0.10713971041201589, 0.08411976067049443, 0.1348643428661095, 0.11055960278395738, 0.09491712750088131, 0.032330629314752286, 0.09621656860797587, 0.14367278219967444, 0.03636706358933033, 0.012711477179786143, 0.04825911392966264, 0.22257181945198334, 0.17183732433483256, 0.006071002300476087, 0.07836489910889219, 0.10217958885664884, 0.09361130518662458, 0.1314386664914423, 0.07485852979903598, 0.14057251620527095, 0.07883128061335207, 0.04232065616430206, 0.11936389126662966, 0.14219016429601683, 0.1164287106487665]","78_lag_traIFC, 67_lag_traBS, 67_lag_nppc3SSTjfm, 82_lag_alpi, 68_lag_nchinaPRjja, 84_lag_eapPSLjfm, 84_lag_ensoSSTjfm, 83_lag_mhfATL60, 66_lag_mhfIP30, 85_lag_traFSC, 80_lag_traEC, 80_lag_stratZ50ndj03, 74_lag_traFS, 72_lag_nchinaPRjja, 58_lag_nchinaPRjja, 56_lag_traEC, 56_lag_traFS, 74_lag_shSICmar, 66_lag_stratZ50ndj03, 66_lag_stratZ50ndj01, 70_lag_stratZ50ndj01, 67_lag_stratZ50ndj01, 64_lag_traMC, 76_lag_stratZ50ndj03, 78_lag_scpPSLjfm, 67_lag_eapPSLjfm, 61_lag_traEC, 56_lag_mhfATL30, 69_lag_mhfIP30, 62_lag_ismPRjja_3835_56"
LinearRegression,72,30,nppc2SSTjfm,slow,1586.5,2005.5,0.6,87,57,57,16.088371124199774,0.07721631687392622,3835,"['57_lag_traFS', '85_lag_ismPRjja', '71_lag_eapPSLjfm', '83_lag_scpPSLjfm', '80_lag_traBO', '80_lag_stratZ50ndj03', '81_lag_ismPRjja', '57_lag_58_median_nchinaPRjja', '58_lag_nchinaPRjja', '73_lag_traMC', '66_lag_mhfIP30', '84_lag_ensoSSTjfm', '67_lag_traBS', '76_lag_stratZ50ndj03', '71_lag_traBS', '74_lag_shSICmar', '86_lag_traBS', '80_lag_traEC', '66_lag_stratZ50ndj03', '67_lag_eapPSLjfm', '64_lag_traMC', '78_lag_traIFC', '68_lag_nchinaPRjja', '62_lag_ismPRjja', '61_lag_traEC', '69_lag_mhfIP30', '66_lag_stratZ50ndj01', '74_lag_traFS', '67_lag_stratZ50ndj01', '78_lag_scpPSLjfm']","[0.1780353911265137, 0.1210129596033021, 0.0012558097912941204, 0.11485304676358052, 0.039360826986980145, 0.12981357037345193, 0.08255030473803365, 2829541112436.5454, 2829541112436.6045, 0.06181731948161304, 0.11272411615732743, 0.10693881714136863, 0.0267242568285192, 0.07840129161145298, 0.10006051168863654, 0.19885783485947886, 0.05616793797608331, 0.039995632709201694, 0.03506358485864299, 0.06802618226389086, 0.14003339741987814, 0.13199839984472525, 0.06598225327104647, 0.09704420756889201, 0.0672708432117115, 0.12788233936656904, 0.10831413696872659, 0.12136223820664896, 0.12422758902708565, 0.14393754914917328]","57_lag_traFS, 85_lag_ismPRjja, 71_lag_eapPSLjfm, 83_lag_scpPSLjfm, 80_lag_traBO, 80_lag_stratZ50ndj03, 81_lag_ismPRjja, 57_lag_58_median_nchinaPRjja, 58_lag_nchinaPRjja, 73_lag_traMC, 66_lag_mhfIP30, 84_lag_ensoSSTjfm, 67_lag_traBS, 76_lag_stratZ50ndj03, 71_lag_traBS, 74_lag_shSICmar, 86_lag_traBS, 80_lag_traEC, 66_lag_stratZ50ndj03, 67_lag_eapPSLjfm, 64_lag_traMC, 78_lag_traIFC, 68_lag_nchinaPRjja, 62_lag_ismPRjja, 61_lag_traEC, 69_lag_mhfIP30, 66_lag_stratZ50ndj01, 74_lag_traFS, 67_lag_stratZ50ndj01, 78_lag_scpPSLjfm_3835_57"
LinearRegression,73,30,nppc2SSTjfm,slow,1587.5,2005.5,0.6,88,58,58,16.263421934134527,0.06792526194342129,3835,"['87_lag_eurPSLjfm', '76_lag_ensoSSTjfm', '80_lag_stratZ50ndj03', '58_lag_59_median_traCA', '59_lag_traCA', '73_lag_traMC', '70_lag_stratZ50ndj02', '87_lag_yrvPRjja', '73_lag_seurTSjfm', '66_lag_mhfIP30', '78_lag_traIFC', '71_lag_eapPSLjfm', '85_lag_ismPRjja', '67_lag_traBS', '67_lag_stratZ50ndj01', '86_lag_traBS', '78_lag_scpPSLjfm', '67_lag_eapPSLjfm', '64_lag_traMC', '62_lag_ismPRjja', '80_lag_traEC', '76_lag_stratZ50ndj03', '66_lag_stratZ50ndj01', '74_lag_shSICmar', '68_lag_nchinaPRjja', '69_lag_mhfIP30', '58_lag_nchinaPRjja', '61_lag_traEC', '74_lag_traFS', '66_lag_stratZ50ndj03']","[0.09046011376470676, 0.09797930141437258, 0.12553496354156596, 2038699115301.3918, 2038699115301.43, 0.05334157599042408, 0.12780109593384917, 0.09578573303673116, 0.1425562943318551, 0.14221759496591302, 0.13836566788650653, 0.05091443708426057, 0.10027010504096558, 0.03408691610857405, 0.12047288540317827, 0.07400974243005666, 0.14467322967966134, 0.08553620238428686, 0.1381230107914583, 0.12654973947661857, 0.047440394447303455, 0.07099733706330026, 0.07588968553928419, 0.19157873800202518, 0.07983511986543029, 0.11329789543785436, 0.03610367225214692, 0.07392121148409267, 0.13479528166490595, 0.045114197992618295]","87_lag_eurPSLjfm, 76_lag_ensoSSTjfm, 80_lag_stratZ50ndj03, 58_lag_59_median_traCA, 59_lag_traCA, 73_lag_traMC, 70_lag_stratZ50ndj02, 87_lag_yrvPRjja, 73_lag_seurTSjfm, 66_lag_mhfIP30, 78_lag_traIFC, 71_lag_eapPSLjfm, 85_lag_ismPRjja, 67_lag_traBS, 67_lag_stratZ50ndj01, 86_lag_traBS, 78_lag_scpPSLjfm, 67_lag_eapPSLjfm, 64_lag_traMC, 62_lag_ismPRjja, 80_lag_traEC, 76_lag_stratZ50ndj03, 66_lag_stratZ50ndj01, 74_lag_shSICmar, 68_lag_nchinaPRjja, 69_lag_mhfIP30, 58_lag_nchinaPRjja, 61_lag_traEC, 74_lag_traFS, 66_lag_stratZ50ndj03_3835_58"
LinearRegression,74,30,nppc2SSTjfm,slow,1588.5,2005.5,0.6,89,59,59,16.321530772963804,0.06470686754817088,3835,"['80_lag_stratZ50ndj03', '70_lag_stratZ50ndj01', '78_lag_traIFC', '73_lag_traMC', '64_lag_tripol3', '74_lag_wnorPRjfm', '87_lag_cetTSjfm', '71_lag_eapPSLjfm', '67_lag_stratZ50ndj01', '78_lag_scpPSLjfm', '66_lag_shSICmar', '59_lag_nchinaPRjja', '73_lag_seurTSjfm', '85_lag_ismPRjja', '76_lag_ensoSSTjfm', '76_lag_stratZ50ndj03', '64_lag_traMC', '86_lag_traBS', '68_lag_nchinaPRjja', '67_lag_eapPSLjfm', '88_lag_mhfATL60', '61_lag_traEC', '66_lag_stratZ50ndj01', '69_lag_mhfIP30', '80_lag_traEC', '62_lag_ismPRjja', '74_lag_shSICmar', '59_lag_traCA', '66_lag_stratZ50ndj03', '74_lag_traFS']","[0.1376026447217831, 0.10882816691611943, 0.11920973681346994, 0.04692320844231681, 0.08052638519575372, 0.07695395985807071, 0.11394100104291702, 0.041669880837179304, 0.07313562434398196, 0.175156882671351, 0.15494831350785865, 0.0566412233910952, 0.14939585979659908, 0.09382784633527702, 0.11681763488037061, 0.06267350063501702, 0.13166625002645507, 0.12300393936779665, 0.08162917116787245, 0.06588069700359409, 0.10777129040942128, 0.04737948473029299, 0.06650968284431072, 0.13749071812642397, 0.017928676715511512, 0.1480791149733686, 0.1770764154110502, 0.020893830632418932, 0.07355453715338595, 0.1604178735401709]","80_lag_stratZ50ndj03, 70_lag_stratZ50ndj01, 78_lag_traIFC, 73_lag_traMC, 64_lag_tripol3, 74_lag_wnorPRjfm, 87_lag_cetTSjfm, 71_lag_eapPSLjfm, 67_lag_stratZ50ndj01, 78_lag_scpPSLjfm, 66_lag_shSICmar, 59_lag_nchinaPRjja, 73_lag_seurTSjfm, 85_lag_ismPRjja, 76_lag_ensoSSTjfm, 76_lag_stratZ50ndj03, 64_lag_traMC, 86_lag_traBS, 68_lag_nchinaPRjja, 67_lag_eapPSLjfm, 88_lag_mhfATL60, 61_lag_traEC, 66_lag_stratZ50ndj01, 69_lag_mhfIP30, 80_lag_traEC, 62_lag_ismPRjja, 74_lag_shSICmar, 59_lag_traCA, 66_lag_stratZ50ndj03, 74_lag_traFS_3835_59"
LinearRegression,75,30,nppc2SSTjfm,slow,1589.5,2005.5,0.6,90,60,60,15.924301037506067,0.10297372415390504,3835,"['74_lag_wnorPRjfm', '87_lag_yrvPRjja', '80_lag_traBS', '85_lag_ismPRjja', '81_lag_yrvPRjja', '60_lag_61_median_shSICmar', '78_lag_yrvPRjja', '78_lag_traIFC', '61_lag_shSICmar', '67_lag_traBS', '86_lag_traBS', '64_lag_traMC', '61_lag_traEC', '60_lag_61_median_traEC', '66_lag_stratZ50ndj01', '71_lag_eapPSLjfm', '73_lag_seurTSjfm', '76_lag_ensoSSTjfm', '78_lag_scpPSLjfm', '66_lag_shSICmar', '80_lag_stratZ50ndj03', '68_lag_nchinaPRjja', '89_lag_eurPSLjfm', '80_lag_traEC', '74_lag_traFS', '69_lag_mhfIP30', '66_lag_stratZ50ndj03', '74_lag_shSICmar', '67_lag_eapPSLjfm', '62_lag_ismPRjja']","[0.11157646914398818, 0.09205708864579429, 0.006930774304053046, 0.09557499563676321, 0.029971290820668184, 277906909280.39496, 0.0459764444437983, 0.10981929420067864, 277906909280.5533, 0.05943819200950103, 0.12023524374365227, 0.13407959338150607, 2741333982655.272, 2741333982655.3516, 0.059532149553376844, 0.03344938565499946, 0.13270954365235269, 0.09457750569235429, 0.13439686393002767, 0.170021504585769, 0.1593916387366275, 0.07167696372758062, 0.1214091544833773, 0.015302275790195996, 0.16165508166670753, 0.09796513096155013, 0.04972879063448328, 0.2197075569693199, 0.08185453583780943, 0.12376433471531273]","74_lag_wnorPRjfm, 87_lag_yrvPRjja, 80_lag_traBS, 85_lag_ismPRjja, 81_lag_yrvPRjja, 60_lag_61_median_shSICmar, 78_lag_yrvPRjja, 78_lag_traIFC, 61_lag_shSICmar, 67_lag_traBS, 86_lag_traBS, 64_lag_traMC, 61_lag_traEC, 60_lag_61_median_traEC, 66_lag_stratZ50ndj01, 71_lag_eapPSLjfm, 73_lag_seurTSjfm, 76_lag_ensoSSTjfm, 78_lag_scpPSLjfm, 66_lag_shSICmar, 80_lag_stratZ50ndj03, 68_lag_nchinaPRjja, 89_lag_eurPSLjfm, 80_lag_traEC, 74_lag_traFS, 69_lag_mhfIP30, 66_lag_stratZ50ndj03, 74_lag_shSICmar, 67_lag_eapPSLjfm, 62_lag_ismPRjja_3835_60"
LinearRegression,76,30,nppc2SSTjfm,slow,1590.5,2005.5,0.6,91,61,61,15.981993491184745,0.05287596693417939,3835,"['90_lag_stratZ50ndj01', '90_lag_ensoSSTjfm', '67_lag_traBS', '66_lag_stratZ50ndj01', '73_lag_traMC', '80_lag_ismPRjja', '79_lag_yrvPRjja', '64_lag_traMC', '78_lag_traIFC', '62_lag_ismPRjja', '76_lag_ensoSSTjfm', '71_lag_eapPSLjfm', '85_lag_ismPRjja', '61_lag_62_median_ismPRjja', '78_lag_yrvPRjja', '81_lag_yrvPRjja', '61_lag_traEC', '80_lag_traEC', '68_lag_nchinaPRjja', '66_lag_stratZ50ndj03', '87_lag_yrvPRjja', '86_lag_traBS', '78_lag_scpPSLjfm', '69_lag_mhfIP30', '80_lag_stratZ50ndj03', '74_lag_shSICmar', '74_lag_traFS', '61_lag_shSICmar', '67_lag_eapPSLjfm', '89_lag_eurPSLjfm']","[0.0720941714225025, 0.08129908851495957, 0.0503837852049232, 0.05839025835041074, 0.01296151743631117, 0.056738575604569234, 0.09080931828976194, 0.14437120596115466, 0.11383894448558658, 7996653888847.907, 0.09997101101885938, 0.040566810605019835, 0.08041601215996366, 7996653888848.006, 0.05898696652048971, 0.03503512163236568, 0.07271618335519375, 0.01810125651489801, 0.05803308481004964, 0.0662667235064528, 0.09534792799372159, 0.07856780847521434, 0.14726533482799506, 0.11145899665375571, 0.14544451053019447, 0.20727385661435044, 0.14202392851883408, 0.17525076926687302, 0.12143476632169478, 0.1246118237951332]","90_lag_stratZ50ndj01, 90_lag_ensoSSTjfm, 67_lag_traBS, 66_lag_stratZ50ndj01, 73_lag_traMC, 80_lag_ismPRjja, 79_lag_yrvPRjja, 64_lag_traMC, 78_lag_traIFC, 62_lag_ismPRjja, 76_lag_ensoSSTjfm, 71_lag_eapPSLjfm, 85_lag_ismPRjja, 61_lag_62_median_ismPRjja, 78_lag_yrvPRjja, 81_lag_yrvPRjja, 61_lag_traEC, 80_lag_traEC, 68_lag_nchinaPRjja, 66_lag_stratZ50ndj03, 87_lag_yrvPRjja, 86_lag_traBS, 78_lag_scpPSLjfm, 69_lag_mhfIP30, 80_lag_stratZ50ndj03, 74_lag_shSICmar, 74_lag_traFS, 61_lag_shSICmar, 67_lag_eapPSLjfm, 89_lag_eurPSLjfm_3835_61"
LinearRegression,77,30,nppc2SSTjfm,slow,1591.5,2005.5,0.6,92,62,62,17.330058008853083,-0.023767089626555042,3835,"['65_lag_eurPSLjfm', '79_lag_stratZ50ndj01', '80_lag_traEC', '87_lag_yrvPRjja', '74_lag_traCA', '67_lag_traBS', '91_lag_stratZ50ndj03', '73_lag_traMC', '83_lag_ginwSSTjfm', '64_lag_traMC', '62_lag_shSICmar', '76_lag_ensoSSTjfm', '90_lag_stratZ50ndj01', '79_lag_yrvPRjja', '89_lag_yrvPRjja', '78_lag_yrvPRjja', '68_lag_nchinaPRjja', '74_lag_shSICmar', '80_lag_stratZ50ndj03', '66_lag_stratZ50ndj03', '86_lag_traBS', '66_lag_stratZ50ndj01', '78_lag_scpPSLjfm', '69_lag_mhfIP30', '89_lag_eurPSLjfm', '91_lag_traEU', '91_lag_eurPSLjfm', '67_lag_eapPSLjfm', '74_lag_traFS', '62_lag_ismPRjja']","[0.11455395167711822, 0.05308369853538697, 0.028809188307170615, 0.08188664331165514, 0.10164118486611877, 0.040705780878766765, 0.08697652049618523, 0.039695633770725255, 0.07231553680869579, 0.1896374676414731, 0.17121818444233472, 0.13234101396724834, 0.07391380151733162, 0.07284893297971935, 0.10166579225936385, 0.059157304238375716, 0.06056085689018471, 0.22757874775918752, 0.11965015291434801, 0.06814777715859256, 0.1285406776456264, 0.1301687968154396, 0.14509317171007705, 0.08151729371460181, 0.0736530496152668, 0.06877957047651637, 0.13211342645338314, 0.14658424361631373, 0.056768901178457024, 0.08045476790145682]","65_lag_eurPSLjfm, 79_lag_stratZ50ndj01, 80_lag_traEC, 87_lag_yrvPRjja, 74_lag_traCA, 67_lag_traBS, 91_lag_stratZ50ndj03, 73_lag_traMC, 83_lag_ginwSSTjfm, 64_lag_traMC, 62_lag_shSICmar, 76_lag_ensoSSTjfm, 90_lag_stratZ50ndj01, 79_lag_yrvPRjja, 89_lag_yrvPRjja, 78_lag_yrvPRjja, 68_lag_nchinaPRjja, 74_lag_shSICmar, 80_lag_stratZ50ndj03, 66_lag_stratZ50ndj03, 86_lag_traBS, 66_lag_stratZ50ndj01, 78_lag_scpPSLjfm, 69_lag_mhfIP30, 89_lag_eurPSLjfm, 91_lag_traEU, 91_lag_eurPSLjfm, 67_lag_eapPSLjfm, 74_lag_traFS, 62_lag_ismPRjja_3835_62"
LinearRegression,78,30,nppc2SSTjfm,slow,1592.5,2005.5,0.6,93,63,63,17.483380284150808,-0.055245625907499506,3835,"['82_lag_atlSICsep', '78_lag_traIFC', '86_lag_traBS', '89_lag_stratZ50ndj03', '74_lag_traCA', '73_lag_traFS', '73_lag_traMC', '80_lag_ismPRjja', '74_lag_shSICmar', '91_lag_stratZ50ndj03', '67_lag_traBS', '67_lag_scpPSLjfm', '66_lag_stratZ50ndj01', '83_lag_ginwSSTjfm', '76_lag_ensoSSTjfm', '63_lag_traIT', '91_lag_traEU', '89_lag_eurPSLjfm', '92_lag_traEU', '80_lag_stratZ50ndj03', '89_lag_yrvPRjja', '67_lag_eapPSLjfm', '90_lag_stratZ50ndj01', '69_lag_mhfIP30', '66_lag_stratZ50ndj03', '91_lag_eurPSLjfm', '78_lag_scpPSLjfm', '78_lag_yrvPRjja', '74_lag_traFS', '68_lag_nchinaPRjja']","[0.15042076922235387, 0.1470704856255053, 0.14674309830591373, 0.09936752577135895, 0.1448471376875007, 0.07251208357587116, 0.0937618100939934, 0.069655875783903, 0.2050002614217817, 0.0669605910044089, 0.039920726557759564, 0.03565575594677032, 0.10937173509418706, 0.07510803091870458, 0.12058127628218689, 0.07141782625157826, 0.1175545119431239, 0.08176438039570252, 0.07288409380741355, 0.09520655504783634, 0.09141699399894965, 0.17591028645491136, 0.06307035432146779, 0.14327400266861542, 0.0695759857138008, 0.13265592566486803, 0.11473454600999299, 0.09991591876640137, 0.011840145039628335, 0.08597484018728023]","82_lag_atlSICsep, 78_lag_traIFC, 86_lag_traBS, 89_lag_stratZ50ndj03, 74_lag_traCA, 73_lag_traFS, 73_lag_traMC, 80_lag_ismPRjja, 74_lag_shSICmar, 91_lag_stratZ50ndj03, 67_lag_traBS, 67_lag_scpPSLjfm, 66_lag_stratZ50ndj01, 83_lag_ginwSSTjfm, 76_lag_ensoSSTjfm, 63_lag_traIT, 91_lag_traEU, 89_lag_eurPSLjfm, 92_lag_traEU, 80_lag_stratZ50ndj03, 89_lag_yrvPRjja, 67_lag_eapPSLjfm, 90_lag_stratZ50ndj01, 69_lag_mhfIP30, 66_lag_stratZ50ndj03, 91_lag_eurPSLjfm, 78_lag_scpPSLjfm, 78_lag_yrvPRjja, 74_lag_traFS, 68_lag_nchinaPRjja_3835_63"
LinearRegression,79,30,nppc2SSTjfm,slow,1593.5,2005.5,0.6,94,64,64,17.32664890332672,-0.030017868214352105,3835,"['67_lag_traBS', '82_lag_yrvPRjja', '89_lag_eurPSLjfm', '78_lag_traIFC', '74_lag_traCA', '74_lag_wnorPRjfm', '86_lag_traBS', '79_lag_yrvPRjja', '64_lag_traMC', '91_lag_stratZ50ndj03', '80_lag_stratZ50ndj03', '76_lag_ensoSSTjfm', '91_lag_eurPSLjfm', '80_lag_ismPRjja', '69_lag_mhfIP30', '91_lag_traEU', '66_lag_stratZ50ndj03', '74_lag_shSICmar', '89_lag_yrvPRjja', '83_lag_ginwSSTjfm', '67_lag_scpPSLjfm', '73_lag_traMC', '93_lag_nhSICjfm', '78_lag_yrvPRjja', '74_lag_traFS', '90_lag_stratZ50ndj01', '67_lag_eapPSLjfm', '93_lag_atlSICjfm', '78_lag_scpPSLjfm', '68_lag_nchinaPRjja']","[0.04805429205915518, 0.03979479667008462, 0.08773103122433605, 0.10079738630521867, 0.2161755072688437, 0.21749389149511775, 0.10944410792012879, 0.09771833903934311, 0.12230196975029997, 0.06923350038990579, 0.07390406929935907, 0.12333409870755448, 0.1059979777195554, 0.0776190420171174, 0.11902958952610156, 0.09827507954748305, 0.08130676836123903, 0.17327182893891097, 0.12150207263395645, 0.12650361882623096, 0.045391678350016666, 0.0775481061694017, 0.08747677961795725, 0.07416973994642714, 0.009812339133711358, 0.07405550208743389, 0.18375180659139212, 0.08857742693342832, 0.13383277767984608, 0.083890339533356]","67_lag_traBS, 82_lag_yrvPRjja, 89_lag_eurPSLjfm, 78_lag_traIFC, 74_lag_traCA, 74_lag_wnorPRjfm, 86_lag_traBS, 79_lag_yrvPRjja, 64_lag_traMC, 91_lag_stratZ50ndj03, 80_lag_stratZ50ndj03, 76_lag_ensoSSTjfm, 91_lag_eurPSLjfm, 80_lag_ismPRjja, 69_lag_mhfIP30, 91_lag_traEU, 66_lag_stratZ50ndj03, 74_lag_shSICmar, 89_lag_yrvPRjja, 83_lag_ginwSSTjfm, 67_lag_scpPSLjfm, 73_lag_traMC, 93_lag_nhSICjfm, 78_lag_yrvPRjja, 74_lag_traFS, 90_lag_stratZ50ndj01, 67_lag_eapPSLjfm, 93_lag_atlSICjfm, 78_lag_scpPSLjfm, 68_lag_nchinaPRjja_3835_64"
LinearRegression,80,30,nppc2SSTjfm,slow,1594.5,2005.5,0.6,95,65,65,18.065375702269286,-0.06611370579543328,3835,"['65_lag_67_median_eapPSLjfm', '74_lag_traCA', '73_lag_traFS', '74_lag_wnorPRjfm', '70_lag_stratZ50ndj03', '82_lag_traFB', '67_lag_traBS', '77_lag_ismPRjja', '82_lag_atlSICsep', '76_lag_ensoSSTjfm', '79_lag_yrvPRjja', '83_lag_ginwSSTjfm', '69_lag_mhfIP30', '80_lag_ismPRjja', '80_lag_stratZ50ndj03', '93_lag_nhSICjfm', '91_lag_eurPSLjfm', '91_lag_traEU', '89_lag_yrvPRjja', '73_lag_traMC', '74_lag_traFS', '74_lag_shSICmar', '67_lag_scpPSLjfm', '65_lag_eurPSLjfm', '93_lag_atlSICjfm', '68_lag_nchinaPRjja', '90_lag_stratZ50ndj01', '78_lag_scpPSLjfm', '67_lag_eapPSLjfm', '78_lag_yrvPRjja']","[0.3346566423971294, 0.21213788664469724, 0.027000295841692765, 0.2226156327051356, 0.04679223646473859, 0.14819126879068073, 0.12004247580787399, 0.110687882369704, 0.139928320838099, 0.13231808155934682, 0.07039738179424954, 0.10573540845223178, 0.13830740209531836, 0.06474321541456579, 0.05083889449855022, 0.07112582497594945, 0.09705355576177477, 0.08547930199488041, 0.110143360141105, 0.08519328971010688, 0.005343299027676629, 0.1576330880330559, 0.02739420322618488, 0.08163424890470412, 0.11710222162379673, 0.10492533086549552, 0.07905817539823666, 0.13015428229500223, 0.03302410272248105, 0.07434410021480962]","65_lag_67_median_eapPSLjfm, 74_lag_traCA, 73_lag_traFS, 74_lag_wnorPRjfm, 70_lag_stratZ50ndj03, 82_lag_traFB, 67_lag_traBS, 77_lag_ismPRjja, 82_lag_atlSICsep, 76_lag_ensoSSTjfm, 79_lag_yrvPRjja, 83_lag_ginwSSTjfm, 69_lag_mhfIP30, 80_lag_ismPRjja, 80_lag_stratZ50ndj03, 93_lag_nhSICjfm, 91_lag_eurPSLjfm, 91_lag_traEU, 89_lag_yrvPRjja, 73_lag_traMC, 74_lag_traFS, 74_lag_shSICmar, 67_lag_scpPSLjfm, 65_lag_eurPSLjfm, 93_lag_atlSICjfm, 68_lag_nchinaPRjja, 90_lag_stratZ50ndj01, 78_lag_scpPSLjfm, 67_lag_eapPSLjfm, 78_lag_yrvPRjja_3835_65"
LinearRegression,81,30,nppc2SSTjfm,slow,1595.5,2005.5,0.6,96,66,66,17.959118808981106,-0.08237544926444851,3835,"['80_lag_ismPRjja', '76_lag_ensoSSTjfm', '80_lag_stratZ50ndj03', '73_lag_traBS', '84_lag_traEC', '77_lag_ismPRjja', '73_lag_traMC', '83_lag_ginwSSTjfm', '79_lag_yrvPRjja', '66_lag_eapPSLjfm', '82_lag_traFB', '69_lag_mhfIP30', '74_lag_traFS', '66_lag_67_median_eapPSLjfm', '67_lag_eapPSLjfm', '91_lag_eurPSLjfm', '93_lag_nhSICjfm', '66_lag_stratZ50ndj01', '73_lag_traFS', '82_lag_alpi', '74_lag_shSICmar', '95_lag_ormenSSTjfm', '93_lag_atlSICjfm', '66_lag_shSICmar', '89_lag_yrvPRjja', '90_lag_stratZ50ndj01', '68_lag_nchinaPRjja', '66_lag_stratZ50ndj03', '78_lag_yrvPRjja', '78_lag_scpPSLjfm']","[0.05116779860741156, 0.10992047957954448, 0.06575636511744679, 0.06492769811218652, 0.12125617221189897, 0.09986381283229087, 0.04643615460413928, 0.10008948473350864, 0.05726296475529149, 0.1456483599928422, 0.16208309405651833, 0.12524169212770825, 0.13022903517802983, 2724203308578.1855, 2724203308578.01, 0.10046669134725657, 0.08525166849378726, 0.12417625704765188, 0.06607296242289698, 0.04348399698347019, 0.19855332359887262, 0.12537366482297324, 0.14214480256407394, 0.16808113929660826, 0.08309820431153678, 0.09178908959007437, 0.07815722860606385, 0.08507433000535443, 0.1072577763506426, 0.12307873769875032]","80_lag_ismPRjja, 76_lag_ensoSSTjfm, 80_lag_stratZ50ndj03, 73_lag_traBS, 84_lag_traEC, 77_lag_ismPRjja, 73_lag_traMC, 83_lag_ginwSSTjfm, 79_lag_yrvPRjja, 66_lag_eapPSLjfm, 82_lag_traFB, 69_lag_mhfIP30, 74_lag_traFS, 66_lag_67_median_eapPSLjfm, 67_lag_eapPSLjfm, 91_lag_eurPSLjfm, 93_lag_nhSICjfm, 66_lag_stratZ50ndj01, 73_lag_traFS, 82_lag_alpi, 74_lag_shSICmar, 95_lag_ormenSSTjfm, 93_lag_atlSICjfm, 66_lag_shSICmar, 89_lag_yrvPRjja, 90_lag_stratZ50ndj01, 68_lag_nchinaPRjja, 66_lag_stratZ50ndj03, 78_lag_yrvPRjja, 78_lag_scpPSLjfm_3835_66"
LinearRegression,82,30,nppc2SSTjfm,slow,1596.5,2005.5,0.6,97,67,67,17.520425620536432,-0.09385899968700795,3835,"['77_lag_ismPRjja', '91_lag_yrvPRjja', '90_lag_eurPSLjfm', '82_lag_atlSICsep', '78_lag_nchinaPRjja', '95_lag_ormenSSTjfm', '67_lag_68_median_nchinaPRjja', '68_lag_nchinaPRjja', '69_lag_mhfIP30', '91_lag_eurPSLjfm', '93_lag_nhSICjfm', '80_lag_stratZ50ndj03', '84_lag_traEC', '96_lag_traIT', '73_lag_traFS', '87_lag_yrvPRjja', '67_lag_scpPSLjfm', '67_lag_traBS', '90_lag_stratZ50ndj01', '74_lag_traFS', '79_lag_yrvPRjja', '93_lag_atlSICjfm', '83_lag_ginwSSTjfm', '89_lag_yrvPRjja', '74_lag_shSICmar', '78_lag_yrvPRjja', '82_lag_alpi', '67_lag_eapPSLjfm', '78_lag_scpPSLjfm', '96_lag_nchinaPRjja']","[0.08216078847910702, 0.0426380121490483, 0.0915628264465283, 0.13234724907535858, 0.10894783658921915, 0.151505997137951, 15012407345248.0, 15012407345247.89, 0.07546927089996533, 0.1052529951732289, 0.13888771575198483, 0.05878200929919104, 0.13745400996180068, 0.10055041445269233, 0.048462451387903865, 0.10073922043275814, 0.02403381663452131, 0.06979119384036697, 0.06760932681160221, 0.11694647322408053, 0.07227516905423262, 0.14404209522063646, 0.0835943544222001, 0.044859357887109166, 0.21041360868253542, 0.06645726357101663, 0.10566504419558419, 0.143655866402136, 0.15481640401367877, 0.122531010080487]","77_lag_ismPRjja, 91_lag_yrvPRjja, 90_lag_eurPSLjfm, 82_lag_atlSICsep, 78_lag_nchinaPRjja, 95_lag_ormenSSTjfm, 67_lag_68_median_nchinaPRjja, 68_lag_nchinaPRjja, 69_lag_mhfIP30, 91_lag_eurPSLjfm, 93_lag_nhSICjfm, 80_lag_stratZ50ndj03, 84_lag_traEC, 96_lag_traIT, 73_lag_traFS, 87_lag_yrvPRjja, 67_lag_scpPSLjfm, 67_lag_traBS, 90_lag_stratZ50ndj01, 74_lag_traFS, 79_lag_yrvPRjja, 93_lag_atlSICjfm, 83_lag_ginwSSTjfm, 89_lag_yrvPRjja, 74_lag_shSICmar, 78_lag_yrvPRjja, 82_lag_alpi, 67_lag_eapPSLjfm, 78_lag_scpPSLjfm, 96_lag_nchinaPRjja_3835_67"
LinearRegression,83,30,nppc2SSTjfm,slow,1597.5,2005.5,0.6,98,68,68,17.35960573139455,-0.06986083253790208,3835,"['95_lag_nchinaPRjja', '95_lag_stratZ50ndj01', '95_lag_ormenSSTjfm', '73_lag_traFS', '73_lag_traMC', '80_lag_stratZ50ndj03', '71_lag_traBS', '90_lag_eurPSLjfm', '77_lag_ismPRjja', '82_lag_atlSICsep', '74_lag_wnorPRjfm', '90_lag_stratZ50ndj01', '73_lag_traBS', '93_lag_stratZ50ndj01', '80_lag_ismPRjja', '96_lag_traIT', '89_lag_yrvPRjja', '79_lag_yrvPRjja', '97_lag_shSICsep', '93_lag_nhSICjfm', '74_lag_traFS', '91_lag_eurPSLjfm', '74_lag_shSICmar', '93_lag_atlSICjfm', '78_lag_yrvPRjja', '68_lag_nchinaPRjja', '83_lag_ginwSSTjfm', '82_lag_alpi', '96_lag_nchinaPRjja', '78_lag_scpPSLjfm']","[0.09212293429543582, 0.07655115776337926, 0.11927571786611256, 0.04398854998648929, 0.08440056244088326, 0.09666689691741788, 0.1572501693484516, 0.1240686887891486, 0.10775674927605086, 0.11088393811437143, 0.13270022006921112, 0.1067778431974793, 0.054076449874778894, 0.041854158399682435, 0.04857210803634466, 0.13112702259197462, 0.06346682278611943, 0.07053369612645433, 0.22787683866182587, 0.12271896699401369, 0.096602690626765, 0.1326066013692792, 0.2245223892910988, 0.11612661471418043, 0.03784187465512375, 0.08560602285376812, 0.0800036464574558, 0.05933166545396461, 0.11097740460809452, 0.1875163689256845]","95_lag_nchinaPRjja, 95_lag_stratZ50ndj01, 95_lag_ormenSSTjfm, 73_lag_traFS, 73_lag_traMC, 80_lag_stratZ50ndj03, 71_lag_traBS, 90_lag_eurPSLjfm, 77_lag_ismPRjja, 82_lag_atlSICsep, 74_lag_wnorPRjfm, 90_lag_stratZ50ndj01, 73_lag_traBS, 93_lag_stratZ50ndj01, 80_lag_ismPRjja, 96_lag_traIT, 89_lag_yrvPRjja, 79_lag_yrvPRjja, 97_lag_shSICsep, 93_lag_nhSICjfm, 74_lag_traFS, 91_lag_eurPSLjfm, 74_lag_shSICmar, 93_lag_atlSICjfm, 78_lag_yrvPRjja, 68_lag_nchinaPRjja, 83_lag_ginwSSTjfm, 82_lag_alpi, 96_lag_nchinaPRjja, 78_lag_scpPSLjfm_3835_68"
LinearRegression,84,30,nppc2SSTjfm,slow,1598.5,2005.5,0.6,99,69,69,16.415514905922603,-0.048976556279182425,3835,"['79_lag_nchinaPRjja', '73_lag_nhSICsep', '95_lag_nppc2SSTjfm', '69_lag_traMC', '82_lag_traFB', '74_lag_wnorPRjfm', '79_lag_yrvPRjja', '82_lag_atlSICsep', '89_lag_yrvPRjja', '90_lag_stratZ50ndj01', '93_lag_stratZ50ndj01', '71_lag_traBS', '83_lag_mhfATL60', '73_lag_traBS', '96_lag_traIT', '74_lag_traFS', '83_lag_nchinaPRjja', '80_lag_ismPRjja', '77_lag_ismPRjja', '84_lag_traEC', '93_lag_nhSICjfm', '69_lag_mhfIP30', '74_lag_shSICmar', '91_lag_eurPSLjfm', '83_lag_ginwSSTjfm', '78_lag_yrvPRjja', '82_lag_alpi', '93_lag_atlSICjfm', '78_lag_scpPSLjfm', '96_lag_nchinaPRjja']","[0.09097453514117189, 0.10634685649235114, 0.1825698375433992, 0.04916456933460891, 0.12759242170940716, 0.08277111891498866, 0.07042831320499669, 0.1309901900175553, 0.04247361538352124, 0.07520891591252736, 0.022501291070543664, 0.13711254862792469, 0.08727880849685794, 0.08088624990838607, 0.06233173431479141, 0.17214898967028863, 0.044747527506212484, 0.05336532196292249, 0.06725680759204926, 0.15277480887534386, 0.1290936790213858, 0.11525847831169635, 0.20403273366941282, 0.0717421655170317, 0.13859939468155236, 0.06677230820692648, 0.09872253293629633, 0.1069699032557935, 0.1795945250836785, 0.1071551751874664]","79_lag_nchinaPRjja, 73_lag_nhSICsep, 95_lag_nppc2SSTjfm, 69_lag_traMC, 82_lag_traFB, 74_lag_wnorPRjfm, 79_lag_yrvPRjja, 82_lag_atlSICsep, 89_lag_yrvPRjja, 90_lag_stratZ50ndj01, 93_lag_stratZ50ndj01, 71_lag_traBS, 83_lag_mhfATL60, 73_lag_traBS, 96_lag_traIT, 74_lag_traFS, 83_lag_nchinaPRjja, 80_lag_ismPRjja, 77_lag_ismPRjja, 84_lag_traEC, 93_lag_nhSICjfm, 69_lag_mhfIP30, 74_lag_shSICmar, 91_lag_eurPSLjfm, 83_lag_ginwSSTjfm, 78_lag_yrvPRjja, 82_lag_alpi, 93_lag_atlSICjfm, 78_lag_scpPSLjfm, 96_lag_nchinaPRjja_3835_69"
LinearRegression,85,30,nppc2SSTjfm,slow,1599.5,2005.5,0.6,100,70,70,16.548250873812908,-0.011055360502783608,3835,"['70_lag_71_median_traBS', '71_lag_traBS', '82_lag_samPSLann', '73_lag_traBS', '78_lag_traIFC', '94_lag_ginwSSTjfm', '93_lag_stratZ50ndj01', '82_lag_traFB', '83_lag_mhfATL60', '70_lag_stratZ50ndj03', '96_lag_traIT', '74_lag_traFS', '91_lag_eurPSLjfm', '77_lag_ismPRjja', '74_lag_wnorPRjfm', '80_lag_ismPRjja', '91_lag_yrvPRjja', '99_lag_shSICsep', '82_lag_atlSICsep', '83_lag_nchinaPRjja', '93_lag_nhSICjfm', '90_lag_stratZ50ndj01', '84_lag_traEC', '83_lag_ginwSSTjfm', '82_lag_alpi', '74_lag_shSICmar', '93_lag_atlSICjfm', '78_lag_scpPSLjfm', '78_lag_yrvPRjja', '96_lag_nchinaPRjja']","[0.06041891774093681, 0.060418917740936884, 0.007712222354792474, 0.054799403544613975, 0.08271716008031124, 0.05135310446401677, 0.01777223744621675, 0.07804622809672708, 0.09899067917597769, 0.05980867579406977, 0.12024251191767611, 0.15492134270036254, 0.10546217885020671, 0.10822821772371144, 0.09701257289257134, 0.07579344282743081, 0.03086318422871231, 0.15162829786869508, 0.08332337761120047, 0.050640989650953934, 0.054564806501791095, 0.09997781779353501, 0.12651030114021128, 0.12750048859422086, 0.08660591404593274, 0.1978353446771143, 0.09881227659324378, 0.15383213313317512, 0.09197822693195701, 0.143705326350038]","70_lag_71_median_traBS, 71_lag_traBS, 82_lag_samPSLann, 73_lag_traBS, 78_lag_traIFC, 94_lag_ginwSSTjfm, 93_lag_stratZ50ndj01, 82_lag_traFB, 83_lag_mhfATL60, 70_lag_stratZ50ndj03, 96_lag_traIT, 74_lag_traFS, 91_lag_eurPSLjfm, 77_lag_ismPRjja, 74_lag_wnorPRjfm, 80_lag_ismPRjja, 91_lag_yrvPRjja, 99_lag_shSICsep, 82_lag_atlSICsep, 83_lag_nchinaPRjja, 93_lag_nhSICjfm, 90_lag_stratZ50ndj01, 84_lag_traEC, 83_lag_ginwSSTjfm, 82_lag_alpi, 74_lag_shSICmar, 93_lag_atlSICjfm, 78_lag_scpPSLjfm, 78_lag_yrvPRjja, 96_lag_nchinaPRjja_3835_70"
