model,num_irrelevant,max_allowed_features,target_feature,dataset,year_start,year_end,splitsize,max_lag,init_lag,max_forecast,mae_score,corr_score,n_total_features,selected_feature_list,feature_importances,selected_features
LinearRegression,0,6,amo3,slow,1714.5,2005.5,0.8,15,1,1,14.439603206081829,0.6151934262582262,1755,"['11_lag_shSICsep', '7_lag_nchinaPRjja', '1_lag_traFSC', '1_lag_atlSICsep', '1_lag_atlSICjfm', '1_lag_alpi']","[0.04276500611398204, 0.12289107551012807, 0.30727540659700925, 0.24026797261528776, 0.3545690844365199, 0.09726527281789638]","11_lag_shSICsep, 7_lag_nchinaPRjja, 1_lag_traFSC, 1_lag_atlSICsep, 1_lag_atlSICjfm, 1_lag_alpi_1755_1"
LinearRegression,1,6,amo3,slow,1715.5,2005.5,0.8,16,1,1,13.969060508730553,0.6124243327665273,1885,"['15_lag_traEC', '4_lag_eurPSLjfm', '1_lag_traEU', '1_lag_atlSICjfm', '1_lag_atlSICsep', '1_lag_alpi']","[0.12700659584983387, 0.10443652689475161, 0.008580460442891217, 0.4705766072575893, 0.23923453345271303, 0.11588700270552232]","15_lag_traEC, 4_lag_eurPSLjfm, 1_lag_traEU, 1_lag_atlSICjfm, 1_lag_atlSICsep, 1_lag_alpi_1885_1"
LinearRegression,2,6,amo3,slow,1716.5,2005.5,0.8,17,1,1,14.25004899911493,0.5568147274889902,2015,"['16_lag_nchinaPRjja', '1_lag_traEU', '1_lag_atlSICsep', '1_lag_atlSICjfm', '1_lag_alpi', '7_lag_nchinaPRjja']","[0.030159471067617988, 0.007623523322335568, 0.22754078616882228, 0.49958313379505076, 0.11744903599794213, 0.11247060270610365]","16_lag_nchinaPRjja, 1_lag_traEU, 1_lag_atlSICsep, 1_lag_atlSICjfm, 1_lag_alpi, 7_lag_nchinaPRjja_2015_1"
LinearRegression,3,6,amo3,slow,1717.5,2005.5,0.8,18,1,1,14.6282207167104,0.6104625969469338,2145,"['1_lag_traFSC', '1_lag_atlSICsep', '7_lag_nchinaPRjja', '1_lag_atlSICjfm', '1_lag_traEU', '1_lag_alpi']","[0.30588371334933145, 0.2251630313600539, 0.12444876344731973, 0.36839178901140435, 0.03229306684083441, 0.08558766019277782]","1_lag_traFSC, 1_lag_atlSICsep, 7_lag_nchinaPRjja, 1_lag_atlSICjfm, 1_lag_traEU, 1_lag_alpi_2145_1"
LinearRegression,4,6,amo3,slow,1718.5,2005.5,0.8,19,1,1,15.582457986678074,0.5618777831867586,2275,"['1_lag_traFSC', '7_lag_nchinaPRjja', '1_lag_atlSICjfm', '18_lag_stratZ50ndj03', '1_lag_traEU', '1_lag_alpi']","[0.317311145432022, 0.13824486216774617, 0.4688073873904977, 0.004196540799204042, 0.05359445581220917, 0.08719606503601261]","1_lag_traFSC, 7_lag_nchinaPRjja, 1_lag_atlSICjfm, 18_lag_stratZ50ndj03, 1_lag_traEU, 1_lag_alpi_2275_1"
LinearRegression,5,6,amo3,slow,1719.5,2005.5,0.8,20,1,1,15.593181241569496,0.5617715348645562,2405,"['7_lag_nchinaPRjja', '18_lag_stratZ50ndj03', '1_lag_traFSC', '1_lag_atlSICjfm', '1_lag_traEU', '1_lag_alpi']","[0.13949053838711697, 0.004623561085971971, 0.318768768711336, 0.46688979544046855, 0.05212249763176069, 0.08710259366633835]","7_lag_nchinaPRjja, 18_lag_stratZ50ndj03, 1_lag_traFSC, 1_lag_atlSICjfm, 1_lag_traEU, 1_lag_alpi_2405_1"
LinearRegression,6,6,amo3,slow,1720.5,2005.5,0.8,21,1,1,16.263996412124317,0.5560528672485487,2535,"['18_lag_stratZ50ndj03', '1_lag_mhfATL45', '1_lag_atlSICjfm', '1_lag_traFSC', '1_lag_traEU', '1_lag_alpi']","[0.02169396649451932, 0.2186155992097213, 0.4440017990057094, 0.31502266814754426, 0.049933285551938884, 0.05926328740510904]","18_lag_stratZ50ndj03, 1_lag_mhfATL45, 1_lag_atlSICjfm, 1_lag_traFSC, 1_lag_traEU, 1_lag_alpi_2535_1"
LinearRegression,7,6,amo3,slow,1721.5,2005.5,0.8,22,2,2,14.061543036752617,0.595157751138357,2535,"['19_lag_stratZ50ndj03', '15_lag_traEC', '7_lag_traEU', '2_lag_atlSICsep', '2_lag_mhfATL45', '2_lag_traEC']","[0.08152702053793104, 0.13107801645539582, 0.04138603081908861, 0.4603787464833561, 0.23447665048220298, 0.16625246104972868]","19_lag_stratZ50ndj03, 15_lag_traEC, 7_lag_traEU, 2_lag_atlSICsep, 2_lag_mhfATL45, 2_lag_traEC_2535_2"
LinearRegression,8,6,amo3,slow,1722.5,2005.5,0.8,23,3,7,17.99931442920154,0.32300358702486787,2535,"['7_lag_nchinaPRjja', '22_lag_shSICsep', '15_lag_traEC', '10_lag_tripol1', '19_lag_stratZ50ndj03', '7_lag_traEU']","[0.13452470180246973, 0.046092539826862525, 0.1812508924099587, 0.011356107370817246, 0.10782486173418754, 0.0011151300777077489]","7_lag_nchinaPRjja, 22_lag_shSICsep, 15_lag_traEC, 10_lag_tripol1, 19_lag_stratZ50ndj03, 7_lag_traEU_2535_7"
LinearRegression,9,6,amo3,slow,1723.5,2005.5,0.8,24,4,4,20.228268765530018,0.20302949549771057,2535,"['19_lag_mhfATL45', '15_lag_traEC', '10_lag_tripol1', '4_lag_eurPSLjfm', '7_lag_traEU', '19_lag_stratZ50ndj03']","[0.3319006760308939, 0.17456386548958683, 0.06520469684835595, 0.11416982038428466, 0.021765719721593114, 0.13258728450534624]","19_lag_mhfATL45, 15_lag_traEC, 10_lag_tripol1, 4_lag_eurPSLjfm, 7_lag_traEU, 19_lag_stratZ50ndj03_2535_4"
LinearRegression,10,6,amo3,slow,1724.5,2005.5,0.8,25,5,5,18.124870729720616,0.36322423903692236,2535,"['23_lag_alpi', '5_lag_traMC', '5_lag_traCA', '15_lag_traEC', '19_lag_stratZ50ndj03', '24_lag_stratZ50ndj01']","[0.027246695361484687, 0.22985827631578143, 0.22238589442579426, 0.1751085851416958, 0.094259837929142, 6.557506256409107e-05]","23_lag_alpi, 5_lag_traMC, 5_lag_traCA, 15_lag_traEC, 19_lag_stratZ50ndj03, 24_lag_stratZ50ndj01_2535_5"
LinearRegression,11,6,amo3,slow,1725.5,2005.5,0.8,26,6,6,15.670418821786166,0.5267150016546285,2535,"['11_lag_traBO', '6_lag_traCA', '15_lag_traEC', '23_lag_alpi', '24_lag_stratZ50ndj01', '19_lag_stratZ50ndj03']","[0.2700705211112037, 0.2696562806720716, 0.16142720781344988, 0.02432139956451554, 0.019999599318481047, 0.11930155524359506]","11_lag_traBO, 6_lag_traCA, 15_lag_traEC, 23_lag_alpi, 24_lag_stratZ50ndj01, 19_lag_stratZ50ndj03_2535_6"
LinearRegression,12,6,amo3,slow,1726.5,2005.5,0.8,27,7,7,14.114044385762517,0.43807627394831294,2535,"['26_lag_traDP', '25_lag_shSICsep', '7_lag_nchinaPRjja', '7_lag_traEU', '24_lag_stratZ50ndj01', '19_lag_stratZ50ndj03']","[0.4610457084927568, 0.0965505272328109, 0.11941894400611411, 0.01565133471146219, 0.07337340515741675, 0.08132071093431156]","26_lag_traDP, 25_lag_shSICsep, 7_lag_nchinaPRjja, 7_lag_traEU, 24_lag_stratZ50ndj01, 19_lag_stratZ50ndj03_2535_7"
LinearRegression,13,6,amo3,slow,1727.5,2005.5,0.8,28,8,19,20.796565869130227,-0.12197509482722074,2535,"['26_lag_eurPSLjfm', '27_lag_stratZ50ndj04', '21_lag_stratZ50ndj02', '19_lag_stratZ50ndj03', '25_lag_shSICsep', '24_lag_stratZ50ndj01']","[0.07746396364054789, 0.19653667551776705, 0.10380962869275195, 0.11601998180993917, 0.11679786911721164, 0.026068190928736655]","26_lag_eurPSLjfm, 27_lag_stratZ50ndj04, 21_lag_stratZ50ndj02, 19_lag_stratZ50ndj03, 25_lag_shSICsep, 24_lag_stratZ50ndj01_2535_19"
LinearRegression,14,6,amo3,slow,1728.5,2005.5,0.8,29,9,19,19.795105402389954,0.013634954388582983,2535,"['24_lag_nchinaPRjja', '21_lag_stratZ50ndj02', '28_lag_traIT', '24_lag_stratZ50ndj01', '25_lag_shSICsep', '19_lag_stratZ50ndj03']","[0.11113504001339237, 0.0952764113467002, 0.14579403401921429, 0.018080916710909587, 0.10628424341310481, 0.11714367655980079]","24_lag_nchinaPRjja, 21_lag_stratZ50ndj02, 28_lag_traIT, 24_lag_stratZ50ndj01, 25_lag_shSICsep, 19_lag_stratZ50ndj03_2535_19"
LinearRegression,15,6,amo3,slow,1729.5,2005.5,0.8,30,10,19,19.08981789027727,0.0345782101053067,2535,"['20_lag_stratZ50ndj03', '25_lag_shSICsep', '28_lag_scpPSLjfm', '24_lag_stratZ50ndj01', '29_lag_nppc2SSTjfm', '19_lag_stratZ50ndj03']","[0.0734194624499187, 0.06976461785500407, 0.16314339261106914, 0.0052645601123398195, 0.14297263485840664, 0.10093157513182431]","20_lag_stratZ50ndj03, 25_lag_shSICsep, 28_lag_scpPSLjfm, 24_lag_stratZ50ndj01, 29_lag_nppc2SSTjfm, 19_lag_stratZ50ndj03_2535_19"
LinearRegression,16,6,amo3,slow,1730.5,2005.5,0.8,31,11,11,19.009750752543546,0.032899433842830395,2535,"['28_lag_scpPSLjfm', '20_lag_stratZ50ndj03', '26_lag_eurPSLjfm', '11_lag_shSICsep', '29_lag_nppc2SSTjfm', '19_lag_stratZ50ndj03']","[0.17051891754523993, 0.06324275044517234, 0.07449750917714845, 0.10147801712747606, 0.17094719218629284, 0.09215616156998885]","28_lag_scpPSLjfm, 20_lag_stratZ50ndj03, 26_lag_eurPSLjfm, 11_lag_shSICsep, 29_lag_nppc2SSTjfm, 19_lag_stratZ50ndj03_2535_11"
LinearRegression,17,6,amo3,slow,1731.5,2005.5,0.8,32,12,19,17.14569804634369,0.1792142510446992,2535,"['21_lag_traWP', '19_lag_nppc2SSTjfm', '29_lag_nppc2SSTjfm', '19_lag_stratZ50ndj03', '20_lag_stratZ50ndj03', '26_lag_eurPSLjfm']","[0.21763841376856002, 0.15100420088636232, 0.13819723298728687, 0.06615523200417495, 0.03393879657122095, 0.07834225983138625]","21_lag_traWP, 19_lag_nppc2SSTjfm, 29_lag_nppc2SSTjfm, 19_lag_stratZ50ndj03, 20_lag_stratZ50ndj03, 26_lag_eurPSLjfm_2535_19"
LinearRegression,18,6,amo3,slow,1732.5,2005.5,0.8,33,13,19,17.405069773107574,0.17521837423213757,2535,"['29_lag_nppc2SSTjfm', '21_lag_traWP', '19_lag_stratZ50ndj03', '32_lag_traMC', '26_lag_eurPSLjfm', '20_lag_stratZ50ndj03']","[0.13951856198113038, 0.21375738234111102, 0.08987900891164384, 0.013242701841912827, 0.07323068379536025, 0.054582798556133044]","29_lag_nppc2SSTjfm, 21_lag_traWP, 19_lag_stratZ50ndj03, 32_lag_traMC, 26_lag_eurPSLjfm, 20_lag_stratZ50ndj03_2535_19"
LinearRegression,19,6,amo3,slow,1733.5,2005.5,0.8,34,14,19,17.408636249974755,0.17324018618292672,2535,"['19_lag_stratZ50ndj03', '21_lag_traWP', '29_lag_nppc2SSTjfm', '26_lag_eurPSLjfm', '32_lag_traMC', '20_lag_stratZ50ndj03']","[0.08995897519836336, 0.214417246971669, 0.13904816322722235, 0.07421447675116942, 0.015128227893005948, 0.05382421016428997]","19_lag_stratZ50ndj03, 21_lag_traWP, 29_lag_nppc2SSTjfm, 26_lag_eurPSLjfm, 32_lag_traMC, 20_lag_stratZ50ndj03_2535_19"
LinearRegression,20,6,amo3,slow,1734.5,2005.5,0.8,35,15,15,16.48398786354316,0.49479338859103533,2535,"['15_lag_traEC', '32_lag_mhfATL30', '32_lag_traMC', '19_lag_stratZ50ndj03', '34_lag_eurPSLjfm', '20_lag_stratZ50ndj03']","[0.19504339903184362, 0.2677409834935901, 0.0763385587515756, 0.10392624961313726, 0.11213456423490062, 0.05533381234115614]","15_lag_traEC, 32_lag_mhfATL30, 32_lag_traMC, 19_lag_stratZ50ndj03, 34_lag_eurPSLjfm, 20_lag_stratZ50ndj03_2535_15"
LinearRegression,21,6,amo3,slow,1735.5,2005.5,0.8,36,16,16,17.537024667070234,0.16820291234856793,2535,"['29_lag_nppc2SSTjfm', '32_lag_mhfATL30', '24_lag_nchinaPRjja', '20_lag_stratZ50ndj03', '26_lag_eurPSLjfm', '16_lag_traEU']","[0.18413176515212107, 0.28219655470998817, 0.06723952413701498, 0.07868951917382516, 0.062017482361514366, 0.08931143211474571]","29_lag_nppc2SSTjfm, 32_lag_mhfATL30, 24_lag_nchinaPRjja, 20_lag_stratZ50ndj03, 26_lag_eurPSLjfm, 16_lag_traEU_2535_16"
LinearRegression,22,6,amo3,slow,1736.5,2005.5,0.8,37,17,21,24.90507536923459,-0.08396277332514211,2535,"['25_lag_mhfIP30', '26_lag_eurPSLjfm', '21_lag_traEU', '36_lag_nhSICsep', '24_lag_stratZ50ndj01', '36_lag_ginwSSTjfm']","[0.023069429628873674, 0.044321935373552224, 0.04198512391922195, 0.5985226474812685, 0.04457325266970916, 0.05470504447947254]","25_lag_mhfIP30, 26_lag_eurPSLjfm, 21_lag_traEU, 36_lag_nhSICsep, 24_lag_stratZ50ndj01, 36_lag_ginwSSTjfm_2535_21"
LinearRegression,23,6,amo3,slow,1737.5,2005.5,0.8,38,18,18,26.448761341563664,-0.03178314483222623,2535,"['37_lag_arcTSjfm', '36_lag_traFB', '36_lag_nhSICsep', '18_lag_ismPRjja', '37_lag_traFS', '36_lag_ginwSSTjfm']","[0.1569901510845395, 0.28512478457449647, 0.4832449944988544, 0.1401694975336179, 0.29250519076622555, 0.07955348818601032]","37_lag_arcTSjfm, 36_lag_traFB, 36_lag_nhSICsep, 18_lag_ismPRjja, 37_lag_traFS, 36_lag_ginwSSTjfm_2535_18"
LinearRegression,24,6,amo3,slow,1738.5,2005.5,0.8,39,19,19,21.06036203904164,-0.08090025611265936,2535,"['35_lag_traCA', '24_lag_nchinaPRjja', '36_lag_traFB', '37_lag_traFS', '19_lag_stratZ50ndj01', '36_lag_ginwSSTjfm']","[0.009513539404950502, 0.045261206935812134, 0.3230287194246173, 0.3842162673089687, 0.08511140920883326, 0.05948438131666334]","35_lag_traCA, 24_lag_nchinaPRjja, 36_lag_traFB, 37_lag_traFS, 19_lag_stratZ50ndj01, 36_lag_ginwSSTjfm_2535_19"
LinearRegression,25,6,amo3,slow,1739.5,2005.5,0.8,40,20,28,21.06646055820827,0.11205775934408334,2535,"['36_lag_atlSICsep', '28_lag_scpPSLjfm', '36_lag_ismPRjja', '36_lag_eurPSLjfm', '39_lag_alpi', '36_lag_ginwSSTjfm']","[0.2666209311540514, 0.16458288757503542, 0.14319549879108756, 0.17683389172570096, 0.09748442267878898, 0.09460442996690908]","36_lag_atlSICsep, 28_lag_scpPSLjfm, 36_lag_ismPRjja, 36_lag_eurPSLjfm, 39_lag_alpi, 36_lag_ginwSSTjfm_2535_28"
LinearRegression,26,6,amo3,slow,1740.5,2005.5,0.8,41,21,21,24.58477390294794,0.05398528836991922,2535,"['36_lag_nhSICsep', '21_lag_traIT', '39_lag_alpi', '39_lag_traEC', '36_lag_eurPSLjfm', '36_lag_ginwSSTjfm']","[0.5839139777797064, 0.0964082490039242, 0.07588473070923105, 0.20921925538073058, 0.18871863010544093, 0.04664733645810342]","36_lag_nhSICsep, 21_lag_traIT, 39_lag_alpi, 39_lag_traEC, 36_lag_eurPSLjfm, 36_lag_ginwSSTjfm_2535_21"
LinearRegression,27,6,amo3,slow,1741.5,2005.5,0.8,42,22,25,19.377668334547643,0.1807912506233969,2535,"['25_lag_mhfIP30', '41_lag_traBS', '39_lag_alpi', '39_lag_traEC', '36_lag_eurPSLjfm', '36_lag_ginwSSTjfm']","[0.00995041348269512, 0.1479310450831272, 0.055250339462467456, 0.25492986433803494, 0.20300556006000414, 0.050124547838640426]","25_lag_mhfIP30, 41_lag_traBS, 39_lag_alpi, 39_lag_traEC, 36_lag_eurPSLjfm, 36_lag_ginwSSTjfm_2535_25"
LinearRegression,28,6,amo3,slow,1742.5,2005.5,0.8,43,23,36,19.17740350988499,0.19351970552325176,2535,"['41_lag_scpPSLjfm', '41_lag_traBS', '36_lag_eurPSLjfm', '36_lag_ginwSSTjfm', '39_lag_alpi', '39_lag_traEC']","[0.04640703644722428, 0.13663266249373104, 0.20461087874950717, 0.04731239528687591, 0.059502214927858614, 0.262304535725514]","41_lag_scpPSLjfm, 41_lag_traBS, 36_lag_eurPSLjfm, 36_lag_ginwSSTjfm, 39_lag_alpi, 39_lag_traEC_2535_36"
LinearRegression,29,6,amo3,slow,1743.5,2005.5,0.8,44,24,36,20.453393837428454,-0.16273729622221217,2535,"['38_lag_traCA', '43_lag_traEU', '43_lag_stratZ50ndj01', '36_lag_ginwSSTjfm', '43_lag_traFB', '39_lag_traEC']","[0.05228475268674758, 0.1546768514478073, 0.18776308557220278, 0.01994890227912463, 0.04333222603041507, 0.25054619564208835]","38_lag_traCA, 43_lag_traEU, 43_lag_stratZ50ndj01, 36_lag_ginwSSTjfm, 43_lag_traFB, 39_lag_traEC_2535_36"
LinearRegression,30,6,amo3,slow,1744.5,2005.5,0.8,45,25,36,18.971196494818482,0.16482924575654237,2535,"['39_lag_traMC', '43_lag_stratZ50ndj01', '44_lag_nchinaPRjja', '36_lag_ginwSSTjfm', '43_lag_traFB', '39_lag_traEC']","[0.1646417454728413, 0.17970114235385165, 0.1462777960544111, 0.02914650064058835, 0.05609078773589267, 0.24127343632481266]","39_lag_traMC, 43_lag_stratZ50ndj01, 44_lag_nchinaPRjja, 36_lag_ginwSSTjfm, 43_lag_traFB, 39_lag_traEC_2535_36"
LinearRegression,31,6,amo3,slow,1745.5,2005.5,0.8,46,26,36,18.954584826169818,0.16833563945478797,2535,"['39_lag_traMC', '44_lag_nchinaPRjja', '43_lag_traFB', '43_lag_stratZ50ndj01', '36_lag_ginwSSTjfm', '39_lag_traEC']","[0.1632160881387132, 0.14685491151305352, 0.052529882540310935, 0.17987932772799745, 0.0297489930564645, 0.24415636478335107]","39_lag_traMC, 44_lag_nchinaPRjja, 43_lag_traFB, 43_lag_stratZ50ndj01, 36_lag_ginwSSTjfm, 39_lag_traEC_2535_36"
LinearRegression,32,6,amo3,slow,1746.5,2005.5,0.8,47,27,36,19.750053105088814,0.026035981571121303,2535,"['36_lag_ginwSSTjfm', '43_lag_traEU', '43_lag_traFB', '44_lag_nchinaPRjja', '43_lag_stratZ50ndj01', '39_lag_traEC']","[0.02834036681709099, 0.1380193568916754, 0.037894983582752145, 0.13091771750121925, 0.1827746018287294, 0.25145679130728915]","36_lag_ginwSSTjfm, 43_lag_traEU, 43_lag_traFB, 44_lag_nchinaPRjja, 43_lag_stratZ50ndj01, 39_lag_traEC_2535_36"
LinearRegression,33,6,amo3,slow,1747.5,2005.5,0.8,48,28,39,18.214799122448497,0.33320600899879194,2535,"['40_lag_gyreSSTjfm', '44_lag_traBS', '43_lag_nchinaPRjja', '43_lag_traFB', '43_lag_stratZ50ndj01', '39_lag_traEC']","[0.2878511111538682, 0.07418009208866014, 0.16143058655718856, 0.07761802720329805, 0.15263679441969064, 0.23118205188886054]","40_lag_gyreSSTjfm, 44_lag_traBS, 43_lag_nchinaPRjja, 43_lag_traFB, 43_lag_stratZ50ndj01, 39_lag_traEC_2535_39"
LinearRegression,34,6,amo3,slow,1748.5,2005.5,0.8,49,29,39,19.742732149293886,-0.006418394920451343,2535,"['39_lag_naoPSLjfm', '39_lag_traMC', '43_lag_traEU', '43_lag_traFB', '43_lag_stratZ50ndj01', '39_lag_traEC']","[0.0875993431316734, 0.15619682445136457, 0.15300939535336316, 0.02666982968298895, 0.17075795271608984, 0.224039723217325]","39_lag_naoPSLjfm, 39_lag_traMC, 43_lag_traEU, 43_lag_traFB, 43_lag_stratZ50ndj01, 39_lag_traEC_2535_39"
LinearRegression,35,6,amo3,slow,1749.5,2005.5,0.8,50,30,37,19.252308846501418,0.1106514902853455,2535,"['45_lag_stratZ50ndj02', '37_lag_alpi', '39_lag_traMC', '39_lag_naoPSLjfm', '43_lag_stratZ50ndj01', '39_lag_traEC']","[0.2343737806375485, 0.06309415882024233, 0.20703985281795217, 0.04798631067805929, 0.15887625242423342, 0.2012348525356339]","45_lag_stratZ50ndj02, 37_lag_alpi, 39_lag_traMC, 39_lag_naoPSLjfm, 43_lag_stratZ50ndj01, 39_lag_traEC_2535_37"
LinearRegression,36,6,amo3,slow,1750.5,2005.5,0.8,51,31,39,19.990171035671036,-0.051633998630038425,2535,"['41_lag_scpPSLjfm', '45_lag_stratZ50ndj02', '43_lag_traEU', '43_lag_stratZ50ndj01', '39_lag_naoPSLjfm', '39_lag_traEC']","[0.04343050987229171, 0.1936712715327189, 0.15236664814657958, 0.17646372073245986, 0.0740216177663781, 0.2294868176848514]","41_lag_scpPSLjfm, 45_lag_stratZ50ndj02, 43_lag_traEU, 43_lag_stratZ50ndj01, 39_lag_naoPSLjfm, 39_lag_traEC_2535_39"
LinearRegression,37,6,amo3,slow,1751.5,2005.5,0.8,52,32,39,19.0579613651242,0.150393017292202,2535,"['47_lag_eapPSLjfm', '43_lag_nchinaPRjja', '39_lag_naoPSLjfm', '43_lag_stratZ50ndj01', '45_lag_stratZ50ndj02', '39_lag_traEC']","[0.08593798498504224, 0.18609099725951794, 0.102037045148895, 0.15385080002557422, 0.20924864183198966, 0.2120058888078806]","47_lag_eapPSLjfm, 43_lag_nchinaPRjja, 39_lag_naoPSLjfm, 43_lag_stratZ50ndj01, 45_lag_stratZ50ndj02, 39_lag_traEC_2535_39"
LinearRegression,38,6,amo3,slow,1752.5,2005.5,0.8,53,33,39,19.176063807128486,0.13489730564291938,2535,"['47_lag_shSICsep', '43_lag_nchinaPRjja', '39_lag_naoPSLjfm', '45_lag_stratZ50ndj02', '43_lag_stratZ50ndj01', '39_lag_traEC']","[0.07741788514577537, 0.19101744224067213, 0.09338029952290519, 0.2225610537533974, 0.1622560235414912, 0.208800304382155]","47_lag_shSICsep, 43_lag_nchinaPRjja, 39_lag_naoPSLjfm, 45_lag_stratZ50ndj02, 43_lag_stratZ50ndj01, 39_lag_traEC_2535_39"
LinearRegression,39,6,amo3,slow,1753.5,2005.5,0.8,54,34,39,19.70226196435519,0.09486493599643278,2535,"['44_lag_traBS', '41_lag_nchinaPRjja', '45_lag_stratZ50ndj02', '47_lag_shSICsep', '53_lag_shSICmar', '39_lag_traEC']","[0.09319293854225393, 0.12321551243350337, 0.212660100047341, 0.06221870862762151, 0.22404516856297238, 0.24676546611001668]","44_lag_traBS, 41_lag_nchinaPRjja, 45_lag_stratZ50ndj02, 47_lag_shSICsep, 53_lag_shSICmar, 39_lag_traEC_2535_39"
LinearRegression,40,6,amo3,slow,1754.5,2005.5,0.8,55,35,41,19.240279307529036,0.15065025652035424,2535,"['43_lag_stratZ50ndj01', '43_lag_nchinaPRjja', '44_lag_traBS', '47_lag_shSICsep', '41_lag_nchinaPRjja', '53_lag_shSICmar']","[0.1702284571326401, 0.1849981092936802, 0.06145191135698801, 0.06051578200340606, 0.15317671001770455, 0.18478880541587925]","43_lag_stratZ50ndj01, 43_lag_nchinaPRjja, 44_lag_traBS, 47_lag_shSICsep, 41_lag_nchinaPRjja, 53_lag_shSICmar_2535_41"
LinearRegression,41,6,amo3,slow,1755.5,2005.5,0.8,56,36,39,18.734376495605076,0.2242811821037458,2535,"['39_lag_traEC', '44_lag_traBS', '43_lag_stratZ50ndj01', '41_lag_nchinaPRjja', '53_lag_shSICmar', '43_lag_nchinaPRjja']","[0.2484674933714314, 0.0627586030662814, 0.14729412399516348, 0.14554279128985942, 0.20398624938997326, 0.1841700999531926]","39_lag_traEC, 44_lag_traBS, 43_lag_stratZ50ndj01, 41_lag_nchinaPRjja, 53_lag_shSICmar, 43_lag_nchinaPRjja_2535_39"
LinearRegression,42,6,amo3,slow,1756.5,2005.5,0.8,57,37,41,19.518394003133192,0.07637687152744124,2535,"['44_lag_traBS', '48_lag_yrvPRjja', '53_lag_shSICmar', '43_lag_nchinaPRjja', '41_lag_nchinaPRjja', '43_lag_stratZ50ndj01']","[0.05218084378968376, 0.1861221861697838, 0.2112380548549849, 0.20058088016188008, 0.15039295906586664, 0.14543616390351327]","44_lag_traBS, 48_lag_yrvPRjja, 53_lag_shSICmar, 43_lag_nchinaPRjja, 41_lag_nchinaPRjja, 43_lag_stratZ50ndj01_2535_41"
LinearRegression,43,6,amo3,slow,1757.5,2005.5,0.8,58,38,41,19.507493906249657,0.10823666873464263,2535,"['54_lag_traTLS', '48_lag_yrvPRjja', '43_lag_stratZ50ndj01', '53_lag_shSICmar', '43_lag_nchinaPRjja', '41_lag_nchinaPRjja']","[0.09404817261415087, 0.19218770498831605, 0.14358551957591584, 0.20262147103933828, 0.19440718939489565, 0.14741167134564478]","54_lag_traTLS, 48_lag_yrvPRjja, 43_lag_stratZ50ndj01, 53_lag_shSICmar, 43_lag_nchinaPRjja, 41_lag_nchinaPRjja_2535_41"
LinearRegression,44,6,amo3,slow,1758.5,2005.5,0.8,59,39,39,19.281820373130177,0.22237942597780372,2535,"['50_lag_ginwSSTjfm', '53_lag_shSICmar', '43_lag_stratZ50ndj01', '39_lag_traEC', '43_lag_nchinaPRjja', '41_lag_nchinaPRjja']","[0.17698562927693762, 0.23595132400280766, 0.12500888445595354, 0.22715526316481383, 0.17497118706836334, 0.15429106852348468]","50_lag_ginwSSTjfm, 53_lag_shSICmar, 43_lag_stratZ50ndj01, 39_lag_traEC, 43_lag_nchinaPRjja, 41_lag_nchinaPRjja_2535_39"
LinearRegression,45,6,amo3,slow,1759.5,2005.5,0.8,60,40,43,19.12311777960247,0.2088737370772323,2535,"['55_lag_ismPRjja', '48_lag_yrvPRjja', '59_lag_traBS', '43_lag_nchinaPRjja', '53_lag_shSICmar', '43_lag_stratZ50ndj01']","[0.10775598897273157, 0.1571149246271905, 0.13344085146555137, 0.1905486265639697, 0.22695781890620859, 0.14301231714623336]","55_lag_ismPRjja, 48_lag_yrvPRjja, 59_lag_traBS, 43_lag_nchinaPRjja, 53_lag_shSICmar, 43_lag_stratZ50ndj01_2535_43"
LinearRegression,46,6,amo3,slow,1760.5,2005.5,0.8,61,41,41,19.473647303059458,0.17558531097599173,2535,"['49_lag_alpi', '59_lag_traBS', '43_lag_nchinaPRjja', '41_lag_nchinaPRjja', '43_lag_stratZ50ndj01', '53_lag_shSICmar']","[0.08953432356439255, 0.15071908541283952, 0.18448544918686255, 0.1677530126718002, 0.17178925113450258, 0.20889384452308318]","49_lag_alpi, 59_lag_traBS, 43_lag_nchinaPRjja, 41_lag_nchinaPRjja, 43_lag_stratZ50ndj01, 53_lag_shSICmar_2535_41"
LinearRegression,47,6,amo3,slow,1761.5,2005.5,0.8,62,42,44,20.765858119304678,0.26644784886947487,2535,"['44_lag_ensoSSTjfm', '47_lag_ginwSSTjfm', '59_lag_traBS', '49_lag_alpi', '48_lag_yrvPRjja', '53_lag_shSICmar']","[0.11266960667000442, 0.25014702714552856, 0.1166497476798272, 0.0922160705941235, 0.18870634654509896, 0.2623810056399369]","44_lag_ensoSSTjfm, 47_lag_ginwSSTjfm, 59_lag_traBS, 49_lag_alpi, 48_lag_yrvPRjja, 53_lag_shSICmar_2535_44"
LinearRegression,48,6,amo3,slow,1762.5,2005.5,0.8,63,43,43,20.78612354616184,-0.06579909356991011,2535,"['62_lag_stratZ50ndj01', '61_lag_shSICsep', '43_lag_stratZ50ndj01', '49_lag_alpi', '53_lag_shSICmar', '43_lag_nchinaPRjja']","[0.016849460324350998, 0.2401544822983445, 0.16649472699059759, 0.07850081236376406, 0.26489152609831507, 0.17992346248035523]","62_lag_stratZ50ndj01, 61_lag_shSICsep, 43_lag_stratZ50ndj01, 49_lag_alpi, 53_lag_shSICmar, 43_lag_nchinaPRjja_2535_43"
LinearRegression,49,6,amo3,slow,1763.5,2005.5,0.8,64,44,44,21.021094493563773,-0.11035303709004415,2535,"['61_lag_shSICsep', '53_lag_stratZ50ndj03', '59_lag_traBS', '49_lag_alpi', '44_lag_ensoSSTjfm', '53_lag_shSICmar']","[0.20147947088467483, 0.15240573716752792, 0.10793123416801224, 0.061151876105812304, 0.10012545817902894, 0.2674598819638993]","61_lag_shSICsep, 53_lag_stratZ50ndj03, 59_lag_traBS, 49_lag_alpi, 44_lag_ensoSSTjfm, 53_lag_shSICmar_2535_44"
LinearRegression,50,6,amo3,slow,1764.5,2005.5,0.8,65,45,48,19.866071065920295,0.15167113099896806,2535,"['59_lag_traBS', '53_lag_stratZ50ndj03', '53_lag_shSICmar', '48_lag_traEC', '50_lag_ginwSSTjfm', '56_lag_traEU']","[0.11627329448511714, 0.18344097500434364, 0.24348453129873884, 0.03318532466046461, 0.2227711732116736, 0.07443235523801792]","59_lag_traBS, 53_lag_stratZ50ndj03, 53_lag_shSICmar, 48_lag_traEC, 50_lag_ginwSSTjfm, 56_lag_traEU_2535_48"
LinearRegression,51,6,amo3,slow,1765.5,2005.5,0.8,66,46,48,20.252800370311796,-0.3494743410895696,2535,"['65_lag_mhfATL60', '52_lag_eurPSLjfm', '61_lag_shSICsep', '56_lag_traEU', '48_lag_traEC', '65_lag_stratZ50ndj04']","[0.137656625657216, 0.071743438228683, 0.16545979565761543, 0.009919971623959634, 0.06584868798731755, 0.33027118928502164]","65_lag_mhfATL60, 52_lag_eurPSLjfm, 61_lag_shSICsep, 56_lag_traEU, 48_lag_traEC, 65_lag_stratZ50ndj04_2535_48"
LinearRegression,52,6,amo3,slow,1766.5,2005.5,0.8,67,47,50,19.91073874680559,-0.10125919931058441,2535,"['52_lag_eurPSLjfm', '58_lag_traFB', '55_lag_ismPRjja', '50_lag_ginwSSTjfm', '61_lag_shSICsep', '65_lag_stratZ50ndj04']","[0.04228326612964161, 0.20315969932778288, 0.10342939732488687, 0.21700246656598693, 0.15588455860957012, 0.3471105549287866]","52_lag_eurPSLjfm, 58_lag_traFB, 55_lag_ismPRjja, 50_lag_ginwSSTjfm, 61_lag_shSICsep, 65_lag_stratZ50ndj04_2535_50"
LinearRegression,53,6,amo3,slow,1767.5,2005.5,0.8,68,48,48,21.211955796183386,-0.26216581906477254,2535,"['66_lag_seurTSjfm', '66_lag_eurPSLjfm', '55_lag_ismPRjja', '62_lag_nchinaPRjja', '61_lag_shSICsep', '48_lag_traEC']","[0.056632711075761615, 0.20871213690433918, 0.09350149296100548, 0.057519765299394315, 0.16656720633721955, 0.02689852365659822]","66_lag_seurTSjfm, 66_lag_eurPSLjfm, 55_lag_ismPRjja, 62_lag_nchinaPRjja, 61_lag_shSICsep, 48_lag_traEC_2535_48"
LinearRegression,54,6,amo3,slow,1768.5,2005.5,0.8,69,49,55,21.607663056381835,-0.14919394316076579,2535,"['62_lag_nchinaPRjja', '66_lag_eurPSLjfm', '66_lag_seurTSjfm', '68_lag_traEC', '55_lag_ismPRjja', '61_lag_shSICsep']","[0.07001165144543937, 0.21361933337461259, 0.09117080303894402, 0.274941634049254, 0.13458181175154024, 0.13738664312313645]","62_lag_nchinaPRjja, 66_lag_eurPSLjfm, 66_lag_seurTSjfm, 68_lag_traEC, 55_lag_ismPRjja, 61_lag_shSICsep_2535_55"
LinearRegression,55,6,amo3,slow,1769.5,2005.5,0.8,70,50,54,21.176275364836656,-0.2484137775047418,2535,"['54_lag_traTLS', '64_lag_scpPSLjfm', '55_lag_ismPRjja', '66_lag_seurTSjfm', '66_lag_eurPSLjfm', '61_lag_shSICsep']","[0.09345973084813335, 0.1055366055612128, 0.09552833886602319, 0.0443377687393021, 0.1859055269976466, 0.16132242389667126]","54_lag_traTLS, 64_lag_scpPSLjfm, 55_lag_ismPRjja, 66_lag_seurTSjfm, 66_lag_eurPSLjfm, 61_lag_shSICsep_2535_54"
LinearRegression,56,6,amo3,slow,1770.5,2005.5,0.8,71,51,55,21.43295276193332,-0.13707059436700075,2535,"['68_lag_traEC', '61_lag_shSICsep', '66_lag_eurPSLjfm', '66_lag_seurTSjfm', '64_lag_scpPSLjfm', '55_lag_ismPRjja']","[0.2817261993399012, 0.1313704817835075, 0.21800627658596444, 0.06621339475072778, 0.11838230873873332, 0.1307994728033042]","68_lag_traEC, 61_lag_shSICsep, 66_lag_eurPSLjfm, 66_lag_seurTSjfm, 64_lag_scpPSLjfm, 55_lag_ismPRjja_2535_55"
LinearRegression,57,6,amo3,slow,1771.5,2005.5,0.8,72,52,52,21.86997795039957,-0.038540563372096104,2535,"['68_lag_traEC', '52_lag_traFS', '70_lag_stratZ50ndj02', '66_lag_seurTSjfm', '66_lag_eurPSLjfm', '55_lag_ismPRjja']","[0.28485196177296623, 0.14532841321954298, 0.14001497925708195, 0.09436245834693692, 0.22292483581855937, 0.14650473024435057]","68_lag_traEC, 52_lag_traFS, 70_lag_stratZ50ndj02, 66_lag_seurTSjfm, 66_lag_eurPSLjfm, 55_lag_ismPRjja_2535_52"
LinearRegression,58,6,amo3,slow,1772.5,2005.5,0.8,73,53,55,20.977327926300052,0.03171883025559681,2535,"['66_lag_traIFC', '70_lag_stratZ50ndj02', '66_lag_seurTSjfm', '68_lag_traEC', '55_lag_ismPRjja', '66_lag_eurPSLjfm']","[0.05143532493336104, 0.1481387911021339, 0.07816939917960719, 0.281417269527124, 0.15256903945327158, 0.23362043029835378]","66_lag_traIFC, 70_lag_stratZ50ndj02, 66_lag_seurTSjfm, 68_lag_traEC, 55_lag_ismPRjja, 66_lag_eurPSLjfm_2535_55"
LinearRegression,59,6,amo3,slow,1773.5,2005.5,0.8,74,54,54,20.92026540022399,0.04804995586737974,2535,"['55_lag_ismPRjja', '66_lag_seurTSjfm', '54_lag_55_median_ismPRjja', '68_lag_traEC', '70_lag_stratZ50ndj02', '66_lag_eurPSLjfm']","[0.07672820143841007, 0.09683244650119499, 0.07672820143841004, 0.28735053525874005, 0.15024433523590028, 0.23135703269514468]","55_lag_ismPRjja, 66_lag_seurTSjfm, 54_lag_55_median_ismPRjja, 68_lag_traEC, 70_lag_stratZ50ndj02, 66_lag_eurPSLjfm_2535_54"
LinearRegression,60,6,amo3,slow,1774.5,2005.5,0.8,75,55,55,21.83736018478139,-0.1287696294738773,2535,"['69_lag_traEU', '66_lag_seurTSjfm', '73_lag_traDP', '70_lag_stratZ50ndj02', '55_lag_ismPRjja', '66_lag_eurPSLjfm']","[0.06673111582906262, 0.06724718401313615, 0.4154987618291886, 0.15675657375978186, 0.06932509981556986, 0.19731413514471444]","69_lag_traEU, 66_lag_seurTSjfm, 73_lag_traDP, 70_lag_stratZ50ndj02, 55_lag_ismPRjja, 66_lag_eurPSLjfm_2535_55"
LinearRegression,61,6,amo3,slow,1775.5,2005.5,0.8,76,56,56,21.648242474812534,-0.06818226590211827,2535,"['75_lag_traFB', '56_lag_traEU', '75_lag_nchinaPRjja', '70_lag_stratZ50ndj02', '73_lag_traDP', '66_lag_eurPSLjfm']","[0.08934215278565838, 0.03224080969102461, 0.11535666754151491, 0.15829225156430923, 0.4407715607831224, 0.2187823230948774]","75_lag_traFB, 56_lag_traEU, 75_lag_nchinaPRjja, 70_lag_stratZ50ndj02, 73_lag_traDP, 66_lag_eurPSLjfm_2535_56"
LinearRegression,62,6,amo3,slow,1776.5,2005.5,0.8,77,57,62,23.3806368993496,-0.3067311286982145,2535,"['62_lag_traFSC', '76_lag_shSICsep', '63_lag_stratZ50ndj03', '75_lag_nchinaPRjja', '73_lag_traDP', '66_lag_eurPSLjfm']","[0.15676626314995815, 0.08547039898015374, 0.06930710783696073, 0.10785054449336695, 0.43878307093755337, 0.22994320611374808]","62_lag_traFSC, 76_lag_shSICsep, 63_lag_stratZ50ndj03, 75_lag_nchinaPRjja, 73_lag_traDP, 66_lag_eurPSLjfm_2535_62"
LinearRegression,63,6,amo3,slow,1777.5,2005.5,0.8,78,58,66,22.439147963603396,-0.13191064516273987,2535,"['73_lag_traDP', '66_lag_eurPSLjfm', '75_lag_traFB', '70_lag_stratZ50ndj02', '75_lag_nchinaPRjja', '77_lag_shSICsep']","[0.437539159164261, 0.21815711832450557, 0.09115089295794562, 0.1618147381730122, 0.12197735416323052, 0.1259725412098055]","73_lag_traDP, 66_lag_eurPSLjfm, 75_lag_traFB, 70_lag_stratZ50ndj02, 75_lag_nchinaPRjja, 77_lag_shSICsep_2535_66"
LinearRegression,64,6,amo3,slow,1778.5,2005.5,0.8,79,59,66,21.110493186676567,0.006705601012412125,2535,"['66_lag_eurPSLjfm', '70_lag_pdoSSTjfm', '70_lag_stratZ50ndj02', '75_lag_nchinaPRjja', '75_lag_traFB', '77_lag_shSICsep']","[0.24252369812378183, 0.04902755806119391, 0.18707689253468318, 0.11225438039083027, 0.04079618934368241, 0.13567185156533731]","66_lag_eurPSLjfm, 70_lag_pdoSSTjfm, 70_lag_stratZ50ndj02, 75_lag_nchinaPRjja, 75_lag_traFB, 77_lag_shSICsep_2535_66"
LinearRegression,65,6,amo3,slow,1779.5,2005.5,0.8,80,60,70,20.75615410526948,-0.005138683328492637,2535,"['75_lag_traFB', '79_lag_shSICsep', '70_lag_stratZ50ndj02', '78_lag_eurPSLjfm', '75_lag_nchinaPRjja', '77_lag_shSICsep']","[0.07663692147775471, 0.10767111135395721, 0.17780101410602334, 0.16377580498432848, 0.05154390755478771, 0.08320374463053516]","75_lag_traFB, 79_lag_shSICsep, 70_lag_stratZ50ndj02, 78_lag_eurPSLjfm, 75_lag_nchinaPRjja, 77_lag_shSICsep_2535_70"
LinearRegression,66,6,amo3,slow,1780.5,2005.5,0.8,81,61,75,20.937267568722174,-0.06018071611209664,2535,"['75_lag_traFB', '79_lag_shSICsep', '78_lag_nchinaPRjja', '75_lag_nchinaPRjja', '78_lag_eurPSLjfm', '77_lag_shSICsep']","[0.1044895868792157, 0.11252913680527298, 0.0664060672591694, 0.028103056148790627, 0.15685292412277219, 0.07979948556361208]","75_lag_traFB, 79_lag_shSICsep, 78_lag_nchinaPRjja, 75_lag_nchinaPRjja, 78_lag_eurPSLjfm, 77_lag_shSICsep_2535_75"
LinearRegression,67,6,amo3,slow,1781.5,2005.5,0.8,82,62,62,21.012598648120044,-0.030932311051226312,2535,"['79_lag_shSICsep', '62_lag_scpPSLjfm', '75_lag_nchinaPRjja', '78_lag_nchinaPRjja', '78_lag_eurPSLjfm', '77_lag_shSICsep']","[0.11154131576568764, 0.11107856029016314, 0.03038682258216565, 0.07422854624238653, 0.14320315431585912, 0.08283759927071344]","79_lag_shSICsep, 62_lag_scpPSLjfm, 75_lag_nchinaPRjja, 78_lag_nchinaPRjja, 78_lag_eurPSLjfm, 77_lag_shSICsep_2535_62"
LinearRegression,68,6,amo3,slow,1782.5,2005.5,0.8,83,63,75,21.373378813639192,-0.053216978039925915,2535,"['79_lag_shSICsep', '81_lag_alpi', '78_lag_nchinaPRjja', '77_lag_shSICsep', '75_lag_nchinaPRjja', '78_lag_eurPSLjfm']","[0.10964895371797678, 0.152763018601349, 0.05272632336328626, 0.09693332320862913, 0.04572245136635099, 0.14997688906015272]","79_lag_shSICsep, 81_lag_alpi, 78_lag_nchinaPRjja, 77_lag_shSICsep, 75_lag_nchinaPRjja, 78_lag_eurPSLjfm_2535_75"
LinearRegression,69,6,amo3,slow,1783.5,2005.5,0.8,84,64,68,22.292810118034712,-0.1088506560119962,2535,"['70_lag_stratZ50ndj02', '68_lag_traMC', '77_lag_shSICsep', '78_lag_nchinaPRjja', '75_lag_nchinaPRjja', '78_lag_eurPSLjfm']","[0.16828302477918058, 0.23127264067899936, 0.16455380459864202, 0.05733059644318902, 0.04125471146656187, 0.16861104123202134]","70_lag_stratZ50ndj02, 68_lag_traMC, 77_lag_shSICsep, 78_lag_nchinaPRjja, 75_lag_nchinaPRjja, 78_lag_eurPSLjfm_2535_68"
LinearRegression,70,6,amo3,slow,1784.5,2005.5,0.8,85,65,68,22.292106206680444,-0.17843158995667238,2535,"['78_lag_shSICsep', '77_lag_shSICsep', '75_lag_nchinaPRjja', '68_lag_traMC', '78_lag_nchinaPRjja', '78_lag_eurPSLjfm']","[0.0609767124176379, 0.13021113832877257, 0.02678171688254695, 0.2431854015812848, 0.050559226419727835, 0.16719636763305168]","78_lag_shSICsep, 77_lag_shSICsep, 75_lag_nchinaPRjja, 68_lag_traMC, 78_lag_nchinaPRjja, 78_lag_eurPSLjfm_2535_68"
LinearRegression,71,6,amo3,slow,1785.5,2005.5,0.8,86,66,66,23.310632816530426,-0.08595095202418876,2535,"['78_lag_eurPSLjfm', '83_lag_traEC', '84_lag_traEC', '68_lag_traMC', '66_lag_eurPSLjfm', '78_lag_shSICsep']","[0.11799560682025456, 0.26497588133097144, 0.26277889487054307, 0.17393995502447507, 0.17919329447065332, 0.07762176565554003]","78_lag_eurPSLjfm, 83_lag_traEC, 84_lag_traEC, 68_lag_traMC, 66_lag_eurPSLjfm, 78_lag_shSICsep_2535_66"
LinearRegression,72,6,amo3,slow,1786.5,2005.5,0.8,87,67,67,23.658563288557993,0.03137216589894709,2535,"['67_lag_traEC', '75_lag_nchinaPRjja', '84_lag_traEC', '83_lag_traEC', '79_lag_shSICsep', '78_lag_eurPSLjfm']","[0.18623121387886102, 0.09354430800630474, 0.2961459812044595, 0.2861238953298566, 0.10125646104455084, 0.08985757484240495]","67_lag_traEC, 75_lag_nchinaPRjja, 84_lag_traEC, 83_lag_traEC, 79_lag_shSICsep, 78_lag_eurPSLjfm_2535_67"
LinearRegression,73,6,amo3,slow,1787.5,2005.5,0.8,88,68,68,23.62349129713268,-0.10625934336321721,2535,"['68_lag_traMC', '70_lag_traMC', '84_lag_traEC', '78_lag_eurPSLjfm', '78_lag_nchinaPRjja', '83_lag_traEC']","[0.18759334712721812, 0.18218304657975035, 0.29369275704749975, 0.0881491496184729, 0.03959641276460326, 0.28412986253193456]","68_lag_traMC, 70_lag_traMC, 84_lag_traEC, 78_lag_eurPSLjfm, 78_lag_nchinaPRjja, 83_lag_traEC_2535_68"
LinearRegression,74,6,amo3,slow,1788.5,2005.5,0.8,89,69,69,23.24566402806943,-0.009072086147464433,2535,"['69_lag_70_median_traMC', '75_lag_nchinaPRjja', '78_lag_eurPSLjfm', '83_lag_traEC', '78_lag_nchinaPRjja', '84_lag_traEC']","[0.1692215132369478, 0.09280018677045676, 0.06766093585582192, 0.3047043858175348, 0.05209153545726107, 0.31690939411669505]","69_lag_70_median_traMC, 75_lag_nchinaPRjja, 78_lag_eurPSLjfm, 83_lag_traEC, 78_lag_nchinaPRjja, 84_lag_traEC_2535_69"
LinearRegression,75,6,amo3,slow,1789.5,2005.5,0.8,90,70,75,23.153749712654733,0.034483718625146584,2535,"['84_lag_stratZ50ndj03', '75_lag_alpi', '78_lag_eurPSLjfm', '84_lag_traEC', '83_lag_traEC', '78_lag_nchinaPRjja']","[0.016973971028261443, 0.11016338964183156, 0.09604130650829708, 0.3182788915098008, 0.3152764415585695, 0.08581676728689146]","84_lag_stratZ50ndj03, 75_lag_alpi, 78_lag_eurPSLjfm, 84_lag_traEC, 83_lag_traEC, 78_lag_nchinaPRjja_2535_75"
LinearRegression,76,6,amo3,slow,1790.5,2005.5,0.8,91,71,75,23.33227455679289,0.010209431228391998,2535,"['75_lag_alpi', '84_lag_traEC', '78_lag_nchinaPRjja', '83_lag_traEC', '78_lag_eurPSLjfm', '90_lag_shSICmar']","[0.10792898809559978, 0.3151096322153159, 0.08807999178169237, 0.3065416194420174, 0.0957202900707841, 0.0966680485335284]","75_lag_alpi, 84_lag_traEC, 78_lag_nchinaPRjja, 83_lag_traEC, 78_lag_eurPSLjfm, 90_lag_shSICmar_2535_75"
LinearRegression,77,6,amo3,slow,1791.5,2005.5,0.8,92,72,78,24.177527185778676,-0.06362171261049863,2535,"['91_lag_scpPSLjfm', '83_lag_traEC', '87_lag_stratZ50ndj01', '78_lag_nchinaPRjja', '84_lag_traEC', '90_lag_shSICmar']","[0.1468229496423557, 0.29533962548306025, 0.026804899571147803, 0.10633735194539004, 0.3014531290494335, 0.12157268175814229]","91_lag_scpPSLjfm, 83_lag_traEC, 87_lag_stratZ50ndj01, 78_lag_nchinaPRjja, 84_lag_traEC, 90_lag_shSICmar_2535_78"
LinearRegression,78,6,amo3,slow,1792.5,2005.5,0.8,93,73,78,22.249067250113153,0.13432914727139264,2535,"['84_lag_stratZ50ndj03', '92_lag_stratZ50ndj03', '78_lag_nchinaPRjja', '84_lag_traEC', '91_lag_stratZ50ndj03', '90_lag_shSICmar']","[0.02740599860792466, 0.1401458579490657, 0.12067507148191295, 0.31416214672587084, 0.13872781305592968, 0.13544163491694408]","84_lag_stratZ50ndj03, 92_lag_stratZ50ndj03, 78_lag_nchinaPRjja, 84_lag_traEC, 91_lag_stratZ50ndj03, 90_lag_shSICmar_2535_78"
LinearRegression,79,6,amo3,slow,1793.5,2005.5,0.8,94,74,84,22.32789841358677,0.11055853140059019,2535,"['84_lag_stratZ50ndj03', '92_lag_stratZ50ndj03', '84_lag_traEC', '91_lag_stratZ50ndj03', '89_lag_scpPSLjfm', '90_lag_shSICmar']","[0.02452388314501557, 0.1375313885122095, 0.2914446665505694, 0.1202306062071744, 0.14458573389123386, 0.12466138120297512]","84_lag_stratZ50ndj03, 92_lag_stratZ50ndj03, 84_lag_traEC, 91_lag_stratZ50ndj03, 89_lag_scpPSLjfm, 90_lag_shSICmar_2535_84"
LinearRegression,80,6,amo3,slow,1794.5,2005.5,0.8,95,75,75,22.873985793521054,-0.11125695348133602,2535,"['91_lag_stratZ50ndj03', '89_lag_scpPSLjfm', '94_lag_pdoSSTjfm', '91_lag_scpPSLjfm', '75_lag_alpi', '90_lag_shSICmar']","[0.14388859429142142, 0.1736911156803616, 0.15857485610881236, 0.15101108601399865, 0.07720817335275079, 0.16166359674109318]","91_lag_stratZ50ndj03, 89_lag_scpPSLjfm, 94_lag_pdoSSTjfm, 91_lag_scpPSLjfm, 75_lag_alpi, 90_lag_shSICmar_2535_75"
LinearRegression,81,6,amo3,slow,1795.5,2005.5,0.8,96,76,80,22.646925791724485,-0.07970181234480295,2535,"['87_lag_stratZ50ndj01', '94_lag_pdoSSTjfm', '80_lag_yrvPRjja', '89_lag_scpPSLjfm', '92_lag_stratZ50ndj03', '90_lag_shSICmar']","[0.019082084970236734, 0.19474400370601153, 0.17170689752361384, 0.1760802012445624, 0.14973898490913892, 0.1751968463523351]","87_lag_stratZ50ndj01, 94_lag_pdoSSTjfm, 80_lag_yrvPRjja, 89_lag_scpPSLjfm, 92_lag_stratZ50ndj03, 90_lag_shSICmar_2535_80"
LinearRegression,82,6,amo3,slow,1796.5,2005.5,0.8,97,77,77,19.26185582258211,0.3976433479361387,2535,"['94_lag_pdoSSTjfm', '95_lag_alpi', '92_lag_stratZ50ndj03', '85_lag_shSICsep', '77_lag_shSICmar', '96_lag_gyreSSTjfm']","[0.19816198110459401, 0.09122999815290396, 0.1812886887761683, 0.06914539046029697, 0.04012241415943617, 0.34303916156165953]","94_lag_pdoSSTjfm, 95_lag_alpi, 92_lag_stratZ50ndj03, 85_lag_shSICsep, 77_lag_shSICmar, 96_lag_gyreSSTjfm_2535_77"
LinearRegression,83,6,amo3,slow,1797.5,2005.5,0.8,98,78,85,18.314803897488222,0.4511806603137773,2535,"['85_lag_shSICsep', '96_lag_gyreSSTjfm', '97_lag_yrvPRjja', '97_lag_nchinaPRjja', '96_lag_eurPSLjfm', '95_lag_alpi']","[0.09364727767927153, 0.34874423681563466, 0.15788621800687547, 0.16055173685969526, 0.16694937153440698, 0.14275241166255825]","85_lag_shSICsep, 96_lag_gyreSSTjfm, 97_lag_yrvPRjja, 97_lag_nchinaPRjja, 96_lag_eurPSLjfm, 95_lag_alpi_2535_85"
LinearRegression,84,6,amo3,slow,1798.5,2005.5,0.8,99,79,95,18.43917076862536,0.433812727378725,2535,"['96_lag_gyreSSTjfm', '98_lag_shSICmar', '95_lag_alpi', '96_lag_eurPSLjfm', '97_lag_yrvPRjja', '97_lag_nchinaPRjja']","[0.3346945206311081, 0.17499014352202322, 0.15240337722303265, 0.1441979288420085, 0.17670182588227062, 0.1629538185294301]","96_lag_gyreSSTjfm, 98_lag_shSICmar, 95_lag_alpi, 96_lag_eurPSLjfm, 97_lag_yrvPRjja, 97_lag_nchinaPRjja_2535_95"
LinearRegression,85,6,amo3,slow,1799.5,2005.5,0.8,100,80,84,21.236961944342976,0.16524872397530246,2535,"['86_lag_ginwSSTjfm', '84_lag_traEC', '92_lag_eurPSLjfm', '97_lag_yrvPRjja', '97_lag_nchinaPRjja', '96_lag_eurPSLjfm']","[0.22288514232106602, 0.33613988005415485, 0.11809819238431943, 0.1164704798119903, 0.17248982756896064, 0.17047229836327868]","86_lag_ginwSSTjfm, 84_lag_traEC, 92_lag_eurPSLjfm, 97_lag_yrvPRjja, 97_lag_nchinaPRjja, 96_lag_eurPSLjfm_2535_84"
