model,num_irrelevant,max_allowed_features,target_feature,dataset,year_start,year_end,splitsize,max_lag,init_lag,max_forecast,mae_score,corr_score,n_total_features,selected_feature_list,feature_importances,selected_features
LRforcedPSO,0,30,shSICmar,slow,1714.5,2005.5,0.8,15,5,5,20.66796261760906,0.2215097058027409,1235,"['12_lag_traEU', '9_lag_amoSSTmjjaso', '5_lag_13_median_scpPSLjfm', '6_lag_traDP', '5_lag_7_median_naoPSLjfm', '5_lag_8_median_traFSC', '5_lag_8_median_naoPSLjfm', '5_lag_nhSICjfm', '10_lag_naoPSLjfm', '5_lag_9_median_atlSICsep', '14_lag_alpi', '5_lag_13_median_mhfIP30', '5_lag_13_median_shSICmar', '7_lag_traBO', '5_lag_9_median_ismPRjja', '10_lag_arcTSjfm', '5_lag_14_median_traIFC', '12_lag_mhfATL30', '5_lag_10_median_AMOCann', '5_lag_10_median_cetTSjfm', '10_lag_traFB', '5_lag_9_median_pdoSSTjfm', '6_lag_traFS', '5_lag_14_median_amo3', '11_lag_nhTSjfm', '5_lag_10_median_nchinaPRjja', '9_lag_traTLS', '7_lag_traIFC', '14_lag_cetTSjfm', '11_lag_nppc3SSTjfm']","[3.232499488610694, 1.5914914346892157, 1.5309772366362502, 9.420298577673062, 9.319813073286351, 6.245588184205859, 0.18633582674642923, 0.7670159532837921, 5.982616145816644, 5.115140786776905, 3.40880251663396, 4.857782024587372, 9.122023479075224, 5.1687464183257035, 3.6176708284529635, 9.247731464703605, 0.24282681582066878, 3.13673669134674, 9.225581038197548, 0.20494591551205943, 8.823236132533626, 5.92681391961801, 2.4255061340430384, 6.128340871191462, 0.35612506246403086, 1.4052244340264544, 1.132266963060859, 7.367913965908148, 2.1673879519594497, 1.7788082789023445]","12_lag_traEU, 9_lag_amoSSTmjjaso, 5_lag_13_median_scpPSLjfm, 6_lag_traDP, 5_lag_7_median_naoPSLjfm, 5_lag_8_median_traFSC, 5_lag_8_median_naoPSLjfm, 5_lag_nhSICjfm, 10_lag_naoPSLjfm, 5_lag_9_median_atlSICsep, 14_lag_alpi, 5_lag_13_median_mhfIP30, 5_lag_13_median_shSICmar, 7_lag_traBO, 5_lag_9_median_ismPRjja, 10_lag_arcTSjfm, 5_lag_14_median_traIFC, 12_lag_mhfATL30, 5_lag_10_median_AMOCann, 5_lag_10_median_cetTSjfm, 10_lag_traFB, 5_lag_9_median_pdoSSTjfm, 6_lag_traFS, 5_lag_14_median_amo3, 11_lag_nhTSjfm, 5_lag_10_median_nchinaPRjja, 9_lag_traTLS, 7_lag_traIFC, 14_lag_cetTSjfm, 11_lag_nppc3SSTjfm_1235_5"
LRforcedPSO,1,30,shSICmar,slow,1715.5,2005.5,0.8,16,6,6,40.7373826656266,0.01734181791190869,1235,"['7_lag_tripol3', '8_lag_cetTSjfm', '8_lag_traBS', '6_lag_7_median_traIFC', '11_lag_mhfATL30', '10_lag_traFSC', '13_lag_traDP', '11_lag_mhfATL45', '7_lag_ormenSSTjfm', '15_lag_mhfIP30', '12_lag_nhTSjfm', '7_lag_eapPSLjfm', '14_lag_traBO', '6_lag_9_median_traIFC', '6_lag_14_median_tripol2', '6_lag_12_median_arcTSjfm', '6_lag_11_median_nhTSjfm', '9_lag_mhfATL60', '13_lag_nhSICjfm', '6_lag_15_median_labSSTjfm', '6_lag_8_median_arcTSjfm', '6_lag_10_median_mhfIP30', '13_lag_traFB', '6_lag_stratZ50ndj04', '6_lag_10_median_stratZ50ndj01', '8_lag_traEC', '14_lag_nchinaPRjja', '6_lag_11_median_tripol2', '15_lag_amo1', '14_lag_samPSLann']","[5.135726136466069, 1.017947263696886, 2.86028089136523, 2.642069787588448, 1.3409160662622064, 1.7228350689767638, 5.447535698561346, 5.269725995767821, 0.6506244298453705, 3.220637438370346, 3.683168371056807, 8.216291371487426, 5.928065455477172, 5.475199679581271, 6.6459778779172085, 2.4509798863686623, 1.585636631660595, 1.6140135330593175, 1.3988822204060973, 5.881464563378955, 3.085846431135515, 3.6714762511782144, 5.136643549221716, 0.989423426574767, 3.6417208458854073, 3.675086848308517, 7.148579803412909, 1.2677307517511434, 8.812420431376191, 0.47499818332468635]","7_lag_tripol3, 8_lag_cetTSjfm, 8_lag_traBS, 6_lag_7_median_traIFC, 11_lag_mhfATL30, 10_lag_traFSC, 13_lag_traDP, 11_lag_mhfATL45, 7_lag_ormenSSTjfm, 15_lag_mhfIP30, 12_lag_nhTSjfm, 7_lag_eapPSLjfm, 14_lag_traBO, 6_lag_9_median_traIFC, 6_lag_14_median_tripol2, 6_lag_12_median_arcTSjfm, 6_lag_11_median_nhTSjfm, 9_lag_mhfATL60, 13_lag_nhSICjfm, 6_lag_15_median_labSSTjfm, 6_lag_8_median_arcTSjfm, 6_lag_10_median_mhfIP30, 13_lag_traFB, 6_lag_stratZ50ndj04, 6_lag_10_median_stratZ50ndj01, 8_lag_traEC, 14_lag_nchinaPRjja, 6_lag_11_median_tripol2, 15_lag_amo1, 14_lag_samPSLann_1235_6"
LRforcedPSO,2,30,shSICmar,slow,1716.5,2005.5,0.8,17,7,7,33.48146879258616,-0.2190408438927381,1235,"['7_lag_16_median_glomaSSTjfm', '7_lag_15_median_traCA', '9_lag_AMOCann', '9_lag_labSSTjfm', '7_lag_13_median_naoPSLjfm', '7_lag_13_median_atlSICsep', '14_lag_traEC', '7_lag_15_median_traMC', '16_lag_neurTSjfm', '7_lag_13_median_ormenSSTjfm', '7_lag_16_median_gyreSSTjfm', '7_lag_16_median_shSICsep', '7_lag_12_median_shSICsep', '8_lag_amoSSTmjjaso', '7_lag_14_median_stratZ50ndj01', '7_lag_9_median_traMC', '7_lag_13_median_AMOCann', '7_lag_10_median_stratZ50ndj02', '15_lag_samPSLann', '7_lag_ginwSSTjfm', '9_lag_traTLS', '7_lag_8_median_nppc3SSTjfm', '7_lag_pdoSSTjfm', '7_lag_ensoSSTjfm', '11_lag_labSSTjfm', '12_lag_labSSTjfm', '11_lag_yrvPRjja', '7_lag_13_median_amoSSTmjjaso', '7_lag_13_median_mhfATL60', '7_lag_15_median_traBO']","[4.350069836524661, 3.8464939657120256, 5.321798930517698, 7.964898316162003, 0.35597250999211383, 6.6933253347879464, 5.571239514293405, 6.044960958529881, 9.076332770941995, 8.528714684559173, 0.10673382929233988, 7.8118166432688625, 9.636203057832553, 1.0374960898381662, 5.367760898424967, 6.921506618264268, 2.8800228306951325, 0.472324261584367, 0.6927559755546575, 0.5657745875525322, 6.56922816112486, 7.983671048020247, 3.003994459194905, 6.933573156925048, 2.474319787103676, 0.6081270912223964, 3.9124848817958515, 1.5645810376733778, 7.351895475356184, 7.718425156676695]","7_lag_16_median_glomaSSTjfm, 7_lag_15_median_traCA, 9_lag_AMOCann, 9_lag_labSSTjfm, 7_lag_13_median_naoPSLjfm, 7_lag_13_median_atlSICsep, 14_lag_traEC, 7_lag_15_median_traMC, 16_lag_neurTSjfm, 7_lag_13_median_ormenSSTjfm, 7_lag_16_median_gyreSSTjfm, 7_lag_16_median_shSICsep, 7_lag_12_median_shSICsep, 8_lag_amoSSTmjjaso, 7_lag_14_median_stratZ50ndj01, 7_lag_9_median_traMC, 7_lag_13_median_AMOCann, 7_lag_10_median_stratZ50ndj02, 15_lag_samPSLann, 7_lag_ginwSSTjfm, 9_lag_traTLS, 7_lag_8_median_nppc3SSTjfm, 7_lag_pdoSSTjfm, 7_lag_ensoSSTjfm, 11_lag_labSSTjfm, 12_lag_labSSTjfm, 11_lag_yrvPRjja, 7_lag_13_median_amoSSTmjjaso, 7_lag_13_median_mhfATL60, 7_lag_15_median_traBO_1235_7"
LRforcedPSO,3,30,shSICmar,slow,1717.5,2005.5,0.8,18,8,8,39.53503999429275,-0.28812238845868016,1235,"['16_lag_shSICsep', '9_lag_eurPSLjfm', '8_lag_11_median_mhfATL45', '8_lag_15_median_solFORC', '8_lag_15_median_samPSLann', '11_lag_amo3', '12_lag_mhfATL60', '13_lag_shTSjfm', '12_lag_traFS', '11_lag_glomaSSTjfm', '8_lag_9_median_mhfATL30', '12_lag_stratZ50ndj03', '12_lag_samPSLann', '8_lag_17_median_ormenSSTjfm', '8_lag_11_median_ensoSSTjfm', '8_lag_12_median_traEU', '15_lag_nhSICsep', '12_lag_traMC', '12_lag_traDP', '8_lag_11_median_seurTSjfm', '9_lag_stratZ50ndj01', '8_lag_9_median_atlSICsep', '9_lag_traCA', '8_lag_12_median_alpi', '13_lag_stratZ50ndj04', '8_lag_11_median_traEU', '8_lag_14_median_traEC', '15_lag_traCA', '8_lag_17_median_samPSLann', '8_lag_15_median_traDP']","[4.276889700381792, 5.886166441347333, 5.084745708187262, 2.6192728838154906, 6.548076470983122, 3.630998886269449, 2.7022777667668096, 7.32773262579957, 3.403123668156784, 5.21342025144124, 0.7456005386613498, 9.449270814953945, 8.674355758826739, 9.993529210951241, 1.9403953847147228, 1.4357982671122187, 8.429533997745516, 1.22792579197802, 3.0676996342128326, 0.4292763411688263, 5.092019558138512, 1.184872095079692, 7.684293805652857, 0.30193611701650624, 0.7182994812361763, 4.451945527894711, 1.3452243361227527, 6.315747286070007, 4.1829674848650615, 4.8784084824417695]","16_lag_shSICsep, 9_lag_eurPSLjfm, 8_lag_11_median_mhfATL45, 8_lag_15_median_solFORC, 8_lag_15_median_samPSLann, 11_lag_amo3, 12_lag_mhfATL60, 13_lag_shTSjfm, 12_lag_traFS, 11_lag_glomaSSTjfm, 8_lag_9_median_mhfATL30, 12_lag_stratZ50ndj03, 12_lag_samPSLann, 8_lag_17_median_ormenSSTjfm, 8_lag_11_median_ensoSSTjfm, 8_lag_12_median_traEU, 15_lag_nhSICsep, 12_lag_traMC, 12_lag_traDP, 8_lag_11_median_seurTSjfm, 9_lag_stratZ50ndj01, 8_lag_9_median_atlSICsep, 9_lag_traCA, 8_lag_12_median_alpi, 13_lag_stratZ50ndj04, 8_lag_11_median_traEU, 8_lag_14_median_traEC, 15_lag_traCA, 8_lag_17_median_samPSLann, 8_lag_15_median_traDP_1235_8"
LRforcedPSO,4,30,shSICmar,slow,1718.5,2005.5,0.8,19,9,9,24.55736105642817,0.09892650171335729,1235,"['9_lag_13_median_mhfATL45', '18_lag_amo1', '9_lag_14_median_nhSICsep', '11_lag_traDS', '11_lag_samPSLann', '9_lag_18_median_traIT', '10_lag_arcTSjfm', '9_lag_14_median_alpi', '9_lag_seurTSjfm', '9_lag_11_median_stratZ50ndj04', '9_lag_10_median_shSICsep', '16_lag_traTLS', '9_lag_11_median_neurTSjfm', '9_lag_17_median_traEC', '9_lag_13_median_amo3', '13_lag_scpPSLjfm', '15_lag_ormenSSTjfm', '12_lag_yrvPRjja', '10_lag_AMOCann', '9_lag_12_median_glomaSSTjfm', '9_lag_14_median_traFSC', '17_lag_solFORC', '11_lag_arcTSjfm', '11_lag_gyreSSTjfm', '10_lag_stratZ50ndj03', '17_lag_AMOCann', '17_lag_cetTSjfm', '9_lag_10_median_ormenSSTjfm', '10_lag_stratZ50ndj01', '9_lag_13_median_nhSICsep']","[6.505477134827351, 4.253973917062854, 3.6724094216890446, 0.05578373861289876, 3.681224888894481, 8.941386083699408, 4.469455394554913, 0.9661609510383151, 7.6971930087441764, 4.146430546201852, 6.193425527642161, 0.9581447731524069, 4.408432871155377, 3.277561201027728, 1.959445301066097, 4.787063180691655, 6.586562416782209, 3.4957285504223528, 1.032453275801723, 6.4937421044658965, 4.464496185363956, 7.397397164250958, 2.8157177789484322, 0.014819596186306683, 2.281108247223262, 9.659812127435732, 2.145257521104364, 6.9103649725346505, 0.522047527815058, 0.0456689714527414]","9_lag_13_median_mhfATL45, 18_lag_amo1, 9_lag_14_median_nhSICsep, 11_lag_traDS, 11_lag_samPSLann, 9_lag_18_median_traIT, 10_lag_arcTSjfm, 9_lag_14_median_alpi, 9_lag_seurTSjfm, 9_lag_11_median_stratZ50ndj04, 9_lag_10_median_shSICsep, 16_lag_traTLS, 9_lag_11_median_neurTSjfm, 9_lag_17_median_traEC, 9_lag_13_median_amo3, 13_lag_scpPSLjfm, 15_lag_ormenSSTjfm, 12_lag_yrvPRjja, 10_lag_AMOCann, 9_lag_12_median_glomaSSTjfm, 9_lag_14_median_traFSC, 17_lag_solFORC, 11_lag_arcTSjfm, 11_lag_gyreSSTjfm, 10_lag_stratZ50ndj03, 17_lag_AMOCann, 17_lag_cetTSjfm, 9_lag_10_median_ormenSSTjfm, 10_lag_stratZ50ndj01, 9_lag_13_median_nhSICsep_1235_9"
LRforcedPSO,5,30,shSICmar,slow,1719.5,2005.5,0.8,20,10,10,27.897133808193278,-0.0623570044291273,1235,"['14_lag_amo1', '10_lag_mhfATL30', '10_lag_12_median_nppc3SSTjfm', '17_lag_eapPSLjfm', '17_lag_glomaSSTjfm', '11_lag_traMC', '15_lag_traDS', '10_lag_18_median_traFS', '17_lag_shSICmar', '19_lag_amo1', '10_lag_19_median_traFSC', '18_lag_traFSC', '12_lag_traFS', '10_lag_13_median_mhfATL60', '16_lag_traFS', '14_lag_amoSSTmjjaso', '16_lag_mhfATL30', '14_lag_AMOCann', '10_lag_12_median_cetTSjfm', '17_lag_traWP', '10_lag_18_median_traFB', '10_lag_17_median_atlSICsep', '10_lag_shSICmar', '10_lag_13_median_naoPSLjfm', '18_lag_traWP', '10_lag_18_median_ginwSSTjfm', '11_lag_stratZ50ndj02', '14_lag_nhTSjfm', '10_lag_15_median_wnorPRjfm', '13_lag_ormenSSTjfm']","[7.006212369556472, 9.920630580028934, 4.052383726485507, 2.016172247783638, 5.715342299127066, 8.525259143189938, 0.9509325183229738, 9.617682211278156, 2.8120397600750096, 3.764216484943665, 1.695338773147503, 0.6476596070098743, 7.428787499627532, 2.4448844828133005, 0.12253928451242402, 2.7505873195530945, 0.323375476373581, 0.6521951009966109, 6.551118712108172, 0.0591980051024521, 8.566893618621446, 3.2204285443649656, 0.512124284759107, 5.47154038939787, 0.6833068409462513, 2.943830210205487, 1.7950484840863083, 3.0278466262538384, 4.636164574251877, 2.143429470403113]","14_lag_amo1, 10_lag_mhfATL30, 10_lag_12_median_nppc3SSTjfm, 17_lag_eapPSLjfm, 17_lag_glomaSSTjfm, 11_lag_traMC, 15_lag_traDS, 10_lag_18_median_traFS, 17_lag_shSICmar, 19_lag_amo1, 10_lag_19_median_traFSC, 18_lag_traFSC, 12_lag_traFS, 10_lag_13_median_mhfATL60, 16_lag_traFS, 14_lag_amoSSTmjjaso, 16_lag_mhfATL30, 14_lag_AMOCann, 10_lag_12_median_cetTSjfm, 17_lag_traWP, 10_lag_18_median_traFB, 10_lag_17_median_atlSICsep, 10_lag_shSICmar, 10_lag_13_median_naoPSLjfm, 18_lag_traWP, 10_lag_18_median_ginwSSTjfm, 11_lag_stratZ50ndj02, 14_lag_nhTSjfm, 10_lag_15_median_wnorPRjfm, 13_lag_ormenSSTjfm_1235_10"
LRforcedPSO,6,30,shSICmar,slow,1720.5,2005.5,0.8,21,11,11,32.006622105119675,-0.12956692743511625,1235,"['14_lag_traDP', '11_lag_18_median_traEC', '15_lag_atlSICjfm', '11_lag_13_median_traDS', '17_lag_shTSjfm', '11_lag_eurPSLjfm', '12_lag_ensoSSTjfm', '11_lag_14_median_mhfIP30', '11_lag_19_median_pdoSSTjfm', '19_lag_pdoSSTjfm', '11_lag_12_median_mhfIP30', '11_lag_18_median_shSICsep', '19_lag_solFORC', '11_lag_17_median_eurPSLjfm', '14_lag_mhfATL30', '11_lag_20_median_scpPSLjfm', '11_lag_13_median_gyreSSTjfm', '19_lag_mhfATL30', '19_lag_tripol1', '11_lag_14_median_yrvPRjja', '11_lag_12_median_nhSICsep', '11_lag_19_median_traEU', '11_lag_15_median_nchinaPRjja', '14_lag_tripol3', '15_lag_neurTSjfm', '15_lag_traEU', '18_lag_arcTSjfm', '18_lag_nchinaPRjja', '11_lag_20_median_traDP', '18_lag_naoPSLjfm']","[5.883838877362997, 8.550698666573954, 1.9761596975227729, 3.534225091057264, 3.0503478477788626, 0.9200827658807746, 7.053746269660483, 0.10494448314211091, 0.07674625915404398, 7.143712450859376, 0.10887966102590241, 4.287684646357041, 8.474068981641338, 9.050173198730356, 9.624792393322142, 4.974344129541347, 0.9371532853152758, 3.1277133246572575, 6.804734774098455, 2.6408354770564273, 5.366232022729043, 6.188181832465136, 8.761761050318448, 6.394173301626999, 1.0995057608006515, 2.066197692896279, 5.4515275934586676, 5.6833367206589696, 2.8598881110179253, 2.9560130046257385]","14_lag_traDP, 11_lag_18_median_traEC, 15_lag_atlSICjfm, 11_lag_13_median_traDS, 17_lag_shTSjfm, 11_lag_eurPSLjfm, 12_lag_ensoSSTjfm, 11_lag_14_median_mhfIP30, 11_lag_19_median_pdoSSTjfm, 19_lag_pdoSSTjfm, 11_lag_12_median_mhfIP30, 11_lag_18_median_shSICsep, 19_lag_solFORC, 11_lag_17_median_eurPSLjfm, 14_lag_mhfATL30, 11_lag_20_median_scpPSLjfm, 11_lag_13_median_gyreSSTjfm, 19_lag_mhfATL30, 19_lag_tripol1, 11_lag_14_median_yrvPRjja, 11_lag_12_median_nhSICsep, 11_lag_19_median_traEU, 11_lag_15_median_nchinaPRjja, 14_lag_tripol3, 15_lag_neurTSjfm, 15_lag_traEU, 18_lag_arcTSjfm, 18_lag_nchinaPRjja, 11_lag_20_median_traDP, 18_lag_naoPSLjfm_1235_11"
LRforcedPSO,7,30,shSICmar,slow,1721.5,2005.5,0.8,22,12,12,21.839841314438747,0.29429803558075074,1235,"['15_lag_ginwSSTjfm', '17_lag_cetTSjfm', '12_lag_21_median_stratZ50ndj01', '12_lag_14_median_mhfATL45', '16_lag_samPSLann', '12_lag_20_median_traWP', '18_lag_traBO', '12_lag_20_median_AMOCann', '15_lag_traTLS', '14_lag_ginwSSTjfm', '12_lag_17_median_shSICsep', '12_lag_15_median_tripol3', '19_lag_shSICmar', '16_lag_glomaSSTjfm', '12_lag_16_median_traEC', '15_lag_eurPSLjfm', '12_lag_14_median_traCA', '12_lag_traFSC', '12_lag_14_median_shSICsep', '12_lag_15_median_ormenSSTjfm', '12_lag_13_median_amoSSTmjjaso', '14_lag_amo2', '12_lag_21_median_traEU', '12_lag_15_median_glTSjfm', '13_lag_traBS', '18_lag_traDP', '12_lag_17_median_nhTSjfm', '15_lag_gyreSSTjfm', '15_lag_tripol3', '12_lag_18_median_gyreSSTjfm']","[0.451198007501894, 7.332038832646333, 1.5677132136231329, 2.944408984149103, 5.161263530516768, 1.0841610835879578, 3.3580135129537414, 3.5478127348562722, 5.108438487105467, 9.029480054302885, 1.3943870639819522, 1.8582716473602403, 3.789032099817115, 7.258642851554722, 6.739631894926495, 3.0463436481889854, 1.880586351974733, 7.964807160456962, 3.194549370654139, 0.7742233362882285, 7.485687908562964, 1.6090024930769822, 0.2744932899413932, 1.6800306516033707, 1.3841308525597977, 4.951623849567373, 8.10010762819103, 6.369065291164752, 2.572653109693346, 2.206501750898844]","15_lag_ginwSSTjfm, 17_lag_cetTSjfm, 12_lag_21_median_stratZ50ndj01, 12_lag_14_median_mhfATL45, 16_lag_samPSLann, 12_lag_20_median_traWP, 18_lag_traBO, 12_lag_20_median_AMOCann, 15_lag_traTLS, 14_lag_ginwSSTjfm, 12_lag_17_median_shSICsep, 12_lag_15_median_tripol3, 19_lag_shSICmar, 16_lag_glomaSSTjfm, 12_lag_16_median_traEC, 15_lag_eurPSLjfm, 12_lag_14_median_traCA, 12_lag_traFSC, 12_lag_14_median_shSICsep, 12_lag_15_median_ormenSSTjfm, 12_lag_13_median_amoSSTmjjaso, 14_lag_amo2, 12_lag_21_median_traEU, 12_lag_15_median_glTSjfm, 13_lag_traBS, 18_lag_traDP, 12_lag_17_median_nhTSjfm, 15_lag_gyreSSTjfm, 15_lag_tripol3, 12_lag_18_median_gyreSSTjfm_1235_12"
LRforcedPSO,8,30,shSICmar,slow,1722.5,2005.5,0.8,23,13,13,24.004991494051943,0.05049853945584379,1235,"['19_lag_stratZ50ndj03', '13_lag_20_median_traIT', '16_lag_traEU', '16_lag_nchinaPRjja', '13_lag_21_median_samPSLann', '13_lag_17_median_seurTSjfm', '15_lag_tripol1', '13_lag_15_median_naoPSLjfm', '13_lag_15_median_mhfATL60', '13_lag_ormenSSTjfm', '13_lag_18_median_mhfIP30', '17_lag_nppc2SSTjfm', '13_lag_17_median_traWP', '21_lag_traFS', '13_lag_22_median_traCA', '13_lag_15_median_traEU', '20_lag_arcTSjfm', '13_lag_22_median_seurTSjfm', '13_lag_18_median_scpPSLjfm', '13_lag_21_median_shTSjfm', '20_lag_traMC', '17_lag_traEC', '20_lag_scpPSLjfm', '13_lag_20_median_mhfATL30', '21_lag_traMC', '13_lag_15_median_eapPSLjfm', '16_lag_yrvPRjja', '15_lag_atlSICsep', '21_lag_traIFC', '13_lag_15_median_traDP']","[0.17472961791513697, 2.8132677254696663, 5.758714952254054, 8.986746675378821, 1.098664727485838, 8.15665295998616, 6.46235156373082, 1.224579498504852, 3.796444683402992, 0.07915679668957054, 6.025502944792223, 9.829707394392322, 4.562188426925832, 4.691417182608957, 3.233781397649911, 1.9636291958440761, 2.1136846105700453, 0.39917622486264115, 1.447450498701155, 0.6875407816065859, 1.713402157729515, 6.254195348263487, 6.09941987491014, 3.8379275328541906, 3.3434148470784493, 2.9589364245359135, 2.3120587463236735, 2.6051990261357343, 1.3132903716909254, 7.477130982168866]","19_lag_stratZ50ndj03, 13_lag_20_median_traIT, 16_lag_traEU, 16_lag_nchinaPRjja, 13_lag_21_median_samPSLann, 13_lag_17_median_seurTSjfm, 15_lag_tripol1, 13_lag_15_median_naoPSLjfm, 13_lag_15_median_mhfATL60, 13_lag_ormenSSTjfm, 13_lag_18_median_mhfIP30, 17_lag_nppc2SSTjfm, 13_lag_17_median_traWP, 21_lag_traFS, 13_lag_22_median_traCA, 13_lag_15_median_traEU, 20_lag_arcTSjfm, 13_lag_22_median_seurTSjfm, 13_lag_18_median_scpPSLjfm, 13_lag_21_median_shTSjfm, 20_lag_traMC, 17_lag_traEC, 20_lag_scpPSLjfm, 13_lag_20_median_mhfATL30, 21_lag_traMC, 13_lag_15_median_eapPSLjfm, 16_lag_yrvPRjja, 15_lag_atlSICsep, 21_lag_traIFC, 13_lag_15_median_traDP_1235_13"
LRforcedPSO,9,30,shSICmar,slow,1723.5,2005.5,0.8,24,14,14,23.47379031869156,-0.12685353661834714,1235,"['20_lag_ginwSSTjfm', '14_lag_15_median_AMOCann', '14_lag_18_median_amoSSTmjjaso', '21_lag_traIFC', '20_lag_AMOCann', '18_lag_tripol2', '15_lag_mhfATL45', '19_lag_atlSICjfm', '21_lag_wnorPRjfm', '14_lag_22_median_yrvPRjja', '14_lag_23_median_arcTSjfm', '14_lag_17_median_nppc3SSTjfm', '23_lag_eapPSLjfm', '19_lag_nchinaPRjja', '14_lag_17_median_stratZ50ndj03', '14_lag_20_median_alpi', '15_lag_traFB', '15_lag_solFORC', '19_lag_mhfIP30', '14_lag_17_median_glomaSSTjfm', '16_lag_traEU', '22_lag_atlSICsep', '14_lag_19_median_shSICmar', '19_lag_nhTSjfm', '14_lag_21_median_amo3', '16_lag_amo2', '18_lag_traEC', '14_lag_15_median_traEC', '16_lag_scpPSLjfm', '18_lag_stratZ50ndj01']","[2.269219172936541, 1.2665487300329676, 4.454326390567466, 4.723945201522259, 2.75254778985121, 0.051695683420394545, 0.8718148397186614, 2.6662306451867064, 2.432995172853863, 9.117070306311795, 1.1478463516317987, 4.578182485657338, 3.2850794647965493, 5.850479483160264, 5.916956241730018, 9.464107234033591, 8.370460849308206, 2.2422920991986945, 4.587192113148717, 6.806444502562825, 2.9490672317580113, 0.20016741173718877, 3.400698754592007, 6.388592913716337, 0.8596531107121912, 6.852656059862841, 2.385560171656193, 4.021217947350717, 8.818954158245237, 6.699368283811555]","20_lag_ginwSSTjfm, 14_lag_15_median_AMOCann, 14_lag_18_median_amoSSTmjjaso, 21_lag_traIFC, 20_lag_AMOCann, 18_lag_tripol2, 15_lag_mhfATL45, 19_lag_atlSICjfm, 21_lag_wnorPRjfm, 14_lag_22_median_yrvPRjja, 14_lag_23_median_arcTSjfm, 14_lag_17_median_nppc3SSTjfm, 23_lag_eapPSLjfm, 19_lag_nchinaPRjja, 14_lag_17_median_stratZ50ndj03, 14_lag_20_median_alpi, 15_lag_traFB, 15_lag_solFORC, 19_lag_mhfIP30, 14_lag_17_median_glomaSSTjfm, 16_lag_traEU, 22_lag_atlSICsep, 14_lag_19_median_shSICmar, 19_lag_nhTSjfm, 14_lag_21_median_amo3, 16_lag_amo2, 18_lag_traEC, 14_lag_15_median_traEC, 16_lag_scpPSLjfm, 18_lag_stratZ50ndj01_1235_14"
LRforcedPSO,10,30,shSICmar,slow,1724.5,2005.5,0.8,25,15,15,27.255266368936216,-0.0384061839000047,1235,"['15_lag_19_median_solFORC', '15_lag_19_median_traBS', '24_lag_satlSSTjfm', '15_lag_22_median_seurTSjfm', '15_lag_20_median_tripol2', '15_lag_22_median_glTSjfm', '15_lag_22_median_tripol1', '15_lag_18_median_shSICmar', '19_lag_amoSSTmjjaso', '15_lag_samPSLann', '15_lag_22_median_traBS', '16_lag_stratZ50ndj01', '15_lag_22_median_nhSICsep', '21_lag_ormenSSTjfm', '19_lag_nppc2SSTjfm', '17_lag_mhfATL30', '15_lag_19_median_wnorPRjfm', '15_lag_24_median_glomaSSTjfm', '20_lag_yrvPRjja', '15_lag_16_median_traWP', '15_lag_nchinaPRjja', '23_lag_traWP', '18_lag_samPSLann', '22_lag_nchinaPRjja', '18_lag_mhfATL60', '15_lag_21_median_shSICmar', '22_lag_traTLS', '15_lag_21_median_samPSLann', '15_lag_traEU', '15_lag_24_median_tripol3']","[3.0637737883657685, 1.9454146585888061, 4.508167949582271, 4.340824178634783, 9.255874964899144, 1.834867975990452, 1.8480804267627775, 1.5197056608284765, 1.457002422900434, 6.103233257965726, 4.169210591157537, 3.3490379433549418, 5.403704551655608, 4.99033874526482, 3.6945769438575766, 1.2533914381084301, 5.865785336867779, 5.52256105076133, 1.402155718181433, 3.5558213217366212, 2.6670599642097805, 8.828096413981985, 3.1932372773844726, 2.707231962121492, 7.95638905847451, 3.7160260337565765, 1.2450267205156287, 0.4672648724771662, 5.520719259468265, 5.369728677889668]","15_lag_19_median_solFORC, 15_lag_19_median_traBS, 24_lag_satlSSTjfm, 15_lag_22_median_seurTSjfm, 15_lag_20_median_tripol2, 15_lag_22_median_glTSjfm, 15_lag_22_median_tripol1, 15_lag_18_median_shSICmar, 19_lag_amoSSTmjjaso, 15_lag_samPSLann, 15_lag_22_median_traBS, 16_lag_stratZ50ndj01, 15_lag_22_median_nhSICsep, 21_lag_ormenSSTjfm, 19_lag_nppc2SSTjfm, 17_lag_mhfATL30, 15_lag_19_median_wnorPRjfm, 15_lag_24_median_glomaSSTjfm, 20_lag_yrvPRjja, 15_lag_16_median_traWP, 15_lag_nchinaPRjja, 23_lag_traWP, 18_lag_samPSLann, 22_lag_nchinaPRjja, 18_lag_mhfATL60, 15_lag_21_median_shSICmar, 22_lag_traTLS, 15_lag_21_median_samPSLann, 15_lag_traEU, 15_lag_24_median_tripol3_1235_15"
LRforcedPSO,11,30,shSICmar,slow,1725.5,2005.5,0.8,26,16,16,23.437409735526032,-0.050187814961598465,1235,"['16_lag_24_median_glomaSSTjfm', '16_lag_17_median_eurPSLjfm', '16_lag_18_median_naoPSLjfm', '16_lag_24_median_tripol3', '16_lag_17_median_traCA', '16_lag_18_median_nhSICjfm', '21_lag_satlSSTjfm', '17_lag_traBS', '16_lag_20_median_nppc3SSTjfm', '23_lag_traIT', '16_lag_22_median_tripol3', '19_lag_ormenSSTjfm', '16_lag_23_median_traIFC', '16_lag_25_median_traBO', '18_lag_glTSjfm', '23_lag_arcTSjfm', '16_lag_24_median_stratZ50ndj04', '16_lag_24_median_traFSC', '16_lag_20_median_nppc2SSTjfm', '23_lag_stratZ50ndj03', '18_lag_solFORC', '16_lag_23_median_tripol3', '17_lag_shSICmar', '24_lag_ormenSSTjfm', '22_lag_mhfIP30', '16_lag_20_median_yrvPRjja', '16_lag_20_median_traBO', '16_lag_stratZ50ndj02', '21_lag_eapPSLjfm', '22_lag_stratZ50ndj02']","[4.560157604819491, 1.7840943286251942, 6.604298424131212, 2.8019264285676364, 4.455745555476939, 2.3980192043485165, 1.1512458147215465, 4.016211502935821, 5.437278952411921, 9.869413357971153, 1.439090236630724, 1.2507837209497765, 5.574077668041845, 4.689872859970949, 2.026081571393048, 8.67223505230617, 4.5244154084409205, 4.521479642659269, 3.7653295814938197, 4.999108150354572, 5.301558738701145, 0.03382833902393578, 1.450171064179349, 2.140049080726328, 5.343471539839615, 4.754242306863281, 2.959919688228087, 2.4013172583555367, 7.395337440962186, 7.970170278555116]","16_lag_24_median_glomaSSTjfm, 16_lag_17_median_eurPSLjfm, 16_lag_18_median_naoPSLjfm, 16_lag_24_median_tripol3, 16_lag_17_median_traCA, 16_lag_18_median_nhSICjfm, 21_lag_satlSSTjfm, 17_lag_traBS, 16_lag_20_median_nppc3SSTjfm, 23_lag_traIT, 16_lag_22_median_tripol3, 19_lag_ormenSSTjfm, 16_lag_23_median_traIFC, 16_lag_25_median_traBO, 18_lag_glTSjfm, 23_lag_arcTSjfm, 16_lag_24_median_stratZ50ndj04, 16_lag_24_median_traFSC, 16_lag_20_median_nppc2SSTjfm, 23_lag_stratZ50ndj03, 18_lag_solFORC, 16_lag_23_median_tripol3, 17_lag_shSICmar, 24_lag_ormenSSTjfm, 22_lag_mhfIP30, 16_lag_20_median_yrvPRjja, 16_lag_20_median_traBO, 16_lag_stratZ50ndj02, 21_lag_eapPSLjfm, 22_lag_stratZ50ndj02_1235_16"
LRforcedPSO,12,30,shSICmar,slow,1726.5,2005.5,0.8,27,17,17,26.345302267486222,-0.10511499441519472,1235,"['17_lag_24_median_amo1', '21_lag_shSICmar', '20_lag_stratZ50ndj03', '17_lag_19_median_shSICsep', '17_lag_22_median_traDP', '17_lag_23_median_shSICsep', '22_lag_seurTSjfm', '20_lag_mhfIP30', '17_lag_23_median_traEC', '25_lag_traWP', '17_lag_22_median_traFS', '20_lag_shSICmar', '21_lag_glomaSSTjfm', '17_lag_26_median_traIFC', '26_lag_stratZ50ndj03', '25_lag_stratZ50ndj02', '17_lag_26_median_traTLS', '23_lag_stratZ50ndj04', '21_lag_labSSTjfm', '17_lag_24_median_nchinaPRjja', '23_lag_nhTSjfm', '17_lag_18_median_traDS', '17_lag_18_median_amo3', '23_lag_arcTSjfm', '17_lag_atlSICjfm', '17_lag_22_median_amo3', '17_lag_25_median_traFSC', '17_lag_19_median_nppc2SSTjfm', '26_lag_labSSTjfm', '21_lag_solFORC']","[1.1976944736540283, 5.388660893899219, 0.5917392018520218, 2.834324732127273, 3.6126066214222003, 1.84298846351356, 3.91930705439737, 2.099413725992772, 3.285917729930274, 8.705137534681738, 3.914889484003254, 7.005015780934457, 3.112572224356011, 7.763200424125493, 2.001569691284841, 8.807955616607238, 4.681307640990953, 6.253372786846274, 0.08863072796633276, 0.45066775472817255, 3.979462401657102, 5.772876244507765, 7.5521473525987055, 6.536290650327048, 6.2605896585628695, 0.10952849511371987, 9.71042781333426, 0.6022427292917598, 1.5236327983367985, 8.047636446873032]","17_lag_24_median_amo1, 21_lag_shSICmar, 20_lag_stratZ50ndj03, 17_lag_19_median_shSICsep, 17_lag_22_median_traDP, 17_lag_23_median_shSICsep, 22_lag_seurTSjfm, 20_lag_mhfIP30, 17_lag_23_median_traEC, 25_lag_traWP, 17_lag_22_median_traFS, 20_lag_shSICmar, 21_lag_glomaSSTjfm, 17_lag_26_median_traIFC, 26_lag_stratZ50ndj03, 25_lag_stratZ50ndj02, 17_lag_26_median_traTLS, 23_lag_stratZ50ndj04, 21_lag_labSSTjfm, 17_lag_24_median_nchinaPRjja, 23_lag_nhTSjfm, 17_lag_18_median_traDS, 17_lag_18_median_amo3, 23_lag_arcTSjfm, 17_lag_atlSICjfm, 17_lag_22_median_amo3, 17_lag_25_median_traFSC, 17_lag_19_median_nppc2SSTjfm, 26_lag_labSSTjfm, 21_lag_solFORC_1235_17"
LRforcedPSO,13,30,shSICmar,slow,1727.5,2005.5,0.8,28,18,18,27.262387518879923,-0.0743309132267554,1235,"['26_lag_scpPSLjfm', '21_lag_traCA', '24_lag_tripol2', '18_lag_24_median_traBO', '18_lag_25_median_naoPSLjfm', '18_lag_25_median_nhSICsep', '18_lag_25_median_mhfATL30', '18_lag_22_median_wnorPRjfm', '22_lag_stratZ50ndj01', '22_lag_amo3', '18_lag_25_median_amo2', '20_lag_ensoSSTjfm', '18_lag_24_median_neurTSjfm', '18_lag_nppc3SSTjfm', '24_lag_wnorPRjfm', '23_lag_mhfIP30', '24_lag_traCA', '18_lag_22_median_atlSICjfm', '23_lag_atlSICsep', '20_lag_mhfATL60', '27_lag_ginwSSTjfm', '19_lag_pdoSSTjfm', '18_lag_22_median_traEC', '18_lag_20_median_eurPSLjfm', '18_lag_19_median_naoPSLjfm', '25_lag_traEU', '18_lag_26_median_wnorPRjfm', '19_lag_neurTSjfm', '25_lag_glTSjfm', '18_lag_25_median_traBO']","[7.803992232510758, 0.23966723288585, 4.035099454152073, 7.156105433255369, 5.846294585960091, 6.277684730741346, 0.08314672684884172, 4.141086318933603, 4.522887751960331, 3.354215427207934, 1.210295180269, 4.308502691132825, 6.013348375797991, 0.37210827961993154, 0.20170591134304772, 2.586041798414483, 1.0577831710068537, 8.361282740888766, 7.8693311585556, 9.599240149076476, 1.0060297536902159, 0.9656774106980777, 1.2131185805246307, 6.308379134148861, 8.764243769710431, 7.546917980082586, 9.154229039141754, 2.35406274675388, 1.7029329600749055, 7.0275698781880465]","26_lag_scpPSLjfm, 21_lag_traCA, 24_lag_tripol2, 18_lag_24_median_traBO, 18_lag_25_median_naoPSLjfm, 18_lag_25_median_nhSICsep, 18_lag_25_median_mhfATL30, 18_lag_22_median_wnorPRjfm, 22_lag_stratZ50ndj01, 22_lag_amo3, 18_lag_25_median_amo2, 20_lag_ensoSSTjfm, 18_lag_24_median_neurTSjfm, 18_lag_nppc3SSTjfm, 24_lag_wnorPRjfm, 23_lag_mhfIP30, 24_lag_traCA, 18_lag_22_median_atlSICjfm, 23_lag_atlSICsep, 20_lag_mhfATL60, 27_lag_ginwSSTjfm, 19_lag_pdoSSTjfm, 18_lag_22_median_traEC, 18_lag_20_median_eurPSLjfm, 18_lag_19_median_naoPSLjfm, 25_lag_traEU, 18_lag_26_median_wnorPRjfm, 19_lag_neurTSjfm, 25_lag_glTSjfm, 18_lag_25_median_traBO_1235_18"
LRforcedPSO,14,30,shSICmar,slow,1728.5,2005.5,0.8,29,19,19,28.414712747417404,-0.2535475649290175,1235,"['26_lag_traFS', '19_lag_22_median_solFORC', '19_lag_24_median_scpPSLjfm', '28_lag_solFORC', '24_lag_glomaSSTjfm', '19_lag_26_median_ginwSSTjfm', '19_lag_gyreSSTjfm', '19_lag_24_median_traDP', '27_lag_solFORC', '19_lag_21_median_traTLS', '19_lag_23_median_samPSLann', '27_lag_nhSICsep', '24_lag_amo2', '19_lag_21_median_glomaSSTjfm', '27_lag_amo2', '21_lag_glTSjfm', '19_lag_traDS', '25_lag_seurTSjfm', '19_lag_20_median_tripol1', '19_lag_28_median_nppc3SSTjfm', '19_lag_28_median_glTSjfm', '19_lag_26_median_satlSSTjfm', '23_lag_nchinaPRjja', '19_lag_20_median_nhTSjfm', '19_lag_28_median_stratZ50ndj02', '26_lag_stratZ50ndj04', '26_lag_amo2', '25_lag_cetTSjfm', '19_lag_20_median_labSSTjfm', '19_lag_23_median_traFSC']","[5.329272969468725, 0.7646519224296178, 7.89272059367029, 5.744407285347368, 0.10216300749115348, 4.051206970020388, 4.144664839309369, 4.969217019635135, 8.318506871534296, 7.5703403610060676, 7.935400033275297, 1.1361422645588846, 4.740009133103989, 7.3532508560939025, 2.19491940827014, 3.416339087510213, 1.7787672806457255, 2.920234067323088, 8.35583540279018, 2.739572336301414, 6.393999926723456, 6.372125019754176, 2.8273762422751343, 0.7453126977330644, 2.1700537645178386, 1.9771136803203824, 0.34256944059484873, 0.7948425812898225, 6.3516273651795885, 0.3336193320636909]","26_lag_traFS, 19_lag_22_median_solFORC, 19_lag_24_median_scpPSLjfm, 28_lag_solFORC, 24_lag_glomaSSTjfm, 19_lag_26_median_ginwSSTjfm, 19_lag_gyreSSTjfm, 19_lag_24_median_traDP, 27_lag_solFORC, 19_lag_21_median_traTLS, 19_lag_23_median_samPSLann, 27_lag_nhSICsep, 24_lag_amo2, 19_lag_21_median_glomaSSTjfm, 27_lag_amo2, 21_lag_glTSjfm, 19_lag_traDS, 25_lag_seurTSjfm, 19_lag_20_median_tripol1, 19_lag_28_median_nppc3SSTjfm, 19_lag_28_median_glTSjfm, 19_lag_26_median_satlSSTjfm, 23_lag_nchinaPRjja, 19_lag_20_median_nhTSjfm, 19_lag_28_median_stratZ50ndj02, 26_lag_stratZ50ndj04, 26_lag_amo2, 25_lag_cetTSjfm, 19_lag_20_median_labSSTjfm, 19_lag_23_median_traFSC_1235_19"
LRforcedPSO,15,30,shSICmar,slow,1729.5,2005.5,0.8,30,20,20,20.497150100823667,0.06666674896278227,1235,"['24_lag_traFSC', '20_lag_21_median_mhfIP30', '26_lag_arcTSjfm', '20_lag_21_median_eurPSLjfm', '27_lag_traFB', '23_lag_neurTSjfm', '23_lag_seurTSjfm', '20_lag_22_median_traMC', '20_lag_26_median_nhSICsep', '20_lag_23_median_stratZ50ndj03', '20_lag_23_median_glomaSSTjfm', '20_lag_26_median_atlSICjfm', '20_lag_28_median_mhfATL30', '29_lag_traEC', '20_lag_22_median_nchinaPRjja', '20_lag_23_median_amoSSTmjjaso', '20_lag_28_median_traDS', '28_lag_nppc3SSTjfm', '20_lag_26_median_atlSICsep', '29_lag_amoSSTmjjaso', '25_lag_stratZ50ndj01', '20_lag_25_median_tripol3', '20_lag_29_median_labSSTjfm', '20_lag_21_median_nhTSjfm', '22_lag_glTSjfm', '23_lag_samPSLann', '20_lag_22_median_traIT', '20_lag_22_median_stratZ50ndj04', '28_lag_traBS', '20_lag_29_median_ensoSSTjfm']","[6.5449839299629815, 5.175394949989096, 4.745231270714319, 8.188807252133646, 6.226084706902981, 4.786375604000295, 7.251289392827129, 3.3927616844856967, 1.4482966308018952, 6.795706248745061, 0.7184863912889572, 9.399069153974999, 9.202321419890938, 4.369482033340817, 6.694423519758288, 6.131679103292164, 3.582784460032764, 2.3340691033232908, 3.1646633792677203, 6.474098179852403, 1.3880208246846912, 4.397455856768195, 9.462904266437754, 4.8595877000801035, 4.616640889790748, 0.045779412118109875, 0.012204864527436854, 9.159428642392932, 1.5731594907704327, 1.1958299856919723]","24_lag_traFSC, 20_lag_21_median_mhfIP30, 26_lag_arcTSjfm, 20_lag_21_median_eurPSLjfm, 27_lag_traFB, 23_lag_neurTSjfm, 23_lag_seurTSjfm, 20_lag_22_median_traMC, 20_lag_26_median_nhSICsep, 20_lag_23_median_stratZ50ndj03, 20_lag_23_median_glomaSSTjfm, 20_lag_26_median_atlSICjfm, 20_lag_28_median_mhfATL30, 29_lag_traEC, 20_lag_22_median_nchinaPRjja, 20_lag_23_median_amoSSTmjjaso, 20_lag_28_median_traDS, 28_lag_nppc3SSTjfm, 20_lag_26_median_atlSICsep, 29_lag_amoSSTmjjaso, 25_lag_stratZ50ndj01, 20_lag_25_median_tripol3, 20_lag_29_median_labSSTjfm, 20_lag_21_median_nhTSjfm, 22_lag_glTSjfm, 23_lag_samPSLann, 20_lag_22_median_traIT, 20_lag_22_median_stratZ50ndj04, 28_lag_traBS, 20_lag_29_median_ensoSSTjfm_1235_20"
LRforcedPSO,16,30,shSICmar,slow,1730.5,2005.5,0.8,31,21,21,26.093121176574787,0.15115925492818313,1235,"['24_lag_arcTSjfm', '26_lag_amo3', '21_lag_24_median_atlSICjfm', '21_lag_26_median_traFB', '21_lag_24_median_tripol3', '25_lag_naoPSLjfm', '21_lag_28_median_eurPSLjfm', '21_lag_23_median_atlSICjfm', '21_lag_22_median_mhfIP30', '28_lag_ensoSSTjfm', '26_lag_tripol1', '27_lag_stratZ50ndj02', '21_lag_27_median_stratZ50ndj03', '27_lag_scpPSLjfm', '21_lag_22_median_mhfATL45', '23_lag_traFS', '21_lag_27_median_traDS', '21_lag_30_median_atlSICjfm', '29_lag_scpPSLjfm', '21_lag_22_median_shSICmar', '21_lag_23_median_tripol3', '21_lag_30_median_nhTSjfm', '21_lag_27_median_mhfATL30', '21_lag_22_median_traFB', '21_lag_23_median_gyreSSTjfm', '23_lag_mhfATL30', '23_lag_shSICmar', '21_lag_labSSTjfm', '21_lag_24_median_nhSICsep', '21_lag_22_median_tripol3']","[0.5289341678545707, 5.467620758322898, 5.58755241859984, 1.8300292402113616, 7.593545834117098, 8.535271439843955, 2.849939596452704, 1.3809623060600522, 6.3235470129648785, 0.14855547254765078, 3.696987366948999, 0.7984315022320914, 0.5087308552941465, 4.916873805729701, 9.49694692489037, 6.910200741371288, 2.5228635911041977, 5.256629243892192, 4.851717340301711, 1.0456586651774398, 8.801234767330987, 1.5633565556988334, 3.182341793380271, 4.903056639417455, 7.358732000039346, 1.8437684025149608, 5.963167787693832, 3.0697741175620497, 4.997030046291695, 2.7339634536811808]","24_lag_arcTSjfm, 26_lag_amo3, 21_lag_24_median_atlSICjfm, 21_lag_26_median_traFB, 21_lag_24_median_tripol3, 25_lag_naoPSLjfm, 21_lag_28_median_eurPSLjfm, 21_lag_23_median_atlSICjfm, 21_lag_22_median_mhfIP30, 28_lag_ensoSSTjfm, 26_lag_tripol1, 27_lag_stratZ50ndj02, 21_lag_27_median_stratZ50ndj03, 27_lag_scpPSLjfm, 21_lag_22_median_mhfATL45, 23_lag_traFS, 21_lag_27_median_traDS, 21_lag_30_median_atlSICjfm, 29_lag_scpPSLjfm, 21_lag_22_median_shSICmar, 21_lag_23_median_tripol3, 21_lag_30_median_nhTSjfm, 21_lag_27_median_mhfATL30, 21_lag_22_median_traFB, 21_lag_23_median_gyreSSTjfm, 23_lag_mhfATL30, 23_lag_shSICmar, 21_lag_labSSTjfm, 21_lag_24_median_nhSICsep, 21_lag_22_median_tripol3_1235_21"
LRforcedPSO,17,30,shSICmar,slow,1731.5,2005.5,0.8,32,22,22,22.10433975984776,-0.03838672412927347,1235,"['22_lag_24_median_traDS', '27_lag_yrvPRjja', '25_lag_cetTSjfm', '22_lag_30_median_traBO', '30_lag_pdoSSTjfm', '22_lag_31_median_stratZ50ndj01', '22_lag_28_median_seurTSjfm', '22_lag_28_median_traEU', '22_lag_31_median_traEU', '23_lag_traEC', '22_lag_29_median_ismPRjja', '27_lag_ensoSSTjfm', '22_lag_nppc2SSTjfm', '22_lag_26_median_stratZ50ndj03', '24_lag_atlSICsep', '22_lag_27_median_tripol2', '24_lag_mhfATL60', '22_lag_27_median_nhSICsep', '31_lag_traBS', '29_lag_traEC', '22_lag_27_median_scpPSLjfm', '31_lag_nhTSjfm', '31_lag_stratZ50ndj04', '25_lag_traIFC', '25_lag_tripol1', '22_lag_29_median_ormenSSTjfm', '22_lag_27_median_traTLS', '22_lag_29_median_nppc2SSTjfm', '22_lag_31_median_gyreSSTjfm', '25_lag_traEC']","[2.4207436574828893, 0.3924950170717949, 0.8714440215739927, 8.03996537443089, 1.062844277943931, 0.5518880025016752, 1.5111270032967, 0.1807906586681458, 4.473025649626148, 3.6381215019035817, 7.943444988171855, 3.506330914813505, 1.863692930725037, 9.20646862575862, 2.037658035424956, 3.8183893719145505, 1.073667390987051, 3.1633861652849937, 1.594560128986906, 4.387614047388457, 5.923049060390957, 0.5291672506801266, 0.7118206230650692, 3.909435614336939, 3.3361617587780685, 2.3723952054158417, 4.6539110789772575, 2.271716232125911, 8.702214564909529, 7.809411065675679]","22_lag_24_median_traDS, 27_lag_yrvPRjja, 25_lag_cetTSjfm, 22_lag_30_median_traBO, 30_lag_pdoSSTjfm, 22_lag_31_median_stratZ50ndj01, 22_lag_28_median_seurTSjfm, 22_lag_28_median_traEU, 22_lag_31_median_traEU, 23_lag_traEC, 22_lag_29_median_ismPRjja, 27_lag_ensoSSTjfm, 22_lag_nppc2SSTjfm, 22_lag_26_median_stratZ50ndj03, 24_lag_atlSICsep, 22_lag_27_median_tripol2, 24_lag_mhfATL60, 22_lag_27_median_nhSICsep, 31_lag_traBS, 29_lag_traEC, 22_lag_27_median_scpPSLjfm, 31_lag_nhTSjfm, 31_lag_stratZ50ndj04, 25_lag_traIFC, 25_lag_tripol1, 22_lag_29_median_ormenSSTjfm, 22_lag_27_median_traTLS, 22_lag_29_median_nppc2SSTjfm, 22_lag_31_median_gyreSSTjfm, 25_lag_traEC_1235_22"
LRforcedPSO,18,30,shSICmar,slow,1732.5,2005.5,0.8,33,23,23,31.42261664449306,-0.10082838214406925,1235,"['23_lag_24_median_nhTSjfm', '23_lag_32_median_eapPSLjfm', '27_lag_solFORC', '32_lag_traIFC', '23_lag_26_median_eurPSLjfm', '27_lag_amo2', '23_lag_32_median_traFS', '25_lag_amo1', '23_lag_28_median_arcTSjfm', '25_lag_tripol3', '23_lag_25_median_traEU', '29_lag_solFORC', '23_lag_atlSICsep', '23_lag_shTSjfm', '23_lag_26_median_labSSTjfm', '23_lag_32_median_traFB', '31_lag_arcTSjfm', '23_lag_traMC', '23_lag_29_median_wnorPRjfm', '23_lag_32_median_stratZ50ndj04', '23_lag_29_median_ginwSSTjfm', '23_lag_31_median_wnorPRjfm', '23_lag_24_median_amo3', '24_lag_traEC', '23_lag_nppc3SSTjfm', '25_lag_traBS', '23_lag_32_median_alpi', '23_lag_24_median_traFB', '25_lag_ensoSSTjfm', '23_lag_26_median_ginwSSTjfm']","[0.37789378790688133, 3.640275537082065, 4.90821968395718, 2.1699332764662937, 3.583301516077535, 4.183759723074189, 7.033346469998559, 1.9161906712061683, 8.918275023229317, 8.925314783372425, 4.754201209348741, 9.697438478590563, 6.6608413080700934, 2.639232026904283, 2.475731167313464, 2.3340536701228665, 0.5884116945664637, 1.396359586996132, 6.8486325510228525, 8.960492269391647, 1.8134949402914096, 2.6838241712503663, 9.062665682260192, 4.770875049027621, 8.168784966343946, 0.9704919551513491, 1.3521624938314947, 4.298522822133686, 0.10095723497000542, 4.827448307247584]","23_lag_24_median_nhTSjfm, 23_lag_32_median_eapPSLjfm, 27_lag_solFORC, 32_lag_traIFC, 23_lag_26_median_eurPSLjfm, 27_lag_amo2, 23_lag_32_median_traFS, 25_lag_amo1, 23_lag_28_median_arcTSjfm, 25_lag_tripol3, 23_lag_25_median_traEU, 29_lag_solFORC, 23_lag_atlSICsep, 23_lag_shTSjfm, 23_lag_26_median_labSSTjfm, 23_lag_32_median_traFB, 31_lag_arcTSjfm, 23_lag_traMC, 23_lag_29_median_wnorPRjfm, 23_lag_32_median_stratZ50ndj04, 23_lag_29_median_ginwSSTjfm, 23_lag_31_median_wnorPRjfm, 23_lag_24_median_amo3, 24_lag_traEC, 23_lag_nppc3SSTjfm, 25_lag_traBS, 23_lag_32_median_alpi, 23_lag_24_median_traFB, 25_lag_ensoSSTjfm, 23_lag_26_median_ginwSSTjfm_1235_23"
LRforcedPSO,19,30,shSICmar,slow,1733.5,2005.5,0.8,34,24,24,23.223648770512384,-0.2640402667781932,1235,"['24_lag_29_median_mhfIP30', '25_lag_traDP', '30_lag_traCA', '25_lag_amo3', '24_lag_28_median_traTLS', '27_lag_amo1', '26_lag_naoPSLjfm', '31_lag_labSSTjfm', '28_lag_traEC', '24_lag_27_median_nhSICsep', '24_lag_atlSICsep', '24_lag_33_median_amo1', '28_lag_eurPSLjfm', '24_lag_26_median_nchinaPRjja', '27_lag_nppc2SSTjfm', '24_lag_29_median_stratZ50ndj02', '24_lag_27_median_samPSLann', '26_lag_stratZ50ndj01', '24_lag_27_median_yrvPRjja', '28_lag_stratZ50ndj02', '24_lag_31_median_tripol3', '25_lag_ginwSSTjfm', '33_lag_mhfATL60', '24_lag_eurPSLjfm', '31_lag_traFSC', '24_lag_30_median_stratZ50ndj04', '31_lag_solFORC', '32_lag_atlSICsep', '24_lag_28_median_amoSSTmjjaso', '24_lag_32_median_ormenSSTjfm']","[4.449477106359739, 4.905577607430988, 4.071725323920825, 3.832511758401937, 8.476857304031494, 3.2893799087315205, 3.244122535748046, 8.954382561435741, 3.726251315764202, 1.6487095919701211, 7.825625010955278, 0.5372551980044307, 8.033062475513557, 3.521737799565563, 0.6303030575663229, 2.970221159774244, 2.985180237729921, 0.24155537180366515, 0.9136671847760987, 3.09670278962405, 3.3323249804889254, 2.3047751170084707, 5.45120509667867, 0.7197616006462084, 1.7134948493790692, 0.10697932848340486, 6.1147818539803005, 8.274557948203295, 6.254946704337419, 0.31930903496566465]","24_lag_29_median_mhfIP30, 25_lag_traDP, 30_lag_traCA, 25_lag_amo3, 24_lag_28_median_traTLS, 27_lag_amo1, 26_lag_naoPSLjfm, 31_lag_labSSTjfm, 28_lag_traEC, 24_lag_27_median_nhSICsep, 24_lag_atlSICsep, 24_lag_33_median_amo1, 28_lag_eurPSLjfm, 24_lag_26_median_nchinaPRjja, 27_lag_nppc2SSTjfm, 24_lag_29_median_stratZ50ndj02, 24_lag_27_median_samPSLann, 26_lag_stratZ50ndj01, 24_lag_27_median_yrvPRjja, 28_lag_stratZ50ndj02, 24_lag_31_median_tripol3, 25_lag_ginwSSTjfm, 33_lag_mhfATL60, 24_lag_eurPSLjfm, 31_lag_traFSC, 24_lag_30_median_stratZ50ndj04, 31_lag_solFORC, 32_lag_atlSICsep, 24_lag_28_median_amoSSTmjjaso, 24_lag_32_median_ormenSSTjfm_1235_24"
LRforcedPSO,20,30,shSICmar,slow,1734.5,2005.5,0.8,35,25,25,20.229993728953804,0.05241827753104142,1235,"['34_lag_mhfATL60', '25_lag_30_median_wnorPRjfm', '32_lag_wnorPRjfm', '27_lag_glomaSSTjfm', '33_lag_traCA', '25_lag_31_median_mhfATL30', '34_lag_traEU', '33_lag_traIFC', '29_lag_atlSICsep', '32_lag_traDS', '25_lag_30_median_shTSjfm', '25_lag_33_median_seurTSjfm', '31_lag_mhfATL30', '29_lag_traEC', '25_lag_28_median_traIT', '30_lag_pdoSSTjfm', '25_lag_27_median_shTSjfm', '29_lag_traFS', '25_lag_29_median_tripol1', '25_lag_26_median_ormenSSTjfm', '25_lag_34_median_eapPSLjfm', '25_lag_34_median_samPSLann', '32_lag_traBS', '32_lag_nppc3SSTjfm', '25_lag_34_median_cetTSjfm', '25_lag_34_median_AMOCann', '27_lag_nppc3SSTjfm', '26_lag_mhfATL60', '25_lag_31_median_wnorPRjfm', '34_lag_tripol3']","[2.132248244616486, 4.032237636225204, 1.4304854561933347, 3.603429819809161, 9.132896338585088, 5.193774675825175, 3.688907952165014, 7.152895176203247, 2.649636851596309, 1.1008882499879586, 3.8823021516459004, 5.699075492868575, 5.6115815115119645, 8.281855944362839, 5.980520239133451, 1.5637028855774364, 6.2264226809470635, 4.970485586599853, 0.35766006586460897, 7.251571108075936, 1.9772772954536073, 5.690546762005548, 5.751299823909594, 5.913898429015529, 6.977843307492762, 0.5148029634303128, 0.028644893677832073, 0.910762173622766, 4.563880626037397, 5.454653755043605]","34_lag_mhfATL60, 25_lag_30_median_wnorPRjfm, 32_lag_wnorPRjfm, 27_lag_glomaSSTjfm, 33_lag_traCA, 25_lag_31_median_mhfATL30, 34_lag_traEU, 33_lag_traIFC, 29_lag_atlSICsep, 32_lag_traDS, 25_lag_30_median_shTSjfm, 25_lag_33_median_seurTSjfm, 31_lag_mhfATL30, 29_lag_traEC, 25_lag_28_median_traIT, 30_lag_pdoSSTjfm, 25_lag_27_median_shTSjfm, 29_lag_traFS, 25_lag_29_median_tripol1, 25_lag_26_median_ormenSSTjfm, 25_lag_34_median_eapPSLjfm, 25_lag_34_median_samPSLann, 32_lag_traBS, 32_lag_nppc3SSTjfm, 25_lag_34_median_cetTSjfm, 25_lag_34_median_AMOCann, 27_lag_nppc3SSTjfm, 26_lag_mhfATL60, 25_lag_31_median_wnorPRjfm, 34_lag_tripol3_1235_25"
LRforcedPSO,21,30,shSICmar,slow,1735.5,2005.5,0.8,36,26,26,24.87240180551158,-0.07186674617365213,1235,"['33_lag_amo2', '26_lag_34_median_traFSC', '27_lag_ensoSSTjfm', '26_lag_28_median_satlSSTjfm', '26_lag_27_median_shSICmar', '26_lag_35_median_stratZ50ndj02', '26_lag_35_median_neurTSjfm', '26_lag_32_median_traFSC', '33_lag_tripol2', '26_lag_34_median_tripol2', '26_lag_34_median_gyreSSTjfm', '26_lag_30_median_alpi', '26_lag_30_median_ormenSSTjfm', '31_lag_wnorPRjfm', '26_lag_pdoSSTjfm', '35_lag_traEU', '28_lag_ismPRjja', '26_lag_34_median_eapPSLjfm', '26_lag_32_median_samPSLann', '35_lag_atlSICjfm', '31_lag_traFSC', '26_lag_34_median_traTLS', '26_lag_27_median_traWP', '34_lag_stratZ50ndj03', '27_lag_cetTSjfm', '29_lag_traBO', '27_lag_arcTSjfm', '28_lag_stratZ50ndj02', '26_lag_27_median_amo3', '26_lag_32_median_neurTSjfm']","[3.2140261360626843, 5.191653447632216, 2.8391031713970687, 4.790859125569735, 2.6902985256391094, 6.4037402602129525, 7.685751763403829, 2.3999513315093557, 4.291437750189811, 5.949126826925275, 2.682675555815843, 0.3219157715802563, 2.0175567209642438, 3.2715362222067057, 0.5796568912645732, 1.4382941589228988, 4.0462427221417645, 6.530196145561122, 2.004362367698098, 0.903453476183449, 4.069675150366489, 6.538635524393669, 4.390728452508553, 0.11364536579627504, 9.64327839726366, 2.5976901428518833, 3.7395247596505543, 0.4800297693361131, 5.633596620851797, 8.517481420808553]","33_lag_amo2, 26_lag_34_median_traFSC, 27_lag_ensoSSTjfm, 26_lag_28_median_satlSSTjfm, 26_lag_27_median_shSICmar, 26_lag_35_median_stratZ50ndj02, 26_lag_35_median_neurTSjfm, 26_lag_32_median_traFSC, 33_lag_tripol2, 26_lag_34_median_tripol2, 26_lag_34_median_gyreSSTjfm, 26_lag_30_median_alpi, 26_lag_30_median_ormenSSTjfm, 31_lag_wnorPRjfm, 26_lag_pdoSSTjfm, 35_lag_traEU, 28_lag_ismPRjja, 26_lag_34_median_eapPSLjfm, 26_lag_32_median_samPSLann, 35_lag_atlSICjfm, 31_lag_traFSC, 26_lag_34_median_traTLS, 26_lag_27_median_traWP, 34_lag_stratZ50ndj03, 27_lag_cetTSjfm, 29_lag_traBO, 27_lag_arcTSjfm, 28_lag_stratZ50ndj02, 26_lag_27_median_amo3, 26_lag_32_median_neurTSjfm_1235_26"
LRforcedPSO,22,30,shSICmar,slow,1736.5,2005.5,0.8,37,27,27,22.62077924044657,0.02814577606945249,1235,"['27_lag_29_median_traMC', '28_lag_cetTSjfm', '27_lag_atlSICjfm', '31_lag_ormenSSTjfm', '35_lag_traBO', '27_lag_28_median_nhTSjfm', '36_lag_arcTSjfm', '27_lag_28_median_arcTSjfm', '27_lag_36_median_shSICmar', '27_lag_30_median_alpi', '36_lag_stratZ50ndj02', '27_lag_33_median_amo2', '36_lag_amoSSTmjjaso', '27_lag_36_median_nppc2SSTjfm', '27_lag_atlSICsep', '31_lag_nppc3SSTjfm', '27_lag_28_median_nppc2SSTjfm', '27_lag_29_median_alpi', '27_lag_32_median_amo1', '27_lag_35_median_ismPRjja', '27_lag_30_median_AMOCann', '35_lag_shSICsep', '34_lag_ismPRjja', '27_lag_28_median_ormenSSTjfm', '27_lag_29_median_glomaSSTjfm', '27_lag_34_median_traFS', '27_lag_33_median_stratZ50ndj03', '27_lag_33_median_alpi', '35_lag_traCA', '32_lag_stratZ50ndj03']","[4.738027939994057, 1.9877271785633681, 4.043761327121366, 6.065100778650233, 1.9645547045080924, 4.081855919387967, 4.12131654211634, 5.587472983551091, 3.4103077960213124, 3.902171580683847, 5.044614402910326, 8.425640970095454, 4.279945027139293, 2.330719858638883, 5.121478144912787, 2.1418709762975974, 2.010062648088425, 9.042029454138616, 8.618152430518997, 8.686755692014419, 5.587825259858654, 1.9485759577903536, 0.056458510406173446, 1.5868152692533357, 5.298119093720379, 6.801854712896748, 1.7712398087531156, 1.9849585259698372, 1.1763957296303218, 0.5002896799050465]","27_lag_29_median_traMC, 28_lag_cetTSjfm, 27_lag_atlSICjfm, 31_lag_ormenSSTjfm, 35_lag_traBO, 27_lag_28_median_nhTSjfm, 36_lag_arcTSjfm, 27_lag_28_median_arcTSjfm, 27_lag_36_median_shSICmar, 27_lag_30_median_alpi, 36_lag_stratZ50ndj02, 27_lag_33_median_amo2, 36_lag_amoSSTmjjaso, 27_lag_36_median_nppc2SSTjfm, 27_lag_atlSICsep, 31_lag_nppc3SSTjfm, 27_lag_28_median_nppc2SSTjfm, 27_lag_29_median_alpi, 27_lag_32_median_amo1, 27_lag_35_median_ismPRjja, 27_lag_30_median_AMOCann, 35_lag_shSICsep, 34_lag_ismPRjja, 27_lag_28_median_ormenSSTjfm, 27_lag_29_median_glomaSSTjfm, 27_lag_34_median_traFS, 27_lag_33_median_stratZ50ndj03, 27_lag_33_median_alpi, 35_lag_traCA, 32_lag_stratZ50ndj03_1235_27"
LRforcedPSO,23,30,shSICmar,slow,1737.5,2005.5,0.8,38,28,28,26.408900124947607,-0.1284776513667088,1235,"['28_lag_29_median_wnorPRjfm', '28_lag_33_median_tripol1', '36_lag_amo3', '37_lag_labSSTjfm', '28_lag_36_median_atlSICsep', '33_lag_ismPRjja', '34_lag_atlSICjfm', '28_lag_33_median_solFORC', '28_lag_37_median_ormenSSTjfm', '28_lag_traEU', '37_lag_shTSjfm', '35_lag_traEU', '28_lag_30_median_traIFC', '29_lag_ismPRjja', '28_lag_33_median_stratZ50ndj01', '37_lag_glTSjfm', '28_lag_32_median_traCA', '28_lag_33_median_traBO', '28_lag_32_median_yrvPRjja', '28_lag_37_median_scpPSLjfm', '28_lag_31_median_alpi', '28_lag_34_median_atlSICjfm', '28_lag_32_median_nppc2SSTjfm', '31_lag_nppc3SSTjfm', '35_lag_scpPSLjfm', '31_lag_traCA', '28_lag_37_median_nppc3SSTjfm', '28_lag_31_median_eapPSLjfm', '37_lag_gyreSSTjfm', '28_lag_29_median_eurPSLjfm']","[4.805196710892448, 4.454149367300245, 5.053297553146994, 1.5239477955148821, 6.442678394488119, 1.9330301898628992, 4.796329287920928, 5.532907282290614, 6.438486796356152, 4.177398027491519, 5.214860606695753, 2.6111946912259683, 6.688891270651396, 3.716102728664632, 3.724657253117254, 2.9938964217847204, 9.531357857149253, 1.0191917463979827, 3.0265660208112966, 0.5051886685698186, 2.372033152641631, 9.909667847713663, 3.01387508990382, 8.156452926947491, 9.522710257993385, 7.606536554428239, 5.5255256330297975, 2.965192931589449, 3.096208714210194, 5.172800035246361]","28_lag_29_median_wnorPRjfm, 28_lag_33_median_tripol1, 36_lag_amo3, 37_lag_labSSTjfm, 28_lag_36_median_atlSICsep, 33_lag_ismPRjja, 34_lag_atlSICjfm, 28_lag_33_median_solFORC, 28_lag_37_median_ormenSSTjfm, 28_lag_traEU, 37_lag_shTSjfm, 35_lag_traEU, 28_lag_30_median_traIFC, 29_lag_ismPRjja, 28_lag_33_median_stratZ50ndj01, 37_lag_glTSjfm, 28_lag_32_median_traCA, 28_lag_33_median_traBO, 28_lag_32_median_yrvPRjja, 28_lag_37_median_scpPSLjfm, 28_lag_31_median_alpi, 28_lag_34_median_atlSICjfm, 28_lag_32_median_nppc2SSTjfm, 31_lag_nppc3SSTjfm, 35_lag_scpPSLjfm, 31_lag_traCA, 28_lag_37_median_nppc3SSTjfm, 28_lag_31_median_eapPSLjfm, 37_lag_gyreSSTjfm, 28_lag_29_median_eurPSLjfm_1235_28"
LRforcedPSO,24,30,shSICmar,slow,1738.5,2005.5,0.8,39,29,29,25.182960439781006,-0.04410976665667296,1235,"['29_lag_31_median_ormenSSTjfm', '37_lag_wnorPRjfm', '33_lag_glTSjfm', '29_lag_traIT', '36_lag_traFSC', '35_lag_stratZ50ndj01', '36_lag_scpPSLjfm', '35_lag_ismPRjja', '29_lag_37_median_labSSTjfm', '30_lag_solFORC', '29_lag_30_median_atlSICjfm', '31_lag_nhSICsep', '29_lag_traTLS', '29_lag_34_median_solFORC', '38_lag_traCA', '33_lag_stratZ50ndj03', '29_lag_atlSICsep', '29_lag_30_median_samPSLann', '35_lag_glTSjfm', '29_lag_33_median_arcTSjfm', '38_lag_stratZ50ndj01', '32_lag_stratZ50ndj03', '36_lag_traMC', '29_lag_32_median_traMC', '29_lag_33_median_eapPSLjfm', '29_lag_32_median_traCA', '29_lag_31_median_cetTSjfm', '29_lag_35_median_amo3', '29_lag_nppc2SSTjfm', '29_lag_32_median_traFB']","[1.207316539820484, 3.6691946658411734, 4.928325218777747, 4.956216458366452, 3.7999372543022725, 5.8021220385612065, 2.0845098213837296, 0.18208829236217028, 9.139012179130876, 0.7803010704863489, 2.790760239893075, 2.3247857098230185, 6.11558832907863, 2.908083638737999, 2.6315868336090897, 7.578401149280548, 4.165210876535024, 4.183972920784633, 4.867097956887672, 0.6923093824944377, 4.116172153545081, 1.9506257987505649, 7.498872765881856, 7.746317048082045, 3.3894516799085768, 5.281381418920792, 9.934970449669734, 3.849251104748004, 3.77098200742428, 2.738147180879624]","29_lag_31_median_ormenSSTjfm, 37_lag_wnorPRjfm, 33_lag_glTSjfm, 29_lag_traIT, 36_lag_traFSC, 35_lag_stratZ50ndj01, 36_lag_scpPSLjfm, 35_lag_ismPRjja, 29_lag_37_median_labSSTjfm, 30_lag_solFORC, 29_lag_30_median_atlSICjfm, 31_lag_nhSICsep, 29_lag_traTLS, 29_lag_34_median_solFORC, 38_lag_traCA, 33_lag_stratZ50ndj03, 29_lag_atlSICsep, 29_lag_30_median_samPSLann, 35_lag_glTSjfm, 29_lag_33_median_arcTSjfm, 38_lag_stratZ50ndj01, 32_lag_stratZ50ndj03, 36_lag_traMC, 29_lag_32_median_traMC, 29_lag_33_median_eapPSLjfm, 29_lag_32_median_traCA, 29_lag_31_median_cetTSjfm, 29_lag_35_median_amo3, 29_lag_nppc2SSTjfm, 29_lag_32_median_traFB_1235_29"
LRforcedPSO,25,30,shSICmar,slow,1739.5,2005.5,0.8,40,30,30,28.781110033687863,-0.07457922540622228,1235,"['30_lag_39_median_stratZ50ndj04', '39_lag_shTSjfm', '30_lag_39_median_traEU', '30_lag_37_median_neurTSjfm', '33_lag_tripol1', '32_lag_ensoSSTjfm', '30_lag_31_median_nhTSjfm', '38_lag_labSSTjfm', '34_lag_traEU', '30_lag_33_median_amoSSTmjjaso', '35_lag_nppc3SSTjfm', '31_lag_labSSTjfm', '30_lag_34_median_ginwSSTjfm', '30_lag_39_median_nhSICjfm', '30_lag_31_median_neurTSjfm', '31_lag_samPSLann', '30_lag_31_median_stratZ50ndj02', '38_lag_traFSC', '35_lag_eurPSLjfm', '30_lag_36_median_stratZ50ndj02', '30_lag_traFB', '32_lag_amoSSTmjjaso', '30_lag_38_median_nhSICjfm', '30_lag_33_median_mhfATL45', '37_lag_nhTSjfm', '30_lag_37_median_shSICsep', '36_lag_shTSjfm', '30_lag_35_median_traCA', '39_lag_stratZ50ndj02', '35_lag_tripol2']","[1.0870537460667968, 3.0933663329202226, 6.8235193278980475, 6.8950988202749315, 3.2694659038636527, 9.62755642286793, 3.133265981309581, 0.7555283263820662, 3.800183355118138, 1.9737702265953931, 0.714070278519717, 2.0718331483211383, 6.998463702305202, 2.117168497696664, 2.195441053470308, 3.1412568542720276, 6.549807069844416, 5.58600343140537, 5.529104830818059, 7.800800341288414, 6.031556159023051, 5.098702397511099, 7.379390758628128, 0.5213713051516127, 4.304113949400843, 0.030834468785327473, 6.019955968351219, 4.70879806237723, 0.011156934708191457, 0.26991883506915926]","30_lag_39_median_stratZ50ndj04, 39_lag_shTSjfm, 30_lag_39_median_traEU, 30_lag_37_median_neurTSjfm, 33_lag_tripol1, 32_lag_ensoSSTjfm, 30_lag_31_median_nhTSjfm, 38_lag_labSSTjfm, 34_lag_traEU, 30_lag_33_median_amoSSTmjjaso, 35_lag_nppc3SSTjfm, 31_lag_labSSTjfm, 30_lag_34_median_ginwSSTjfm, 30_lag_39_median_nhSICjfm, 30_lag_31_median_neurTSjfm, 31_lag_samPSLann, 30_lag_31_median_stratZ50ndj02, 38_lag_traFSC, 35_lag_eurPSLjfm, 30_lag_36_median_stratZ50ndj02, 30_lag_traFB, 32_lag_amoSSTmjjaso, 30_lag_38_median_nhSICjfm, 30_lag_33_median_mhfATL45, 37_lag_nhTSjfm, 30_lag_37_median_shSICsep, 36_lag_shTSjfm, 30_lag_35_median_traCA, 39_lag_stratZ50ndj02, 35_lag_tripol2_1235_30"
LRforcedPSO,26,30,shSICmar,slow,1740.5,2005.5,0.8,41,31,31,17.531452933602893,0.34450310890684105,1235,"['31_lag_scpPSLjfm', '31_lag_40_median_nhSICjfm', '31_lag_39_median_ismPRjja', '34_lag_nhSICsep', '31_lag_39_median_nhSICjfm', '37_lag_yrvPRjja', '31_lag_37_median_traIT', '40_lag_atlSICsep', '40_lag_scpPSLjfm', '39_lag_satlSSTjfm', '39_lag_eurPSLjfm', '31_lag_37_median_glTSjfm', '39_lag_shSICsep', '33_lag_nppc3SSTjfm', '32_lag_shTSjfm', '31_lag_32_median_naoPSLjfm', '35_lag_mhfATL60', '34_lag_stratZ50ndj02', '31_lag_38_median_pdoSSTjfm', '31_lag_35_median_tripol1', '31_lag_32_median_traIT', '35_lag_traCA', '31_lag_35_median_eapPSLjfm', '39_lag_traEC', '33_lag_traFB', '31_lag_34_median_traFSC', '31_lag_40_median_amo2', '38_lag_glTSjfm', '40_lag_traBO', '31_lag_37_median_amo1']","[0.2998363942173743, 2.1886928278024254, 2.1785525081267876, 5.756881350721139, 5.879454491289309, 7.456131513010467, 0.8715003803147621, 1.7031610603657406, 2.6486978694196894, 0.21169139262094738, 5.810373240603863, 8.342887870765757, 7.965856122103694, 3.310338525997367, 2.7528150936904243, 0.46530384309484774, 3.409325595206438, 0.2720369738318702, 5.248535213868603, 4.244953680113726, 1.668594619375794, 6.072306356762255, 6.041879304895588, 0.4902996516903624, 5.275250988217991, 5.455520791886308, 0.22056935101209874, 1.767321306522744, 4.804000014716796, 1.438527832885299]","31_lag_scpPSLjfm, 31_lag_40_median_nhSICjfm, 31_lag_39_median_ismPRjja, 34_lag_nhSICsep, 31_lag_39_median_nhSICjfm, 37_lag_yrvPRjja, 31_lag_37_median_traIT, 40_lag_atlSICsep, 40_lag_scpPSLjfm, 39_lag_satlSSTjfm, 39_lag_eurPSLjfm, 31_lag_37_median_glTSjfm, 39_lag_shSICsep, 33_lag_nppc3SSTjfm, 32_lag_shTSjfm, 31_lag_32_median_naoPSLjfm, 35_lag_mhfATL60, 34_lag_stratZ50ndj02, 31_lag_38_median_pdoSSTjfm, 31_lag_35_median_tripol1, 31_lag_32_median_traIT, 35_lag_traCA, 31_lag_35_median_eapPSLjfm, 39_lag_traEC, 33_lag_traFB, 31_lag_34_median_traFSC, 31_lag_40_median_amo2, 38_lag_glTSjfm, 40_lag_traBO, 31_lag_37_median_amo1_1235_31"
LRforcedPSO,27,30,shSICmar,slow,1741.5,2005.5,0.8,42,32,32,36.068117876360844,-0.07521249399522065,1235,"['34_lag_scpPSLjfm', '32_lag_41_median_traTLS', '41_lag_mhfATL60', '32_lag_eurPSLjfm', '32_lag_33_median_ensoSSTjfm', '32_lag_40_median_pdoSSTjfm', '37_lag_pdoSSTjfm', '32_lag_40_median_stratZ50ndj04', '36_lag_stratZ50ndj04', '32_lag_37_median_traFSC', '39_lag_traCA', '32_lag_38_median_traIT', '38_lag_mhfATL60', '32_lag_39_median_solFORC', '32_lag_37_median_neurTSjfm', '32_lag_amo1', '41_lag_nhSICjfm', '32_lag_38_median_ensoSSTjfm', '32_lag_36_median_seurTSjfm', '32_lag_34_median_shTSjfm', '34_lag_amo3', '34_lag_ensoSSTjfm', '32_lag_36_median_AMOCann', '32_lag_39_median_traEC', '32_lag_traMC', '40_lag_eurPSLjfm', '32_lag_40_median_stratZ50ndj02', '32_lag_41_median_neurTSjfm', '32_lag_36_median_ginwSSTjfm', '32_lag_33_median_seurTSjfm']","[4.3182747035834055, 4.49704362745015, 1.3289313864260794, 9.724726450544281, 2.788433075961258, 3.2980299563101045, 6.570050965494119, 2.6300619770456146, 7.458868507884451, 7.070721494699404, 1.4457232348789777, 5.114526045037756, 0.9012402554779602, 5.133067103498359, 0.5553006176620041, 7.190639372164234, 1.443305820190922, 5.249165928400792, 5.546581155320773, 3.666069023942682, 7.503164529267203, 8.254581399149414, 1.6644197449619735, 4.35613464036094, 0.4904600458806474, 5.4386594104141714, 4.086406853938591, 2.723411170988972, 7.2626004127144554, 9.44451604867065]","34_lag_scpPSLjfm, 32_lag_41_median_traTLS, 41_lag_mhfATL60, 32_lag_eurPSLjfm, 32_lag_33_median_ensoSSTjfm, 32_lag_40_median_pdoSSTjfm, 37_lag_pdoSSTjfm, 32_lag_40_median_stratZ50ndj04, 36_lag_stratZ50ndj04, 32_lag_37_median_traFSC, 39_lag_traCA, 32_lag_38_median_traIT, 38_lag_mhfATL60, 32_lag_39_median_solFORC, 32_lag_37_median_neurTSjfm, 32_lag_amo1, 41_lag_nhSICjfm, 32_lag_38_median_ensoSSTjfm, 32_lag_36_median_seurTSjfm, 32_lag_34_median_shTSjfm, 34_lag_amo3, 34_lag_ensoSSTjfm, 32_lag_36_median_AMOCann, 32_lag_39_median_traEC, 32_lag_traMC, 40_lag_eurPSLjfm, 32_lag_40_median_stratZ50ndj02, 32_lag_41_median_neurTSjfm, 32_lag_36_median_ginwSSTjfm, 32_lag_33_median_seurTSjfm_1235_32"
LRforcedPSO,28,30,shSICmar,slow,1742.5,2005.5,0.8,43,33,33,17.82970149237204,0.17398933762977287,1235,"['33_lag_40_median_traCA', '33_lag_40_median_eapPSLjfm', '33_lag_stratZ50ndj02', '35_lag_pdoSSTjfm', '33_lag_35_median_stratZ50ndj03', '33_lag_34_median_traBO', '33_lag_36_median_traTLS', '33_lag_38_median_atlSICjfm', '33_lag_39_median_traFB', '33_lag_38_median_mhfIP30', '33_lag_35_median_traFB', '36_lag_nhSICjfm', '34_lag_stratZ50ndj04', '40_lag_stratZ50ndj03', '34_lag_naoPSLjfm', '38_lag_stratZ50ndj02', '39_lag_traEC', '39_lag_tripol3', '34_lag_gyreSSTjfm', '35_lag_samPSLann', '41_lag_traCA', '33_lag_40_median_traFS', '33_lag_34_median_seurTSjfm', '33_lag_35_median_traCA', '33_lag_37_median_traIT', '33_lag_39_median_traFS', '33_lag_39_median_eurPSLjfm', '33_lag_shSICsep', '35_lag_naoPSLjfm', '41_lag_nhSICjfm']","[5.435161059652758, 4.783544981968703, 4.165154950322734, 5.930986480265075, 2.8105866034990434, 0.6915880745286813, 6.854264539024994, 9.053957092514542, 5.051725834645941, 0.4842385783939296, 0.12760549496496054, 9.530270626417398, 3.68713383200606, 3.1479944307764, 6.525526590556645, 2.4095339007192713, 0.6237436739098534, 0.8289172425202, 0.25046220590337853, 1.0590460233137122, 6.881210544652411, 1.1197992997026027, 1.6448444406411245, 4.161536528049382, 5.488535531718, 0.46225630505485427, 0.9167349620735301, 8.483524901649629, 4.762439819727584, 5.732080267058988]","33_lag_40_median_traCA, 33_lag_40_median_eapPSLjfm, 33_lag_stratZ50ndj02, 35_lag_pdoSSTjfm, 33_lag_35_median_stratZ50ndj03, 33_lag_34_median_traBO, 33_lag_36_median_traTLS, 33_lag_38_median_atlSICjfm, 33_lag_39_median_traFB, 33_lag_38_median_mhfIP30, 33_lag_35_median_traFB, 36_lag_nhSICjfm, 34_lag_stratZ50ndj04, 40_lag_stratZ50ndj03, 34_lag_naoPSLjfm, 38_lag_stratZ50ndj02, 39_lag_traEC, 39_lag_tripol3, 34_lag_gyreSSTjfm, 35_lag_samPSLann, 41_lag_traCA, 33_lag_40_median_traFS, 33_lag_34_median_seurTSjfm, 33_lag_35_median_traCA, 33_lag_37_median_traIT, 33_lag_39_median_traFS, 33_lag_39_median_eurPSLjfm, 33_lag_shSICsep, 35_lag_naoPSLjfm, 41_lag_nhSICjfm_1235_33"
LRforcedPSO,29,30,shSICmar,slow,1743.5,2005.5,0.8,44,34,34,29.26907763141272,-0.25616447733116493,1235,"['35_lag_traIT', '34_lag_43_median_shSICmar', '34_lag_43_median_traMC', '34_lag_39_median_traWP', '38_lag_naoPSLjfm', '37_lag_pdoSSTjfm', '42_lag_scpPSLjfm', '35_lag_AMOCann', '34_lag_36_median_stratZ50ndj02', '37_lag_amoSSTmjjaso', '36_lag_mhfIP30', '42_lag_traIT', '34_lag_41_median_traIFC', '41_lag_stratZ50ndj01', '42_lag_tripol3', '34_lag_37_median_yrvPRjja', '35_lag_ormenSSTjfm', '43_lag_amo3', '35_lag_nchinaPRjja', '34_lag_43_median_traFB', '34_lag_40_median_ormenSSTjfm', '37_lag_traIT', '37_lag_samPSLann', '34_lag_42_median_stratZ50ndj02', '42_lag_glomaSSTjfm', '34_lag_41_median_labSSTjfm', '38_lag_stratZ50ndj03', '34_lag_traBS', '34_lag_42_median_shSICsep', '37_lag_ensoSSTjfm']","[3.3600688226143767, 7.58885201469419, 0.9210830656317341, 2.6705452841369626, 8.574453110733062, 7.192351220564358, 3.1757300471652723, 3.7516421178160098, 3.653067318332277, 1.687541545249914, 3.5526624803998423, 3.6495089076099863, 2.9137952705182677, 5.737592279337845, 5.742016025930217, 9.52398830211887, 4.896937267645704, 5.841511421133667, 6.8991926809760535, 5.176006969669531, 3.04706336820076, 4.361574508882795, 9.783139255436815, 5.508578582629246, 1.9185924221714359, 4.835306718971392, 5.805344473685854, 5.597355005989164, 5.946954410169967, 0.4262623196432642]","35_lag_traIT, 34_lag_43_median_shSICmar, 34_lag_43_median_traMC, 34_lag_39_median_traWP, 38_lag_naoPSLjfm, 37_lag_pdoSSTjfm, 42_lag_scpPSLjfm, 35_lag_AMOCann, 34_lag_36_median_stratZ50ndj02, 37_lag_amoSSTmjjaso, 36_lag_mhfIP30, 42_lag_traIT, 34_lag_41_median_traIFC, 41_lag_stratZ50ndj01, 42_lag_tripol3, 34_lag_37_median_yrvPRjja, 35_lag_ormenSSTjfm, 43_lag_amo3, 35_lag_nchinaPRjja, 34_lag_43_median_traFB, 34_lag_40_median_ormenSSTjfm, 37_lag_traIT, 37_lag_samPSLann, 34_lag_42_median_stratZ50ndj02, 42_lag_glomaSSTjfm, 34_lag_41_median_labSSTjfm, 38_lag_stratZ50ndj03, 34_lag_traBS, 34_lag_42_median_shSICsep, 37_lag_ensoSSTjfm_1235_34"
LRforcedPSO,30,30,shSICmar,slow,1744.5,2005.5,0.8,45,35,35,23.676417133232537,0.13116229692865802,1235,"['44_lag_eurPSLjfm', '35_lag_38_median_atlSICsep', '35_lag_shSICsep', '35_lag_36_median_mhfATL30', '44_lag_amo2', '35_lag_37_median_tripol2', '43_lag_traBO', '38_lag_shSICsep', '35_lag_38_median_traTLS', '40_lag_atlSICjfm', '35_lag_42_median_traFSC', '35_lag_41_median_eurPSLjfm', '35_lag_36_median_ismPRjja', '37_lag_amoSSTmjjaso', '36_lag_solFORC', '35_lag_39_median_traBS', '35_lag_traFS', '35_lag_38_median_traIT', '40_lag_traBS', '40_lag_traFS', '41_lag_AMOCann', '35_lag_41_median_glTSjfm', '40_lag_cetTSjfm', '38_lag_tripol1', '36_lag_mhfATL60', '43_lag_traTLS', '35_lag_39_median_shTSjfm', '35_lag_41_median_stratZ50ndj04', '35_lag_39_median_satlSSTjfm', '41_lag_traWP']","[4.780116565109919, 3.401851118827725, 0.7258125647011848, 6.493887477167494, 1.7030205632622426, 3.9316859570896163, 1.4201299462510164, 0.6505446540445714, 7.634924511783897, 3.532846467198418, 2.1757926578308107, 4.446777780419371, 7.790908396607634, 9.65673018563837, 3.1688775186680473, 2.4624011822862073, 0.7788238443429343, 5.972172956878417, 3.6696045074190984, 0.03574464111115461, 0.42471156295805557, 8.794592267067284, 7.4346741842264, 3.387548535461228, 0.3234603186319589, 6.222198696637804, 5.703488863406121, 8.26025264221575, 1.7787259835332208, 2.508265651421306]","44_lag_eurPSLjfm, 35_lag_38_median_atlSICsep, 35_lag_shSICsep, 35_lag_36_median_mhfATL30, 44_lag_amo2, 35_lag_37_median_tripol2, 43_lag_traBO, 38_lag_shSICsep, 35_lag_38_median_traTLS, 40_lag_atlSICjfm, 35_lag_42_median_traFSC, 35_lag_41_median_eurPSLjfm, 35_lag_36_median_ismPRjja, 37_lag_amoSSTmjjaso, 36_lag_solFORC, 35_lag_39_median_traBS, 35_lag_traFS, 35_lag_38_median_traIT, 40_lag_traBS, 40_lag_traFS, 41_lag_AMOCann, 35_lag_41_median_glTSjfm, 40_lag_cetTSjfm, 38_lag_tripol1, 36_lag_mhfATL60, 43_lag_traTLS, 35_lag_39_median_shTSjfm, 35_lag_41_median_stratZ50ndj04, 35_lag_39_median_satlSSTjfm, 41_lag_traWP_1235_35"
LRforcedPSO,31,30,shSICmar,slow,1745.5,2005.5,0.8,46,36,36,23.05348255937878,0.29907879906350676,1235,"['38_lag_glTSjfm', '42_lag_samPSLann', '36_lag_38_median_traIFC', '36_lag_40_median_stratZ50ndj02', '36_lag_43_median_alpi', '45_lag_ismPRjja', '43_lag_pdoSSTjfm', '43_lag_neurTSjfm', '36_lag_42_median_scpPSLjfm', '41_lag_nhSICjfm', '39_lag_shTSjfm', '40_lag_traDP', '45_lag_mhfATL30', '36_lag_37_median_traCA', '43_lag_stratZ50ndj02', '38_lag_neurTSjfm', '36_lag_40_median_nppc2SSTjfm', '41_lag_traIFC', '36_lag_41_median_eapPSLjfm', '37_lag_traEC', '36_lag_37_median_atlSICsep', '37_lag_glTSjfm', '36_lag_neurTSjfm', '45_lag_traMC', '37_lag_naoPSLjfm', '45_lag_traWP', '36_lag_38_median_wnorPRjfm', '36_lag_39_median_traWP', '36_lag_43_median_traWP', '36_lag_41_median_mhfATL30']","[2.0976793310676634, 4.53955225807187, 2.5625309398993323, 7.3717617405683775, 2.768093923405221, 0.20394267933638943, 7.530900444485443, 0.39955148937525387, 3.8868754426660024, 5.2390537660603655, 5.794720175641417, 0.694151997923985, 8.492111001116287, 8.103041475155424, 3.1868053690069953, 0.20088807045240742, 3.0879211724146476, 0.22546642008058448, 0.20584190529647017, 3.061072843204351, 1.8947381940807535, 6.93368559923352, 9.398419099699826, 1.3113969113044917, 6.79304540247616, 3.5767194187272864, 8.292654397789004, 3.412839459053348, 7.963156042533093, 3.2792535668685225]","38_lag_glTSjfm, 42_lag_samPSLann, 36_lag_38_median_traIFC, 36_lag_40_median_stratZ50ndj02, 36_lag_43_median_alpi, 45_lag_ismPRjja, 43_lag_pdoSSTjfm, 43_lag_neurTSjfm, 36_lag_42_median_scpPSLjfm, 41_lag_nhSICjfm, 39_lag_shTSjfm, 40_lag_traDP, 45_lag_mhfATL30, 36_lag_37_median_traCA, 43_lag_stratZ50ndj02, 38_lag_neurTSjfm, 36_lag_40_median_nppc2SSTjfm, 41_lag_traIFC, 36_lag_41_median_eapPSLjfm, 37_lag_traEC, 36_lag_37_median_atlSICsep, 37_lag_glTSjfm, 36_lag_neurTSjfm, 45_lag_traMC, 37_lag_naoPSLjfm, 45_lag_traWP, 36_lag_38_median_wnorPRjfm, 36_lag_39_median_traWP, 36_lag_43_median_traWP, 36_lag_41_median_mhfATL30_1235_36"
LRforcedPSO,32,30,shSICmar,slow,1746.5,2005.5,0.8,47,37,37,24.593342587526934,0.025070034352675737,1235,"['42_lag_amoSSTmjjaso', '37_lag_39_median_shSICsep', '37_lag_42_median_tripol3', '37_lag_38_median_solFORC', '41_lag_tripol2', '45_lag_stratZ50ndj03', '38_lag_shSICsep', '44_lag_amo2', '37_lag_43_median_traFS', '37_lag_42_median_glomaSSTjfm', '39_lag_gyreSSTjfm', '37_lag_40_median_amoSSTmjjaso', '44_lag_nppc2SSTjfm', '37_lag_41_median_cetTSjfm', '42_lag_mhfATL30', '37_lag_46_median_mhfATL30', '41_lag_shSICsep', '46_lag_traEC', '40_lag_gyreSSTjfm', '37_lag_44_median_AMOCann', '37_lag_43_median_traWP', '38_lag_ensoSSTjfm', '44_lag_scpPSLjfm', '37_lag_39_median_traEU', '42_lag_traCA', '40_lag_tripol2', '43_lag_amoSSTmjjaso', '42_lag_traEC', '37_lag_41_median_shSICsep', '44_lag_eapPSLjfm']","[0.6591327840329768, 7.90100693170277, 1.401935852410837, 0.40422496237268035, 1.4342430008716889, 2.9817874742354196, 3.3461037206043045, 4.008590468736603, 1.9968093521035062, 2.0373455691980684, 3.743251979778597, 6.7348321157324325, 4.131274273465115, 2.293881085944607, 4.713271958654048, 3.1774323307004604, 9.235940156983034, 7.08169858254916, 4.192361325282013, 6.35531190394639, 0.19031774880314778, 8.697432037775307, 3.46223271692633, 8.135093872440386, 0.5293659977423832, 2.930548535384471, 0.7785387316424845, 1.916220598382539, 2.5519866477674835, 7.072848657068656]","42_lag_amoSSTmjjaso, 37_lag_39_median_shSICsep, 37_lag_42_median_tripol3, 37_lag_38_median_solFORC, 41_lag_tripol2, 45_lag_stratZ50ndj03, 38_lag_shSICsep, 44_lag_amo2, 37_lag_43_median_traFS, 37_lag_42_median_glomaSSTjfm, 39_lag_gyreSSTjfm, 37_lag_40_median_amoSSTmjjaso, 44_lag_nppc2SSTjfm, 37_lag_41_median_cetTSjfm, 42_lag_mhfATL30, 37_lag_46_median_mhfATL30, 41_lag_shSICsep, 46_lag_traEC, 40_lag_gyreSSTjfm, 37_lag_44_median_AMOCann, 37_lag_43_median_traWP, 38_lag_ensoSSTjfm, 44_lag_scpPSLjfm, 37_lag_39_median_traEU, 42_lag_traCA, 40_lag_tripol2, 43_lag_amoSSTmjjaso, 42_lag_traEC, 37_lag_41_median_shSICsep, 44_lag_eapPSLjfm_1235_37"
LRforcedPSO,33,30,shSICmar,slow,1747.5,2005.5,0.8,48,38,38,17.98454097917973,0.11175367251016516,1235,"['38_lag_44_median_shSICmar', '38_lag_42_median_mhfIP30', '38_lag_47_median_ismPRjja', '38_lag_46_median_ormenSSTjfm', '44_lag_atlSICsep', '38_lag_44_median_stratZ50ndj02', '38_lag_39_median_naoPSLjfm', '39_lag_traDP', '38_lag_44_median_labSSTjfm', '45_lag_pdoSSTjfm', '40_lag_traEC', '38_lag_47_median_mhfATL30', '38_lag_42_median_traTLS', '44_lag_traMC', '38_lag_44_median_traFB', '38_lag_40_median_traCA', '38_lag_46_median_wnorPRjfm', '38_lag_43_median_traDS', '44_lag_ormenSSTjfm', '41_lag_atlSICsep', '41_lag_scpPSLjfm', '38_lag_43_median_naoPSLjfm', '42_lag_naoPSLjfm', '47_lag_satlSSTjfm', '38_lag_45_median_stratZ50ndj03', '38_lag_44_median_traMC', '39_lag_nhSICjfm', '45_lag_AMOCann', '38_lag_43_median_arcTSjfm', '47_lag_glomaSSTjfm']","[4.83078568800112, 2.9846197451515053, 5.549527819208038, 6.462746570303944, 0.8312122607544055, 0.02579498158759641, 5.303803724787082, 2.756449781651787, 4.164969180919074, 1.4428194428235113, 1.3854615550246834, 0.06303799778842745, 7.143856688884913, 1.4913124771446995, 9.562751291411347, 9.976333348464346, 2.100213606421029, 0.0014437965429543453, 1.0826474974263718, 0.310457494405739, 2.015965973430527, 1.9876436638668409, 0.6815280775132564, 1.8923183078128663, 3.8044102654510716, 4.956530351431759, 4.230305251848938, 0.3304724356088595, 8.751266718272612, 1.629519065004807]","38_lag_44_median_shSICmar, 38_lag_42_median_mhfIP30, 38_lag_47_median_ismPRjja, 38_lag_46_median_ormenSSTjfm, 44_lag_atlSICsep, 38_lag_44_median_stratZ50ndj02, 38_lag_39_median_naoPSLjfm, 39_lag_traDP, 38_lag_44_median_labSSTjfm, 45_lag_pdoSSTjfm, 40_lag_traEC, 38_lag_47_median_mhfATL30, 38_lag_42_median_traTLS, 44_lag_traMC, 38_lag_44_median_traFB, 38_lag_40_median_traCA, 38_lag_46_median_wnorPRjfm, 38_lag_43_median_traDS, 44_lag_ormenSSTjfm, 41_lag_atlSICsep, 41_lag_scpPSLjfm, 38_lag_43_median_naoPSLjfm, 42_lag_naoPSLjfm, 47_lag_satlSSTjfm, 38_lag_45_median_stratZ50ndj03, 38_lag_44_median_traMC, 39_lag_nhSICjfm, 45_lag_AMOCann, 38_lag_43_median_arcTSjfm, 47_lag_glomaSSTjfm_1235_38"
LRforcedPSO,34,30,shSICmar,slow,1748.5,2005.5,0.8,49,39,39,28.062107773684893,-0.21807933964243004,1235,"['39_lag_41_median_traFSC', '39_lag_44_median_traIT', '39_lag_42_median_glTSjfm', '40_lag_gyreSSTjfm', '46_lag_scpPSLjfm', '42_lag_mhfATL60', '46_lag_solFORC', '39_lag_48_median_traBO', '39_lag_47_median_mhfATL45', '47_lag_shSICsep', '44_lag_shSICmar', '39_lag_46_median_seurTSjfm', '39_lag_42_median_ormenSSTjfm', '39_lag_41_median_nppc3SSTjfm', '45_lag_shSICmar', '40_lag_tripol2', '48_lag_amo2', '45_lag_atlSICsep', '39_lag_44_median_mhfIP30', '45_lag_stratZ50ndj03', '42_lag_amo3', '44_lag_shSICsep', '45_lag_traTLS', '43_lag_tripol1', '40_lag_nhTSjfm', '45_lag_mhfATL45', '44_lag_nppc3SSTjfm', '46_lag_eurPSLjfm', '39_lag_46_median_traCA', '39_lag_44_median_traMC']","[4.743009114533909, 6.906738063949202, 1.3348108920558026, 8.466873610972996, 5.59660675119547, 1.9081201724731685, 6.48341589251509, 9.6538652865401, 4.152427174780449, 6.290766497090243, 4.89505651254732, 7.0040397931096265, 7.705107712259444, 0.6662743368820578, 3.4660072386691088, 5.639846844681626, 0.26588902427781846, 7.833288239829201, 0.3985408629521636, 3.3580801997777883, 7.559671774772774, 1.1265179305897117, 1.2616828399186364, 8.688008766913732, 5.018403186427016, 3.743362388398756, 8.378492150336754, 6.854185540821584, 0.9805125471279634, 5.55300392560415]","39_lag_41_median_traFSC, 39_lag_44_median_traIT, 39_lag_42_median_glTSjfm, 40_lag_gyreSSTjfm, 46_lag_scpPSLjfm, 42_lag_mhfATL60, 46_lag_solFORC, 39_lag_48_median_traBO, 39_lag_47_median_mhfATL45, 47_lag_shSICsep, 44_lag_shSICmar, 39_lag_46_median_seurTSjfm, 39_lag_42_median_ormenSSTjfm, 39_lag_41_median_nppc3SSTjfm, 45_lag_shSICmar, 40_lag_tripol2, 48_lag_amo2, 45_lag_atlSICsep, 39_lag_44_median_mhfIP30, 45_lag_stratZ50ndj03, 42_lag_amo3, 44_lag_shSICsep, 45_lag_traTLS, 43_lag_tripol1, 40_lag_nhTSjfm, 45_lag_mhfATL45, 44_lag_nppc3SSTjfm, 46_lag_eurPSLjfm, 39_lag_46_median_traCA, 39_lag_44_median_traMC_1235_39"
LRforcedPSO,35,30,shSICmar,slow,1749.5,2005.5,0.8,50,40,40,18.67317457779898,0.492292666093571,1235,"['40_lag_45_median_amo2', '40_lag_43_median_mhfIP30', '40_lag_49_median_solFORC', '44_lag_stratZ50ndj04', '46_lag_nhSICsep', '40_lag_48_median_ismPRjja', '40_lag_41_median_mhfIP30', '41_lag_atlSICjfm', '40_lag_49_median_mhfATL60', '43_lag_mhfATL30', '42_lag_ismPRjja', '47_lag_shSICmar', '48_lag_mhfATL30', '44_lag_yrvPRjja', '46_lag_traTLS', '40_lag_45_median_wnorPRjfm', '49_lag_traCA', '40_lag_44_median_tripol1', '40_lag_45_median_tripol2', '46_lag_traBS', '46_lag_arcTSjfm', '48_lag_atlSICsep', '40_lag_49_median_traWP', '40_lag_43_median_cetTSjfm', '47_lag_traMC', '40_lag_48_median_traWP', '40_lag_49_median_traBO', '43_lag_shSICsep', '41_lag_tripol1', '40_lag_47_median_arcTSjfm']","[0.897689336729087, 0.6633183478759648, 1.7798076741218694, 6.766987431636128, 2.5491729896479747, 4.701228433833822, 1.50950632182154, 5.8229907135114995, 5.825757649815252, 0.44423144152158933, 3.163137271375227, 0.23194811175490493, 3.2555939089745003, 1.368882140376602, 7.489816514740053, 0.045034917849637424, 3.9212115519956914, 5.174571862470129, 1.2756042225623698, 4.308488656824958, 5.981255641812195, 2.168863025592948, 4.4090696187893474, 0.013261390149754249, 0.8935067897361098, 2.966795359296757, 2.710370522329373, 5.863891576806516, 4.874686704138977, 1.5972948949580417]","40_lag_45_median_amo2, 40_lag_43_median_mhfIP30, 40_lag_49_median_solFORC, 44_lag_stratZ50ndj04, 46_lag_nhSICsep, 40_lag_48_median_ismPRjja, 40_lag_41_median_mhfIP30, 41_lag_atlSICjfm, 40_lag_49_median_mhfATL60, 43_lag_mhfATL30, 42_lag_ismPRjja, 47_lag_shSICmar, 48_lag_mhfATL30, 44_lag_yrvPRjja, 46_lag_traTLS, 40_lag_45_median_wnorPRjfm, 49_lag_traCA, 40_lag_44_median_tripol1, 40_lag_45_median_tripol2, 46_lag_traBS, 46_lag_arcTSjfm, 48_lag_atlSICsep, 40_lag_49_median_traWP, 40_lag_43_median_cetTSjfm, 47_lag_traMC, 40_lag_48_median_traWP, 40_lag_49_median_traBO, 43_lag_shSICsep, 41_lag_tripol1, 40_lag_47_median_arcTSjfm_1235_40"
LRforcedPSO,36,30,shSICmar,slow,1750.5,2005.5,0.8,51,41,41,22.59305328215273,0.25759185504812127,1235,"['41_lag_44_median_nchinaPRjja', '41_lag_50_median_shSICmar', '41_lag_44_median_AMOCann', '50_lag_alpi', '46_lag_mhfATL60', '41_lag_50_median_traIFC', '43_lag_scpPSLjfm', '48_lag_samPSLann', '49_lag_glomaSSTjfm', '41_lag_47_median_stratZ50ndj03', '41_lag_43_median_traIFC', '45_lag_glomaSSTjfm', '41_lag_43_median_shSICsep', '41_lag_44_median_ismPRjja', '41_lag_42_median_glomaSSTjfm', '42_lag_traWP', '41_lag_43_median_stratZ50ndj04', '43_lag_stratZ50ndj02', '42_lag_nppc3SSTjfm', '43_lag_stratZ50ndj03', '41_lag_43_median_traIT', '45_lag_amo1', '41_lag_43_median_eapPSLjfm', '41_lag_44_median_amo2', '41_lag_47_median_stratZ50ndj02', '44_lag_traDS', '41_lag_stratZ50ndj01', '50_lag_AMOCann', '41_lag_50_median_wnorPRjfm', '48_lag_mhfATL45']","[3.22028040748092, 9.796853068175857, 2.895325083626812, 3.2411067189034526, 6.687516380552726, 6.647218394573173, 1.6433001483785254, 0.09351282993153198, 6.8851833143809005, 4.978959754996383, 9.790002246498943, 7.7127224077169965, 0.4525038935663961, 0.4249805016665231, 1.984507196476601, 4.348812106453668, 3.9351256939153423, 8.954318805504219, 0.1377987812777306, 0.7268833710006959, 0.6310953176269241, 3.658735389160757, 4.268472286231342, 8.854025750468498, 4.7037095151813535, 8.962403835400899, 7.391344861154664, 1.2753854251703025, 3.2989519018980076, 3.4207347459093]","41_lag_44_median_nchinaPRjja, 41_lag_50_median_shSICmar, 41_lag_44_median_AMOCann, 50_lag_alpi, 46_lag_mhfATL60, 41_lag_50_median_traIFC, 43_lag_scpPSLjfm, 48_lag_samPSLann, 49_lag_glomaSSTjfm, 41_lag_47_median_stratZ50ndj03, 41_lag_43_median_traIFC, 45_lag_glomaSSTjfm, 41_lag_43_median_shSICsep, 41_lag_44_median_ismPRjja, 41_lag_42_median_glomaSSTjfm, 42_lag_traWP, 41_lag_43_median_stratZ50ndj04, 43_lag_stratZ50ndj02, 42_lag_nppc3SSTjfm, 43_lag_stratZ50ndj03, 41_lag_43_median_traIT, 45_lag_amo1, 41_lag_43_median_eapPSLjfm, 41_lag_44_median_amo2, 41_lag_47_median_stratZ50ndj02, 44_lag_traDS, 41_lag_stratZ50ndj01, 50_lag_AMOCann, 41_lag_50_median_wnorPRjfm, 48_lag_mhfATL45_1235_41"
LRforcedPSO,37,30,shSICmar,slow,1751.5,2005.5,0.8,52,42,42,37.400855033468495,-0.0029181024903606953,1235,"['44_lag_mhfATL30', '42_lag_45_median_mhfATL60', '50_lag_traFS', '45_lag_atlSICsep', '42_lag_51_median_mhfIP30', '48_lag_amoSSTmjjaso', '42_lag_44_median_traIFC', '48_lag_traTLS', '42_lag_43_median_naoPSLjfm', '47_lag_ginwSSTjfm', '42_lag_44_median_nppc3SSTjfm', '50_lag_labSSTjfm', '42_lag_48_median_traBO', '43_lag_tripol2', '42_lag_44_median_traEC', '45_lag_tripol2', '43_lag_amoSSTmjjaso', '45_lag_traTLS', '42_lag_44_median_traEU', '42_lag_44_median_nhSICsep', '42_lag_50_median_stratZ50ndj03', '45_lag_glTSjfm', '48_lag_pdoSSTjfm', '42_lag_51_median_stratZ50ndj03', '46_lag_mhfATL30', '42_lag_43_median_atlSICjfm', '51_lag_glomaSSTjfm', '42_lag_traWP', '46_lag_AMOCann', '45_lag_traDP']","[1.7048224240772747, 7.417997123206977, 5.723170708429455, 1.3490828439881852, 5.054200408998131, 4.259093031383996, 4.317041200870921, 1.5743873371642891, 2.344338189735904, 6.95133229678089, 0.12606540232157926, 9.576018149456118, 8.709880865862775, 1.6933919364926844, 5.36929650568492, 1.1690508005212443, 3.9415737415427223, 0.7516431873776703, 0.07730321443866472, 5.473417746248941, 2.4985069800462334, 8.330913361121723, 6.236219082809164, 1.9976026441586612, 4.21683350631702, 3.657765952925775, 6.864618045545667, 6.57996967144872, 1.4931815233041323, 2.7219912313688432]","44_lag_mhfATL30, 42_lag_45_median_mhfATL60, 50_lag_traFS, 45_lag_atlSICsep, 42_lag_51_median_mhfIP30, 48_lag_amoSSTmjjaso, 42_lag_44_median_traIFC, 48_lag_traTLS, 42_lag_43_median_naoPSLjfm, 47_lag_ginwSSTjfm, 42_lag_44_median_nppc3SSTjfm, 50_lag_labSSTjfm, 42_lag_48_median_traBO, 43_lag_tripol2, 42_lag_44_median_traEC, 45_lag_tripol2, 43_lag_amoSSTmjjaso, 45_lag_traTLS, 42_lag_44_median_traEU, 42_lag_44_median_nhSICsep, 42_lag_50_median_stratZ50ndj03, 45_lag_glTSjfm, 48_lag_pdoSSTjfm, 42_lag_51_median_stratZ50ndj03, 46_lag_mhfATL30, 42_lag_43_median_atlSICjfm, 51_lag_glomaSSTjfm, 42_lag_traWP, 46_lag_AMOCann, 45_lag_traDP_1235_42"
LRforcedPSO,38,30,shSICmar,slow,1752.5,2005.5,0.8,53,43,43,28.707064967112434,-0.4383821281720546,1235,"['43_lag_49_median_glTSjfm', '47_lag_traFS', '50_lag_nhSICjfm', '47_lag_cetTSjfm', '43_lag_52_median_satlSSTjfm', '43_lag_52_median_cetTSjfm', '43_lag_45_median_traTLS', '44_lag_nppc2SSTjfm', '47_lag_traBO', '49_lag_ginwSSTjfm', '52_lag_stratZ50ndj03', '43_lag_47_median_nhTSjfm', '45_lag_samPSLann', '50_lag_labSSTjfm', '46_lag_nppc2SSTjfm', '49_lag_stratZ50ndj04', '43_lag_50_median_samPSLann', '43_lag_47_median_traBO', '43_lag_47_median_stratZ50ndj01', '43_lag_49_median_traCA', '43_lag_44_median_scpPSLjfm', '43_lag_46_median_traCA', '50_lag_shSICsep', '43_lag_52_median_stratZ50ndj01', '48_lag_naoPSLjfm', '45_lag_nppc3SSTjfm', '48_lag_seurTSjfm', '51_lag_amo1', '47_lag_pdoSSTjfm', '43_lag_44_median_traMC']","[6.003681706041231, 2.6504910701794664, 3.0533634226117563, 4.289681763813757, 4.678339047847729, 7.001453943616948, 1.925517816978676, 7.521304259643259, 1.605614454541353, 3.6040825169271944, 7.772871585076002, 0.3686365966354188, 6.976216780214455, 2.413895887591755, 1.4024022775118627, 5.597814487070655, 0.9621482360044027, 1.985362376789407, 4.576325390384373, 2.0512335644909907, 5.708264931224738, 0.06265791105436058, 6.214864325120306, 5.599364432420943, 2.7066054680173384, 1.752586364381422, 5.22898382080086, 1.2098031518555885, 5.483534235570017, 2.816273374516456]","43_lag_49_median_glTSjfm, 47_lag_traFS, 50_lag_nhSICjfm, 47_lag_cetTSjfm, 43_lag_52_median_satlSSTjfm, 43_lag_52_median_cetTSjfm, 43_lag_45_median_traTLS, 44_lag_nppc2SSTjfm, 47_lag_traBO, 49_lag_ginwSSTjfm, 52_lag_stratZ50ndj03, 43_lag_47_median_nhTSjfm, 45_lag_samPSLann, 50_lag_labSSTjfm, 46_lag_nppc2SSTjfm, 49_lag_stratZ50ndj04, 43_lag_50_median_samPSLann, 43_lag_47_median_traBO, 43_lag_47_median_stratZ50ndj01, 43_lag_49_median_traCA, 43_lag_44_median_scpPSLjfm, 43_lag_46_median_traCA, 50_lag_shSICsep, 43_lag_52_median_stratZ50ndj01, 48_lag_naoPSLjfm, 45_lag_nppc3SSTjfm, 48_lag_seurTSjfm, 51_lag_amo1, 47_lag_pdoSSTjfm, 43_lag_44_median_traMC_1235_43"
LRforcedPSO,39,30,shSICmar,slow,1753.5,2005.5,0.8,54,44,44,19.95872330676301,0.012037640523612711,1235,"['44_lag_49_median_gyreSSTjfm', '44_lag_52_median_shSICmar', '44_lag_51_median_shSICsep', '52_lag_naoPSLjfm', '50_lag_nhTSjfm', '51_lag_mhfATL30', '52_lag_tripol1', '44_lag_50_median_ismPRjja', '44_lag_52_median_traEC', '44_lag_45_median_eapPSLjfm', '45_lag_AMOCann', '49_lag_ginwSSTjfm', '49_lag_AMOCann', '44_lag_46_median_shSICsep', '48_lag_ensoSSTjfm', '44_lag_46_median_eapPSLjfm', '44_lag_solFORC', '44_lag_50_median_nppc2SSTjfm', '44_lag_50_median_nppc3SSTjfm', '44_lag_52_median_scpPSLjfm', '44_lag_nppc2SSTjfm', '44_lag_52_median_traFS', '44_lag_53_median_nppc3SSTjfm', '49_lag_tripol2', '44_lag_46_median_stratZ50ndj03', '44_lag_47_median_seurTSjfm', '53_lag_neurTSjfm', '44_lag_49_median_cetTSjfm', '52_lag_stratZ50ndj04', '46_lag_samPSLann']","[5.943265252741071, 9.610147476635017, 1.681099592398125, 2.18696049653492, 0.7701293021322346, 0.4690626292933793, 2.1045937142536015, 6.1406269736855705, 1.7870033359043607, 2.42765820360777, 0.9693093332241904, 8.523157480124668, 1.1689489814142835, 7.11878331736826, 6.170660505439569, 5.615614035137453, 3.1721517764801854, 0.8743233301448363, 9.946327327303408, 8.47443346268644, 6.274996925951468, 9.995067144102073, 6.209054766238613, 1.4121639946258018, 0.5070806715957588, 5.538407217171162, 2.2060638632419183, 6.210343598150613, 0.15875746514427647, 0.6287970621980712]","44_lag_49_median_gyreSSTjfm, 44_lag_52_median_shSICmar, 44_lag_51_median_shSICsep, 52_lag_naoPSLjfm, 50_lag_nhTSjfm, 51_lag_mhfATL30, 52_lag_tripol1, 44_lag_50_median_ismPRjja, 44_lag_52_median_traEC, 44_lag_45_median_eapPSLjfm, 45_lag_AMOCann, 49_lag_ginwSSTjfm, 49_lag_AMOCann, 44_lag_46_median_shSICsep, 48_lag_ensoSSTjfm, 44_lag_46_median_eapPSLjfm, 44_lag_solFORC, 44_lag_50_median_nppc2SSTjfm, 44_lag_50_median_nppc3SSTjfm, 44_lag_52_median_scpPSLjfm, 44_lag_nppc2SSTjfm, 44_lag_52_median_traFS, 44_lag_53_median_nppc3SSTjfm, 49_lag_tripol2, 44_lag_46_median_stratZ50ndj03, 44_lag_47_median_seurTSjfm, 53_lag_neurTSjfm, 44_lag_49_median_cetTSjfm, 52_lag_stratZ50ndj04, 46_lag_samPSLann_1235_44"
LRforcedPSO,40,30,shSICmar,slow,1754.5,2005.5,0.8,55,45,45,22.625142778619363,-0.08097563814817454,1235,"['45_lag_46_median_nhTSjfm', '49_lag_glomaSSTjfm', '45_lag_48_median_amo3', '47_lag_seurTSjfm', '45_lag_shTSjfm', '45_lag_53_median_amo3', '45_lag_48_median_mhfIP30', '45_lag_49_median_nppc2SSTjfm', '50_lag_shSICmar', '50_lag_traIT', '45_lag_52_median_traCA', '45_lag_49_median_scpPSLjfm', '45_lag_nhTSjfm', '50_lag_traDS', '45_lag_51_median_arcTSjfm', '54_lag_alpi', '49_lag_eapPSLjfm', '51_lag_scpPSLjfm', '47_lag_amo2', '52_lag_solFORC', '45_lag_50_median_stratZ50ndj03', '53_lag_ismPRjja', '54_lag_glTSjfm', '45_lag_48_median_alpi', '49_lag_satlSSTjfm', '45_lag_53_median_shSICsep', '45_lag_51_median_mhfATL30', '45_lag_52_median_traWP', '45_lag_54_median_seurTSjfm', '45_lag_arcTSjfm']","[0.3871890155161637, 2.6752380941086535, 8.082711838516797, 3.5354115438272293, 4.781064143448461, 8.840749915828493, 3.6284876396139314, 9.255420968601245, 3.5107780082461364, 1.3122639467595256, 8.739853318959096, 8.084645027737054, 3.0595364283920325, 6.49751486045332, 1.2658843853065314, 3.0743299531759893, 0.39027836297371543, 1.6248623884033258, 0.6745526654415972, 9.119032643602253, 5.107795694841002, 1.99020027628608, 4.2632894855508425, 6.397916457943111, 1.2442167753050803, 3.483663217607697, 6.875456308358828, 6.56917330052525, 1.6614288780798248, 7.170492835559719]","45_lag_46_median_nhTSjfm, 49_lag_glomaSSTjfm, 45_lag_48_median_amo3, 47_lag_seurTSjfm, 45_lag_shTSjfm, 45_lag_53_median_amo3, 45_lag_48_median_mhfIP30, 45_lag_49_median_nppc2SSTjfm, 50_lag_shSICmar, 50_lag_traIT, 45_lag_52_median_traCA, 45_lag_49_median_scpPSLjfm, 45_lag_nhTSjfm, 50_lag_traDS, 45_lag_51_median_arcTSjfm, 54_lag_alpi, 49_lag_eapPSLjfm, 51_lag_scpPSLjfm, 47_lag_amo2, 52_lag_solFORC, 45_lag_50_median_stratZ50ndj03, 53_lag_ismPRjja, 54_lag_glTSjfm, 45_lag_48_median_alpi, 49_lag_satlSSTjfm, 45_lag_53_median_shSICsep, 45_lag_51_median_mhfATL30, 45_lag_52_median_traWP, 45_lag_54_median_seurTSjfm, 45_lag_arcTSjfm_1235_45"
LRforcedPSO,41,30,shSICmar,slow,1755.5,2005.5,0.8,56,46,46,27.276845173418586,-0.26442775262172746,1235,"['48_lag_seurTSjfm', '49_lag_shSICmar', '47_lag_traIT', '51_lag_amo3', '47_lag_mhfATL30', '46_lag_51_median_glTSjfm', '46_lag_55_median_stratZ50ndj04', '46_lag_49_median_traFB', '46_lag_47_median_nhTSjfm', '46_lag_55_median_seurTSjfm', '55_lag_atlSICsep', '46_lag_55_median_amo3', '46_lag_52_median_pdoSSTjfm', '49_lag_mhfATL30', '46_lag_52_median_tripol1', '46_lag_mhfATL60', '46_lag_47_median_nhSICjfm', '46_lag_54_median_mhfIP30', '46_lag_55_median_nppc3SSTjfm', '46_lag_55_median_nhTSjfm', '48_lag_alpi', '46_lag_53_median_traFSC', '54_lag_mhfATL30', '46_lag_54_median_tripol1', '54_lag_glomaSSTjfm', '46_lag_53_median_traEU', '46_lag_54_median_scpPSLjfm', '50_lag_ginwSSTjfm', '46_lag_55_median_traEC', '48_lag_nchinaPRjja']","[2.270652576781476, 2.57563837553578, 8.617197971356095, 5.605539195158681, 4.530188194685911, 0.7370583370492785, 1.1355189365723284, 5.921447332823808, 1.182217809147959, 3.3932421261066104, 3.8588967962247445, 0.13826657065900072, 8.01116362721331, 1.5152187445705998, 6.2886885531132375, 1.3791040162552992, 2.2995110856519148, 2.508737327011616, 8.294332802740897, 0.3963008829456349, 9.955316715772897, 0.6375115708780843, 3.3862598540480064, 4.754932757661376, 9.087733591848732, 1.117293274763247, 8.77254334588634, 3.3923639268592645, 9.881000020616131, 1.6875383368284993]","48_lag_seurTSjfm, 49_lag_shSICmar, 47_lag_traIT, 51_lag_amo3, 47_lag_mhfATL30, 46_lag_51_median_glTSjfm, 46_lag_55_median_stratZ50ndj04, 46_lag_49_median_traFB, 46_lag_47_median_nhTSjfm, 46_lag_55_median_seurTSjfm, 55_lag_atlSICsep, 46_lag_55_median_amo3, 46_lag_52_median_pdoSSTjfm, 49_lag_mhfATL30, 46_lag_52_median_tripol1, 46_lag_mhfATL60, 46_lag_47_median_nhSICjfm, 46_lag_54_median_mhfIP30, 46_lag_55_median_nppc3SSTjfm, 46_lag_55_median_nhTSjfm, 48_lag_alpi, 46_lag_53_median_traFSC, 54_lag_mhfATL30, 46_lag_54_median_tripol1, 54_lag_glomaSSTjfm, 46_lag_53_median_traEU, 46_lag_54_median_scpPSLjfm, 50_lag_ginwSSTjfm, 46_lag_55_median_traEC, 48_lag_nchinaPRjja_1235_46"
LRforcedPSO,42,30,shSICmar,slow,1756.5,2005.5,0.8,57,47,47,29.552938709311093,0.20973758801949885,1235,"['49_lag_traEC', '56_lag_traDP', '47_lag_53_median_amo1', '47_lag_52_median_amoSSTmjjaso', '53_lag_cetTSjfm', '53_lag_wnorPRjfm', '52_lag_samPSLann', '48_lag_alpi', '47_lag_53_median_alpi', '47_lag_49_median_glTSjfm', '47_lag_pdoSSTjfm', '47_lag_55_median_mhfATL30', '55_lag_arcTSjfm', '47_lag_56_median_traDP', '47_lag_53_median_traDS', '54_lag_pdoSSTjfm', '51_lag_cetTSjfm', '49_lag_traFS', '55_lag_ormenSSTjfm', '49_lag_arcTSjfm', '47_lag_56_median_tripol2', '51_lag_stratZ50ndj02', '50_lag_tripol2', '47_lag_51_median_tripol3', '47_lag_52_median_satlSSTjfm', '47_lag_54_median_tripol1', '47_lag_55_median_amo3', '47_lag_49_median_arcTSjfm', '54_lag_alpi', '48_lag_traCA']","[2.1712132546030443, 0.8265144460960006, 2.750757249393775, 0.7539777804745373, 7.406634584628954, 1.239834446296598, 5.277917577289369, 1.8998013780702987, 1.5953690252927188, 2.396813680840535, 0.2322047941781875, 6.669321999947339, 7.590112926922732, 1.9866528983424114, 7.084679091438133, 2.2882683710116147, 5.568545771364384, 4.393406080129873, 2.7416327926552198, 0.01055584646976726, 7.753801432467553, 7.4699022078553945, 3.8599663090100282, 0.8774131059902928, 5.2313742249104855, 7.39576693012824, 3.2861617934178273, 7.775850229475864, 8.842828302504309, 8.642180397515652]","49_lag_traEC, 56_lag_traDP, 47_lag_53_median_amo1, 47_lag_52_median_amoSSTmjjaso, 53_lag_cetTSjfm, 53_lag_wnorPRjfm, 52_lag_samPSLann, 48_lag_alpi, 47_lag_53_median_alpi, 47_lag_49_median_glTSjfm, 47_lag_pdoSSTjfm, 47_lag_55_median_mhfATL30, 55_lag_arcTSjfm, 47_lag_56_median_traDP, 47_lag_53_median_traDS, 54_lag_pdoSSTjfm, 51_lag_cetTSjfm, 49_lag_traFS, 55_lag_ormenSSTjfm, 49_lag_arcTSjfm, 47_lag_56_median_tripol2, 51_lag_stratZ50ndj02, 50_lag_tripol2, 47_lag_51_median_tripol3, 47_lag_52_median_satlSSTjfm, 47_lag_54_median_tripol1, 47_lag_55_median_amo3, 47_lag_49_median_arcTSjfm, 54_lag_alpi, 48_lag_traCA_1235_47"
LRforcedPSO,43,30,shSICmar,slow,1757.5,2005.5,0.8,58,48,48,25.80039574851322,0.1480151566049862,1235,"['51_lag_nhSICsep', '48_lag_55_median_neurTSjfm', '53_lag_traIT', '48_lag_51_median_satlSSTjfm', '48_lag_49_median_stratZ50ndj01', '51_lag_AMOCann', '50_lag_mhfATL45', '52_lag_cetTSjfm', '48_lag_55_median_traEC', '48_lag_50_median_samPSLann', '48_lag_54_median_labSSTjfm', '48_lag_52_median_seurTSjfm', '48_lag_neurTSjfm', '57_lag_atlSICsep', '48_lag_49_median_solFORC', '48_lag_49_median_shTSjfm', '57_lag_eurPSLjfm', '48_lag_50_median_traEC', '48_lag_55_median_atlSICsep', '50_lag_ensoSSTjfm', '48_lag_56_median_ginwSSTjfm', '55_lag_mhfATL30', '48_lag_56_median_atlSICjfm', '48_lag_49_median_nchinaPRjja', '52_lag_traEC', '48_lag_53_median_seurTSjfm', '48_lag_57_median_satlSSTjfm', '48_lag_57_median_solFORC', '48_lag_51_median_traMC', '53_lag_arcTSjfm']","[0.4184628433404711, 1.6184631309086335, 3.3497820579743482, 7.666302076601235, 5.087937482934977, 4.425639750835691, 3.781891889876219, 5.263382265144276, 3.658082635921243, 7.2279014132277, 0.6269976929355447, 6.704307458996013, 7.3198400816523, 3.105429144185228, 9.347929262759854, 7.852487379738832, 3.6038949151153705, 4.072033315772112, 2.439940082621135, 5.840129375793811, 1.1665822054429462, 6.119038904196973, 2.919720555796146, 7.169418061799874, 6.789238511111037, 7.375165062854214, 1.941551213045269, 0.5445060804541431, 5.975861789046533, 1.6181937788848781]","51_lag_nhSICsep, 48_lag_55_median_neurTSjfm, 53_lag_traIT, 48_lag_51_median_satlSSTjfm, 48_lag_49_median_stratZ50ndj01, 51_lag_AMOCann, 50_lag_mhfATL45, 52_lag_cetTSjfm, 48_lag_55_median_traEC, 48_lag_50_median_samPSLann, 48_lag_54_median_labSSTjfm, 48_lag_52_median_seurTSjfm, 48_lag_neurTSjfm, 57_lag_atlSICsep, 48_lag_49_median_solFORC, 48_lag_49_median_shTSjfm, 57_lag_eurPSLjfm, 48_lag_50_median_traEC, 48_lag_55_median_atlSICsep, 50_lag_ensoSSTjfm, 48_lag_56_median_ginwSSTjfm, 55_lag_mhfATL30, 48_lag_56_median_atlSICjfm, 48_lag_49_median_nchinaPRjja, 52_lag_traEC, 48_lag_53_median_seurTSjfm, 48_lag_57_median_satlSSTjfm, 48_lag_57_median_solFORC, 48_lag_51_median_traMC, 53_lag_arcTSjfm_1235_48"
LRforcedPSO,44,30,shSICmar,slow,1758.5,2005.5,0.8,59,49,49,21.62610431046499,0.27758608726021256,1235,"['49_lag_56_median_atlSICjfm', '49_lag_55_median_AMOCann', '49_lag_56_median_nchinaPRjja', '49_lag_54_median_satlSSTjfm', '54_lag_tripol2', '55_lag_traWP', '52_lag_nchinaPRjja', '50_lag_labSSTjfm', '49_lag_54_median_stratZ50ndj04', '52_lag_solFORC', '54_lag_traIFC', '49_lag_58_median_nhSICjfm', '49_lag_56_median_ensoSSTjfm', '49_lag_51_median_pdoSSTjfm', '52_lag_mhfIP30', '49_lag_amo2', '49_lag_56_median_nppc3SSTjfm', '55_lag_traCA', '49_lag_56_median_tripol1', '49_lag_51_median_traEC', '55_lag_shSICsep', '49_lag_traDS', '49_lag_55_median_eurPSLjfm', '49_lag_55_median_traEU', '51_lag_traDP', '49_lag_52_median_stratZ50ndj02', '53_lag_ormenSSTjfm', '57_lag_traWP', '49_lag_traFS', '55_lag_nchinaPRjja']","[1.9356865919969852, 3.048104269788226, 3.568276772971859, 8.632383429460361, 4.052074938147447, 6.04492390127575, 2.910739154747919, 0.36893928215128113, 4.472597077861973, 7.79133429101045, 3.7827557694229323, 9.290243379936335, 3.8223616990014087, 5.779056580072206, 5.414554118451527, 2.7383964998142973, 0.806809744701269, 3.9158224559896144, 4.800206314376087, 1.8092983809584204, 6.808187988718647, 8.520774235483568, 0.1273352058019288, 1.3978972602738864, 4.812481139791107, 6.390728817961888, 3.3286414632811727, 5.5067162500786715, 7.358446925917111, 6.081992653887147]","49_lag_56_median_atlSICjfm, 49_lag_55_median_AMOCann, 49_lag_56_median_nchinaPRjja, 49_lag_54_median_satlSSTjfm, 54_lag_tripol2, 55_lag_traWP, 52_lag_nchinaPRjja, 50_lag_labSSTjfm, 49_lag_54_median_stratZ50ndj04, 52_lag_solFORC, 54_lag_traIFC, 49_lag_58_median_nhSICjfm, 49_lag_56_median_ensoSSTjfm, 49_lag_51_median_pdoSSTjfm, 52_lag_mhfIP30, 49_lag_amo2, 49_lag_56_median_nppc3SSTjfm, 55_lag_traCA, 49_lag_56_median_tripol1, 49_lag_51_median_traEC, 55_lag_shSICsep, 49_lag_traDS, 49_lag_55_median_eurPSLjfm, 49_lag_55_median_traEU, 51_lag_traDP, 49_lag_52_median_stratZ50ndj02, 53_lag_ormenSSTjfm, 57_lag_traWP, 49_lag_traFS, 55_lag_nchinaPRjja_1235_49"
LRforcedPSO,45,30,shSICmar,slow,1759.5,2005.5,0.8,60,50,50,27.91014776633313,0.036334159956716953,1235,"['50_lag_55_median_traBS', '50_lag_51_median_stratZ50ndj01', '50_lag_52_median_alpi', '50_lag_51_median_nhSICsep', '57_lag_traFB', '59_lag_traFS', '50_lag_57_median_amoSSTmjjaso', '58_lag_amo2', '50_lag_55_median_yrvPRjja', '50_lag_stratZ50ndj02', '54_lag_traFS', '57_lag_traTLS', '50_lag_57_median_traIT', '52_lag_nppc3SSTjfm', '56_lag_traFSC', '50_lag_52_median_stratZ50ndj03', '50_lag_53_median_shSICsep', '50_lag_seurTSjfm', '50_lag_58_median_traWP', '55_lag_cetTSjfm', '51_lag_pdoSSTjfm', '50_lag_59_median_glTSjfm', '59_lag_traWP', '50_lag_54_median_traFB', '59_lag_traEC', '54_lag_nppc3SSTjfm', '50_lag_58_median_shSICmar', '50_lag_amo3', '50_lag_56_median_wnorPRjfm', '50_lag_58_median_shTSjfm']","[0.8978961417823701, 0.6713188466512214, 0.6799329553080042, 9.186905221150578, 8.538923215221946, 3.4188641893062623, 8.071842508322122, 0.03371743029251739, 5.690643974847767, 8.641242139543323, 1.3352237950007613, 0.42627852960893264, 3.3857756838818176, 4.76147837650206, 9.664299303040561, 6.213685978894819, 4.588641559519331, 0.4131496061356881, 6.912388034147316, 2.6889155954643087, 6.287116161364686, 2.23736709156176, 2.7413189275104344, 1.2581333105199484, 3.3694767215684074, 7.647227067010977, 3.0112829469083664, 1.6573265401361308, 1.0394563636099505, 0.7294435941684974]","50_lag_55_median_traBS, 50_lag_51_median_stratZ50ndj01, 50_lag_52_median_alpi, 50_lag_51_median_nhSICsep, 57_lag_traFB, 59_lag_traFS, 50_lag_57_median_amoSSTmjjaso, 58_lag_amo2, 50_lag_55_median_yrvPRjja, 50_lag_stratZ50ndj02, 54_lag_traFS, 57_lag_traTLS, 50_lag_57_median_traIT, 52_lag_nppc3SSTjfm, 56_lag_traFSC, 50_lag_52_median_stratZ50ndj03, 50_lag_53_median_shSICsep, 50_lag_seurTSjfm, 50_lag_58_median_traWP, 55_lag_cetTSjfm, 51_lag_pdoSSTjfm, 50_lag_59_median_glTSjfm, 59_lag_traWP, 50_lag_54_median_traFB, 59_lag_traEC, 54_lag_nppc3SSTjfm, 50_lag_58_median_shSICmar, 50_lag_amo3, 50_lag_56_median_wnorPRjfm, 50_lag_58_median_shTSjfm_1235_50"
LRforcedPSO,46,30,shSICmar,slow,1760.5,2005.5,0.8,61,51,51,29.28443086836255,-0.2506900715533698,1235,"['51_lag_57_median_nhTSjfm', '51_lag_59_median_traFSC', '51_lag_60_median_mhfATL30', '56_lag_traBO', '60_lag_eurPSLjfm', '51_lag_52_median_traIT', '51_lag_57_median_traDP', '57_lag_glomaSSTjfm', '51_lag_tripol2', '53_lag_nppc3SSTjfm', '51_lag_nhSICjfm', '57_lag_mhfATL45', '51_lag_traMC', '51_lag_54_median_nhSICsep', '56_lag_mhfATL45', '51_lag_52_median_satlSSTjfm', '51_lag_59_median_mhfIP30', '59_lag_traMC', '59_lag_glomaSSTjfm', '58_lag_shTSjfm', '60_lag_samPSLann', '51_lag_60_median_traEU', '53_lag_eapPSLjfm', '51_lag_54_median_traWP', '51_lag_58_median_traDP', '51_lag_60_median_alpi', '51_lag_52_median_wnorPRjfm', '58_lag_glTSjfm', '54_lag_stratZ50ndj04', '53_lag_mhfATL30']","[3.0372521704440736, 8.184227772905142, 0.6275818570992087, 7.933530980904622, 6.009504655125937, 1.0475159492740325, 2.5523556924952784, 1.859292597700236, 2.2078999277945304, 7.987924254003584, 1.187082229396644, 1.3120720044538121, 2.649903686497442, 3.0230376729147252, 2.5514771171185036, 2.4191593783906473, 2.3887882231576327, 2.6938065299113134, 8.046363719937403, 9.415437007796326, 7.596856944549534, 2.826759509432005, 2.640057015784416, 1.6170134580027131, 4.988225941720687, 5.0059349207131305, 6.586435292909069, 6.6803730461687305, 5.315068598029761, 7.857266414262618]","51_lag_57_median_nhTSjfm, 51_lag_59_median_traFSC, 51_lag_60_median_mhfATL30, 56_lag_traBO, 60_lag_eurPSLjfm, 51_lag_52_median_traIT, 51_lag_57_median_traDP, 57_lag_glomaSSTjfm, 51_lag_tripol2, 53_lag_nppc3SSTjfm, 51_lag_nhSICjfm, 57_lag_mhfATL45, 51_lag_traMC, 51_lag_54_median_nhSICsep, 56_lag_mhfATL45, 51_lag_52_median_satlSSTjfm, 51_lag_59_median_mhfIP30, 59_lag_traMC, 59_lag_glomaSSTjfm, 58_lag_shTSjfm, 60_lag_samPSLann, 51_lag_60_median_traEU, 53_lag_eapPSLjfm, 51_lag_54_median_traWP, 51_lag_58_median_traDP, 51_lag_60_median_alpi, 51_lag_52_median_wnorPRjfm, 58_lag_glTSjfm, 54_lag_stratZ50ndj04, 53_lag_mhfATL30_1235_51"
LRforcedPSO,47,30,shSICmar,slow,1761.5,2005.5,0.8,62,52,52,19.788042005267876,0.19500223424602606,1235,"['56_lag_eurPSLjfm', '52_lag_56_median_glomaSSTjfm', '54_lag_solFORC', '59_lag_mhfATL60', '55_lag_nhSICjfm', '52_lag_nppc3SSTjfm', '61_lag_alpi', '58_lag_ensoSSTjfm', '61_lag_ginwSSTjfm', '61_lag_neurTSjfm', '54_lag_traDP', '52_lag_61_median_amo2', '53_lag_stratZ50ndj04', '52_lag_55_median_amoSSTmjjaso', '52_lag_54_median_yrvPRjja', '52_lag_traMC', '55_lag_ormenSSTjfm', '52_lag_60_median_traIT', '52_lag_60_median_pdoSSTjfm', '58_lag_solFORC', '54_lag_glTSjfm', '55_lag_traFSC', '60_lag_yrvPRjja', '52_lag_58_median_mhfIP30', '52_lag_54_median_traDS', '57_lag_stratZ50ndj04', '52_lag_nchinaPRjja', '52_lag_amo1', '61_lag_pdoSSTjfm', '55_lag_nhSICsep']","[2.017339949996586, 4.930601189586376, 3.763228041352896, 3.1029680757382057, 8.685416514770395, 4.558391108322732, 7.021497146337801, 7.842791018872881, 1.172447736651499, 1.526874756111905, 0.3870876953064375, 8.698867085857461, 0.04530342589338865, 4.55125752378544, 9.627368960459982, 3.667467983634973, 0.7549330970657646, 6.249458038052481, 3.1161610939136857, 3.2428783744480283, 0.8789229899412732, 7.17190998290085, 4.409589159179676, 0.43713068697106294, 4.601711379606588, 1.8768112642205246, 3.114887791151828, 3.437866700589063, 1.4792946416115615, 1.8117680824142148]","56_lag_eurPSLjfm, 52_lag_56_median_glomaSSTjfm, 54_lag_solFORC, 59_lag_mhfATL60, 55_lag_nhSICjfm, 52_lag_nppc3SSTjfm, 61_lag_alpi, 58_lag_ensoSSTjfm, 61_lag_ginwSSTjfm, 61_lag_neurTSjfm, 54_lag_traDP, 52_lag_61_median_amo2, 53_lag_stratZ50ndj04, 52_lag_55_median_amoSSTmjjaso, 52_lag_54_median_yrvPRjja, 52_lag_traMC, 55_lag_ormenSSTjfm, 52_lag_60_median_traIT, 52_lag_60_median_pdoSSTjfm, 58_lag_solFORC, 54_lag_glTSjfm, 55_lag_traFSC, 60_lag_yrvPRjja, 52_lag_58_median_mhfIP30, 52_lag_54_median_traDS, 57_lag_stratZ50ndj04, 52_lag_nchinaPRjja, 52_lag_amo1, 61_lag_pdoSSTjfm, 55_lag_nhSICsep_1235_52"
LRforcedPSO,48,30,shSICmar,slow,1762.5,2005.5,0.8,63,53,53,19.89394322635397,0.05847263011896821,1235,"['57_lag_tripol1', '57_lag_naoPSLjfm', '56_lag_AMOCann', '53_lag_61_median_eurPSLjfm', '61_lag_traEU', '56_lag_ormenSSTjfm', '59_lag_traEU', '53_lag_54_median_tripol3', '60_lag_traIFC', '56_lag_amo1', '53_lag_56_median_labSSTjfm', '53_lag_60_median_glomaSSTjfm', '60_lag_mhfIP30', '53_lag_59_median_yrvPRjja', '60_lag_glTSjfm', '55_lag_cetTSjfm', '61_lag_traCA', '54_lag_shSICsep', '61_lag_shTSjfm', '53_lag_60_median_ormenSSTjfm', '53_lag_55_median_traDP', '60_lag_tripol2', '59_lag_wnorPRjfm', '61_lag_nppc3SSTjfm', '55_lag_stratZ50ndj02', '53_lag_61_median_glomaSSTjfm', '53_lag_55_median_shSICsep', '54_lag_pdoSSTjfm', '53_lag_62_median_tripol1', '53_lag_61_median_neurTSjfm']","[2.150129362638504, 7.3418747940742035, 0.42427823954619726, 3.9040522878303534, 2.7499520411861784, 9.578226114533926, 2.252471737152719, 5.998625544837854, 4.209946565085669, 2.129175101536994, 0.5175447455715787, 3.986989876392908, 0.9828643122879228, 9.418171190188087, 8.192304527036228, 5.140603537851327, 0.9257193269752371, 8.701578892514295, 0.4241379921133479, 1.7658739255862699, 4.085460423372385, 9.95265014680935, 6.147168683800546, 2.7624298481611085, 3.6683501918687966, 9.265615788838467, 0.05330672702102923, 9.439250209816642, 4.308430763582924, 4.905828339900376]","57_lag_tripol1, 57_lag_naoPSLjfm, 56_lag_AMOCann, 53_lag_61_median_eurPSLjfm, 61_lag_traEU, 56_lag_ormenSSTjfm, 59_lag_traEU, 53_lag_54_median_tripol3, 60_lag_traIFC, 56_lag_amo1, 53_lag_56_median_labSSTjfm, 53_lag_60_median_glomaSSTjfm, 60_lag_mhfIP30, 53_lag_59_median_yrvPRjja, 60_lag_glTSjfm, 55_lag_cetTSjfm, 61_lag_traCA, 54_lag_shSICsep, 61_lag_shTSjfm, 53_lag_60_median_ormenSSTjfm, 53_lag_55_median_traDP, 60_lag_tripol2, 59_lag_wnorPRjfm, 61_lag_nppc3SSTjfm, 55_lag_stratZ50ndj02, 53_lag_61_median_glomaSSTjfm, 53_lag_55_median_shSICsep, 54_lag_pdoSSTjfm, 53_lag_62_median_tripol1, 53_lag_61_median_neurTSjfm_1235_53"
LRforcedPSO,49,30,shSICmar,slow,1763.5,2005.5,0.8,64,54,54,28.74713377542534,-0.232447314221307,1235,"['55_lag_naoPSLjfm', '54_lag_61_median_traWP', '54_lag_wnorPRjfm', '57_lag_amo3', '55_lag_glTSjfm', '62_lag_amo3', '54_lag_mhfATL60', '59_lag_stratZ50ndj01', '57_lag_neurTSjfm', '60_lag_traMC', '63_lag_wnorPRjfm', '62_lag_mhfATL45', '58_lag_traBS', '62_lag_arcTSjfm', '62_lag_traBO', '54_lag_60_median_naoPSLjfm', '58_lag_tripol3', '61_lag_AMOCann', '54_lag_55_median_cetTSjfm', '61_lag_shSICsep', '63_lag_shSICsep', '63_lag_amoSSTmjjaso', '54_lag_56_median_mhfATL30', '54_lag_57_median_traEC', '61_lag_mhfIP30', '61_lag_traWP', '54_lag_58_median_traIT', '55_lag_nhSICsep', '54_lag_63_median_tripol2', '56_lag_pdoSSTjfm']","[0.012846004164742908, 5.427879809527125, 2.576496749501027, 4.035590647785763, 1.003711291347507, 3.0129059298130834, 6.6907059287936015, 7.758988876075392, 1.2369496202399866, 0.5083687222147546, 5.286085827706712, 2.247684422134162, 5.314872679713323, 2.7122264199972257, 4.342382958871774, 1.0290743703311769, 1.2137965475310857, 4.433162750211251, 4.033596945137493, 6.993384776517972, 8.683889066310915, 3.532027256053074, 6.500502331709724, 7.612641546542656, 5.256295945839543, 9.189025794851135, 0.6925443964229512, 4.296680651827778, 7.919610403279201, 4.805085051278066]","55_lag_naoPSLjfm, 54_lag_61_median_traWP, 54_lag_wnorPRjfm, 57_lag_amo3, 55_lag_glTSjfm, 62_lag_amo3, 54_lag_mhfATL60, 59_lag_stratZ50ndj01, 57_lag_neurTSjfm, 60_lag_traMC, 63_lag_wnorPRjfm, 62_lag_mhfATL45, 58_lag_traBS, 62_lag_arcTSjfm, 62_lag_traBO, 54_lag_60_median_naoPSLjfm, 58_lag_tripol3, 61_lag_AMOCann, 54_lag_55_median_cetTSjfm, 61_lag_shSICsep, 63_lag_shSICsep, 63_lag_amoSSTmjjaso, 54_lag_56_median_mhfATL30, 54_lag_57_median_traEC, 61_lag_mhfIP30, 61_lag_traWP, 54_lag_58_median_traIT, 55_lag_nhSICsep, 54_lag_63_median_tripol2, 56_lag_pdoSSTjfm_1235_54"
LRforcedPSO,50,30,shSICmar,slow,1764.5,2005.5,0.8,65,55,55,19.580918385526395,-0.05836673937180284,1235,"['55_lag_64_median_arcTSjfm', '62_lag_traFS', '63_lag_naoPSLjfm', '55_lag_62_median_traIT', '55_lag_56_median_ormenSSTjfm', '55_lag_64_median_traEU', '55_lag_61_median_naoPSLjfm', '59_lag_ginwSSTjfm', '55_lag_61_median_ensoSSTjfm', '55_lag_64_median_traDP', '55_lag_57_median_AMOCann', '55_lag_56_median_arcTSjfm', '55_lag_63_median_solFORC', '63_lag_pdoSSTjfm', '55_lag_62_median_mhfIP30', '57_lag_traDP', '55_lag_57_median_atlSICsep', '55_lag_60_median_yrvPRjja', '57_lag_mhfATL60', '55_lag_57_median_traWP', '56_lag_mhfATL30', '55_lag_59_median_labSSTjfm', '55_lag_60_median_nppc2SSTjfm', '64_lag_scpPSLjfm', '55_lag_62_median_traEC', '59_lag_yrvPRjja', '55_lag_58_median_amoSSTmjjaso', '61_lag_mhfATL60', '55_lag_59_median_traFSC', '55_lag_60_median_traDP']","[0.3095695629659154, 0.20840108532445178, 0.9861209351207751, 3.925934414270877, 2.2979583817883036, 9.026303934124517, 1.4290166376008706, 0.8134159822799809, 8.328748990654994, 0.5104921630049457, 2.148800314086028, 1.1219618645349456, 1.0675479347350638, 7.467647331819805, 8.840597584228988, 4.606781003466926, 4.669565506011576, 1.9616648692927896, 0.7370432203062869, 4.705035411344461, 4.46233834280296, 3.09265070417357, 5.166456614812461, 3.62889754013906, 7.2654624238748475, 1.6018332310010486, 8.922779007811204, 2.555581873486723, 1.4099906385692904, 4.737228518470554]","55_lag_64_median_arcTSjfm, 62_lag_traFS, 63_lag_naoPSLjfm, 55_lag_62_median_traIT, 55_lag_56_median_ormenSSTjfm, 55_lag_64_median_traEU, 55_lag_61_median_naoPSLjfm, 59_lag_ginwSSTjfm, 55_lag_61_median_ensoSSTjfm, 55_lag_64_median_traDP, 55_lag_57_median_AMOCann, 55_lag_56_median_arcTSjfm, 55_lag_63_median_solFORC, 63_lag_pdoSSTjfm, 55_lag_62_median_mhfIP30, 57_lag_traDP, 55_lag_57_median_atlSICsep, 55_lag_60_median_yrvPRjja, 57_lag_mhfATL60, 55_lag_57_median_traWP, 56_lag_mhfATL30, 55_lag_59_median_labSSTjfm, 55_lag_60_median_nppc2SSTjfm, 64_lag_scpPSLjfm, 55_lag_62_median_traEC, 59_lag_yrvPRjja, 55_lag_58_median_amoSSTmjjaso, 61_lag_mhfATL60, 55_lag_59_median_traFSC, 55_lag_60_median_traDP_1235_55"
LRforcedPSO,51,30,shSICmar,slow,1765.5,2005.5,0.8,66,56,56,27.308742426912634,-0.26592110268239266,1235,"['61_lag_traMC', '56_lag_60_median_tripol1', '56_lag_65_median_atlSICjfm', '58_lag_AMOCann', '56_lag_63_median_atlSICjfm', '63_lag_glomaSSTjfm', '56_lag_62_median_samPSLann', '65_lag_mhfATL30', '63_lag_traCA', '65_lag_tripol2', '65_lag_gyreSSTjfm', '58_lag_alpi', '61_lag_mhfATL30', '63_lag_traBO', '56_lag_57_median_stratZ50ndj04', '56_lag_59_median_nhSICsep', '56_lag_62_median_mhfATL30', '56_lag_64_median_traEC', '65_lag_stratZ50ndj04', '56_lag_traWP', '63_lag_seurTSjfm', '56_lag_63_median_glomaSSTjfm', '64_lag_nppc3SSTjfm', '59_lag_samPSLann', '60_lag_traEC', '56_lag_65_median_eurPSLjfm', '56_lag_60_median_seurTSjfm', '62_lag_wnorPRjfm', '56_lag_63_median_yrvPRjja', '59_lag_nchinaPRjja']","[4.722365002086062, 7.230732297931281, 9.165030930254161, 5.754834962506261, 8.181952558249115, 1.3675526822539403, 1.816675447561753, 3.341648259981543, 0.7087452624420436, 2.7865434601489163, 1.483167444593409, 2.1456628049903914, 1.1079661595800694, 0.5797571563771662, 0.9719648921541122, 8.203077613662757, 8.728614176967366, 4.635448663198217, 0.29874099294587, 1.1321626552652226, 2.456413812606815, 5.738036019795983, 7.7633504004223255, 0.9921848682661221, 5.258034559888589, 0.9925234183135423, 4.93834847765546, 8.22430670050764, 5.951538500362224, 4.7321605725722335]","61_lag_traMC, 56_lag_60_median_tripol1, 56_lag_65_median_atlSICjfm, 58_lag_AMOCann, 56_lag_63_median_atlSICjfm, 63_lag_glomaSSTjfm, 56_lag_62_median_samPSLann, 65_lag_mhfATL30, 63_lag_traCA, 65_lag_tripol2, 65_lag_gyreSSTjfm, 58_lag_alpi, 61_lag_mhfATL30, 63_lag_traBO, 56_lag_57_median_stratZ50ndj04, 56_lag_59_median_nhSICsep, 56_lag_62_median_mhfATL30, 56_lag_64_median_traEC, 65_lag_stratZ50ndj04, 56_lag_traWP, 63_lag_seurTSjfm, 56_lag_63_median_glomaSSTjfm, 64_lag_nppc3SSTjfm, 59_lag_samPSLann, 60_lag_traEC, 56_lag_65_median_eurPSLjfm, 56_lag_60_median_seurTSjfm, 62_lag_wnorPRjfm, 56_lag_63_median_yrvPRjja, 59_lag_nchinaPRjja_1235_56"
LRforcedPSO,52,30,shSICmar,slow,1766.5,2005.5,0.8,67,57,57,21.299371000425595,-0.13564577244517598,1235,"['63_lag_AMOCann', '57_lag_60_median_shTSjfm', '57_lag_64_median_solFORC', '57_lag_63_median_traMC', '57_lag_60_median_gyreSSTjfm', '57_lag_62_median_traTLS', '61_lag_stratZ50ndj01', '65_lag_mhfATL30', '57_lag_61_median_amo3', '57_lag_59_median_cetTSjfm', '57_lag_65_median_shTSjfm', '64_lag_arcTSjfm', '57_lag_65_median_traIFC', '64_lag_AMOCann', '57_lag_66_median_tripol1', '66_lag_atlSICsep', '62_lag_eurPSLjfm', '66_lag_labSSTjfm', '57_lag_61_median_eapPSLjfm', '57_lag_60_median_yrvPRjja', '66_lag_mhfATL60', '59_lag_ismPRjja', '58_lag_tripol2', '57_lag_61_median_traBS', '63_lag_traFB', '57_lag_58_median_traFB', '62_lag_ginwSSTjfm', '66_lag_ismPRjja', '66_lag_ormenSSTjfm', '57_lag_59_median_shSICmar']","[8.882656096760996, 3.5220370417687796, 3.807477583864469, 6.318045918133295, 4.703611599247067, 8.47416462687, 4.238262744546642, 3.0965243685056585, 1.068698399918265, 3.950106797909708, 3.255832585600624, 2.2303108163305962, 1.7758983214540471, 0.8828167471497252, 6.518529559505453, 1.051338704204266, 9.463072617648509, 0.22689690149827868, 2.2709733112727726, 4.7062151295623735, 9.01467265306881, 1.0040157819231066, 3.217306215288737, 5.205906952434631, 7.074717708650773, 4.0756879827583425, 7.238624362839694, 5.795354727706815, 8.684146901872856, 1.1518306332764983]","63_lag_AMOCann, 57_lag_60_median_shTSjfm, 57_lag_64_median_solFORC, 57_lag_63_median_traMC, 57_lag_60_median_gyreSSTjfm, 57_lag_62_median_traTLS, 61_lag_stratZ50ndj01, 65_lag_mhfATL30, 57_lag_61_median_amo3, 57_lag_59_median_cetTSjfm, 57_lag_65_median_shTSjfm, 64_lag_arcTSjfm, 57_lag_65_median_traIFC, 64_lag_AMOCann, 57_lag_66_median_tripol1, 66_lag_atlSICsep, 62_lag_eurPSLjfm, 66_lag_labSSTjfm, 57_lag_61_median_eapPSLjfm, 57_lag_60_median_yrvPRjja, 66_lag_mhfATL60, 59_lag_ismPRjja, 58_lag_tripol2, 57_lag_61_median_traBS, 63_lag_traFB, 57_lag_58_median_traFB, 62_lag_ginwSSTjfm, 66_lag_ismPRjja, 66_lag_ormenSSTjfm, 57_lag_59_median_shSICmar_1235_57"
LRforcedPSO,53,30,shSICmar,slow,1767.5,2005.5,0.8,68,58,58,27.503134507019855,-0.01614202927240113,1235,"['61_lag_shSICsep', '58_lag_60_median_traBO', '63_lag_ensoSSTjfm', '58_lag_60_median_traTLS', '67_lag_satlSSTjfm', '66_lag_shTSjfm', '61_lag_stratZ50ndj04', '67_lag_nppc2SSTjfm', '58_lag_67_median_pdoSSTjfm', '58_lag_66_median_mhfATL30', '64_lag_traFSC', '58_lag_63_median_mhfATL45', '58_lag_59_median_traTLS', '58_lag_62_median_eurPSLjfm', '58_lag_63_median_solFORC', '58_lag_67_median_mhfATL30', '58_lag_67_median_traEU', '58_lag_67_median_mhfIP30', '58_lag_60_median_traFB', '63_lag_ormenSSTjfm', '58_lag_61_median_amoSSTmjjaso', '60_lag_AMOCann', '58_lag_60_median_satlSSTjfm', '58_lag_62_median_traCA', '58_lag_62_median_ginwSSTjfm', '58_lag_64_median_traEU', '58_lag_traDP', '65_lag_tripol1', '64_lag_yrvPRjja', '67_lag_traWP']","[4.323021337828505, 8.685798107308258, 7.432303286704759, 4.557250181316688, 9.271487819833975, 6.9920673473703125, 4.053135332845574, 6.242746828427479, 9.770481994299864, 2.691434289440217, 5.0154131099933785, 8.255099775497058, 8.432089825383763, 7.781756494739305, 3.786680023103777, 3.129589212171931, 5.574070768227459, 6.994772069146485, 3.439626974309814, 6.906374222093648, 1.7562582071999628, 1.6355064387464644, 1.1686435958125294, 2.026069795737313, 3.6159498063590085, 1.8951102561118116, 6.547862945890412, 6.238806795190479, 2.9197253695990995, 3.1440131646921987]","61_lag_shSICsep, 58_lag_60_median_traBO, 63_lag_ensoSSTjfm, 58_lag_60_median_traTLS, 67_lag_satlSSTjfm, 66_lag_shTSjfm, 61_lag_stratZ50ndj04, 67_lag_nppc2SSTjfm, 58_lag_67_median_pdoSSTjfm, 58_lag_66_median_mhfATL30, 64_lag_traFSC, 58_lag_63_median_mhfATL45, 58_lag_59_median_traTLS, 58_lag_62_median_eurPSLjfm, 58_lag_63_median_solFORC, 58_lag_67_median_mhfATL30, 58_lag_67_median_traEU, 58_lag_67_median_mhfIP30, 58_lag_60_median_traFB, 63_lag_ormenSSTjfm, 58_lag_61_median_amoSSTmjjaso, 60_lag_AMOCann, 58_lag_60_median_satlSSTjfm, 58_lag_62_median_traCA, 58_lag_62_median_ginwSSTjfm, 58_lag_64_median_traEU, 58_lag_traDP, 65_lag_tripol1, 64_lag_yrvPRjja, 67_lag_traWP_1235_58"
LRforcedPSO,54,30,shSICmar,slow,1768.5,2005.5,0.8,69,59,59,19.761329949104375,0.06523708753354972,1235,"['59_lag_satlSSTjfm', '59_lag_66_median_tripol2', '59_lag_65_median_wnorPRjfm', '61_lag_stratZ50ndj03', '64_lag_shSICsep', '61_lag_traWP', '63_lag_traWP', '65_lag_solFORC', '61_lag_amo2', '59_lag_62_median_AMOCann', '62_lag_traFS', '61_lag_stratZ50ndj04', '68_lag_traMC', '63_lag_stratZ50ndj02', '65_lag_stratZ50ndj04', '59_lag_68_median_atlSICjfm', '59_lag_traFSC', '59_lag_traIT', '62_lag_eapPSLjfm', '64_lag_wnorPRjfm', '63_lag_shTSjfm', '67_lag_glomaSSTjfm', '68_lag_stratZ50ndj01', '66_lag_traCA', '64_lag_eurPSLjfm', '59_lag_nchinaPRjja', '62_lag_pdoSSTjfm', '59_lag_60_median_nppc3SSTjfm', '59_lag_62_median_yrvPRjja', '61_lag_seurTSjfm']","[1.4810731927809773, 6.526548942932568, 1.3256186749122563, 2.4473552710470265, 8.372559170169403, 4.008681456224117, 2.949747945637002, 0.6572348153958956, 9.456475898059214, 0.9461555950294667, 9.409392262639065, 1.4205369511807486, 4.117711197084057, 7.683016432613144, 5.281609472631086, 6.253570242298821, 2.950213942724142, 6.7199842021085985, 2.3933844950673375, 0.5095597475796154, 0.3342500237415802, 1.9955138696447943, 1.8690441528020258, 2.209453195550295, 1.55560051372602, 7.782143638780212, 0.23187308983248833, 7.381918550288223, 4.772845004564246, 0.07209086892001615]","59_lag_satlSSTjfm, 59_lag_66_median_tripol2, 59_lag_65_median_wnorPRjfm, 61_lag_stratZ50ndj03, 64_lag_shSICsep, 61_lag_traWP, 63_lag_traWP, 65_lag_solFORC, 61_lag_amo2, 59_lag_62_median_AMOCann, 62_lag_traFS, 61_lag_stratZ50ndj04, 68_lag_traMC, 63_lag_stratZ50ndj02, 65_lag_stratZ50ndj04, 59_lag_68_median_atlSICjfm, 59_lag_traFSC, 59_lag_traIT, 62_lag_eapPSLjfm, 64_lag_wnorPRjfm, 63_lag_shTSjfm, 67_lag_glomaSSTjfm, 68_lag_stratZ50ndj01, 66_lag_traCA, 64_lag_eurPSLjfm, 59_lag_nchinaPRjja, 62_lag_pdoSSTjfm, 59_lag_60_median_nppc3SSTjfm, 59_lag_62_median_yrvPRjja, 61_lag_seurTSjfm_1235_59"
LRforcedPSO,55,30,shSICmar,slow,1769.5,2005.5,0.8,70,60,60,20.00769209141063,0.38806096604672446,1235,"['60_lag_67_median_traDS', '69_lag_traCA', '60_lag_67_median_shSICsep', '69_lag_ensoSSTjfm', '60_lag_69_median_traIT', '60_lag_64_median_shTSjfm', '60_lag_69_median_gyreSSTjfm', '60_lag_64_median_tripol3', '60_lag_63_median_amo1', '66_lag_nppc3SSTjfm', '62_lag_amo3', '60_lag_68_median_tripol2', '65_lag_samPSLann', '60_lag_64_median_shSICsep', '61_lag_pdoSSTjfm', '66_lag_atlSICsep', '60_lag_63_median_ismPRjja', '60_lag_69_median_tripol1', '68_lag_nhSICjfm', '60_lag_62_median_traEU', '66_lag_gyreSSTjfm', '69_lag_amoSSTmjjaso', '60_lag_67_median_mhfATL30', '60_lag_64_median_labSSTjfm', '60_lag_65_median_traTLS', '60_lag_67_median_yrvPRjja', '67_lag_tripol1', '60_lag_61_median_tripol2', '61_lag_glomaSSTjfm', '68_lag_stratZ50ndj01']","[2.515772661602149, 4.738121601067249, 9.93476153236551, 1.5216527699214772, 9.065378644486549, 1.8990497673720732, 5.092288670968226, 2.8082612727537075, 7.0300102896338545, 2.8853164293736207, 6.685039652824956, 1.1640797847465745, 3.534436491992863, 7.730316042298271, 7.632306230492311, 5.5800671465281955, 2.7994767566734673, 8.657321579805672, 0.42364887851293176, 1.7562250277271616, 5.679081137371449, 5.521078549073952, 0.04925759611579217, 5.216442134309045, 9.774998228346776, 0.7372511562964235, 8.685853837934246, 3.1161180057636173, 3.872474958088162, 0.8359751018203667]","60_lag_67_median_traDS, 69_lag_traCA, 60_lag_67_median_shSICsep, 69_lag_ensoSSTjfm, 60_lag_69_median_traIT, 60_lag_64_median_shTSjfm, 60_lag_69_median_gyreSSTjfm, 60_lag_64_median_tripol3, 60_lag_63_median_amo1, 66_lag_nppc3SSTjfm, 62_lag_amo3, 60_lag_68_median_tripol2, 65_lag_samPSLann, 60_lag_64_median_shSICsep, 61_lag_pdoSSTjfm, 66_lag_atlSICsep, 60_lag_63_median_ismPRjja, 60_lag_69_median_tripol1, 68_lag_nhSICjfm, 60_lag_62_median_traEU, 66_lag_gyreSSTjfm, 69_lag_amoSSTmjjaso, 60_lag_67_median_mhfATL30, 60_lag_64_median_labSSTjfm, 60_lag_65_median_traTLS, 60_lag_67_median_yrvPRjja, 67_lag_tripol1, 60_lag_61_median_tripol2, 61_lag_glomaSSTjfm, 68_lag_stratZ50ndj01_1235_60"
LRforcedPSO,56,30,shSICmar,slow,1770.5,2005.5,0.8,71,61,61,23.004290775500138,0.20257320321735447,1235,"['61_lag_70_median_scpPSLjfm', '70_lag_amo2', '61_lag_67_median_nhSICjfm', '61_lag_67_median_amo1', '70_lag_traMC', '65_lag_tripol1', '61_lag_69_median_amo1', '61_lag_67_median_traIFC', '70_lag_alpi', '65_lag_satlSSTjfm', '61_lag_66_median_nppc2SSTjfm', '61_lag_67_median_ismPRjja', '61_lag_67_median_AMOCann', '61_lag_stratZ50ndj04', '61_lag_alpi', '61_lag_64_median_traEU', '65_lag_eapPSLjfm', '65_lag_nhSICjfm', '61_lag_64_median_arcTSjfm', '63_lag_solFORC', '61_lag_66_median_traDP', '61_lag_66_median_gyreSSTjfm', '62_lag_traDP', '69_lag_traFSC', '61_lag_68_median_pdoSSTjfm', '61_lag_69_median_pdoSSTjfm', '61_lag_69_median_nppc2SSTjfm', '65_lag_cetTSjfm', '61_lag_69_median_shTSjfm', '66_lag_traBO']","[4.000096926904428, 5.5689308255069285, 6.6510760493632315, 1.0821826243946742, 2.840761492426582, 0.2891677827819059, 6.71177904976804, 2.2939440997395337, 0.7743833651772682, 6.5147898701020885, 3.0560658887110037, 6.5759738011482085, 2.7351969414258415, 0.5813953846681628, 4.181387162871932, 3.4251779161043565, 5.827375560391259, 5.311834198884505, 0.9835530984431706, 1.4336889785918814, 7.2349235547338475, 1.6872822090581217, 9.82930548342263, 7.003170546958469, 7.950112615079082, 3.411526967296423, 7.291847038189598, 4.470427415788185, 8.183179892022023, 6.291976972696787]","61_lag_70_median_scpPSLjfm, 70_lag_amo2, 61_lag_67_median_nhSICjfm, 61_lag_67_median_amo1, 70_lag_traMC, 65_lag_tripol1, 61_lag_69_median_amo1, 61_lag_67_median_traIFC, 70_lag_alpi, 65_lag_satlSSTjfm, 61_lag_66_median_nppc2SSTjfm, 61_lag_67_median_ismPRjja, 61_lag_67_median_AMOCann, 61_lag_stratZ50ndj04, 61_lag_alpi, 61_lag_64_median_traEU, 65_lag_eapPSLjfm, 65_lag_nhSICjfm, 61_lag_64_median_arcTSjfm, 63_lag_solFORC, 61_lag_66_median_traDP, 61_lag_66_median_gyreSSTjfm, 62_lag_traDP, 69_lag_traFSC, 61_lag_68_median_pdoSSTjfm, 61_lag_69_median_pdoSSTjfm, 61_lag_69_median_nppc2SSTjfm, 65_lag_cetTSjfm, 61_lag_69_median_shTSjfm, 66_lag_traBO_1235_61"
LRforcedPSO,57,30,shSICmar,slow,1771.5,2005.5,0.8,72,62,62,23.588545092484352,-0.2014955787191724,1235,"['67_lag_atlSICsep', '62_lag_64_median_naoPSLjfm', '62_lag_68_median_amo1', '67_lag_naoPSLjfm', '63_lag_mhfATL45', '63_lag_nhTSjfm', '65_lag_wnorPRjfm', '62_lag_68_median_traBO', '62_lag_naoPSLjfm', '66_lag_yrvPRjja', '62_lag_68_median_mhfATL60', '71_lag_stratZ50ndj02', '62_lag_65_median_yrvPRjja', '69_lag_traMC', '62_lag_68_median_stratZ50ndj01', '62_lag_64_median_seurTSjfm', '66_lag_eurPSLjfm', '62_lag_69_median_tripol2', '71_lag_stratZ50ndj03', '70_lag_amoSSTmjjaso', '62_lag_67_median_neurTSjfm', '62_lag_67_median_arcTSjfm', '62_lag_69_median_shTSjfm', '71_lag_amo1', '68_lag_yrvPRjja', '71_lag_nhSICsep', '71_lag_traCA', '65_lag_glTSjfm', '62_lag_70_median_nhTSjfm', '62_lag_69_median_traIFC']","[0.9451797485361482, 3.546880199504024, 2.4491711377388388, 1.1142810626468034, 2.745384938923829, 3.639849765983241, 2.4912469204457217, 4.845906126998372, 1.8172009976381922, 6.046573212655064, 1.620860013590752, 7.264973481597327, 3.873365905923814, 4.0574291628406804, 7.0021647552696376, 7.749850268050025, 6.4779096833348015, 7.909241721968364, 4.748401269707738, 3.6598574644592183, 7.441600350558566, 0.3943150440507548, 5.573629806648828, 2.082765993792572, 9.789339430294785, 0.09796069261980378, 2.9210113998795695, 5.720032959412409, 7.198818847023867, 0.419406852762517]","67_lag_atlSICsep, 62_lag_64_median_naoPSLjfm, 62_lag_68_median_amo1, 67_lag_naoPSLjfm, 63_lag_mhfATL45, 63_lag_nhTSjfm, 65_lag_wnorPRjfm, 62_lag_68_median_traBO, 62_lag_naoPSLjfm, 66_lag_yrvPRjja, 62_lag_68_median_mhfATL60, 71_lag_stratZ50ndj02, 62_lag_65_median_yrvPRjja, 69_lag_traMC, 62_lag_68_median_stratZ50ndj01, 62_lag_64_median_seurTSjfm, 66_lag_eurPSLjfm, 62_lag_69_median_tripol2, 71_lag_stratZ50ndj03, 70_lag_amoSSTmjjaso, 62_lag_67_median_neurTSjfm, 62_lag_67_median_arcTSjfm, 62_lag_69_median_shTSjfm, 71_lag_amo1, 68_lag_yrvPRjja, 71_lag_nhSICsep, 71_lag_traCA, 65_lag_glTSjfm, 62_lag_70_median_nhTSjfm, 62_lag_69_median_traIFC_1235_62"
LRforcedPSO,58,30,shSICmar,slow,1772.5,2005.5,0.8,73,63,63,25.160915207127108,-0.05011631440538128,1235,"['72_lag_satlSSTjfm', '63_lag_67_median_shTSjfm', '63_lag_68_median_shTSjfm', '63_lag_71_median_traFB', '71_lag_glTSjfm', '63_lag_69_median_gyreSSTjfm', '63_lag_70_median_nhTSjfm', '63_lag_pdoSSTjfm', '63_lag_64_median_traCA', '63_lag_69_median_ensoSSTjfm', '63_lag_67_median_nhSICsep', '63_lag_72_median_ormenSSTjfm', '70_lag_ginwSSTjfm', '71_lag_nppc3SSTjfm', '66_lag_traDS', '63_lag_71_median_scpPSLjfm', '63_lag_68_median_nppc3SSTjfm', '68_lag_gyreSSTjfm', '64_lag_traWP', '63_lag_71_median_traMC', '63_lag_64_median_ormenSSTjfm', '66_lag_nhSICsep', '63_lag_64_median_traMC', '72_lag_stratZ50ndj03', '63_lag_68_median_traDS', '72_lag_amo1', '63_lag_68_median_samPSLann', '66_lag_atlSICsep', '63_lag_71_median_traEU', '63_lag_71_median_amo2']","[2.0659028210639256, 6.08812415144207, 0.3878075235537466, 2.656015376153773, 4.933062715986001, 1.7262350554716122, 3.7706221416841235, 4.1741266086407025, 6.035084054092582, 5.066808783049389, 0.9438195451766767, 0.25345275745446827, 6.397803627147319, 2.9952738332074276, 8.29860129593624, 8.989655978682478, 0.527287856213313, 6.110016893609508, 2.257163016201826, 8.9709752856815, 5.336877478200483, 3.8293082430485104, 6.2289687845862005, 4.485897671801236, 2.2182622652914556, 9.339948954627552, 7.694022298206569, 3.989676002780815, 2.991722497965233, 0.11682116129090758]","72_lag_satlSSTjfm, 63_lag_67_median_shTSjfm, 63_lag_68_median_shTSjfm, 63_lag_71_median_traFB, 71_lag_glTSjfm, 63_lag_69_median_gyreSSTjfm, 63_lag_70_median_nhTSjfm, 63_lag_pdoSSTjfm, 63_lag_64_median_traCA, 63_lag_69_median_ensoSSTjfm, 63_lag_67_median_nhSICsep, 63_lag_72_median_ormenSSTjfm, 70_lag_ginwSSTjfm, 71_lag_nppc3SSTjfm, 66_lag_traDS, 63_lag_71_median_scpPSLjfm, 63_lag_68_median_nppc3SSTjfm, 68_lag_gyreSSTjfm, 64_lag_traWP, 63_lag_71_median_traMC, 63_lag_64_median_ormenSSTjfm, 66_lag_nhSICsep, 63_lag_64_median_traMC, 72_lag_stratZ50ndj03, 63_lag_68_median_traDS, 72_lag_amo1, 63_lag_68_median_samPSLann, 66_lag_atlSICsep, 63_lag_71_median_traEU, 63_lag_71_median_amo2_1235_63"
LRforcedPSO,59,30,shSICmar,slow,1773.5,2005.5,0.8,74,64,64,16.71754136137827,0.226305692192685,1235,"['64_lag_67_median_mhfATL45', '68_lag_glomaSSTjfm', '70_lag_arcTSjfm', '64_lag_69_median_ginwSSTjfm', '67_lag_mhfATL30', '73_lag_traEU', '69_lag_eurPSLjfm', '66_lag_amoSSTmjjaso', '64_lag_67_median_traFSC', '64_lag_70_median_mhfATL45', '64_lag_69_median_mhfIP30', '64_lag_71_median_glomaSSTjfm', '64_lag_72_median_nhSICjfm', '64_lag_66_median_traIFC', '64_lag_70_median_seurTSjfm', '64_lag_65_median_traDP', '64_lag_72_median_atlSICjfm', '64_lag_73_median_traIT', '64_lag_gyreSSTjfm', '64_lag_68_median_stratZ50ndj02', '65_lag_pdoSSTjfm', '69_lag_nhSICjfm', '70_lag_nhSICjfm', '64_lag_71_median_traWP', '64_lag_67_median_shTSjfm', '70_lag_shSICmar', '70_lag_stratZ50ndj03', '70_lag_traDP', '64_lag_glomaSSTjfm', '67_lag_tripol3']","[1.0744799582873554, 4.540173336766484, 1.319933032811381, 4.562693307641068, 1.6699797371906229, 0.6712417532849297, 4.75351026950287, 7.946690553155133, 0.2473428067220773, 6.478361373433803, 5.264034312778733, 1.4455993953586415, 8.498587117429654, 5.4345551904637475, 0.8516106565590782, 0.008397486467826454, 3.973413880255423, 2.795641950564139, 4.292343495269724, 2.888827073672955, 1.4142044178145525, 4.702845130295234, 0.5678786568276024, 5.700630502180088, 6.9722470225975925, 2.1426441684487907, 7.380031452927131, 1.6045790529294273, 3.512918458365297, 2.697080726128201]","64_lag_67_median_mhfATL45, 68_lag_glomaSSTjfm, 70_lag_arcTSjfm, 64_lag_69_median_ginwSSTjfm, 67_lag_mhfATL30, 73_lag_traEU, 69_lag_eurPSLjfm, 66_lag_amoSSTmjjaso, 64_lag_67_median_traFSC, 64_lag_70_median_mhfATL45, 64_lag_69_median_mhfIP30, 64_lag_71_median_glomaSSTjfm, 64_lag_72_median_nhSICjfm, 64_lag_66_median_traIFC, 64_lag_70_median_seurTSjfm, 64_lag_65_median_traDP, 64_lag_72_median_atlSICjfm, 64_lag_73_median_traIT, 64_lag_gyreSSTjfm, 64_lag_68_median_stratZ50ndj02, 65_lag_pdoSSTjfm, 69_lag_nhSICjfm, 70_lag_nhSICjfm, 64_lag_71_median_traWP, 64_lag_67_median_shTSjfm, 70_lag_shSICmar, 70_lag_stratZ50ndj03, 70_lag_traDP, 64_lag_glomaSSTjfm, 67_lag_tripol3_1235_64"
LRforcedPSO,60,30,shSICmar,slow,1774.5,2005.5,0.8,75,65,65,37.55178073672685,-0.2470858265336654,1235,"['70_lag_seurTSjfm', '65_lag_71_median_traFSC', '65_lag_67_median_satlSSTjfm', '65_lag_74_median_nchinaPRjja', '65_lag_73_median_shSICmar', '65_lag_73_median_traCA', '65_lag_68_median_traTLS', '67_lag_tripol1', '70_lag_nhTSjfm', '66_lag_amo1', '72_lag_arcTSjfm', '66_lag_traMC', '66_lag_scpPSLjfm', '65_lag_66_median_traDS', '65_lag_71_median_pdoSSTjfm', '68_lag_traBO', '65_lag_73_median_eapPSLjfm', '65_lag_73_median_stratZ50ndj02', '65_lag_74_median_seurTSjfm', '65_lag_68_median_traBO', '65_lag_66_median_scpPSLjfm', '65_lag_66_median_mhfATL30', '67_lag_amoSSTmjjaso', '65_lag_66_median_stratZ50ndj04', '70_lag_ismPRjja', '68_lag_traTLS', '67_lag_ormenSSTjfm', '65_lag_traIFC', '65_lag_66_median_mhfIP30', '74_lag_traEC']","[7.968748513391759, 0.15168338466420117, 0.7766856049783595, 3.5911829552833847, 8.821837369633759, 9.372158792227843, 1.2994489870541042, 4.864734131262409, 2.092619223530839, 3.7027425348832708, 0.053314718864784894, 5.993971423607448, 1.465016061681366, 2.168780759688385, 8.690683221282075, 6.4036081912213945, 8.719559617428118, 0.2386778621933079, 2.4607961318644245, 1.4523648609917377, 5.2964218307579625, 2.4919377657314694, 2.0149347511513653, 1.7456221571079293, 2.3025853908318794, 6.803981011502465, 5.1576805920762965, 6.747756136203975, 4.769430584309244, 0.36209404059316164]","70_lag_seurTSjfm, 65_lag_71_median_traFSC, 65_lag_67_median_satlSSTjfm, 65_lag_74_median_nchinaPRjja, 65_lag_73_median_shSICmar, 65_lag_73_median_traCA, 65_lag_68_median_traTLS, 67_lag_tripol1, 70_lag_nhTSjfm, 66_lag_amo1, 72_lag_arcTSjfm, 66_lag_traMC, 66_lag_scpPSLjfm, 65_lag_66_median_traDS, 65_lag_71_median_pdoSSTjfm, 68_lag_traBO, 65_lag_73_median_eapPSLjfm, 65_lag_73_median_stratZ50ndj02, 65_lag_74_median_seurTSjfm, 65_lag_68_median_traBO, 65_lag_66_median_scpPSLjfm, 65_lag_66_median_mhfATL30, 67_lag_amoSSTmjjaso, 65_lag_66_median_stratZ50ndj04, 70_lag_ismPRjja, 68_lag_traTLS, 67_lag_ormenSSTjfm, 65_lag_traIFC, 65_lag_66_median_mhfIP30, 74_lag_traEC_1235_65"
LRforcedPSO,61,30,shSICmar,slow,1775.5,2005.5,0.8,76,66,66,30.21627934350987,0.30158002572690906,1235,"['74_lag_traDP', '66_lag_68_median_yrvPRjja', '74_lag_shTSjfm', '66_lag_75_median_nppc3SSTjfm', '66_lag_amoSSTmjjaso', '69_lag_traDP', '66_lag_67_median_neurTSjfm', '66_lag_74_median_shSICmar', '66_lag_73_median_samPSLann', '67_lag_seurTSjfm', '74_lag_pdoSSTjfm', '66_lag_73_median_ginwSSTjfm', '66_lag_68_median_traIT', '67_lag_traIFC', '74_lag_traEC', '71_lag_wnorPRjfm', '66_lag_69_median_yrvPRjja', '66_lag_ginwSSTjfm', '74_lag_eapPSLjfm', '66_lag_71_median_traEC', '66_lag_75_median_satlSSTjfm', '66_lag_70_median_traBS', '66_lag_74_median_shSICsep', '66_lag_73_median_nppc2SSTjfm', '66_lag_nhSICsep', '66_lag_72_median_seurTSjfm', '66_lag_70_median_nhSICjfm', '73_lag_amo1', '73_lag_mhfIP30', '66_lag_73_median_yrvPRjja']","[8.558176700201582, 0.006593098457974733, 1.6240583076345345, 3.7354853314258403, 6.827907922558387, 3.9338885384726074, 4.820071337528255, 0.46656089515499133, 5.18834047208874, 0.5350940596157088, 1.1699730451162171, 4.842681936213593, 3.6516553333390505, 7.017330247474605, 0.8769260440297657, 1.3353724300689507, 3.9843911642021173, 1.3552392627529368, 0.7837232550131716, 7.842724727657828, 8.407261723617346, 5.167212248071968, 3.2809977801082812, 4.174370648637174, 0.34428196543418466, 1.6665783309984512, 5.826937666767062, 0.31765880851983397, 3.1206226410819244, 2.0633178915826242]","74_lag_traDP, 66_lag_68_median_yrvPRjja, 74_lag_shTSjfm, 66_lag_75_median_nppc3SSTjfm, 66_lag_amoSSTmjjaso, 69_lag_traDP, 66_lag_67_median_neurTSjfm, 66_lag_74_median_shSICmar, 66_lag_73_median_samPSLann, 67_lag_seurTSjfm, 74_lag_pdoSSTjfm, 66_lag_73_median_ginwSSTjfm, 66_lag_68_median_traIT, 67_lag_traIFC, 74_lag_traEC, 71_lag_wnorPRjfm, 66_lag_69_median_yrvPRjja, 66_lag_ginwSSTjfm, 74_lag_eapPSLjfm, 66_lag_71_median_traEC, 66_lag_75_median_satlSSTjfm, 66_lag_70_median_traBS, 66_lag_74_median_shSICsep, 66_lag_73_median_nppc2SSTjfm, 66_lag_nhSICsep, 66_lag_72_median_seurTSjfm, 66_lag_70_median_nhSICjfm, 73_lag_amo1, 73_lag_mhfIP30, 66_lag_73_median_yrvPRjja_1235_66"
LRforcedPSO,62,30,shSICmar,slow,1776.5,2005.5,0.8,77,67,67,16.372056537517995,0.12160031891400422,1235,"['70_lag_tripol1', '71_lag_traEU', '68_lag_glomaSSTjfm', '67_lag_73_median_traBO', '75_lag_shSICmar', '69_lag_scpPSLjfm', '75_lag_cetTSjfm', '72_lag_traMC', '74_lag_yrvPRjja', '70_lag_stratZ50ndj03', '67_lag_tripol3', '71_lag_traIFC', '67_lag_seurTSjfm', '71_lag_amoSSTmjjaso', '71_lag_mhfATL60', '73_lag_eurPSLjfm', '67_lag_68_median_nhSICjfm', '72_lag_mhfATL30', '67_lag_72_median_scpPSLjfm', '69_lag_nhSICsep', '67_lag_68_median_amo3', '76_lag_ensoSSTjfm', '72_lag_traWP', '75_lag_alpi', '67_lag_71_median_stratZ50ndj04', '67_lag_glomaSSTjfm', '72_lag_tripol1', '68_lag_shTSjfm', '67_lag_68_median_neurTSjfm', '69_lag_pdoSSTjfm']","[2.514270886639009, 1.51295349927552, 3.083267436949196, 3.39473022386915, 9.623977973155796, 0.06552049509239666, 4.784859121893539, 1.7079294451369993, 1.4778528166517173, 1.896130858572329, 4.976264017474502, 3.8213067069520745, 3.0961311962618296, 6.5945279043313825, 8.970715973719315, 5.264846230672063, 4.0116262493103605, 3.8125714637411683, 4.1358091203401255, 0.2414064741983175, 2.6021782977608066, 8.933095048480514, 7.6180042832403565, 2.6931241345188752, 9.370812547322153, 6.182161887580298, 3.7923481642774775, 3.9830529906886962, 0.6928054424450796, 1.7734333972908516]","70_lag_tripol1, 71_lag_traEU, 68_lag_glomaSSTjfm, 67_lag_73_median_traBO, 75_lag_shSICmar, 69_lag_scpPSLjfm, 75_lag_cetTSjfm, 72_lag_traMC, 74_lag_yrvPRjja, 70_lag_stratZ50ndj03, 67_lag_tripol3, 71_lag_traIFC, 67_lag_seurTSjfm, 71_lag_amoSSTmjjaso, 71_lag_mhfATL60, 73_lag_eurPSLjfm, 67_lag_68_median_nhSICjfm, 72_lag_mhfATL30, 67_lag_72_median_scpPSLjfm, 69_lag_nhSICsep, 67_lag_68_median_amo3, 76_lag_ensoSSTjfm, 72_lag_traWP, 75_lag_alpi, 67_lag_71_median_stratZ50ndj04, 67_lag_glomaSSTjfm, 72_lag_tripol1, 68_lag_shTSjfm, 67_lag_68_median_neurTSjfm, 69_lag_pdoSSTjfm_1235_67"
LRforcedPSO,63,30,shSICmar,slow,1777.5,2005.5,0.8,78,68,68,22.324735673918873,-0.18497065175624333,1235,"['74_lag_traDP', '68_lag_76_median_mhfATL45', '70_lag_traMC', '74_lag_tripol3', '68_lag_69_median_eurPSLjfm', '68_lag_69_median_tripol3', '70_lag_glTSjfm', '70_lag_glomaSSTjfm', '68_lag_75_median_naoPSLjfm', '69_lag_traCA', '68_lag_74_median_tripol2', '68_lag_72_median_scpPSLjfm', '73_lag_stratZ50ndj02', '75_lag_traBS', '69_lag_labSSTjfm', '68_lag_69_median_tripol2', '68_lag_74_median_traWP', '71_lag_atlSICsep', '76_lag_glomaSSTjfm', '68_lag_69_median_traDS', '68_lag_72_median_tripol1', '68_lag_77_median_traEC', '68_lag_72_median_mhfATL45', '68_lag_cetTSjfm', '68_lag_69_median_solFORC', '68_lag_shSICmar', '68_lag_72_median_glTSjfm', '70_lag_labSSTjfm', '68_lag_75_median_stratZ50ndj02', '68_lag_73_median_labSSTjfm']","[1.4344817637080336, 1.5916023440473737, 3.7174557441399863, 2.5374999806901517, 7.100150670129402, 1.433564217419491, 2.7058383723842283, 4.015003946983018, 1.3441020722639507, 1.7774333588152977, 2.6577076767650816, 3.557971189706805, 1.5965195920943405, 3.6721828383836153, 9.803662003530594, 9.085539903651181, 5.662212085213419, 4.263085459937647, 4.660502063590812, 1.7279414671345954, 5.895353250240303, 4.556266939976926, 2.312705495481837, 5.6740119567114515, 4.513088523301272, 6.138542996603011, 6.220107223725819, 8.143439071454047, 1.308487715641098, 4.711128413317129]","74_lag_traDP, 68_lag_76_median_mhfATL45, 70_lag_traMC, 74_lag_tripol3, 68_lag_69_median_eurPSLjfm, 68_lag_69_median_tripol3, 70_lag_glTSjfm, 70_lag_glomaSSTjfm, 68_lag_75_median_naoPSLjfm, 69_lag_traCA, 68_lag_74_median_tripol2, 68_lag_72_median_scpPSLjfm, 73_lag_stratZ50ndj02, 75_lag_traBS, 69_lag_labSSTjfm, 68_lag_69_median_tripol2, 68_lag_74_median_traWP, 71_lag_atlSICsep, 76_lag_glomaSSTjfm, 68_lag_69_median_traDS, 68_lag_72_median_tripol1, 68_lag_77_median_traEC, 68_lag_72_median_mhfATL45, 68_lag_cetTSjfm, 68_lag_69_median_solFORC, 68_lag_shSICmar, 68_lag_72_median_glTSjfm, 70_lag_labSSTjfm, 68_lag_75_median_stratZ50ndj02, 68_lag_73_median_labSSTjfm_1235_68"
LRforcedPSO,64,30,shSICmar,slow,1778.5,2005.5,0.8,79,69,69,18.177680324558594,0.2942794811103867,1235,"['69_lag_75_median_scpPSLjfm', '69_lag_71_median_atlSICsep', '69_lag_70_median_traFS', '69_lag_70_median_atlSICjfm', '69_lag_73_median_traEC', '69_lag_74_median_satlSSTjfm', '73_lag_traMC', '69_lag_72_median_ismPRjja', '75_lag_mhfATL45', '71_lag_traCA', '70_lag_cetTSjfm', '78_lag_samPSLann', '69_lag_shTSjfm', '69_lag_stratZ50ndj04', '69_lag_73_median_scpPSLjfm', '69_lag_72_median_AMOCann', '69_lag_76_median_naoPSLjfm', '69_lag_70_median_glTSjfm', '75_lag_ensoSSTjfm', '75_lag_tripol1', '77_lag_stratZ50ndj02', '69_lag_72_median_traIT', '69_lag_76_median_tripol1', '74_lag_amo2', '69_lag_70_median_traMC', '71_lag_ensoSSTjfm', '77_lag_mhfATL60', '69_lag_72_median_amoSSTmjjaso', '74_lag_ormenSSTjfm', '69_lag_72_median_tripol1']","[9.499394132800589, 0.36541216863703596, 5.640002042108721, 0.5370471205627059, 0.13937188468507067, 1.6210990781927332, 4.298798087596428, 5.968617189257957, 7.5612966419446295, 0.29969281304433615, 2.9340400792990406, 4.192583144990598, 1.1750374628682039, 1.215638493923823, 1.8684894367600116, 4.710300535608307, 6.461517806716339, 6.822213751502407, 7.1637043903241775, 2.176181111381638, 6.639183850498855, 5.169592693520151, 6.725948658383237, 3.221904506745041, 1.6658641650989026, 2.9549383884423204, 4.6476997763511, 7.024297216721951, 9.136711448151651, 1.5846858157060133]","69_lag_75_median_scpPSLjfm, 69_lag_71_median_atlSICsep, 69_lag_70_median_traFS, 69_lag_70_median_atlSICjfm, 69_lag_73_median_traEC, 69_lag_74_median_satlSSTjfm, 73_lag_traMC, 69_lag_72_median_ismPRjja, 75_lag_mhfATL45, 71_lag_traCA, 70_lag_cetTSjfm, 78_lag_samPSLann, 69_lag_shTSjfm, 69_lag_stratZ50ndj04, 69_lag_73_median_scpPSLjfm, 69_lag_72_median_AMOCann, 69_lag_76_median_naoPSLjfm, 69_lag_70_median_glTSjfm, 75_lag_ensoSSTjfm, 75_lag_tripol1, 77_lag_stratZ50ndj02, 69_lag_72_median_traIT, 69_lag_76_median_tripol1, 74_lag_amo2, 69_lag_70_median_traMC, 71_lag_ensoSSTjfm, 77_lag_mhfATL60, 69_lag_72_median_amoSSTmjjaso, 74_lag_ormenSSTjfm, 69_lag_72_median_tripol1_1235_69"
LRforcedPSO,65,30,shSICmar,slow,1779.5,2005.5,0.8,80,70,70,29.16586032300485,0.03015272966120544,1235,"['77_lag_pdoSSTjfm', '77_lag_AMOCann', '79_lag_atlSICjfm', '74_lag_glomaSSTjfm', '78_lag_traFS', '74_lag_pdoSSTjfm', '70_lag_75_median_traWP', '78_lag_traIT', '70_lag_77_median_mhfATL30', '70_lag_79_median_traBS', '70_lag_78_median_traFB', '73_lag_wnorPRjfm', '70_lag_78_median_traEC', '77_lag_stratZ50ndj01', '78_lag_ismPRjja', '70_lag_satlSSTjfm', '70_lag_77_median_wnorPRjfm', '70_lag_76_median_alpi', '74_lag_traIT', '78_lag_shSICmar', '78_lag_gyreSSTjfm', '70_lag_76_median_solFORC', '70_lag_75_median_eapPSLjfm', '70_lag_78_median_samPSLann', '70_lag_76_median_traFSC', '70_lag_79_median_arcTSjfm', '76_lag_nhSICjfm', '75_lag_nppc2SSTjfm', '74_lag_scpPSLjfm', '70_lag_72_median_satlSSTjfm']","[2.858702375093337, 1.6828087818308486, 3.683081755027228, 2.3140524124780413, 0.7411429503503815, 6.661573773326307, 1.5525846514057147, 5.917413346835659, 5.799697199101379, 0.7444479891811042, 6.526213536313769, 6.161802904532756, 6.22053023943732, 8.659399171581214, 1.0199261772508823, 3.2379822965304577, 3.3310414982238656, 2.1301038849330673, 2.4154944848832383, 4.1329545414747475, 7.843849120547601, 4.704401500082602, 2.9237753576641357, 8.219476824869062, 8.4012952604525, 0.08070082318218397, 0.28098348256672345, 5.764910694144339, 5.223314531433905, 5.039922418401252]","77_lag_pdoSSTjfm, 77_lag_AMOCann, 79_lag_atlSICjfm, 74_lag_glomaSSTjfm, 78_lag_traFS, 74_lag_pdoSSTjfm, 70_lag_75_median_traWP, 78_lag_traIT, 70_lag_77_median_mhfATL30, 70_lag_79_median_traBS, 70_lag_78_median_traFB, 73_lag_wnorPRjfm, 70_lag_78_median_traEC, 77_lag_stratZ50ndj01, 78_lag_ismPRjja, 70_lag_satlSSTjfm, 70_lag_77_median_wnorPRjfm, 70_lag_76_median_alpi, 74_lag_traIT, 78_lag_shSICmar, 78_lag_gyreSSTjfm, 70_lag_76_median_solFORC, 70_lag_75_median_eapPSLjfm, 70_lag_78_median_samPSLann, 70_lag_76_median_traFSC, 70_lag_79_median_arcTSjfm, 76_lag_nhSICjfm, 75_lag_nppc2SSTjfm, 74_lag_scpPSLjfm, 70_lag_72_median_satlSSTjfm_1235_70"
LRforcedPSO,66,30,shSICmar,slow,1780.5,2005.5,0.8,81,71,71,20.375552848190726,0.22536079962002825,1235,"['71_lag_75_median_mhfATL30', '71_lag_80_median_mhfATL45', '73_lag_naoPSLjfm', '71_lag_77_median_eapPSLjfm', '71_lag_78_median_amoSSTmjjaso', '71_lag_solFORC', '71_lag_mhfATL45', '75_lag_ginwSSTjfm', '71_lag_75_median_nppc2SSTjfm', '71_lag_73_median_labSSTjfm', '71_lag_80_median_alpi', '71_lag_ormenSSTjfm', '71_lag_72_median_mhfATL60', '79_lag_traTLS', '72_lag_traFS', '80_lag_mhfATL30', '77_lag_stratZ50ndj02', '71_lag_nppc3SSTjfm', '71_lag_78_median_eurPSLjfm', '71_lag_amo1', '71_lag_73_median_ensoSSTjfm', '71_lag_77_median_pdoSSTjfm', '74_lag_alpi', '71_lag_arcTSjfm', '71_lag_74_median_nhTSjfm', '73_lag_stratZ50ndj03', '71_lag_AMOCann', '71_lag_73_median_glTSjfm', '74_lag_ensoSSTjfm', '76_lag_arcTSjfm']","[6.17941593095555, 2.5660250473567032, 3.0305633220362935, 1.414500536256277, 0.6319152844119031, 1.9262454485904215, 4.868099545528866, 1.059691347418024, 4.968484553210853, 1.8522614870179321, 6.255900718363794, 0.38814405833156584, 2.2161027921295577, 5.282232527256781, 3.236052576899235, 5.325929217596879, 5.3665435744710255, 2.7045371736214907, 6.602148989091408, 7.568605233786165, 5.385785939624814, 0.9061599269082095, 7.873269177124222, 4.344840276690913, 6.89710247002423, 6.82058558546667, 1.1994329060620963, 1.3327406240243338, 8.377006489669315, 8.04225803366673]","71_lag_75_median_mhfATL30, 71_lag_80_median_mhfATL45, 73_lag_naoPSLjfm, 71_lag_77_median_eapPSLjfm, 71_lag_78_median_amoSSTmjjaso, 71_lag_solFORC, 71_lag_mhfATL45, 75_lag_ginwSSTjfm, 71_lag_75_median_nppc2SSTjfm, 71_lag_73_median_labSSTjfm, 71_lag_80_median_alpi, 71_lag_ormenSSTjfm, 71_lag_72_median_mhfATL60, 79_lag_traTLS, 72_lag_traFS, 80_lag_mhfATL30, 77_lag_stratZ50ndj02, 71_lag_nppc3SSTjfm, 71_lag_78_median_eurPSLjfm, 71_lag_amo1, 71_lag_73_median_ensoSSTjfm, 71_lag_77_median_pdoSSTjfm, 74_lag_alpi, 71_lag_arcTSjfm, 71_lag_74_median_nhTSjfm, 73_lag_stratZ50ndj03, 71_lag_AMOCann, 71_lag_73_median_glTSjfm, 74_lag_ensoSSTjfm, 76_lag_arcTSjfm_1235_71"
LRforcedPSO,67,30,shSICmar,slow,1781.5,2005.5,0.8,82,72,72,22.148686893324648,0.4270048248581522,1235,"['77_lag_traDP', '80_lag_traBS', '79_lag_traFS', '72_lag_74_median_neurTSjfm', '78_lag_traDS', '72_lag_81_median_satlSSTjfm', '73_lag_traFB', '72_lag_76_median_eurPSLjfm', '72_lag_73_median_mhfATL60', '80_lag_traBO', '81_lag_cetTSjfm', '73_lag_traCA', '75_lag_tripol3', '81_lag_tripol3', '72_lag_81_median_wnorPRjfm', '73_lag_ismPRjja', '78_lag_labSSTjfm', '78_lag_stratZ50ndj03', '72_lag_79_median_atlSICsep', '78_lag_shTSjfm', '72_lag_80_median_stratZ50ndj02', '80_lag_nppc3SSTjfm', '76_lag_mhfIP30', '81_lag_stratZ50ndj03', '78_lag_traFS', '76_lag_tripol2', '75_lag_ensoSSTjfm', '77_lag_stratZ50ndj04', '74_lag_mhfIP30', '78_lag_eapPSLjfm']","[5.634569713099779, 7.443818372231398, 4.6440682188850495, 9.884850049021352, 9.047356637933088, 5.6238269032009995, 9.452841191698022, 1.2591401156277264, 4.2588598965934885, 3.7981708624141923, 3.5321243478351345, 0.6766573618330618, 6.70944519557543, 1.8343789774695338, 0.7856003104201044, 0.9743159988424779, 4.59127380836923, 0.6712446666874143, 9.314275680248144, 3.452183895953591, 0.7325529548660867, 3.0053506220040322, 8.967227019820328, 3.0273942806260656, 4.216836660547848, 3.7502345758987303, 3.326656871869737, 2.6425955799143086, 6.403223851734124, 5.0242553805932015]","77_lag_traDP, 80_lag_traBS, 79_lag_traFS, 72_lag_74_median_neurTSjfm, 78_lag_traDS, 72_lag_81_median_satlSSTjfm, 73_lag_traFB, 72_lag_76_median_eurPSLjfm, 72_lag_73_median_mhfATL60, 80_lag_traBO, 81_lag_cetTSjfm, 73_lag_traCA, 75_lag_tripol3, 81_lag_tripol3, 72_lag_81_median_wnorPRjfm, 73_lag_ismPRjja, 78_lag_labSSTjfm, 78_lag_stratZ50ndj03, 72_lag_79_median_atlSICsep, 78_lag_shTSjfm, 72_lag_80_median_stratZ50ndj02, 80_lag_nppc3SSTjfm, 76_lag_mhfIP30, 81_lag_stratZ50ndj03, 78_lag_traFS, 76_lag_tripol2, 75_lag_ensoSSTjfm, 77_lag_stratZ50ndj04, 74_lag_mhfIP30, 78_lag_eapPSLjfm_1235_72"
LRforcedPSO,68,30,shSICmar,slow,1782.5,2005.5,0.8,83,73,73,28.814044572721055,-0.16665015714348796,1235,"['73_lag_stratZ50ndj01', '73_lag_77_median_shTSjfm', '79_lag_nhTSjfm', '73_lag_seurTSjfm', '75_lag_mhfATL45', '73_lag_74_median_eurPSLjfm', '77_lag_traFB', '73_lag_75_median_ensoSSTjfm', '76_lag_traBS', '82_lag_traMC', '77_lag_labSSTjfm', '73_lag_81_median_eapPSLjfm', '79_lag_shSICsep', '77_lag_samPSLann', '79_lag_seurTSjfm', '73_lag_80_median_arcTSjfm', '80_lag_traBS', '73_lag_81_median_arcTSjfm', '79_lag_stratZ50ndj01', '73_lag_76_median_nppc3SSTjfm', '82_lag_ormenSSTjfm', '78_lag_stratZ50ndj03', '73_lag_81_median_traIT', '73_lag_neurTSjfm', '81_lag_amo2', '73_lag_78_median_shSICsep', '81_lag_ginwSSTjfm', '73_lag_tripol3', '73_lag_82_median_ormenSSTjfm', '82_lag_scpPSLjfm']","[3.079026213341991, 6.157184692506899, 8.79709483613211, 3.778151437660407, 2.423742308894747, 5.55859047151791, 0.9243912571126867, 1.3065220126533852, 5.97567648613518, 2.0624954269734497, 6.20293426230613, 0.2460408231308726, 4.603382502975343, 1.2355272051717936, 3.9334990532294825, 3.868514941481493, 7.371167082230436, 4.622163915105471, 2.1196544586984363, 5.453974127313037, 0.35843355229528484, 3.508499386011257, 8.576348616432254, 3.644676896103583, 8.947723369282539, 5.0518640200456355, 2.465733053087906, 3.916844414030285, 3.0598448138449763, 3.7670302624332024]","73_lag_stratZ50ndj01, 73_lag_77_median_shTSjfm, 79_lag_nhTSjfm, 73_lag_seurTSjfm, 75_lag_mhfATL45, 73_lag_74_median_eurPSLjfm, 77_lag_traFB, 73_lag_75_median_ensoSSTjfm, 76_lag_traBS, 82_lag_traMC, 77_lag_labSSTjfm, 73_lag_81_median_eapPSLjfm, 79_lag_shSICsep, 77_lag_samPSLann, 79_lag_seurTSjfm, 73_lag_80_median_arcTSjfm, 80_lag_traBS, 73_lag_81_median_arcTSjfm, 79_lag_stratZ50ndj01, 73_lag_76_median_nppc3SSTjfm, 82_lag_ormenSSTjfm, 78_lag_stratZ50ndj03, 73_lag_81_median_traIT, 73_lag_neurTSjfm, 81_lag_amo2, 73_lag_78_median_shSICsep, 81_lag_ginwSSTjfm, 73_lag_tripol3, 73_lag_82_median_ormenSSTjfm, 82_lag_scpPSLjfm_1235_73"
LRforcedPSO,69,30,shSICmar,slow,1783.5,2005.5,0.8,84,74,74,31.566425667430618,-0.20826873395471063,1235,"['78_lag_solFORC', '83_lag_traFS', '75_lag_traFB', '81_lag_traWP', '74_lag_79_median_traIT', '76_lag_nppc2SSTjfm', '78_lag_traFB', '76_lag_traDS', '74_lag_78_median_arcTSjfm', '80_lag_traWP', '74_lag_80_median_nhSICjfm', '75_lag_ensoSSTjfm', '74_lag_traBS', '75_lag_traFS', '77_lag_atlSICsep', '74_lag_80_median_mhfIP30', '82_lag_nhSICsep', '80_lag_gyreSSTjfm', '74_lag_78_median_nppc2SSTjfm', '77_lag_traFB', '74_lag_82_median_nhTSjfm', '74_lag_80_median_eapPSLjfm', '77_lag_stratZ50ndj02', '74_lag_81_median_traMC', '82_lag_cetTSjfm', '82_lag_amo1', '82_lag_amo2', '76_lag_traCA', '75_lag_glomaSSTjfm', '74_lag_81_median_labSSTjfm']","[1.361590240448919, 6.982585150935229, 7.92495246728349, 6.240489874240611, 0.4367322653795398, 8.5098108371669, 7.447865018042599, 9.654370725393832, 8.547188751989555, 1.260300025554411, 6.205888319542648, 9.504136312327326, 2.236978772950982, 5.535239680397076, 8.031722254450248, 3.6912366047452743, 4.69969943091343, 3.1985689157503465, 0.8237818529134682, 0.9024285131304168, 9.878484048272266, 3.5663649630393257, 4.28881276835873, 1.5478741546257524, 0.6843230630482555, 1.8274891351265978, 0.44052994751350205, 0.42231233727432915, 0.6148908201783634, 1.9609301628174656]","78_lag_solFORC, 83_lag_traFS, 75_lag_traFB, 81_lag_traWP, 74_lag_79_median_traIT, 76_lag_nppc2SSTjfm, 78_lag_traFB, 76_lag_traDS, 74_lag_78_median_arcTSjfm, 80_lag_traWP, 74_lag_80_median_nhSICjfm, 75_lag_ensoSSTjfm, 74_lag_traBS, 75_lag_traFS, 77_lag_atlSICsep, 74_lag_80_median_mhfIP30, 82_lag_nhSICsep, 80_lag_gyreSSTjfm, 74_lag_78_median_nppc2SSTjfm, 77_lag_traFB, 74_lag_82_median_nhTSjfm, 74_lag_80_median_eapPSLjfm, 77_lag_stratZ50ndj02, 74_lag_81_median_traMC, 82_lag_cetTSjfm, 82_lag_amo1, 82_lag_amo2, 76_lag_traCA, 75_lag_glomaSSTjfm, 74_lag_81_median_labSSTjfm_1235_74"
LRforcedPSO,70,30,shSICmar,slow,1784.5,2005.5,0.8,85,75,75,32.396514565616556,-0.098584512088889,1235,"['84_lag_traBS', '79_lag_mhfATL45', '75_lag_76_median_satlSSTjfm', '75_lag_84_median_traCA', '78_lag_yrvPRjja', '75_lag_79_median_nhTSjfm', '75_lag_79_median_solFORC', '82_lag_eurPSLjfm', '82_lag_AMOCann', '81_lag_wnorPRjfm', '75_lag_77_median_cetTSjfm', '83_lag_traDP', '81_lag_traCA', '75_lag_76_median_stratZ50ndj04', '75_lag_82_median_traBO', '75_lag_83_median_scpPSLjfm', '75_lag_83_median_tripol3', '79_lag_atlSICjfm', '75_lag_77_median_solFORC', '75_lag_80_median_shTSjfm', '83_lag_traWP', '80_lag_gyreSSTjfm', '75_lag_labSSTjfm', '75_lag_80_median_samPSLann', '84_lag_satlSSTjfm', '79_lag_eapPSLjfm', '75_lag_79_median_stratZ50ndj02', '75_lag_81_median_tripol2', '75_lag_81_median_traFSC', '82_lag_satlSSTjfm']","[9.166663121470073, 1.1904052033115917, 7.3326866240620925, 4.098100916675154, 4.76940585690134, 5.8836358407961935, 8.069679919334238, 2.5807056025002435, 4.645988492976203, 2.7207758610013713, 3.0960252305788565, 3.5933163267695756, 5.455338345024372, 5.052208234788072, 8.40030166795338, 5.15279472406508, 9.966796034161266, 2.9545438627731038, 7.934468335996554, 5.322685546658521, 5.953516613886418, 3.935381607360961, 6.461690469196409, 0.026558174786359245, 9.121941654986593, 1.0721712828222092, 4.291992871181069, 9.923203459510718, 2.6805132705132584, 2.806965972522848]","84_lag_traBS, 79_lag_mhfATL45, 75_lag_76_median_satlSSTjfm, 75_lag_84_median_traCA, 78_lag_yrvPRjja, 75_lag_79_median_nhTSjfm, 75_lag_79_median_solFORC, 82_lag_eurPSLjfm, 82_lag_AMOCann, 81_lag_wnorPRjfm, 75_lag_77_median_cetTSjfm, 83_lag_traDP, 81_lag_traCA, 75_lag_76_median_stratZ50ndj04, 75_lag_82_median_traBO, 75_lag_83_median_scpPSLjfm, 75_lag_83_median_tripol3, 79_lag_atlSICjfm, 75_lag_77_median_solFORC, 75_lag_80_median_shTSjfm, 83_lag_traWP, 80_lag_gyreSSTjfm, 75_lag_labSSTjfm, 75_lag_80_median_samPSLann, 84_lag_satlSSTjfm, 79_lag_eapPSLjfm, 75_lag_79_median_stratZ50ndj02, 75_lag_81_median_tripol2, 75_lag_81_median_traFSC, 82_lag_satlSSTjfm_1235_75"
LRforcedPSO,71,30,shSICmar,slow,1785.5,2005.5,0.8,86,76,76,20.159066120821425,0.1956830429986921,1235,"['83_lag_traEC', '76_lag_84_median_traBS', '76_lag_78_median_traFS', '76_lag_77_median_mhfATL45', '84_lag_ormenSSTjfm', '76_lag_77_median_amo2', '76_lag_84_median_mhfATL45', '76_lag_84_median_mhfATL60', '81_lag_traDP', '76_lag_shSICsep', '76_lag_80_median_amo2', '81_lag_seurTSjfm', '76_lag_83_median_ensoSSTjfm', '76_lag_stratZ50ndj01', '83_lag_mhfATL30', '76_lag_85_median_solFORC', '76_lag_78_median_stratZ50ndj04', '83_lag_traIFC', '76_lag_82_median_stratZ50ndj02', '84_lag_ginwSSTjfm', '85_lag_mhfATL30', '82_lag_nhTSjfm', '85_lag_AMOCann', '79_lag_traMC', '85_lag_traDP', '76_lag_81_median_nhSICjfm', '76_lag_78_median_labSSTjfm', '76_lag_arcTSjfm', '84_lag_traEC', '76_lag_79_median_traBO']","[2.3451344312359996, 2.866455011366142, 4.289882055945242, 1.063985055497099, 2.9794270551524438, 5.541267469529936, 9.712167838372983, 5.962797388395009, 2.947718712080798, 5.564310296453354, 7.381316101817996, 0.8927026038543495, 5.877836102795943, 4.283906771935612, 1.2758352707674625, 2.611738726089502, 0.9002276340279849, 0.9183836193999895, 5.471755507177711, 9.415505249037535, 6.261008479743728, 3.744003926854978, 0.9627969321711749, 8.284371824028664, 5.488500947961439, 5.340194446276955, 1.596398482329631, 7.1393218222452015, 0.284298128004842, 6.604875480118673]","83_lag_traEC, 76_lag_84_median_traBS, 76_lag_78_median_traFS, 76_lag_77_median_mhfATL45, 84_lag_ormenSSTjfm, 76_lag_77_median_amo2, 76_lag_84_median_mhfATL45, 76_lag_84_median_mhfATL60, 81_lag_traDP, 76_lag_shSICsep, 76_lag_80_median_amo2, 81_lag_seurTSjfm, 76_lag_83_median_ensoSSTjfm, 76_lag_stratZ50ndj01, 83_lag_mhfATL30, 76_lag_85_median_solFORC, 76_lag_78_median_stratZ50ndj04, 83_lag_traIFC, 76_lag_82_median_stratZ50ndj02, 84_lag_ginwSSTjfm, 85_lag_mhfATL30, 82_lag_nhTSjfm, 85_lag_AMOCann, 79_lag_traMC, 85_lag_traDP, 76_lag_81_median_nhSICjfm, 76_lag_78_median_labSSTjfm, 76_lag_arcTSjfm, 84_lag_traEC, 76_lag_79_median_traBO_1235_76"
LRforcedPSO,72,30,shSICmar,slow,1786.5,2005.5,0.8,87,77,77,19.430586537960266,0.16077491549705203,1235,"['77_lag_glTSjfm', '77_lag_83_median_tripol1', '77_lag_85_median_traDS', '77_lag_85_median_tripol2', '83_lag_traDS', '80_lag_stratZ50ndj01', '77_lag_80_median_AMOCann', '77_lag_86_median_glomaSSTjfm', '79_lag_gyreSSTjfm', '77_lag_cetTSjfm', '79_lag_amo2', '77_lag_83_median_cetTSjfm', '86_lag_traFS', '77_lag_83_median_atlSICjfm', '77_lag_78_median_eurPSLjfm', '77_lag_80_median_traBS', '77_lag_81_median_amo2', '79_lag_traDS', '77_lag_81_median_solFORC', '77_lag_84_median_samPSLann', '78_lag_amo3', '77_lag_80_median_traWP', '81_lag_nchinaPRjja', '77_lag_85_median_ormenSSTjfm', '77_lag_83_median_nhSICjfm', '77_lag_86_median_nhSICsep', '80_lag_ismPRjja', '77_lag_81_median_nhTSjfm', '77_lag_82_median_ormenSSTjfm', '86_lag_atlSICjfm']","[4.273130956792588, 4.953680535191802, 4.405398151601652, 0.5079843449813009, 9.773807345610205, 1.9076909355891463, 8.94239642721615, 2.4557026375659667, 6.27624533964916, 8.87587829391755, 4.650786827530752, 2.308487149245164, 8.643537695094048, 1.0257467519632613, 8.630807607815056, 3.120822436160031, 1.791837744063864, 7.122895699350263, 4.5909633427471, 2.9079468284910126, 4.555909349891397, 3.3964845675546087, 5.289230719175384, 6.043169767984253, 2.568155460418202, 2.1799368601547577, 3.6507316999779214, 3.5522965838520477, 2.9161734795543737, 7.604960271916333]","77_lag_glTSjfm, 77_lag_83_median_tripol1, 77_lag_85_median_traDS, 77_lag_85_median_tripol2, 83_lag_traDS, 80_lag_stratZ50ndj01, 77_lag_80_median_AMOCann, 77_lag_86_median_glomaSSTjfm, 79_lag_gyreSSTjfm, 77_lag_cetTSjfm, 79_lag_amo2, 77_lag_83_median_cetTSjfm, 86_lag_traFS, 77_lag_83_median_atlSICjfm, 77_lag_78_median_eurPSLjfm, 77_lag_80_median_traBS, 77_lag_81_median_amo2, 79_lag_traDS, 77_lag_81_median_solFORC, 77_lag_84_median_samPSLann, 78_lag_amo3, 77_lag_80_median_traWP, 81_lag_nchinaPRjja, 77_lag_85_median_ormenSSTjfm, 77_lag_83_median_nhSICjfm, 77_lag_86_median_nhSICsep, 80_lag_ismPRjja, 77_lag_81_median_nhTSjfm, 77_lag_82_median_ormenSSTjfm, 86_lag_atlSICjfm_1235_77"
LRforcedPSO,73,30,shSICmar,slow,1787.5,2005.5,0.8,88,78,78,19.4588919024991,0.29139540789444096,1235,"['78_lag_83_median_atlSICsep', '85_lag_traBS', '78_lag_81_median_ensoSSTjfm', '78_lag_81_median_atlSICjfm', '83_lag_ismPRjja', '85_lag_nhSICsep', '79_lag_nhTSjfm', '78_lag_scpPSLjfm', '78_lag_84_median_traCA', '79_lag_traIFC', '78_lag_83_median_shSICsep', '78_lag_nhSICsep', '78_lag_86_median_ismPRjja', '78_lag_81_median_stratZ50ndj01', '79_lag_amoSSTmjjaso', '78_lag_82_median_atlSICjfm', '78_lag_82_median_ormenSSTjfm', '78_lag_83_median_shSICmar', '86_lag_atlSICsep', '83_lag_traTLS', '83_lag_atlSICjfm', '79_lag_satlSSTjfm', '78_lag_mhfATL45', '78_lag_81_median_naoPSLjfm', '84_lag_traIT', '78_lag_87_median_neurTSjfm', '79_lag_seurTSjfm', '82_lag_pdoSSTjfm', '78_lag_83_median_stratZ50ndj04', '78_lag_84_median_alpi']","[7.2231870327076075, 1.6774544568138676, 5.957968334372879, 0.2379597806596383, 9.759089242427454, 1.3889937267320551, 8.591652414628989, 3.8505659211824117, 5.959856548627503, 1.6246785182623498, 3.894250984637635, 2.244010730869391, 6.977391704687442, 9.08636337309163, 3.7361867255774905, 2.998370776813207, 4.747441767957026, 9.942049634133488, 3.090296956201179, 2.0632313032051144, 0.8791858651756428, 8.540088229806287, 3.750753017468642, 4.938390420085752, 3.0357758623033817, 1.0164570484991504, 2.9617331062083014, 6.778186699881301, 1.5808372024450161, 4.86954015112995]","78_lag_83_median_atlSICsep, 85_lag_traBS, 78_lag_81_median_ensoSSTjfm, 78_lag_81_median_atlSICjfm, 83_lag_ismPRjja, 85_lag_nhSICsep, 79_lag_nhTSjfm, 78_lag_scpPSLjfm, 78_lag_84_median_traCA, 79_lag_traIFC, 78_lag_83_median_shSICsep, 78_lag_nhSICsep, 78_lag_86_median_ismPRjja, 78_lag_81_median_stratZ50ndj01, 79_lag_amoSSTmjjaso, 78_lag_82_median_atlSICjfm, 78_lag_82_median_ormenSSTjfm, 78_lag_83_median_shSICmar, 86_lag_atlSICsep, 83_lag_traTLS, 83_lag_atlSICjfm, 79_lag_satlSSTjfm, 78_lag_mhfATL45, 78_lag_81_median_naoPSLjfm, 84_lag_traIT, 78_lag_87_median_neurTSjfm, 79_lag_seurTSjfm, 82_lag_pdoSSTjfm, 78_lag_83_median_stratZ50ndj04, 78_lag_84_median_alpi_1235_78"
LRforcedPSO,74,30,shSICmar,slow,1788.5,2005.5,0.8,89,79,79,17.81675967608662,0.29787774084213037,1235,"['83_lag_atlSICjfm', '79_lag_84_median_tripol1', '79_lag_stratZ50ndj03', '81_lag_mhfATL30', '82_lag_tripol1', '79_lag_82_median_gyreSSTjfm', '81_lag_traEU', '79_lag_87_median_atlSICsep', '81_lag_traWP', '79_lag_83_median_traBS', '85_lag_neurTSjfm', '79_lag_81_median_atlSICsep', '88_lag_amo3', '79_lag_84_median_nchinaPRjja', '79_lag_86_median_atlSICjfm', '79_lag_86_median_arcTSjfm', '79_lag_80_median_ismPRjja', '79_lag_84_median_cetTSjfm', '88_lag_traEU', '79_lag_88_median_shSICsep', '82_lag_traFSC', '79_lag_82_median_traWP', '79_lag_84_median_yrvPRjja', '79_lag_82_median_atlSICsep', '79_lag_85_median_glTSjfm', '79_lag_81_median_stratZ50ndj01', '83_lag_shSICsep', '79_lag_80_median_traEC', '83_lag_traCA', '79_lag_85_median_stratZ50ndj03']","[2.4557154396817023, 3.485252533240658, 4.357559038142078, 0.2671562034219388, 5.967343419353963, 0.4984822072150248, 1.3363958478883937, 7.299787868296534, 5.897937386771137, 1.6513783464141092, 6.078850818984854, 4.4044863422258596, 0.5311217791573153, 2.199966305531178, 5.353352789067314, 8.101356008915314, 3.841362547821232, 7.738693104371748, 3.154165710172931, 5.084113394180488, 1.521197733433855, 6.291350839855653, 0.49193922583972416, 7.079742314842889, 5.698728455909199, 4.119615312827154, 0.8253980836514234, 1.9156516074816743, 0.15318738408224242, 7.166161927719221]","83_lag_atlSICjfm, 79_lag_84_median_tripol1, 79_lag_stratZ50ndj03, 81_lag_mhfATL30, 82_lag_tripol1, 79_lag_82_median_gyreSSTjfm, 81_lag_traEU, 79_lag_87_median_atlSICsep, 81_lag_traWP, 79_lag_83_median_traBS, 85_lag_neurTSjfm, 79_lag_81_median_atlSICsep, 88_lag_amo3, 79_lag_84_median_nchinaPRjja, 79_lag_86_median_atlSICjfm, 79_lag_86_median_arcTSjfm, 79_lag_80_median_ismPRjja, 79_lag_84_median_cetTSjfm, 88_lag_traEU, 79_lag_88_median_shSICsep, 82_lag_traFSC, 79_lag_82_median_traWP, 79_lag_84_median_yrvPRjja, 79_lag_82_median_atlSICsep, 79_lag_85_median_glTSjfm, 79_lag_81_median_stratZ50ndj01, 83_lag_shSICsep, 79_lag_80_median_traEC, 83_lag_traCA, 79_lag_85_median_stratZ50ndj03_1235_79"
LRforcedPSO,75,30,shSICmar,slow,1789.5,2005.5,0.8,90,80,80,21.839760515037586,-0.06319083082349213,1235,"['88_lag_nchinaPRjja', '86_lag_amo3', '80_lag_traBO', '80_lag_traDS', '89_lag_wnorPRjfm', '87_lag_amo1', '80_lag_85_median_labSSTjfm', '80_lag_81_median_traWP', '85_lag_atlSICjfm', '80_lag_83_median_scpPSLjfm', '85_lag_shSICsep', '80_lag_88_median_eurPSLjfm', '87_lag_traEU', '80_lag_88_median_naoPSLjfm', '80_lag_86_median_labSSTjfm', '86_lag_tripol3', '84_lag_mhfATL60', '80_lag_88_median_labSSTjfm', '80_lag_89_median_naoPSLjfm', '84_lag_tripol2', '80_lag_nhTSjfm', '80_lag_89_median_gyreSSTjfm', '80_lag_85_median_ensoSSTjfm', '88_lag_traBS', '80_lag_gyreSSTjfm', '80_lag_82_median_tripol2', '80_lag_83_median_labSSTjfm', '83_lag_labSSTjfm', '80_lag_87_median_traDS', '80_lag_83_median_mhfATL30']","[4.309638594995726, 0.9760426900533208, 0.06032804341878517, 3.2063579517128353, 8.364821314610907, 4.194772344116231, 6.306774560291773, 1.838867225947201, 7.211978387060545, 6.708740360136329, 7.640076848743913, 1.3739955741072247, 7.510222174292462, 1.7051382091845095, 7.072269683436229, 4.115973185875865, 6.919027304355307, 4.785029084864361, 6.7759376074044075, 2.568123350717606, 6.8146101344991035, 0.9250065557603975, 0.7128536714521942, 1.6428048658918541, 9.28604335792941, 7.063962182651988, 3.497153376956142, 1.3108709716012115, 3.7928101485124426, 0.7439536890225789]","88_lag_nchinaPRjja, 86_lag_amo3, 80_lag_traBO, 80_lag_traDS, 89_lag_wnorPRjfm, 87_lag_amo1, 80_lag_85_median_labSSTjfm, 80_lag_81_median_traWP, 85_lag_atlSICjfm, 80_lag_83_median_scpPSLjfm, 85_lag_shSICsep, 80_lag_88_median_eurPSLjfm, 87_lag_traEU, 80_lag_88_median_naoPSLjfm, 80_lag_86_median_labSSTjfm, 86_lag_tripol3, 84_lag_mhfATL60, 80_lag_88_median_labSSTjfm, 80_lag_89_median_naoPSLjfm, 84_lag_tripol2, 80_lag_nhTSjfm, 80_lag_89_median_gyreSSTjfm, 80_lag_85_median_ensoSSTjfm, 88_lag_traBS, 80_lag_gyreSSTjfm, 80_lag_82_median_tripol2, 80_lag_83_median_labSSTjfm, 83_lag_labSSTjfm, 80_lag_87_median_traDS, 80_lag_83_median_mhfATL30_1235_80"
LRforcedPSO,76,30,shSICmar,slow,1790.5,2005.5,0.8,91,81,81,21.48320926935993,0.06084598871372906,1235,"['84_lag_amo1', '81_lag_85_median_neurTSjfm', '81_lag_82_median_tripol2', '81_lag_89_median_tripol1', '89_lag_naoPSLjfm', '81_lag_88_median_ismPRjja', '87_lag_nhSICsep', '82_lag_neurTSjfm', '81_lag_85_median_amo3', '81_lag_83_median_AMOCann', '81_lag_nppc2SSTjfm', '81_lag_82_median_traFS', '81_lag_pdoSSTjfm', '81_lag_86_median_gyreSSTjfm', '81_lag_87_median_AMOCann', '81_lag_88_median_nchinaPRjja', '87_lag_mhfIP30', '81_lag_87_median_mhfATL45', '81_lag_85_median_samPSLann', '84_lag_mhfIP30', '82_lag_traIT', '81_lag_84_median_alpi', '90_lag_atlSICsep', '81_lag_85_median_glomaSSTjfm', '81_lag_90_median_traTLS', '81_lag_89_median_ensoSSTjfm', '84_lag_traDP', '81_lag_87_median_traBS', '83_lag_traMC', '81_lag_84_median_scpPSLjfm']","[5.90831824013641, 4.295670732549343, 6.44051598626239, 3.637950118116498, 2.564796490075622, 1.0122450574408592, 4.6463311046669915, 2.458139362889897, 2.400978873288878, 9.73055990495672, 5.048389969009792, 2.3574081772314486, 1.4868184740383334, 1.492997719561055, 5.672112556476902, 8.07154208409354, 0.9439855382276434, 0.7947081805355882, 2.6797964870518562, 0.4959794920208793, 1.1398340009115575, 9.16531241599708, 7.7544047554672435, 2.268773594758084, 4.3066239204682555, 5.94657185431223, 1.8103117755669942, 7.044364646232896, 4.587782241606096, 0.4465286587992203]","84_lag_amo1, 81_lag_85_median_neurTSjfm, 81_lag_82_median_tripol2, 81_lag_89_median_tripol1, 89_lag_naoPSLjfm, 81_lag_88_median_ismPRjja, 87_lag_nhSICsep, 82_lag_neurTSjfm, 81_lag_85_median_amo3, 81_lag_83_median_AMOCann, 81_lag_nppc2SSTjfm, 81_lag_82_median_traFS, 81_lag_pdoSSTjfm, 81_lag_86_median_gyreSSTjfm, 81_lag_87_median_AMOCann, 81_lag_88_median_nchinaPRjja, 87_lag_mhfIP30, 81_lag_87_median_mhfATL45, 81_lag_85_median_samPSLann, 84_lag_mhfIP30, 82_lag_traIT, 81_lag_84_median_alpi, 90_lag_atlSICsep, 81_lag_85_median_glomaSSTjfm, 81_lag_90_median_traTLS, 81_lag_89_median_ensoSSTjfm, 84_lag_traDP, 81_lag_87_median_traBS, 83_lag_traMC, 81_lag_84_median_scpPSLjfm_1235_81"
LRforcedPSO,77,30,shSICmar,slow,1791.5,2005.5,0.8,92,82,82,26.607263507327158,-0.36402693333405656,1235,"['85_lag_traIFC', '84_lag_nppc2SSTjfm', '82_lag_85_median_seurTSjfm', '87_lag_seurTSjfm', '90_lag_ensoSSTjfm', '82_lag_91_median_solFORC', '82_lag_83_median_ensoSSTjfm', '82_lag_traIT', '82_lag_87_median_cetTSjfm', '88_lag_stratZ50ndj01', '86_lag_amo3', '84_lag_traMC', '82_lag_86_median_traIFC', '82_lag_83_median_cetTSjfm', '87_lag_atlSICsep', '82_lag_89_median_ormenSSTjfm', '82_lag_89_median_glTSjfm', '82_lag_86_median_traDS', '87_lag_nhSICsep', '82_lag_88_median_nhSICsep', '83_lag_samPSLann', '85_lag_tripol1', '82_lag_91_median_AMOCann', '91_lag_ismPRjja', '82_lag_85_median_amo3', '82_lag_85_median_traDS', '89_lag_traIFC', '82_lag_85_median_stratZ50ndj02', '86_lag_traEC', '84_lag_glomaSSTjfm']","[0.10881585613321043, 1.7665192335339892, 3.883703353792443, 6.552693331142018, 2.1743370323048055, 0.5387315429160804, 8.775705688649719, 5.166024522857451, 4.077515827647494, 2.0071067428246314, 5.42221320230349, 5.994783901755072, 7.167114068598162, 3.8758059491891075, 0.8479373080251218, 7.595320266507915, 5.175546184888608, 5.864459150494596, 4.2941272715730925, 1.934509837622615, 0.2975048865323977, 8.116027494960989, 7.978406439729988, 3.476742174982066, 5.979636289222409, 1.6826373775986276, 5.937919348639692, 4.929354537372868, 1.934826192795427, 4.103221368511738]","85_lag_traIFC, 84_lag_nppc2SSTjfm, 82_lag_85_median_seurTSjfm, 87_lag_seurTSjfm, 90_lag_ensoSSTjfm, 82_lag_91_median_solFORC, 82_lag_83_median_ensoSSTjfm, 82_lag_traIT, 82_lag_87_median_cetTSjfm, 88_lag_stratZ50ndj01, 86_lag_amo3, 84_lag_traMC, 82_lag_86_median_traIFC, 82_lag_83_median_cetTSjfm, 87_lag_atlSICsep, 82_lag_89_median_ormenSSTjfm, 82_lag_89_median_glTSjfm, 82_lag_86_median_traDS, 87_lag_nhSICsep, 82_lag_88_median_nhSICsep, 83_lag_samPSLann, 85_lag_tripol1, 82_lag_91_median_AMOCann, 91_lag_ismPRjja, 82_lag_85_median_amo3, 82_lag_85_median_traDS, 89_lag_traIFC, 82_lag_85_median_stratZ50ndj02, 86_lag_traEC, 84_lag_glomaSSTjfm_1235_82"
LRforcedPSO,78,30,shSICmar,slow,1792.5,2005.5,0.8,93,83,83,22.511447210035282,-0.19766185950268828,1235,"['83_lag_88_median_wnorPRjfm', '86_lag_traDP', '83_lag_89_median_atlSICjfm', '83_lag_90_median_atlSICjfm', '84_lag_traWP', '91_lag_glomaSSTjfm', '85_lag_pdoSSTjfm', '84_lag_traTLS', '85_lag_traWP', '83_lag_85_median_traBO', '83_lag_85_median_traEC', '88_lag_nhSICjfm', '83_lag_87_median_traDS', '88_lag_samPSLann', '83_lag_91_median_stratZ50ndj01', '90_lag_traWP', '87_lag_stratZ50ndj01', '83_lag_92_median_stratZ50ndj01', '83_lag_84_median_AMOCann', '86_lag_nhTSjfm', '83_lag_89_median_atlSICsep', '83_lag_85_median_wnorPRjfm', '83_lag_85_median_stratZ50ndj02', '92_lag_glTSjfm', '83_lag_91_median_eurPSLjfm', '83_lag_85_median_ensoSSTjfm', '85_lag_ormenSSTjfm', '90_lag_arcTSjfm', '87_lag_ismPRjja', '88_lag_cetTSjfm']","[8.543996619926741, 1.1837223047844532, 2.15762242580928, 3.045980783974125, 0.5277037742818873, 0.8805923115904886, 0.06331640868305755, 4.102654053225077, 0.6063280526002686, 3.7593861597084803, 9.652724211530078, 0.5146534744609426, 8.436809649078924, 6.055897894534855, 2.5393371777835245, 0.9302677563474511, 2.2996112472385484, 3.2849835090141166, 1.2929121304352726, 9.799087748122231, 9.998752585402801, 4.915899541286695, 6.656868077393385, 1.322904277608309, 0.5979174264809846, 0.6683216285145388, 1.6615773559841926, 3.7240040033105473, 5.580741713904023, 0.2968412380311225]","83_lag_88_median_wnorPRjfm, 86_lag_traDP, 83_lag_89_median_atlSICjfm, 83_lag_90_median_atlSICjfm, 84_lag_traWP, 91_lag_glomaSSTjfm, 85_lag_pdoSSTjfm, 84_lag_traTLS, 85_lag_traWP, 83_lag_85_median_traBO, 83_lag_85_median_traEC, 88_lag_nhSICjfm, 83_lag_87_median_traDS, 88_lag_samPSLann, 83_lag_91_median_stratZ50ndj01, 90_lag_traWP, 87_lag_stratZ50ndj01, 83_lag_92_median_stratZ50ndj01, 83_lag_84_median_AMOCann, 86_lag_nhTSjfm, 83_lag_89_median_atlSICsep, 83_lag_85_median_wnorPRjfm, 83_lag_85_median_stratZ50ndj02, 92_lag_glTSjfm, 83_lag_91_median_eurPSLjfm, 83_lag_85_median_ensoSSTjfm, 85_lag_ormenSSTjfm, 90_lag_arcTSjfm, 87_lag_ismPRjja, 88_lag_cetTSjfm_1235_83"
LRforcedPSO,79,30,shSICmar,slow,1793.5,2005.5,0.8,94,84,84,16.037308866913396,0.20183552824977813,1235,"['91_lag_samPSLann', '85_lag_nppc2SSTjfm', '84_lag_90_median_traBO', '93_lag_eurPSLjfm', '86_lag_traEC', '88_lag_traEC', '89_lag_AMOCann', '92_lag_stratZ50ndj02', '84_lag_89_median_gyreSSTjfm', '84_lag_85_median_tripol2', '84_lag_87_median_yrvPRjja', '84_lag_86_median_nppc3SSTjfm', '87_lag_mhfATL45', '84_lag_90_median_naoPSLjfm', '84_lag_87_median_glTSjfm', '93_lag_amo3', '84_lag_89_median_eurPSLjfm', '93_lag_nppc2SSTjfm', '88_lag_arcTSjfm', '84_lag_86_median_traWP', '84_lag_85_median_labSSTjfm', '87_lag_gyreSSTjfm', '84_lag_93_median_satlSSTjfm', '85_lag_nhSICsep', '84_lag_93_median_pdoSSTjfm', '84_lag_92_median_eurPSLjfm', '90_lag_traTLS', '93_lag_samPSLann', '84_lag_90_median_traMC', '88_lag_ginwSSTjfm']","[6.226217841132251, 3.597382050029827, 2.1230967778086374, 3.019809198438633, 0.2712469372577875, 2.162096844684351, 0.5212539847717359, 5.50369483227329, 9.350722937743628, 2.550467133130347, 4.088020470865954, 5.42853883230168, 7.676574042546559, 2.8492676434025768, 7.579886414794115, 4.04775813519244, 4.717189365570449, 5.271216752266663, 3.616342214909354, 2.629321765426864, 4.204989885617858, 4.574837059600956, 5.126643288079169, 8.10347185130836, 6.687627187224173, 2.031816930457218, 8.191580531487908, 5.802955305012729, 6.078050083351936, 0.8481183614153025]","91_lag_samPSLann, 85_lag_nppc2SSTjfm, 84_lag_90_median_traBO, 93_lag_eurPSLjfm, 86_lag_traEC, 88_lag_traEC, 89_lag_AMOCann, 92_lag_stratZ50ndj02, 84_lag_89_median_gyreSSTjfm, 84_lag_85_median_tripol2, 84_lag_87_median_yrvPRjja, 84_lag_86_median_nppc3SSTjfm, 87_lag_mhfATL45, 84_lag_90_median_naoPSLjfm, 84_lag_87_median_glTSjfm, 93_lag_amo3, 84_lag_89_median_eurPSLjfm, 93_lag_nppc2SSTjfm, 88_lag_arcTSjfm, 84_lag_86_median_traWP, 84_lag_85_median_labSSTjfm, 87_lag_gyreSSTjfm, 84_lag_93_median_satlSSTjfm, 85_lag_nhSICsep, 84_lag_93_median_pdoSSTjfm, 84_lag_92_median_eurPSLjfm, 90_lag_traTLS, 93_lag_samPSLann, 84_lag_90_median_traMC, 88_lag_ginwSSTjfm_1235_84"
LRforcedPSO,80,30,shSICmar,slow,1794.5,2005.5,0.8,95,85,85,27.756695628367822,-0.39306386816398586,1235,"['85_lag_88_median_cetTSjfm', '85_lag_traBS', '87_lag_glomaSSTjfm', '85_lag_89_median_amo2', '90_lag_amoSSTmjjaso', '94_lag_ginwSSTjfm', '85_lag_93_median_mhfATL60', '85_lag_90_median_traFS', '85_lag_94_median_shTSjfm', '92_lag_stratZ50ndj02', '90_lag_mhfATL30', '85_lag_86_median_traDS', '85_lag_94_median_eapPSLjfm', '85_lag_91_median_ormenSSTjfm', '86_lag_amo3', '85_lag_94_median_nhSICsep', '85_lag_86_median_labSSTjfm', '85_lag_89_median_nchinaPRjja', '85_lag_87_median_samPSLann', '85_lag_naoPSLjfm', '85_lag_87_median_atlSICsep', '85_lag_yrvPRjja', '90_lag_arcTSjfm', '85_lag_91_median_gyreSSTjfm', '85_lag_87_median_naoPSLjfm', '85_lag_92_median_alpi', '85_lag_89_median_shTSjfm', '85_lag_92_median_ormenSSTjfm', '85_lag_90_median_nppc2SSTjfm', '85_lag_89_median_amo3']","[9.049761933585138, 1.0770880922593697, 5.924099607083559, 2.0892980930038085, 2.4109397241609916, 3.394313303790053, 7.807777578791018, 4.099780838071164, 5.8431898722818545, 0.019544864844082355, 6.057215353675613, 3.2068786457202947, 0.04541254298987063, 2.7253846844737772, 5.2723629278899065, 0.42653896130113544, 0.654846151304282, 7.50186726989357, 3.398041216457333, 5.934202750917354, 9.218643911596736, 1.9716845910178051, 4.813398647256264, 4.96474158444816, 1.1330446186123986, 3.2542216932692707, 9.93421493340988, 4.546978029001121, 8.501610042145622, 2.7705429023158175]","85_lag_88_median_cetTSjfm, 85_lag_traBS, 87_lag_glomaSSTjfm, 85_lag_89_median_amo2, 90_lag_amoSSTmjjaso, 94_lag_ginwSSTjfm, 85_lag_93_median_mhfATL60, 85_lag_90_median_traFS, 85_lag_94_median_shTSjfm, 92_lag_stratZ50ndj02, 90_lag_mhfATL30, 85_lag_86_median_traDS, 85_lag_94_median_eapPSLjfm, 85_lag_91_median_ormenSSTjfm, 86_lag_amo3, 85_lag_94_median_nhSICsep, 85_lag_86_median_labSSTjfm, 85_lag_89_median_nchinaPRjja, 85_lag_87_median_samPSLann, 85_lag_naoPSLjfm, 85_lag_87_median_atlSICsep, 85_lag_yrvPRjja, 90_lag_arcTSjfm, 85_lag_91_median_gyreSSTjfm, 85_lag_87_median_naoPSLjfm, 85_lag_92_median_alpi, 85_lag_89_median_shTSjfm, 85_lag_92_median_ormenSSTjfm, 85_lag_90_median_nppc2SSTjfm, 85_lag_89_median_amo3_1235_85"
LRforcedPSO,81,30,shSICmar,slow,1795.5,2005.5,0.8,96,86,86,21.33863191828345,0.21766126920224116,1235,"['94_lag_traMC', '86_lag_stratZ50ndj04', '87_lag_glomaSSTjfm', '87_lag_stratZ50ndj01', '86_lag_94_median_traEU', '94_lag_traWP', '91_lag_atlSICjfm', '91_lag_nchinaPRjja', '86_lag_90_median_pdoSSTjfm', '88_lag_nchinaPRjja', '89_lag_solFORC', '86_lag_88_median_atlSICjfm', '90_lag_shTSjfm', '86_lag_88_median_amo2', '91_lag_glomaSSTjfm', '86_lag_samPSLann', '87_lag_tripol1', '86_lag_91_median_shTSjfm', '86_lag_94_median_amo1', '86_lag_89_median_stratZ50ndj01', '86_lag_90_median_traIFC', '86_lag_87_median_stratZ50ndj03', '86_lag_90_median_mhfATL60', '95_lag_shSICmar', '86_lag_93_median_labSSTjfm', '86_lag_95_median_alpi', '91_lag_solFORC', '86_lag_89_median_ensoSSTjfm', '86_lag_95_median_neurTSjfm', '86_lag_seurTSjfm']","[1.0503411330949142, 2.677030109147662, 8.403771757956026, 2.340718201048775, 0.8574138687186466, 2.444347424092637, 4.021475537593819, 4.232629035554112, 3.108722174688805, 4.868267570266925, 0.8008647356321354, 1.5333069909799146, 4.767297580520815, 4.054764751117029, 2.794203336672714, 7.074841966968858, 7.770575728798628, 4.253591279649509, 1.9798012057945371, 2.9310587861308974, 2.555288462786784, 3.3991102813005174, 2.5979620874002904, 8.303646937220051, 7.118105438538221, 3.847724848556517, 0.7171257074933521, 8.819639103689571, 1.0193740081349834, 7.874498861247878]","94_lag_traMC, 86_lag_stratZ50ndj04, 87_lag_glomaSSTjfm, 87_lag_stratZ50ndj01, 86_lag_94_median_traEU, 94_lag_traWP, 91_lag_atlSICjfm, 91_lag_nchinaPRjja, 86_lag_90_median_pdoSSTjfm, 88_lag_nchinaPRjja, 89_lag_solFORC, 86_lag_88_median_atlSICjfm, 90_lag_shTSjfm, 86_lag_88_median_amo2, 91_lag_glomaSSTjfm, 86_lag_samPSLann, 87_lag_tripol1, 86_lag_91_median_shTSjfm, 86_lag_94_median_amo1, 86_lag_89_median_stratZ50ndj01, 86_lag_90_median_traIFC, 86_lag_87_median_stratZ50ndj03, 86_lag_90_median_mhfATL60, 95_lag_shSICmar, 86_lag_93_median_labSSTjfm, 86_lag_95_median_alpi, 91_lag_solFORC, 86_lag_89_median_ensoSSTjfm, 86_lag_95_median_neurTSjfm, 86_lag_seurTSjfm_1235_86"
LRforcedPSO,82,30,shSICmar,slow,1796.5,2005.5,0.8,97,87,87,31.077503775011603,-0.30905581298477774,1235,"['93_lag_traBO', '87_lag_92_median_nppc3SSTjfm', '87_lag_92_median_stratZ50ndj01', '93_lag_gyreSSTjfm', '87_lag_89_median_nppc2SSTjfm', '87_lag_95_median_pdoSSTjfm', '87_lag_90_median_seurTSjfm', '88_lag_arcTSjfm', '87_lag_91_median_traIFC', '87_lag_93_median_traBS', '92_lag_solFORC', '87_lag_96_median_satlSSTjfm', '91_lag_atlSICsep', '87_lag_95_median_nhSICsep', '88_lag_traDP', '92_lag_traWP', '87_lag_96_median_stratZ50ndj01', '94_lag_traWP', '90_lag_ginwSSTjfm', '87_lag_96_median_samPSLann', '87_lag_92_median_mhfATL30', '87_lag_92_median_shSICmar', '90_lag_wnorPRjfm', '88_lag_mhfATL30', '87_lag_91_median_alpi', '96_lag_AMOCann', '87_lag_89_median_traDP', '91_lag_traEU', '87_lag_96_median_shSICmar', '94_lag_atlSICjfm']","[3.7323487174459347, 0.5556543662976772, 3.2928970934512627, 8.725752268389025, 6.14034374970482, 5.052362966142443, 7.88141797652845, 5.366388215424518, 4.204953020511402, 8.03723100183587, 7.2819708238864695, 0.1802964076480471, 4.747269369800485, 3.7308651015273853, 2.0325905507497, 7.356778899666821, 8.269617677751583, 3.624807071348137, 5.95660857966533, 5.49358163229628, 0.7728265068717803, 1.7972701976403265, 4.3533534559232105, 5.9726016038117695, 0.6888351412824605, 5.943361467776482, 4.982577707508469, 4.595042953222491, 2.3811919744395738, 6.952215052257693]","93_lag_traBO, 87_lag_92_median_nppc3SSTjfm, 87_lag_92_median_stratZ50ndj01, 93_lag_gyreSSTjfm, 87_lag_89_median_nppc2SSTjfm, 87_lag_95_median_pdoSSTjfm, 87_lag_90_median_seurTSjfm, 88_lag_arcTSjfm, 87_lag_91_median_traIFC, 87_lag_93_median_traBS, 92_lag_solFORC, 87_lag_96_median_satlSSTjfm, 91_lag_atlSICsep, 87_lag_95_median_nhSICsep, 88_lag_traDP, 92_lag_traWP, 87_lag_96_median_stratZ50ndj01, 94_lag_traWP, 90_lag_ginwSSTjfm, 87_lag_96_median_samPSLann, 87_lag_92_median_mhfATL30, 87_lag_92_median_shSICmar, 90_lag_wnorPRjfm, 88_lag_mhfATL30, 87_lag_91_median_alpi, 96_lag_AMOCann, 87_lag_89_median_traDP, 91_lag_traEU, 87_lag_96_median_shSICmar, 94_lag_atlSICjfm_1235_87"
LRforcedPSO,83,30,shSICmar,slow,1797.5,2005.5,0.8,98,88,88,20.589491360930545,0.2569395833255961,1235,"['97_lag_shTSjfm', '89_lag_stratZ50ndj01', '95_lag_nchinaPRjja', '92_lag_atlSICsep', '88_lag_91_median_eurPSLjfm', '89_lag_mhfATL60', '88_lag_96_median_eapPSLjfm', '91_lag_stratZ50ndj02', '88_lag_93_median_traCA', '88_lag_90_median_stratZ50ndj01', '91_lag_stratZ50ndj03', '96_lag_mhfATL60', '88_lag_91_median_traEU', '88_lag_90_median_traBS', '88_lag_97_median_traDS', '88_lag_95_median_alpi', '91_lag_atlSICsep', '97_lag_glTSjfm', '88_lag_94_median_amoSSTmjjaso', '88_lag_amo1', '88_lag_90_median_traBO', '88_lag_96_median_tripol1', '92_lag_traIFC', '88_lag_93_median_stratZ50ndj01', '88_lag_96_median_traFSC', '96_lag_traMC', '95_lag_shSICsep', '88_lag_94_median_ensoSSTjfm', '88_lag_96_median_scpPSLjfm', '91_lag_mhfIP30']","[9.990338080001052, 2.782477719243312, 1.5087413414601247, 6.044506459745065, 7.167965083375925, 1.2282893990496397, 3.851439974103636, 1.3068537903890594, 4.238946833183428, 3.1963381035754646, 6.0110004127803265, 0.17410400552430083, 7.632103221241597, 0.7550846434543423, 7.959647480128044, 4.16185896963894, 0.15158304212203433, 0.18505238537837876, 1.828722007601936, 6.912488403238623, 6.000386098773287, 8.533744076615033, 4.51443400841633, 0.8566918222701947, 2.4803266526470535, 2.5846911584294325, 4.113232032806852, 4.343441997190474, 3.5902140720792985, 7.951150161873004]","97_lag_shTSjfm, 89_lag_stratZ50ndj01, 95_lag_nchinaPRjja, 92_lag_atlSICsep, 88_lag_91_median_eurPSLjfm, 89_lag_mhfATL60, 88_lag_96_median_eapPSLjfm, 91_lag_stratZ50ndj02, 88_lag_93_median_traCA, 88_lag_90_median_stratZ50ndj01, 91_lag_stratZ50ndj03, 96_lag_mhfATL60, 88_lag_91_median_traEU, 88_lag_90_median_traBS, 88_lag_97_median_traDS, 88_lag_95_median_alpi, 91_lag_atlSICsep, 97_lag_glTSjfm, 88_lag_94_median_amoSSTmjjaso, 88_lag_amo1, 88_lag_90_median_traBO, 88_lag_96_median_tripol1, 92_lag_traIFC, 88_lag_93_median_stratZ50ndj01, 88_lag_96_median_traFSC, 96_lag_traMC, 95_lag_shSICsep, 88_lag_94_median_ensoSSTjfm, 88_lag_96_median_scpPSLjfm, 91_lag_mhfIP30_1235_88"
LRforcedPSO,84,30,shSICmar,slow,1798.5,2005.5,0.8,99,89,89,16.474848784247403,0.038130818269297345,1235,"['89_lag_93_median_mhfIP30', '97_lag_samPSLann', '90_lag_nhSICsep', '89_lag_97_median_traBO', '89_lag_94_median_cetTSjfm', '89_lag_97_median_ensoSSTjfm', '89_lag_93_median_nppc3SSTjfm', '89_lag_95_median_nppc2SSTjfm', '89_lag_98_median_nhSICsep', '89_lag_atlSICsep', '89_lag_seurTSjfm', '90_lag_glomaSSTjfm', '89_lag_96_median_traBS', '92_lag_scpPSLjfm', '89_lag_98_median_traIT', '89_lag_95_median_shTSjfm', '91_lag_traEC', '94_lag_traTLS', '89_lag_93_median_ismPRjja', '95_lag_shSICsep', '89_lag_98_median_tripol1', '89_lag_94_median_traIFC', '89_lag_93_median_amoSSTmjjaso', '89_lag_98_median_traBS', '89_lag_95_median_tripol3', '89_lag_98_median_stratZ50ndj03', '89_lag_98_median_stratZ50ndj01', '97_lag_amo1', '95_lag_traTLS', '89_lag_94_median_tripol2']","[2.0655516992287337, 0.030978606533722086, 7.220919176094598, 1.1551499741188405, 4.158626299614381, 3.0335069866555404, 6.394888942554459, 4.856255891263075, 5.573113644098468, 7.131904593634895, 5.015614064165199, 6.166468222154076, 2.149975095122798, 3.5501129791894304, 8.728272300658496, 6.3020213110931, 6.527018683477022, 1.7826993296536227, 2.72582307792522, 4.201829307297899, 1.6431112164080162, 4.057029366318233, 5.750505737327083, 1.627250360284762, 0.2138051466207571, 0.634149962094579, 2.2464252291430125, 1.6514343837421048, 1.5087364772697534, 0.07223179774239519]","89_lag_93_median_mhfIP30, 97_lag_samPSLann, 90_lag_nhSICsep, 89_lag_97_median_traBO, 89_lag_94_median_cetTSjfm, 89_lag_97_median_ensoSSTjfm, 89_lag_93_median_nppc3SSTjfm, 89_lag_95_median_nppc2SSTjfm, 89_lag_98_median_nhSICsep, 89_lag_atlSICsep, 89_lag_seurTSjfm, 90_lag_glomaSSTjfm, 89_lag_96_median_traBS, 92_lag_scpPSLjfm, 89_lag_98_median_traIT, 89_lag_95_median_shTSjfm, 91_lag_traEC, 94_lag_traTLS, 89_lag_93_median_ismPRjja, 95_lag_shSICsep, 89_lag_98_median_tripol1, 89_lag_94_median_traIFC, 89_lag_93_median_amoSSTmjjaso, 89_lag_98_median_traBS, 89_lag_95_median_tripol3, 89_lag_98_median_stratZ50ndj03, 89_lag_98_median_stratZ50ndj01, 97_lag_amo1, 95_lag_traTLS, 89_lag_94_median_tripol2_1235_89"
LRforcedPSO,85,30,shSICmar,slow,1799.5,2005.5,0.8,100,90,90,21.568148665712666,0.44208839714310094,1235,"['91_lag_amo3', '91_lag_mhfATL45', '90_lag_97_median_yrvPRjja', '90_lag_atlSICjfm', '94_lag_nhSICsep', '90_lag_97_median_neurTSjfm', '96_lag_labSSTjfm', '98_lag_traCA', '95_lag_yrvPRjja', '90_lag_95_median_glTSjfm', '93_lag_mhfATL45', '92_lag_arcTSjfm', '95_lag_AMOCann', '90_lag_93_median_atlSICsep', '95_lag_nppc2SSTjfm', '92_lag_ginwSSTjfm', '90_lag_92_median_stratZ50ndj02', '92_lag_tripol1', '95_lag_amo1', '95_lag_atlSICsep', '90_lag_92_median_ensoSSTjfm', '96_lag_nhTSjfm', '90_lag_99_median_shTSjfm', '98_lag_seurTSjfm', '90_lag_92_median_shSICsep', '90_lag_96_median_ismPRjja', '90_lag_99_median_atlSICjfm', '90_lag_91_median_wnorPRjfm', '90_lag_98_median_wnorPRjfm', '90_lag_91_median_naoPSLjfm']","[1.593193761552886, 0.4799570608804675, 0.13847992566906164, 3.284474728286016, 0.0001854738091573438, 5.016661919211298, 0.5869842587036231, 0.7607517462008939, 5.652502956615148, 6.2596857301201645, 8.272353090949112, 0.23432981267417397, 8.876144816772056, 0.10868680244832518, 0.5971372118733331, 3.7132550403449187, 0.937818843266129, 3.6086234714634777, 0.5234541989825399, 5.9549729597101475, 2.991732249766031, 3.8812298105421945, 4.272584838897786, 4.592698078013086, 7.793314246469592, 6.589163520666201, 0.2098063403842474, 4.220360694832504, 2.8704487698758925, 8.96829770112096]","91_lag_amo3, 91_lag_mhfATL45, 90_lag_97_median_yrvPRjja, 90_lag_atlSICjfm, 94_lag_nhSICsep, 90_lag_97_median_neurTSjfm, 96_lag_labSSTjfm, 98_lag_traCA, 95_lag_yrvPRjja, 90_lag_95_median_glTSjfm, 93_lag_mhfATL45, 92_lag_arcTSjfm, 95_lag_AMOCann, 90_lag_93_median_atlSICsep, 95_lag_nppc2SSTjfm, 92_lag_ginwSSTjfm, 90_lag_92_median_stratZ50ndj02, 92_lag_tripol1, 95_lag_amo1, 95_lag_atlSICsep, 90_lag_92_median_ensoSSTjfm, 96_lag_nhTSjfm, 90_lag_99_median_shTSjfm, 98_lag_seurTSjfm, 90_lag_92_median_shSICsep, 90_lag_96_median_ismPRjja, 90_lag_99_median_atlSICjfm, 90_lag_91_median_wnorPRjfm, 90_lag_98_median_wnorPRjfm, 90_lag_91_median_naoPSLjfm_1235_90"
