model,num_irrelevant,max_allowed_features,target_feature,dataset,year_start,year_end,splitsize,max_lag,init_lag,max_forecast,mae_score,corr_score,n_total_features,selected_feature_list,feature_importances,selected_features
LRforcedPSO,0,6,cetTSjfm,picntrl,1066.5,2050.5,0.6,15,1,1,12.38287600824379,0.014773949423595115,1728,"['11_lag_atlSICjfm', '1_lag_2_median_nppc2SSTjfm', '5_lag_stratZ50ndj04', '1_lag_3_median_cetTSjfm', '12_lag_ginwSSTjfm', '1_lag_12_median_mhfIP30']","[3.2228377613490338, 0.04024446247379743, 1.9947895884188718, 4.617334402308321, 4.888332279096625, 0.8330670967423224]","11_lag_atlSICjfm, 1_lag_2_median_nppc2SSTjfm, 5_lag_stratZ50ndj04, 1_lag_3_median_cetTSjfm, 12_lag_ginwSSTjfm, 1_lag_12_median_mhfIP30_1728_1"
LRforcedPSO,1,6,cetTSjfm,picntrl,1067.5,2050.5,0.6,16,1,1,11.973068667425359,-0.013481823846684447,1856,"['1_lag_15_median_seurTSjfm', '8_lag_cetTSjfm', '7_lag_mhfIP30', '4_lag_traBS', '5_lag_eurPSLjfm', '5_lag_arcTSjfm']","[2.065714331488808, 2.240073711477217, 2.032545473121419, 1.8804476183509438, 1.8300427907738044, 2.4399888957245026]","1_lag_15_median_seurTSjfm, 8_lag_cetTSjfm, 7_lag_mhfIP30, 4_lag_traBS, 5_lag_eurPSLjfm, 5_lag_arcTSjfm_1856_1"
LRforcedPSO,2,6,cetTSjfm,picntrl,1068.5,2050.5,0.6,17,1,1,11.614457290938576,-0.07931243926751293,1984,"['6_lag_ormenSSTjfm', '1_lag_7_median_ensoSSTjfm', '8_lag_traMC', '1_lag_11_median_traTLS', '11_lag_pdoSSTjfm', '14_lag_traWP']","[1.3122892310632046, 1.2227484612546689, 1.2407685684985121, 1.3831787168765084, 1.2217905004461669, 1.2151806150823463]","6_lag_ormenSSTjfm, 1_lag_7_median_ensoSSTjfm, 8_lag_traMC, 1_lag_11_median_traTLS, 11_lag_pdoSSTjfm, 14_lag_traWP_1984_1"
LRforcedPSO,3,6,cetTSjfm,picntrl,1069.5,2050.5,0.6,18,1,1,11.40025040237416,0.013796384452363,2112,"['15_lag_stratZ50ndj03', '1_lag_12_median_nhSICsep', '1_lag_10_median_traCA', '3_lag_alpi', '1_lag_9_median_stratZ50ndj04', '2_lag_tripol2']","[1.4280798379471942, 1.0710598784611844, 1.3654839342789742, 1.140525939565443, 1.3620296783795116, 1.2731129947669348]","15_lag_stratZ50ndj03, 1_lag_12_median_nhSICsep, 1_lag_10_median_traCA, 3_lag_alpi, 1_lag_9_median_stratZ50ndj04, 2_lag_tripol2_2112_1"
LRforcedPSO,4,6,cetTSjfm,picntrl,1070.5,2050.5,0.6,19,1,1,11.20968748384485,0.07854712056928785,2240,"['7_lag_arcTSjfm', '1_lag_4_median_traFB', '18_lag_pdoSSTjfm', '1_lag_9_median_AMOCann', '1_lag_6_median_amo2', '2_lag_amoSSTmjjaso']","[1.1534142464507728, 1.2715516737462378, 1.4989961116518227, 1.478710555475767, 1.128024607984645, 1.1961814064116771]","7_lag_arcTSjfm, 1_lag_4_median_traFB, 18_lag_pdoSSTjfm, 1_lag_9_median_AMOCann, 1_lag_6_median_amo2, 2_lag_amoSSTmjjaso_2240_1"
LRforcedPSO,5,6,cetTSjfm,picntrl,1071.5,2050.5,0.6,20,1,1,11.581383790678943,0.05441327550203757,2368,"['15_lag_alpi', '1_lag_13_median_mhfATL30', '11_lag_tripol1', '1_lag_13_median_stratZ50ndj02', '1_lag_17_median_shSICmar', '1_lag_7_median_alpi']","[1.8842027676635302, 2.2718266220848893, 2.497040028718803, 1.8915525861530185, 2.02818920996988, 1.8730376151984678]","15_lag_alpi, 1_lag_13_median_mhfATL30, 11_lag_tripol1, 1_lag_13_median_stratZ50ndj02, 1_lag_17_median_shSICmar, 1_lag_7_median_alpi_2368_1"
LRforcedPSO,6,6,cetTSjfm,picntrl,1072.5,2050.5,0.6,21,1,1,12.406103125338836,-0.0034282531648802523,2496,"['8_lag_traFS', '1_lag_10_median_glomaSSTjfm', '3_lag_pdoSSTjfm', '17_lag_scpPSLjfm', '14_lag_nhSICsep', '15_lag_shSICmar']","[0.29944478225284854, 2.5626027148152275, 0.8481442508727444, 4.800793251965317, 3.338042707025128, 1.2030628927435174]","8_lag_traFS, 1_lag_10_median_glomaSSTjfm, 3_lag_pdoSSTjfm, 17_lag_scpPSLjfm, 14_lag_nhSICsep, 15_lag_shSICmar_2496_1"
LRforcedPSO,7,6,cetTSjfm,picntrl,1073.5,2050.5,0.6,22,1,1,11.42360003766561,-0.023172000550646096,2624,"['18_lag_traEC', '1_lag_21_median_traBS', '1_lag_15_median_labSSTjfm', '17_lag_gyreSSTjfm', '14_lag_glomaSSTjfm', '1_lag_10_median_traIT']","[1.730030527354876, 1.2975424121600205, 1.2975255900630678, 1.363393795058422, 1.3970622647843942, 1.3350234326329466]","18_lag_traEC, 1_lag_21_median_traBS, 1_lag_15_median_labSSTjfm, 17_lag_gyreSSTjfm, 14_lag_glomaSSTjfm, 1_lag_10_median_traIT_2624_1"
LRforcedPSO,8,6,cetTSjfm,picntrl,1074.5,2050.5,0.6,23,1,1,12.572924271503416,0.09703685549015675,2752,"['1_lag_21_median_atlSICjfm', '2_lag_ginwSSTjfm', '1_lag_22_median_traFS', '1_lag_16_median_traFSC', '1_lag_21_median_ensoSSTjfm', '1_lag_3_median_mhfATL30']","[7.950795940736417, 1.4388326004166334, 0.1407367603654368, 0.24954135915917064, 1.926584787709789, 0.9811719675519441]","1_lag_21_median_atlSICjfm, 2_lag_ginwSSTjfm, 1_lag_22_median_traFS, 1_lag_16_median_traFSC, 1_lag_21_median_ensoSSTjfm, 1_lag_3_median_mhfATL30_2752_1"
LRforcedPSO,9,6,cetTSjfm,picntrl,1075.5,2050.5,0.6,24,1,1,12.149348976392575,-0.0028821828340490087,2880,"['10_lag_ismPRjja', '3_lag_labSSTjfm', '1_lag_11_median_alpi', '12_lag_mhfIP30', '6_lag_gyreSSTjfm', '1_lag_5_median_stratZ50ndj02']","[1.304631054299909, 4.504591997312264, 1.5882670158245933, 4.6993067529715375, 0.18792267566819554, 0.679464522764361]","10_lag_ismPRjja, 3_lag_labSSTjfm, 1_lag_11_median_alpi, 12_lag_mhfIP30, 6_lag_gyreSSTjfm, 1_lag_5_median_stratZ50ndj02_2880_1"
LRforcedPSO,10,6,cetTSjfm,picntrl,1076.5,2050.5,0.6,25,1,1,11.948841581645711,0.009879132118830418,3008,"['4_lag_traFS', '5_lag_cetTSjfm', '10_lag_alpi', '1_lag_12_median_glomaSSTjfm', '21_lag_amo3', '10_lag_traFB']","[4.370232926974992, 0.17337716204942843, 1.952690227222833, 0.6125602208145349, 2.548327251100315, 0.5628028983212943]","4_lag_traFS, 5_lag_cetTSjfm, 10_lag_alpi, 1_lag_12_median_glomaSSTjfm, 21_lag_amo3, 10_lag_traFB_3008_1"
LRforcedPSO,11,6,cetTSjfm,picntrl,1077.5,2050.5,0.6,26,1,1,12.290061010458183,-0.02726300047397234,3136,"['1_lag_19_median_arcTSjfm', '14_lag_ismPRjja', '1_lag_12_median_arcTSjfm', '24_lag_mhfIP30', '1_lag_20_median_amo1', '1_lag_9_median_traDS']","[2.695056552093268, 2.316731486921327, 2.638648541481035, 3.088965305668332, 2.747739222144695, 2.4475729900839256]","1_lag_19_median_arcTSjfm, 14_lag_ismPRjja, 1_lag_12_median_arcTSjfm, 24_lag_mhfIP30, 1_lag_20_median_amo1, 1_lag_9_median_traDS_3136_1"
LRforcedPSO,12,6,cetTSjfm,picntrl,1078.5,2050.5,0.6,27,1,1,11.921790827088886,0.06556939574144743,3264,"['20_lag_traBO', '1_lag_9_median_atlSICjfm', '1_lag_12_median_amo1', '1_lag_17_median_mhfIP30', '1_lag_18_median_traFB', '1_lag_3_median_stratZ50ndj04']","[0.20262711530165056, 3.529184093826057, 4.014189376527943, 0.5187384809367366, 3.2426204956848697, 1.9312717519666656]","20_lag_traBO, 1_lag_9_median_atlSICjfm, 1_lag_12_median_amo1, 1_lag_17_median_mhfIP30, 1_lag_18_median_traFB, 1_lag_3_median_stratZ50ndj04_3264_1"
LRforcedPSO,13,6,cetTSjfm,picntrl,1079.5,2050.5,0.6,28,1,1,11.068403029964584,0.11441993117511765,3392,"['1_lag_25_median_ormenSSTjfm', '1_lag_8_median_mhfATL30', '17_lag_shSICsep', '1_lag_16_median_stratZ50ndj04', '18_lag_pdoSSTjfm', '12_lag_yrvPRjja']","[1.6045832297711342, 1.3635305711594152, 1.4951679530639805, 1.47550437692097, 1.2035184887541213, 1.3555175267327315]","1_lag_25_median_ormenSSTjfm, 1_lag_8_median_mhfATL30, 17_lag_shSICsep, 1_lag_16_median_stratZ50ndj04, 18_lag_pdoSSTjfm, 12_lag_yrvPRjja_3392_1"
LRforcedPSO,14,6,cetTSjfm,picntrl,1080.5,2050.5,0.6,29,1,1,12.230510774256512,-0.06410459350860108,3520,"['1_lag_18_median_shSICsep', '1_lag_4_median_AMOCann', '12_lag_mhfATL30', '1_lag_16_median_traEU', '20_lag_traDS', '1_lag_10_median_eapPSLjfm']","[2.0428612100541876, 0.6410350364058672, 5.113707713035254, 0.9238670424548179, 0.6323327569688431, 0.4729204012986976]","1_lag_18_median_shSICsep, 1_lag_4_median_AMOCann, 12_lag_mhfATL30, 1_lag_16_median_traEU, 20_lag_traDS, 1_lag_10_median_eapPSLjfm_3520_1"
LRforcedPSO,15,6,cetTSjfm,picntrl,1081.5,2050.5,0.6,30,1,1,12.551639385936554,-0.13338927312478893,3648,"['12_lag_traIT', '8_lag_atlSICjfm', '1_lag_3_median_traEU', '1_lag_15_median_nhSICsep', '23_lag_shSICsep', '6_lag_traFSC']","[4.277676865069356, 0.38708254802195974, 1.3575456364886769, 2.053096306906765, 2.6671055436542233, 3.218884826405235]","12_lag_traIT, 8_lag_atlSICjfm, 1_lag_3_median_traEU, 1_lag_15_median_nhSICsep, 23_lag_shSICsep, 6_lag_traFSC_3648_1"
LRforcedPSO,16,6,cetTSjfm,picntrl,1082.5,2050.5,0.6,31,1,1,11.843186370185254,0.023134332338046827,3776,"['23_lag_traMC', '19_lag_mhfATL45', '1_lag_9_median_wnorPRjfm', '1_lag_scpPSLjfm', '1_lag_19_median_nppc3SSTjfm', '12_lag_ginwSSTjfm']","[1.7951519386425616, 0.06906307684422863, 1.8684460761709722, 0.4403581969453363, 1.5536727661562892, 4.5707704023306395]","23_lag_traMC, 19_lag_mhfATL45, 1_lag_9_median_wnorPRjfm, 1_lag_scpPSLjfm, 1_lag_19_median_nppc3SSTjfm, 12_lag_ginwSSTjfm_3776_1"
LRforcedPSO,17,6,cetTSjfm,picntrl,1083.5,2050.5,0.6,32,2,2,11.70662510408645,0.11144425774220372,3776,"['23_lag_traDS', '6_lag_satlSSTjfm', '22_lag_tripol2', '2_lag_13_median_ormenSSTjfm', '2_lag_29_median_traTLS', '2_lag_18_median_pdoSSTjfm']","[3.359285636668734, 2.570093855490634, 2.6396827121827666, 3.2296848082918093, 3.0298031234535907, 2.8940496304562373]","23_lag_traDS, 6_lag_satlSSTjfm, 22_lag_tripol2, 2_lag_13_median_ormenSSTjfm, 2_lag_29_median_traTLS, 2_lag_18_median_pdoSSTjfm_3776_2"
LRforcedPSO,18,6,cetTSjfm,picntrl,1084.5,2050.5,0.6,33,3,3,11.90320182991169,0.03868101272746355,3776,"['3_lag_12_median_amo2', '14_lag_traBO', '3_lag_18_median_traMC', '20_lag_yrvPRjja', '3_lag_21_median_mhfATL45', '25_lag_cetTSjfm']","[2.746473481088823, 2.617542730154807, 2.3015047463331086, 2.1423189765357633, 2.067839427705768, 2.060245940044063]","3_lag_12_median_amo2, 14_lag_traBO, 3_lag_18_median_traMC, 20_lag_yrvPRjja, 3_lag_21_median_mhfATL45, 25_lag_cetTSjfm_3776_3"
LRforcedPSO,19,6,cetTSjfm,picntrl,1085.5,2050.5,0.6,34,4,4,11.808745912090473,0.03251912579337478,3776,"['4_lag_28_median_scpPSLjfm', '30_lag_nppc3SSTjfm', '4_lag_8_median_wnorPRjfm', '14_lag_nhSICsep', '4_lag_24_median_ormenSSTjfm', '32_lag_nhSICjfm']","[2.8484929978984823, 3.819564916910309, 0.4621649638131924, 0.8316197415050652, 0.44797955806436107, 1.3318026082633772]","4_lag_28_median_scpPSLjfm, 30_lag_nppc3SSTjfm, 4_lag_8_median_wnorPRjfm, 14_lag_nhSICsep, 4_lag_24_median_ormenSSTjfm, 32_lag_nhSICjfm_3776_4"
LRforcedPSO,20,6,cetTSjfm,picntrl,1086.5,2050.5,0.6,35,5,5,11.688614362786998,-0.035982969691088815,3776,"['5_lag_8_median_samPSLann', '5_lag_33_median_ginwSSTjfm', '5_lag_29_median_alpi', '12_lag_traFB', '5_lag_32_median_mhfATL30', '5_lag_30_median_stratZ50ndj01']","[2.225179916067031, 0.8730884125728977, 1.6608648190906017, 2.3878139077934506, 1.2892025556770026, 2.288099729267328]","5_lag_8_median_samPSLann, 5_lag_33_median_ginwSSTjfm, 5_lag_29_median_alpi, 12_lag_traFB, 5_lag_32_median_mhfATL30, 5_lag_30_median_stratZ50ndj01_3776_5"
LRforcedPSO,21,6,cetTSjfm,picntrl,1087.5,2050.5,0.6,36,6,6,11.68390884888601,0.04185680136645593,3776,"['6_lag_33_median_traEC', '6_lag_22_median_ismPRjja', '6_lag_19_median_ormenSSTjfm', '6_lag_21_median_eapPSLjfm', '6_lag_16_median_pdoSSTjfm', '35_lag_wnorPRjfm']","[1.1489062362416185, 3.1225953281862893, 2.0411623911120413, 1.1950073118708389, 1.383884725416193, 2.7435834913630615]","6_lag_33_median_traEC, 6_lag_22_median_ismPRjja, 6_lag_19_median_ormenSSTjfm, 6_lag_21_median_eapPSLjfm, 6_lag_16_median_pdoSSTjfm, 35_lag_wnorPRjfm_3776_6"
LRforcedPSO,22,6,cetTSjfm,picntrl,1088.5,2050.5,0.6,37,7,7,13.20757605474099,0.03966008679445316,3776,"['7_lag_28_median_eurPSLjfm', '7_lag_29_median_tripol2', '15_lag_neurTSjfm', '7_lag_26_median_alpi', '36_lag_pdoSSTjfm', '27_lag_amo3']","[1.8664050373254852, 3.2845391892271003, 3.159428472675444, 2.3799591879819104, 2.5657072424216985, 4.818524157911559]","7_lag_28_median_eurPSLjfm, 7_lag_29_median_tripol2, 15_lag_neurTSjfm, 7_lag_26_median_alpi, 36_lag_pdoSSTjfm, 27_lag_amo3_3776_7"
LRforcedPSO,23,6,cetTSjfm,picntrl,1089.5,2050.5,0.6,38,8,8,12.015620848180376,-0.04149321994477077,3776,"['36_lag_nchinaPRjja', '22_lag_amo1', '35_lag_satlSSTjfm', '26_lag_nchinaPRjja', '8_lag_18_median_arcTSjfm', '15_lag_stratZ50ndj01']","[1.8227219144556426, 2.43023501123645, 1.8515540249192368, 2.0134811828227477, 2.032794220299703, 2.122423069600193]","36_lag_nchinaPRjja, 22_lag_amo1, 35_lag_satlSSTjfm, 26_lag_nchinaPRjja, 8_lag_18_median_arcTSjfm, 15_lag_stratZ50ndj01_3776_8"
LRforcedPSO,24,6,cetTSjfm,picntrl,1090.5,2050.5,0.6,39,9,9,12.18301334024868,0.007507640755399923,3776,"['9_lag_33_median_nhSICsep', '9_lag_37_median_amo1', '35_lag_cetTSjfm', '9_lag_32_median_stratZ50ndj01', '9_lag_10_median_amo2', '22_lag_ormenSSTjfm']","[1.8148155342538974, 4.712233293810186, 0.37075622880325554, 1.8749802188530555, 3.2100102873702916, 2.3486445335984847]","9_lag_33_median_nhSICsep, 9_lag_37_median_amo1, 35_lag_cetTSjfm, 9_lag_32_median_stratZ50ndj01, 9_lag_10_median_amo2, 22_lag_ormenSSTjfm_3776_9"
LRforcedPSO,25,6,cetTSjfm,picntrl,1091.5,2050.5,0.6,40,10,10,11.773792271679369,0.0003008380936686938,3776,"['10_lag_27_median_wnorPRjfm', '15_lag_traTLS', '34_lag_shTSjfm', '10_lag_15_median_stratZ50ndj01', '39_lag_eapPSLjfm', '10_lag_17_median_gyreSSTjfm']","[1.9518086414662417, 4.018201246713362, 1.6755077404138206, 0.5614920709670628, 1.7307818799867398, 0.28073840119606963]","10_lag_27_median_wnorPRjfm, 15_lag_traTLS, 34_lag_shTSjfm, 10_lag_15_median_stratZ50ndj01, 39_lag_eapPSLjfm, 10_lag_17_median_gyreSSTjfm_3776_10"
LRforcedPSO,26,6,cetTSjfm,picntrl,1092.5,2050.5,0.6,41,11,15,11.672243445278108,-0.00025595971410670784,3776,"['15_lag_eapPSLjfm', '26_lag_nhSICjfm', '26_lag_glomaSSTjfm', '35_lag_satlSSTjfm', '25_lag_traDS', '27_lag_satlSSTjfm']","[1.825850680301726, 1.8279880868247653, 1.8648581954599226, 1.9005222120479675, 2.4344627549494215, 2.1046091481542]","15_lag_eapPSLjfm, 26_lag_nhSICjfm, 26_lag_glomaSSTjfm, 35_lag_satlSSTjfm, 25_lag_traDS, 27_lag_satlSSTjfm_3776_15"
LRforcedPSO,27,6,cetTSjfm,picntrl,1093.5,2050.5,0.6,42,12,17,13.06523208563307,-0.05643511266061284,3776,"['17_lag_nhTSjfm', '35_lag_ensoSSTjfm', '25_lag_mhfIP30', '31_lag_nhSICjfm', '27_lag_alpi', '19_lag_nchinaPRjja']","[3.6314230488988875, 5.400417351283247, 0.5004372707944214, 3.7675700739987716, 2.337926429515738, 0.7078134039297979]","17_lag_nhTSjfm, 35_lag_ensoSSTjfm, 25_lag_mhfIP30, 31_lag_nhSICjfm, 27_lag_alpi, 19_lag_nchinaPRjja_3776_17"
LRforcedPSO,28,6,cetTSjfm,picntrl,1094.5,2050.5,0.6,43,13,13,12.865035908526558,0.02637808981895175,3776,"['13_lag_31_median_satlSSTjfm', '28_lag_stratZ50ndj01', '13_lag_22_median_ismPRjja', '31_lag_naoPSLjfm', '17_lag_eurPSLjfm', '38_lag_stratZ50ndj01']","[4.0387744469995255, 3.2849208290240757, 3.0174337838803833, 3.034477843455898, 1.4887529656310612, 1.064387231872601]","13_lag_31_median_satlSSTjfm, 28_lag_stratZ50ndj01, 13_lag_22_median_ismPRjja, 31_lag_naoPSLjfm, 17_lag_eurPSLjfm, 38_lag_stratZ50ndj01_3776_13"
LRforcedPSO,29,6,cetTSjfm,picntrl,1095.5,2050.5,0.6,44,14,14,12.768146712703508,-0.06154999286039539,3776,"['42_lag_shTSjfm', '14_lag_18_median_amoSSTmjjaso', '41_lag_traFB', '19_lag_glomaSSTjfm', '22_lag_shTSjfm', '14_lag_35_median_traDP']","[4.9562235660015865, 4.2465221624298515, 0.09314950581146064, 0.7102211757503696, 3.9196425929191285, 2.2330467876986333]","42_lag_shTSjfm, 14_lag_18_median_amoSSTmjjaso, 41_lag_traFB, 19_lag_glomaSSTjfm, 22_lag_shTSjfm, 14_lag_35_median_traDP_3776_14"
LRforcedPSO,30,6,cetTSjfm,picntrl,1096.5,2050.5,0.6,45,15,15,11.719336881178153,0.0038257674285097523,3776,"['16_lag_arcTSjfm', '32_lag_shTSjfm', '15_lag_19_median_traTLS', '15_lag_18_median_stratZ50ndj02', '15_lag_23_median_glTSjfm', '15_lag_44_median_traBS']","[1.7642311931117785, 2.2117247971077223, 1.6595951495034416, 1.6588081750399495, 2.2050828845824486, 2.103015886707082]","16_lag_arcTSjfm, 32_lag_shTSjfm, 15_lag_19_median_traTLS, 15_lag_18_median_stratZ50ndj02, 15_lag_23_median_glTSjfm, 15_lag_44_median_traBS_3776_15"
LRforcedPSO,31,6,cetTSjfm,picntrl,1097.5,2050.5,0.6,46,16,16,12.683241563334771,-0.03784464785856283,3776,"['20_lag_shSICsep', '16_lag_26_median_nhSICsep', '23_lag_tripol3', '16_lag_24_median_stratZ50ndj03', '16_lag_43_median_amo3', '27_lag_traCA']","[2.6859513940863566, 0.8863570909104386, 0.18612429456475255, 2.5497003001597314, 5.596301598944615, 1.075298820146708]","20_lag_shSICsep, 16_lag_26_median_nhSICsep, 23_lag_tripol3, 16_lag_24_median_stratZ50ndj03, 16_lag_43_median_amo3, 27_lag_traCA_3776_16"
LRforcedPSO,32,6,cetTSjfm,picntrl,1098.5,2050.5,0.6,47,17,17,12.048271426612558,-0.07584586395248344,3776,"['40_lag_AMOCann', '30_lag_seurTSjfm', '42_lag_traIFC', '17_lag_19_median_stratZ50ndj01', '24_lag_stratZ50ndj02', '38_lag_traDS']","[1.9120406213997894, 1.9120414776750754, 2.1107375212718993, 1.9131417949244387, 1.9120397885113087, 2.549386350125735]","40_lag_AMOCann, 30_lag_seurTSjfm, 42_lag_traIFC, 17_lag_19_median_stratZ50ndj01, 24_lag_stratZ50ndj02, 38_lag_traDS_3776_17"
LRforcedPSO,33,6,cetTSjfm,picntrl,1099.5,2050.5,0.6,48,18,18,11.326197891855692,0.07811860852046186,3776,"['36_lag_traDP', '46_lag_ensoSSTjfm', '18_lag_46_median_amo3', '45_lag_traIT', '18_lag_31_median_neurTSjfm', '28_lag_AMOCann']","[1.0300773079221166, 2.420062455409697, 3.1111056884351544, 0.774012974186931, 1.436649497620584, 1.6511069840764048]","36_lag_traDP, 46_lag_ensoSSTjfm, 18_lag_46_median_amo3, 45_lag_traIT, 18_lag_31_median_neurTSjfm, 28_lag_AMOCann_3776_18"
LRforcedPSO,34,6,cetTSjfm,picntrl,1100.5,2050.5,0.6,49,19,19,11.468785376678554,-0.017818505212239016,3776,"['19_lag_43_median_traIFC', '19_lag_41_median_traEU', '19_lag_30_median_mhfIP30', '42_lag_tripol2', '19_lag_28_median_stratZ50ndj01', '26_lag_nhSICsep']","[1.8863545934526786, 1.9179675543228933, 1.6450895021112744, 1.709523438865594, 1.5653780656192335, 2.084373510775547]","19_lag_43_median_traIFC, 19_lag_41_median_traEU, 19_lag_30_median_mhfIP30, 42_lag_tripol2, 19_lag_28_median_stratZ50ndj01, 26_lag_nhSICsep_3776_19"
LRforcedPSO,35,6,cetTSjfm,picntrl,1101.5,2050.5,0.6,50,20,20,12.157512628285586,0.0029459866591029045,3776,"['20_lag_43_median_seurTSjfm', '20_lag_36_median_amo3', '20_lag_29_median_arcTSjfm', '39_lag_atlSICsep', '20_lag_29_median_nppc3SSTjfm', '20_lag_40_median_wnorPRjfm']","[1.9395022166402593, 1.938211022316305, 2.4670249525273213, 2.329430917814599, 2.5836248941920497, 2.376457315578038]","20_lag_43_median_seurTSjfm, 20_lag_36_median_amo3, 20_lag_29_median_arcTSjfm, 39_lag_atlSICsep, 20_lag_29_median_nppc3SSTjfm, 20_lag_40_median_wnorPRjfm_3776_20"
LRforcedPSO,36,6,cetTSjfm,picntrl,1102.5,2050.5,0.6,51,21,21,11.802120500644927,0.012216355165486957,3776,"['39_lag_traIFC', '21_lag_25_median_alpi', '27_lag_mhfATL30', '21_lag_50_median_stratZ50ndj02', '21_lag_48_median_stratZ50ndj02', '22_lag_seurTSjfm']","[0.7220311715387098, 0.5137697196658682, 2.415904487326415, 2.5927579341638367, 1.281740413774635, 4.940207442502771]","39_lag_traIFC, 21_lag_25_median_alpi, 27_lag_mhfATL30, 21_lag_50_median_stratZ50ndj02, 21_lag_48_median_stratZ50ndj02, 22_lag_seurTSjfm_3776_21"
LRforcedPSO,37,6,cetTSjfm,picntrl,1103.5,2050.5,0.6,52,22,22,11.782222817638786,-0.008367451343800215,3776,"['22_lag_36_median_cetTSjfm', '43_lag_atlSICsep', '22_lag_29_median_nhSICsep', '22_lag_43_median_shTSjfm', '22_lag_51_median_AMOCann', '27_lag_shSICsep']","[1.8266468041149369, 2.246844865005243, 1.9892792066522818, 1.6921565890123904, 2.138432871682975, 1.6851374289238115]","22_lag_36_median_cetTSjfm, 43_lag_atlSICsep, 22_lag_29_median_nhSICsep, 22_lag_43_median_shTSjfm, 22_lag_51_median_AMOCann, 27_lag_shSICsep_3776_22"
LRforcedPSO,38,6,cetTSjfm,picntrl,1104.5,2050.5,0.6,53,23,23,11.403463071148659,-0.03631107782429462,3776,"['23_lag_50_median_shSICmar', '30_lag_tripol2', '23_lag_38_median_traDP', '44_lag_tripol3', '39_lag_amo3', '23_lag_32_median_nhSICjfm']","[1.322408920519557, 1.6466242516810337, 1.430498457503211, 1.306130795310527, 1.4445441274672872, 1.7290398585488693]","23_lag_50_median_shSICmar, 30_lag_tripol2, 23_lag_38_median_traDP, 44_lag_tripol3, 39_lag_amo3, 23_lag_32_median_nhSICjfm_3776_23"
LRforcedPSO,39,6,cetTSjfm,picntrl,1105.5,2050.5,0.6,54,24,24,11.219661599304098,0.026076520134385692,3776,"['33_lag_stratZ50ndj02', '53_lag_shSICsep', '44_lag_AMOCann', '45_lag_traBO', '24_lag_48_median_seurTSjfm', '25_lag_glomaSSTjfm']","[0.8977533489362219, 0.8640778449533653, 0.6735054777209127, 0.73481318706017, 0.7862493277916067, 0.6740860216474518]","33_lag_stratZ50ndj02, 53_lag_shSICsep, 44_lag_AMOCann, 45_lag_traBO, 24_lag_48_median_seurTSjfm, 25_lag_glomaSSTjfm_3776_24"
LRforcedPSO,40,6,cetTSjfm,picntrl,1106.5,2050.5,0.6,55,25,25,12.545352240256246,0.04969336499154353,3776,"['25_lag_33_median_labSSTjfm', '28_lag_mhfATL60', '38_lag_neurTSjfm', '25_lag_35_median_alpi', '53_lag_mhfATL45', '25_lag_34_median_traFS']","[5.3687697741538525, 3.4041198711329006, 1.4624398703938795, 1.7695133667570815, 1.0799717523284933, 5.389891853650317]","25_lag_33_median_labSSTjfm, 28_lag_mhfATL60, 38_lag_neurTSjfm, 25_lag_35_median_alpi, 53_lag_mhfATL45, 25_lag_34_median_traFS_3776_25"
LRforcedPSO,41,6,cetTSjfm,picntrl,1107.5,2050.5,0.6,56,26,26,10.928026920970026,0.1029130753099118,3776,"['26_lag_55_median_stratZ50ndj01', '38_lag_arcTSjfm', '39_lag_stratZ50ndj04', '47_lag_traMC', '44_lag_atlSICjfm', '26_lag_30_median_glomaSSTjfm']","[1.9482145908334851, 1.5726546632484033, 1.9478179079742433, 1.5089414254240514, 1.4623312542410727, 1.491765776770051]","26_lag_55_median_stratZ50ndj01, 38_lag_arcTSjfm, 39_lag_stratZ50ndj04, 47_lag_traMC, 44_lag_atlSICjfm, 26_lag_30_median_glomaSSTjfm_3776_26"
LRforcedPSO,42,6,cetTSjfm,picntrl,1108.5,2050.5,0.6,57,27,27,13.200042274280959,-0.015677826155553316,3776,"['31_lag_ismPRjja', '50_lag_alpi', '27_lag_43_median_glomaSSTjfm', '27_lag_28_median_yrvPRjja', '51_lag_traMC', '43_lag_traWP']","[2.6293967631225694, 1.4320613311474855, 4.520008980439702, 0.7710155596392081, 1.3577413252431914, 3.4284492057765696]","31_lag_ismPRjja, 50_lag_alpi, 27_lag_43_median_glomaSSTjfm, 27_lag_28_median_yrvPRjja, 51_lag_traMC, 43_lag_traWP_3776_27"
LRforcedPSO,43,6,cetTSjfm,picntrl,1109.5,2050.5,0.6,58,28,28,12.115357483137362,-0.007651008401606162,3776,"['28_lag_40_median_traWP', '54_lag_ismPRjja', '49_lag_ismPRjja', '45_lag_traEC', '43_lag_eurPSLjfm', '28_lag_36_median_nchinaPRjja']","[0.12458042242261591, 1.3274332325961815, 2.495352546214818, 1.8660576310720778, 3.7668478966158574, 3.8341247207150086]","28_lag_40_median_traWP, 54_lag_ismPRjja, 49_lag_ismPRjja, 45_lag_traEC, 43_lag_eurPSLjfm, 28_lag_36_median_nchinaPRjja_3776_28"
LRforcedPSO,44,6,cetTSjfm,picntrl,1110.5,2050.5,0.6,59,29,29,12.469874794028954,0.03292800185988127,3776,"['42_lag_traEU', '38_lag_nhTSjfm', '29_lag_30_median_gyreSSTjfm', '29_lag_43_median_mhfIP30', '55_lag_traBS', '39_lag_traFSC']","[5.091765676156821, 5.40488891250265, 1.3526203826775003, 2.2137932121466086, 0.5269990040323833, 2.9135082398189365]","42_lag_traEU, 38_lag_nhTSjfm, 29_lag_30_median_gyreSSTjfm, 29_lag_43_median_mhfIP30, 55_lag_traBS, 39_lag_traFSC_3776_29"
LRforcedPSO,45,6,cetTSjfm,picntrl,1111.5,2050.5,0.6,60,30,30,12.877153804541868,-0.05604351253473536,3776,"['40_lag_amo1', '54_lag_nhSICjfm', '36_lag_shSICmar', '40_lag_naoPSLjfm', '30_lag_34_median_cetTSjfm', '30_lag_37_median_satlSSTjfm']","[2.7041985607374173, 2.4852162708875816, 3.208977129553031, 2.5171308773557812, 2.407857301468064, 2.8980058283849846]","40_lag_amo1, 54_lag_nhSICjfm, 36_lag_shSICmar, 40_lag_naoPSLjfm, 30_lag_34_median_cetTSjfm, 30_lag_37_median_satlSSTjfm_3776_30"
LRforcedPSO,46,6,cetTSjfm,picntrl,1112.5,2050.5,0.6,61,31,31,13.068376288861295,0.015530399566008045,3776,"['31_lag_57_median_shSICsep', '40_lag_traFS', '60_lag_nhSICsep', '31_lag_49_median_ensoSSTjfm', '31_lag_60_median_traCA', '31_lag_42_median_naoPSLjfm']","[0.25733102940152186, 1.54125443924152, 3.8208973586196784, 0.5732922882558569, 1.2792960587190159, 6.241449887081368]","31_lag_57_median_shSICsep, 40_lag_traFS, 60_lag_nhSICsep, 31_lag_49_median_ensoSSTjfm, 31_lag_60_median_traCA, 31_lag_42_median_naoPSLjfm_3776_31"
LRforcedPSO,47,6,cetTSjfm,picntrl,1113.5,2050.5,0.6,62,32,32,12.415763254213376,-0.028468059904243035,3776,"['32_lag_60_median_wnorPRjfm', '48_lag_arcTSjfm', '55_lag_shSICsep', '39_lag_eapPSLjfm', '32_lag_53_median_amoSSTmjjaso', '32_lag_49_median_traWP']","[4.9907375582731905, 1.65639436799621, 2.9492842695357595, 1.3432903130235836, 3.418309910225174, 1.6730742580263183]","32_lag_60_median_wnorPRjfm, 48_lag_arcTSjfm, 55_lag_shSICsep, 39_lag_eapPSLjfm, 32_lag_53_median_amoSSTmjjaso, 32_lag_49_median_traWP_3776_32"
LRforcedPSO,48,6,cetTSjfm,picntrl,1114.5,2050.5,0.6,63,33,33,11.702578462674229,0.011350359002042796,3776,"['33_lag_49_median_atlSICjfm', '33_lag_44_median_wnorPRjfm', '33_lag_41_median_traTLS', '33_lag_53_median_amoSSTmjjaso', '33_lag_60_median_traFS', '33_lag_41_median_amoSSTmjjaso']","[0.09154601990331734, 2.2865541212416822, 1.9157204414041136, 0.7663717905358531, 2.862772299918838, 1.113560174703812]","33_lag_49_median_atlSICjfm, 33_lag_44_median_wnorPRjfm, 33_lag_41_median_traTLS, 33_lag_53_median_amoSSTmjjaso, 33_lag_60_median_traFS, 33_lag_41_median_amoSSTmjjaso_3776_33"
LRforcedPSO,49,6,cetTSjfm,picntrl,1115.5,2050.5,0.6,64,34,34,12.725668530253722,-0.045733735571640934,3776,"['34_lag_47_median_arcTSjfm', '34_lag_46_median_AMOCann', '53_lag_stratZ50ndj04', '34_lag_54_median_traEC', '34_lag_62_median_ginwSSTjfm', '34_lag_51_median_atlSICjfm']","[3.4821174719123213, 1.9413928417296962, 3.8795361245452, 0.03231658384848046, 6.102141383267052, 1.181889589518434]","34_lag_47_median_arcTSjfm, 34_lag_46_median_AMOCann, 53_lag_stratZ50ndj04, 34_lag_54_median_traEC, 34_lag_62_median_ginwSSTjfm, 34_lag_51_median_atlSICjfm_3776_34"
LRforcedPSO,50,6,cetTSjfm,picntrl,1116.5,2050.5,0.6,65,35,35,13.39605366285361,-0.064168239694389,3776,"['46_lag_shSICmar', '58_lag_stratZ50ndj01', '35_lag_62_median_amo3', '41_lag_nppc3SSTjfm', '53_lag_stratZ50ndj01', '35_lag_43_median_shSICmar']","[0.004208721397347404, 4.208923030704273, 3.665766586005404, 4.282443436072878, 1.172347846465156, 4.547619514635732]","46_lag_shSICmar, 58_lag_stratZ50ndj01, 35_lag_62_median_amo3, 41_lag_nppc3SSTjfm, 53_lag_stratZ50ndj01, 35_lag_43_median_shSICmar_3776_35"
LRforcedPSO,51,6,cetTSjfm,picntrl,1117.5,2050.5,0.6,66,36,36,12.590748510891563,-0.06587144181554992,3776,"['36_lag_51_median_satlSSTjfm', '36_lag_46_median_atlSICjfm', '36_lag_64_median_traFSC', '36_lag_55_median_traFSC', '43_lag_labSSTjfm', '36_lag_62_median_atlSICjfm']","[1.5232447952145112, 5.193971989353889, 0.8402458354761517, 0.27271597486921983, 1.0545326111608553, 6.945619569289729]","36_lag_51_median_satlSSTjfm, 36_lag_46_median_atlSICjfm, 36_lag_64_median_traFSC, 36_lag_55_median_traFSC, 43_lag_labSSTjfm, 36_lag_62_median_atlSICjfm_3776_36"
LRforcedPSO,52,6,cetTSjfm,picntrl,1118.5,2050.5,0.6,67,37,37,11.310186229944902,0.036371558262716784,3776,"['37_lag_50_median_amo3', '37_lag_63_median_traDS', '37_lag_40_median_atlSICjfm', '37_lag_40_median_tripol3', '51_lag_labSSTjfm', '60_lag_naoPSLjfm']","[1.3008273318769592, 1.7340746960669597, 1.3183773193412993, 1.300556758159129, 1.3005571133496494, 1.3005565001457555]","37_lag_50_median_amo3, 37_lag_63_median_traDS, 37_lag_40_median_atlSICjfm, 37_lag_40_median_tripol3, 51_lag_labSSTjfm, 60_lag_naoPSLjfm_3776_37"
LRforcedPSO,53,6,cetTSjfm,picntrl,1119.5,2050.5,0.6,68,38,38,11.609514880706923,0.011548890596084146,3776,"['62_lag_shSICmar', '38_lag_48_median_shTSjfm', '38_lag_51_median_cetTSjfm', '58_lag_AMOCann', '44_lag_nhSICsep', '38_lag_39_median_seurTSjfm']","[1.6916392527459647, 1.734124611754783, 2.216459660708234, 1.8009212743348837, 2.224902854981208, 1.7031646308741064]","62_lag_shSICmar, 38_lag_48_median_shTSjfm, 38_lag_51_median_cetTSjfm, 58_lag_AMOCann, 44_lag_nhSICsep, 38_lag_39_median_seurTSjfm_3776_38"
LRforcedPSO,54,6,cetTSjfm,picntrl,1120.5,2050.5,0.6,69,39,39,11.817597195945748,-0.017987063078152066,3776,"['46_lag_stratZ50ndj04', '39_lag_60_median_alpi', '46_lag_eapPSLjfm', '39_lag_43_median_mhfATL30', '41_lag_nhSICjfm', '39_lag_50_median_traBO']","[0.49508022985598643, 1.388796526130097, 2.4420409534046765, 2.264288859106756, 2.5400030625492516, 1.4894087575362942]","46_lag_stratZ50ndj04, 39_lag_60_median_alpi, 46_lag_eapPSLjfm, 39_lag_43_median_mhfATL30, 41_lag_nhSICjfm, 39_lag_50_median_traBO_3776_39"
LRforcedPSO,55,6,cetTSjfm,picntrl,1121.5,2050.5,0.6,70,40,40,12.775251932144867,-0.07204797400656912,3776,"['40_lag_52_median_traEU', '44_lag_ormenSSTjfm', '49_lag_gyreSSTjfm', '40_lag_49_median_scpPSLjfm', '51_lag_traTLS', '40_lag_44_median_stratZ50ndj04']","[2.354706293084709, 3.0255282945101394, 2.280757493122375, 2.9692287082378637, 2.576963667581234, 3.0058512186188797]","40_lag_52_median_traEU, 44_lag_ormenSSTjfm, 49_lag_gyreSSTjfm, 40_lag_49_median_scpPSLjfm, 51_lag_traTLS, 40_lag_44_median_stratZ50ndj04_3776_40"
LRforcedPSO,56,6,cetTSjfm,picntrl,1122.5,2050.5,0.6,71,41,41,13.224467925704522,-0.028911513626705444,3776,"['41_lag_48_median_tripol3', '57_lag_traDP', '41_lag_43_median_mhfIP30', '65_lag_traTLS', '58_lag_atlSICsep', '41_lag_46_median_AMOCann']","[3.422841235331953, 4.071707830146423, 0.5687058346157698, 0.03058666025000001, 1.7670032940065443, 0.11376960134305847]","41_lag_48_median_tripol3, 57_lag_traDP, 41_lag_43_median_mhfIP30, 65_lag_traTLS, 58_lag_atlSICsep, 41_lag_46_median_AMOCann_3776_41"
LRforcedPSO,57,6,cetTSjfm,picntrl,1123.5,2050.5,0.6,72,42,42,12.270212763937176,-0.03623002467640885,3776,"['56_lag_traDP', '42_lag_57_median_atlSICsep', '64_lag_traDP', '42_lag_58_median_nhTSjfm', '42_lag_70_median_ismPRjja', '42_lag_49_median_ormenSSTjfm']","[4.120902398937542, 1.6748685824328646, 3.755057149258585, 1.2233945217421134, 3.3354335885242143, 4.179625190687759]","56_lag_traDP, 42_lag_57_median_atlSICsep, 64_lag_traDP, 42_lag_58_median_nhTSjfm, 42_lag_70_median_ismPRjja, 42_lag_49_median_ormenSSTjfm_3776_42"
LRforcedPSO,58,6,cetTSjfm,picntrl,1124.5,2050.5,0.6,73,43,43,13.94388763905029,0.008674474656221854,3776,"['49_lag_amo3', '43_lag_naoPSLjfm', '72_lag_stratZ50ndj01', '43_lag_58_median_stratZ50ndj04', '43_lag_61_median_traWP', '43_lag_59_median_satlSSTjfm']","[1.2041510327153198, 1.8833255255258248, 6.745094877760014, 2.021160300046642, 0.9655184073071261, 5.475338688676866]","49_lag_amo3, 43_lag_naoPSLjfm, 72_lag_stratZ50ndj01, 43_lag_58_median_stratZ50ndj04, 43_lag_61_median_traWP, 43_lag_59_median_satlSSTjfm_3776_43"
LRforcedPSO,59,6,cetTSjfm,picntrl,1125.5,2050.5,0.6,74,44,44,12.016647055914614,0.01721920409075519,3776,"['44_lag_48_median_stratZ50ndj03', '70_lag_seurTSjfm', '49_lag_tripol3', '44_lag_72_median_atlSICsep', '73_lag_shSICsep', '68_lag_traIT']","[2.6301658225149147, 1.0234105807016984, 1.5398611572872234, 2.822645976823292, 2.8253253174060067, 2.2324508333755873]","44_lag_48_median_stratZ50ndj03, 70_lag_seurTSjfm, 49_lag_tripol3, 44_lag_72_median_atlSICsep, 73_lag_shSICsep, 68_lag_traIT_3776_44"
LRforcedPSO,60,6,cetTSjfm,picntrl,1126.5,2050.5,0.6,75,45,45,12.51124735814759,-0.05061963079056275,3776,"['51_lag_traEC', '51_lag_AMOCann', '49_lag_seurTSjfm', '45_lag_65_median_yrvPRjja', '45_lag_49_median_glTSjfm', '45_lag_72_median_atlSICjfm']","[0.6222396555213283, 4.541397003820231, 1.7157657545478937, 2.9604944080671576, 3.7478342566884155, 0.47829806834200994]","51_lag_traEC, 51_lag_AMOCann, 49_lag_seurTSjfm, 45_lag_65_median_yrvPRjja, 45_lag_49_median_glTSjfm, 45_lag_72_median_atlSICjfm_3776_45"
LRforcedPSO,61,6,cetTSjfm,picntrl,1127.5,2050.5,0.6,76,46,51,12.298367626920935,0.009438041004625787,3776,"['51_lag_ormenSSTjfm', '66_lag_nhTSjfm', '62_lag_scpPSLjfm', '70_lag_mhfATL45', '71_lag_stratZ50ndj03', '70_lag_gyreSSTjfm']","[0.08699214433757163, 4.731418878780187, 1.0253422614275074, 2.0133553146534062, 1.3684030735242896, 4.977320965907246]","51_lag_ormenSSTjfm, 66_lag_nhTSjfm, 62_lag_scpPSLjfm, 70_lag_mhfATL45, 71_lag_stratZ50ndj03, 70_lag_gyreSSTjfm_3776_51"
LRforcedPSO,62,6,cetTSjfm,picntrl,1128.5,2050.5,0.6,77,47,47,12.040579804013738,-0.05201532395409288,3776,"['47_lag_66_median_nhSICsep', '47_lag_58_median_wnorPRjfm', '54_lag_mhfATL30', '62_lag_nhTSjfm', '47_lag_58_median_shTSjfm', '47_lag_58_median_labSSTjfm']","[1.974373199326021, 2.196666000167593, 1.7973746953854277, 2.2503325745494043, 2.1170299167620055, 2.3961956426044666]","47_lag_66_median_nhSICsep, 47_lag_58_median_wnorPRjfm, 54_lag_mhfATL30, 62_lag_nhTSjfm, 47_lag_58_median_shTSjfm, 47_lag_58_median_labSSTjfm_3776_47"
LRforcedPSO,63,6,cetTSjfm,picntrl,1129.5,2050.5,0.6,78,48,48,11.948831303446456,0.0013595634114973885,3776,"['48_lag_52_median_AMOCann', '65_lag_labSSTjfm', '48_lag_67_median_gyreSSTjfm', '48_lag_69_median_traFB', '57_lag_eurPSLjfm', '48_lag_68_median_wnorPRjfm']","[2.2093658242391783, 1.4332861062390414, 2.737848883924981, 4.385658232503705, 2.4350486995052893, 3.106496078885481]","48_lag_52_median_AMOCann, 65_lag_labSSTjfm, 48_lag_67_median_gyreSSTjfm, 48_lag_69_median_traFB, 57_lag_eurPSLjfm, 48_lag_68_median_wnorPRjfm_3776_48"
LRforcedPSO,64,6,cetTSjfm,picntrl,1130.5,2050.5,0.6,79,49,49,12.149512213406792,0.0357614156620546,3776,"['62_lag_traCA', '49_lag_68_median_ginwSSTjfm', '49_lag_50_median_cetTSjfm', '74_lag_stratZ50ndj03', '56_lag_shSICsep', '49_lag_74_median_traFS']","[2.604552899801219, 2.3541450660891408, 2.1990112539971296, 2.446300492549131, 2.458747059581492, 2.1904802662852245]","62_lag_traCA, 49_lag_68_median_ginwSSTjfm, 49_lag_50_median_cetTSjfm, 74_lag_stratZ50ndj03, 56_lag_shSICsep, 49_lag_74_median_traFS_3776_49"
LRforcedPSO,65,6,cetTSjfm,picntrl,1131.5,2050.5,0.6,80,50,50,11.148925551731134,0.04429259715441354,3776,"['77_lag_traEC', '50_lag_58_median_gyreSSTjfm', '50_lag_59_median_satlSSTjfm', '61_lag_traFS', '64_lag_eapPSLjfm', '60_lag_seurTSjfm']","[2.5326913517349414, 0.4967568170509047, 0.8691116917608106, 0.9756699382805252, 1.5604499669773055, 0.7352668919510918]","77_lag_traEC, 50_lag_58_median_gyreSSTjfm, 50_lag_59_median_satlSSTjfm, 61_lag_traFS, 64_lag_eapPSLjfm, 60_lag_seurTSjfm_3776_50"
LRforcedPSO,66,6,cetTSjfm,picntrl,1132.5,2050.5,0.6,81,51,51,11.686366788450105,0.06673545942885399,3776,"['74_lag_samPSLann', '65_lag_nchinaPRjja', '69_lag_mhfATL60', '74_lag_traEC', '51_lag_57_median_traMC', '51_lag_74_median_mhfATL60']","[0.17696260480974146, 3.035085906122184, 2.4930396282283773, 3.6318458600334207, 2.962870313834882, 0.7841600404018116]","74_lag_samPSLann, 65_lag_nchinaPRjja, 69_lag_mhfATL60, 74_lag_traEC, 51_lag_57_median_traMC, 51_lag_74_median_mhfATL60_3776_51"
LRforcedPSO,67,6,cetTSjfm,picntrl,1133.5,2050.5,0.6,82,52,52,11.254322753524756,0.040360883347817005,3776,"['52_lag_AMOCann', '78_lag_naoPSLjfm', '52_lag_71_median_stratZ50ndj03', '56_lag_ismPRjja', '65_lag_amoSSTmjjaso', '61_lag_traEU']","[1.5417665132857366, 2.5603964860465194, 0.016623773848245094, 0.7273516068374377, 2.1067737864841636, 0.8259591386300222]","52_lag_AMOCann, 78_lag_naoPSLjfm, 52_lag_71_median_stratZ50ndj03, 56_lag_ismPRjja, 65_lag_amoSSTmjjaso, 61_lag_traEU_3776_52"
LRforcedPSO,68,6,cetTSjfm,picntrl,1134.5,2050.5,0.6,83,53,53,11.829698052201588,0.014984234517893769,3776,"['53_lag_61_median_alpi', '53_lag_57_median_traDS', '74_lag_shSICsep', '81_lag_mhfATL60', '64_lag_nhSICjfm', '53_lag_55_median_alpi']","[1.0286653829818508, 1.4958547707858845, 1.4510698558466437, 2.0025123053123384, 1.6423581165693655, 3.4410327620964605]","53_lag_61_median_alpi, 53_lag_57_median_traDS, 74_lag_shSICsep, 81_lag_mhfATL60, 64_lag_nhSICjfm, 53_lag_55_median_alpi_3776_53"
LRforcedPSO,69,6,cetTSjfm,picntrl,1135.5,2050.5,0.6,84,54,54,12.198645984046701,0.02529145045591238,3776,"['77_lag_wnorPRjfm', '54_lag_69_median_ensoSSTjfm', '54_lag_67_median_stratZ50ndj02', '79_lag_traFS', '54_lag_67_median_satlSSTjfm', '71_lag_traMC']","[4.044399625729557, 1.088094334883852, 0.787353636881015, 2.2105256903292307, 0.7966340241475649, 4.310317517476603]","77_lag_wnorPRjfm, 54_lag_69_median_ensoSSTjfm, 54_lag_67_median_stratZ50ndj02, 79_lag_traFS, 54_lag_67_median_satlSSTjfm, 71_lag_traMC_3776_54"
LRforcedPSO,70,6,cetTSjfm,picntrl,1136.5,2050.5,0.6,85,55,55,13.019877135941954,0.034261199657300845,3776,"['77_lag_traBS', '74_lag_arcTSjfm', '69_lag_traFS', '56_lag_nhSICjfm', '55_lag_73_median_eapPSLjfm', '75_lag_traIFC']","[1.0135774555387158, 1.758181922445484, 2.2746626726602637, 4.265822477578764, 1.6473876177775573, 7.669810374945241]","77_lag_traBS, 74_lag_arcTSjfm, 69_lag_traFS, 56_lag_nhSICjfm, 55_lag_73_median_eapPSLjfm, 75_lag_traIFC_3776_55"
LRforcedPSO,71,6,cetTSjfm,picntrl,1137.5,2050.5,0.6,86,56,56,11.793560633706786,0.08666759685951704,3776,"['76_lag_traBO', '56_lag_61_median_traFS', '56_lag_76_median_nppc2SSTjfm', '56_lag_84_median_ormenSSTjfm', '82_lag_stratZ50ndj02', '56_lag_68_median_shSICsep']","[1.781281113835292, 2.372992830184302, 2.28531270338938, 2.3239810407062698, 1.9362900576637538, 2.32203769925245]","76_lag_traBO, 56_lag_61_median_traFS, 56_lag_76_median_nppc2SSTjfm, 56_lag_84_median_ormenSSTjfm, 82_lag_stratZ50ndj02, 56_lag_68_median_shSICsep_3776_56"
LRforcedPSO,72,6,cetTSjfm,picntrl,1138.5,2050.5,0.6,87,57,57,12.23515508693395,-0.1377789811738127,3776,"['81_lag_AMOCann', '68_lag_nhTSjfm', '57_lag_71_median_mhfATL30', '57_lag_86_median_seurTSjfm', '86_lag_AMOCann', '71_lag_atlSICjfm']","[2.186156827415837, 1.640111819722771, 1.7022354779034545, 1.6396176205847737, 1.640739409745458, 1.63962311852353]","81_lag_AMOCann, 68_lag_nhTSjfm, 57_lag_71_median_mhfATL30, 57_lag_86_median_seurTSjfm, 86_lag_AMOCann, 71_lag_atlSICjfm_3776_57"
LRforcedPSO,73,6,cetTSjfm,picntrl,1139.5,2050.5,0.6,88,58,58,11.45195697776441,0.1639718464725893,3776,"['58_lag_AMOCann', '62_lag_shSICsep', '58_lag_65_median_cetTSjfm', '63_lag_traBS', '58_lag_62_median_amoSSTmjjaso', '76_lag_gyreSSTjfm']","[2.9280566344907477, 1.6565631909862404, 1.2249611313879694, 4.830725661580959, 1.8598098653522293, 1.4761940970357976]","58_lag_AMOCann, 62_lag_shSICsep, 58_lag_65_median_cetTSjfm, 63_lag_traBS, 58_lag_62_median_amoSSTmjjaso, 76_lag_gyreSSTjfm_3776_58"
LRforcedPSO,74,6,cetTSjfm,picntrl,1140.5,2050.5,0.6,89,59,59,11.327388821379854,0.0813822933782913,3776,"['59_lag_79_median_shSICsep', '61_lag_tripol3', '59_lag_81_median_amo2', '59_lag_88_median_AMOCann', '82_lag_traBO', '59_lag_82_median_traBO']","[1.2158420532487497, 1.6931251294874912, 0.1817502248724363, 1.5104934409376192, 1.1855372062540521, 3.697946939133687]","59_lag_79_median_shSICsep, 61_lag_tripol3, 59_lag_81_median_amo2, 59_lag_88_median_AMOCann, 82_lag_traBO, 59_lag_82_median_traBO_3776_59"
LRforcedPSO,75,6,cetTSjfm,picntrl,1141.5,2050.5,0.6,90,60,60,11.880875808287541,0.010707530433583742,3776,"['85_lag_arcTSjfm', '72_lag_arcTSjfm', '69_lag_cetTSjfm', '60_lag_83_median_stratZ50ndj02', '74_lag_mhfATL30', '60_lag_66_median_ginwSSTjfm']","[0.9849621599157352, 4.760250422328891, 1.3296932682610354, 1.5550857036911498, 2.218609529307402, 0.3612321942304959]","85_lag_arcTSjfm, 72_lag_arcTSjfm, 69_lag_cetTSjfm, 60_lag_83_median_stratZ50ndj02, 74_lag_mhfATL30, 60_lag_66_median_ginwSSTjfm_3776_60"
LRforcedPSO,76,6,cetTSjfm,picntrl,1142.5,2050.5,0.6,91,61,61,11.702303295525276,0.10339168975264108,3776,"['61_lag_67_median_traBS', '85_lag_scpPSLjfm', '73_lag_amo1', '66_lag_ormenSSTjfm', '61_lag_84_median_traFS', '61_lag_62_median_traTLS']","[4.564986540172145, 2.128042500864183, 2.8617162831822167, 1.532266095888673, 3.3367378297077224, 0.6520276436565613]","61_lag_67_median_traBS, 85_lag_scpPSLjfm, 73_lag_amo1, 66_lag_ormenSSTjfm, 61_lag_84_median_traFS, 61_lag_62_median_traTLS_3776_61"
LRforcedPSO,77,6,cetTSjfm,picntrl,1143.5,2050.5,0.6,92,62,62,11.953602869795054,-0.06193446653857227,3776,"['63_lag_eapPSLjfm', '80_lag_ismPRjja', '63_lag_traDP', '62_lag_75_median_AMOCann', '62_lag_73_median_traBO', '77_lag_stratZ50ndj02']","[1.6281223265166396, 1.7923908734107974, 1.7039366608285829, 1.6030533559870648, 1.3710924410919723, 1.8222100770473337]","63_lag_eapPSLjfm, 80_lag_ismPRjja, 63_lag_traDP, 62_lag_75_median_AMOCann, 62_lag_73_median_traBO, 77_lag_stratZ50ndj02_3776_62"
LRforcedPSO,78,6,cetTSjfm,picntrl,1144.5,2050.5,0.6,93,63,63,11.293600644983258,0.00968815966421704,3776,"['63_lag_88_median_traDP', '72_lag_traFS', '81_lag_stratZ50ndj03', '74_lag_traEU', '63_lag_77_median_traBS', '68_lag_tripol1']","[1.4394391874504238, 1.311444308012952, 1.612987945425452, 1.3869857174088913, 1.5253652965683033, 1.7481859331774803]","63_lag_88_median_traDP, 72_lag_traFS, 81_lag_stratZ50ndj03, 74_lag_traEU, 63_lag_77_median_traBS, 68_lag_tripol1_3776_63"
LRforcedPSO,79,6,cetTSjfm,picntrl,1145.5,2050.5,0.6,94,64,64,11.353388344532124,0.024060994706307914,3776,"['88_lag_stratZ50ndj03', '79_lag_mhfATL30', '72_lag_tripol2', '84_lag_alpi', '64_lag_69_median_satlSSTjfm', '64_lag_76_median_mhfATL60']","[2.0024816519025137, 0.845565715745181, 0.666415272263789, 0.22810936465177356, 0.10905522378465093, 2.8700454651311524]","88_lag_stratZ50ndj03, 79_lag_mhfATL30, 72_lag_tripol2, 84_lag_alpi, 64_lag_69_median_satlSSTjfm, 64_lag_76_median_mhfATL60_3776_64"
LRforcedPSO,80,6,cetTSjfm,picntrl,1146.5,2050.5,0.6,95,65,65,11.916725105401238,-0.02064503948797051,3776,"['65_lag_88_median_yrvPRjja', '65_lag_67_median_traEC', '69_lag_scpPSLjfm', '81_lag_traFSC', '65_lag_70_median_traFB', '65_lag_77_median_traDP']","[0.7964717933007481, 1.8825841043710323, 2.661314981713387, 3.563215456924496, 0.507759532231093, 0.9707913200325198]","65_lag_88_median_yrvPRjja, 65_lag_67_median_traEC, 69_lag_scpPSLjfm, 81_lag_traFSC, 65_lag_70_median_traFB, 65_lag_77_median_traDP_3776_65"
LRforcedPSO,81,6,cetTSjfm,picntrl,1147.5,2050.5,0.6,96,66,66,11.708031513962288,0.006344383614416355,3776,"['66_lag_90_median_nppc2SSTjfm', '66_lag_95_median_nppc3SSTjfm', '66_lag_82_median_ormenSSTjfm', '66_lag_95_median_stratZ50ndj04', '67_lag_traFB', '74_lag_mhfATL60']","[1.9882742452992055, 1.8228851879383359, 1.8467438322521859, 1.7569773431841453, 2.3374684316085075, 1.9353434716232845]","66_lag_90_median_nppc2SSTjfm, 66_lag_95_median_nppc3SSTjfm, 66_lag_82_median_ormenSSTjfm, 66_lag_95_median_stratZ50ndj04, 67_lag_traFB, 74_lag_mhfATL60_3776_66"
LRforcedPSO,82,6,cetTSjfm,picntrl,1148.5,2050.5,0.6,97,67,67,12.056484292362473,0.12210102338233055,3776,"['67_lag_93_median_traDP', '67_lag_73_median_arcTSjfm', '80_lag_ormenSSTjfm', '68_lag_nhTSjfm', '67_lag_92_median_arcTSjfm', '94_lag_traBO']","[2.876601269191274, 2.1848670012308995, 2.2456046470742588, 2.1893488299869928, 2.9085660536062354, 2.185118361058906]","67_lag_93_median_traDP, 67_lag_73_median_arcTSjfm, 80_lag_ormenSSTjfm, 68_lag_nhTSjfm, 67_lag_92_median_arcTSjfm, 94_lag_traBO_3776_67"
LRforcedPSO,83,6,cetTSjfm,picntrl,1149.5,2050.5,0.6,98,68,68,11.752343898197655,-0.030392577165106363,3776,"['68_lag_91_median_shSICmar', '97_lag_mhfIP30', '97_lag_scpPSLjfm', '87_lag_nchinaPRjja', '68_lag_81_median_arcTSjfm', '80_lag_shSICsep']","[0.10610654309096468, 0.9124831022037903, 1.459439683959392, 4.559713338481, 0.7152942677436247, 0.6709421768314883]","68_lag_91_median_shSICmar, 97_lag_mhfIP30, 97_lag_scpPSLjfm, 87_lag_nchinaPRjja, 68_lag_81_median_arcTSjfm, 80_lag_shSICsep_3776_68"
LRforcedPSO,84,6,cetTSjfm,picntrl,1150.5,2050.5,0.6,99,69,69,11.484776630408607,0.048090506280879596,3776,"['69_lag_96_median_gyreSSTjfm', '69_lag_89_median_traEU', '69_lag_86_median_stratZ50ndj01', '90_lag_traMC', '82_lag_pdoSSTjfm', '69_lag_76_median_stratZ50ndj03']","[1.0446416661065516, 0.30479945067621017, 5.781905749070022, 0.967607853080267, 0.22884728205550786, 0.38645084014721043]","69_lag_96_median_gyreSSTjfm, 69_lag_89_median_traEU, 69_lag_86_median_stratZ50ndj01, 90_lag_traMC, 82_lag_pdoSSTjfm, 69_lag_76_median_stratZ50ndj03_3776_69"
LRforcedPSO,85,6,cetTSjfm,picntrl,1151.5,2050.5,0.6,100,70,70,12.542138943308823,-0.028782311819165938,3776,"['70_lag_80_median_traFB', '78_lag_traCA', '70_lag_95_median_traIT', '77_lag_eurPSLjfm', '78_lag_glTSjfm', '70_lag_92_median_tripol2']","[1.6957529600387335, 1.8326711309608743, 2.126252443377738, 1.9702648506030462, 2.2177525363106594, 1.779345364243713]","70_lag_80_median_traFB, 78_lag_traCA, 70_lag_95_median_traIT, 77_lag_eurPSLjfm, 78_lag_glTSjfm, 70_lag_92_median_tripol2_3776_70"
