model,num_irrelevant,max_allowed_features,target_feature,dataset,year_start,year_end,splitsize,max_lag,init_lag,max_forecast,mae_score,corr_score,n_total_features,selected_feature_list,feature_importances,selected_features
LRforcedPSO,0,30,nhSICsep,shigh,866.5,2005.5,0.4,15,1,1,18.329053258105183,0.06444379799608571,1755,"['1_lag_11_median_amoSSTmjjaso', '1_lag_6_median_ismPRjja', '6_lag_traFS', '6_lag_nhTSjfm', '1_lag_9_median_mhfATL30', '1_lag_13_median_atlSICsep', '1_lag_6_median_nhTSjfm', '1_lag_7_median_traTLS', '1_lag_3_median_labSSTjfm', '1_lag_12_median_seurTSjfm', '1_lag_2_median_shSICsep', '6_lag_eurPSLjfm', '1_lag_10_median_pdoSSTjfm', '14_lag_stratZ50ndj04', '8_lag_traBO', '1_lag_11_median_nhSICsep', '13_lag_stratZ50ndj04', '8_lag_stratZ50ndj02', '1_lag_11_median_AMOCann', '1_lag_9_median_arcTSjfm', '1_lag_4_median_arcTSjfm', '13_lag_traFS', '1_lag_13_median_traBO', '5_lag_stratZ50ndj03', '10_lag_solFORC', '12_lag_mhfATL30', '5_lag_satlSSTjfm', '3_lag_nppc3SSTjfm', '8_lag_traBS', '1_lag_7_median_solFORC']","[3.5660123918447084, 3.128746281191823, 6.740337057236299, 5.522715352745394, 0.6776109071755965, 0.5754598287856165, 2.108274835337383, 2.0629198001560276, 1.4130168944015526, 5.388718485148548, 6.769524774876863, 0.7109908129755294, 2.291020385129226, 1.802678310822511, 0.35708664583703253, 8.272424787161437, 2.6969650618943186, 3.4134999680129656, 1.6567725369114843, 8.453623431379766, 0.2841134380592294, 7.251006332167906, 3.7784825769039916, 4.854071953953407, 4.55712560563564, 8.377821911779414, 4.597343622531205, 4.00891168427461, 2.4842349795994334, 6.013902693348303]","1_lag_11_median_amoSSTmjjaso, 1_lag_6_median_ismPRjja, 6_lag_traFS, 6_lag_nhTSjfm, 1_lag_9_median_mhfATL30, 1_lag_13_median_atlSICsep, 1_lag_6_median_nhTSjfm, 1_lag_7_median_traTLS, 1_lag_3_median_labSSTjfm, 1_lag_12_median_seurTSjfm, 1_lag_2_median_shSICsep, 6_lag_eurPSLjfm, 1_lag_10_median_pdoSSTjfm, 14_lag_stratZ50ndj04, 8_lag_traBO, 1_lag_11_median_nhSICsep, 13_lag_stratZ50ndj04, 8_lag_stratZ50ndj02, 1_lag_11_median_AMOCann, 1_lag_9_median_arcTSjfm, 1_lag_4_median_arcTSjfm, 13_lag_traFS, 1_lag_13_median_traBO, 5_lag_stratZ50ndj03, 10_lag_solFORC, 12_lag_mhfATL30, 5_lag_satlSSTjfm, 3_lag_nppc3SSTjfm, 8_lag_traBS, 1_lag_7_median_solFORC_1755_1"
LRforcedPSO,1,30,nhSICsep,shigh,867.5,2005.5,0.4,16,1,1,20.881620079109464,0.40660797403053994,1885,"['2_lag_ormenSSTjfm', '9_lag_shSICmar', '1_lag_15_median_yrvPRjja', '9_lag_shTSjfm', '1_lag_7_median_nhSICsep', '1_lag_labSSTjfm', '15_lag_ormenSSTjfm', '1_lag_7_median_stratZ50ndj01', '5_lag_ormenSSTjfm', '5_lag_labSSTjfm', '13_lag_traFB', '1_lag_2_median_tripol2', '1_lag_6_median_traBO', '11_lag_traTLS', '3_lag_glomaSSTjfm', '9_lag_scpPSLjfm', '1_lag_4_median_pdoSSTjfm', '5_lag_traTLS', '1_lag_traBS', '10_lag_nhSICsep', '13_lag_AMOCann', '3_lag_stratZ50ndj03', '1_lag_6_median_mhfATL60', '11_lag_tripol3', '9_lag_nppc2SSTjfm', '1_lag_3_median_labSSTjfm', '8_lag_amo2', '1_lag_8_median_amoSSTmjjaso', '1_lag_4_median_samPSLann', '1_lag_mhfATL30']","[4.982950248087128, 0.5478002194991305, 6.299083961386012, 3.21753948493249, 2.277844170726233, 2.448467501069171, 0.27676804070327066, 1.6948599796159804, 9.207703587916384, 4.056497653958178, 1.778182924218525, 2.903680719657258, 3.1051859690784545, 4.268561251242906, 3.695430821422967, 5.821671594496339, 0.5552128699169323, 2.422324918237333, 4.744995820053857, 1.3666928971766232, 2.9054330814196465, 2.246100070752613, 2.934205857652884, 6.886996946272288, 9.349604958875549, 0.16643413857128309, 8.114342465005047, 6.2960523375607185, 3.0751716464069005, 2.1137195435677985]","2_lag_ormenSSTjfm, 9_lag_shSICmar, 1_lag_15_median_yrvPRjja, 9_lag_shTSjfm, 1_lag_7_median_nhSICsep, 1_lag_labSSTjfm, 15_lag_ormenSSTjfm, 1_lag_7_median_stratZ50ndj01, 5_lag_ormenSSTjfm, 5_lag_labSSTjfm, 13_lag_traFB, 1_lag_2_median_tripol2, 1_lag_6_median_traBO, 11_lag_traTLS, 3_lag_glomaSSTjfm, 9_lag_scpPSLjfm, 1_lag_4_median_pdoSSTjfm, 5_lag_traTLS, 1_lag_traBS, 10_lag_nhSICsep, 13_lag_AMOCann, 3_lag_stratZ50ndj03, 1_lag_6_median_mhfATL60, 11_lag_tripol3, 9_lag_nppc2SSTjfm, 1_lag_3_median_labSSTjfm, 8_lag_amo2, 1_lag_8_median_amoSSTmjjaso, 1_lag_4_median_samPSLann, 1_lag_mhfATL30_1885_1"
LRforcedPSO,2,30,nhSICsep,shigh,868.5,2005.5,0.4,17,1,1,21.46921674866799,0.10600810752150477,2015,"['4_lag_traFB', '1_lag_4_median_traIT', '1_lag_9_median_naoPSLjfm', '1_lag_16_median_atlSICsep', '16_lag_labSSTjfm', '10_lag_traFS', '1_lag_10_median_traWP', '1_lag_11_median_mhfATL45', '1_lag_14_median_traTLS', '1_lag_12_median_stratZ50ndj01', '9_lag_yrvPRjja', '3_lag_nhSICsep', '4_lag_ismPRjja', '8_lag_traFB', '4_lag_pdoSSTjfm', '9_lag_stratZ50ndj02', '1_lag_12_median_seurTSjfm', '3_lag_traFS', '11_lag_amo2', '1_lag_13_median_samPSLann', '1_lag_9_median_alpi', '1_lag_4_median_traEU', '12_lag_ormenSSTjfm', '1_lag_10_median_alpi', '15_lag_ismPRjja', '7_lag_amoSSTmjjaso', '1_lag_4_median_traFSC', '11_lag_traCA', '1_lag_12_median_neurTSjfm', '1_lag_10_median_amo2']","[3.11776107954541, 1.796244151422906, 3.4115434755543728, 1.8209472392811517, 7.37500252392368, 2.810691896949022, 5.281669711704207, 6.0317681733148305, 1.49455234005503, 4.070146048533781, 0.9989923385733164, 6.1176671645484895, 2.6626095589834797, 8.365830140589182, 9.537108367997739, 7.461897469613035, 5.87722657341061, 0.4224309393462189, 2.2010306129693813, 6.899437610684334, 7.210171359663725, 1.3016081306317933, 7.00335011124449, 4.451379927781163, 7.787526139021985, 2.986246024158941, 5.042310599017355, 8.336455918267738, 5.885259918342554, 1.6378233324955325]","4_lag_traFB, 1_lag_4_median_traIT, 1_lag_9_median_naoPSLjfm, 1_lag_16_median_atlSICsep, 16_lag_labSSTjfm, 10_lag_traFS, 1_lag_10_median_traWP, 1_lag_11_median_mhfATL45, 1_lag_14_median_traTLS, 1_lag_12_median_stratZ50ndj01, 9_lag_yrvPRjja, 3_lag_nhSICsep, 4_lag_ismPRjja, 8_lag_traFB, 4_lag_pdoSSTjfm, 9_lag_stratZ50ndj02, 1_lag_12_median_seurTSjfm, 3_lag_traFS, 11_lag_amo2, 1_lag_13_median_samPSLann, 1_lag_9_median_alpi, 1_lag_4_median_traEU, 12_lag_ormenSSTjfm, 1_lag_10_median_alpi, 15_lag_ismPRjja, 7_lag_amoSSTmjjaso, 1_lag_4_median_traFSC, 11_lag_traCA, 1_lag_12_median_neurTSjfm, 1_lag_10_median_amo2_2015_1"
LRforcedPSO,3,30,nhSICsep,shigh,869.5,2005.5,0.4,18,1,1,21.812536429733104,-0.045522708119444345,2145,"['1_lag_13_median_mhfATL60', '15_lag_amoSSTmjjaso', '13_lag_satlSSTjfm', '4_lag_scpPSLjfm', '3_lag_atlSICsep', '11_lag_tripol3', '1_lag_8_median_traBO', '1_lag_3_median_atlSICsep', '1_lag_9_median_traFSC', '1_lag_6_median_seurTSjfm', '1_lag_13_median_wnorPRjfm', '1_lag_17_median_yrvPRjja', '15_lag_scpPSLjfm', '10_lag_traEC', '1_lag_5_median_amo1', '1_lag_15_median_traFS', '8_lag_samPSLann', '15_lag_solFORC', '1_lag_13_median_amo3', '1_lag_7_median_mhfATL60', '1_lag_16_median_traDS', '7_lag_traIFC', '1_lag_3_median_solFORC', '1_lag_8_median_traMC', '3_lag_atlSICjfm', '1_lag_6_median_traDS', '9_lag_nhSICsep', '5_lag_pdoSSTjfm', '7_lag_stratZ50ndj02', '5_lag_amo3']","[6.45091102567831, 3.5892355767960327, 7.701197229869276, 5.613351807265758, 1.9068308533614804, 2.957353403614289, 0.02510560561092845, 6.554217389736827, 7.8384853348578325, 1.1453253201469575, 0.22475759814973983, 9.263465850418612, 1.1274436129006347, 0.9721167412543323, 4.0727733939919375, 1.0550765881074007, 4.275205515346309, 6.730819238555055, 5.802060462451129, 7.0685556705628905, 4.34683805823602, 4.026413713094639, 7.386265291208868, 2.6761271209446136, 1.4755082384293772, 2.9973536507173097, 4.715534048438082, 1.083539401075857, 4.011464958841724, 9.734777306748658]","1_lag_13_median_mhfATL60, 15_lag_amoSSTmjjaso, 13_lag_satlSSTjfm, 4_lag_scpPSLjfm, 3_lag_atlSICsep, 11_lag_tripol3, 1_lag_8_median_traBO, 1_lag_3_median_atlSICsep, 1_lag_9_median_traFSC, 1_lag_6_median_seurTSjfm, 1_lag_13_median_wnorPRjfm, 1_lag_17_median_yrvPRjja, 15_lag_scpPSLjfm, 10_lag_traEC, 1_lag_5_median_amo1, 1_lag_15_median_traFS, 8_lag_samPSLann, 15_lag_solFORC, 1_lag_13_median_amo3, 1_lag_7_median_mhfATL60, 1_lag_16_median_traDS, 7_lag_traIFC, 1_lag_3_median_solFORC, 1_lag_8_median_traMC, 3_lag_atlSICjfm, 1_lag_6_median_traDS, 9_lag_nhSICsep, 5_lag_pdoSSTjfm, 7_lag_stratZ50ndj02, 5_lag_amo3_2145_1"
LRforcedPSO,4,30,nhSICsep,shigh,870.5,2005.5,0.4,19,1,1,22.53675466084754,-0.027670553653565425,2275,"['11_lag_tripol2', '1_lag_8_median_mhfATL60', '1_lag_13_median_traTLS', '18_lag_glomaSSTjfm', '1_lag_8_median_traWP', '1_lag_6_median_amoSSTmjjaso', '1_lag_8_median_amo1', '5_lag_yrvPRjja', '1_lag_17_median_nhTSjfm', '1_lag_2_median_traBO', '17_lag_gyreSSTjfm', '13_lag_stratZ50ndj04', '1_lag_traEC', '1_lag_mhfATL45', '1_lag_7_median_nppc2SSTjfm', '4_lag_traBO', '1_lag_10_median_seurTSjfm', '1_lag_2_median_traFB', '1_lag_9_median_stratZ50ndj04', '1_lag_6_median_arcTSjfm', '18_lag_traFS', '4_lag_traDS', '1_lag_11_median_mhfATL60', '1_lag_7_median_alpi', '12_lag_glomaSSTjfm', '1_lag_15_median_nppc3SSTjfm', '1_lag_11_median_stratZ50ndj02', '5_lag_alpi', '1_lag_15_median_traWP', '11_lag_pdoSSTjfm']","[1.9500528480799453, 4.03327351722468, 4.236261587336156, 5.539749696264916, 0.9871976816729564, 0.33982188711499006, 9.691150934520806, 0.7961370347247705, 6.040552136188438, 3.214305262000523, 5.918206876935461, 3.3293281506249484, 4.083668337422372, 0.023402742378689112, 3.009556442191008, 0.11308244771097975, 8.491259745234334, 2.1204218213601873, 9.071160256961281, 4.053467937649586, 0.4613056594956504, 2.95584046326828, 8.582813047773746, 9.704605287706267, 2.7073924581408004, 5.575578288109442, 5.657490483474296, 3.0860653551641235, 4.739796908393499, 5.968059038518579]","11_lag_tripol2, 1_lag_8_median_mhfATL60, 1_lag_13_median_traTLS, 18_lag_glomaSSTjfm, 1_lag_8_median_traWP, 1_lag_6_median_amoSSTmjjaso, 1_lag_8_median_amo1, 5_lag_yrvPRjja, 1_lag_17_median_nhTSjfm, 1_lag_2_median_traBO, 17_lag_gyreSSTjfm, 13_lag_stratZ50ndj04, 1_lag_traEC, 1_lag_mhfATL45, 1_lag_7_median_nppc2SSTjfm, 4_lag_traBO, 1_lag_10_median_seurTSjfm, 1_lag_2_median_traFB, 1_lag_9_median_stratZ50ndj04, 1_lag_6_median_arcTSjfm, 18_lag_traFS, 4_lag_traDS, 1_lag_11_median_mhfATL60, 1_lag_7_median_alpi, 12_lag_glomaSSTjfm, 1_lag_15_median_nppc3SSTjfm, 1_lag_11_median_stratZ50ndj02, 5_lag_alpi, 1_lag_15_median_traWP, 11_lag_pdoSSTjfm_2275_1"
LRforcedPSO,5,30,nhSICsep,shigh,871.5,2005.5,0.4,20,1,1,19.363310298947052,0.38360076863784937,2405,"['1_lag_14_median_stratZ50ndj04', '1_lag_19_median_stratZ50ndj02', '12_lag_eapPSLjfm', '1_lag_2_median_traIT', '1_lag_12_median_nhSICsep', '1_lag_16_median_amo3', '1_lag_14_median_tripol2', '18_lag_traIFC', '1_lag_17_median_nhSICsep', '1_lag_18_median_AMOCann', '1_lag_14_median_traFB', '8_lag_scpPSLjfm', '1_lag_4_median_traEC', '1_lag_19_median_tripol3', '9_lag_ginwSSTjfm', '15_lag_mhfIP30', '8_lag_ensoSSTjfm', '2_lag_seurTSjfm', '1_lag_traEC', '1_lag_16_median_traIFC', '1_lag_stratZ50ndj04', '1_lag_11_median_mhfIP30', '16_lag_samPSLann', '1_lag_15_median_nppc2SSTjfm', '15_lag_glomaSSTjfm', '14_lag_stratZ50ndj02', '13_lag_nppc2SSTjfm', '9_lag_mhfATL60', '12_lag_nppc2SSTjfm', '1_lag_19_median_ormenSSTjfm']","[0.7459606961447403, 9.305701411939502, 7.7187138687203465, 3.6108141719842486, 0.2527458294154723, 3.113243278289337, 1.9556293508723837, 1.3775653922405784, 0.10013841752440733, 5.79680509380998, 1.125396575555797, 3.4016307855102905, 1.5230381444537393, 9.097679814382593, 6.452446873846678, 7.428714847912206, 3.855346343762074, 3.04407450235173, 5.921585412109152, 4.217644633724138, 1.68055867969297, 0.9804196753457362, 1.3219695398317768, 6.547180960211836, 0.20467669186295545, 0.0001785310963438036, 7.139589814860345, 3.5180403944882457, 5.156784115719917, 5.473602669569038]","1_lag_14_median_stratZ50ndj04, 1_lag_19_median_stratZ50ndj02, 12_lag_eapPSLjfm, 1_lag_2_median_traIT, 1_lag_12_median_nhSICsep, 1_lag_16_median_amo3, 1_lag_14_median_tripol2, 18_lag_traIFC, 1_lag_17_median_nhSICsep, 1_lag_18_median_AMOCann, 1_lag_14_median_traFB, 8_lag_scpPSLjfm, 1_lag_4_median_traEC, 1_lag_19_median_tripol3, 9_lag_ginwSSTjfm, 15_lag_mhfIP30, 8_lag_ensoSSTjfm, 2_lag_seurTSjfm, 1_lag_traEC, 1_lag_16_median_traIFC, 1_lag_stratZ50ndj04, 1_lag_11_median_mhfIP30, 16_lag_samPSLann, 1_lag_15_median_nppc2SSTjfm, 15_lag_glomaSSTjfm, 14_lag_stratZ50ndj02, 13_lag_nppc2SSTjfm, 9_lag_mhfATL60, 12_lag_nppc2SSTjfm, 1_lag_19_median_ormenSSTjfm_2405_1"
LRforcedPSO,6,30,nhSICsep,shigh,872.5,2005.5,0.4,21,1,1,17.372367267631343,0.27779842111601133,2535,"['20_lag_glomaSSTjfm', '1_lag_19_median_traTLS', '3_lag_stratZ50ndj01', '9_lag_traEC', '1_lag_12_median_nchinaPRjja', '6_lag_traDS', '1_lag_tripol3', '1_lag_16_median_traIFC', '1_lag_traEU', '3_lag_stratZ50ndj02', '17_lag_traMC', '1_lag_12_median_glTSjfm', '1_lag_tripol2', '1_lag_14_median_traWP', '1_lag_2_median_amo2', '1_lag_13_median_nhTSjfm', '2_lag_shSICsep', '15_lag_tripol3', '1_lag_2_median_traIFC', '12_lag_traIFC', '8_lag_traFSC', '1_lag_15_median_shSICmar', '1_lag_14_median_traCA', '1_lag_16_median_atlSICjfm', '12_lag_nppc2SSTjfm', '1_lag_9_median_neurTSjfm', '12_lag_traMC', '16_lag_eapPSLjfm', '3_lag_AMOCann', '14_lag_traBO']","[2.9458546624482445, 1.5357577421535176, 2.804479443830461, 3.5894309743792654, 7.602229196512486, 7.799678499900025, 8.316402290766948, 6.637365771982178, 3.472485115265547, 3.7619255783489525, 2.7748924772892245, 3.694206524121979, 5.197143257271062, 3.0450904978700617, 4.51099095326982, 7.9179577251931965, 7.085856333251892, 3.154966376380779, 7.563539876146461, 4.375957147244945, 4.229525033191783, 2.7463107209406257, 3.4626697633068044, 6.971636191732813, 4.794940103945841, 2.0677461774095107, 0.5511389718119979, 2.471442257671055, 2.695510309219684, 6.506302920840483]","20_lag_glomaSSTjfm, 1_lag_19_median_traTLS, 3_lag_stratZ50ndj01, 9_lag_traEC, 1_lag_12_median_nchinaPRjja, 6_lag_traDS, 1_lag_tripol3, 1_lag_16_median_traIFC, 1_lag_traEU, 3_lag_stratZ50ndj02, 17_lag_traMC, 1_lag_12_median_glTSjfm, 1_lag_tripol2, 1_lag_14_median_traWP, 1_lag_2_median_amo2, 1_lag_13_median_nhTSjfm, 2_lag_shSICsep, 15_lag_tripol3, 1_lag_2_median_traIFC, 12_lag_traIFC, 8_lag_traFSC, 1_lag_15_median_shSICmar, 1_lag_14_median_traCA, 1_lag_16_median_atlSICjfm, 12_lag_nppc2SSTjfm, 1_lag_9_median_neurTSjfm, 12_lag_traMC, 16_lag_eapPSLjfm, 3_lag_AMOCann, 14_lag_traBO_2535_1"
LRforcedPSO,7,30,nhSICsep,shigh,873.5,2005.5,0.4,22,1,1,17.924361658703756,0.5124233422838532,2665,"['1_lag_2_median_tripol3', '1_lag_4_median_mhfATL45', '1_lag_5_median_nhSICjfm', '1_lag_10_median_traEC', '1_lag_21_median_scpPSLjfm', '5_lag_traEU', '1_lag_8_median_stratZ50ndj02', '16_lag_shSICsep', '17_lag_solFORC', '1_lag_20_median_tripol3', '1_lag_5_median_nchinaPRjja', '1_lag_14_median_traDP', '3_lag_nchinaPRjja', '15_lag_traFS', '19_lag_shTSjfm', '2_lag_glTSjfm', '5_lag_alpi', '1_lag_21_median_traDP', '15_lag_traBS', '1_lag_16_median_atlSICsep', '21_lag_alpi', '1_lag_17_median_wnorPRjfm', '1_lag_17_median_traBO', '19_lag_traDS', '1_lag_2_median_satlSSTjfm', '19_lag_tripol2', '1_lag_9_median_nhSICjfm', '19_lag_solFORC', '1_lag_13_median_amo1', '1_lag_5_median_atlSICjfm']","[1.9016132008930438, 4.101293788296911, 6.65746102231607, 0.7262127497576127, 7.115268385195284, 1.893311605744639, 3.5149762861277516, 1.9397796306958597, 1.9193804174188944, 5.119913534545453, 1.1694646759427023, 4.489135819356294, 6.233088028023513, 6.305561504159726, 4.923773994396161, 0.36841035101299013, 1.3032939089216953, 8.223276623320373, 2.404758238886508, 3.597971178202071, 5.45344624268273, 6.287792779746237, 0.7148482270760539, 2.5578945336362118, 1.9405187031944813, 1.1028569539988133, 1.4478943335071364, 4.029256561941834, 6.88693126054813, 6.26961120410888]","1_lag_2_median_tripol3, 1_lag_4_median_mhfATL45, 1_lag_5_median_nhSICjfm, 1_lag_10_median_traEC, 1_lag_21_median_scpPSLjfm, 5_lag_traEU, 1_lag_8_median_stratZ50ndj02, 16_lag_shSICsep, 17_lag_solFORC, 1_lag_20_median_tripol3, 1_lag_5_median_nchinaPRjja, 1_lag_14_median_traDP, 3_lag_nchinaPRjja, 15_lag_traFS, 19_lag_shTSjfm, 2_lag_glTSjfm, 5_lag_alpi, 1_lag_21_median_traDP, 15_lag_traBS, 1_lag_16_median_atlSICsep, 21_lag_alpi, 1_lag_17_median_wnorPRjfm, 1_lag_17_median_traBO, 19_lag_traDS, 1_lag_2_median_satlSSTjfm, 19_lag_tripol2, 1_lag_9_median_nhSICjfm, 19_lag_solFORC, 1_lag_13_median_amo1, 1_lag_5_median_atlSICjfm_2665_1"
LRforcedPSO,8,30,nhSICsep,shigh,874.5,2005.5,0.4,23,1,1,19.601130519469912,0.15664669364564646,2795,"['1_lag_4_median_eurPSLjfm', '1_lag_11_median_stratZ50ndj01', '1_lag_12_median_ginwSSTjfm', '1_lag_2_median_AMOCann', '9_lag_shTSjfm', '1_lag_9_median_traBO', '12_lag_stratZ50ndj01', '16_lag_traIT', '1_lag_9_median_mhfATL60', '1_lag_10_median_atlSICjfm', '1_lag_8_median_AMOCann', '7_lag_traMC', '1_lag_19_median_nchinaPRjja', '1_lag_4_median_shSICmar', '2_lag_shSICsep', '1_lag_9_median_gyreSSTjfm', '1_lag_22_median_nhTSjfm', '17_lag_ormenSSTjfm', '9_lag_nhTSjfm', '1_lag_14_median_traTLS', '9_lag_glomaSSTjfm', '1_lag_9_median_yrvPRjja', '14_lag_stratZ50ndj02', '9_lag_mhfATL60', '19_lag_nppc3SSTjfm', '21_lag_nppc2SSTjfm', '1_lag_22_median_tripol2', '1_lag_17_median_yrvPRjja', '1_lag_12_median_stratZ50ndj01', '1_lag_atlSICsep']","[7.230550257525463, 4.3273857678839605, 1.683760390434072, 2.997246263844864, 7.974880449246584, 3.209420367223597, 5.225749477357656, 0.9797944789881168, 6.478737836318874, 3.741819026382897, 4.46054818692825, 4.28153182058348, 5.384620233376246, 0.5724852395564177, 4.5448695755555635, 3.2203347078404825, 1.0567720307006851, 6.648074727883348, 3.9817323334596466, 4.880949397596675, 6.993261507238113, 6.676891892876316, 7.505695322881609, 7.797789196653328, 0.9050881579758183, 2.4319205502999814, 0.9309042890338137, 3.984973082944359, 0.328491480269939, 7.906998897772215]","1_lag_4_median_eurPSLjfm, 1_lag_11_median_stratZ50ndj01, 1_lag_12_median_ginwSSTjfm, 1_lag_2_median_AMOCann, 9_lag_shTSjfm, 1_lag_9_median_traBO, 12_lag_stratZ50ndj01, 16_lag_traIT, 1_lag_9_median_mhfATL60, 1_lag_10_median_atlSICjfm, 1_lag_8_median_AMOCann, 7_lag_traMC, 1_lag_19_median_nchinaPRjja, 1_lag_4_median_shSICmar, 2_lag_shSICsep, 1_lag_9_median_gyreSSTjfm, 1_lag_22_median_nhTSjfm, 17_lag_ormenSSTjfm, 9_lag_nhTSjfm, 1_lag_14_median_traTLS, 9_lag_glomaSSTjfm, 1_lag_9_median_yrvPRjja, 14_lag_stratZ50ndj02, 9_lag_mhfATL60, 19_lag_nppc3SSTjfm, 21_lag_nppc2SSTjfm, 1_lag_22_median_tripol2, 1_lag_17_median_yrvPRjja, 1_lag_12_median_stratZ50ndj01, 1_lag_atlSICsep_2795_1"
LRforcedPSO,9,30,nhSICsep,shigh,875.5,2005.5,0.4,24,1,1,24.675067216646486,0.37355662628358133,2925,"['1_lag_19_median_ginwSSTjfm', '15_lag_traTLS', '17_lag_seurTSjfm', '22_lag_traBO', '1_lag_18_median_traBO', '1_lag_5_median_nhSICsep', '1_lag_23_median_satlSSTjfm', '1_lag_2_median_gyreSSTjfm', '11_lag_traWP', '6_lag_ismPRjja', '1_lag_11_median_nhSICjfm', '6_lag_traTLS', '20_lag_traFS', '1_lag_10_median_mhfATL60', '1_lag_19_median_naoPSLjfm', '18_lag_tripol1', '1_lag_15_median_nhSICsep', '1_lag_3_median_nppc3SSTjfm', '7_lag_glTSjfm', '2_lag_shTSjfm', '17_lag_amo2', '23_lag_nppc2SSTjfm', '1_lag_12_median_glTSjfm', '1_lag_17_median_eurPSLjfm', '1_lag_21_median_amo3', '1_lag_16_median_traFSC', '1_lag_14_median_traBS', '1_lag_23_median_nhSICjfm', '20_lag_traBS', '1_lag_16_median_nppc2SSTjfm']","[2.96409151503566, 4.5275353757108565, 3.4359745660497225, 4.864617022120319, 7.0038425965276785, 2.8570827290965113, 3.3582562349683043, 3.8127331550673347, 1.2277478348363182, 5.88692284009658, 3.5589409274239046, 8.965538411039702, 7.082928767844859, 9.20747399088469, 0.501164905049631, 7.146781238310997, 2.2196660038322875, 1.0442685828106235, 2.6391820137964057, 0.28380314372142657, 0.4540660695581735, 3.1917688004275604, 4.148107944187734, 4.694718127913086, 2.3708084539734875, 2.4157313559536764, 6.711717013836704, 2.8556085500298636, 0.33725088846643203, 3.8541181796874158]","1_lag_19_median_ginwSSTjfm, 15_lag_traTLS, 17_lag_seurTSjfm, 22_lag_traBO, 1_lag_18_median_traBO, 1_lag_5_median_nhSICsep, 1_lag_23_median_satlSSTjfm, 1_lag_2_median_gyreSSTjfm, 11_lag_traWP, 6_lag_ismPRjja, 1_lag_11_median_nhSICjfm, 6_lag_traTLS, 20_lag_traFS, 1_lag_10_median_mhfATL60, 1_lag_19_median_naoPSLjfm, 18_lag_tripol1, 1_lag_15_median_nhSICsep, 1_lag_3_median_nppc3SSTjfm, 7_lag_glTSjfm, 2_lag_shTSjfm, 17_lag_amo2, 23_lag_nppc2SSTjfm, 1_lag_12_median_glTSjfm, 1_lag_17_median_eurPSLjfm, 1_lag_21_median_amo3, 1_lag_16_median_traFSC, 1_lag_14_median_traBS, 1_lag_23_median_nhSICjfm, 20_lag_traBS, 1_lag_16_median_nppc2SSTjfm_2925_1"
LRforcedPSO,10,30,nhSICsep,shigh,876.5,2005.5,0.4,25,1,1,24.38118715585154,0.02382629015299127,3055,"['1_lag_21_median_alpi', '10_lag_traBS', '1_lag_9_median_pdoSSTjfm', '2_lag_cetTSjfm', '24_lag_gyreSSTjfm', '1_lag_6_median_ginwSSTjfm', '1_lag_17_median_eurPSLjfm', '1_lag_19_median_traFSC', '18_lag_satlSSTjfm', '9_lag_stratZ50ndj04', '1_lag_2_median_traBS', '1_lag_16_median_amo3', '1_lag_15_median_traTLS', '1_lag_11_median_arcTSjfm', '1_lag_stratZ50ndj03', '2_lag_traDP', '1_lag_11_median_satlSSTjfm', '16_lag_ginwSSTjfm', '1_lag_15_median_ginwSSTjfm', '1_lag_5_median_glomaSSTjfm', '11_lag_mhfATL45', '23_lag_glomaSSTjfm', '1_lag_13_median_traIT', '1_lag_10_median_nchinaPRjja', '1_lag_18_median_traIT', '18_lag_shSICmar', '6_lag_yrvPRjja', '1_lag_13_median_atlSICjfm', '22_lag_ormenSSTjfm', '1_lag_15_median_shTSjfm']","[1.841605058571938, 0.27646579219807954, 3.616615738332394, 2.882210671896633, 7.026458530288227, 1.7742075941431814, 1.4954088589818877, 6.339511305384697, 2.671425696383851, 6.355448493597869, 6.379053874539675, 6.195403641106754, 6.991488048358596, 8.772786702641406, 1.9431118710789264, 2.8313108174964174, 5.576243445155352, 1.7418843837835887, 7.440303686987752, 3.269491569025716, 1.7258520016670893, 0.81245876270639, 8.774954217851803, 9.143258865879567, 9.074967237694928, 1.0484727723817482, 2.3248988253093277, 1.0960637544401237, 3.8379428987450996, 1.0212124699674767]","1_lag_21_median_alpi, 10_lag_traBS, 1_lag_9_median_pdoSSTjfm, 2_lag_cetTSjfm, 24_lag_gyreSSTjfm, 1_lag_6_median_ginwSSTjfm, 1_lag_17_median_eurPSLjfm, 1_lag_19_median_traFSC, 18_lag_satlSSTjfm, 9_lag_stratZ50ndj04, 1_lag_2_median_traBS, 1_lag_16_median_amo3, 1_lag_15_median_traTLS, 1_lag_11_median_arcTSjfm, 1_lag_stratZ50ndj03, 2_lag_traDP, 1_lag_11_median_satlSSTjfm, 16_lag_ginwSSTjfm, 1_lag_15_median_ginwSSTjfm, 1_lag_5_median_glomaSSTjfm, 11_lag_mhfATL45, 23_lag_glomaSSTjfm, 1_lag_13_median_traIT, 1_lag_10_median_nchinaPRjja, 1_lag_18_median_traIT, 18_lag_shSICmar, 6_lag_yrvPRjja, 1_lag_13_median_atlSICjfm, 22_lag_ormenSSTjfm, 1_lag_15_median_shTSjfm_3055_1"
LRforcedPSO,11,30,nhSICsep,shigh,877.5,2005.5,0.4,26,1,1,18.499495652128363,0.29922436757489307,3185,"['1_lag_stratZ50ndj04', '1_lag_10_median_amoSSTmjjaso', '1_lag_6_median_amo1', '1_lag_10_median_traIT', '1_lag_2_median_traIT', '1_lag_23_median_stratZ50ndj04', '2_lag_amoSSTmjjaso', '1_lag_2_median_nppc3SSTjfm', '17_lag_mhfATL30', '1_lag_21_median_tripol3', '1_lag_24_median_amo1', '24_lag_ensoSSTjfm', '1_lag_7_median_traFS', '1_lag_5_median_mhfATL60', '1_lag_11_median_mhfATL45', '1_lag_25_median_traFB', '1_lag_25_median_nhSICsep', '1_lag_18_median_wnorPRjfm', '5_lag_tripol1', '1_lag_21_median_traBO', '25_lag_amo1', '1_lag_23_median_mhfATL45', '1_lag_23_median_traBO', '22_lag_ginwSSTjfm', '1_lag_17_median_nhTSjfm', '1_lag_21_median_traIFC', '9_lag_traEU', '1_lag_4_median_traEU', '1_lag_16_median_atlSICsep', '1_lag_10_median_neurTSjfm']","[0.36900026107095485, 1.3134164177412622, 2.124194721186754, 0.05184674728182337, 3.8278191289084322, 5.260836644046433, 9.512361219511774, 4.836242246183895, 3.7654092466314264, 9.014365911040844, 2.157009858823516, 0.9230834389506697, 8.795444013715649, 5.589935975324368, 5.071397262954786, 4.996793153901693, 3.1351502918742398, 3.766434182444563, 1.642399034290353, 1.2965793103088146, 9.221828849678488, 4.434805468213807, 5.263405908038013, 3.3152677996712843, 4.29487228096011, 0.9915275859815544, 1.1859150630992854, 7.131987132830464, 3.4069268726179907, 4.625400806162862]","1_lag_stratZ50ndj04, 1_lag_10_median_amoSSTmjjaso, 1_lag_6_median_amo1, 1_lag_10_median_traIT, 1_lag_2_median_traIT, 1_lag_23_median_stratZ50ndj04, 2_lag_amoSSTmjjaso, 1_lag_2_median_nppc3SSTjfm, 17_lag_mhfATL30, 1_lag_21_median_tripol3, 1_lag_24_median_amo1, 24_lag_ensoSSTjfm, 1_lag_7_median_traFS, 1_lag_5_median_mhfATL60, 1_lag_11_median_mhfATL45, 1_lag_25_median_traFB, 1_lag_25_median_nhSICsep, 1_lag_18_median_wnorPRjfm, 5_lag_tripol1, 1_lag_21_median_traBO, 25_lag_amo1, 1_lag_23_median_mhfATL45, 1_lag_23_median_traBO, 22_lag_ginwSSTjfm, 1_lag_17_median_nhTSjfm, 1_lag_21_median_traIFC, 9_lag_traEU, 1_lag_4_median_traEU, 1_lag_16_median_atlSICsep, 1_lag_10_median_neurTSjfm_3185_1"
LRforcedPSO,12,30,nhSICsep,shigh,878.5,2005.5,0.4,27,1,1,22.79808178771833,-0.09016489119640869,3315,"['21_lag_tripol3', '23_lag_nhSICsep', '1_lag_15_median_glTSjfm', '1_lag_9_median_tripol1', '21_lag_atlSICsep', '1_lag_20_median_ismPRjja', '15_lag_shSICsep', '1_lag_7_median_ismPRjja', '1_lag_19_median_stratZ50ndj01', '13_lag_stratZ50ndj03', '1_lag_20_median_neurTSjfm', '1_lag_6_median_nppc3SSTjfm', '1_lag_7_median_amo1', '5_lag_traFSC', '1_lag_17_median_amo3', '9_lag_glTSjfm', '10_lag_gyreSSTjfm', '1_lag_25_median_traWP', '1_lag_13_median_ormenSSTjfm', '1_lag_3_median_traIFC', '15_lag_traIT', '18_lag_solFORC', '7_lag_glomaSSTjfm', '1_lag_24_median_glomaSSTjfm', '19_lag_solFORC', '1_lag_16_median_stratZ50ndj04', '18_lag_eapPSLjfm', '23_lag_naoPSLjfm', '1_lag_stratZ50ndj01', '1_lag_23_median_traIFC']","[1.6038038672843147, 0.10608897615829349, 1.805040722173409, 8.673286008676984, 2.976102056323196, 1.7261899735447468, 3.322625167241535, 6.785878768592514, 4.019885064457016, 0.0988430033155474, 6.227871839498199, 0.6147118232033826, 1.867285238472828, 6.8763353261078475, 2.0474246041063493, 8.489545931201054, 2.9481355933322533, 5.696465379625808, 4.685414725576371, 0.8440978458408601, 1.0737146806729836, 1.3356570096469067, 8.841812659176032, 4.03608578388466, 2.579428460812907, 3.2952410410547976, 4.856948617279823, 7.191117586620219, 9.11193856948006, 4.335122400817846]","21_lag_tripol3, 23_lag_nhSICsep, 1_lag_15_median_glTSjfm, 1_lag_9_median_tripol1, 21_lag_atlSICsep, 1_lag_20_median_ismPRjja, 15_lag_shSICsep, 1_lag_7_median_ismPRjja, 1_lag_19_median_stratZ50ndj01, 13_lag_stratZ50ndj03, 1_lag_20_median_neurTSjfm, 1_lag_6_median_nppc3SSTjfm, 1_lag_7_median_amo1, 5_lag_traFSC, 1_lag_17_median_amo3, 9_lag_glTSjfm, 10_lag_gyreSSTjfm, 1_lag_25_median_traWP, 1_lag_13_median_ormenSSTjfm, 1_lag_3_median_traIFC, 15_lag_traIT, 18_lag_solFORC, 7_lag_glomaSSTjfm, 1_lag_24_median_glomaSSTjfm, 19_lag_solFORC, 1_lag_16_median_stratZ50ndj04, 18_lag_eapPSLjfm, 23_lag_naoPSLjfm, 1_lag_stratZ50ndj01, 1_lag_23_median_traIFC_3315_1"
LRforcedPSO,13,30,nhSICsep,shigh,879.5,2005.5,0.4,28,1,1,19.804094734270812,0.4257770207864475,3445,"['1_lag_18_median_traBO', '21_lag_traCA', '1_lag_19_median_amoSSTmjjaso', '18_lag_stratZ50ndj02', '1_lag_10_median_traDP', '1_lag_8_median_traIFC', '1_lag_6_median_traIFC', '6_lag_amo2', '1_lag_27_median_nchinaPRjja', '2_lag_traIT', '19_lag_amo2', '14_lag_atlSICsep', '25_lag_glTSjfm', '1_lag_15_median_traTLS', '3_lag_mhfATL60', '1_lag_3_median_traTLS', '1_lag_25_median_atlSICsep', '1_lag_19_median_nchinaPRjja', '1_lag_8_median_stratZ50ndj02', '7_lag_traFB', '6_lag_scpPSLjfm', '1_lag_glomaSSTjfm', '15_lag_traFSC', '1_lag_25_median_amo3', '1_lag_10_median_neurTSjfm', '23_lag_amo2', '25_lag_AMOCann', '15_lag_traDS', '1_lag_2_median_traIFC', '1_lag_26_median_stratZ50ndj01']","[4.351245403720096, 1.3490473416076618, 4.893961082709786, 2.2688774000288303, 5.073566690377206, 9.950881670950395, 4.728820242061977, 2.123314026921827, 0.6096345253752578, 5.1336932575418714, 7.466379186627316, 3.778979249797761, 9.649679669743161, 0.4079185551004745, 4.039678261002122, 6.069617374880533, 4.686977548800848, 0.07697534953316065, 5.221477812830695, 3.375960921320466, 1.3320997434217574, 1.8038822107583883, 3.89199665471466, 3.0503806755842806, 0.31571407185332845, 5.0516532834462815, 4.936935642471891, 2.58281044176994, 0.31420407907798875, 1.3991887020230447]","1_lag_18_median_traBO, 21_lag_traCA, 1_lag_19_median_amoSSTmjjaso, 18_lag_stratZ50ndj02, 1_lag_10_median_traDP, 1_lag_8_median_traIFC, 1_lag_6_median_traIFC, 6_lag_amo2, 1_lag_27_median_nchinaPRjja, 2_lag_traIT, 19_lag_amo2, 14_lag_atlSICsep, 25_lag_glTSjfm, 1_lag_15_median_traTLS, 3_lag_mhfATL60, 1_lag_3_median_traTLS, 1_lag_25_median_atlSICsep, 1_lag_19_median_nchinaPRjja, 1_lag_8_median_stratZ50ndj02, 7_lag_traFB, 6_lag_scpPSLjfm, 1_lag_glomaSSTjfm, 15_lag_traFSC, 1_lag_25_median_amo3, 1_lag_10_median_neurTSjfm, 23_lag_amo2, 25_lag_AMOCann, 15_lag_traDS, 1_lag_2_median_traIFC, 1_lag_26_median_stratZ50ndj01_3445_1"
LRforcedPSO,14,30,nhSICsep,shigh,880.5,2005.5,0.4,29,1,1,22.249408401369067,-0.0025502972137020578,3575,"['1_lag_2_median_alpi', '3_lag_traDS', '1_lag_11_median_neurTSjfm', '1_lag_27_median_eurPSLjfm', '26_lag_glomaSSTjfm', '1_lag_22_median_AMOCann', '23_lag_traMC', '1_lag_2_median_traFB', '1_lag_26_median_mhfATL30', '1_lag_22_median_mhfIP30', '27_lag_ensoSSTjfm', '10_lag_pdoSSTjfm', '24_lag_shTSjfm', '6_lag_ensoSSTjfm', '1_lag_7_median_nhSICsep', '1_lag_traFS', '1_lag_10_median_traTLS', '25_lag_eurPSLjfm', '1_lag_4_median_alpi', '23_lag_traBO', '1_lag_15_median_nhTSjfm', '1_lag_26_median_pdoSSTjfm', '12_lag_alpi', '1_lag_15_median_atlSICjfm', '10_lag_traFSC', '9_lag_tripol1', '6_lag_traDP', '23_lag_mhfATL60', '4_lag_glTSjfm', '13_lag_atlSICsep']","[7.690040262329745, 6.858413007170963, 1.394720383691384, 1.8895848716775347, 6.680500548978918, 3.6681068482157357, 6.141848199262818, 8.48189447168112, 1.1945824352555725, 3.604732481107913, 1.2914989347264836, 4.756111644351333, 0.9970829328911606, 5.985659761366151, 1.1511262077788071, 4.209734167385584, 2.102365441494232, 4.2805553340515505, 6.3060220206345985, 0.6356399900426482, 1.345164045905868, 7.225298561417738, 7.157496595268369, 0.4572212967258533, 5.1455985328472975, 3.607652338716953, 6.756555752492453, 1.3089971333380745, 0.5149630089050419, 0.3813054107368057]","1_lag_2_median_alpi, 3_lag_traDS, 1_lag_11_median_neurTSjfm, 1_lag_27_median_eurPSLjfm, 26_lag_glomaSSTjfm, 1_lag_22_median_AMOCann, 23_lag_traMC, 1_lag_2_median_traFB, 1_lag_26_median_mhfATL30, 1_lag_22_median_mhfIP30, 27_lag_ensoSSTjfm, 10_lag_pdoSSTjfm, 24_lag_shTSjfm, 6_lag_ensoSSTjfm, 1_lag_7_median_nhSICsep, 1_lag_traFS, 1_lag_10_median_traTLS, 25_lag_eurPSLjfm, 1_lag_4_median_alpi, 23_lag_traBO, 1_lag_15_median_nhTSjfm, 1_lag_26_median_pdoSSTjfm, 12_lag_alpi, 1_lag_15_median_atlSICjfm, 10_lag_traFSC, 9_lag_tripol1, 6_lag_traDP, 23_lag_mhfATL60, 4_lag_glTSjfm, 13_lag_atlSICsep_3575_1"
LRforcedPSO,15,30,nhSICsep,shigh,881.5,2005.5,0.4,30,1,1,22.72973954972164,0.17026209027146275,3705,"['1_lag_14_median_stratZ50ndj03', '1_lag_6_median_glTSjfm', '1_lag_19_median_alpi', '1_lag_21_median_seurTSjfm', '23_lag_scpPSLjfm', '1_lag_2_median_traIFC', '8_lag_wnorPRjfm', '1_lag_26_median_ormenSSTjfm', '7_lag_stratZ50ndj02', '14_lag_traFB', '1_lag_11_median_tripol2', '1_lag_ensoSSTjfm', '1_lag_29_median_amo3', '1_lag_27_median_labSSTjfm', '1_lag_10_median_amo1', '1_lag_26_median_stratZ50ndj04', '12_lag_solFORC', '27_lag_ensoSSTjfm', '7_lag_glomaSSTjfm', '16_lag_stratZ50ndj04', '1_lag_16_median_atlSICjfm', '1_lag_14_median_amo2', '9_lag_arcTSjfm', '23_lag_traFB', '21_lag_pdoSSTjfm', '24_lag_scpPSLjfm', '1_lag_10_median_stratZ50ndj03', '1_lag_19_median_mhfATL60', '20_lag_labSSTjfm', '26_lag_traFS']","[0.8921655621430737, 2.7486046252152896, 1.7112321954673355, 3.6309621785917656, 2.26934095735408, 3.739457325256417, 7.671088156756857, 4.788547993605603, 5.965442922368586, 6.48677575026684, 0.08388754403070209, 0.6185965667063407, 9.917901042017967, 3.1336396602137846, 8.727609062629249, 7.577765851108856, 7.050678509851419, 7.689890812306761, 4.977146246368869, 6.995050240081431, 5.829384828421961, 1.3406473827422012, 4.80838085641246, 5.708892999036205, 0.16476433642946375, 3.110272993297989, 3.2577706607407775, 4.5135569753701255, 3.6224813978691017, 6.618877599981115]","1_lag_14_median_stratZ50ndj03, 1_lag_6_median_glTSjfm, 1_lag_19_median_alpi, 1_lag_21_median_seurTSjfm, 23_lag_scpPSLjfm, 1_lag_2_median_traIFC, 8_lag_wnorPRjfm, 1_lag_26_median_ormenSSTjfm, 7_lag_stratZ50ndj02, 14_lag_traFB, 1_lag_11_median_tripol2, 1_lag_ensoSSTjfm, 1_lag_29_median_amo3, 1_lag_27_median_labSSTjfm, 1_lag_10_median_amo1, 1_lag_26_median_stratZ50ndj04, 12_lag_solFORC, 27_lag_ensoSSTjfm, 7_lag_glomaSSTjfm, 16_lag_stratZ50ndj04, 1_lag_16_median_atlSICjfm, 1_lag_14_median_amo2, 9_lag_arcTSjfm, 23_lag_traFB, 21_lag_pdoSSTjfm, 24_lag_scpPSLjfm, 1_lag_10_median_stratZ50ndj03, 1_lag_19_median_mhfATL60, 20_lag_labSSTjfm, 26_lag_traFS_3705_1"
LRforcedPSO,16,30,nhSICsep,shigh,882.5,2005.5,0.4,31,1,1,26.30954017612099,-0.08630698437497264,3835,"['1_lag_30_median_glomaSSTjfm', '1_lag_7_median_nhSICjfm', '1_lag_9_median_nhTSjfm', '10_lag_nhTSjfm', '1_lag_4_median_traFS', '1_lag_8_median_samPSLann', '28_lag_stratZ50ndj02', '25_lag_stratZ50ndj02', '1_lag_21_median_mhfATL30', '8_lag_samPSLann', '1_lag_3_median_tripol2', '28_lag_stratZ50ndj03', '18_lag_neurTSjfm', '17_lag_stratZ50ndj02', '24_lag_mhfATL45', '1_lag_25_median_wnorPRjfm', '1_lag_27_median_stratZ50ndj02', '1_lag_24_median_AMOCann', '3_lag_tripol3', '29_lag_traFSC', '17_lag_atlSICsep', '1_lag_15_median_AMOCann', '20_lag_traBS', '19_lag_nppc3SSTjfm', '6_lag_mhfATL60', '1_lag_13_median_traWP', '1_lag_8_median_neurTSjfm', '19_lag_samPSLann', '1_lag_20_median_mhfATL30', '15_lag_amo1']","[7.149646878794684, 0.49651587992846125, 7.19894942703305, 0.36435993960352064, 2.014937961387182, 2.9173664719513397, 4.388616725228589, 4.5097104482512425, 4.260805793951157, 2.857119421179579, 4.40460104817018, 7.994908606836727, 7.955867516882559, 4.6394336329596335, 5.746269077076283, 4.924940321001124, 2.593534623261757, 8.364864371495504, 6.959722235165454, 0.1528309961485892, 8.69275273539968, 3.4258496177221005, 1.1047799537094853, 1.3085032120330897, 1.127239513598937, 4.919204634937955, 9.281972604931205, 0.07445584875299005, 6.845018367002531, 2.299619801670536]","1_lag_30_median_glomaSSTjfm, 1_lag_7_median_nhSICjfm, 1_lag_9_median_nhTSjfm, 10_lag_nhTSjfm, 1_lag_4_median_traFS, 1_lag_8_median_samPSLann, 28_lag_stratZ50ndj02, 25_lag_stratZ50ndj02, 1_lag_21_median_mhfATL30, 8_lag_samPSLann, 1_lag_3_median_tripol2, 28_lag_stratZ50ndj03, 18_lag_neurTSjfm, 17_lag_stratZ50ndj02, 24_lag_mhfATL45, 1_lag_25_median_wnorPRjfm, 1_lag_27_median_stratZ50ndj02, 1_lag_24_median_AMOCann, 3_lag_tripol3, 29_lag_traFSC, 17_lag_atlSICsep, 1_lag_15_median_AMOCann, 20_lag_traBS, 19_lag_nppc3SSTjfm, 6_lag_mhfATL60, 1_lag_13_median_traWP, 1_lag_8_median_neurTSjfm, 19_lag_samPSLann, 1_lag_20_median_mhfATL30, 15_lag_amo1_3835_1"
LRforcedPSO,17,30,nhSICsep,shigh,883.5,2005.5,0.4,32,2,2,23.408789182475804,0.04761517586828043,3835,"['2_lag_29_median_pdoSSTjfm', '13_lag_ormenSSTjfm', '2_lag_3_median_mhfATL60', '16_lag_scpPSLjfm', '6_lag_atlSICsep', '2_lag_10_median_ismPRjja', '2_lag_31_median_traFSC', '19_lag_stratZ50ndj04', '2_lag_6_median_atlSICjfm', '2_lag_28_median_nhTSjfm', '2_lag_31_median_traDP', '22_lag_seurTSjfm', '31_lag_traDS', '30_lag_nhSICsep', '12_lag_scpPSLjfm', '2_lag_5_median_naoPSLjfm', '2_lag_23_median_mhfATL30', '11_lag_stratZ50ndj03', '20_lag_glomaSSTjfm', '4_lag_stratZ50ndj01', '13_lag_traBO', '2_lag_18_median_mhfIP30', '2_lag_9_median_traFS', '25_lag_solFORC', '3_lag_traTLS', '16_lag_labSSTjfm', '2_lag_15_median_traFSC', '24_lag_nppc3SSTjfm', '7_lag_nhTSjfm', '11_lag_traFSC']","[3.3319884107620883, 8.589433598489741, 5.468528645686439, 3.563770150970516, 6.867994900397772, 4.589041352711975, 4.975673110279558, 1.172567138654891, 9.27257803061422, 7.762458900705987, 7.4775665477245035, 6.958300309102974, 2.081890707532626, 0.7871698665855398, 2.3458809877316478, 3.2130925729144, 3.6649863780490968, 1.5946816468397866, 3.9140626062851247, 1.9098922306108062, 9.956074311573609, 0.5370747271802578, 2.638834525434131, 7.088690169567484, 6.983372353887352, 2.1115227536124426, 5.659602624624796, 7.104497450990948, 5.800602309678551, 0.9332135814230398]","2_lag_29_median_pdoSSTjfm, 13_lag_ormenSSTjfm, 2_lag_3_median_mhfATL60, 16_lag_scpPSLjfm, 6_lag_atlSICsep, 2_lag_10_median_ismPRjja, 2_lag_31_median_traFSC, 19_lag_stratZ50ndj04, 2_lag_6_median_atlSICjfm, 2_lag_28_median_nhTSjfm, 2_lag_31_median_traDP, 22_lag_seurTSjfm, 31_lag_traDS, 30_lag_nhSICsep, 12_lag_scpPSLjfm, 2_lag_5_median_naoPSLjfm, 2_lag_23_median_mhfATL30, 11_lag_stratZ50ndj03, 20_lag_glomaSSTjfm, 4_lag_stratZ50ndj01, 13_lag_traBO, 2_lag_18_median_mhfIP30, 2_lag_9_median_traFS, 25_lag_solFORC, 3_lag_traTLS, 16_lag_labSSTjfm, 2_lag_15_median_traFSC, 24_lag_nppc3SSTjfm, 7_lag_nhTSjfm, 11_lag_traFSC_3835_2"
LRforcedPSO,18,30,nhSICsep,shigh,884.5,2005.5,0.4,33,3,3,29.153191520231815,0.156097667280636,3835,"['3_lag_28_median_labSSTjfm', '7_lag_shSICmar', '9_lag_naoPSLjfm', '3_lag_10_median_mhfIP30', '3_lag_5_median_stratZ50ndj01', '6_lag_traBS', '3_lag_18_median_naoPSLjfm', '3_lag_6_median_traIT', '3_lag_31_median_ismPRjja', '9_lag_samPSLann', '3_lag_30_median_wnorPRjfm', '26_lag_stratZ50ndj01', '7_lag_scpPSLjfm', '30_lag_nchinaPRjja', '3_lag_16_median_atlSICsep', '12_lag_nppc3SSTjfm', '16_lag_stratZ50ndj03', '26_lag_tripol1', '27_lag_nhSICjfm', '3_lag_23_median_nchinaPRjja', '3_lag_16_median_traTLS', '11_lag_tripol3', '3_lag_25_median_alpi', '3_lag_31_median_traWP', '4_lag_traFS', '3_lag_7_median_amoSSTmjjaso', '3_lag_10_median_ginwSSTjfm', '3_lag_22_median_satlSSTjfm', '3_lag_19_median_mhfATL30', '3_lag_20_median_shSICsep']","[1.6555717582655998, 1.7403581999425999, 0.47224702891814374, 0.32687195574209227, 8.587860902889384, 1.8749372598361198, 0.8788613701164429, 4.226510598846518, 3.9105226229976076, 8.58547435887272, 6.0946635693010105, 3.9929576422797686, 8.061780724022995, 8.315256455214456, 2.8431346791110954, 2.9095573452022228, 1.8560828943576055, 5.49587534661004, 7.097127303545761, 8.273100083313555, 6.947330487228804, 3.9996185044773256, 6.402970025444413, 9.880106600145233, 7.071843585624007, 7.38971639327386, 6.09487063443459, 2.4604048916592847, 9.150153276685046, 4.096538149745834]","3_lag_28_median_labSSTjfm, 7_lag_shSICmar, 9_lag_naoPSLjfm, 3_lag_10_median_mhfIP30, 3_lag_5_median_stratZ50ndj01, 6_lag_traBS, 3_lag_18_median_naoPSLjfm, 3_lag_6_median_traIT, 3_lag_31_median_ismPRjja, 9_lag_samPSLann, 3_lag_30_median_wnorPRjfm, 26_lag_stratZ50ndj01, 7_lag_scpPSLjfm, 30_lag_nchinaPRjja, 3_lag_16_median_atlSICsep, 12_lag_nppc3SSTjfm, 16_lag_stratZ50ndj03, 26_lag_tripol1, 27_lag_nhSICjfm, 3_lag_23_median_nchinaPRjja, 3_lag_16_median_traTLS, 11_lag_tripol3, 3_lag_25_median_alpi, 3_lag_31_median_traWP, 4_lag_traFS, 3_lag_7_median_amoSSTmjjaso, 3_lag_10_median_ginwSSTjfm, 3_lag_22_median_satlSSTjfm, 3_lag_19_median_mhfATL30, 3_lag_20_median_shSICsep_3835_3"
LRforcedPSO,19,30,nhSICsep,shigh,885.5,2005.5,0.4,34,4,4,22.719561130973542,-0.05614380608597021,3835,"['31_lag_mhfIP30', '4_lag_21_median_stratZ50ndj01', '5_lag_ensoSSTjfm', '18_lag_amo2', '4_lag_9_median_ormenSSTjfm', '4_lag_19_median_traTLS', '8_lag_ensoSSTjfm', '4_lag_11_median_atlSICjfm', '29_lag_traFSC', '32_lag_traIT', '33_lag_traEU', '4_lag_21_median_nhTSjfm', '21_lag_tripol3', '4_lag_23_median_nhSICjfm', '13_lag_samPSLann', '18_lag_traFSC', '26_lag_shSICsep', '4_lag_8_median_tripol2', '4_lag_24_median_amoSSTmjjaso', '4_lag_9_median_wnorPRjfm', '23_lag_tripol2', '4_lag_24_median_stratZ50ndj02', '24_lag_labSSTjfm', '27_lag_wnorPRjfm', '24_lag_traTLS', '10_lag_traFSC', '4_lag_ensoSSTjfm', '14_lag_traBS', '16_lag_atlSICsep', '4_lag_9_median_alpi']","[7.665091359237344, 9.010634980289131, 0.862300292787106, 3.1858930488941084, 7.2017526518164265, 0.02595468947103896, 4.61522370173252, 0.7807348970213361, 2.257316992526036, 6.561393206004141, 0.3659586314155856, 5.269935919116322, 3.1173057968370816, 0.3177237084227471, 8.71567574309508, 6.080873835949426, 5.201173975084579, 5.368455674330143, 6.819908240243269, 8.487851379261937, 3.6016110188853867, 7.144809589071044, 2.0607754895677655, 1.3762423144946734, 1.6235162201123963, 3.6890128942888367, 1.9218384652954175, 6.730348770867152, 4.6025968942018425, 0.5560052159369206]","31_lag_mhfIP30, 4_lag_21_median_stratZ50ndj01, 5_lag_ensoSSTjfm, 18_lag_amo2, 4_lag_9_median_ormenSSTjfm, 4_lag_19_median_traTLS, 8_lag_ensoSSTjfm, 4_lag_11_median_atlSICjfm, 29_lag_traFSC, 32_lag_traIT, 33_lag_traEU, 4_lag_21_median_nhTSjfm, 21_lag_tripol3, 4_lag_23_median_nhSICjfm, 13_lag_samPSLann, 18_lag_traFSC, 26_lag_shSICsep, 4_lag_8_median_tripol2, 4_lag_24_median_amoSSTmjjaso, 4_lag_9_median_wnorPRjfm, 23_lag_tripol2, 4_lag_24_median_stratZ50ndj02, 24_lag_labSSTjfm, 27_lag_wnorPRjfm, 24_lag_traTLS, 10_lag_traFSC, 4_lag_ensoSSTjfm, 14_lag_traBS, 16_lag_atlSICsep, 4_lag_9_median_alpi_3835_4"
LRforcedPSO,20,30,nhSICsep,shigh,886.5,2005.5,0.4,35,5,5,24.352085659069406,-0.1252394655298867,3835,"['12_lag_mhfATL60', '21_lag_stratZ50ndj03', '17_lag_tripol2', '13_lag_traEU', '5_lag_15_median_cetTSjfm', '5_lag_27_median_atlSICsep', '30_lag_stratZ50ndj03', '5_lag_11_median_traFB', '7_lag_cetTSjfm', '5_lag_24_median_traBO', '5_lag_12_median_traFS', '5_lag_18_median_traBS', '5_lag_24_median_nppc2SSTjfm', '20_lag_nchinaPRjja', '15_lag_traDS', '28_lag_AMOCann', '5_lag_29_median_shSICsep', '34_lag_ismPRjja', '10_lag_nhSICsep', '19_lag_ensoSSTjfm', '16_lag_amo2', '12_lag_cetTSjfm', '19_lag_gyreSSTjfm', '13_lag_amoSSTmjjaso', '5_lag_7_median_glTSjfm', '31_lag_traIFC', '5_lag_10_median_pdoSSTjfm', '7_lag_traFS', '5_lag_10_median_traIT', '5_lag_26_median_amoSSTmjjaso']","[2.5030162861987044, 4.593113368746264, 8.169440150174886, 6.957318471804342, 1.9172285101259945, 4.439632834727213, 8.75252510993765, 1.4592643411829478, 3.4871200863101066, 6.576689499403042, 3.2191154471371064, 0.17588214528467105, 1.1804734083737713, 0.3037640779809472, 2.1306552240711714, 3.9460237048184243, 9.871774099270326, 2.7973951284452863, 5.100937634303946, 4.524956518502002, 5.407312586537563, 2.9850067985317956, 4.269065865410111, 6.227109731415537, 2.645882151207058, 0.6803261039236332, 8.837764369158814, 4.579139075087147, 4.261962345698366, 6.327308725742512]","12_lag_mhfATL60, 21_lag_stratZ50ndj03, 17_lag_tripol2, 13_lag_traEU, 5_lag_15_median_cetTSjfm, 5_lag_27_median_atlSICsep, 30_lag_stratZ50ndj03, 5_lag_11_median_traFB, 7_lag_cetTSjfm, 5_lag_24_median_traBO, 5_lag_12_median_traFS, 5_lag_18_median_traBS, 5_lag_24_median_nppc2SSTjfm, 20_lag_nchinaPRjja, 15_lag_traDS, 28_lag_AMOCann, 5_lag_29_median_shSICsep, 34_lag_ismPRjja, 10_lag_nhSICsep, 19_lag_ensoSSTjfm, 16_lag_amo2, 12_lag_cetTSjfm, 19_lag_gyreSSTjfm, 13_lag_amoSSTmjjaso, 5_lag_7_median_glTSjfm, 31_lag_traIFC, 5_lag_10_median_pdoSSTjfm, 7_lag_traFS, 5_lag_10_median_traIT, 5_lag_26_median_amoSSTmjjaso_3835_5"
LRforcedPSO,21,30,nhSICsep,shigh,887.5,2005.5,0.4,36,6,6,25.64644824260102,-0.08417374059703515,3835,"['20_lag_traIFC', '8_lag_tripol2', '21_lag_eapPSLjfm', '6_lag_24_median_traCA', '25_lag_ensoSSTjfm', '22_lag_samPSLann', '6_lag_18_median_ismPRjja', '16_lag_mhfIP30', '6_lag_15_median_naoPSLjfm', '6_lag_7_median_stratZ50ndj03', '6_lag_18_median_traBS', '6_lag_35_median_naoPSLjfm', '6_lag_24_median_traWP', '6_lag_32_median_gyreSSTjfm', '30_lag_nchinaPRjja', '32_lag_amoSSTmjjaso', '14_lag_traBS', '9_lag_arcTSjfm', '8_lag_mhfATL60', '29_lag_satlSSTjfm', '6_lag_34_median_amoSSTmjjaso', '10_lag_traIT', '35_lag_traIT', '6_lag_24_median_traIFC', '16_lag_tripol3', '9_lag_atlSICjfm', '6_lag_19_median_traDP', '25_lag_yrvPRjja', '6_lag_26_median_atlSICjfm', '6_lag_33_median_scpPSLjfm']","[4.861646312334482, 3.1780340396909112, 2.7946849691826703, 0.07140559513405975, 7.198810482946428, 5.45058878033049, 0.9582194850393755, 1.6168194422710158, 0.3837254476603942, 6.1114231914545805, 3.756159985024759, 1.51590721970142, 0.6195915395542944, 7.478229433641086, 3.3382924166046113, 7.770680897429168, 6.704951387418873, 2.1697782220668405, 9.223328714598706, 8.597952582438635, 2.903696774647287, 2.9583078727130196, 7.245603862878955, 2.028361151759645, 0.3677658522440872, 4.899214331634267, 9.911121579624457, 6.144897549777502, 6.128155738288672, 1.8351196592331203]","20_lag_traIFC, 8_lag_tripol2, 21_lag_eapPSLjfm, 6_lag_24_median_traCA, 25_lag_ensoSSTjfm, 22_lag_samPSLann, 6_lag_18_median_ismPRjja, 16_lag_mhfIP30, 6_lag_15_median_naoPSLjfm, 6_lag_7_median_stratZ50ndj03, 6_lag_18_median_traBS, 6_lag_35_median_naoPSLjfm, 6_lag_24_median_traWP, 6_lag_32_median_gyreSSTjfm, 30_lag_nchinaPRjja, 32_lag_amoSSTmjjaso, 14_lag_traBS, 9_lag_arcTSjfm, 8_lag_mhfATL60, 29_lag_satlSSTjfm, 6_lag_34_median_amoSSTmjjaso, 10_lag_traIT, 35_lag_traIT, 6_lag_24_median_traIFC, 16_lag_tripol3, 9_lag_atlSICjfm, 6_lag_19_median_traDP, 25_lag_yrvPRjja, 6_lag_26_median_atlSICjfm, 6_lag_33_median_scpPSLjfm_3835_6"
LRforcedPSO,22,30,nhSICsep,shigh,888.5,2005.5,0.4,37,7,7,20.252998518858558,0.17765913136773834,3835,"['7_lag_13_median_naoPSLjfm', '25_lag_scpPSLjfm', '17_lag_neurTSjfm', '28_lag_scpPSLjfm', '19_lag_shSICmar', '33_lag_amoSSTmjjaso', '26_lag_stratZ50ndj03', '7_lag_8_median_nchinaPRjja', '20_lag_atlSICsep', '7_lag_29_median_labSSTjfm', '7_lag_8_median_shTSjfm', '7_lag_17_median_scpPSLjfm', '33_lag_neurTSjfm', '7_lag_15_median_glTSjfm', '7_lag_33_median_amo3', '7_lag_19_median_stratZ50ndj04', '16_lag_nchinaPRjja', '24_lag_mhfIP30', '7_lag_30_median_shSICsep', '7_lag_29_median_traEC', '20_lag_scpPSLjfm', '15_lag_cetTSjfm', '7_lag_25_median_traBS', '7_lag_21_median_glTSjfm', '19_lag_seurTSjfm', '23_lag_samPSLann', '12_lag_stratZ50ndj03', '7_lag_35_median_AMOCann', '7_lag_27_median_traFSC', '7_lag_34_median_scpPSLjfm']","[1.4211021643052408, 6.6040848321519485, 0.4260158714269835, 0.44983700006342, 0.7034484225574786, 4.300102109999358, 3.6324051385048772, 4.556469611390824, 2.2550232909991452, 8.090519462724616, 1.3133793333968562, 7.0128086458941175, 7.621691682942227, 6.891754875046903, 0.23639857746322335, 4.229873199043959, 0.4103893647925396, 4.153908998308138, 3.9974987937764306, 3.8451647689780177, 3.0662250475218444, 3.0181746766610296, 1.676847078098218, 3.2819808755951136, 2.1590067198302325, 3.5862883019459364, 6.9169668174992545, 7.015810047889788, 5.097416136646025, 4.532404977608033]","7_lag_13_median_naoPSLjfm, 25_lag_scpPSLjfm, 17_lag_neurTSjfm, 28_lag_scpPSLjfm, 19_lag_shSICmar, 33_lag_amoSSTmjjaso, 26_lag_stratZ50ndj03, 7_lag_8_median_nchinaPRjja, 20_lag_atlSICsep, 7_lag_29_median_labSSTjfm, 7_lag_8_median_shTSjfm, 7_lag_17_median_scpPSLjfm, 33_lag_neurTSjfm, 7_lag_15_median_glTSjfm, 7_lag_33_median_amo3, 7_lag_19_median_stratZ50ndj04, 16_lag_nchinaPRjja, 24_lag_mhfIP30, 7_lag_30_median_shSICsep, 7_lag_29_median_traEC, 20_lag_scpPSLjfm, 15_lag_cetTSjfm, 7_lag_25_median_traBS, 7_lag_21_median_glTSjfm, 19_lag_seurTSjfm, 23_lag_samPSLann, 12_lag_stratZ50ndj03, 7_lag_35_median_AMOCann, 7_lag_27_median_traFSC, 7_lag_34_median_scpPSLjfm_3835_7"
LRforcedPSO,23,30,nhSICsep,shigh,889.5,2005.5,0.4,38,8,8,23.155537572779647,-0.08687484710071428,3835,"['8_lag_25_median_ormenSSTjfm', '8_lag_16_median_pdoSSTjfm', '8_lag_ormenSSTjfm', '8_lag_17_median_solFORC', '8_lag_22_median_traCA', '8_lag_27_median_nchinaPRjja', '24_lag_satlSSTjfm', '8_lag_12_median_traBS', '8_lag_20_median_traIT', '8_lag_15_median_cetTSjfm', '8_lag_25_median_mhfIP30', '35_lag_traIFC', '8_lag_15_median_traBO', '8_lag_30_median_stratZ50ndj03', '9_lag_traEU', '8_lag_15_median_traFSC', '33_lag_shSICmar', '8_lag_27_median_eapPSLjfm', '15_lag_traDP', '26_lag_nppc3SSTjfm', '17_lag_seurTSjfm', '8_lag_28_median_traMC', '27_lag_nhTSjfm', '8_lag_36_median_traFS', '8_lag_35_median_AMOCann', '8_lag_12_median_glTSjfm', '8_lag_19_median_traWP', '16_lag_nppc2SSTjfm', '8_lag_31_median_stratZ50ndj03', '20_lag_seurTSjfm']","[9.998788946874594, 5.20283096414315, 4.986537071725721, 9.43217712260813, 5.993207010054025, 2.4731824834608886, 5.263442912082303, 4.948396417181488, 2.3013571535058936, 1.5669475690006447, 2.081136671352537, 1.0059137857263778, 8.744421105940274, 5.391429703040547, 8.508670803374834, 5.624253775705883, 7.845720817033506, 4.25330590915334, 1.503309479129502, 7.365396163129598, 7.094943444745148, 4.910386341908792, 9.360341140351657, 2.695628881887597, 8.134154015839785, 2.241440415012235, 8.322350755257617, 0.704138652882186, 0.08314780865730675, 0.5846184760271615]","8_lag_25_median_ormenSSTjfm, 8_lag_16_median_pdoSSTjfm, 8_lag_ormenSSTjfm, 8_lag_17_median_solFORC, 8_lag_22_median_traCA, 8_lag_27_median_nchinaPRjja, 24_lag_satlSSTjfm, 8_lag_12_median_traBS, 8_lag_20_median_traIT, 8_lag_15_median_cetTSjfm, 8_lag_25_median_mhfIP30, 35_lag_traIFC, 8_lag_15_median_traBO, 8_lag_30_median_stratZ50ndj03, 9_lag_traEU, 8_lag_15_median_traFSC, 33_lag_shSICmar, 8_lag_27_median_eapPSLjfm, 15_lag_traDP, 26_lag_nppc3SSTjfm, 17_lag_seurTSjfm, 8_lag_28_median_traMC, 27_lag_nhTSjfm, 8_lag_36_median_traFS, 8_lag_35_median_AMOCann, 8_lag_12_median_glTSjfm, 8_lag_19_median_traWP, 16_lag_nppc2SSTjfm, 8_lag_31_median_stratZ50ndj03, 20_lag_seurTSjfm_3835_8"
LRforcedPSO,24,30,nhSICsep,shigh,890.5,2005.5,0.4,39,9,9,23.742032659913146,-0.22736903740611955,3835,"['9_lag_15_median_stratZ50ndj02', '16_lag_eapPSLjfm', '37_lag_mhfATL45', '9_lag_33_median_nhSICjfm', '29_lag_ensoSSTjfm', '19_lag_ensoSSTjfm', '31_lag_nppc3SSTjfm', '9_lag_19_median_traEU', '38_lag_solFORC', '9_lag_37_median_nppc2SSTjfm', '9_lag_18_median_nhTSjfm', '36_lag_scpPSLjfm', '9_lag_35_median_nhTSjfm', '38_lag_arcTSjfm', '9_lag_21_median_atlSICsep', '9_lag_15_median_traDS', '9_lag_30_median_samPSLann', '17_lag_traCA', '9_lag_22_median_atlSICjfm', '19_lag_traBS', '9_lag_13_median_wnorPRjfm', '9_lag_18_median_traCA', '9_lag_21_median_gyreSSTjfm', '9_lag_15_median_mhfATL30', '9_lag_37_median_glTSjfm', '15_lag_traIT', '9_lag_34_median_shSICsep', '11_lag_naoPSLjfm', '9_lag_17_median_traFS', '9_lag_24_median_mhfATL45']","[7.7728459554248985, 5.85166067976102, 0.7336055113755116, 1.680063337098371, 0.7338518683630895, 2.666524639077661, 8.161613335357927, 3.980488272642429, 4.979337121064713, 1.585961469611716, 3.2165397836858283, 2.6620844706830926, 0.6273221699831986, 7.630465553033986, 5.482606390304802, 1.5488998821318827, 5.37431851487259, 4.868592855779377, 7.541346472737189, 0.5484274182331923, 6.093549136279557, 1.799618363141109, 4.0773746971108675, 3.9464999969831833, 8.127833758416791, 2.3698508746180487, 7.179924651881372, 6.223275718433332, 0.27700250958474726, 1.4819864391823874]","9_lag_15_median_stratZ50ndj02, 16_lag_eapPSLjfm, 37_lag_mhfATL45, 9_lag_33_median_nhSICjfm, 29_lag_ensoSSTjfm, 19_lag_ensoSSTjfm, 31_lag_nppc3SSTjfm, 9_lag_19_median_traEU, 38_lag_solFORC, 9_lag_37_median_nppc2SSTjfm, 9_lag_18_median_nhTSjfm, 36_lag_scpPSLjfm, 9_lag_35_median_nhTSjfm, 38_lag_arcTSjfm, 9_lag_21_median_atlSICsep, 9_lag_15_median_traDS, 9_lag_30_median_samPSLann, 17_lag_traCA, 9_lag_22_median_atlSICjfm, 19_lag_traBS, 9_lag_13_median_wnorPRjfm, 9_lag_18_median_traCA, 9_lag_21_median_gyreSSTjfm, 9_lag_15_median_mhfATL30, 9_lag_37_median_glTSjfm, 15_lag_traIT, 9_lag_34_median_shSICsep, 11_lag_naoPSLjfm, 9_lag_17_median_traFS, 9_lag_24_median_mhfATL45_3835_9"
LRforcedPSO,25,30,nhSICsep,shigh,891.5,2005.5,0.4,40,10,10,22.807167525433076,0.10316096435979064,3835,"['17_lag_nhSICsep', '26_lag_yrvPRjja', '14_lag_amo2', '34_lag_tripol2', '16_lag_tripol1', '30_lag_cetTSjfm', '36_lag_amo2', '26_lag_traWP', '28_lag_naoPSLjfm', '37_lag_shSICmar', '28_lag_tripol2', '23_lag_nchinaPRjja', '10_lag_21_median_nppc3SSTjfm', '37_lag_traEU', '10_lag_36_median_cetTSjfm', '20_lag_traEC', '19_lag_labSSTjfm', '26_lag_nhTSjfm', '38_lag_ismPRjja', '39_lag_scpPSLjfm', '25_lag_mhfATL30', '10_lag_16_median_atlSICjfm', '25_lag_solFORC', '34_lag_traDP', '30_lag_ormenSSTjfm', '10_lag_34_median_traBS', '27_lag_scpPSLjfm', '24_lag_eapPSLjfm', '10_lag_16_median_scpPSLjfm', '10_lag_22_median_traEC']","[6.901938171524289, 0.14377026796146097, 1.0132648429252438, 1.7628502035664813, 3.7412305368773247, 2.403525945895222, 5.202035072824753, 2.8187852329154044, 4.817005290545686, 1.5268723233708634, 4.677347486700217, 7.223317958797768, 1.2085125580443723, 0.16019823498887753, 8.704310427614262, 5.318806586530538, 3.377756492439797, 7.038775804617345, 0.06496830171830581, 6.4127092489758475, 5.844174344297888, 1.842144927669045, 2.03091514291277, 1.1571171061571093, 1.6409577841265879, 3.0947834325425365, 5.419728893249404, 2.400914739929516, 0.5096083718858306, 8.178867816645266]","17_lag_nhSICsep, 26_lag_yrvPRjja, 14_lag_amo2, 34_lag_tripol2, 16_lag_tripol1, 30_lag_cetTSjfm, 36_lag_amo2, 26_lag_traWP, 28_lag_naoPSLjfm, 37_lag_shSICmar, 28_lag_tripol2, 23_lag_nchinaPRjja, 10_lag_21_median_nppc3SSTjfm, 37_lag_traEU, 10_lag_36_median_cetTSjfm, 20_lag_traEC, 19_lag_labSSTjfm, 26_lag_nhTSjfm, 38_lag_ismPRjja, 39_lag_scpPSLjfm, 25_lag_mhfATL30, 10_lag_16_median_atlSICjfm, 25_lag_solFORC, 34_lag_traDP, 30_lag_ormenSSTjfm, 10_lag_34_median_traBS, 27_lag_scpPSLjfm, 24_lag_eapPSLjfm, 10_lag_16_median_scpPSLjfm, 10_lag_22_median_traEC_3835_10"
LRforcedPSO,26,30,nhSICsep,shigh,892.5,2005.5,0.4,41,11,11,26.716203862386124,-0.17246088461283085,3835,"['27_lag_neurTSjfm', '11_lag_17_median_ismPRjja', '11_lag_26_median_tripol1', '34_lag_traDS', '11_lag_nppc2SSTjfm', '36_lag_seurTSjfm', '11_lag_12_median_traTLS', '11_lag_13_median_stratZ50ndj01', '11_lag_24_median_nppc2SSTjfm', '38_lag_ginwSSTjfm', '11_lag_26_median_cetTSjfm', '21_lag_cetTSjfm', '30_lag_tripol3', '21_lag_yrvPRjja', '11_lag_13_median_alpi', '23_lag_AMOCann', '11_lag_21_median_traBS', '35_lag_eurPSLjfm', '11_lag_24_median_ensoSSTjfm', '11_lag_18_median_yrvPRjja', '24_lag_traBS', '21_lag_AMOCann', '11_lag_16_median_wnorPRjfm', '17_lag_stratZ50ndj01', '11_lag_12_median_shSICsep', '29_lag_AMOCann', '11_lag_33_median_shSICsep', '27_lag_traFB', '11_lag_33_median_mhfATL60', '11_lag_37_median_ensoSSTjfm']","[4.349584416183967, 6.172990279302859, 5.661605099766183, 1.7709881307166757, 3.5993044812559223, 5.06695119498808, 2.941473681913667, 4.060420249676188, 1.1053842798178426, 3.386328870645972, 4.059875455463139, 0.604625034104977, 3.776907834040429, 8.548110787369211, 9.874846861377783, 1.8872675283429867, 7.029495815461678, 0.9153638253282743, 1.9700316306215484, 4.472733658099026, 3.755663788607462, 0.9377166710817768, 9.850997724730648, 3.322002133720785, 4.0577693374110595, 3.095614447280564, 3.2366051719808535, 2.239129166977783, 9.08458365349851, 1.399645173511523]","27_lag_neurTSjfm, 11_lag_17_median_ismPRjja, 11_lag_26_median_tripol1, 34_lag_traDS, 11_lag_nppc2SSTjfm, 36_lag_seurTSjfm, 11_lag_12_median_traTLS, 11_lag_13_median_stratZ50ndj01, 11_lag_24_median_nppc2SSTjfm, 38_lag_ginwSSTjfm, 11_lag_26_median_cetTSjfm, 21_lag_cetTSjfm, 30_lag_tripol3, 21_lag_yrvPRjja, 11_lag_13_median_alpi, 23_lag_AMOCann, 11_lag_21_median_traBS, 35_lag_eurPSLjfm, 11_lag_24_median_ensoSSTjfm, 11_lag_18_median_yrvPRjja, 24_lag_traBS, 21_lag_AMOCann, 11_lag_16_median_wnorPRjfm, 17_lag_stratZ50ndj01, 11_lag_12_median_shSICsep, 29_lag_AMOCann, 11_lag_33_median_shSICsep, 27_lag_traFB, 11_lag_33_median_mhfATL60, 11_lag_37_median_ensoSSTjfm_3835_11"
LRforcedPSO,27,30,nhSICsep,shigh,893.5,2005.5,0.4,42,12,12,22.449271074065916,-0.08043339681099834,3835,"['12_lag_36_median_ensoSSTjfm', '16_lag_tripol1', '32_lag_tripol2', '26_lag_tripol2', '23_lag_ginwSSTjfm', '12_lag_36_median_atlSICjfm', '12_lag_22_median_labSSTjfm', '39_lag_AMOCann', '24_lag_arcTSjfm', '12_lag_41_median_stratZ50ndj04', '12_lag_32_median_traMC', '12_lag_36_median_stratZ50ndj03', '12_lag_22_median_satlSSTjfm', '24_lag_cetTSjfm', '12_lag_37_median_traIFC', '12_lag_16_median_traDP', '23_lag_nppc2SSTjfm', '12_lag_30_median_mhfIP30', '28_lag_nhSICjfm', '12_lag_30_median_yrvPRjja', '12_lag_39_median_glTSjfm', '26_lag_glTSjfm', '12_lag_33_median_mhfATL60', '12_lag_14_median_yrvPRjja', '29_lag_nppc3SSTjfm', '12_lag_34_median_seurTSjfm', '12_lag_22_median_traCA', '25_lag_traIFC', '23_lag_nchinaPRjja', '12_lag_41_median_samPSLann']","[0.7417292520711136, 4.53876389257381, 1.6887791172738709, 6.009289525521272, 8.915897629761606, 6.615280868980541, 2.378133764909654, 4.108145337882487, 3.3450097396511183, 2.695668979629829, 3.3856699029772646, 0.6401257278003651, 9.399717725401302, 1.9472804839665177, 7.061176884992761, 8.02230891185237, 5.788556889645484, 8.066259880499636, 2.8082701704179103, 1.2736443295479525, 2.640844428548636, 4.233198938400293, 7.917570618793681, 1.625111193515945, 7.704727195093019, 3.4091204690684807, 6.869130011882254, 4.466775472117723, 8.10579215370371, 0.15333634830621712]","12_lag_36_median_ensoSSTjfm, 16_lag_tripol1, 32_lag_tripol2, 26_lag_tripol2, 23_lag_ginwSSTjfm, 12_lag_36_median_atlSICjfm, 12_lag_22_median_labSSTjfm, 39_lag_AMOCann, 24_lag_arcTSjfm, 12_lag_41_median_stratZ50ndj04, 12_lag_32_median_traMC, 12_lag_36_median_stratZ50ndj03, 12_lag_22_median_satlSSTjfm, 24_lag_cetTSjfm, 12_lag_37_median_traIFC, 12_lag_16_median_traDP, 23_lag_nppc2SSTjfm, 12_lag_30_median_mhfIP30, 28_lag_nhSICjfm, 12_lag_30_median_yrvPRjja, 12_lag_39_median_glTSjfm, 26_lag_glTSjfm, 12_lag_33_median_mhfATL60, 12_lag_14_median_yrvPRjja, 29_lag_nppc3SSTjfm, 12_lag_34_median_seurTSjfm, 12_lag_22_median_traCA, 25_lag_traIFC, 23_lag_nchinaPRjja, 12_lag_41_median_samPSLann_3835_12"
LRforcedPSO,28,30,nhSICsep,shigh,894.5,2005.5,0.4,43,13,13,26.906047769610524,-0.23070503425141037,3835,"['13_lag_31_median_traBO', '21_lag_nhSICjfm', '40_lag_traIT', '13_lag_38_median_pdoSSTjfm', '13_lag_39_median_stratZ50ndj03', '29_lag_neurTSjfm', '13_lag_32_median_satlSSTjfm', '13_lag_41_median_shSICsep', '32_lag_traBO', '36_lag_neurTSjfm', '13_lag_amo3', '36_lag_shSICsep', '13_lag_37_median_cetTSjfm', '13_lag_22_median_stratZ50ndj03', '25_lag_satlSSTjfm', '13_lag_38_median_shSICsep', '13_lag_40_median_stratZ50ndj01', '24_lag_traCA', '13_lag_17_median_wnorPRjfm', '13_lag_27_median_stratZ50ndj03', '13_lag_24_median_cetTSjfm', '13_lag_26_median_ginwSSTjfm', '28_lag_amo3', '39_lag_arcTSjfm', '36_lag_scpPSLjfm', '29_lag_atlSICjfm', '13_lag_25_median_tripol3', '40_lag_traBO', '31_lag_traFS', '41_lag_nppc3SSTjfm']","[4.8454501124265885, 4.070769533185651, 5.6770560907721155, 5.937324704351294, 0.08855821141093756, 3.9510574920438692, 3.924963661544547, 2.597221702103525, 3.4975255380376025, 2.1312481859034946, 6.282863748473272, 1.1453610501040643, 5.092690821226157, 0.35513783821814293, 3.9578526218772954, 1.6766058455464794, 5.040353537779339, 6.698464166191101, 2.857306415728818, 1.9463151148269553, 4.879016710842881, 5.977660599166777, 5.330928555949237, 5.018856381883541, 5.746049343128181, 2.5188702824008242, 0.1349168626738262, 8.06849722450378, 3.107167852589705, 2.5580093148664895]","13_lag_31_median_traBO, 21_lag_nhSICjfm, 40_lag_traIT, 13_lag_38_median_pdoSSTjfm, 13_lag_39_median_stratZ50ndj03, 29_lag_neurTSjfm, 13_lag_32_median_satlSSTjfm, 13_lag_41_median_shSICsep, 32_lag_traBO, 36_lag_neurTSjfm, 13_lag_amo3, 36_lag_shSICsep, 13_lag_37_median_cetTSjfm, 13_lag_22_median_stratZ50ndj03, 25_lag_satlSSTjfm, 13_lag_38_median_shSICsep, 13_lag_40_median_stratZ50ndj01, 24_lag_traCA, 13_lag_17_median_wnorPRjfm, 13_lag_27_median_stratZ50ndj03, 13_lag_24_median_cetTSjfm, 13_lag_26_median_ginwSSTjfm, 28_lag_amo3, 39_lag_arcTSjfm, 36_lag_scpPSLjfm, 29_lag_atlSICjfm, 13_lag_25_median_tripol3, 40_lag_traBO, 31_lag_traFS, 41_lag_nppc3SSTjfm_3835_13"
LRforcedPSO,29,30,nhSICsep,shigh,895.5,2005.5,0.4,44,14,14,25.891001681574924,0.12188349292163937,3835,"['14_lag_27_median_nchinaPRjja', '14_lag_16_median_shTSjfm', '14_lag_33_median_shSICmar', '34_lag_alpi', '14_lag_35_median_traBO', '14_lag_26_median_wnorPRjfm', '14_lag_37_median_stratZ50ndj03', '14_lag_36_median_traEU', '14_lag_20_median_traEU', '14_lag_40_median_traIFC', '40_lag_solFORC', '14_lag_36_median_wnorPRjfm', '14_lag_22_median_yrvPRjja', '31_lag_ensoSSTjfm', '28_lag_amo2', '14_lag_25_median_glTSjfm', '26_lag_mhfATL30', '14_lag_42_median_tripol3', '31_lag_solFORC', '14_lag_28_median_traBO', '43_lag_traWP', '34_lag_tripol2', '28_lag_cetTSjfm', '38_lag_nppc2SSTjfm', '21_lag_mhfATL30', '29_lag_wnorPRjfm', '14_lag_38_median_seurTSjfm', '33_lag_nhTSjfm', '35_lag_atlSICsep', '14_lag_amoSSTmjjaso']","[0.9788304503261074, 9.172019834512835, 5.457909815939064, 7.60450023131408, 8.876606029768162, 2.892519767779569, 0.857004192350665, 3.438630232609814, 5.973054675326024, 0.11857465494211539, 8.553625679958397, 8.157801498502018, 3.5275994374714585, 9.23682820896288, 2.2544651071224138, 1.4291222755827455, 3.7547652099007216, 0.6848148125821005, 5.968732183572827, 3.135680376359269, 2.721097649180642, 0.13486838826479897, 1.8125829706858951, 3.7881054330980612, 0.7747465535037819, 5.898541583505201, 7.7200992228974075, 4.181613724280028, 7.1937841094935955, 5.2752235035085775]","14_lag_27_median_nchinaPRjja, 14_lag_16_median_shTSjfm, 14_lag_33_median_shSICmar, 34_lag_alpi, 14_lag_35_median_traBO, 14_lag_26_median_wnorPRjfm, 14_lag_37_median_stratZ50ndj03, 14_lag_36_median_traEU, 14_lag_20_median_traEU, 14_lag_40_median_traIFC, 40_lag_solFORC, 14_lag_36_median_wnorPRjfm, 14_lag_22_median_yrvPRjja, 31_lag_ensoSSTjfm, 28_lag_amo2, 14_lag_25_median_glTSjfm, 26_lag_mhfATL30, 14_lag_42_median_tripol3, 31_lag_solFORC, 14_lag_28_median_traBO, 43_lag_traWP, 34_lag_tripol2, 28_lag_cetTSjfm, 38_lag_nppc2SSTjfm, 21_lag_mhfATL30, 29_lag_wnorPRjfm, 14_lag_38_median_seurTSjfm, 33_lag_nhTSjfm, 35_lag_atlSICsep, 14_lag_amoSSTmjjaso_3835_14"
LRforcedPSO,30,30,nhSICsep,shigh,896.5,2005.5,0.4,45,15,15,20.384297419817127,0.016940450045998347,3835,"['15_lag_37_median_mhfIP30', '23_lag_stratZ50ndj04', '15_lag_27_median_tripol3', '26_lag_traFS', '44_lag_glomaSSTjfm', '15_lag_39_median_solFORC', '39_lag_traFS', '15_lag_22_median_tripol2', '42_lag_stratZ50ndj04', '15_lag_24_median_tripol3', '18_lag_mhfIP30', '15_lag_22_median_cetTSjfm', '15_lag_35_median_traFB', '21_lag_traFSC', '15_lag_39_median_atlSICjfm', '15_lag_38_median_nchinaPRjja', '15_lag_23_median_labSSTjfm', '15_lag_38_median_glomaSSTjfm', '40_lag_traDS', '15_lag_22_median_glomaSSTjfm', '15_lag_44_median_neurTSjfm', '26_lag_eapPSLjfm', '32_lag_mhfATL30', '23_lag_nhSICsep', '15_lag_31_median_traFSC', '15_lag_22_median_traDP', '15_lag_37_median_traCA', '15_lag_40_median_eapPSLjfm', '15_lag_26_median_arcTSjfm', '22_lag_yrvPRjja']","[3.9265266189584374, 6.424943162120702, 6.117679279506682, 2.2855063727132663, 0.7199328791067359, 4.25954421444658, 0.8270802070340615, 2.307820003219474, 7.582116846510079, 0.6698374537478546, 1.4004943021500278, 7.655912297240402, 0.27993506545064406, 4.522363473777431, 0.4177507088321182, 1.3311142705577002, 7.818846157917097, 5.153562301913532, 3.5041711621274167, 1.9175259084490932, 5.7406888289756814, 2.769940445695241, 0.09791128069356603, 5.582614149942254, 0.010794625123802248, 7.435360492370599, 0.04738378930192155, 1.3523384661339222, 0.9166198104401957, 7.929340604701727]","15_lag_37_median_mhfIP30, 23_lag_stratZ50ndj04, 15_lag_27_median_tripol3, 26_lag_traFS, 44_lag_glomaSSTjfm, 15_lag_39_median_solFORC, 39_lag_traFS, 15_lag_22_median_tripol2, 42_lag_stratZ50ndj04, 15_lag_24_median_tripol3, 18_lag_mhfIP30, 15_lag_22_median_cetTSjfm, 15_lag_35_median_traFB, 21_lag_traFSC, 15_lag_39_median_atlSICjfm, 15_lag_38_median_nchinaPRjja, 15_lag_23_median_labSSTjfm, 15_lag_38_median_glomaSSTjfm, 40_lag_traDS, 15_lag_22_median_glomaSSTjfm, 15_lag_44_median_neurTSjfm, 26_lag_eapPSLjfm, 32_lag_mhfATL30, 23_lag_nhSICsep, 15_lag_31_median_traFSC, 15_lag_22_median_traDP, 15_lag_37_median_traCA, 15_lag_40_median_eapPSLjfm, 15_lag_26_median_arcTSjfm, 22_lag_yrvPRjja_3835_15"
LRforcedPSO,31,30,nhSICsep,shigh,897.5,2005.5,0.4,46,16,16,22.30309412300094,0.11447539544613318,3835,"['17_lag_amo3', '27_lag_mhfATL30', '16_lag_22_median_naoPSLjfm', '16_lag_naoPSLjfm', '16_lag_42_median_nhSICsep', '41_lag_nchinaPRjja', '16_lag_36_median_traEU', '23_lag_traWP', '16_lag_27_median_amo2', '16_lag_39_median_traIFC', '35_lag_shSICmar', '16_lag_37_median_labSSTjfm', '17_lag_eapPSLjfm', '40_lag_eurPSLjfm', '30_lag_mhfIP30', '44_lag_stratZ50ndj01', '16_lag_23_median_traEC', '17_lag_nhSICsep', '18_lag_amo3', '16_lag_24_median_nhTSjfm', '45_lag_nhTSjfm', '16_lag_18_median_nhTSjfm', '24_lag_stratZ50ndj04', '16_lag_21_median_traFSC', '42_lag_mhfIP30', '17_lag_traMC', '45_lag_yrvPRjja', '16_lag_41_median_ormenSSTjfm', '16_lag_25_median_traIFC', '16_lag_44_median_mhfATL30']","[0.7723292693557422, 3.8025668300903632, 1.3099963334552598, 1.4393176976178683, 9.76244969494777, 5.3696172264296615, 8.307959521115702, 8.52460833284432, 1.0535432465506993, 2.04404454486005, 6.765652634122535, 3.3529677687649295, 7.65248513788589, 7.226895531624912, 0.19464165219805274, 3.474667277615282, 2.366308549882115, 2.938598960415092, 6.624251836664763, 0.32283121468956466, 4.181618639109046, 3.3261607886097933, 1.555500269595921, 7.4125192721001625, 2.073789107389217, 6.943239718700795, 1.6321704132136041, 4.559744008009501, 3.451788267314509, 3.9839924133846294]","17_lag_amo3, 27_lag_mhfATL30, 16_lag_22_median_naoPSLjfm, 16_lag_naoPSLjfm, 16_lag_42_median_nhSICsep, 41_lag_nchinaPRjja, 16_lag_36_median_traEU, 23_lag_traWP, 16_lag_27_median_amo2, 16_lag_39_median_traIFC, 35_lag_shSICmar, 16_lag_37_median_labSSTjfm, 17_lag_eapPSLjfm, 40_lag_eurPSLjfm, 30_lag_mhfIP30, 44_lag_stratZ50ndj01, 16_lag_23_median_traEC, 17_lag_nhSICsep, 18_lag_amo3, 16_lag_24_median_nhTSjfm, 45_lag_nhTSjfm, 16_lag_18_median_nhTSjfm, 24_lag_stratZ50ndj04, 16_lag_21_median_traFSC, 42_lag_mhfIP30, 17_lag_traMC, 45_lag_yrvPRjja, 16_lag_41_median_ormenSSTjfm, 16_lag_25_median_traIFC, 16_lag_44_median_mhfATL30_3835_16"
LRforcedPSO,32,30,nhSICsep,shigh,898.5,2005.5,0.4,47,17,17,22.499668418585014,0.22549570549743256,3835,"['17_lag_25_median_traDS', '17_lag_40_median_ginwSSTjfm', '44_lag_traDP', '26_lag_traFS', '17_lag_36_median_wnorPRjfm', '22_lag_traEC', '17_lag_43_median_traDS', '17_lag_18_median_traCA', '18_lag_traIT', '33_lag_tripol2', '37_lag_traWP', '45_lag_traTLS', '17_lag_39_median_mhfATL45', '17_lag_27_median_traCA', '17_lag_41_median_tripol2', '17_lag_22_median_nppc3SSTjfm', '34_lag_tripol2', '32_lag_satlSSTjfm', '38_lag_tripol1', '33_lag_mhfATL30', '32_lag_amoSSTmjjaso', '17_lag_40_median_traBS', '17_lag_40_median_eurPSLjfm', '36_lag_traFSC', '44_lag_alpi', '17_lag_44_median_glomaSSTjfm', '25_lag_traEC', '25_lag_cetTSjfm', '17_lag_43_median_satlSSTjfm', '22_lag_ensoSSTjfm']","[2.712228797144098, 5.268441121070476, 8.517575469385266, 5.441658673742753, 0.15575746246623368, 4.892753098359112, 5.7507313611233535, 1.966249530935487, 4.114966999769557, 5.991243247373836, 0.5859147449410536, 0.07594592084305773, 0.8222170218038869, 0.38882056072847604, 7.45884109731422, 4.701435211644274, 5.797059253981761, 7.692299535483647, 4.20220812106707, 1.2912790696939513, 1.7058795682154653, 1.1052902047055753, 0.4869030316267704, 0.4592345912816924, 2.703292341200756, 6.631185294205824, 2.65837355225986, 0.9126394730718363, 7.83476634730895, 2.422567314337596]","17_lag_25_median_traDS, 17_lag_40_median_ginwSSTjfm, 44_lag_traDP, 26_lag_traFS, 17_lag_36_median_wnorPRjfm, 22_lag_traEC, 17_lag_43_median_traDS, 17_lag_18_median_traCA, 18_lag_traIT, 33_lag_tripol2, 37_lag_traWP, 45_lag_traTLS, 17_lag_39_median_mhfATL45, 17_lag_27_median_traCA, 17_lag_41_median_tripol2, 17_lag_22_median_nppc3SSTjfm, 34_lag_tripol2, 32_lag_satlSSTjfm, 38_lag_tripol1, 33_lag_mhfATL30, 32_lag_amoSSTmjjaso, 17_lag_40_median_traBS, 17_lag_40_median_eurPSLjfm, 36_lag_traFSC, 44_lag_alpi, 17_lag_44_median_glomaSSTjfm, 25_lag_traEC, 25_lag_cetTSjfm, 17_lag_43_median_satlSSTjfm, 22_lag_ensoSSTjfm_3835_17"
LRforcedPSO,33,30,nhSICsep,shigh,899.5,2005.5,0.4,48,18,18,22.815727672346675,0.08521534468386373,3835,"['46_lag_stratZ50ndj01', '34_lag_yrvPRjja', '18_lag_41_median_mhfATL60', '18_lag_40_median_shSICsep', '22_lag_yrvPRjja', '18_lag_36_median_traFSC', '23_lag_satlSSTjfm', '18_lag_43_median_eurPSLjfm', '24_lag_yrvPRjja', '18_lag_44_median_traCA', '29_lag_neurTSjfm', '18_lag_41_median_traFB', '31_lag_neurTSjfm', '31_lag_naoPSLjfm', '41_lag_wnorPRjfm', '25_lag_traFB', '18_lag_24_median_mhfATL30', '18_lag_31_median_AMOCann', '18_lag_21_median_tripol3', '28_lag_traTLS', '18_lag_45_median_alpi', '46_lag_traDP', '18_lag_19_median_traBO', '18_lag_36_median_traIT', '18_lag_29_median_eapPSLjfm', '18_lag_37_median_tripol2', '39_lag_traDS', '18_lag_30_median_nppc3SSTjfm', '30_lag_glomaSSTjfm', '18_lag_29_median_nhSICjfm']","[6.1567570931914, 7.780419419254057, 5.835346843142222, 0.0723741924232808, 6.054558076953555, 2.6610141505057605, 8.428565859335702, 0.23112616174149636, 0.16867264921626557, 7.4677848396213875, 2.57772511949268, 1.185559705043623, 4.752063152438922, 1.2193104700746318, 3.2203419862397897, 4.905918760751891, 7.31820431575742, 3.874678883185247, 3.6003289656311965, 5.025068124843763, 8.173241501142112, 2.075110186481087, 5.071894796995588, 5.111287383942129, 7.635854475817979, 3.704063432981437, 1.5858496532745932, 4.916463177422181, 4.615991681840592, 1.4853820283785328]","46_lag_stratZ50ndj01, 34_lag_yrvPRjja, 18_lag_41_median_mhfATL60, 18_lag_40_median_shSICsep, 22_lag_yrvPRjja, 18_lag_36_median_traFSC, 23_lag_satlSSTjfm, 18_lag_43_median_eurPSLjfm, 24_lag_yrvPRjja, 18_lag_44_median_traCA, 29_lag_neurTSjfm, 18_lag_41_median_traFB, 31_lag_neurTSjfm, 31_lag_naoPSLjfm, 41_lag_wnorPRjfm, 25_lag_traFB, 18_lag_24_median_mhfATL30, 18_lag_31_median_AMOCann, 18_lag_21_median_tripol3, 28_lag_traTLS, 18_lag_45_median_alpi, 46_lag_traDP, 18_lag_19_median_traBO, 18_lag_36_median_traIT, 18_lag_29_median_eapPSLjfm, 18_lag_37_median_tripol2, 39_lag_traDS, 18_lag_30_median_nppc3SSTjfm, 30_lag_glomaSSTjfm, 18_lag_29_median_nhSICjfm_3835_18"
LRforcedPSO,34,30,nhSICsep,shigh,900.5,2005.5,0.4,49,19,19,20.169433448513477,0.11700336973421344,3835,"['23_lag_traDS', '47_lag_tripol1', '44_lag_tripol1', '24_lag_glomaSSTjfm', '19_lag_26_median_traEC', '19_lag_48_median_mhfATL45', '19_lag_40_median_yrvPRjja', '19_lag_43_median_traMC', '22_lag_atlSICsep', '36_lag_nppc2SSTjfm', '19_lag_22_median_traEC', '48_lag_naoPSLjfm', '19_lag_28_median_AMOCann', '19_lag_39_median_gyreSSTjfm', '19_lag_34_median_traBO', '40_lag_labSSTjfm', '29_lag_AMOCann', '30_lag_eurPSLjfm', '45_lag_traDS', '19_lag_39_median_traEC', '19_lag_23_median_satlSSTjfm', '42_lag_traDP', '37_lag_amo3', '33_lag_eurPSLjfm', '35_lag_shTSjfm', '46_lag_traTLS', '32_lag_gyreSSTjfm', '45_lag_samPSLann', '46_lag_ginwSSTjfm', '30_lag_amoSSTmjjaso']","[5.036903424705548, 2.8527333681257065, 2.955068545779149, 2.9676912925219945, 7.498235693966485, 1.740722857994788, 8.716896601355806, 0.1885072743893712, 1.7806967215681233, 1.557054828280899, 3.204660102927388, 2.809360201084303, 3.109028700974525, 7.276921843725665, 3.3611607465857123, 8.065330768328035, 2.2965632606487763, 5.5557896779954135, 6.295130236180963, 0.3885601346522005, 8.924149303989656, 6.19615180985857, 3.325695679286083, 8.621154417834095, 2.806637181559828, 0.9302283429706648, 2.547770552826365, 5.667950673485048, 3.717586137695779, 4.602095978332354]","23_lag_traDS, 47_lag_tripol1, 44_lag_tripol1, 24_lag_glomaSSTjfm, 19_lag_26_median_traEC, 19_lag_48_median_mhfATL45, 19_lag_40_median_yrvPRjja, 19_lag_43_median_traMC, 22_lag_atlSICsep, 36_lag_nppc2SSTjfm, 19_lag_22_median_traEC, 48_lag_naoPSLjfm, 19_lag_28_median_AMOCann, 19_lag_39_median_gyreSSTjfm, 19_lag_34_median_traBO, 40_lag_labSSTjfm, 29_lag_AMOCann, 30_lag_eurPSLjfm, 45_lag_traDS, 19_lag_39_median_traEC, 19_lag_23_median_satlSSTjfm, 42_lag_traDP, 37_lag_amo3, 33_lag_eurPSLjfm, 35_lag_shTSjfm, 46_lag_traTLS, 32_lag_gyreSSTjfm, 45_lag_samPSLann, 46_lag_ginwSSTjfm, 30_lag_amoSSTmjjaso_3835_19"
LRforcedPSO,35,30,nhSICsep,shigh,901.5,2005.5,0.4,50,20,20,21.289898111007833,0.08682905573599164,3835,"['20_lag_23_median_arcTSjfm', '20_lag_41_median_tripol1', '20_lag_45_median_mhfATL60', '20_lag_42_median_mhfIP30', '20_lag_43_median_nppc2SSTjfm', '20_lag_24_median_nhTSjfm', '28_lag_satlSSTjfm', '20_lag_ginwSSTjfm', '31_lag_stratZ50ndj03', '20_lag_26_median_labSSTjfm', '20_lag_30_median_ensoSSTjfm', '20_lag_23_median_traMC', '44_lag_satlSSTjfm', '22_lag_wnorPRjfm', '20_lag_30_median_shSICsep', '48_lag_nppc2SSTjfm', '20_lag_34_median_gyreSSTjfm', '33_lag_stratZ50ndj02', '20_lag_27_median_tripol2', '23_lag_traMC', '23_lag_mhfATL45', '49_lag_traFB', '20_lag_48_median_cetTSjfm', '48_lag_stratZ50ndj01', '34_lag_nhSICjfm', '22_lag_neurTSjfm', '20_lag_29_median_nppc3SSTjfm', '20_lag_38_median_yrvPRjja', '29_lag_nhSICjfm', '20_lag_46_median_pdoSSTjfm']","[1.5078673249207135, 1.769044092062499, 2.6485821947193617, 6.48723815254553, 6.274570397522483, 4.72489690197926, 5.733487606274888, 4.6906867440785565, 2.6148484230362996, 0.5868580692691356, 6.3775992649439495, 0.6359830060750653, 4.459203195724751, 0.6790795871075019, 6.095139956021246, 0.5944101834405373, 3.4233337537509367, 2.2305618713439284, 6.73580563428658, 5.981513259362075, 1.6582235215756675, 3.235674414583376, 7.8565732638989445, 5.046332292889346, 7.228049341477519, 4.185010345961098, 3.721452187849767, 4.00175675917944, 3.4324998730453906, 5.81189764806542]","20_lag_23_median_arcTSjfm, 20_lag_41_median_tripol1, 20_lag_45_median_mhfATL60, 20_lag_42_median_mhfIP30, 20_lag_43_median_nppc2SSTjfm, 20_lag_24_median_nhTSjfm, 28_lag_satlSSTjfm, 20_lag_ginwSSTjfm, 31_lag_stratZ50ndj03, 20_lag_26_median_labSSTjfm, 20_lag_30_median_ensoSSTjfm, 20_lag_23_median_traMC, 44_lag_satlSSTjfm, 22_lag_wnorPRjfm, 20_lag_30_median_shSICsep, 48_lag_nppc2SSTjfm, 20_lag_34_median_gyreSSTjfm, 33_lag_stratZ50ndj02, 20_lag_27_median_tripol2, 23_lag_traMC, 23_lag_mhfATL45, 49_lag_traFB, 20_lag_48_median_cetTSjfm, 48_lag_stratZ50ndj01, 34_lag_nhSICjfm, 22_lag_neurTSjfm, 20_lag_29_median_nppc3SSTjfm, 20_lag_38_median_yrvPRjja, 29_lag_nhSICjfm, 20_lag_46_median_pdoSSTjfm_3835_20"
LRforcedPSO,36,30,nhSICsep,shigh,902.5,2005.5,0.4,51,21,21,23.314851628983476,-0.14881430344727936,3835,"['21_lag_33_median_cetTSjfm', '31_lag_naoPSLjfm', '21_lag_31_median_glomaSSTjfm', '47_lag_samPSLann', '37_lag_traDS', '21_lag_49_median_shSICsep', '21_lag_25_median_traFB', '28_lag_traEU', '30_lag_traTLS', '21_lag_36_median_traBS', '21_lag_29_median_tripol2', '21_lag_40_median_wnorPRjfm', '21_lag_38_median_traWP', '33_lag_glTSjfm', '25_lag_ensoSSTjfm', '33_lag_traDS', '23_lag_ismPRjja', '27_lag_traTLS', '43_lag_traCA', '34_lag_nhSICjfm', '21_lag_38_median_traBS', '21_lag_36_median_satlSSTjfm', '33_lag_mhfATL30', '21_lag_38_median_seurTSjfm', '21_lag_22_median_eurPSLjfm', '29_lag_satlSSTjfm', '28_lag_scpPSLjfm', '21_lag_24_median_traCA', '49_lag_gyreSSTjfm', '21_lag_44_median_solFORC']","[1.8783322573111505, 0.8472510248283722, 9.250826529059722, 3.929046366185238, 4.594299187403623, 1.1117298301760599, 6.313007714999152, 4.144691140421113, 2.4655357556457034, 0.9101143662823326, 0.9185874940673937, 4.365293423262964, 4.276293947752539, 0.22057470524466538, 9.545040930618047, 3.1592163205283015, 2.2625016590848057, 3.6626925863015654, 4.270681798225766, 7.528117893506845, 9.025998659887245, 4.042171191915667, 7.876839047288571, 3.379740933767028, 0.9471011358567729, 2.6138654425246983, 0.6053000618682329, 8.889681058664408, 0.5259996919253638, 3.3487789269034813]","21_lag_33_median_cetTSjfm, 31_lag_naoPSLjfm, 21_lag_31_median_glomaSSTjfm, 47_lag_samPSLann, 37_lag_traDS, 21_lag_49_median_shSICsep, 21_lag_25_median_traFB, 28_lag_traEU, 30_lag_traTLS, 21_lag_36_median_traBS, 21_lag_29_median_tripol2, 21_lag_40_median_wnorPRjfm, 21_lag_38_median_traWP, 33_lag_glTSjfm, 25_lag_ensoSSTjfm, 33_lag_traDS, 23_lag_ismPRjja, 27_lag_traTLS, 43_lag_traCA, 34_lag_nhSICjfm, 21_lag_38_median_traBS, 21_lag_36_median_satlSSTjfm, 33_lag_mhfATL30, 21_lag_38_median_seurTSjfm, 21_lag_22_median_eurPSLjfm, 29_lag_satlSSTjfm, 28_lag_scpPSLjfm, 21_lag_24_median_traCA, 49_lag_gyreSSTjfm, 21_lag_44_median_solFORC_3835_21"
LRforcedPSO,37,30,nhSICsep,shigh,903.5,2005.5,0.4,52,22,22,24.750274792304904,-0.13719129593799037,3835,"['22_lag_37_median_naoPSLjfm', '22_lag_36_median_eurPSLjfm', '41_lag_labSSTjfm', '50_lag_amo3', '38_lag_atlSICsep', '22_lag_32_median_nhTSjfm', '22_lag_mhfIP30', '23_lag_alpi', '22_lag_49_median_mhfIP30', '24_lag_traIFC', '29_lag_solFORC', '22_lag_25_median_nhSICjfm', '50_lag_arcTSjfm', '44_lag_traEU', '22_lag_38_median_atlSICjfm', '51_lag_glTSjfm', '22_lag_34_median_wnorPRjfm', '22_lag_25_median_amoSSTmjjaso', '22_lag_46_median_glTSjfm', '22_lag_tripol3', '22_lag_42_median_labSSTjfm', '34_lag_tripol3', '25_lag_solFORC', '41_lag_samPSLann', '22_lag_38_median_shTSjfm', '40_lag_traIFC', '37_lag_traEC', '51_lag_stratZ50ndj04', '22_lag_yrvPRjja', '22_lag_35_median_traIT']","[1.716350498090712, 7.818824653634387, 9.0721933641215, 2.010515070895589, 0.4964897085515396, 5.652819109973519, 2.3825174636774378, 7.6065277907696505, 2.5161577897160203, 7.4911222447572134, 0.7065174208426974, 5.314437961417385, 4.7555062349062, 0.7270864623893374, 6.686065806369774, 2.058531992031863, 1.5334932166338593, 1.9859854763062224, 9.711243019019218, 4.47719317395721, 5.734991479484126, 0.6025653801258919, 6.604213149015807, 1.215430120824827, 2.7400107138641516, 1.59530021863295, 3.5994401913753116, 3.1102478703116816, 7.192178780295066, 9.28282119447248]","22_lag_37_median_naoPSLjfm, 22_lag_36_median_eurPSLjfm, 41_lag_labSSTjfm, 50_lag_amo3, 38_lag_atlSICsep, 22_lag_32_median_nhTSjfm, 22_lag_mhfIP30, 23_lag_alpi, 22_lag_49_median_mhfIP30, 24_lag_traIFC, 29_lag_solFORC, 22_lag_25_median_nhSICjfm, 50_lag_arcTSjfm, 44_lag_traEU, 22_lag_38_median_atlSICjfm, 51_lag_glTSjfm, 22_lag_34_median_wnorPRjfm, 22_lag_25_median_amoSSTmjjaso, 22_lag_46_median_glTSjfm, 22_lag_tripol3, 22_lag_42_median_labSSTjfm, 34_lag_tripol3, 25_lag_solFORC, 41_lag_samPSLann, 22_lag_38_median_shTSjfm, 40_lag_traIFC, 37_lag_traEC, 51_lag_stratZ50ndj04, 22_lag_yrvPRjja, 22_lag_35_median_traIT_3835_22"
LRforcedPSO,38,30,nhSICsep,shigh,904.5,2005.5,0.4,53,23,23,24.757898106391725,-0.15908740898139337,3835,"['41_lag_traFSC', '23_lag_eurPSLjfm', '26_lag_labSSTjfm', '32_lag_eapPSLjfm', '43_lag_nppc3SSTjfm', '28_lag_traDS', '23_lag_49_median_scpPSLjfm', '23_lag_32_median_stratZ50ndj01', '24_lag_AMOCann', '38_lag_atlSICjfm', '42_lag_mhfATL45', '23_lag_52_median_eapPSLjfm', '23_lag_29_median_traEU', '23_lag_49_median_traEC', '31_lag_traCA', '23_lag_40_median_glomaSSTjfm', '49_lag_ormenSSTjfm', '23_lag_52_median_mhfIP30', '45_lag_shSICsep', '23_lag_37_median_gyreSSTjfm', '52_lag_traEC', '23_lag_35_median_mhfATL30', '23_lag_35_median_stratZ50ndj01', '28_lag_nppc3SSTjfm', '23_lag_45_median_scpPSLjfm', '23_lag_48_median_tripol2', '23_lag_51_median_traEC', '42_lag_ismPRjja', '30_lag_glTSjfm', '40_lag_traBS']","[1.092447495628182, 4.594018996800372, 6.3794197010142355, 3.572930304629729, 3.684528581776645, 2.381823405355224, 6.194540326650699, 0.9370447704866596, 1.9008734917078147, 6.139219859088303, 2.1044881018259805, 9.881885385426548, 4.821522164416114, 2.1472530438463995, 0.7295567485394052, 1.7245650649393962, 2.0831761648144482, 4.853225081384521, 8.0747071076723, 5.047492765521544, 2.9802337358277793, 1.533658808711591, 4.685988116398857, 7.154066562698201, 4.103296388318006, 5.417424548496337, 1.4373772160411686, 6.270237757549131, 0.7559853542935819, 4.825344673690266]","41_lag_traFSC, 23_lag_eurPSLjfm, 26_lag_labSSTjfm, 32_lag_eapPSLjfm, 43_lag_nppc3SSTjfm, 28_lag_traDS, 23_lag_49_median_scpPSLjfm, 23_lag_32_median_stratZ50ndj01, 24_lag_AMOCann, 38_lag_atlSICjfm, 42_lag_mhfATL45, 23_lag_52_median_eapPSLjfm, 23_lag_29_median_traEU, 23_lag_49_median_traEC, 31_lag_traCA, 23_lag_40_median_glomaSSTjfm, 49_lag_ormenSSTjfm, 23_lag_52_median_mhfIP30, 45_lag_shSICsep, 23_lag_37_median_gyreSSTjfm, 52_lag_traEC, 23_lag_35_median_mhfATL30, 23_lag_35_median_stratZ50ndj01, 28_lag_nppc3SSTjfm, 23_lag_45_median_scpPSLjfm, 23_lag_48_median_tripol2, 23_lag_51_median_traEC, 42_lag_ismPRjja, 30_lag_glTSjfm, 40_lag_traBS_3835_23"
LRforcedPSO,39,30,nhSICsep,shigh,905.5,2005.5,0.4,54,24,24,20.160640614151937,0.2482899083052993,3835,"['24_lag_32_median_stratZ50ndj03', '24_lag_51_median_labSSTjfm', '31_lag_scpPSLjfm', '24_lag_28_median_satlSSTjfm', '24_lag_satlSSTjfm', '24_lag_25_median_mhfIP30', '40_lag_glomaSSTjfm', '41_lag_neurTSjfm', '24_lag_31_median_stratZ50ndj02', '41_lag_shTSjfm', '44_lag_yrvPRjja', '24_lag_35_median_samPSLann', '35_lag_nppc3SSTjfm', '32_lag_atlSICsep', '47_lag_traDP', '24_lag_47_median_cetTSjfm', '24_lag_28_median_amo2', '29_lag_tripol3', '24_lag_28_median_traIFC', '28_lag_alpi', '38_lag_satlSSTjfm', '44_lag_wnorPRjfm', '43_lag_traWP', '52_lag_wnorPRjfm', '24_lag_28_median_nhSICsep', '24_lag_40_median_amo3', '24_lag_45_median_gyreSSTjfm', '27_lag_mhfATL45', '24_lag_48_median_shSICsep', '24_lag_32_median_neurTSjfm']","[2.7506310877748152, 0.21430732594232893, 6.804348108571428, 0.37757019611821363, 7.767799824379383, 2.039587643865013, 1.8459083742982365, 0.26380535665671623, 1.9957017864797617, 1.5718441509256245, 9.334773931654205, 1.1086611517539708, 0.8027158873573388, 3.691283649879713, 6.098413657973902, 3.935533993563256, 0.44392149650056467, 0.7114332834056256, 5.76805684818916, 2.843047972792194, 0.5071239118589848, 1.7739661645207718, 0.7778998462106834, 7.6474327584482396, 4.6774354705058645, 7.876807203787621, 1.365950981362671, 1.2397349794009411, 5.431354597189253, 0.429974660461367]","24_lag_32_median_stratZ50ndj03, 24_lag_51_median_labSSTjfm, 31_lag_scpPSLjfm, 24_lag_28_median_satlSSTjfm, 24_lag_satlSSTjfm, 24_lag_25_median_mhfIP30, 40_lag_glomaSSTjfm, 41_lag_neurTSjfm, 24_lag_31_median_stratZ50ndj02, 41_lag_shTSjfm, 44_lag_yrvPRjja, 24_lag_35_median_samPSLann, 35_lag_nppc3SSTjfm, 32_lag_atlSICsep, 47_lag_traDP, 24_lag_47_median_cetTSjfm, 24_lag_28_median_amo2, 29_lag_tripol3, 24_lag_28_median_traIFC, 28_lag_alpi, 38_lag_satlSSTjfm, 44_lag_wnorPRjfm, 43_lag_traWP, 52_lag_wnorPRjfm, 24_lag_28_median_nhSICsep, 24_lag_40_median_amo3, 24_lag_45_median_gyreSSTjfm, 27_lag_mhfATL45, 24_lag_48_median_shSICsep, 24_lag_32_median_neurTSjfm_3835_24"
LRforcedPSO,40,30,nhSICsep,shigh,906.5,2005.5,0.4,55,25,25,19.16043546812042,-0.07400804368632694,3835,"['25_lag_50_median_amoSSTmjjaso', '27_lag_neurTSjfm', '25_lag_54_median_pdoSSTjfm', '25_lag_52_median_amoSSTmjjaso', '46_lag_atlSICsep', '25_lag_28_median_alpi', '25_lag_30_median_traCA', '25_lag_34_median_amo1', '25_lag_38_median_traFSC', '25_lag_46_median_samPSLann', '25_lag_51_median_stratZ50ndj01', '51_lag_eapPSLjfm', '25_lag_40_median_ginwSSTjfm', '25_lag_31_median_glTSjfm', '25_lag_46_median_labSSTjfm', '28_lag_nppc3SSTjfm', '25_lag_40_median_traDP', '25_lag_49_median_traFB', '25_lag_53_median_glTSjfm', '29_lag_pdoSSTjfm', '25_lag_26_median_tripol2', '53_lag_samPSLann', '25_lag_33_median_tripol1', '26_lag_shSICmar', '25_lag_32_median_yrvPRjja', '47_lag_traFB', '47_lag_ormenSSTjfm', '25_lag_46_median_traBO', '25_lag_27_median_pdoSSTjfm', '25_lag_48_median_traFSC']","[3.518401753028744, 5.969112958962006, 5.696722842403872, 7.550604392479114, 1.607038128474672, 1.9379512735220779, 1.0118939112517626, 0.5406282820774102, 0.13593139660533105, 3.900403857640658, 2.6205419684249165, 6.207607289276627, 1.9198934964029934, 5.411042399692382, 0.2780721593855091, 5.304860919315462, 2.0119524293090425, 0.9455532091986267, 1.401550087435874, 1.6606492033503848, 6.7863964229148905, 0.8377905213021748, 8.152136481196482, 2.237178087788852, 4.802236734271181, 3.3810393245152586, 0.9521980410906146, 5.420164226511519, 0.8483817701855259, 6.257293074839049]","25_lag_50_median_amoSSTmjjaso, 27_lag_neurTSjfm, 25_lag_54_median_pdoSSTjfm, 25_lag_52_median_amoSSTmjjaso, 46_lag_atlSICsep, 25_lag_28_median_alpi, 25_lag_30_median_traCA, 25_lag_34_median_amo1, 25_lag_38_median_traFSC, 25_lag_46_median_samPSLann, 25_lag_51_median_stratZ50ndj01, 51_lag_eapPSLjfm, 25_lag_40_median_ginwSSTjfm, 25_lag_31_median_glTSjfm, 25_lag_46_median_labSSTjfm, 28_lag_nppc3SSTjfm, 25_lag_40_median_traDP, 25_lag_49_median_traFB, 25_lag_53_median_glTSjfm, 29_lag_pdoSSTjfm, 25_lag_26_median_tripol2, 53_lag_samPSLann, 25_lag_33_median_tripol1, 26_lag_shSICmar, 25_lag_32_median_yrvPRjja, 47_lag_traFB, 47_lag_ormenSSTjfm, 25_lag_46_median_traBO, 25_lag_27_median_pdoSSTjfm, 25_lag_48_median_traFSC_3835_25"
LRforcedPSO,41,30,nhSICsep,shigh,907.5,2005.5,0.4,56,26,26,22.301752282832258,-0.0012967097216688688,3835,"['49_lag_yrvPRjja', '26_lag_40_median_stratZ50ndj02', '52_lag_tripol2', '26_lag_31_median_pdoSSTjfm', '30_lag_cetTSjfm', '48_lag_nhSICsep', '36_lag_pdoSSTjfm', '26_lag_44_median_ensoSSTjfm', '26_lag_46_median_tripol2', '27_lag_traMC', '26_lag_31_median_tripol3', '35_lag_traCA', '26_lag_34_median_amoSSTmjjaso', '45_lag_stratZ50ndj04', '41_lag_traFB', '35_lag_traIFC', '36_lag_satlSSTjfm', '51_lag_eurPSLjfm', '26_lag_44_median_wnorPRjfm', '47_lag_alpi', '40_lag_labSSTjfm', '50_lag_nhTSjfm', '26_lag_41_median_mhfIP30', '55_lag_traEC', '26_lag_43_median_nchinaPRjja', '26_lag_30_median_arcTSjfm', '26_lag_37_median_alpi', '47_lag_traIT', '26_lag_54_median_atlSICjfm', '55_lag_traFS']","[0.12937388415640783, 6.188887650142878, 0.1538574550475058, 0.18250412344466227, 3.448285997740596, 9.344607252350926, 5.727121415120699, 6.314288033922109, 6.5923933300420465, 3.547338464472305, 2.2469203544443683, 4.929887083080809, 3.9553744485717868, 4.896898891668757, 0.8988217914961254, 2.867425199617589, 8.300306911662648, 5.842763656679104, 0.3911181563206316, 4.924627270136268, 6.4748141704108, 0.9438561462597139, 3.030061253722107, 5.585207380044439, 4.647850291481889, 4.4894729384797945, 2.7573134554033256, 4.205528893876156, 6.1689801201139645, 5.277029394399854]","49_lag_yrvPRjja, 26_lag_40_median_stratZ50ndj02, 52_lag_tripol2, 26_lag_31_median_pdoSSTjfm, 30_lag_cetTSjfm, 48_lag_nhSICsep, 36_lag_pdoSSTjfm, 26_lag_44_median_ensoSSTjfm, 26_lag_46_median_tripol2, 27_lag_traMC, 26_lag_31_median_tripol3, 35_lag_traCA, 26_lag_34_median_amoSSTmjjaso, 45_lag_stratZ50ndj04, 41_lag_traFB, 35_lag_traIFC, 36_lag_satlSSTjfm, 51_lag_eurPSLjfm, 26_lag_44_median_wnorPRjfm, 47_lag_alpi, 40_lag_labSSTjfm, 50_lag_nhTSjfm, 26_lag_41_median_mhfIP30, 55_lag_traEC, 26_lag_43_median_nchinaPRjja, 26_lag_30_median_arcTSjfm, 26_lag_37_median_alpi, 47_lag_traIT, 26_lag_54_median_atlSICjfm, 55_lag_traFS_3835_26"
LRforcedPSO,42,30,nhSICsep,shigh,908.5,2005.5,0.4,57,27,27,22.37672672353839,0.1574510089008202,3835,"['34_lag_traDS', '27_lag_31_median_traIT', '34_lag_mhfATL30', '27_lag_35_median_mhfATL30', '27_lag_53_median_alpi', '34_lag_samPSLann', '27_lag_34_median_nppc3SSTjfm', '38_lag_amo1', '27_lag_42_median_solFORC', '51_lag_solFORC', '27_lag_45_median_nppc2SSTjfm', '51_lag_nhSICsep', '27_lag_42_median_atlSICjfm', '27_lag_36_median_ismPRjja', '31_lag_seurTSjfm', '50_lag_traWP', '52_lag_ismPRjja', '35_lag_traTLS', '28_lag_nhSICjfm', '27_lag_52_median_atlSICjfm', '39_lag_stratZ50ndj04', '46_lag_seurTSjfm', '49_lag_tripol3', '27_lag_37_median_amo3', '27_lag_37_median_traWP', '27_lag_45_median_nchinaPRjja', '46_lag_nhSICsep', '55_lag_traCA', '27_lag_42_median_satlSSTjfm', '27_lag_47_median_stratZ50ndj01']","[1.5890222814178134, 9.780921300651656, 4.642346777285226, 6.42824037937179, 8.674741165104944, 4.99760551965087, 2.8301804098026047, 2.677047056882788, 6.047931415953194, 4.916479439685846, 2.989758637862736, 1.350045452939499, 1.8451753950611014, 5.534313132542572, 0.21788723374684515, 6.790216775153475, 3.624573459581761, 7.739623318013983, 3.347402116186169, 1.4443938386031299, 5.337954286542409, 0.20825667033957274, 3.234587353046063, 5.9502800775554965, 3.8217668531284428, 0.4227318760055798, 8.879553667479358, 8.542181888436907, 5.495618633901723, 5.422135601044433]","34_lag_traDS, 27_lag_31_median_traIT, 34_lag_mhfATL30, 27_lag_35_median_mhfATL30, 27_lag_53_median_alpi, 34_lag_samPSLann, 27_lag_34_median_nppc3SSTjfm, 38_lag_amo1, 27_lag_42_median_solFORC, 51_lag_solFORC, 27_lag_45_median_nppc2SSTjfm, 51_lag_nhSICsep, 27_lag_42_median_atlSICjfm, 27_lag_36_median_ismPRjja, 31_lag_seurTSjfm, 50_lag_traWP, 52_lag_ismPRjja, 35_lag_traTLS, 28_lag_nhSICjfm, 27_lag_52_median_atlSICjfm, 39_lag_stratZ50ndj04, 46_lag_seurTSjfm, 49_lag_tripol3, 27_lag_37_median_amo3, 27_lag_37_median_traWP, 27_lag_45_median_nchinaPRjja, 46_lag_nhSICsep, 55_lag_traCA, 27_lag_42_median_satlSSTjfm, 27_lag_47_median_stratZ50ndj01_3835_27"
LRforcedPSO,43,30,nhSICsep,shigh,909.5,2005.5,0.4,58,28,28,23.408634788129863,-0.12792530421694562,3835,"['45_lag_traDP', '49_lag_traFSC', '54_lag_nhSICsep', '28_lag_29_median_amo1', '28_lag_51_median_labSSTjfm', '53_lag_traBS', '47_lag_arcTSjfm', '32_lag_traMC', '46_lag_arcTSjfm', '28_lag_31_median_shTSjfm', '28_lag_33_median_traIFC', '28_lag_46_median_gyreSSTjfm', '52_lag_mhfATL30', '57_lag_AMOCann', '28_lag_47_median_satlSSTjfm', '39_lag_tripol1', '28_lag_36_median_shSICsep', '28_lag_42_median_tripol2', '28_lag_39_median_nhTSjfm', '56_lag_arcTSjfm', '30_lag_pdoSSTjfm', '28_lag_46_median_pdoSSTjfm', '42_lag_solFORC', '48_lag_satlSSTjfm', '56_lag_traTLS', '28_lag_56_median_naoPSLjfm', '43_lag_traBO', '55_lag_glomaSSTjfm', '28_lag_50_median_naoPSLjfm', '28_lag_29_median_shSICmar']","[7.586650590185229, 2.476868688107139, 3.830390679396645, 2.4977815879394765, 2.1380131390660786, 4.143577138755841, 3.0403528647692273, 5.120140523239176, 7.855602808409312, 0.48744684595303056, 2.1104065834873342, 7.150025084652722, 8.704293071566067, 2.0726973068447485, 0.18411913029490456, 3.3205320742892184, 1.4262489419458664, 4.557551052598594, 9.370466061917897, 1.9404813740716307, 3.7876982890358573, 3.6625453034065085, 2.16128150008025, 9.120116527559311, 1.1465145676645712, 3.809391634518482, 4.809620703914246, 3.670209277844979, 9.831494186624903, 0.25425506498522665]","45_lag_traDP, 49_lag_traFSC, 54_lag_nhSICsep, 28_lag_29_median_amo1, 28_lag_51_median_labSSTjfm, 53_lag_traBS, 47_lag_arcTSjfm, 32_lag_traMC, 46_lag_arcTSjfm, 28_lag_31_median_shTSjfm, 28_lag_33_median_traIFC, 28_lag_46_median_gyreSSTjfm, 52_lag_mhfATL30, 57_lag_AMOCann, 28_lag_47_median_satlSSTjfm, 39_lag_tripol1, 28_lag_36_median_shSICsep, 28_lag_42_median_tripol2, 28_lag_39_median_nhTSjfm, 56_lag_arcTSjfm, 30_lag_pdoSSTjfm, 28_lag_46_median_pdoSSTjfm, 42_lag_solFORC, 48_lag_satlSSTjfm, 56_lag_traTLS, 28_lag_56_median_naoPSLjfm, 43_lag_traBO, 55_lag_glomaSSTjfm, 28_lag_50_median_naoPSLjfm, 28_lag_29_median_shSICmar_3835_28"
LRforcedPSO,44,30,nhSICsep,shigh,910.5,2005.5,0.4,59,29,29,27.494095045785034,-0.03570548027243565,3835,"['56_lag_cetTSjfm', '29_lag_ormenSSTjfm', '52_lag_mhfIP30', '31_lag_amoSSTmjjaso', '29_lag_57_median_cetTSjfm', '29_lag_47_median_traFB', '29_lag_52_median_yrvPRjja', '29_lag_58_median_atlSICsep', '29_lag_scpPSLjfm', '56_lag_stratZ50ndj01', '38_lag_ormenSSTjfm', '42_lag_mhfIP30', '53_lag_amo1', '38_lag_arcTSjfm', '52_lag_ginwSSTjfm', '55_lag_eurPSLjfm', '31_lag_amo2', '29_lag_44_median_mhfATL60', '29_lag_42_median_traTLS', '37_lag_labSSTjfm', '44_lag_satlSSTjfm', '33_lag_labSSTjfm', '41_lag_amo1', '45_lag_traFB', '29_lag_37_median_naoPSLjfm', '29_lag_56_median_eapPSLjfm', '29_lag_55_median_wnorPRjfm', '29_lag_52_median_traIT', '29_lag_33_median_traIT', '29_lag_30_median_ensoSSTjfm']","[0.36882206176288435, 6.554881097930469, 6.554368965994484, 6.499013581912838, 0.5772752478096912, 7.829260232654828, 4.421433429073518, 6.138533700364935, 0.5140595263723959, 0.05505941026724237, 9.670787601023168, 2.019506000754024, 4.493323733493179, 1.3130289393971832, 9.700872258984635, 0.44338102772838717, 6.995989372200636, 7.891313893787826, 5.35347055103248, 4.330793649505626, 0.37864503707774055, 5.840006482892493, 0.25921328049534154, 3.9961648784535297, 4.743184245386864, 9.715883813384451, 7.562889371821154, 1.325353812270551, 0.14240752466331053, 6.7667918266153]","56_lag_cetTSjfm, 29_lag_ormenSSTjfm, 52_lag_mhfIP30, 31_lag_amoSSTmjjaso, 29_lag_57_median_cetTSjfm, 29_lag_47_median_traFB, 29_lag_52_median_yrvPRjja, 29_lag_58_median_atlSICsep, 29_lag_scpPSLjfm, 56_lag_stratZ50ndj01, 38_lag_ormenSSTjfm, 42_lag_mhfIP30, 53_lag_amo1, 38_lag_arcTSjfm, 52_lag_ginwSSTjfm, 55_lag_eurPSLjfm, 31_lag_amo2, 29_lag_44_median_mhfATL60, 29_lag_42_median_traTLS, 37_lag_labSSTjfm, 44_lag_satlSSTjfm, 33_lag_labSSTjfm, 41_lag_amo1, 45_lag_traFB, 29_lag_37_median_naoPSLjfm, 29_lag_56_median_eapPSLjfm, 29_lag_55_median_wnorPRjfm, 29_lag_52_median_traIT, 29_lag_33_median_traIT, 29_lag_30_median_ensoSSTjfm_3835_29"
LRforcedPSO,45,30,nhSICsep,shigh,911.5,2005.5,0.4,60,30,30,24.809305420901747,0.2700453180823809,3835,"['30_lag_45_median_AMOCann', '43_lag_neurTSjfm', '30_lag_47_median_mhfIP30', '39_lag_stratZ50ndj02', '45_lag_ormenSSTjfm', '30_lag_38_median_seurTSjfm', '45_lag_tripol2', '30_lag_44_median_traWP', '30_lag_31_median_traDP', '30_lag_43_median_wnorPRjfm', '30_lag_33_median_traEU', '35_lag_traEU', '40_lag_traTLS', '45_lag_yrvPRjja', '30_lag_54_median_solFORC', '30_lag_49_median_shSICmar', '51_lag_traBO', '56_lag_traDP', '31_lag_mhfATL30', '58_lag_ensoSSTjfm', '37_lag_mhfATL30', '47_lag_traEU', '49_lag_mhfIP30', '41_lag_nppc2SSTjfm', '30_lag_47_median_stratZ50ndj04', '42_lag_nppc2SSTjfm', '53_lag_traMC', '30_lag_31_median_amo1', '30_lag_49_median_amoSSTmjjaso', '41_lag_seurTSjfm']","[0.6032694109458845, 8.03055597695107, 0.7207722864995212, 4.2888888072955, 0.2970312939103277, 3.8421581573429986, 2.643887712520298, 1.0054580414690868, 4.573663419334261, 4.26561175257169, 6.450441860375477, 1.459194793773733, 1.0398441035544899, 4.303449060829207, 1.2765206967555827, 6.367662735973688, 4.545309941873164, 2.739931426577411, 5.046975574002284, 5.409885692001202, 6.2079659811290755, 0.5023250410521669, 5.213677878654055, 3.3162074023732444, 3.720653003412597, 7.195861082627079, 3.3311936212531057, 4.70925700879963, 2.576240826519081, 6.457468138066229]","30_lag_45_median_AMOCann, 43_lag_neurTSjfm, 30_lag_47_median_mhfIP30, 39_lag_stratZ50ndj02, 45_lag_ormenSSTjfm, 30_lag_38_median_seurTSjfm, 45_lag_tripol2, 30_lag_44_median_traWP, 30_lag_31_median_traDP, 30_lag_43_median_wnorPRjfm, 30_lag_33_median_traEU, 35_lag_traEU, 40_lag_traTLS, 45_lag_yrvPRjja, 30_lag_54_median_solFORC, 30_lag_49_median_shSICmar, 51_lag_traBO, 56_lag_traDP, 31_lag_mhfATL30, 58_lag_ensoSSTjfm, 37_lag_mhfATL30, 47_lag_traEU, 49_lag_mhfIP30, 41_lag_nppc2SSTjfm, 30_lag_47_median_stratZ50ndj04, 42_lag_nppc2SSTjfm, 53_lag_traMC, 30_lag_31_median_amo1, 30_lag_49_median_amoSSTmjjaso, 41_lag_seurTSjfm_3835_30"
LRforcedPSO,46,30,nhSICsep,shigh,912.5,2005.5,0.4,61,31,31,20.991625280903957,-0.08847678763536243,3835,"['32_lag_amoSSTmjjaso', '50_lag_traEC', '31_lag_58_median_traWP', '43_lag_tripol3', '46_lag_ormenSSTjfm', '46_lag_samPSLann', '31_lag_34_median_stratZ50ndj01', '43_lag_traFS', '31_lag_33_median_ormenSSTjfm', '32_lag_traCA', '49_lag_neurTSjfm', '31_lag_42_median_traFSC', '37_lag_neurTSjfm', '35_lag_traIFC', '31_lag_42_median_shSICmar', '50_lag_nhSICsep', '31_lag_45_median_nppc2SSTjfm', '31_lag_49_median_nchinaPRjja', '31_lag_33_median_traTLS', '31_lag_35_median_amo2', '53_lag_traDP', '31_lag_48_median_neurTSjfm', '35_lag_pdoSSTjfm', '31_lag_39_median_seurTSjfm', '41_lag_amo3', '31_lag_58_median_traFB', '31_lag_35_median_traEC', '31_lag_traIFC', '31_lag_57_median_ormenSSTjfm', '31_lag_traFS']","[8.10243768303748, 6.8453961399507435, 1.2115340295867494, 4.134251895654186, 8.021349595296856, 0.22438353364071162, 6.713546950488226, 2.589012061855744, 4.57717453067948, 5.770814864780029, 1.1228761575130086, 5.017446891985797, 0.5544636778715546, 8.13909091245252, 0.891388851227708, 6.28536452884024, 0.28854109500148617, 4.91683040095479, 2.760371999716975, 3.603191679557427, 4.997140039869397, 0.590538419624453, 3.0905734826851594, 3.5999784437831472, 0.20532783418588885, 6.710168842661421, 3.840949098862831, 3.3404566363885024, 2.9988645687212117, 3.281721796287311]","32_lag_amoSSTmjjaso, 50_lag_traEC, 31_lag_58_median_traWP, 43_lag_tripol3, 46_lag_ormenSSTjfm, 46_lag_samPSLann, 31_lag_34_median_stratZ50ndj01, 43_lag_traFS, 31_lag_33_median_ormenSSTjfm, 32_lag_traCA, 49_lag_neurTSjfm, 31_lag_42_median_traFSC, 37_lag_neurTSjfm, 35_lag_traIFC, 31_lag_42_median_shSICmar, 50_lag_nhSICsep, 31_lag_45_median_nppc2SSTjfm, 31_lag_49_median_nchinaPRjja, 31_lag_33_median_traTLS, 31_lag_35_median_amo2, 53_lag_traDP, 31_lag_48_median_neurTSjfm, 35_lag_pdoSSTjfm, 31_lag_39_median_seurTSjfm, 41_lag_amo3, 31_lag_58_median_traFB, 31_lag_35_median_traEC, 31_lag_traIFC, 31_lag_57_median_ormenSSTjfm, 31_lag_traFS_3835_31"
LRforcedPSO,47,30,nhSICsep,shigh,913.5,2005.5,0.4,62,32,32,23.904585161213774,-0.021477772343782037,3835,"['53_lag_traIT', '32_lag_61_median_traFB', '56_lag_amo3', '32_lag_34_median_traEC', '35_lag_traDP', '60_lag_mhfIP30', '32_lag_40_median_amo1', '32_lag_37_median_amoSSTmjjaso', '43_lag_traWP', '32_lag_39_median_shTSjfm', '32_lag_59_median_glomaSSTjfm', '32_lag_33_median_traDS', '32_lag_38_median_seurTSjfm', '51_lag_nhTSjfm', '32_lag_59_median_nhSICsep', '32_lag_39_median_traIT', '41_lag_arcTSjfm', '32_lag_38_median_traIFC', '52_lag_cetTSjfm', '34_lag_ensoSSTjfm', '48_lag_amoSSTmjjaso', '32_lag_33_median_yrvPRjja', '32_lag_38_median_atlSICjfm', '39_lag_nppc3SSTjfm', '32_lag_58_median_traFB', '32_lag_42_median_glTSjfm', '44_lag_nhSICsep', '59_lag_stratZ50ndj02', '32_lag_57_median_mhfIP30', '32_lag_50_median_nhTSjfm']","[0.6844788991279298, 7.021845597981891, 0.7393184608846131, 0.01768013721811812, 7.094646943742968, 2.418665368450551, 4.148347315578091, 0.3348818454225917, 8.036159026089905, 0.18175887323358886, 9.52664408722393, 0.6607561892628055, 3.890965193665572, 7.735344204697707, 8.559350767503066, 9.075121169149721, 9.878094040377325, 5.719692515038302, 2.389801704595925, 5.930379517744393, 1.2573092231446026, 6.406563650737615, 3.593377360551319, 5.83273131876229, 1.1879407500606387, 3.6091126850406834, 4.638468567702043, 1.4715768016896078, 5.217069365022482, 0.9726092074945996]","53_lag_traIT, 32_lag_61_median_traFB, 56_lag_amo3, 32_lag_34_median_traEC, 35_lag_traDP, 60_lag_mhfIP30, 32_lag_40_median_amo1, 32_lag_37_median_amoSSTmjjaso, 43_lag_traWP, 32_lag_39_median_shTSjfm, 32_lag_59_median_glomaSSTjfm, 32_lag_33_median_traDS, 32_lag_38_median_seurTSjfm, 51_lag_nhTSjfm, 32_lag_59_median_nhSICsep, 32_lag_39_median_traIT, 41_lag_arcTSjfm, 32_lag_38_median_traIFC, 52_lag_cetTSjfm, 34_lag_ensoSSTjfm, 48_lag_amoSSTmjjaso, 32_lag_33_median_yrvPRjja, 32_lag_38_median_atlSICjfm, 39_lag_nppc3SSTjfm, 32_lag_58_median_traFB, 32_lag_42_median_glTSjfm, 44_lag_nhSICsep, 59_lag_stratZ50ndj02, 32_lag_57_median_mhfIP30, 32_lag_50_median_nhTSjfm_3835_32"
LRforcedPSO,48,30,nhSICsep,shigh,914.5,2005.5,0.4,63,33,33,24.99798684093124,0.22599258157938576,3835,"['58_lag_atlSICsep', '52_lag_ormenSSTjfm', '43_lag_ormenSSTjfm', '50_lag_labSSTjfm', '33_lag_35_median_naoPSLjfm', '33_lag_atlSICjfm', '62_lag_tripol1', '33_lag_37_median_ginwSSTjfm', '40_lag_traMC', '42_lag_labSSTjfm', '33_lag_34_median_nhSICsep', '57_lag_shSICmar', '33_lag_58_median_tripol2', '49_lag_ginwSSTjfm', '33_lag_49_median_tripol2', '33_lag_40_median_gyreSSTjfm', '50_lag_atlSICjfm', '33_lag_39_median_satlSSTjfm', '41_lag_solFORC', '62_lag_mhfATL30', '33_lag_49_median_nchinaPRjja', '61_lag_stratZ50ndj04', '33_lag_56_median_yrvPRjja', '33_lag_40_median_pdoSSTjfm', '39_lag_traIFC', '33_lag_54_median_naoPSLjfm', '33_lag_40_median_amo1', '60_lag_nppc3SSTjfm', '33_lag_35_median_ginwSSTjfm', '49_lag_traIT']","[0.30421869289143366, 0.1116312836762603, 7.824360458885717, 5.332999028470686, 0.7133218681397384, 6.9027119287711685, 0.35693212760968507, 5.532024166719694, 2.340977853420391, 5.275254333628949, 1.4684754121579058, 0.7791568788641037, 2.2578075071903703, 6.281296873351245, 3.862813830175263, 6.836886719085939, 9.145936270968232, 5.065477869422894, 9.902535672833881, 0.3780233218548634, 6.260307105213907, 5.22671979094258, 8.69832589581173, 6.183975552154328, 1.322736192393048, 2.2940195271757897, 0.7791741747887038, 5.156475545631231, 0.02106648565147573, 1.7752762855362487]","58_lag_atlSICsep, 52_lag_ormenSSTjfm, 43_lag_ormenSSTjfm, 50_lag_labSSTjfm, 33_lag_35_median_naoPSLjfm, 33_lag_atlSICjfm, 62_lag_tripol1, 33_lag_37_median_ginwSSTjfm, 40_lag_traMC, 42_lag_labSSTjfm, 33_lag_34_median_nhSICsep, 57_lag_shSICmar, 33_lag_58_median_tripol2, 49_lag_ginwSSTjfm, 33_lag_49_median_tripol2, 33_lag_40_median_gyreSSTjfm, 50_lag_atlSICjfm, 33_lag_39_median_satlSSTjfm, 41_lag_solFORC, 62_lag_mhfATL30, 33_lag_49_median_nchinaPRjja, 61_lag_stratZ50ndj04, 33_lag_56_median_yrvPRjja, 33_lag_40_median_pdoSSTjfm, 39_lag_traIFC, 33_lag_54_median_naoPSLjfm, 33_lag_40_median_amo1, 60_lag_nppc3SSTjfm, 33_lag_35_median_ginwSSTjfm, 49_lag_traIT_3835_33"
LRforcedPSO,49,30,nhSICsep,shigh,915.5,2005.5,0.4,64,34,34,24.40099907788973,-0.028819564756887902,3835,"['34_lag_45_median_tripol2', '36_lag_tripol3', '34_lag_41_median_nhSICjfm', '39_lag_nchinaPRjja', '34_lag_59_median_stratZ50ndj02', '42_lag_ismPRjja', '34_lag_36_median_traMC', '35_lag_amoSSTmjjaso', '48_lag_traIT', '34_lag_45_median_shSICmar', '34_lag_43_median_shSICsep', '34_lag_37_median_alpi', '34_lag_traCA', '34_lag_61_median_tripol3', '54_lag_traDS', '34_lag_63_median_seurTSjfm', '34_lag_45_median_atlSICjfm', '50_lag_traTLS', '53_lag_traFB', '34_lag_36_median_seurTSjfm', '34_lag_48_median_atlSICjfm', '36_lag_traFSC', '48_lag_solFORC', '35_lag_seurTSjfm', '59_lag_nhSICjfm', '34_lag_54_median_nchinaPRjja', '34_lag_61_median_scpPSLjfm', '34_lag_40_median_traBO', '34_lag_48_median_traIFC', '36_lag_ensoSSTjfm']","[3.2442524844701133, 8.208889334274549, 1.7892956931598896, 4.021767362567182, 1.6637757695406812, 1.322612355168598, 2.5254903389824523, 7.5234832482863645, 5.465644340883699, 6.842744271083113, 9.617174024216233, 0.5156284152813821, 1.0285677608689188, 9.782362141054993, 5.401796538373933, 8.817033230069939, 1.0829563252424972, 3.331635671392263, 7.77295769229436, 1.9192429133904625, 1.971785090838738, 9.718567853389866, 0.9384098733649378, 6.058335749432812, 0.5340582204855853, 2.998569023518842, 4.519772601429077, 2.72572618487827, 6.892174482433968, 3.445168029687098]","34_lag_45_median_tripol2, 36_lag_tripol3, 34_lag_41_median_nhSICjfm, 39_lag_nchinaPRjja, 34_lag_59_median_stratZ50ndj02, 42_lag_ismPRjja, 34_lag_36_median_traMC, 35_lag_amoSSTmjjaso, 48_lag_traIT, 34_lag_45_median_shSICmar, 34_lag_43_median_shSICsep, 34_lag_37_median_alpi, 34_lag_traCA, 34_lag_61_median_tripol3, 54_lag_traDS, 34_lag_63_median_seurTSjfm, 34_lag_45_median_atlSICjfm, 50_lag_traTLS, 53_lag_traFB, 34_lag_36_median_seurTSjfm, 34_lag_48_median_atlSICjfm, 36_lag_traFSC, 48_lag_solFORC, 35_lag_seurTSjfm, 59_lag_nhSICjfm, 34_lag_54_median_nchinaPRjja, 34_lag_61_median_scpPSLjfm, 34_lag_40_median_traBO, 34_lag_48_median_traIFC, 36_lag_ensoSSTjfm_3835_34"
LRforcedPSO,50,30,nhSICsep,shigh,916.5,2005.5,0.4,65,35,35,23.907796512511737,-0.17889133918567215,3835,"['54_lag_satlSSTjfm', '55_lag_amo2', '35_lag_63_median_traFB', '35_lag_39_median_mhfATL45', '35_lag_51_median_mhfATL30', '53_lag_traIFC', '35_lag_59_median_pdoSSTjfm', '62_lag_traIT', '47_lag_naoPSLjfm', '35_lag_45_median_stratZ50ndj01', '48_lag_stratZ50ndj03', '51_lag_yrvPRjja', '35_lag_61_median_tripol1', '60_lag_traFS', '35_lag_64_median_stratZ50ndj03', '45_lag_wnorPRjfm', '35_lag_46_median_traFSC', '35_lag_51_median_naoPSLjfm', '50_lag_gyreSSTjfm', '35_lag_43_median_satlSSTjfm', '40_lag_traEC', '35_lag_48_median_stratZ50ndj01', '35_lag_61_median_AMOCann', '35_lag_45_median_amo3', '45_lag_ensoSSTjfm', '64_lag_eurPSLjfm', '35_lag_57_median_tripol3', '35_lag_48_median_traWP', '35_lag_38_median_eurPSLjfm', '35_lag_58_median_tripol1']","[9.996210135867305, 2.1201449843400972, 1.6023058860626982, 8.852598711949007, 1.7779688867792451, 0.15524815998619879, 1.9082441195926556, 2.8243880895616735, 2.035148558582316, 0.5067214570356864, 1.060388930524912, 8.341823017115484, 0.7405846818921535, 5.29073680670008, 4.624336785902175, 2.2355705141265947, 3.498972818873977, 2.4804333132816545, 0.9324735373738857, 6.45353967752575, 9.296434889896076, 3.1707741635472164, 9.698456458752343, 3.4960698418492164, 2.181677812154179, 2.007103776808318, 0.6251892173363167, 8.021087239054662, 0.09308465931579235, 5.2760736075388]","54_lag_satlSSTjfm, 55_lag_amo2, 35_lag_63_median_traFB, 35_lag_39_median_mhfATL45, 35_lag_51_median_mhfATL30, 53_lag_traIFC, 35_lag_59_median_pdoSSTjfm, 62_lag_traIT, 47_lag_naoPSLjfm, 35_lag_45_median_stratZ50ndj01, 48_lag_stratZ50ndj03, 51_lag_yrvPRjja, 35_lag_61_median_tripol1, 60_lag_traFS, 35_lag_64_median_stratZ50ndj03, 45_lag_wnorPRjfm, 35_lag_46_median_traFSC, 35_lag_51_median_naoPSLjfm, 50_lag_gyreSSTjfm, 35_lag_43_median_satlSSTjfm, 40_lag_traEC, 35_lag_48_median_stratZ50ndj01, 35_lag_61_median_AMOCann, 35_lag_45_median_amo3, 45_lag_ensoSSTjfm, 64_lag_eurPSLjfm, 35_lag_57_median_tripol3, 35_lag_48_median_traWP, 35_lag_38_median_eurPSLjfm, 35_lag_58_median_tripol1_3835_35"
LRforcedPSO,51,30,nhSICsep,shigh,917.5,2005.5,0.4,66,36,36,25.14715043723501,-0.03044136407237755,3835,"['43_lag_alpi', '51_lag_tripol1', '41_lag_gyreSSTjfm', '37_lag_stratZ50ndj03', '54_lag_AMOCann', '36_lag_60_median_tripol3', '65_lag_pdoSSTjfm', '36_lag_56_median_mhfATL45', '52_lag_alpi', '36_lag_45_median_yrvPRjja', '58_lag_shTSjfm', '36_lag_51_median_traEC', '36_lag_40_median_nchinaPRjja', '43_lag_tripol1', '38_lag_solFORC', '50_lag_stratZ50ndj04', '49_lag_alpi', '48_lag_amo2', '36_lag_38_median_alpi', '63_lag_traEC', '65_lag_traBS', '36_lag_48_median_nppc3SSTjfm', '36_lag_45_median_stratZ50ndj01', '36_lag_63_median_yrvPRjja', '45_lag_neurTSjfm', '61_lag_traFSC', '36_lag_44_median_pdoSSTjfm', '36_lag_64_median_stratZ50ndj01', '36_lag_43_median_nchinaPRjja', '54_lag_wnorPRjfm']","[8.237825155059475, 7.322298233153827, 2.944520557252681, 6.147644486703076, 2.4657332702637174, 9.525618235727851, 6.111079084431626, 1.5125289735223113, 5.351579551985658, 3.8160868247011077, 5.11488603241502, 3.2018729575345395, 4.541480484269114, 2.2083047211808644, 2.8959548059104563, 2.178361119151379, 0.5112096177601355, 8.704924219285296, 9.255179129177291, 4.695743295940581, 4.545265066903836, 8.081141725594236, 6.172276040580103, 7.20748833409068, 0.2243051209639635, 7.746549256768748, 3.2444275521590775, 5.526700477612279, 6.430214983769272, 1.271167295296923]","43_lag_alpi, 51_lag_tripol1, 41_lag_gyreSSTjfm, 37_lag_stratZ50ndj03, 54_lag_AMOCann, 36_lag_60_median_tripol3, 65_lag_pdoSSTjfm, 36_lag_56_median_mhfATL45, 52_lag_alpi, 36_lag_45_median_yrvPRjja, 58_lag_shTSjfm, 36_lag_51_median_traEC, 36_lag_40_median_nchinaPRjja, 43_lag_tripol1, 38_lag_solFORC, 50_lag_stratZ50ndj04, 49_lag_alpi, 48_lag_amo2, 36_lag_38_median_alpi, 63_lag_traEC, 65_lag_traBS, 36_lag_48_median_nppc3SSTjfm, 36_lag_45_median_stratZ50ndj01, 36_lag_63_median_yrvPRjja, 45_lag_neurTSjfm, 61_lag_traFSC, 36_lag_44_median_pdoSSTjfm, 36_lag_64_median_stratZ50ndj01, 36_lag_43_median_nchinaPRjja, 54_lag_wnorPRjfm_3835_36"
LRforcedPSO,52,30,nhSICsep,shigh,918.5,2005.5,0.4,67,37,37,22.632684448419454,0.3048720224805782,3835,"['47_lag_nhSICsep', '66_lag_traIT', '41_lag_shSICsep', '45_lag_labSSTjfm', '37_lag_39_median_neurTSjfm', '37_lag_56_median_amo3', '37_lag_38_median_stratZ50ndj04', '38_lag_wnorPRjfm', '37_lag_labSSTjfm', '37_lag_59_median_AMOCann', '46_lag_glTSjfm', '37_lag_60_median_amoSSTmjjaso', '37_lag_65_median_stratZ50ndj03', '37_lag_43_median_eapPSLjfm', '37_lag_45_median_amo1', '38_lag_shTSjfm', '37_lag_43_median_stratZ50ndj02', '37_lag_52_median_shSICsep', '37_lag_56_median_arcTSjfm', '37_lag_54_median_traTLS', '48_lag_nhSICjfm', '37_lag_traDP', '45_lag_nppc3SSTjfm', '37_lag_48_median_shSICsep', '37_lag_49_median_traFB', '46_lag_traDP', '37_lag_55_median_wnorPRjfm', '65_lag_tripol1', '37_lag_61_median_shSICsep', '37_lag_50_median_ismPRjja']","[7.900859400865928, 5.185376048110033, 6.255716769640136, 9.81936978294357, 3.375647097070635, 7.9978845999000825, 7.1718910159407585, 3.2961609414258275, 0.6144920844276296, 2.3503526812199453, 6.878894545823697, 5.513282743071937, 2.400882856621651, 0.28484521513821015, 2.3134384996329533, 0.785639350824848, 1.030762144696105, 0.7833367637506079, 3.0565608831929474, 8.653405159393595, 0.47177160766516835, 2.3448135995279724, 1.5305102087195692, 1.7059230999356565, 9.282095644403093, 3.2603202205548776, 2.498745576053329, 4.986974270104643, 3.715191511581061, 8.069450576167307]","47_lag_nhSICsep, 66_lag_traIT, 41_lag_shSICsep, 45_lag_labSSTjfm, 37_lag_39_median_neurTSjfm, 37_lag_56_median_amo3, 37_lag_38_median_stratZ50ndj04, 38_lag_wnorPRjfm, 37_lag_labSSTjfm, 37_lag_59_median_AMOCann, 46_lag_glTSjfm, 37_lag_60_median_amoSSTmjjaso, 37_lag_65_median_stratZ50ndj03, 37_lag_43_median_eapPSLjfm, 37_lag_45_median_amo1, 38_lag_shTSjfm, 37_lag_43_median_stratZ50ndj02, 37_lag_52_median_shSICsep, 37_lag_56_median_arcTSjfm, 37_lag_54_median_traTLS, 48_lag_nhSICjfm, 37_lag_traDP, 45_lag_nppc3SSTjfm, 37_lag_48_median_shSICsep, 37_lag_49_median_traFB, 46_lag_traDP, 37_lag_55_median_wnorPRjfm, 65_lag_tripol1, 37_lag_61_median_shSICsep, 37_lag_50_median_ismPRjja_3835_37"
LRforcedPSO,53,30,nhSICsep,shigh,919.5,2005.5,0.4,68,38,38,20.65286801856788,0.39198853149703244,3835,"['55_lag_nhSICsep', '57_lag_neurTSjfm', '38_lag_44_median_eurPSLjfm', '38_lag_stratZ50ndj01', '38_lag_57_median_eurPSLjfm', '38_lag_61_median_cetTSjfm', '38_lag_40_median_traWP', '38_lag_63_median_atlSICjfm', '38_lag_65_median_tripol2', '38_lag_40_median_shSICsep', '38_lag_65_median_stratZ50ndj03', '38_lag_41_median_yrvPRjja', '40_lag_ginwSSTjfm', '38_lag_42_median_nppc2SSTjfm', '58_lag_nchinaPRjja', '56_lag_traDS', '38_lag_42_median_nhTSjfm', '60_lag_glomaSSTjfm', '56_lag_tripol2', '38_lag_64_median_traIFC', '47_lag_yrvPRjja', '53_lag_ginwSSTjfm', '38_lag_67_median_stratZ50ndj04', '38_lag_63_median_seurTSjfm', '38_lag_55_median_amo3', '63_lag_traDS', '52_lag_solFORC', '38_lag_58_median_amo1', '38_lag_45_median_traTLS', '38_lag_43_median_traFB']","[4.870044344936382, 4.438288574935763, 3.375851451537506, 2.3187613308711885, 0.5674578330303515, 3.06490411217365, 0.29075152952520433, 3.646865158931181, 8.57407865585735, 6.859798980019695, 1.7473496820147894, 1.0735477649943732, 6.112491158797027, 7.131381934330545, 7.119787713875915, 5.752074620672429, 6.5895120273977215, 7.020258903830417, 0.7627680882189871, 5.838765073190986, 5.648981641755215, 1.8182208950785679, 5.783778514153484, 4.7107853567064435, 6.414834144357833, 3.316875580870464, 4.680973371226296, 8.72261232883492, 5.077862817555365, 3.86321442177403]","55_lag_nhSICsep, 57_lag_neurTSjfm, 38_lag_44_median_eurPSLjfm, 38_lag_stratZ50ndj01, 38_lag_57_median_eurPSLjfm, 38_lag_61_median_cetTSjfm, 38_lag_40_median_traWP, 38_lag_63_median_atlSICjfm, 38_lag_65_median_tripol2, 38_lag_40_median_shSICsep, 38_lag_65_median_stratZ50ndj03, 38_lag_41_median_yrvPRjja, 40_lag_ginwSSTjfm, 38_lag_42_median_nppc2SSTjfm, 58_lag_nchinaPRjja, 56_lag_traDS, 38_lag_42_median_nhTSjfm, 60_lag_glomaSSTjfm, 56_lag_tripol2, 38_lag_64_median_traIFC, 47_lag_yrvPRjja, 53_lag_ginwSSTjfm, 38_lag_67_median_stratZ50ndj04, 38_lag_63_median_seurTSjfm, 38_lag_55_median_amo3, 63_lag_traDS, 52_lag_solFORC, 38_lag_58_median_amo1, 38_lag_45_median_traTLS, 38_lag_43_median_traFB_3835_38"
LRforcedPSO,54,30,nhSICsep,shigh,920.5,2005.5,0.4,69,39,39,25.97742537155283,0.06774068101671711,3835,"['62_lag_neurTSjfm', '43_lag_eurPSLjfm', '39_lag_60_median_arcTSjfm', '39_lag_42_median_ismPRjja', '57_lag_naoPSLjfm', '54_lag_AMOCann', '55_lag_traIFC', '39_lag_67_median_pdoSSTjfm', '39_lag_52_median_traDS', '39_lag_54_median_alpi', '39_lag_40_median_stratZ50ndj02', '39_lag_52_median_glTSjfm', '50_lag_traDP', '64_lag_AMOCann', '39_lag_67_median_mhfATL60', '63_lag_eurPSLjfm', '65_lag_traCA', '47_lag_wnorPRjfm', '51_lag_traFSC', '46_lag_eurPSLjfm', '45_lag_tripol2', '39_lag_60_median_traEU', '54_lag_tripol3', '39_lag_50_median_AMOCann', '39_lag_53_median_mhfATL30', '58_lag_mhfATL60', '43_lag_traTLS', '48_lag_traEC', '39_lag_57_median_atlSICjfm', '39_lag_66_median_solFORC']","[5.96908906449096, 4.394175587967693, 2.069364051362516, 2.386318647821703, 7.788887753132492, 8.197655040909158, 4.407757188882728, 0.6700370612961457, 1.034207206285382, 2.669919429781931, 9.896772334920044, 4.186462136546599, 6.331848631371077, 2.4245601350951347, 4.744802321866082, 8.937432629334518, 0.8745590135848751, 5.526209445149728, 0.564367987920189, 8.281472361526276, 0.44528501679404364, 5.927280160160445, 2.3757469950538868, 1.0371345439714723, 5.04054906265595, 0.8651302626372832, 2.174785608118359, 2.7930451659777367, 1.608511158415828, 1.8996864668902251]","62_lag_neurTSjfm, 43_lag_eurPSLjfm, 39_lag_60_median_arcTSjfm, 39_lag_42_median_ismPRjja, 57_lag_naoPSLjfm, 54_lag_AMOCann, 55_lag_traIFC, 39_lag_67_median_pdoSSTjfm, 39_lag_52_median_traDS, 39_lag_54_median_alpi, 39_lag_40_median_stratZ50ndj02, 39_lag_52_median_glTSjfm, 50_lag_traDP, 64_lag_AMOCann, 39_lag_67_median_mhfATL60, 63_lag_eurPSLjfm, 65_lag_traCA, 47_lag_wnorPRjfm, 51_lag_traFSC, 46_lag_eurPSLjfm, 45_lag_tripol2, 39_lag_60_median_traEU, 54_lag_tripol3, 39_lag_50_median_AMOCann, 39_lag_53_median_mhfATL30, 58_lag_mhfATL60, 43_lag_traTLS, 48_lag_traEC, 39_lag_57_median_atlSICjfm, 39_lag_66_median_solFORC_3835_39"
LRforcedPSO,55,30,nhSICsep,shigh,921.5,2005.5,0.4,70,40,40,20.93988894222906,0.14624822186306394,3835,"['65_lag_tripol2', '40_lag_56_median_AMOCann', '40_lag_54_median_traDS', '40_lag_51_median_nhSICjfm', '40_lag_43_median_nhSICjfm', '41_lag_samPSLann', '69_lag_tripol1', '49_lag_traBS', '42_lag_gyreSSTjfm', '40_lag_64_median_ginwSSTjfm', '65_lag_tripol3', '40_lag_66_median_stratZ50ndj02', '40_lag_62_median_solFORC', '40_lag_49_median_shSICsep', '40_lag_46_median_traEC', '47_lag_alpi', '53_lag_amo1', '40_lag_50_median_AMOCann', '40_lag_50_median_stratZ50ndj04', '40_lag_69_median_nchinaPRjja', '40_lag_56_median_atlSICsep', '66_lag_traIT', '48_lag_AMOCann', '40_lag_42_median_tripol3', '40_lag_44_median_stratZ50ndj01', '69_lag_traDS', '40_lag_42_median_neurTSjfm', '40_lag_52_median_cetTSjfm', '59_lag_glomaSSTjfm', '62_lag_traFB']","[1.104545403350233, 5.950463220576467, 1.199379957395868, 2.2166203083224545, 6.169606450443856, 5.484800471745261, 0.9797699917291265, 3.279781734820732, 9.980663368158499, 1.928393588637471, 5.694305899729722, 2.3876940626441208, 3.878733926993963, 5.111059525472363, 6.074626225369133, 5.7873317413723235, 3.478245873708552, 3.402400105999572, 2.9129298397565186, 9.24192266311242, 5.931666790673957, 4.274878770745609, 8.917505103478852, 0.21578332781639986, 2.9554861650511484, 1.2103420030023297, 6.083091770477626, 1.15771023780397, 9.495372369541817, 3.4053292782127453]","65_lag_tripol2, 40_lag_56_median_AMOCann, 40_lag_54_median_traDS, 40_lag_51_median_nhSICjfm, 40_lag_43_median_nhSICjfm, 41_lag_samPSLann, 69_lag_tripol1, 49_lag_traBS, 42_lag_gyreSSTjfm, 40_lag_64_median_ginwSSTjfm, 65_lag_tripol3, 40_lag_66_median_stratZ50ndj02, 40_lag_62_median_solFORC, 40_lag_49_median_shSICsep, 40_lag_46_median_traEC, 47_lag_alpi, 53_lag_amo1, 40_lag_50_median_AMOCann, 40_lag_50_median_stratZ50ndj04, 40_lag_69_median_nchinaPRjja, 40_lag_56_median_atlSICsep, 66_lag_traIT, 48_lag_AMOCann, 40_lag_42_median_tripol3, 40_lag_44_median_stratZ50ndj01, 69_lag_traDS, 40_lag_42_median_neurTSjfm, 40_lag_52_median_cetTSjfm, 59_lag_glomaSSTjfm, 62_lag_traFB_3835_40"
LRforcedPSO,56,30,nhSICsep,shigh,922.5,2005.5,0.4,71,41,41,24.336882686875065,0.0016743750027316887,3835,"['56_lag_traFB', '41_lag_67_median_nppc2SSTjfm', '66_lag_shSICsep', '63_lag_gyreSSTjfm', '41_lag_44_median_nppc3SSTjfm', '50_lag_seurTSjfm', '41_lag_47_median_mhfIP30', '57_lag_mhfATL60', '41_lag_70_median_solFORC', '41_lag_51_median_ormenSSTjfm', '57_lag_stratZ50ndj03', '41_lag_67_median_pdoSSTjfm', '41_lag_57_median_traEC', '41_lag_62_median_pdoSSTjfm', '41_lag_66_median_traTLS', '53_lag_stratZ50ndj04', '44_lag_traFSC', '41_lag_61_median_traBO', '65_lag_traIT', '41_lag_54_median_mhfIP30', '54_lag_arcTSjfm', '41_lag_63_median_nhTSjfm', '41_lag_52_median_mhfATL45', '41_lag_50_median_alpi', '41_lag_62_median_traWP', '57_lag_ormenSSTjfm', '57_lag_traDS', '60_lag_mhfIP30', '41_lag_yrvPRjja', '41_lag_49_median_stratZ50ndj02']","[6.9905490991728225, 9.088498386608785, 2.93209261144856, 6.122375277870804, 6.258615596017041, 6.258550839681831, 1.9966822135837745, 2.8325904440999716, 1.6755616773486288, 2.720723406295158, 5.815201371115133, 1.6861203673068026, 1.3492054714047885, 2.784215018064611, 1.2685744362172269, 3.7923290615591103, 3.456317696118088, 1.6902400963894983, 6.727195729136408, 1.9326266174944635, 1.0497795682567617, 0.4712915129038091, 2.926213279172507, 4.5990485923696856, 6.126707303734449, 3.0318613514162145, 3.7149255264393055, 7.113607409551534, 2.3360586642627563, 3.000879449210867]","56_lag_traFB, 41_lag_67_median_nppc2SSTjfm, 66_lag_shSICsep, 63_lag_gyreSSTjfm, 41_lag_44_median_nppc3SSTjfm, 50_lag_seurTSjfm, 41_lag_47_median_mhfIP30, 57_lag_mhfATL60, 41_lag_70_median_solFORC, 41_lag_51_median_ormenSSTjfm, 57_lag_stratZ50ndj03, 41_lag_67_median_pdoSSTjfm, 41_lag_57_median_traEC, 41_lag_62_median_pdoSSTjfm, 41_lag_66_median_traTLS, 53_lag_stratZ50ndj04, 44_lag_traFSC, 41_lag_61_median_traBO, 65_lag_traIT, 41_lag_54_median_mhfIP30, 54_lag_arcTSjfm, 41_lag_63_median_nhTSjfm, 41_lag_52_median_mhfATL45, 41_lag_50_median_alpi, 41_lag_62_median_traWP, 57_lag_ormenSSTjfm, 57_lag_traDS, 60_lag_mhfIP30, 41_lag_yrvPRjja, 41_lag_49_median_stratZ50ndj02_3835_41"
LRforcedPSO,57,30,nhSICsep,shigh,923.5,2005.5,0.4,72,42,42,20.642833334112684,-0.12081688005510693,3835,"['68_lag_nhSICsep', '42_lag_51_median_traWP', '45_lag_amo1', '42_lag_43_median_traDP', '42_lag_50_median_seurTSjfm', '42_lag_46_median_scpPSLjfm', '66_lag_stratZ50ndj03', '42_lag_43_median_nppc2SSTjfm', '66_lag_pdoSSTjfm', '42_lag_50_median_traMC', '42_lag_63_median_traBS', '42_lag_49_median_stratZ50ndj04', '46_lag_ormenSSTjfm', '50_lag_labSSTjfm', '65_lag_traIT', '42_lag_46_median_stratZ50ndj04', '57_lag_nchinaPRjja', '71_lag_stratZ50ndj04', '45_lag_nppc3SSTjfm', '47_lag_mhfIP30', '42_lag_49_median_scpPSLjfm', '71_lag_stratZ50ndj02', '67_lag_cetTSjfm', '42_lag_64_median_mhfIP30', '68_lag_atlSICsep', '50_lag_traDS', '43_lag_atlSICsep', '42_lag_46_median_tripol1', '43_lag_mhfATL60', '42_lag_64_median_traCA']","[3.4906665838321445, 6.68358149007767, 7.0138699689955, 4.694072802449536, 3.5847935342445254, 0.6076166438791457, 5.740953693669885, 3.849130901246564, 1.4649695829112996, 4.379776882620073, 0.019384792034966125, 1.7217980728543036, 5.749855067644798, 1.3074839569029901, 2.452234956893351, 5.472072414039606, 6.7890243379316795, 0.49512568471122265, 2.3747595321744885, 0.0885009411612856, 0.8974723912725207, 3.7021436369296694, 5.531886811730331, 4.3885484333874665, 1.327724742550732, 1.8755987575262605, 1.7241593677783271, 2.915080163031032, 2.3413457828658117, 1.075226853465141]","68_lag_nhSICsep, 42_lag_51_median_traWP, 45_lag_amo1, 42_lag_43_median_traDP, 42_lag_50_median_seurTSjfm, 42_lag_46_median_scpPSLjfm, 66_lag_stratZ50ndj03, 42_lag_43_median_nppc2SSTjfm, 66_lag_pdoSSTjfm, 42_lag_50_median_traMC, 42_lag_63_median_traBS, 42_lag_49_median_stratZ50ndj04, 46_lag_ormenSSTjfm, 50_lag_labSSTjfm, 65_lag_traIT, 42_lag_46_median_stratZ50ndj04, 57_lag_nchinaPRjja, 71_lag_stratZ50ndj04, 45_lag_nppc3SSTjfm, 47_lag_mhfIP30, 42_lag_49_median_scpPSLjfm, 71_lag_stratZ50ndj02, 67_lag_cetTSjfm, 42_lag_64_median_mhfIP30, 68_lag_atlSICsep, 50_lag_traDS, 43_lag_atlSICsep, 42_lag_46_median_tripol1, 43_lag_mhfATL60, 42_lag_64_median_traCA_3835_42"
LRforcedPSO,58,30,nhSICsep,shigh,924.5,2005.5,0.4,73,43,43,23.39520206602913,-0.03364178961176356,3835,"['52_lag_ensoSSTjfm', '70_lag_ormenSSTjfm', '52_lag_traMC', '56_lag_traEC', '43_lag_56_median_mhfIP30', '43_lag_66_median_nhSICjfm', '43_lag_56_median_traFS', '43_lag_58_median_naoPSLjfm', '43_lag_59_median_amo3', '43_lag_68_median_nchinaPRjja', '43_lag_59_median_shSICmar', '56_lag_AMOCann', '43_lag_70_median_ginwSSTjfm', '43_lag_yrvPRjja', '43_lag_44_median_traWP', '51_lag_traBS', '43_lag_66_median_cetTSjfm', '43_lag_tripol1', '43_lag_64_median_nppc3SSTjfm', '43_lag_53_median_traEC', '43_lag_52_median_mhfIP30', '46_lag_wnorPRjfm', '43_lag_68_median_atlSICsep', '43_lag_57_median_amo2', '54_lag_tripol1', '43_lag_72_median_shTSjfm', '69_lag_traDP', '43_lag_45_median_nhTSjfm', '43_lag_71_median_yrvPRjja', '67_lag_stratZ50ndj01']","[1.9961949067445488, 7.170161523535935, 8.794438176626663, 4.878211446898103, 5.5650369248048825, 3.1237826515447242, 4.928921890648086, 1.7845060975007971, 1.7899224165002021, 2.482695947631777, 2.7867205650908353, 5.16077696083774, 3.2042948598366072, 0.1819444706087161, 8.830136929124105, 0.7501502707191889, 2.0167515493158525, 1.61501957065086, 8.303495062931908, 5.771637843783672, 1.469030826865536, 4.756138218504473, 9.0386863919672, 1.6820298995285317, 7.588152832559736, 5.408413785989032, 0.8685679372640482, 0.0035180310451750074, 5.00232759208761, 9.144142723570578]","52_lag_ensoSSTjfm, 70_lag_ormenSSTjfm, 52_lag_traMC, 56_lag_traEC, 43_lag_56_median_mhfIP30, 43_lag_66_median_nhSICjfm, 43_lag_56_median_traFS, 43_lag_58_median_naoPSLjfm, 43_lag_59_median_amo3, 43_lag_68_median_nchinaPRjja, 43_lag_59_median_shSICmar, 56_lag_AMOCann, 43_lag_70_median_ginwSSTjfm, 43_lag_yrvPRjja, 43_lag_44_median_traWP, 51_lag_traBS, 43_lag_66_median_cetTSjfm, 43_lag_tripol1, 43_lag_64_median_nppc3SSTjfm, 43_lag_53_median_traEC, 43_lag_52_median_mhfIP30, 46_lag_wnorPRjfm, 43_lag_68_median_atlSICsep, 43_lag_57_median_amo2, 54_lag_tripol1, 43_lag_72_median_shTSjfm, 69_lag_traDP, 43_lag_45_median_nhTSjfm, 43_lag_71_median_yrvPRjja, 67_lag_stratZ50ndj01_3835_43"
LRforcedPSO,59,30,nhSICsep,shigh,925.5,2005.5,0.4,74,44,44,27.04438466331185,-0.1941670441520972,3835,"['46_lag_glomaSSTjfm', '73_lag_wnorPRjfm', '44_lag_53_median_shSICmar', '71_lag_eapPSLjfm', '44_lag_70_median_traIT', '71_lag_naoPSLjfm', '44_lag_50_median_amo2', '61_lag_traFB', '44_lag_55_median_tripol3', '47_lag_satlSSTjfm', '49_lag_tripol2', '44_lag_66_median_satlSSTjfm', '44_lag_66_median_yrvPRjja', '44_lag_64_median_ensoSSTjfm', '44_lag_52_median_traBS', '51_lag_alpi', '44_lag_58_median_traDP', '44_lag_54_median_cetTSjfm', '69_lag_glomaSSTjfm', '61_lag_stratZ50ndj04', '44_lag_73_median_arcTSjfm', '66_lag_glTSjfm', '70_lag_nhSICsep', '54_lag_stratZ50ndj03', '44_lag_51_median_tripol3', '59_lag_traFB', '50_lag_labSSTjfm', '56_lag_shTSjfm', '56_lag_stratZ50ndj03', '49_lag_yrvPRjja']","[8.604411191139885, 3.284394393970489, 3.187602005253771, 0.8650687271515807, 0.7404520992469781, 3.2884265006988844, 4.698161084174881, 9.12021093102907, 2.6372717659618132, 6.345359387736567, 1.6734294348075558, 2.794295121195187, 5.7343180726443865, 5.112952956086769, 6.40608599701395, 1.6173800865346504, 2.5045721681924533, 3.112834000784426, 0.015055681347677208, 8.380839035235375, 8.655836153809506, 1.4309199952475211, 4.937245631005002, 8.301318231939831, 6.250626876489935, 5.450878522792191, 7.666695983585443, 7.6515845668903175, 1.1589768724003573, 3.20755897962459]","46_lag_glomaSSTjfm, 73_lag_wnorPRjfm, 44_lag_53_median_shSICmar, 71_lag_eapPSLjfm, 44_lag_70_median_traIT, 71_lag_naoPSLjfm, 44_lag_50_median_amo2, 61_lag_traFB, 44_lag_55_median_tripol3, 47_lag_satlSSTjfm, 49_lag_tripol2, 44_lag_66_median_satlSSTjfm, 44_lag_66_median_yrvPRjja, 44_lag_64_median_ensoSSTjfm, 44_lag_52_median_traBS, 51_lag_alpi, 44_lag_58_median_traDP, 44_lag_54_median_cetTSjfm, 69_lag_glomaSSTjfm, 61_lag_stratZ50ndj04, 44_lag_73_median_arcTSjfm, 66_lag_glTSjfm, 70_lag_nhSICsep, 54_lag_stratZ50ndj03, 44_lag_51_median_tripol3, 59_lag_traFB, 50_lag_labSSTjfm, 56_lag_shTSjfm, 56_lag_stratZ50ndj03, 49_lag_yrvPRjja_3835_44"
LRforcedPSO,60,30,nhSICsep,shigh,926.5,2005.5,0.4,75,45,45,20.434861988573843,-0.0003767763766212139,3835,"['45_lag_69_median_traCA', '45_lag_65_median_arcTSjfm', '55_lag_samPSLann', '49_lag_ensoSSTjfm', '53_lag_traFB', '45_lag_67_median_solFORC', '72_lag_tripol3', '46_lag_atlSICjfm', '45_lag_69_median_ginwSSTjfm', '45_lag_51_median_arcTSjfm', '49_lag_labSSTjfm', '62_lag_cetTSjfm', '45_lag_56_median_eapPSLjfm', '45_lag_48_median_yrvPRjja', '51_lag_amo1', '57_lag_shTSjfm', '45_lag_57_median_tripol3', '57_lag_seurTSjfm', '45_lag_73_median_mhfIP30', '63_lag_traFS', '57_lag_stratZ50ndj03', '70_lag_AMOCann', '58_lag_AMOCann', '65_lag_glTSjfm', '63_lag_nhSICjfm', '62_lag_traBS', '51_lag_amo3', '45_lag_shSICsep', '53_lag_glTSjfm', '45_lag_50_median_traFS']","[5.75690950889836, 4.999973314234751, 5.994000729711345, 3.804089005282485, 9.30842248572219, 4.265535582784567, 2.301983077217354, 2.3785225068840354, 1.6377306562677028, 4.882635104867412, 6.4213420914500645, 0.9707438567163038, 2.5241815976746125, 7.244275103104371, 2.0002325450185143, 2.3735836548447775, 4.617087123597148, 2.123176755833585, 1.546806376727325, 0.8776608068168041, 4.275538743798805, 3.008236749897611, 1.79642128996014, 1.2857844823396025, 3.296212496759189, 0.8378356921738135, 0.07115336306029008, 3.137339182829024, 5.407919714401217, 2.447760500396596]","45_lag_69_median_traCA, 45_lag_65_median_arcTSjfm, 55_lag_samPSLann, 49_lag_ensoSSTjfm, 53_lag_traFB, 45_lag_67_median_solFORC, 72_lag_tripol3, 46_lag_atlSICjfm, 45_lag_69_median_ginwSSTjfm, 45_lag_51_median_arcTSjfm, 49_lag_labSSTjfm, 62_lag_cetTSjfm, 45_lag_56_median_eapPSLjfm, 45_lag_48_median_yrvPRjja, 51_lag_amo1, 57_lag_shTSjfm, 45_lag_57_median_tripol3, 57_lag_seurTSjfm, 45_lag_73_median_mhfIP30, 63_lag_traFS, 57_lag_stratZ50ndj03, 70_lag_AMOCann, 58_lag_AMOCann, 65_lag_glTSjfm, 63_lag_nhSICjfm, 62_lag_traBS, 51_lag_amo3, 45_lag_shSICsep, 53_lag_glTSjfm, 45_lag_50_median_traFS_3835_45"
LRforcedPSO,61,30,nhSICsep,shigh,927.5,2005.5,0.4,76,46,46,23.906328491398035,0.18295751925573472,3835,"['46_lag_49_median_traBS', '61_lag_labSSTjfm', '75_lag_ginwSSTjfm', '46_lag_47_median_traIFC', '46_lag_75_median_eurPSLjfm', '72_lag_ginwSSTjfm', '53_lag_glTSjfm', '46_lag_54_median_shTSjfm', '53_lag_nhSICjfm', '65_lag_nppc2SSTjfm', '46_lag_nchinaPRjja', '50_lag_tripol2', '46_lag_47_median_mhfIP30', '46_lag_53_median_traFSC', '46_lag_51_median_amo3', '46_lag_65_median_traMC', '50_lag_ensoSSTjfm', '70_lag_ginwSSTjfm', '66_lag_solFORC', '46_lag_54_median_tripol1', '62_lag_shSICsep', '67_lag_amo1', '46_lag_66_median_amoSSTmjjaso', '46_lag_51_median_samPSLann', '46_lag_58_median_solFORC', '72_lag_stratZ50ndj01', '62_lag_stratZ50ndj01', '46_lag_neurTSjfm', '46_lag_73_median_mhfATL60', '46_lag_56_median_shSICsep']","[0.35318666449968816, 3.4055935545218254, 4.20139540893649, 1.9525287777087321, 7.325899846230117, 9.428241340834372, 4.2426248849463395, 0.9872751537889393, 4.619685316155483, 0.4495847335498464, 4.616838724659775, 3.1315011213840798, 1.5555448790846498, 2.8287260131147267, 5.627454443947462, 0.3394210812006193, 3.089354649235611, 3.7333896699454705, 4.159173280193387, 6.471349003134073, 5.74231175580168, 5.540052505246482, 5.140168291676288, 3.0239602144456192, 4.098337934443242, 3.9124291951160473, 3.7375050849756963, 0.04612232835087582, 5.884576951535485, 9.013881274944513]","46_lag_49_median_traBS, 61_lag_labSSTjfm, 75_lag_ginwSSTjfm, 46_lag_47_median_traIFC, 46_lag_75_median_eurPSLjfm, 72_lag_ginwSSTjfm, 53_lag_glTSjfm, 46_lag_54_median_shTSjfm, 53_lag_nhSICjfm, 65_lag_nppc2SSTjfm, 46_lag_nchinaPRjja, 50_lag_tripol2, 46_lag_47_median_mhfIP30, 46_lag_53_median_traFSC, 46_lag_51_median_amo3, 46_lag_65_median_traMC, 50_lag_ensoSSTjfm, 70_lag_ginwSSTjfm, 66_lag_solFORC, 46_lag_54_median_tripol1, 62_lag_shSICsep, 67_lag_amo1, 46_lag_66_median_amoSSTmjjaso, 46_lag_51_median_samPSLann, 46_lag_58_median_solFORC, 72_lag_stratZ50ndj01, 62_lag_stratZ50ndj01, 46_lag_neurTSjfm, 46_lag_73_median_mhfATL60, 46_lag_56_median_shSICsep_3835_46"
LRforcedPSO,62,30,nhSICsep,shigh,928.5,2005.5,0.4,77,47,47,25.499242055584144,0.24584416725795044,3835,"['47_lag_73_median_stratZ50ndj01', '47_lag_arcTSjfm', '47_lag_66_median_nppc3SSTjfm', '47_lag_71_median_eurPSLjfm', '62_lag_ensoSSTjfm', '47_lag_67_median_tripol1', '67_lag_nchinaPRjja', '47_lag_63_median_ensoSSTjfm', '67_lag_samPSLann', '47_lag_67_median_traEU', '57_lag_tripol3', '67_lag_yrvPRjja', '47_lag_72_median_glTSjfm', '70_lag_yrvPRjja', '47_lag_71_median_tripol3', '52_lag_amo1', '47_lag_74_median_nppc2SSTjfm', '54_lag_amoSSTmjjaso', '47_lag_57_median_amo1', '60_lag_solFORC', '59_lag_traIFC', '60_lag_labSSTjfm', '68_lag_traDP', '47_lag_48_median_neurTSjfm', '69_lag_shSICsep', '60_lag_glomaSSTjfm', '72_lag_stratZ50ndj02', '51_lag_tripol3', '47_lag_ginwSSTjfm', '68_lag_atlSICsep']","[6.183945845180972, 0.01677868046433595, 2.7206362678956486, 0.5910999770163254, 0.35071412261923385, 6.890247349687353, 0.49867633858440463, 5.59543851532217, 5.555896071042119, 6.7314366668711365, 0.4074085269054155, 5.72142456609104, 1.5112821347171632, 1.498289522682546, 8.260239621130637, 8.214238550200601, 0.8891960793594293, 1.0521173031273463, 8.82829198392119, 6.176910622787236, 5.1446570070055735, 7.107345780468968, 3.77113916802881, 9.134482630311773, 6.093694144598068, 1.9362162021848661, 5.84168863384412, 2.454356156313464, 2.0816518936233344, 1.498159144674883]","47_lag_73_median_stratZ50ndj01, 47_lag_arcTSjfm, 47_lag_66_median_nppc3SSTjfm, 47_lag_71_median_eurPSLjfm, 62_lag_ensoSSTjfm, 47_lag_67_median_tripol1, 67_lag_nchinaPRjja, 47_lag_63_median_ensoSSTjfm, 67_lag_samPSLann, 47_lag_67_median_traEU, 57_lag_tripol3, 67_lag_yrvPRjja, 47_lag_72_median_glTSjfm, 70_lag_yrvPRjja, 47_lag_71_median_tripol3, 52_lag_amo1, 47_lag_74_median_nppc2SSTjfm, 54_lag_amoSSTmjjaso, 47_lag_57_median_amo1, 60_lag_solFORC, 59_lag_traIFC, 60_lag_labSSTjfm, 68_lag_traDP, 47_lag_48_median_neurTSjfm, 69_lag_shSICsep, 60_lag_glomaSSTjfm, 72_lag_stratZ50ndj02, 51_lag_tripol3, 47_lag_ginwSSTjfm, 68_lag_atlSICsep_3835_47"
LRforcedPSO,63,30,nhSICsep,shigh,929.5,2005.5,0.4,78,48,48,26.1156872790649,-0.21682731496331364,3835,"['55_lag_nchinaPRjja', '48_lag_51_median_traFB', '59_lag_cetTSjfm', '61_lag_nppc2SSTjfm', '76_lag_atlSICsep', '49_lag_labSSTjfm', '48_lag_77_median_neurTSjfm', '48_lag_naoPSLjfm', '48_lag_65_median_nppc2SSTjfm', '48_lag_65_median_mhfATL30', '77_lag_scpPSLjfm', '72_lag_traEC', '48_lag_64_median_samPSLann', '48_lag_55_median_traFS', '57_lag_nhSICjfm', '59_lag_shSICsep', '66_lag_glomaSSTjfm', '75_lag_yrvPRjja', '57_lag_stratZ50ndj01', '72_lag_mhfATL30', '48_lag_70_median_traCA', '62_lag_satlSSTjfm', '48_lag_51_median_neurTSjfm', '48_lag_60_median_stratZ50ndj04', '48_lag_69_median_alpi', '48_lag_49_median_samPSLann', '73_lag_ensoSSTjfm', '65_lag_traEC', '48_lag_64_median_ginwSSTjfm', '61_lag_arcTSjfm']","[4.72105428783991, 6.747058490515558, 4.624957400160172, 4.904709362579909, 0.8792107423614866, 2.2188729556944136, 0.6609099461570622, 2.168191865381102, 1.097932958732864, 0.7064117439108646, 1.8021511352353752, 9.50605035815519, 3.824292713461846, 2.7286566343802594, 8.841647967381707, 2.4063810205279808, 4.846580914192909, 3.2930936457539346, 0.142030365740478, 6.237632237232528, 9.495866819791246, 0.733665863227074, 4.064227454964517, 0.894825340722754, 0.555027974559323, 9.519350043040147, 4.168416892865285, 2.3312133319896553, 6.971302259553813, 4.435780232047705]","55_lag_nchinaPRjja, 48_lag_51_median_traFB, 59_lag_cetTSjfm, 61_lag_nppc2SSTjfm, 76_lag_atlSICsep, 49_lag_labSSTjfm, 48_lag_77_median_neurTSjfm, 48_lag_naoPSLjfm, 48_lag_65_median_nppc2SSTjfm, 48_lag_65_median_mhfATL30, 77_lag_scpPSLjfm, 72_lag_traEC, 48_lag_64_median_samPSLann, 48_lag_55_median_traFS, 57_lag_nhSICjfm, 59_lag_shSICsep, 66_lag_glomaSSTjfm, 75_lag_yrvPRjja, 57_lag_stratZ50ndj01, 72_lag_mhfATL30, 48_lag_70_median_traCA, 62_lag_satlSSTjfm, 48_lag_51_median_neurTSjfm, 48_lag_60_median_stratZ50ndj04, 48_lag_69_median_alpi, 48_lag_49_median_samPSLann, 73_lag_ensoSSTjfm, 65_lag_traEC, 48_lag_64_median_ginwSSTjfm, 61_lag_arcTSjfm_3835_48"
LRforcedPSO,64,30,nhSICsep,shigh,930.5,2005.5,0.4,79,49,49,25.471743473226805,0.03564694104992461,3835,"['49_lag_73_median_traIFC', '68_lag_traEC', '61_lag_traEU', '56_lag_traWP', '69_lag_glomaSSTjfm', '49_lag_56_median_seurTSjfm', '49_lag_70_median_traFB', '76_lag_mhfATL60', '62_lag_mhfATL30', '57_lag_atlSICsep', '49_lag_60_median_traEU', '49_lag_54_median_seurTSjfm', '49_lag_50_median_stratZ50ndj03', '49_lag_78_median_labSSTjfm', '60_lag_naoPSLjfm', '53_lag_ismPRjja', '49_lag_75_median_traWP', '72_lag_tripol3', '49_lag_73_median_neurTSjfm', '49_lag_74_median_tripol2', '49_lag_62_median_ismPRjja', '49_lag_52_median_traBO', '49_lag_76_median_alpi', '51_lag_tripol2', '49_lag_62_median_stratZ50ndj02', '49_lag_72_median_AMOCann', '49_lag_68_median_naoPSLjfm', '57_lag_pdoSSTjfm', '49_lag_66_median_traCA', '49_lag_56_median_ormenSSTjfm']","[8.066571359890098, 7.735152850160287, 6.332139176294833, 5.589321179632927, 4.240446596843115, 0.39785308737163305, 3.6714955006515737, 0.735195759421936, 0.08126565581705947, 1.21085331870988, 4.50387480701554, 6.046164012952369, 5.725049400132109, 9.175775982745257, 9.000338430835129, 2.3612500055400965, 8.407249336762934, 9.743604640887714, 5.391267682126664, 6.017235312432149, 1.5503633560293988, 0.23701047782223306, 0.9753056393784796, 2.355960303666107, 6.135037612568945, 7.962184746207733, 7.046316941630886, 8.423347067482798, 4.285727197273488, 8.695465665386603]","49_lag_73_median_traIFC, 68_lag_traEC, 61_lag_traEU, 56_lag_traWP, 69_lag_glomaSSTjfm, 49_lag_56_median_seurTSjfm, 49_lag_70_median_traFB, 76_lag_mhfATL60, 62_lag_mhfATL30, 57_lag_atlSICsep, 49_lag_60_median_traEU, 49_lag_54_median_seurTSjfm, 49_lag_50_median_stratZ50ndj03, 49_lag_78_median_labSSTjfm, 60_lag_naoPSLjfm, 53_lag_ismPRjja, 49_lag_75_median_traWP, 72_lag_tripol3, 49_lag_73_median_neurTSjfm, 49_lag_74_median_tripol2, 49_lag_62_median_ismPRjja, 49_lag_52_median_traBO, 49_lag_76_median_alpi, 51_lag_tripol2, 49_lag_62_median_stratZ50ndj02, 49_lag_72_median_AMOCann, 49_lag_68_median_naoPSLjfm, 57_lag_pdoSSTjfm, 49_lag_66_median_traCA, 49_lag_56_median_ormenSSTjfm_3835_49"
LRforcedPSO,65,30,nhSICsep,shigh,931.5,2005.5,0.4,80,50,50,18.591085318100703,0.11714116508935371,3835,"['78_lag_glTSjfm', '65_lag_traEC', '61_lag_tripol3', '65_lag_atlSICjfm', '50_lag_64_median_satlSSTjfm', '50_lag_traEC', '50_lag_72_median_neurTSjfm', '50_lag_52_median_solFORC', '50_lag_71_median_yrvPRjja', '72_lag_mhfATL45', '54_lag_traWP', '67_lag_traMC', '68_lag_solFORC', '67_lag_traEU', '50_lag_67_median_glomaSSTjfm', '63_lag_amoSSTmjjaso', '50_lag_69_median_shSICsep', '60_lag_amo1', '75_lag_nhSICjfm', '62_lag_alpi', '50_lag_51_median_traCA', '50_lag_75_median_mhfIP30', '50_lag_56_median_labSSTjfm', '50_lag_67_median_alpi', '50_lag_52_median_nchinaPRjja', '50_lag_72_median_glTSjfm', '76_lag_ginwSSTjfm', '59_lag_traMC', '63_lag_AMOCann', '62_lag_tripol2']","[7.587385512204172, 0.08760891566835838, 4.300681369821842, 2.4790451387341506, 4.48098311455706, 2.127132273985244, 1.8596718245455097, 5.101579071416127, 1.5635393357961682, 2.4413618334636222, 0.3285659031448205, 2.8250869322693024, 4.079005267513365, 6.219069821290084, 8.498339942582113, 1.1200920803149401, 3.8507748627509724, 6.368285303626028, 3.198316074564353, 2.4541252727201712, 1.5024499358725905, 8.971587737417916, 1.2504462860475574, 3.6687339780014163, 3.198360610984972, 1.5774999560612013, 1.847959454555923, 3.9794605488830515, 3.338721640507611, 8.135166824684067]","78_lag_glTSjfm, 65_lag_traEC, 61_lag_tripol3, 65_lag_atlSICjfm, 50_lag_64_median_satlSSTjfm, 50_lag_traEC, 50_lag_72_median_neurTSjfm, 50_lag_52_median_solFORC, 50_lag_71_median_yrvPRjja, 72_lag_mhfATL45, 54_lag_traWP, 67_lag_traMC, 68_lag_solFORC, 67_lag_traEU, 50_lag_67_median_glomaSSTjfm, 63_lag_amoSSTmjjaso, 50_lag_69_median_shSICsep, 60_lag_amo1, 75_lag_nhSICjfm, 62_lag_alpi, 50_lag_51_median_traCA, 50_lag_75_median_mhfIP30, 50_lag_56_median_labSSTjfm, 50_lag_67_median_alpi, 50_lag_52_median_nchinaPRjja, 50_lag_72_median_glTSjfm, 76_lag_ginwSSTjfm, 59_lag_traMC, 63_lag_AMOCann, 62_lag_tripol2_3835_50"
LRforcedPSO,66,30,nhSICsep,shigh,932.5,2005.5,0.4,81,51,51,26.6161419341249,-0.048282909330816075,3835,"['52_lag_scpPSLjfm', '51_lag_79_median_AMOCann', '53_lag_atlSICjfm', '78_lag_stratZ50ndj04', '51_lag_80_median_traDP', '64_lag_ginwSSTjfm', '64_lag_shSICmar', '67_lag_naoPSLjfm', '51_lag_62_median_traCA', '68_lag_mhfATL30', '58_lag_mhfATL60', '77_lag_atlSICsep', '71_lag_amo3', '52_lag_mhfATL45', '51_lag_62_median_labSSTjfm', '76_lag_traEC', '73_lag_seurTSjfm', '76_lag_traEU', '72_lag_ismPRjja', '51_lag_77_median_scpPSLjfm', '68_lag_stratZ50ndj01', '51_lag_65_median_atlSICsep', '56_lag_mhfATL30', '53_lag_cetTSjfm', '59_lag_atlSICjfm', '51_lag_54_median_ismPRjja', '51_lag_75_median_solFORC', '55_lag_neurTSjfm', '51_lag_61_median_traEC', '62_lag_traBO']","[5.769736306084976, 2.2459736528578453, 4.871646491119175, 6.0740152447241975, 9.061272239381378, 1.594611966048749, 1.8125617436831138, 4.550836718385842, 4.014300116145499, 6.667279886196166, 0.3453758270154914, 4.59062887905927, 0.25876225711301437, 2.930900222402709, 5.731754380068697, 2.6365603514254747, 6.523161591028877, 6.594011582598416, 6.335179721403584, 2.074979849363636, 1.5560048214632616, 2.7718058483844787, 0.015961266769856763, 9.04167387924105, 8.1101847649745, 1.9636533388410715, 6.003554308719918, 3.0121327923139507, 0.6151063299996551, 6.516045238994881]","52_lag_scpPSLjfm, 51_lag_79_median_AMOCann, 53_lag_atlSICjfm, 78_lag_stratZ50ndj04, 51_lag_80_median_traDP, 64_lag_ginwSSTjfm, 64_lag_shSICmar, 67_lag_naoPSLjfm, 51_lag_62_median_traCA, 68_lag_mhfATL30, 58_lag_mhfATL60, 77_lag_atlSICsep, 71_lag_amo3, 52_lag_mhfATL45, 51_lag_62_median_labSSTjfm, 76_lag_traEC, 73_lag_seurTSjfm, 76_lag_traEU, 72_lag_ismPRjja, 51_lag_77_median_scpPSLjfm, 68_lag_stratZ50ndj01, 51_lag_65_median_atlSICsep, 56_lag_mhfATL30, 53_lag_cetTSjfm, 59_lag_atlSICjfm, 51_lag_54_median_ismPRjja, 51_lag_75_median_solFORC, 55_lag_neurTSjfm, 51_lag_61_median_traEC, 62_lag_traBO_3835_51"
LRforcedPSO,67,30,nhSICsep,shigh,933.5,2005.5,0.4,82,52,52,23.01875233255397,0.26080269840691844,3835,"['52_lag_61_median_mhfATL60', '52_lag_81_median_traMC', '71_lag_nppc3SSTjfm', '53_lag_eurPSLjfm', '52_lag_69_median_stratZ50ndj02', '66_lag_nhSICsep', '67_lag_stratZ50ndj03', '73_lag_arcTSjfm', '52_lag_81_median_traCA', '52_lag_76_median_shTSjfm', '74_lag_mhfIP30', '63_lag_traCA', '81_lag_naoPSLjfm', '70_lag_traDP', '52_lag_75_median_traEC', '55_lag_eapPSLjfm', '52_lag_80_median_traIT', '52_lag_79_median_nppc3SSTjfm', '52_lag_72_median_labSSTjfm', '52_lag_78_median_naoPSLjfm', '75_lag_neurTSjfm', '52_lag_75_median_labSSTjfm', '54_lag_ismPRjja', '52_lag_70_median_scpPSLjfm', '52_lag_60_median_traMC', '54_lag_nppc2SSTjfm', '52_lag_76_median_traFS', '53_lag_atlSICsep', '52_lag_54_median_stratZ50ndj01', '52_lag_59_median_ensoSSTjfm']","[3.8126176307260877, 1.2891671846725483, 4.853501369284341, 0.4420035040860064, 7.588307157643509, 0.46128730494962866, 6.186793328562214, 3.9439256941106997, 7.693567159100116, 0.8774285435348723, 2.224993682739287, 0.6789357653172257, 2.7029606051522492, 8.587864655389847, 9.605901423390275, 2.8842250494832875, 6.283926739318019, 5.169961224672861, 0.005712027240136308, 2.159730118177377, 3.7157135022609804, 9.351785692469505, 0.9903451033643318, 0.32851097147106856, 0.8811953396694161, 7.948036711450728, 3.92363858479073, 5.710693198598104, 2.4765478077409036, 9.935702373838378]","52_lag_61_median_mhfATL60, 52_lag_81_median_traMC, 71_lag_nppc3SSTjfm, 53_lag_eurPSLjfm, 52_lag_69_median_stratZ50ndj02, 66_lag_nhSICsep, 67_lag_stratZ50ndj03, 73_lag_arcTSjfm, 52_lag_81_median_traCA, 52_lag_76_median_shTSjfm, 74_lag_mhfIP30, 63_lag_traCA, 81_lag_naoPSLjfm, 70_lag_traDP, 52_lag_75_median_traEC, 55_lag_eapPSLjfm, 52_lag_80_median_traIT, 52_lag_79_median_nppc3SSTjfm, 52_lag_72_median_labSSTjfm, 52_lag_78_median_naoPSLjfm, 75_lag_neurTSjfm, 52_lag_75_median_labSSTjfm, 54_lag_ismPRjja, 52_lag_70_median_scpPSLjfm, 52_lag_60_median_traMC, 54_lag_nppc2SSTjfm, 52_lag_76_median_traFS, 53_lag_atlSICsep, 52_lag_54_median_stratZ50ndj01, 52_lag_59_median_ensoSSTjfm_3835_52"
LRforcedPSO,68,30,nhSICsep,shigh,934.5,2005.5,0.4,83,53,53,27.873408016195967,0.045266638440596224,3835,"['67_lag_traFS', '53_lag_81_median_labSSTjfm', '53_lag_75_median_traFSC', '54_lag_glTSjfm', '53_lag_56_median_yrvPRjja', '53_lag_74_median_arcTSjfm', '53_lag_80_median_glomaSSTjfm', '68_lag_amoSSTmjjaso', '53_lag_57_median_arcTSjfm', '60_lag_alpi', '80_lag_glTSjfm', '74_lag_stratZ50ndj04', '53_lag_58_median_stratZ50ndj02', '65_lag_nhTSjfm', '65_lag_nchinaPRjja', '53_lag_75_median_eapPSLjfm', '57_lag_nhSICjfm', '76_lag_traTLS', '53_lag_82_median_atlSICsep', '74_lag_mhfATL30', '81_lag_ormenSSTjfm', '53_lag_66_median_atlSICsep', '53_lag_81_median_neurTSjfm', '61_lag_cetTSjfm', '78_lag_traTLS', '53_lag_77_median_mhfATL60', '67_lag_stratZ50ndj01', '53_lag_71_median_AMOCann', '55_lag_wnorPRjfm', '82_lag_satlSSTjfm']","[1.3872785212256904, 4.384072496221572, 5.72209389101063, 8.161941863349433, 1.606467401900698, 2.9956883714188987, 4.38073764391858, 4.34481899688519, 1.0732656925265154, 2.707893988122388, 3.001825997365959, 5.83483751333389, 8.323987837024802, 3.799769787159219, 0.5921108487531548, 6.903814831199684, 4.007588473494108, 1.1890005249417186, 8.691805504560953, 3.3062482969204883, 9.15723135600041, 5.699423318997354, 0.8055166787486296, 5.030932297267224, 3.5768100135366883, 9.756623273023315, 0.8193981035424773, 1.5803618162872333, 2.421768229243252, 7.345322442156988]","67_lag_traFS, 53_lag_81_median_labSSTjfm, 53_lag_75_median_traFSC, 54_lag_glTSjfm, 53_lag_56_median_yrvPRjja, 53_lag_74_median_arcTSjfm, 53_lag_80_median_glomaSSTjfm, 68_lag_amoSSTmjjaso, 53_lag_57_median_arcTSjfm, 60_lag_alpi, 80_lag_glTSjfm, 74_lag_stratZ50ndj04, 53_lag_58_median_stratZ50ndj02, 65_lag_nhTSjfm, 65_lag_nchinaPRjja, 53_lag_75_median_eapPSLjfm, 57_lag_nhSICjfm, 76_lag_traTLS, 53_lag_82_median_atlSICsep, 74_lag_mhfATL30, 81_lag_ormenSSTjfm, 53_lag_66_median_atlSICsep, 53_lag_81_median_neurTSjfm, 61_lag_cetTSjfm, 78_lag_traTLS, 53_lag_77_median_mhfATL60, 67_lag_stratZ50ndj01, 53_lag_71_median_AMOCann, 55_lag_wnorPRjfm, 82_lag_satlSSTjfm_3835_53"
LRforcedPSO,69,30,nhSICsep,shigh,935.5,2005.5,0.4,84,54,54,25.31097341538222,-0.09320939566261063,3835,"['54_lag_74_median_samPSLann', '58_lag_stratZ50ndj03', '59_lag_gyreSSTjfm', '65_lag_arcTSjfm', '54_lag_56_median_nppc3SSTjfm', '54_lag_65_median_ormenSSTjfm', '54_lag_78_median_glTSjfm', '77_lag_tripol1', '54_lag_66_median_tripol2', '54_lag_82_median_traFB', '54_lag_77_median_eapPSLjfm', '54_lag_77_median_labSSTjfm', '59_lag_traEU', '60_lag_seurTSjfm', '54_lag_67_median_glomaSSTjfm', '54_lag_66_median_labSSTjfm', '61_lag_traDS', '54_lag_65_median_stratZ50ndj02', '72_lag_traTLS', '77_lag_traFS', '54_lag_73_median_solFORC', '81_lag_traFSC', '71_lag_stratZ50ndj02', '65_lag_glTSjfm', '75_lag_traEU', '54_lag_72_median_wnorPRjfm', '56_lag_atlSICsep', '78_lag_atlSICsep', '54_lag_62_median_atlSICsep', '56_lag_traIFC']","[9.269428758218677, 4.061982828151853, 1.2115709044709249, 1.6982269745136556, 3.110533693049007, 4.867563424486921, 5.496403974599331, 6.37339958632473, 1.0096535450743023, 1.7512942952519772, 9.05667749679473, 1.4475565098566605, 4.103748027675103, 3.6018051074756983, 4.366185591686225, 6.097301423714605, 0.792077299685916, 5.71140124078509, 0.5658515660386048, 6.094558003441564, 0.30531826076941115, 4.228953570791902, 1.8569156044829498, 1.0013592095384602, 4.537927223506786, 6.060969739344717, 4.009402350352019, 0.3016337360230352, 6.997053845222688, 5.062299215139632]","54_lag_74_median_samPSLann, 58_lag_stratZ50ndj03, 59_lag_gyreSSTjfm, 65_lag_arcTSjfm, 54_lag_56_median_nppc3SSTjfm, 54_lag_65_median_ormenSSTjfm, 54_lag_78_median_glTSjfm, 77_lag_tripol1, 54_lag_66_median_tripol2, 54_lag_82_median_traFB, 54_lag_77_median_eapPSLjfm, 54_lag_77_median_labSSTjfm, 59_lag_traEU, 60_lag_seurTSjfm, 54_lag_67_median_glomaSSTjfm, 54_lag_66_median_labSSTjfm, 61_lag_traDS, 54_lag_65_median_stratZ50ndj02, 72_lag_traTLS, 77_lag_traFS, 54_lag_73_median_solFORC, 81_lag_traFSC, 71_lag_stratZ50ndj02, 65_lag_glTSjfm, 75_lag_traEU, 54_lag_72_median_wnorPRjfm, 56_lag_atlSICsep, 78_lag_atlSICsep, 54_lag_62_median_atlSICsep, 56_lag_traIFC_3835_54"
LRforcedPSO,70,30,nhSICsep,shigh,936.5,2005.5,0.4,85,55,55,29.946305244973967,0.2546139549461542,3835,"['55_lag_82_median_mhfATL30', '55_lag_67_median_traCA', '60_lag_traBS', '65_lag_solFORC', '55_lag_70_median_amoSSTmjjaso', '55_lag_62_median_traTLS', '55_lag_81_median_traMC', '55_lag_66_median_stratZ50ndj03', '68_lag_shSICmar', '66_lag_labSSTjfm', '74_lag_traFB', '81_lag_labSSTjfm', '55_lag_75_median_neurTSjfm', '55_lag_80_median_traEU', '55_lag_77_median_mhfATL45', '64_lag_wnorPRjfm', '82_lag_tripol3', '55_lag_81_median_solFORC', '83_lag_stratZ50ndj03', '55_lag_60_median_samPSLann', '66_lag_amoSSTmjjaso', '55_lag_61_median_nhSICsep', '83_lag_mhfIP30', '55_lag_81_median_amo2', '55_lag_68_median_nhSICjfm', '83_lag_traMC', '55_lag_79_median_nppc2SSTjfm', '55_lag_70_median_nppc3SSTjfm', '55_lag_84_median_ensoSSTjfm', '55_lag_79_median_stratZ50ndj04']","[0.29431890142025097, 5.057503678730557, 0.35989888515086577, 5.680188005202652, 0.9097317659851001, 3.203548632313993, 8.3892573947723, 3.391278547183944, 2.7266415878015993, 0.13443718692335693, 4.1480065245900715, 5.910282561168545, 0.48849314575798886, 7.48923964316861, 6.208212660009029, 4.585684881470553, 6.753820851554266, 9.785778628092725, 1.3652336435962393, 0.840458758871609, 5.743907298005757, 6.391621540508837, 1.1527974376634038, 5.220092733946229, 7.7136609468578605, 1.6567636833460249, 0.32785391536357444, 2.0904567580787585, 1.9638461166765637, 1.2892712659909265]","55_lag_82_median_mhfATL30, 55_lag_67_median_traCA, 60_lag_traBS, 65_lag_solFORC, 55_lag_70_median_amoSSTmjjaso, 55_lag_62_median_traTLS, 55_lag_81_median_traMC, 55_lag_66_median_stratZ50ndj03, 68_lag_shSICmar, 66_lag_labSSTjfm, 74_lag_traFB, 81_lag_labSSTjfm, 55_lag_75_median_neurTSjfm, 55_lag_80_median_traEU, 55_lag_77_median_mhfATL45, 64_lag_wnorPRjfm, 82_lag_tripol3, 55_lag_81_median_solFORC, 83_lag_stratZ50ndj03, 55_lag_60_median_samPSLann, 66_lag_amoSSTmjjaso, 55_lag_61_median_nhSICsep, 83_lag_mhfIP30, 55_lag_81_median_amo2, 55_lag_68_median_nhSICjfm, 83_lag_traMC, 55_lag_79_median_nppc2SSTjfm, 55_lag_70_median_nppc3SSTjfm, 55_lag_84_median_ensoSSTjfm, 55_lag_79_median_stratZ50ndj04_3835_55"
LRforcedPSO,71,30,nhSICsep,shigh,937.5,2005.5,0.4,86,56,56,38.66213071911892,-0.19728480515698843,3835,"['56_lag_77_median_solFORC', '56_lag_61_median_traDP', '73_lag_tripol2', '56_lag_77_median_amo2', '56_lag_68_median_shSICmar', '80_lag_wnorPRjfm', '69_lag_yrvPRjja', '56_lag_82_median_traFB', '56_lag_58_median_nhTSjfm', '69_lag_traMC', '56_lag_60_median_amo3', '56_lag_62_median_scpPSLjfm', '56_lag_atlSICjfm', '56_lag_79_median_stratZ50ndj01', '79_lag_nppc2SSTjfm', '85_lag_stratZ50ndj01', '72_lag_mhfATL45', '56_lag_58_median_traDS', '63_lag_stratZ50ndj03', '56_lag_79_median_glTSjfm', '56_lag_64_median_nppc2SSTjfm', '75_lag_atlSICsep', '56_lag_69_median_naoPSLjfm', '64_lag_ginwSSTjfm', '76_lag_gyreSSTjfm', '77_lag_traFB', '56_lag_78_median_stratZ50ndj04', '56_lag_59_median_arcTSjfm', '56_lag_60_median_traTLS', '78_lag_seurTSjfm']","[6.150241049890099, 4.8188246837916875, 0.017879934481682014, 9.316834946334867, 1.9406458200506034, 4.6770544682025665, 6.189974001628958, 3.4239195058224965, 3.89218717406208, 0.12409183285216052, 9.067682769422937, 0.3872224341243946, 3.555410282836478, 5.817596088981012, 0.05298854404018449, 3.1555615422784378, 6.918488399415828, 2.98140324406285, 1.4354095287314745, 5.50564475056974, 6.5881098637787865, 5.73060043333383, 4.311769625741424, 0.16710044852127126, 0.8708583213045014, 2.334234242285982, 2.499527266476562, 3.494989816819423, 2.567311484825769, 4.962957780246731]","56_lag_77_median_solFORC, 56_lag_61_median_traDP, 73_lag_tripol2, 56_lag_77_median_amo2, 56_lag_68_median_shSICmar, 80_lag_wnorPRjfm, 69_lag_yrvPRjja, 56_lag_82_median_traFB, 56_lag_58_median_nhTSjfm, 69_lag_traMC, 56_lag_60_median_amo3, 56_lag_62_median_scpPSLjfm, 56_lag_atlSICjfm, 56_lag_79_median_stratZ50ndj01, 79_lag_nppc2SSTjfm, 85_lag_stratZ50ndj01, 72_lag_mhfATL45, 56_lag_58_median_traDS, 63_lag_stratZ50ndj03, 56_lag_79_median_glTSjfm, 56_lag_64_median_nppc2SSTjfm, 75_lag_atlSICsep, 56_lag_69_median_naoPSLjfm, 64_lag_ginwSSTjfm, 76_lag_gyreSSTjfm, 77_lag_traFB, 56_lag_78_median_stratZ50ndj04, 56_lag_59_median_arcTSjfm, 56_lag_60_median_traTLS, 78_lag_seurTSjfm_3835_56"
LRforcedPSO,72,30,nhSICsep,shigh,938.5,2005.5,0.4,87,57,57,20.753340141626733,0.15695478363742935,3835,"['57_lag_84_median_traBS', '71_lag_scpPSLjfm', '57_lag_77_median_stratZ50ndj04', '76_lag_mhfATL30', '73_lag_traBS', '57_lag_78_median_cetTSjfm', '57_lag_62_median_stratZ50ndj03', '62_lag_cetTSjfm', '65_lag_atlSICjfm', '59_lag_amo2', '57_lag_77_median_ensoSSTjfm', '77_lag_yrvPRjja', '75_lag_nhSICjfm', '57_lag_61_median_traCA', '57_lag_82_median_seurTSjfm', '57_lag_71_median_traTLS', '57_lag_65_median_traWP', '64_lag_eurPSLjfm', '57_lag_80_median_nhSICjfm', '75_lag_tripol1', '74_lag_traFSC', '66_lag_traMC', '57_lag_72_median_traFB', '57_lag_70_median_nppc2SSTjfm', '57_lag_83_median_amo2', '57_lag_83_median_nhSICsep', '63_lag_traTLS', '57_lag_66_median_stratZ50ndj01', '68_lag_traBS', '57_lag_78_median_satlSSTjfm']","[5.858579365956505, 0.35099852997722536, 6.865659227919904, 9.636865359085931, 5.70926784100433, 5.223344496293109, 7.494371988495168, 1.9847155932339415, 3.91049586050163, 3.412027743944277, 1.8700089999698726, 1.9578783257521053, 3.5431772516713007, 1.9709097327346008, 1.5682579540931947, 6.072064133607595, 5.571162971794001, 0.45178567277554826, 9.31753614601423, 4.671572629158298, 5.198570102637115, 3.01627945853123, 6.334695725857795, 0.27986155785102795, 2.8385426690088567, 8.198617729539922, 1.5291504097152036, 1.5264911047075636, 6.147190688530753, 5.758189430088594]","57_lag_84_median_traBS, 71_lag_scpPSLjfm, 57_lag_77_median_stratZ50ndj04, 76_lag_mhfATL30, 73_lag_traBS, 57_lag_78_median_cetTSjfm, 57_lag_62_median_stratZ50ndj03, 62_lag_cetTSjfm, 65_lag_atlSICjfm, 59_lag_amo2, 57_lag_77_median_ensoSSTjfm, 77_lag_yrvPRjja, 75_lag_nhSICjfm, 57_lag_61_median_traCA, 57_lag_82_median_seurTSjfm, 57_lag_71_median_traTLS, 57_lag_65_median_traWP, 64_lag_eurPSLjfm, 57_lag_80_median_nhSICjfm, 75_lag_tripol1, 74_lag_traFSC, 66_lag_traMC, 57_lag_72_median_traFB, 57_lag_70_median_nppc2SSTjfm, 57_lag_83_median_amo2, 57_lag_83_median_nhSICsep, 63_lag_traTLS, 57_lag_66_median_stratZ50ndj01, 68_lag_traBS, 57_lag_78_median_satlSSTjfm_3835_57"
LRforcedPSO,73,30,nhSICsep,shigh,939.5,2005.5,0.4,88,58,58,24.931873220489972,-0.18260502342288704,3835,"['64_lag_stratZ50ndj03', '76_lag_naoPSLjfm', '72_lag_ensoSSTjfm', '80_lag_eapPSLjfm', '58_lag_73_median_pdoSSTjfm', '78_lag_yrvPRjja', '71_lag_shSICmar', '58_lag_80_median_traIT', '58_lag_79_median_labSSTjfm', '77_lag_ensoSSTjfm', '58_lag_86_median_stratZ50ndj04', '58_lag_65_median_nhSICjfm', '62_lag_shSICsep', '58_lag_82_median_eapPSLjfm', '79_lag_nhSICjfm', '58_lag_84_median_tripol3', '58_lag_72_median_solFORC', '87_lag_yrvPRjja', '86_lag_mhfATL45', '61_lag_mhfATL60', '63_lag_stratZ50ndj04', '58_lag_82_median_mhfATL60', '58_lag_86_median_traIFC', '58_lag_64_median_traBS', '79_lag_stratZ50ndj03', '79_lag_traFS', '82_lag_traCA', '58_lag_79_median_traCA', '61_lag_eapPSLjfm', '70_lag_traEU']","[8.24001629091487, 3.187356831748467, 8.750492415006509, 2.0259384662532796, 1.642403476463965, 1.8255891581306845, 4.435777484046067, 0.8156993899344975, 3.761909766274714, 1.2097304635772055, 3.907584005432268, 2.3472987593058203, 1.798874877594514, 2.7387180115458687, 2.0584874069902703, 9.321313828043888, 2.446704424063741, 4.556184773560165, 3.0304690892802615, 9.06263752580475, 1.9436195217023169, 0.9822291054892762, 0.9713767669724209, 0.704158327156259, 2.600695494177362, 9.83940082599949, 6.557567212586598, 6.197476142712879, 2.224702840383679, 1.2603767530955565]","64_lag_stratZ50ndj03, 76_lag_naoPSLjfm, 72_lag_ensoSSTjfm, 80_lag_eapPSLjfm, 58_lag_73_median_pdoSSTjfm, 78_lag_yrvPRjja, 71_lag_shSICmar, 58_lag_80_median_traIT, 58_lag_79_median_labSSTjfm, 77_lag_ensoSSTjfm, 58_lag_86_median_stratZ50ndj04, 58_lag_65_median_nhSICjfm, 62_lag_shSICsep, 58_lag_82_median_eapPSLjfm, 79_lag_nhSICjfm, 58_lag_84_median_tripol3, 58_lag_72_median_solFORC, 87_lag_yrvPRjja, 86_lag_mhfATL45, 61_lag_mhfATL60, 63_lag_stratZ50ndj04, 58_lag_82_median_mhfATL60, 58_lag_86_median_traIFC, 58_lag_64_median_traBS, 79_lag_stratZ50ndj03, 79_lag_traFS, 82_lag_traCA, 58_lag_79_median_traCA, 61_lag_eapPSLjfm, 70_lag_traEU_3835_58"
LRforcedPSO,74,30,nhSICsep,shigh,940.5,2005.5,0.4,89,59,59,22.205324022548975,0.11717360835197566,3835,"['59_lag_80_median_atlSICjfm', '59_lag_79_median_traWP', '59_lag_72_median_seurTSjfm', '59_lag_87_median_alpi', '67_lag_naoPSLjfm', '68_lag_alpi', '81_lag_glTSjfm', '59_lag_71_median_traBS', '66_lag_traDP', '79_lag_nppc2SSTjfm', '67_lag_stratZ50ndj03', '59_lag_79_median_tripol1', '59_lag_81_median_traIFC', '59_lag_87_median_stratZ50ndj03', '63_lag_shSICsep', '59_lag_84_median_traFB', '76_lag_AMOCann', '82_lag_traTLS', '59_lag_70_median_glTSjfm', '69_lag_eurPSLjfm', '88_lag_traIT', '67_lag_tripol3', '77_lag_pdoSSTjfm', '87_lag_satlSSTjfm', '59_lag_61_median_alpi', '59_lag_68_median_eurPSLjfm', '84_lag_AMOCann', '80_lag_amo3', '59_lag_88_median_mhfIP30', '69_lag_mhfATL60']","[4.643697790957355, 2.337812559001568, 2.8543338246142707, 6.471387798376277, 9.119658801550514, 1.256576079337897, 3.020051658902563, 2.4613541375703445, 0.1832177301871436, 5.583034941985938, 3.5752784784485208, 4.4116978609658535, 6.821896875686903, 1.4141985649883573, 6.862358562985323, 5.639414602829989, 2.4953852324063135, 0.667840789875223, 9.92226797644519, 7.937300657539087, 4.946135052476992, 4.0969663862057, 6.1868726430755885, 3.9769587273371387, 0.2187100986632533, 9.55872868261104, 4.96902619730526, 1.5812116191256198, 1.9146753417706819, 8.153129036566295]","59_lag_80_median_atlSICjfm, 59_lag_79_median_traWP, 59_lag_72_median_seurTSjfm, 59_lag_87_median_alpi, 67_lag_naoPSLjfm, 68_lag_alpi, 81_lag_glTSjfm, 59_lag_71_median_traBS, 66_lag_traDP, 79_lag_nppc2SSTjfm, 67_lag_stratZ50ndj03, 59_lag_79_median_tripol1, 59_lag_81_median_traIFC, 59_lag_87_median_stratZ50ndj03, 63_lag_shSICsep, 59_lag_84_median_traFB, 76_lag_AMOCann, 82_lag_traTLS, 59_lag_70_median_glTSjfm, 69_lag_eurPSLjfm, 88_lag_traIT, 67_lag_tripol3, 77_lag_pdoSSTjfm, 87_lag_satlSSTjfm, 59_lag_61_median_alpi, 59_lag_68_median_eurPSLjfm, 84_lag_AMOCann, 80_lag_amo3, 59_lag_88_median_mhfIP30, 69_lag_mhfATL60_3835_59"
LRforcedPSO,75,30,nhSICsep,shigh,941.5,2005.5,0.4,90,60,60,33.421599251929514,-0.2317724258054423,3835,"['60_lag_74_median_ismPRjja', '78_lag_tripol2', '77_lag_amo1', '71_lag_nchinaPRjja', '78_lag_traIFC', '60_lag_70_median_glomaSSTjfm', '69_lag_amoSSTmjjaso', '60_lag_eurPSLjfm', '74_lag_shSICmar', '79_lag_mhfATL60', '61_lag_solFORC', '60_lag_71_median_scpPSLjfm', '86_lag_eurPSLjfm', '60_lag_80_median_amo1', '60_lag_79_median_neurTSjfm', '60_lag_67_median_traCA', '60_lag_82_median_ormenSSTjfm', '71_lag_yrvPRjja', '67_lag_pdoSSTjfm', '60_lag_61_median_tripol3', '81_lag_nppc2SSTjfm', '66_lag_nppc2SSTjfm', '60_lag_87_median_traDP', '60_lag_74_median_amoSSTmjjaso', '60_lag_61_median_traBO', '60_lag_78_median_tripol3', '79_lag_tripol2', '85_lag_ormenSSTjfm', '60_lag_74_median_nppc3SSTjfm', '68_lag_stratZ50ndj03']","[5.108888139793109, 0.4388195519218172, 0.9668454361888319, 3.665142254461758, 2.432528785687671, 9.71565640849765, 1.158493188921497, 1.3272473159242217, 3.7917402773294278, 6.110648086115733, 9.549442467008788, 8.83066031865263, 4.86233980494136, 5.3998423131836155, 4.691566049399331, 7.718191862609078, 9.038791672523159, 2.896182974328367, 2.239118541598245, 1.1931791140745105, 1.8840297032080215, 3.8517939205905094, 8.853205428654277, 6.371004304414395, 1.323451034278884, 1.0783951797102596, 0.7338129424885604, 6.15087323959008, 7.409855759559852, 4.9319480185234195]","60_lag_74_median_ismPRjja, 78_lag_tripol2, 77_lag_amo1, 71_lag_nchinaPRjja, 78_lag_traIFC, 60_lag_70_median_glomaSSTjfm, 69_lag_amoSSTmjjaso, 60_lag_eurPSLjfm, 74_lag_shSICmar, 79_lag_mhfATL60, 61_lag_solFORC, 60_lag_71_median_scpPSLjfm, 86_lag_eurPSLjfm, 60_lag_80_median_amo1, 60_lag_79_median_neurTSjfm, 60_lag_67_median_traCA, 60_lag_82_median_ormenSSTjfm, 71_lag_yrvPRjja, 67_lag_pdoSSTjfm, 60_lag_61_median_tripol3, 81_lag_nppc2SSTjfm, 66_lag_nppc2SSTjfm, 60_lag_87_median_traDP, 60_lag_74_median_amoSSTmjjaso, 60_lag_61_median_traBO, 60_lag_78_median_tripol3, 79_lag_tripol2, 85_lag_ormenSSTjfm, 60_lag_74_median_nppc3SSTjfm, 68_lag_stratZ50ndj03_3835_60"
LRforcedPSO,76,30,nhSICsep,shigh,942.5,2005.5,0.4,91,61,61,34.87675936406393,-0.06487474838379567,3835,"['79_lag_glomaSSTjfm', '62_lag_nhSICsep', '82_lag_traDP', '61_lag_81_median_traFSC', '61_lag_72_median_traFB', '61_lag_62_median_traTLS', '61_lag_66_median_mhfIP30', '61_lag_89_median_glTSjfm', '70_lag_mhfATL45', '61_lag_89_median_yrvPRjja', '61_lag_89_median_traEU', '73_lag_glomaSSTjfm', '61_lag_76_median_mhfATL45', '61_lag_90_median_nppc3SSTjfm', '83_lag_atlSICsep', '84_lag_samPSLann', '61_lag_77_median_traCA', '61_lag_84_median_traWP', '61_lag_75_median_traFSC', '61_lag_75_median_samPSLann', '68_lag_traDP', '61_lag_90_median_nhTSjfm', '61_lag_83_median_samPSLann', '61_lag_69_median_samPSLann', '84_lag_atlSICjfm', '86_lag_labSSTjfm', '61_lag_64_median_stratZ50ndj02', '61_lag_63_median_eurPSLjfm', '61_lag_84_median_amoSSTmjjaso', '61_lag_66_median_stratZ50ndj04']","[9.788112362510574, 0.8168494530891035, 4.804550859271619, 3.424891288562762, 3.9021757580708787, 3.907540552179647, 0.617942585195232, 7.012494331514761, 3.62911090077424, 3.9484603724843197, 6.304551635045799, 4.8308714300643585, 1.6234887766498822, 4.730351940493258, 1.4365391578227342, 7.425653808823583, 4.896299356318005, 4.822482963261487, 0.09945455255484958, 0.5932155328014979, 6.35701747574258, 7.522758965818689, 4.53525917331482, 0.8123392043479747, 4.455988891766145, 1.4672060343487647, 1.9537055278378475, 7.6579788315968, 0.626239439958356, 5.775919322989456]","79_lag_glomaSSTjfm, 62_lag_nhSICsep, 82_lag_traDP, 61_lag_81_median_traFSC, 61_lag_72_median_traFB, 61_lag_62_median_traTLS, 61_lag_66_median_mhfIP30, 61_lag_89_median_glTSjfm, 70_lag_mhfATL45, 61_lag_89_median_yrvPRjja, 61_lag_89_median_traEU, 73_lag_glomaSSTjfm, 61_lag_76_median_mhfATL45, 61_lag_90_median_nppc3SSTjfm, 83_lag_atlSICsep, 84_lag_samPSLann, 61_lag_77_median_traCA, 61_lag_84_median_traWP, 61_lag_75_median_traFSC, 61_lag_75_median_samPSLann, 68_lag_traDP, 61_lag_90_median_nhTSjfm, 61_lag_83_median_samPSLann, 61_lag_69_median_samPSLann, 84_lag_atlSICjfm, 86_lag_labSSTjfm, 61_lag_64_median_stratZ50ndj02, 61_lag_63_median_eurPSLjfm, 61_lag_84_median_amoSSTmjjaso, 61_lag_66_median_stratZ50ndj04_3835_61"
LRforcedPSO,77,30,nhSICsep,shigh,943.5,2005.5,0.4,92,62,62,23.605446253487717,0.24822941948789612,3835,"['75_lag_traWP', '62_lag_79_median_glomaSSTjfm', '80_lag_traCA', '65_lag_stratZ50ndj03', '62_lag_83_median_samPSLann', '65_lag_alpi', '62_lag_72_median_AMOCann', '62_lag_91_median_traIFC', '86_lag_eurPSLjfm', '62_lag_88_median_amoSSTmjjaso', '71_lag_traMC', '70_lag_traDP', '62_lag_84_median_satlSSTjfm', '82_lag_cetTSjfm', '62_lag_72_median_mhfATL60', '76_lag_nchinaPRjja', '72_lag_traWP', '89_lag_tripol3', '62_lag_83_median_scpPSLjfm', '86_lag_cetTSjfm', '85_lag_nppc2SSTjfm', '62_lag_84_median_mhfATL45', '79_lag_mhfATL60', '62_lag_88_median_mhfIP30', '73_lag_traIFC', '62_lag_69_median_nppc2SSTjfm', '62_lag_71_median_labSSTjfm', '71_lag_nchinaPRjja', '62_lag_71_median_amo1', '79_lag_naoPSLjfm']","[4.23432554724152, 1.2837064251447021, 6.707108678470986, 3.2035019861256897, 7.99858950683284, 6.275991264403043, 4.820768346271617, 7.988825707503244, 3.014991906970012, 2.122655401483497, 4.239160177973517, 6.862824783195007, 5.890221121531893, 1.1186471620948666, 6.977248759174191, 1.3408781930369091, 5.176019025429907, 5.842047425656421, 6.197227512803394, 2.439029996102045, 4.382185556691018, 0.09318664531767595, 4.402686558131419, 5.65945309404259, 0.5840350980731017, 3.541736618450666, 5.215896109218878, 5.991002942190882, 0.8110040402803609, 5.36482550063592]","75_lag_traWP, 62_lag_79_median_glomaSSTjfm, 80_lag_traCA, 65_lag_stratZ50ndj03, 62_lag_83_median_samPSLann, 65_lag_alpi, 62_lag_72_median_AMOCann, 62_lag_91_median_traIFC, 86_lag_eurPSLjfm, 62_lag_88_median_amoSSTmjjaso, 71_lag_traMC, 70_lag_traDP, 62_lag_84_median_satlSSTjfm, 82_lag_cetTSjfm, 62_lag_72_median_mhfATL60, 76_lag_nchinaPRjja, 72_lag_traWP, 89_lag_tripol3, 62_lag_83_median_scpPSLjfm, 86_lag_cetTSjfm, 85_lag_nppc2SSTjfm, 62_lag_84_median_mhfATL45, 79_lag_mhfATL60, 62_lag_88_median_mhfIP30, 73_lag_traIFC, 62_lag_69_median_nppc2SSTjfm, 62_lag_71_median_labSSTjfm, 71_lag_nchinaPRjja, 62_lag_71_median_amo1, 79_lag_naoPSLjfm_3835_62"
LRforcedPSO,78,30,nhSICsep,shigh,944.5,2005.5,0.4,93,63,63,23.883728138943805,0.18380925050144267,3835,"['63_lag_78_median_tripol2', '63_lag_89_median_nchinaPRjja', '68_lag_traIFC', '63_lag_85_median_tripol1', '65_lag_mhfATL30', '72_lag_traMC', '63_lag_87_median_mhfATL60', '63_lag_88_median_atlSICsep', '63_lag_92_median_amoSSTmjjaso', '86_lag_ensoSSTjfm', '63_lag_69_median_mhfATL45', '63_lag_81_median_traTLS', '85_lag_mhfIP30', '89_lag_nhTSjfm', '67_lag_amo2', '72_lag_nhSICjfm', '63_lag_74_median_stratZ50ndj01', '81_lag_labSSTjfm', '88_lag_amo2', '63_lag_72_median_glomaSSTjfm', '63_lag_85_median_traMC', '63_lag_80_median_traDS', '63_lag_71_median_ismPRjja', '69_lag_nppc3SSTjfm', '66_lag_traDP', '63_lag_92_median_mhfATL30', '63_lag_71_median_pdoSSTjfm', '81_lag_traCA', '66_lag_nhSICjfm', '69_lag_labSSTjfm']","[7.575630410698562, 1.7310528703008305, 7.83740886046272, 4.640717099600629, 5.737895606367534, 2.84192030077004, 1.337439617735928, 6.514078546720798, 4.18858197659056, 1.9202343684163452, 9.740114841151515, 3.1529128451497996, 5.432159101314973, 8.068451336791284, 8.41989096964009, 2.345727799762221, 0.5264708138920522, 4.183953788919506, 8.897507202279623, 4.806257217556256, 1.8907426395375193, 0.33790104597684056, 3.8227927547510117, 5.855033125877149, 3.3522027331797783, 0.33746382654745233, 2.6921575377892086, 4.743069291402396, 4.605308200574832, 2.826411430064553]","63_lag_78_median_tripol2, 63_lag_89_median_nchinaPRjja, 68_lag_traIFC, 63_lag_85_median_tripol1, 65_lag_mhfATL30, 72_lag_traMC, 63_lag_87_median_mhfATL60, 63_lag_88_median_atlSICsep, 63_lag_92_median_amoSSTmjjaso, 86_lag_ensoSSTjfm, 63_lag_69_median_mhfATL45, 63_lag_81_median_traTLS, 85_lag_mhfIP30, 89_lag_nhTSjfm, 67_lag_amo2, 72_lag_nhSICjfm, 63_lag_74_median_stratZ50ndj01, 81_lag_labSSTjfm, 88_lag_amo2, 63_lag_72_median_glomaSSTjfm, 63_lag_85_median_traMC, 63_lag_80_median_traDS, 63_lag_71_median_ismPRjja, 69_lag_nppc3SSTjfm, 66_lag_traDP, 63_lag_92_median_mhfATL30, 63_lag_71_median_pdoSSTjfm, 81_lag_traCA, 66_lag_nhSICjfm, 69_lag_labSSTjfm_3835_63"
LRforcedPSO,79,30,nhSICsep,shigh,945.5,2005.5,0.4,94,64,64,22.4801740347666,-0.021354881090867597,3835,"['64_lag_93_median_ensoSSTjfm', '64_lag_75_median_traEC', '64_lag_82_median_alpi', '64_lag_77_median_atlSICjfm', '64_lag_71_median_stratZ50ndj03', '64_lag_88_median_tripol2', '71_lag_wnorPRjfm', '80_lag_amo2', '64_lag_75_median_amo3', '82_lag_traDP', '76_lag_nppc2SSTjfm', '64_lag_92_median_eurPSLjfm', '74_lag_ormenSSTjfm', '85_lag_neurTSjfm', '64_lag_81_median_cetTSjfm', '90_lag_traIFC', '64_lag_92_median_tripol1', '64_lag_traFSC', '66_lag_ensoSSTjfm', '85_lag_naoPSLjfm', '69_lag_tripol3', '71_lag_atlSICjfm', '64_lag_72_median_nhSICsep', '77_lag_ginwSSTjfm', '64_lag_83_median_ginwSSTjfm', '64_lag_78_median_AMOCann', '87_lag_amo2', '92_lag_nppc2SSTjfm', '64_lag_72_median_traFB', '85_lag_traDP']","[0.5244263841567367, 3.4828060698598335, 6.850136231184074, 0.4131959909989824, 1.4010139058099202, 2.3543233838530586, 5.355183638917433, 8.00136602614679, 4.467050767173022, 7.62709655094962, 4.916368697440873, 3.306251040685824, 0.5166344809671877, 5.365016984771527, 6.4340770192576135, 6.454927435681168, 5.927405888965753, 3.854005385167561, 2.3850728472452136, 4.369449245724404, 0.9053766278374358, 6.468598050963948, 4.43359609323206, 7.460070167825645, 5.223777567699287, 6.199702681161416, 8.877562977001567, 2.6278709061345236, 4.392907426740045, 3.6681225667440227]","64_lag_93_median_ensoSSTjfm, 64_lag_75_median_traEC, 64_lag_82_median_alpi, 64_lag_77_median_atlSICjfm, 64_lag_71_median_stratZ50ndj03, 64_lag_88_median_tripol2, 71_lag_wnorPRjfm, 80_lag_amo2, 64_lag_75_median_amo3, 82_lag_traDP, 76_lag_nppc2SSTjfm, 64_lag_92_median_eurPSLjfm, 74_lag_ormenSSTjfm, 85_lag_neurTSjfm, 64_lag_81_median_cetTSjfm, 90_lag_traIFC, 64_lag_92_median_tripol1, 64_lag_traFSC, 66_lag_ensoSSTjfm, 85_lag_naoPSLjfm, 69_lag_tripol3, 71_lag_atlSICjfm, 64_lag_72_median_nhSICsep, 77_lag_ginwSSTjfm, 64_lag_83_median_ginwSSTjfm, 64_lag_78_median_AMOCann, 87_lag_amo2, 92_lag_nppc2SSTjfm, 64_lag_72_median_traFB, 85_lag_traDP_3835_64"
LRforcedPSO,80,30,nhSICsep,shigh,946.5,2005.5,0.4,95,65,65,22.86478937595965,0.1776735473575353,3835,"['65_lag_92_median_arcTSjfm', '65_lag_67_median_traBO', '78_lag_mhfATL60', '65_lag_91_median_traMC', '73_lag_stratZ50ndj03', '72_lag_amo2', '65_lag_86_median_nchinaPRjja', '65_lag_74_median_solFORC', '65_lag_eapPSLjfm', '65_lag_88_median_traDP', '65_lag_67_median_scpPSLjfm', '83_lag_traDS', '65_lag_76_median_stratZ50ndj03', '94_lag_traFSC', '65_lag_92_median_neurTSjfm', '85_lag_stratZ50ndj02', '81_lag_AMOCann', '65_lag_87_median_shSICmar', '65_lag_80_median_satlSSTjfm', '83_lag_traBS', '65_lag_89_median_tripol3', '65_lag_88_median_atlSICjfm', '91_lag_gyreSSTjfm', '65_lag_90_median_nhSICjfm', '74_lag_nppc3SSTjfm', '65_lag_78_median_scpPSLjfm', '88_lag_traEC', '65_lag_85_median_ormenSSTjfm', '69_lag_nhSICsep', '65_lag_77_median_nhSICjfm']","[5.593548755388353, 5.10823741941169, 4.161937002025873, 3.6505617808176183, 3.808997475511795, 8.14062575543112, 4.501898116120888, 5.036721372184891, 1.0030755576927461, 8.195699257677187, 1.0991729620427577, 9.477605034471939, 0.7669501905479841, 0.23142322151866246, 6.192860713948578, 4.6800309616453735, 7.018897470783067, 2.585439344779129, 4.33769768437026, 8.2182674562571, 3.7809147114960417, 3.0588330202206304, 4.395979504907976, 9.623257522882504, 7.98536915673457, 1.089994908475978, 4.490607032496616, 8.284269352918752, 0.16731359647222277, 4.623087906866252]","65_lag_92_median_arcTSjfm, 65_lag_67_median_traBO, 78_lag_mhfATL60, 65_lag_91_median_traMC, 73_lag_stratZ50ndj03, 72_lag_amo2, 65_lag_86_median_nchinaPRjja, 65_lag_74_median_solFORC, 65_lag_eapPSLjfm, 65_lag_88_median_traDP, 65_lag_67_median_scpPSLjfm, 83_lag_traDS, 65_lag_76_median_stratZ50ndj03, 94_lag_traFSC, 65_lag_92_median_neurTSjfm, 85_lag_stratZ50ndj02, 81_lag_AMOCann, 65_lag_87_median_shSICmar, 65_lag_80_median_satlSSTjfm, 83_lag_traBS, 65_lag_89_median_tripol3, 65_lag_88_median_atlSICjfm, 91_lag_gyreSSTjfm, 65_lag_90_median_nhSICjfm, 74_lag_nppc3SSTjfm, 65_lag_78_median_scpPSLjfm, 88_lag_traEC, 65_lag_85_median_ormenSSTjfm, 69_lag_nhSICsep, 65_lag_77_median_nhSICjfm_3835_65"
LRforcedPSO,81,30,nhSICsep,shigh,947.5,2005.5,0.4,96,66,66,24.54165749245674,0.2055548157989472,3835,"['92_lag_nhTSjfm', '66_lag_85_median_traFSC', '70_lag_arcTSjfm', '66_lag_83_median_yrvPRjja', '85_lag_stratZ50ndj04', '66_lag_94_median_nchinaPRjja', '92_lag_wnorPRjfm', '83_lag_mhfATL45', '70_lag_nhSICsep', '66_lag_86_median_pdoSSTjfm', '86_lag_stratZ50ndj04', '84_lag_nhSICsep', '70_lag_traIT', '77_lag_stratZ50ndj02', '68_lag_solFORC', '66_lag_89_median_traWP', '92_lag_ginwSSTjfm', '68_lag_satlSSTjfm', '85_lag_traEC', '66_lag_stratZ50ndj02', '66_lag_78_median_traDP', '95_lag_traMC', '88_lag_amoSSTmjjaso', '94_lag_cetTSjfm', '92_lag_stratZ50ndj02', '66_lag_75_median_traCA', '66_lag_88_median_yrvPRjja', '66_lag_81_median_ginwSSTjfm', '66_lag_75_median_traBS', '74_lag_amo3']","[4.326432282638382, 7.100910864645375, 6.428572711637205, 8.833193660569997, 2.157214118315771, 3.749062749544528, 4.875223527768626, 7.361585123922929, 3.1837983872026925, 0.7474837190152339, 9.672252644420844, 1.9765020445239685, 2.8015363136637976, 1.6982754063477579, 2.565792672142166, 3.4671244396458754, 3.845521149402849, 6.073400153717223, 0.04113982727597332, 0.4307305694508443, 5.337042865010789, 4.171487756944172, 0.00948739499073703, 1.388339533879396, 7.188055547650642, 6.252683164757247, 4.195442498717541, 1.4461575582168216, 3.446960276601752, 2.2871958212532517]","92_lag_nhTSjfm, 66_lag_85_median_traFSC, 70_lag_arcTSjfm, 66_lag_83_median_yrvPRjja, 85_lag_stratZ50ndj04, 66_lag_94_median_nchinaPRjja, 92_lag_wnorPRjfm, 83_lag_mhfATL45, 70_lag_nhSICsep, 66_lag_86_median_pdoSSTjfm, 86_lag_stratZ50ndj04, 84_lag_nhSICsep, 70_lag_traIT, 77_lag_stratZ50ndj02, 68_lag_solFORC, 66_lag_89_median_traWP, 92_lag_ginwSSTjfm, 68_lag_satlSSTjfm, 85_lag_traEC, 66_lag_stratZ50ndj02, 66_lag_78_median_traDP, 95_lag_traMC, 88_lag_amoSSTmjjaso, 94_lag_cetTSjfm, 92_lag_stratZ50ndj02, 66_lag_75_median_traCA, 66_lag_88_median_yrvPRjja, 66_lag_81_median_ginwSSTjfm, 66_lag_75_median_traBS, 74_lag_amo3_3835_66"
LRforcedPSO,82,30,nhSICsep,shigh,948.5,2005.5,0.4,97,67,67,22.669834301332386,-0.032242089300755436,3835,"['67_lag_74_median_ensoSSTjfm', '72_lag_stratZ50ndj02', '67_lag_74_median_glTSjfm', '67_lag_78_median_alpi', '87_lag_nhSICsep', '77_lag_atlSICjfm', '67_lag_83_median_ismPRjja', '67_lag_73_median_nchinaPRjja', '67_lag_80_median_alpi', '90_lag_ormenSSTjfm', '74_lag_scpPSLjfm', '95_lag_mhfATL45', '74_lag_stratZ50ndj04', '67_lag_84_median_stratZ50ndj02', '78_lag_traEU', '67_lag_89_median_glTSjfm', '67_lag_92_median_satlSSTjfm', '71_lag_traFB', '95_lag_nchinaPRjja', '96_lag_amoSSTmjjaso', '67_lag_90_median_gyreSSTjfm', '67_lag_85_median_satlSSTjfm', '67_lag_84_median_traIT', '69_lag_glomaSSTjfm', '81_lag_shSICsep', '72_lag_tripol2', '93_lag_traBS', '67_lag_96_median_eurPSLjfm', '67_lag_77_median_stratZ50ndj02', '67_lag_76_median_nppc3SSTjfm']","[8.45773044646206, 6.192783976117269, 0.885535348586231, 5.382729859769244, 3.6635986164725587, 4.993775873760877, 3.244610843386626, 4.792925484780664, 0.3596485962343987, 3.2311565802894515, 6.275287645411545, 2.401319669503776, 5.228041535720266, 8.471634635708128, 7.2848580172504, 3.4087432488662532, 5.427183620788803, 3.36147656013682, 3.5113221251161697, 7.531050738018433, 3.940908729632106, 9.704943943653614, 3.827720960913714, 8.737282351227737, 0.05533845338084831, 3.0763301100213276, 2.475663588512427, 4.505418115115076, 9.032841970798394, 2.698638583022566]","67_lag_74_median_ensoSSTjfm, 72_lag_stratZ50ndj02, 67_lag_74_median_glTSjfm, 67_lag_78_median_alpi, 87_lag_nhSICsep, 77_lag_atlSICjfm, 67_lag_83_median_ismPRjja, 67_lag_73_median_nchinaPRjja, 67_lag_80_median_alpi, 90_lag_ormenSSTjfm, 74_lag_scpPSLjfm, 95_lag_mhfATL45, 74_lag_stratZ50ndj04, 67_lag_84_median_stratZ50ndj02, 78_lag_traEU, 67_lag_89_median_glTSjfm, 67_lag_92_median_satlSSTjfm, 71_lag_traFB, 95_lag_nchinaPRjja, 96_lag_amoSSTmjjaso, 67_lag_90_median_gyreSSTjfm, 67_lag_85_median_satlSSTjfm, 67_lag_84_median_traIT, 69_lag_glomaSSTjfm, 81_lag_shSICsep, 72_lag_tripol2, 93_lag_traBS, 67_lag_96_median_eurPSLjfm, 67_lag_77_median_stratZ50ndj02, 67_lag_76_median_nppc3SSTjfm_3835_67"
LRforcedPSO,83,30,nhSICsep,shigh,949.5,2005.5,0.4,98,68,68,23.085695856544152,-0.014727375811379229,3835,"['68_lag_82_median_eapPSLjfm', '92_lag_ismPRjja', '68_lag_87_median_nppc3SSTjfm', '69_lag_traIFC', '87_lag_stratZ50ndj04', '68_lag_72_median_traEC', '71_lag_traFSC', '68_lag_74_median_mhfIP30', '76_lag_eapPSLjfm', '83_lag_scpPSLjfm', '89_lag_traWP', '68_lag_73_median_arcTSjfm', '68_lag_87_median_scpPSLjfm', '97_lag_eurPSLjfm', '81_lag_traMC', '68_lag_94_median_nppc3SSTjfm', '68_lag_71_median_neurTSjfm', '78_lag_eurPSLjfm', '68_lag_73_median_shSICsep', '68_lag_90_median_traBO', '68_lag_89_median_mhfIP30', '97_lag_atlSICsep', '68_lag_91_median_tripol3', '82_lag_nppc3SSTjfm', '68_lag_79_median_seurTSjfm', '68_lag_95_median_traDP', '68_lag_90_median_cetTSjfm', '87_lag_mhfATL60', '80_lag_shTSjfm', '93_lag_traEC']","[1.4263376672336037, 3.626534466638917, 6.6767769968979485, 2.1673107453565255, 1.0161141762566945, 8.927532568686987, 6.782023591399135, 1.8503489435895943, 0.3927701692311416, 3.4190987395901846, 9.040167832145897, 2.102656210430336, 0.6623908490412678, 7.0611463458918635, 8.385158634494356, 3.8737787914989106, 0.8029367362846056, 4.311642941255098, 4.183911215707216, 2.6253264742146456, 2.140873280052052, 4.3047417575831615, 1.4837488630989863, 3.1078137968031943, 0.20819543023162979, 0.9143319022050296, 1.3194718705679414, 9.821406118642148, 4.153428857531178, 6.954131875948228]","68_lag_82_median_eapPSLjfm, 92_lag_ismPRjja, 68_lag_87_median_nppc3SSTjfm, 69_lag_traIFC, 87_lag_stratZ50ndj04, 68_lag_72_median_traEC, 71_lag_traFSC, 68_lag_74_median_mhfIP30, 76_lag_eapPSLjfm, 83_lag_scpPSLjfm, 89_lag_traWP, 68_lag_73_median_arcTSjfm, 68_lag_87_median_scpPSLjfm, 97_lag_eurPSLjfm, 81_lag_traMC, 68_lag_94_median_nppc3SSTjfm, 68_lag_71_median_neurTSjfm, 78_lag_eurPSLjfm, 68_lag_73_median_shSICsep, 68_lag_90_median_traBO, 68_lag_89_median_mhfIP30, 97_lag_atlSICsep, 68_lag_91_median_tripol3, 82_lag_nppc3SSTjfm, 68_lag_79_median_seurTSjfm, 68_lag_95_median_traDP, 68_lag_90_median_cetTSjfm, 87_lag_mhfATL60, 80_lag_shTSjfm, 93_lag_traEC_3835_68"
LRforcedPSO,84,30,nhSICsep,shigh,950.5,2005.5,0.4,99,69,69,21.507199727001993,0.114149421968966,3835,"['86_lag_eurPSLjfm', '72_lag_nppc3SSTjfm', '70_lag_traIFC', '69_lag_glTSjfm', '87_lag_nhSICjfm', '87_lag_seurTSjfm', '79_lag_shSICmar', '72_lag_nhSICjfm', '69_lag_75_median_ormenSSTjfm', '69_lag_74_median_traMC', '76_lag_ginwSSTjfm', '82_lag_tripol2', '69_lag_79_median_traEC', '69_lag_78_median_eurPSLjfm', '71_lag_traEC', '73_lag_satlSSTjfm', '69_lag_98_median_satlSSTjfm', '69_lag_74_median_glomaSSTjfm', '73_lag_naoPSLjfm', '80_lag_glomaSSTjfm', '94_lag_ensoSSTjfm', '86_lag_ensoSSTjfm', '93_lag_traFS', '74_lag_seurTSjfm', '77_lag_nchinaPRjja', '78_lag_neurTSjfm', '77_lag_amo2', '69_lag_97_median_traIFC', '77_lag_mhfIP30', '94_lag_traWP']","[3.918824803021714, 1.5942808026756357, 5.795482639046071, 2.998972651562493, 5.739361150873128, 2.591706466376028, 8.04996528566911, 0.7069833350312926, 6.6284110891968195, 0.6236114555557197, 1.8716641640399008, 4.462783335984302, 6.086993330224331, 9.644363714286984, 3.7465802331091, 2.942726283790142, 0.331800425971716, 2.9074994774242846, 2.157957576935166, 9.048090732364024, 1.1448953663741772, 4.684312245988471, 0.0024466348399609927, 6.387936001228727, 9.79602014799972, 6.938249899336091, 2.361182139123226, 0.1464858578351631, 6.129811190633534, 0.14252724527879224]","86_lag_eurPSLjfm, 72_lag_nppc3SSTjfm, 70_lag_traIFC, 69_lag_glTSjfm, 87_lag_nhSICjfm, 87_lag_seurTSjfm, 79_lag_shSICmar, 72_lag_nhSICjfm, 69_lag_75_median_ormenSSTjfm, 69_lag_74_median_traMC, 76_lag_ginwSSTjfm, 82_lag_tripol2, 69_lag_79_median_traEC, 69_lag_78_median_eurPSLjfm, 71_lag_traEC, 73_lag_satlSSTjfm, 69_lag_98_median_satlSSTjfm, 69_lag_74_median_glomaSSTjfm, 73_lag_naoPSLjfm, 80_lag_glomaSSTjfm, 94_lag_ensoSSTjfm, 86_lag_ensoSSTjfm, 93_lag_traFS, 74_lag_seurTSjfm, 77_lag_nchinaPRjja, 78_lag_neurTSjfm, 77_lag_amo2, 69_lag_97_median_traIFC, 77_lag_mhfIP30, 94_lag_traWP_3835_69"
LRforcedPSO,85,30,nhSICsep,shigh,951.5,2005.5,0.4,100,70,70,20.826018677811373,0.06868101341182108,3835,"['70_lag_90_median_satlSSTjfm', '70_lag_90_median_yrvPRjja', '97_lag_AMOCann', '70_lag_94_median_traIFC', '91_lag_traBO', '85_lag_glTSjfm', '89_lag_mhfATL60', '98_lag_satlSSTjfm', '70_lag_71_median_naoPSLjfm', '70_lag_85_median_nppc3SSTjfm', '70_lag_78_median_nhSICsep', '70_lag_87_median_seurTSjfm', '70_lag_72_median_solFORC', '93_lag_glTSjfm', '70_lag_76_median_traEC', '70_lag_84_median_traFS', '70_lag_98_median_mhfATL30', '85_lag_ormenSSTjfm', '70_lag_83_median_stratZ50ndj01', '86_lag_stratZ50ndj01', '97_lag_ismPRjja', '79_lag_ismPRjja', '86_lag_traEC', '70_lag_81_median_stratZ50ndj02', '70_lag_95_median_shSICmar', '93_lag_traDS', '96_lag_naoPSLjfm', '70_lag_96_median_amo2', '70_lag_98_median_nppc3SSTjfm', '72_lag_arcTSjfm']","[8.291817398983914, 5.805051546511242, 2.98759839384267, 8.22745165751061, 4.391309198397849, 1.4260512847514306, 1.8093051501572521, 3.7786411507987534, 2.4294636801101035, 0.6465299975427907, 2.153799921056585, 0.04826282362818013, 4.455572105014429, 6.036062504565805, 0.21195512190798738, 2.4536414840381404, 0.02410355478667192, 0.48197705717027617, 8.234386961153504, 3.780999550708966, 0.8065646291890776, 7.907284027593706, 7.126540301813556, 4.58142672140265, 1.2347425455580634, 5.446283422906646, 1.6792712817292443, 0.27057566594846527, 6.8263799441968125, 5.971141753030967]","70_lag_90_median_satlSSTjfm, 70_lag_90_median_yrvPRjja, 97_lag_AMOCann, 70_lag_94_median_traIFC, 91_lag_traBO, 85_lag_glTSjfm, 89_lag_mhfATL60, 98_lag_satlSSTjfm, 70_lag_71_median_naoPSLjfm, 70_lag_85_median_nppc3SSTjfm, 70_lag_78_median_nhSICsep, 70_lag_87_median_seurTSjfm, 70_lag_72_median_solFORC, 93_lag_glTSjfm, 70_lag_76_median_traEC, 70_lag_84_median_traFS, 70_lag_98_median_mhfATL30, 85_lag_ormenSSTjfm, 70_lag_83_median_stratZ50ndj01, 86_lag_stratZ50ndj01, 97_lag_ismPRjja, 79_lag_ismPRjja, 86_lag_traEC, 70_lag_81_median_stratZ50ndj02, 70_lag_95_median_shSICmar, 93_lag_traDS, 96_lag_naoPSLjfm, 70_lag_96_median_amo2, 70_lag_98_median_nppc3SSTjfm, 72_lag_arcTSjfm_3835_70"
