model,num_irrelevant,max_allowed_features,target_feature,dataset,year_start,year_end,splitsize,max_lag,init_lag,max_forecast,mae_score,corr_score,n_total_features,selected_feature_list,feature_importances,selected_features
LRforcedPSO,0,10,traEU,shigh,866.5,2005.5,0.8,15,1,1,17.30196373922212,-0.03900619418261739,1755,"['1_lag_4_median_glomaSSTjfm', '3_lag_ensoSSTjfm', '5_lag_glTSjfm', '6_lag_gyreSSTjfm', '1_lag_11_median_neurTSjfm', '1_lag_3_median_neurTSjfm', '4_lag_eurPSLjfm', '1_lag_11_median_amo1', '9_lag_traMC', '8_lag_yrvPRjja']","[8.738401365855854, 5.698861905237416, 5.865300942303248, 2.5436247676268264, 1.0387248941494533, 2.0313248921187377, 0.5880119644796622, 4.367732212220519, 2.1188771000191275, 3.7342784371276476]","1_lag_4_median_glomaSSTjfm, 3_lag_ensoSSTjfm, 5_lag_glTSjfm, 6_lag_gyreSSTjfm, 1_lag_11_median_neurTSjfm, 1_lag_3_median_neurTSjfm, 4_lag_eurPSLjfm, 1_lag_11_median_amo1, 9_lag_traMC, 8_lag_yrvPRjja_1755_1"
LRforcedPSO,1,10,traEU,shigh,867.5,2005.5,0.8,16,1,1,14.539938122159105,0.2356980605709723,1885,"['1_lag_5_median_traFSC', '1_lag_5_median_amo3', '15_lag_wnorPRjfm', '9_lag_mhfATL45', '10_lag_tripol1', '1_lag_2_median_tripol1', '14_lag_tripol1', '1_lag_7_median_stratZ50ndj03', '1_lag_10_median_shSICsep', '5_lag_ensoSSTjfm']","[8.040956607921743, 3.529929137769919, 0.9803424298311985, 2.652130831631238, 2.266802267880408, 4.133999521951354, 1.7955131352113796, 7.453440125011294, 0.2023915126691893, 1.4509883164921877]","1_lag_5_median_traFSC, 1_lag_5_median_amo3, 15_lag_wnorPRjfm, 9_lag_mhfATL45, 10_lag_tripol1, 1_lag_2_median_tripol1, 14_lag_tripol1, 1_lag_7_median_stratZ50ndj03, 1_lag_10_median_shSICsep, 5_lag_ensoSSTjfm_1885_1"
LRforcedPSO,2,10,traEU,shigh,868.5,2005.5,0.8,17,1,1,18.250269735131976,-0.08112838844499586,2015,"['1_lag_8_median_shTSjfm', '11_lag_scpPSLjfm', '1_lag_13_median_solFORC', '2_lag_nhSICjfm', '1_lag_6_median_cetTSjfm', '4_lag_nhSICsep', '12_lag_atlSICjfm', '4_lag_traWP', '1_lag_5_median_atlSICjfm', '3_lag_traWP']","[8.969980722923625, 2.1408487514365504, 7.096791869638469, 5.5274346211112615, 4.669905979556379, 0.04255444724484647, 3.834730906795741, 3.287375137783341, 4.871055218261668, 4.904001595053556]","1_lag_8_median_shTSjfm, 11_lag_scpPSLjfm, 1_lag_13_median_solFORC, 2_lag_nhSICjfm, 1_lag_6_median_cetTSjfm, 4_lag_nhSICsep, 12_lag_atlSICjfm, 4_lag_traWP, 1_lag_5_median_atlSICjfm, 3_lag_traWP_2015_1"
LRforcedPSO,3,10,traEU,shigh,869.5,2005.5,0.8,18,1,1,19.259094826350292,-0.05976915308923478,2145,"['1_lag_3_median_atlSICjfm', '10_lag_amoSSTmjjaso', '8_lag_nhTSjfm', '16_lag_traWP', '1_lag_17_median_stratZ50ndj03', '1_lag_9_median_ormenSSTjfm', '5_lag_traDP', '4_lag_shSICmar', '1_lag_2_median_mhfATL45', '1_lag_tripol1']","[2.5555138292916286, 2.606182175388292, 0.3284368673737923, 0.05125757358857186, 1.2324393017297446, 7.915208705547978, 2.6838927609122614, 2.101689530874074, 7.757294094650021, 6.803029489758018]","1_lag_3_median_atlSICjfm, 10_lag_amoSSTmjjaso, 8_lag_nhTSjfm, 16_lag_traWP, 1_lag_17_median_stratZ50ndj03, 1_lag_9_median_ormenSSTjfm, 5_lag_traDP, 4_lag_shSICmar, 1_lag_2_median_mhfATL45, 1_lag_tripol1_2145_1"
LRforcedPSO,4,10,traEU,shigh,870.5,2005.5,0.8,19,1,1,15.129533909880896,0.07018341736802705,2275,"['1_lag_8_median_gyreSSTjfm', '17_lag_tripol2', '1_lag_2_median_nchinaPRjja', '15_lag_glomaSSTjfm', '15_lag_cetTSjfm', '1_lag_15_median_traFB', '2_lag_traIT', '17_lag_traFSC', '14_lag_stratZ50ndj02', '2_lag_traTLS']","[2.3198620447383345, 5.102924735086853, 0.06213330535135064, 0.9303445857774086, 1.080806807602814, 5.097242213548752, 0.6746163918399244, 4.166730081336707, 1.0262899302230792, 8.15885847493307]","1_lag_8_median_gyreSSTjfm, 17_lag_tripol2, 1_lag_2_median_nchinaPRjja, 15_lag_glomaSSTjfm, 15_lag_cetTSjfm, 1_lag_15_median_traFB, 2_lag_traIT, 17_lag_traFSC, 14_lag_stratZ50ndj02, 2_lag_traTLS_2275_1"
LRforcedPSO,5,10,traEU,shigh,871.5,2005.5,0.8,20,1,1,18.448347510011754,-0.1076470629591132,2405,"['1_lag_samPSLann', '1_lag_8_median_traBS', '7_lag_ginwSSTjfm', '16_lag_amo2', '1_lag_9_median_nppc2SSTjfm', '1_lag_10_median_stratZ50ndj03', '1_lag_3_median_traDS', '2_lag_traBO', '12_lag_nchinaPRjja', '1_lag_15_median_mhfIP30']","[0.46992402168647196, 2.493803106676255, 2.31059590825732, 3.3342832621919722, 5.938038533868532, 6.9528562900971025, 2.3257148008113546, 1.9462583385985592, 2.9724942159709355, 2.424456279453411]","1_lag_samPSLann, 1_lag_8_median_traBS, 7_lag_ginwSSTjfm, 16_lag_amo2, 1_lag_9_median_nppc2SSTjfm, 1_lag_10_median_stratZ50ndj03, 1_lag_3_median_traDS, 2_lag_traBO, 12_lag_nchinaPRjja, 1_lag_15_median_mhfIP30_2405_1"
LRforcedPSO,6,10,traEU,shigh,872.5,2005.5,0.8,21,1,1,18.195028202832784,-0.0711897164627856,2535,"['1_lag_nhSICsep', '1_lag_9_median_gyreSSTjfm', '2_lag_amoSSTmjjaso', '6_lag_ismPRjja', '1_lag_17_median_ginwSSTjfm', '16_lag_shSICmar', '1_lag_2_median_traEU', '11_lag_traFB', '11_lag_traDP', '2_lag_naoPSLjfm']","[0.6261747587160631, 2.9016941833329213, 1.606292467034237, 5.9429102904099, 2.1981135733736457, 2.3163493970116527, 1.5101907658424771, 3.3442742528068763, 0.5076113767789874, 9.398051369042385]","1_lag_nhSICsep, 1_lag_9_median_gyreSSTjfm, 2_lag_amoSSTmjjaso, 6_lag_ismPRjja, 1_lag_17_median_ginwSSTjfm, 16_lag_shSICmar, 1_lag_2_median_traEU, 11_lag_traFB, 11_lag_traDP, 2_lag_naoPSLjfm_2535_1"
LRforcedPSO,7,10,traEU,shigh,873.5,2005.5,0.8,22,2,2,16.21800730070985,-0.038615923992549234,2535,"['12_lag_traFB', '2_lag_17_median_pdoSSTjfm', '2_lag_11_median_shTSjfm', '2_lag_6_median_shTSjfm', '16_lag_mhfATL60', '2_lag_3_median_yrvPRjja', '16_lag_traDS', '10_lag_traIFC', '7_lag_traIFC', '2_lag_11_median_amo2']","[6.7392497268115665, 1.627467958159734, 7.52471827748697, 7.247617494254051, 0.257209799066187, 3.968641438047329, 0.917273540413035, 6.539211271070286, 4.7158670997829555, 0.24268380161778502]","12_lag_traFB, 2_lag_17_median_pdoSSTjfm, 2_lag_11_median_shTSjfm, 2_lag_6_median_shTSjfm, 16_lag_mhfATL60, 2_lag_3_median_yrvPRjja, 16_lag_traDS, 10_lag_traIFC, 7_lag_traIFC, 2_lag_11_median_amo2_2535_2"
LRforcedPSO,8,10,traEU,shigh,874.5,2005.5,0.8,23,3,3,15.612629766917815,0.07134307478350137,2535,"['7_lag_traCA', '3_lag_samPSLann', '3_lag_21_median_traFB', '3_lag_21_median_traEC', '5_lag_glomaSSTjfm', '3_lag_6_median_glomaSSTjfm', '3_lag_13_median_ormenSSTjfm', '19_lag_stratZ50ndj03', '3_lag_22_median_gyreSSTjfm', '3_lag_stratZ50ndj01']","[3.1929235497560136, 6.573310636146516, 5.3726484647248895, 3.515279171959172, 5.846195263052374, 1.6898023315926185, 8.293912609807908, 4.025016355336836, 1.1167051284289915, 0.962422004941839]","7_lag_traCA, 3_lag_samPSLann, 3_lag_21_median_traFB, 3_lag_21_median_traEC, 5_lag_glomaSSTjfm, 3_lag_6_median_glomaSSTjfm, 3_lag_13_median_ormenSSTjfm, 19_lag_stratZ50ndj03, 3_lag_22_median_gyreSSTjfm, 3_lag_stratZ50ndj01_2535_3"
LRforcedPSO,9,10,traEU,shigh,875.5,2005.5,0.8,24,4,4,15.00235462609983,0.11381583751477904,2535,"['4_lag_21_median_nchinaPRjja', '15_lag_satlSSTjfm', '4_lag_10_median_traIT', '4_lag_11_median_wnorPRjfm', '4_lag_10_median_traWP', '21_lag_traMC', '11_lag_ensoSSTjfm', '17_lag_atlSICsep', '4_lag_23_median_glTSjfm', '4_lag_9_median_samPSLann']","[2.0662595794195724, 3.239228674840959, 1.3336034445076876, 1.4359467151094858, 5.450980589239213, 0.41375601523310657, 0.28723381511347057, 4.726175240071015, 7.857118074879693, 8.739110955145687]","4_lag_21_median_nchinaPRjja, 15_lag_satlSSTjfm, 4_lag_10_median_traIT, 4_lag_11_median_wnorPRjfm, 4_lag_10_median_traWP, 21_lag_traMC, 11_lag_ensoSSTjfm, 17_lag_atlSICsep, 4_lag_23_median_glTSjfm, 4_lag_9_median_samPSLann_2535_4"
LRforcedPSO,10,10,traEU,shigh,876.5,2005.5,0.8,25,5,5,13.146516222595633,0.19523618371636114,2535,"['6_lag_traBO', '18_lag_mhfATL30', '5_lag_23_median_satlSSTjfm', '20_lag_traMC', '5_lag_13_median_nhSICjfm', '5_lag_6_median_traDS', '5_lag_24_median_ismPRjja', '14_lag_atlSICsep', '17_lag_cetTSjfm', '5_lag_8_median_AMOCann']","[1.5298092342732676, 5.994299944777428, 1.681861609638574, 3.779108934696641, 1.3710617293441842, 2.9129491764290094, 1.0631425726499444, 0.4196878917312947, 0.2541059538466861, 3.983854907633173]","6_lag_traBO, 18_lag_mhfATL30, 5_lag_23_median_satlSSTjfm, 20_lag_traMC, 5_lag_13_median_nhSICjfm, 5_lag_6_median_traDS, 5_lag_24_median_ismPRjja, 14_lag_atlSICsep, 17_lag_cetTSjfm, 5_lag_8_median_AMOCann_2535_5"
LRforcedPSO,11,10,traEU,shigh,877.5,2005.5,0.8,26,6,6,15.103453557719995,0.09671028562334892,2535,"['11_lag_eapPSLjfm', '6_lag_8_median_traDP', '16_lag_eurPSLjfm', '25_lag_tripol3', '6_lag_24_median_AMOCann', '6_lag_7_median_glTSjfm', '6_lag_25_median_traFSC', '6_lag_24_median_arcTSjfm', '7_lag_tripol1', '8_lag_atlSICjfm']","[4.996900029988293, 0.882614316039982, 3.643592522850561, 5.551045665706972, 2.5866526373631444, 2.593950849536908, 1.8227069380331926, 1.8823023072384863, 0.45304794626490974, 0.758372122409936]","11_lag_eapPSLjfm, 6_lag_8_median_traDP, 16_lag_eurPSLjfm, 25_lag_tripol3, 6_lag_24_median_AMOCann, 6_lag_7_median_glTSjfm, 6_lag_25_median_traFSC, 6_lag_24_median_arcTSjfm, 7_lag_tripol1, 8_lag_atlSICjfm_2535_6"
LRforcedPSO,12,10,traEU,shigh,878.5,2005.5,0.8,27,7,7,15.415967416718184,-0.044480784165503495,2535,"['15_lag_nchinaPRjja', '7_lag_21_median_traCA', '20_lag_mhfIP30', '19_lag_mhfIP30', '7_lag_18_median_amoSSTmjjaso', '7_lag_15_median_traFB', '21_lag_traFS', '7_lag_8_median_traIT', '24_lag_eurPSLjfm', '7_lag_16_median_amo2']","[0.7880637818618279, 9.22134554206206, 1.7517905455234857, 4.106178503767084, 4.467721211549161, 0.646815149039826, 3.0477773305206117, 1.7089738111389892, 0.40110783821429585, 3.7056094830171986]","15_lag_nchinaPRjja, 7_lag_21_median_traCA, 20_lag_mhfIP30, 19_lag_mhfIP30, 7_lag_18_median_amoSSTmjjaso, 7_lag_15_median_traFB, 21_lag_traFS, 7_lag_8_median_traIT, 24_lag_eurPSLjfm, 7_lag_16_median_amo2_2535_7"
LRforcedPSO,13,10,traEU,shigh,879.5,2005.5,0.8,28,8,8,21.732116200486647,-0.061526623224820935,2535,"['8_lag_10_median_traFSC', '26_lag_amo2', '20_lag_shSICsep', '24_lag_scpPSLjfm', '11_lag_arcTSjfm', '8_lag_17_median_traCA', '8_lag_15_median_atlSICjfm', '8_lag_24_median_AMOCann', '8_lag_24_median_glomaSSTjfm', '9_lag_AMOCann']","[3.504846181712704, 1.2858075563653326, 5.400705824227289, 1.760401554231155, 7.389308839583282, 5.444134238125402, 3.999297161036715, 3.6117138218564815, 1.5280451327535012, 3.799812282928057]","8_lag_10_median_traFSC, 26_lag_amo2, 20_lag_shSICsep, 24_lag_scpPSLjfm, 11_lag_arcTSjfm, 8_lag_17_median_traCA, 8_lag_15_median_atlSICjfm, 8_lag_24_median_AMOCann, 8_lag_24_median_glomaSSTjfm, 9_lag_AMOCann_2535_8"
LRforcedPSO,14,10,traEU,shigh,880.5,2005.5,0.8,29,9,9,15.239999792957523,0.03739522206037557,2535,"['9_lag_15_median_traBS', '9_lag_23_median_eurPSLjfm', '9_lag_22_median_nhTSjfm', '9_lag_13_median_amo2', '16_lag_tripol2', '9_lag_12_median_amo2', '9_lag_11_median_amo3', '9_lag_14_median_tripol1', '9_lag_26_median_eurPSLjfm', '9_lag_10_median_stratZ50ndj02']","[2.821034971356033, 3.1788775515331036, 4.263537404430355, 3.622871954710245, 1.5033631975066477, 0.20442435784276292, 4.081309298291924, 4.705127241902529, 8.431479511673249, 1.4226871321196821]","9_lag_15_median_traBS, 9_lag_23_median_eurPSLjfm, 9_lag_22_median_nhTSjfm, 9_lag_13_median_amo2, 16_lag_tripol2, 9_lag_12_median_amo2, 9_lag_11_median_amo3, 9_lag_14_median_tripol1, 9_lag_26_median_eurPSLjfm, 9_lag_10_median_stratZ50ndj02_2535_9"
LRforcedPSO,15,10,traEU,shigh,881.5,2005.5,0.8,30,10,10,19.91448679122683,-0.038754485091002516,2535,"['10_lag_28_median_nchinaPRjja', '10_lag_18_median_alpi', '13_lag_mhfIP30', '20_lag_mhfIP30', '10_lag_23_median_mhfIP30', '19_lag_pdoSSTjfm', '14_lag_neurTSjfm', '10_lag_18_median_traDP', '21_lag_satlSSTjfm', '10_lag_23_median_traEC']","[0.144553279312154, 2.5518973231286814, 3.147407474788624, 2.9544687114536172, 0.040444696320063755, 0.7221865028652896, 6.968586522923765, 1.179790997124492, 5.413499023677533, 9.215961389882033]","10_lag_28_median_nchinaPRjja, 10_lag_18_median_alpi, 13_lag_mhfIP30, 20_lag_mhfIP30, 10_lag_23_median_mhfIP30, 19_lag_pdoSSTjfm, 14_lag_neurTSjfm, 10_lag_18_median_traDP, 21_lag_satlSSTjfm, 10_lag_23_median_traEC_2535_10"
LRforcedPSO,16,10,traEU,shigh,882.5,2005.5,0.8,31,11,11,16.658607748188718,-0.09305411015951992,2535,"['25_lag_gyreSSTjfm', '11_lag_21_median_nhTSjfm', '16_lag_stratZ50ndj04', '21_lag_mhfATL60', '17_lag_nhSICsep', '25_lag_stratZ50ndj03', '25_lag_naoPSLjfm', '11_lag_20_median_samPSLann', '11_lag_24_median_mhfATL30', '24_lag_traFS']","[2.597066197787477, 5.214737140113453, 0.37494180089742457, 2.395245929509942, 0.89745877904652, 0.8449598310218285, 3.4018990890660543, 4.69957059103157, 3.5404623891797833, 2.6691264435234485]","25_lag_gyreSSTjfm, 11_lag_21_median_nhTSjfm, 16_lag_stratZ50ndj04, 21_lag_mhfATL60, 17_lag_nhSICsep, 25_lag_stratZ50ndj03, 25_lag_naoPSLjfm, 11_lag_20_median_samPSLann, 11_lag_24_median_mhfATL30, 24_lag_traFS_2535_11"
LRforcedPSO,17,10,traEU,shigh,883.5,2005.5,0.8,32,12,12,16.458990302687486,-0.13539212938770212,2535,"['19_lag_traDS', '29_lag_scpPSLjfm', '12_lag_18_median_scpPSLjfm', '12_lag_16_median_nhTSjfm', '12_lag_23_median_nchinaPRjja', '19_lag_stratZ50ndj04', '12_lag_25_median_ormenSSTjfm', '12_lag_13_median_seurTSjfm', '12_lag_17_median_nchinaPRjja', '12_lag_16_median_ensoSSTjfm']","[1.9285508967378444, 5.109054695837827, 0.18462226689468686, 0.46357212009529647, 4.342683933333367, 5.481198361262408, 3.711996068974228, 4.808921641304796, 1.7157274695327764, 0.11665589620242933]","19_lag_traDS, 29_lag_scpPSLjfm, 12_lag_18_median_scpPSLjfm, 12_lag_16_median_nhTSjfm, 12_lag_23_median_nchinaPRjja, 19_lag_stratZ50ndj04, 12_lag_25_median_ormenSSTjfm, 12_lag_13_median_seurTSjfm, 12_lag_17_median_nchinaPRjja, 12_lag_16_median_ensoSSTjfm_2535_12"
LRforcedPSO,18,10,traEU,shigh,884.5,2005.5,0.8,33,13,13,16.952458204936892,-0.05124994039244893,2535,"['13_lag_17_median_traFB', '13_lag_23_median_amoSSTmjjaso', '13_lag_18_median_tripol3', '13_lag_14_median_mhfATL45', '27_lag_satlSSTjfm', '14_lag_seurTSjfm', '14_lag_gyreSSTjfm', '13_lag_17_median_traEU', '13_lag_15_median_pdoSSTjfm', '13_lag_32_median_traCA']","[0.956814922306787, 2.274206626799675, 4.57566633257394, 2.819970569311261, 4.301375658607149, 0.5956093085452352, 1.9633735628057671, 0.7241947815762089, 4.071342848579798, 4.980607989549208]","13_lag_17_median_traFB, 13_lag_23_median_amoSSTmjjaso, 13_lag_18_median_tripol3, 13_lag_14_median_mhfATL45, 27_lag_satlSSTjfm, 14_lag_seurTSjfm, 14_lag_gyreSSTjfm, 13_lag_17_median_traEU, 13_lag_15_median_pdoSSTjfm, 13_lag_32_median_traCA_2535_13"
LRforcedPSO,19,10,traEU,shigh,885.5,2005.5,0.8,34,14,14,15.778360562134502,0.012635179424521921,2535,"['14_lag_25_median_nchinaPRjja', '16_lag_traFS', '14_lag_21_median_nppc3SSTjfm', '25_lag_neurTSjfm', '14_lag_21_median_traIFC', '14_lag_22_median_nppc2SSTjfm', '14_lag_24_median_shSICmar', '14_lag_32_median_amo2', '30_lag_traFB', '14_lag_28_median_eapPSLjfm']","[1.3645749806331242, 0.4873776209648142, 0.4511154627746805, 1.9114781163320878, 4.139669697775612, 4.742945918407813, 4.800234186949259, 8.651568754136115, 2.8853543202391503, 0.842004278292432]","14_lag_25_median_nchinaPRjja, 16_lag_traFS, 14_lag_21_median_nppc3SSTjfm, 25_lag_neurTSjfm, 14_lag_21_median_traIFC, 14_lag_22_median_nppc2SSTjfm, 14_lag_24_median_shSICmar, 14_lag_32_median_amo2, 30_lag_traFB, 14_lag_28_median_eapPSLjfm_2535_14"
LRforcedPSO,20,10,traEU,shigh,886.5,2005.5,0.8,35,15,15,15.788018376183222,-0.02441025408642945,2535,"['15_lag_22_median_scpPSLjfm', '30_lag_labSSTjfm', '15_lag_24_median_shTSjfm', '33_lag_traBS', '15_lag_30_median_AMOCann', '15_lag_26_median_satlSSTjfm', '27_lag_pdoSSTjfm', '15_lag_16_median_ensoSSTjfm', '20_lag_arcTSjfm', '15_lag_22_median_tripol3']","[5.188156828591195, 3.1853486290337703, 6.95186741905993, 2.0889571549282593, 0.44468458157669843, 1.4665322829353684, 1.3553555413412237, 4.028344457271963, 2.3523681744614517, 4.032909662712676]","15_lag_22_median_scpPSLjfm, 30_lag_labSSTjfm, 15_lag_24_median_shTSjfm, 33_lag_traBS, 15_lag_30_median_AMOCann, 15_lag_26_median_satlSSTjfm, 27_lag_pdoSSTjfm, 15_lag_16_median_ensoSSTjfm, 20_lag_arcTSjfm, 15_lag_22_median_tripol3_2535_15"
LRforcedPSO,21,10,traEU,shigh,887.5,2005.5,0.8,36,16,16,16.207866720849164,0.0217893722425954,2535,"['16_lag_25_median_scpPSLjfm', '22_lag_traCA', '16_lag_19_median_traBS', '16_lag_shTSjfm', '16_lag_31_median_traBS', '35_lag_glTSjfm', '16_lag_20_median_ismPRjja', '16_lag_21_median_yrvPRjja', '23_lag_mhfATL60', '16_lag_satlSSTjfm']","[3.863463211666234, 0.512208869103187, 0.6587967798231311, 5.904903849009293, 7.867948523634336, 1.1427045118288994, 1.4200081353647107, 1.2292390411667107, 1.3821784160913246, 3.7134016216468613]","16_lag_25_median_scpPSLjfm, 22_lag_traCA, 16_lag_19_median_traBS, 16_lag_shTSjfm, 16_lag_31_median_traBS, 35_lag_glTSjfm, 16_lag_20_median_ismPRjja, 16_lag_21_median_yrvPRjja, 23_lag_mhfATL60, 16_lag_satlSSTjfm_2535_16"
LRforcedPSO,22,10,traEU,shigh,888.5,2005.5,0.8,37,17,17,16.316953475985876,0.06470825970975172,2535,"['31_lag_traBS', '31_lag_naoPSLjfm', '17_lag_23_median_naoPSLjfm', '29_lag_traDS', '26_lag_amo1', '33_lag_arcTSjfm', '34_lag_atlSICjfm', '17_lag_33_median_shTSjfm', '27_lag_traFB', '17_lag_26_median_amoSSTmjjaso']","[3.6861999198489173, 2.7001728288168376, 0.8328153365503432, 4.871217337457747, 1.6300733149846263, 1.3706440404952716, 3.598608026730897, 3.6323966692032927, 5.370333266692134, 6.1301093487013105]","31_lag_traBS, 31_lag_naoPSLjfm, 17_lag_23_median_naoPSLjfm, 29_lag_traDS, 26_lag_amo1, 33_lag_arcTSjfm, 34_lag_atlSICjfm, 17_lag_33_median_shTSjfm, 27_lag_traFB, 17_lag_26_median_amoSSTmjjaso_2535_17"
LRforcedPSO,23,10,traEU,shigh,889.5,2005.5,0.8,38,18,18,17.22985288565027,0.03805137910071886,2535,"['18_lag_36_median_shSICmar', '18_lag_22_median_traWP', '27_lag_alpi', '29_lag_amo3', '37_lag_traBO', '18_lag_31_median_nppc3SSTjfm', '23_lag_labSSTjfm', '18_lag_25_median_scpPSLjfm', '23_lag_tripol3', '20_lag_nchinaPRjja']","[7.772144723620954, 2.6746702503520954, 0.9201183047654027, 0.7185649530797882, 0.24672976593773654, 2.2086600279238233, 6.559719962498194, 4.821304229510231, 5.9223275891819105, 4.251613412700735]","18_lag_36_median_shSICmar, 18_lag_22_median_traWP, 27_lag_alpi, 29_lag_amo3, 37_lag_traBO, 18_lag_31_median_nppc3SSTjfm, 23_lag_labSSTjfm, 18_lag_25_median_scpPSLjfm, 23_lag_tripol3, 20_lag_nchinaPRjja_2535_18"
LRforcedPSO,24,10,traEU,shigh,890.5,2005.5,0.8,39,19,19,17.507469204987647,-0.04882072348133512,2535,"['33_lag_amo1', '27_lag_stratZ50ndj03', '20_lag_alpi', '35_lag_traMC', '33_lag_pdoSSTjfm', '19_lag_28_median_traIFC', '21_lag_nhSICjfm', '23_lag_yrvPRjja', '19_lag_26_median_amoSSTmjjaso', '21_lag_wnorPRjfm']","[0.9592267231014162, 4.437899312211869, 2.2040886803607007, 0.5973240974473306, 1.1064850260724324, 7.308237576654115, 7.889449829267004, 4.120127257289525, 1.5542178383540755, 3.005024538309642]","33_lag_amo1, 27_lag_stratZ50ndj03, 20_lag_alpi, 35_lag_traMC, 33_lag_pdoSSTjfm, 19_lag_28_median_traIFC, 21_lag_nhSICjfm, 23_lag_yrvPRjja, 19_lag_26_median_amoSSTmjjaso, 21_lag_wnorPRjfm_2535_19"
LRforcedPSO,25,10,traEU,shigh,891.5,2005.5,0.8,40,20,20,16.74909285484345,-0.008144209088549629,2535,"['20_lag_34_median_neurTSjfm', '20_lag_31_median_nchinaPRjja', '38_lag_traFS', '20_lag_39_median_stratZ50ndj03', '22_lag_nhSICsep', '26_lag_mhfATL30', '20_lag_32_median_traFB', '25_lag_satlSSTjfm', '20_lag_32_median_traEU', '38_lag_traMC']","[4.432045531804583, 0.8835051824345683, 1.6931673999534187, 0.7571121024587626, 0.6865798753671566, 0.28661704497114115, 4.438527944217608, 1.1745868398908055, 3.7318508513920357, 2.0281445049331044]","20_lag_34_median_neurTSjfm, 20_lag_31_median_nchinaPRjja, 38_lag_traFS, 20_lag_39_median_stratZ50ndj03, 22_lag_nhSICsep, 26_lag_mhfATL30, 20_lag_32_median_traFB, 25_lag_satlSSTjfm, 20_lag_32_median_traEU, 38_lag_traMC_2535_20"
LRforcedPSO,26,10,traEU,shigh,892.5,2005.5,0.8,41,21,21,14.702288028376604,0.07694754270243039,2535,"['21_lag_31_median_stratZ50ndj02', '24_lag_atlSICsep', '21_lag_32_median_shSICmar', '28_lag_neurTSjfm', '23_lag_stratZ50ndj04', '31_lag_traFB', '36_lag_solFORC', '23_lag_traDS', '21_lag_26_median_scpPSLjfm', '24_lag_shTSjfm']","[5.629708046235229, 1.4965321673405505, 3.860499402629209, 2.399492881968504, 6.846931105409432, 4.351373844859825, 2.5307471986223717, 3.203433372527586, 2.4059372808513206, 1.797371635727865]","21_lag_31_median_stratZ50ndj02, 24_lag_atlSICsep, 21_lag_32_median_shSICmar, 28_lag_neurTSjfm, 23_lag_stratZ50ndj04, 31_lag_traFB, 36_lag_solFORC, 23_lag_traDS, 21_lag_26_median_scpPSLjfm, 24_lag_shTSjfm_2535_21"
LRforcedPSO,27,10,traEU,shigh,893.5,2005.5,0.8,42,22,22,15.590178973584186,0.016089340858218695,2535,"['39_lag_amoSSTmjjaso', '37_lag_ormenSSTjfm', '33_lag_amo2', '22_lag_23_median_ginwSSTjfm', '22_lag_28_median_mhfIP30', '30_lag_ismPRjja', '29_lag_nhSICsep', '22_lag_31_median_stratZ50ndj01', '41_lag_glomaSSTjfm', '22_lag_40_median_amoSSTmjjaso']","[1.6553358822924125, 0.7663297208131059, 5.337046501804834, 2.5389507635447828, 2.4388101684452117, 3.039705839004533, 3.5113910095550027, 7.182298367884434, 3.9733841717366314, 0.31835931230224723]","39_lag_amoSSTmjjaso, 37_lag_ormenSSTjfm, 33_lag_amo2, 22_lag_23_median_ginwSSTjfm, 22_lag_28_median_mhfIP30, 30_lag_ismPRjja, 29_lag_nhSICsep, 22_lag_31_median_stratZ50ndj01, 41_lag_glomaSSTjfm, 22_lag_40_median_amoSSTmjjaso_2535_22"
LRforcedPSO,28,10,traEU,shigh,894.5,2005.5,0.8,43,23,23,15.65223186073829,0.04801407902010796,2535,"['39_lag_solFORC', '23_lag_26_median_traFS', '23_lag_37_median_arcTSjfm', '23_lag_36_median_glTSjfm', '30_lag_traBS', '39_lag_nppc3SSTjfm', '23_lag_36_median_traBO', '23_lag_32_median_shSICsep', '32_lag_traDP', '28_lag_traDP']","[4.426788421224483, 0.8783567431736632, 4.078996563806509, 3.073535057129302, 0.714673165163326, 3.537422869709257, 2.117460163718321, 1.223756481316812, 9.729413838472933, 4.937263921209567]","39_lag_solFORC, 23_lag_26_median_traFS, 23_lag_37_median_arcTSjfm, 23_lag_36_median_glTSjfm, 30_lag_traBS, 39_lag_nppc3SSTjfm, 23_lag_36_median_traBO, 23_lag_32_median_shSICsep, 32_lag_traDP, 28_lag_traDP_2535_23"
LRforcedPSO,29,10,traEU,shigh,895.5,2005.5,0.8,44,24,24,16.03321558892457,0.022256713539053754,2535,"['24_lag_36_median_mhfATL45', '26_lag_nppc2SSTjfm', '30_lag_traBS', '34_lag_amoSSTmjjaso', '24_lag_31_median_mhfATL45', '24_lag_43_median_traIT', '35_lag_AMOCann', '24_lag_28_median_nhSICjfm', '30_lag_satlSSTjfm', '24_lag_stratZ50ndj04']","[1.079659719007262, 2.744606670154644, 0.7722718897724619, 2.5312616915894193, 8.066580514760266, 3.159616878455429, 0.21974023118239572, 6.606790680754459, 2.868236872645447, 5.82941651269671]","24_lag_36_median_mhfATL45, 26_lag_nppc2SSTjfm, 30_lag_traBS, 34_lag_amoSSTmjjaso, 24_lag_31_median_mhfATL45, 24_lag_43_median_traIT, 35_lag_AMOCann, 24_lag_28_median_nhSICjfm, 30_lag_satlSSTjfm, 24_lag_stratZ50ndj04_2535_24"
LRforcedPSO,30,10,traEU,shigh,896.5,2005.5,0.8,45,25,25,19.02724346209058,0.01850284022189559,2535,"['25_lag_37_median_traFSC', '36_lag_amo2', '29_lag_traWP', '35_lag_AMOCann', '39_lag_eapPSLjfm', '34_lag_cetTSjfm', '43_lag_ismPRjja', '26_lag_satlSSTjfm', '25_lag_40_median_ismPRjja', '25_lag_26_median_traFS']","[2.0951096341773905, 9.695317935765333, 8.919032752485926, 1.3322409346466912, 1.394920223253667, 0.2789055787947863, 1.680730440246343, 2.7224168331066636, 2.5787669588268223, 4.562005795618338]","25_lag_37_median_traFSC, 36_lag_amo2, 29_lag_traWP, 35_lag_AMOCann, 39_lag_eapPSLjfm, 34_lag_cetTSjfm, 43_lag_ismPRjja, 26_lag_satlSSTjfm, 25_lag_40_median_ismPRjja, 25_lag_26_median_traFS_2535_25"
LRforcedPSO,31,10,traEU,shigh,897.5,2005.5,0.8,46,26,26,15.967848303444507,0.02974927023393201,2535,"['35_lag_amo1', '43_lag_cetTSjfm', '26_lag_35_median_traBO', '45_lag_eapPSLjfm', '35_lag_traFS', '26_lag_42_median_ensoSSTjfm', '26_lag_41_median_tripol3', '26_lag_35_median_naoPSLjfm', '30_lag_wnorPRjfm', '36_lag_traBO']","[6.296984244986302, 2.4921882917292626, 2.9995377748959147, 1.102409840877506, 5.299441001332596, 1.467320343911144, 7.039569596231299, 7.187743145811034, 7.138843546592666, 2.934429840174748]","35_lag_amo1, 43_lag_cetTSjfm, 26_lag_35_median_traBO, 45_lag_eapPSLjfm, 35_lag_traFS, 26_lag_42_median_ensoSSTjfm, 26_lag_41_median_tripol3, 26_lag_35_median_naoPSLjfm, 30_lag_wnorPRjfm, 36_lag_traBO_2535_26"
LRforcedPSO,32,10,traEU,shigh,898.5,2005.5,0.8,47,27,27,17.394776224880378,-0.07715516414530403,2535,"['46_lag_stratZ50ndj02', '27_lag_34_median_ormenSSTjfm', '27_lag_38_median_mhfIP30', '32_lag_traBO', '27_lag_44_median_tripol3', '27_lag_42_median_arcTSjfm', '44_lag_samPSLann', '41_lag_shSICsep', '27_lag_43_median_traEC', '27_lag_42_median_alpi']","[2.372702351885236, 2.372257163517764, 1.579147747286509, 2.3302649688727417, 7.980580952306826, 4.330997879464224, 4.161926536750276, 1.3222353915620548, 7.310056016602896, 5.8940048306024595]","46_lag_stratZ50ndj02, 27_lag_34_median_ormenSSTjfm, 27_lag_38_median_mhfIP30, 32_lag_traBO, 27_lag_44_median_tripol3, 27_lag_42_median_arcTSjfm, 44_lag_samPSLann, 41_lag_shSICsep, 27_lag_43_median_traEC, 27_lag_42_median_alpi_2535_27"
LRforcedPSO,33,10,traEU,shigh,899.5,2005.5,0.8,48,28,28,16.829480481413626,0.06084504833922709,2535,"['42_lag_traFSC', '28_lag_29_median_eurPSLjfm', '47_lag_ormenSSTjfm', '28_lag_44_median_traEU', '35_lag_tripol1', '35_lag_traMC', '37_lag_seurTSjfm', '36_lag_nhSICsep', '28_lag_37_median_seurTSjfm', '35_lag_naoPSLjfm']","[3.232634170721971, 0.08277681005747084, 7.392985040388819, 0.05296679341098809, 0.2022436733455013, 3.7522944492332133, 0.03843828858269127, 2.8529912449595223, 5.243306855016858, 4.863505177915313]","42_lag_traFSC, 28_lag_29_median_eurPSLjfm, 47_lag_ormenSSTjfm, 28_lag_44_median_traEU, 35_lag_tripol1, 35_lag_traMC, 37_lag_seurTSjfm, 36_lag_nhSICsep, 28_lag_37_median_seurTSjfm, 35_lag_naoPSLjfm_2535_28"
LRforcedPSO,34,10,traEU,shigh,900.5,2005.5,0.8,49,29,29,13.971261895447517,0.1896896841958315,2535,"['42_lag_tripol2', '29_lag_41_median_solFORC', '29_lag_30_median_traIFC', '32_lag_amo1', '32_lag_atlSICjfm', '43_lag_wnorPRjfm', '29_lag_43_median_pdoSSTjfm', '46_lag_tripol1', '29_lag_43_median_traFSC', '30_lag_glomaSSTjfm']","[0.026508580994047293, 3.075831773957292, 0.9259073701071046, 2.9992534437767997, 1.3623505275248284, 3.1879485496742603, 0.88562169100625, 3.277739248806162, 0.4560495126920827, 1.0033383295329283]","42_lag_tripol2, 29_lag_41_median_solFORC, 29_lag_30_median_traIFC, 32_lag_amo1, 32_lag_atlSICjfm, 43_lag_wnorPRjfm, 29_lag_43_median_pdoSSTjfm, 46_lag_tripol1, 29_lag_43_median_traFSC, 30_lag_glomaSSTjfm_2535_29"
LRforcedPSO,35,10,traEU,shigh,901.5,2005.5,0.8,50,30,30,15.941474130286812,0.080418337810381,2535,"['30_lag_44_median_samPSLann', '30_lag_amo2', '48_lag_traFB', '30_lag_tripol2', '30_lag_35_median_tripol1', '30_lag_39_median_mhfATL45', '30_lag_43_median_amo3', '30_lag_36_median_amo1', '30_lag_35_median_traDS', '30_lag_33_median_yrvPRjja']","[2.0776576902865607, 2.038728530049873, 0.3828180534427652, 1.3445761410745298, 2.315592757989167, 7.4115742566444, 5.864752496927366, 4.120394421727749, 8.108487918689324, 2.3554980637975875]","30_lag_44_median_samPSLann, 30_lag_amo2, 48_lag_traFB, 30_lag_tripol2, 30_lag_35_median_tripol1, 30_lag_39_median_mhfATL45, 30_lag_43_median_amo3, 30_lag_36_median_amo1, 30_lag_35_median_traDS, 30_lag_33_median_yrvPRjja_2535_30"
LRforcedPSO,36,10,traEU,shigh,902.5,2005.5,0.8,51,31,31,14.853393433109868,-0.03426535393176725,2535,"['43_lag_nhSICsep', '31_lag_39_median_nhSICsep', '46_lag_mhfATL60', '31_lag_37_median_shSICmar', '35_lag_traFSC', '31_lag_46_median_traTLS', '31_lag_33_median_traFS', '31_lag_44_median_nhSICsep', '46_lag_traTLS', '31_lag_47_median_ismPRjja']","[6.937210664978998, 3.9235272988016927, 2.1487500808027367, 1.385654016557682, 1.5770049250608604, 4.479693088396724, 0.46886444338404765, 9.383116324826656, 3.1416787597810565, 3.77816793268922]","43_lag_nhSICsep, 31_lag_39_median_nhSICsep, 46_lag_mhfATL60, 31_lag_37_median_shSICmar, 35_lag_traFSC, 31_lag_46_median_traTLS, 31_lag_33_median_traFS, 31_lag_44_median_nhSICsep, 46_lag_traTLS, 31_lag_47_median_ismPRjja_2535_31"
LRforcedPSO,37,10,traEU,shigh,903.5,2005.5,0.8,52,32,32,14.458608353142825,0.10203210769212077,2535,"['51_lag_tripol2', '49_lag_wnorPRjfm', '40_lag_atlSICsep', '43_lag_naoPSLjfm', '32_lag_44_median_samPSLann', '37_lag_atlSICsep', '32_lag_46_median_traCA', '35_lag_atlSICjfm', '47_lag_nchinaPRjja', '37_lag_stratZ50ndj02']","[2.222063196118194, 1.3311880315276063, 2.104898781929599, 5.897850520656284, 2.0848496018314666, 1.2115767739505845, 1.6476473803403824, 3.238572052521704, 5.877033920115052, 4.253761283684469]","51_lag_tripol2, 49_lag_wnorPRjfm, 40_lag_atlSICsep, 43_lag_naoPSLjfm, 32_lag_44_median_samPSLann, 37_lag_atlSICsep, 32_lag_46_median_traCA, 35_lag_atlSICjfm, 47_lag_nchinaPRjja, 37_lag_stratZ50ndj02_2535_32"
LRforcedPSO,38,10,traEU,shigh,904.5,2005.5,0.8,53,33,33,14.721928316128503,0.05289900398381185,2535,"['33_lag_34_median_neurTSjfm', '52_lag_traDS', '33_lag_39_median_mhfATL45', '33_lag_40_median_stratZ50ndj02', '33_lag_49_median_traEU', '42_lag_traBS', '44_lag_traFSC', '33_lag_43_median_mhfIP30', '33_lag_46_median_nhSICjfm', '49_lag_stratZ50ndj02']","[1.7398293180507416, 5.256260893882554, 2.138377475578972, 3.1629891160434873, 0.49075153446415065, 1.1475883712218078, 4.404207348393925, 6.100301581437559, 2.5777527881062454, 3.142411948899193]","33_lag_34_median_neurTSjfm, 52_lag_traDS, 33_lag_39_median_mhfATL45, 33_lag_40_median_stratZ50ndj02, 33_lag_49_median_traEU, 42_lag_traBS, 44_lag_traFSC, 33_lag_43_median_mhfIP30, 33_lag_46_median_nhSICjfm, 49_lag_stratZ50ndj02_2535_33"
LRforcedPSO,39,10,traEU,shigh,905.5,2005.5,0.8,54,34,34,16.135738943223462,-0.016223291195203774,2535,"['46_lag_traDS', '38_lag_labSSTjfm', '37_lag_stratZ50ndj03', '51_lag_nhSICjfm', '35_lag_shSICsep', '49_lag_samPSLann', '34_lag_35_median_traWP', '47_lag_yrvPRjja', '34_lag_46_median_stratZ50ndj04', '34_lag_53_median_ginwSSTjfm']","[0.024556872691245957, 3.5053868656470026, 0.21863248733935414, 6.506732744813288, 2.655923336198791, 5.618822054951963, 6.829935578374933, 5.1311947417170956, 3.1600214789447207, 3.7297090280482674]","46_lag_traDS, 38_lag_labSSTjfm, 37_lag_stratZ50ndj03, 51_lag_nhSICjfm, 35_lag_shSICsep, 49_lag_samPSLann, 34_lag_35_median_traWP, 47_lag_yrvPRjja, 34_lag_46_median_stratZ50ndj04, 34_lag_53_median_ginwSSTjfm_2535_34"
LRforcedPSO,40,10,traEU,shigh,906.5,2005.5,0.8,55,35,35,16.961608488852267,0.011751698068532351,2535,"['35_lag_47_median_stratZ50ndj02', '41_lag_ginwSSTjfm', '35_lag_nhTSjfm', '35_lag_gyreSSTjfm', '36_lag_amoSSTmjjaso', '35_lag_traMC', '42_lag_pdoSSTjfm', '52_lag_ensoSSTjfm', '44_lag_shTSjfm', '35_lag_52_median_traDP']","[1.0335282881678527, 3.0712888219515513, 2.303176988193318, 1.2472925140894553, 7.569472578235834, 2.48662573033436, 1.5061615022662789, 1.8943766490224885, 8.430753934010728, 5.961978132151948]","35_lag_47_median_stratZ50ndj02, 41_lag_ginwSSTjfm, 35_lag_nhTSjfm, 35_lag_gyreSSTjfm, 36_lag_amoSSTmjjaso, 35_lag_traMC, 42_lag_pdoSSTjfm, 52_lag_ensoSSTjfm, 44_lag_shTSjfm, 35_lag_52_median_traDP_2535_35"
LRforcedPSO,41,10,traEU,shigh,907.5,2005.5,0.8,56,36,36,18.19096720527032,-0.20693328475854048,2535,"['50_lag_nhSICsep', '45_lag_stratZ50ndj01', '36_lag_50_median_nhTSjfm', '36_lag_39_median_amo2', '36_lag_37_median_glomaSSTjfm', '36_lag_37_median_samPSLann', '36_lag_54_median_shSICmar', '36_lag_42_median_glomaSSTjfm', '48_lag_traEC', '36_lag_52_median_mhfATL60']","[3.55953049161684, 1.6855930307650375, 2.8459244464446094, 0.5745653997746221, 4.0344408416608, 0.16671674419026417, 6.527740050706939, 5.010031798520238, 1.0514216790714102, 1.7248912589464016]","50_lag_nhSICsep, 45_lag_stratZ50ndj01, 36_lag_50_median_nhTSjfm, 36_lag_39_median_amo2, 36_lag_37_median_glomaSSTjfm, 36_lag_37_median_samPSLann, 36_lag_54_median_shSICmar, 36_lag_42_median_glomaSSTjfm, 48_lag_traEC, 36_lag_52_median_mhfATL60_2535_36"
LRforcedPSO,42,10,traEU,shigh,908.5,2005.5,0.8,57,37,37,15.65273863931684,0.00644643722177209,2535,"['40_lag_tripol2', '37_lag_47_median_traFSC', '37_lag_50_median_arcTSjfm', '37_lag_46_median_stratZ50ndj04', '37_lag_44_median_solFORC', '44_lag_amoSSTmjjaso', '43_lag_mhfATL30', '37_lag_48_median_amo1', '37_lag_56_median_traDP', '56_lag_glTSjfm']","[1.9519347520363102, 4.234540722115952, 8.132365224208847, 7.433941894961144, 1.3707550481973367, 2.1356016905445596, 1.1174145743611863, 4.628976570001788, 1.9099248316091497, 3.6755529855284657]","40_lag_tripol2, 37_lag_47_median_traFSC, 37_lag_50_median_arcTSjfm, 37_lag_46_median_stratZ50ndj04, 37_lag_44_median_solFORC, 44_lag_amoSSTmjjaso, 43_lag_mhfATL30, 37_lag_48_median_amo1, 37_lag_56_median_traDP, 56_lag_glTSjfm_2535_37"
LRforcedPSO,43,10,traEU,shigh,909.5,2005.5,0.8,58,38,38,14.752951732667912,0.06282652579643576,2535,"['38_lag_46_median_glomaSSTjfm', '38_lag_traFS', '44_lag_traMC', '43_lag_nhTSjfm', '38_lag_45_median_mhfATL30', '38_lag_41_median_amo2', '38_lag_56_median_traDP', '38_lag_55_median_seurTSjfm', '46_lag_traWP', '38_lag_40_median_tripol1']","[3.784958674142537, 1.4168500739990098, 0.901959704000566, 1.0002337000023598, 0.5622183562180147, 5.341203134375975, 3.3023320904183144, 2.995334460800013, 6.194796893289293, 5.208428122486191]","38_lag_46_median_glomaSSTjfm, 38_lag_traFS, 44_lag_traMC, 43_lag_nhTSjfm, 38_lag_45_median_mhfATL30, 38_lag_41_median_amo2, 38_lag_56_median_traDP, 38_lag_55_median_seurTSjfm, 46_lag_traWP, 38_lag_40_median_tripol1_2535_38"
LRforcedPSO,44,10,traEU,shigh,910.5,2005.5,0.8,59,39,39,15.428514407027743,-0.0446157224619398,2535,"['39_lag_57_median_ismPRjja', '46_lag_ormenSSTjfm', '39_lag_42_median_naoPSLjfm', '39_lag_51_median_amo3', '39_lag_44_median_traCA', '53_lag_amo3', '53_lag_shTSjfm', '39_lag_58_median_tripol2', '39_lag_42_median_satlSSTjfm', '39_lag_42_median_gyreSSTjfm']","[1.9347418314092195, 5.621655812965991, 0.08325948209074596, 0.2827619609550176, 0.23908907194636164, 5.142288197005966, 0.7667498512600357, 5.5288923457488455, 0.5088554194305921, 5.362572748132637]","39_lag_57_median_ismPRjja, 46_lag_ormenSSTjfm, 39_lag_42_median_naoPSLjfm, 39_lag_51_median_amo3, 39_lag_44_median_traCA, 53_lag_amo3, 53_lag_shTSjfm, 39_lag_58_median_tripol2, 39_lag_42_median_satlSSTjfm, 39_lag_42_median_gyreSSTjfm_2535_39"
LRforcedPSO,45,10,traEU,shigh,911.5,2005.5,0.8,60,40,40,19.150335122070828,0.09691700409069794,2535,"['46_lag_traEC', '43_lag_stratZ50ndj01', '40_lag_45_median_ismPRjja', '40_lag_54_median_traIFC', '44_lag_seurTSjfm', '40_lag_46_median_tripol1', '40_lag_48_median_shTSjfm', '51_lag_cetTSjfm', '59_lag_shSICsep', '44_lag_glomaSSTjfm']","[2.0524878090532805, 0.20771994929179627, 3.732917084966127, 3.595418214189179, 2.6395958154583754, 5.976183938718151, 2.450722818978054, 1.6771622494526568, 5.318611688551087, 8.833532697089998]","46_lag_traEC, 43_lag_stratZ50ndj01, 40_lag_45_median_ismPRjja, 40_lag_54_median_traIFC, 44_lag_seurTSjfm, 40_lag_46_median_tripol1, 40_lag_48_median_shTSjfm, 51_lag_cetTSjfm, 59_lag_shSICsep, 44_lag_glomaSSTjfm_2535_40"
LRforcedPSO,46,10,traEU,shigh,912.5,2005.5,0.8,61,41,41,16.479942922954134,0.062197413116508796,2535,"['41_lag_45_median_ismPRjja', '57_lag_tripol3', '46_lag_shSICmar', '41_lag_48_median_traCA', '45_lag_cetTSjfm', '41_lag_53_median_cetTSjfm', '59_lag_naoPSLjfm', '58_lag_glTSjfm', '41_lag_44_median_ginwSSTjfm', '41_lag_53_median_arcTSjfm']","[1.7868885853512406, 5.016929391796642, 6.054258078146404, 0.8275118563701547, 6.200906030577006, 2.950793823118996, 4.720178589120682, 1.179433526373515, 2.3447784085721235, 3.930691842059268]","41_lag_45_median_ismPRjja, 57_lag_tripol3, 46_lag_shSICmar, 41_lag_48_median_traCA, 45_lag_cetTSjfm, 41_lag_53_median_cetTSjfm, 59_lag_naoPSLjfm, 58_lag_glTSjfm, 41_lag_44_median_ginwSSTjfm, 41_lag_53_median_arcTSjfm_2535_41"
LRforcedPSO,47,10,traEU,shigh,913.5,2005.5,0.8,62,42,42,15.339693410270627,0.18037078920044425,2535,"['42_lag_45_median_traTLS', '58_lag_amo2', '56_lag_nhSICjfm', '42_lag_44_median_atlSICjfm', '42_lag_54_median_solFORC', '47_lag_nchinaPRjja', '42_lag_naoPSLjfm', '55_lag_amoSSTmjjaso', '42_lag_49_median_stratZ50ndj03', '50_lag_atlSICsep']","[1.9783785240693224, 2.4185843634785655, 4.198053355616653, 0.34931162185265485, 0.4271745656184791, 4.410484099721348, 4.65362900773391, 0.2324504160392138, 8.157136806863946, 5.517183821674541]","42_lag_45_median_traTLS, 58_lag_amo2, 56_lag_nhSICjfm, 42_lag_44_median_atlSICjfm, 42_lag_54_median_solFORC, 47_lag_nchinaPRjja, 42_lag_naoPSLjfm, 55_lag_amoSSTmjjaso, 42_lag_49_median_stratZ50ndj03, 50_lag_atlSICsep_2535_42"
LRforcedPSO,48,10,traEU,shigh,914.5,2005.5,0.8,63,43,43,17.39572595356573,0.01771536969855253,2535,"['43_lag_60_median_ismPRjja', '43_lag_44_median_traIT', '43_lag_52_median_stratZ50ndj02', '44_lag_ormenSSTjfm', '43_lag_45_median_nhSICsep', '60_lag_mhfATL60', '58_lag_glTSjfm', '54_lag_shSICsep', '43_lag_46_median_glTSjfm', '43_lag_61_median_traMC']","[2.8496556798961308, 3.9118419732109633, 4.223916739992395, 4.492796777547161, 7.7215761109961045, 6.354480583887124, 1.5668152497738657, 1.9348630745734656, 0.8797418899790834, 0.07239246575055347]","43_lag_60_median_ismPRjja, 43_lag_44_median_traIT, 43_lag_52_median_stratZ50ndj02, 44_lag_ormenSSTjfm, 43_lag_45_median_nhSICsep, 60_lag_mhfATL60, 58_lag_glTSjfm, 54_lag_shSICsep, 43_lag_46_median_glTSjfm, 43_lag_61_median_traMC_2535_43"
LRforcedPSO,49,10,traEU,shigh,915.5,2005.5,0.8,64,44,44,14.946074383775716,0.042217056069091645,2535,"['44_lag_49_median_ensoSSTjfm', '52_lag_nppc2SSTjfm', '62_lag_traFSC', '44_lag_50_median_traDP', '57_lag_AMOCann', '46_lag_traFB', '44_lag_52_median_ismPRjja', '44_lag_47_median_traEC', '53_lag_neurTSjfm', '50_lag_tripol2']","[0.9055895895482813, 1.9399202324426277, 4.684298997995427, 0.1643541402235975, 1.183712242613657, 6.207716913695656, 2.92042848927405, 3.710961103761983, 5.04903843754618, 0.6982453735735454]","44_lag_49_median_ensoSSTjfm, 52_lag_nppc2SSTjfm, 62_lag_traFSC, 44_lag_50_median_traDP, 57_lag_AMOCann, 46_lag_traFB, 44_lag_52_median_ismPRjja, 44_lag_47_median_traEC, 53_lag_neurTSjfm, 50_lag_tripol2_2535_44"
LRforcedPSO,50,10,traEU,shigh,916.5,2005.5,0.8,65,45,45,16.732715502675788,0.006129226492099579,2535,"['45_lag_52_median_yrvPRjja', '64_lag_mhfIP30', '45_lag_63_median_traFB', '47_lag_glTSjfm', '45_lag_63_median_traIT', '45_lag_55_median_tripol1', '61_lag_nhSICsep', '45_lag_51_median_tripol3', '45_lag_51_median_satlSSTjfm', '59_lag_amo2']","[2.7508179115726055, 1.148540840838983, 2.825350401870516, 0.38766112023903077, 5.205863384551876, 2.3156306141766265, 9.374865282942608, 4.661762640866536, 7.745159989352267, 1.4611763768201325]","45_lag_52_median_yrvPRjja, 64_lag_mhfIP30, 45_lag_63_median_traFB, 47_lag_glTSjfm, 45_lag_63_median_traIT, 45_lag_55_median_tripol1, 61_lag_nhSICsep, 45_lag_51_median_tripol3, 45_lag_51_median_satlSSTjfm, 59_lag_amo2_2535_45"
LRforcedPSO,51,10,traEU,shigh,917.5,2005.5,0.8,66,46,46,15.922576214847902,0.08877072441020474,2535,"['60_lag_pdoSSTjfm', '46_lag_56_median_mhfATL60', '46_lag_49_median_mhfATL45', '64_lag_traIT', '60_lag_traWP', '60_lag_traDP', '46_lag_47_median_solFORC', '46_lag_51_median_amo2', '48_lag_traCA', '56_lag_alpi']","[2.3888825446586637, 0.32879022396508084, 4.3679930461312715, 6.1514488918585855, 2.191774219392853, 5.700745195996117, 5.1980511646760785, 0.047209075297313774, 5.499512125030086, 1.288212980471597]","60_lag_pdoSSTjfm, 46_lag_56_median_mhfATL60, 46_lag_49_median_mhfATL45, 64_lag_traIT, 60_lag_traWP, 60_lag_traDP, 46_lag_47_median_solFORC, 46_lag_51_median_amo2, 48_lag_traCA, 56_lag_alpi_2535_46"
LRforcedPSO,52,10,traEU,shigh,918.5,2005.5,0.8,67,47,47,19.083290506468433,0.0973327192156968,2535,"['47_lag_66_median_traFSC', '47_lag_49_median_shSICsep', '54_lag_satlSSTjfm', '47_lag_65_median_nppc2SSTjfm', '47_lag_55_median_shTSjfm', '56_lag_traEU', '55_lag_mhfATL60', '52_lag_atlSICjfm', '62_lag_traEC', '48_lag_traDP']","[1.7088008041815428, 4.3558774321002005, 4.78913403532645, 9.343634184899514, 1.1794978529822941, 2.567020576485481, 0.5609376315715249, 3.04781972696623, 5.8693578870991985, 7.091779721626569]","47_lag_66_median_traFSC, 47_lag_49_median_shSICsep, 54_lag_satlSSTjfm, 47_lag_65_median_nppc2SSTjfm, 47_lag_55_median_shTSjfm, 56_lag_traEU, 55_lag_mhfATL60, 52_lag_atlSICjfm, 62_lag_traEC, 48_lag_traDP_2535_47"
LRforcedPSO,53,10,traEU,shigh,919.5,2005.5,0.8,68,48,48,15.71358351713437,-0.08269119895894671,2535,"['49_lag_ismPRjja', '48_lag_49_median_traEU', '62_lag_tripol3', '48_lag_62_median_traCA', '48_lag_63_median_glTSjfm', '48_lag_52_median_solFORC', '56_lag_naoPSLjfm', '57_lag_stratZ50ndj03', '51_lag_mhfATL30', '52_lag_cetTSjfm']","[2.073740357281828, 0.9190128428285611, 2.2544654661913803, 5.054380469985378, 4.430253319640194, 1.2092691907227788, 0.9879727127678635, 2.52379842078607, 1.4939099150570723, 4.711344745979568]","49_lag_ismPRjja, 48_lag_49_median_traEU, 62_lag_tripol3, 48_lag_62_median_traCA, 48_lag_63_median_glTSjfm, 48_lag_52_median_solFORC, 56_lag_naoPSLjfm, 57_lag_stratZ50ndj03, 51_lag_mhfATL30, 52_lag_cetTSjfm_2535_48"
LRforcedPSO,54,10,traEU,shigh,920.5,2005.5,0.8,69,49,49,14.720381577274111,0.09489446343201821,2535,"['49_lag_64_median_atlSICsep', '49_lag_52_median_ismPRjja', '49_lag_60_median_traIFC', '61_lag_samPSLann', '49_lag_55_median_traIT', '49_lag_51_median_traFSC', '49_lag_nchinaPRjja', '63_lag_amoSSTmjjaso', '49_lag_65_median_atlSICjfm', '67_lag_alpi']","[2.7127818914484614, 4.2497794134325755, 1.3425786999656086, 1.7913686327570222, 0.19287631946336958, 0.2977601072765079, 3.6973303580835237, 7.204414368425979, 3.5139679775962733, 4.439389312494431]","49_lag_64_median_atlSICsep, 49_lag_52_median_ismPRjja, 49_lag_60_median_traIFC, 61_lag_samPSLann, 49_lag_55_median_traIT, 49_lag_51_median_traFSC, 49_lag_nchinaPRjja, 63_lag_amoSSTmjjaso, 49_lag_65_median_atlSICjfm, 67_lag_alpi_2535_49"
LRforcedPSO,55,10,traEU,shigh,921.5,2005.5,0.8,70,50,50,14.897470787463273,0.03207568817293405,2535,"['50_lag_65_median_yrvPRjja', '50_lag_63_median_traIFC', '50_lag_68_median_nppc3SSTjfm', '50_lag_60_median_traFSC', '68_lag_gyreSSTjfm', '50_lag_52_median_glomaSSTjfm', '60_lag_traCA', '61_lag_stratZ50ndj04', '54_lag_alpi', '59_lag_seurTSjfm']","[4.092675490122739, 3.41660568999381, 1.3303379710134244, 5.660953631138879, 6.870859040401925, 1.328379069341386, 0.580098932996183, 2.467593708928419, 1.445724535172804, 1.8484799085105337]","50_lag_65_median_yrvPRjja, 50_lag_63_median_traIFC, 50_lag_68_median_nppc3SSTjfm, 50_lag_60_median_traFSC, 68_lag_gyreSSTjfm, 50_lag_52_median_glomaSSTjfm, 60_lag_traCA, 61_lag_stratZ50ndj04, 54_lag_alpi, 59_lag_seurTSjfm_2535_50"
LRforcedPSO,56,10,traEU,shigh,922.5,2005.5,0.8,71,51,51,16.913375585655277,-0.07152075603105515,2535,"['60_lag_ormenSSTjfm', '51_lag_66_median_nppc3SSTjfm', '65_lag_mhfATL60', '69_lag_eapPSLjfm', '51_lag_57_median_traIFC', '58_lag_shSICsep', '51_lag_55_median_traFB', '51_lag_57_median_amo1', '56_lag_mhfATL45', '70_lag_tripol1']","[1.9216888964396812, 3.5072709843092227, 8.585207018158833, 2.9423553334971526, 4.038142847774049, 4.226709225356977, 2.087035647695375, 6.013503682283032, 0.13318554970020102, 0.20833662257961905]","60_lag_ormenSSTjfm, 51_lag_66_median_nppc3SSTjfm, 65_lag_mhfATL60, 69_lag_eapPSLjfm, 51_lag_57_median_traIFC, 58_lag_shSICsep, 51_lag_55_median_traFB, 51_lag_57_median_amo1, 56_lag_mhfATL45, 70_lag_tripol1_2535_51"
LRforcedPSO,57,10,traEU,shigh,923.5,2005.5,0.8,72,52,52,14.138566022007439,0.033052964128380664,2535,"['52_lag_61_median_traFS', '52_lag_68_median_traBS', '71_lag_ginwSSTjfm', '52_lag_64_median_traTLS', '52_lag_56_median_neurTSjfm', '52_lag_56_median_arcTSjfm', '52_lag_53_median_eapPSLjfm', '68_lag_traCA', '60_lag_alpi', '52_lag_61_median_stratZ50ndj04']","[0.45936622969799856, 2.869452104239767, 4.072167060778565, 1.8937561812433614, 2.534087559872443, 4.510875561918361, 2.3508859312765455, 0.6161820954218573, 1.068557806837891, 5.393102224152766]","52_lag_61_median_traFS, 52_lag_68_median_traBS, 71_lag_ginwSSTjfm, 52_lag_64_median_traTLS, 52_lag_56_median_neurTSjfm, 52_lag_56_median_arcTSjfm, 52_lag_53_median_eapPSLjfm, 68_lag_traCA, 60_lag_alpi, 52_lag_61_median_stratZ50ndj04_2535_52"
LRforcedPSO,58,10,traEU,shigh,924.5,2005.5,0.8,73,53,53,16.64877553326898,-0.05497426394984657,2535,"['63_lag_nhSICjfm', '53_lag_60_median_amo3', '54_lag_nhSICjfm', '61_lag_cetTSjfm', '59_lag_ginwSSTjfm', '53_lag_62_median_scpPSLjfm', '63_lag_wnorPRjfm', '56_lag_tripol1', '63_lag_eapPSLjfm', '53_lag_59_median_ginwSSTjfm']","[0.048889576676030444, 4.537714676431164, 3.977925781167702, 1.5090531900149742, 2.9605204345394256, 4.737823874875833, 7.913697746340711, 0.33479017623406193, 3.8938246739127145, 3.517554718449569]","63_lag_nhSICjfm, 53_lag_60_median_amo3, 54_lag_nhSICjfm, 61_lag_cetTSjfm, 59_lag_ginwSSTjfm, 53_lag_62_median_scpPSLjfm, 63_lag_wnorPRjfm, 56_lag_tripol1, 63_lag_eapPSLjfm, 53_lag_59_median_ginwSSTjfm_2535_53"
LRforcedPSO,59,10,traEU,shigh,925.5,2005.5,0.8,74,54,54,15.875081132547882,0.02411809259436687,2535,"['54_lag_60_median_cetTSjfm', '54_lag_71_median_amo1', '54_lag_70_median_stratZ50ndj01', '54_lag_65_median_amo1', '66_lag_eapPSLjfm', '54_lag_62_median_traFSC', '70_lag_shSICmar', '73_lag_traTLS', '54_lag_71_median_traBO', '54_lag_73_median_shSICmar']","[4.573373578687498, 2.794444044650602, 2.8650756548355583, 7.028929267621466, 4.9002415330150235, 4.0452147868875485, 6.234057183720839, 3.9237321562816714, 2.9009442227971576, 1.8984011031805341]","54_lag_60_median_cetTSjfm, 54_lag_71_median_amo1, 54_lag_70_median_stratZ50ndj01, 54_lag_65_median_amo1, 66_lag_eapPSLjfm, 54_lag_62_median_traFSC, 70_lag_shSICmar, 73_lag_traTLS, 54_lag_71_median_traBO, 54_lag_73_median_shSICmar_2535_54"
LRforcedPSO,60,10,traEU,shigh,926.5,2005.5,0.8,75,55,55,15.487233879360323,-0.09465545001856213,2535,"['55_lag_61_median_traFB', '56_lag_satlSSTjfm', '55_lag_70_median_nhTSjfm', '55_lag_67_median_traEC', '55_lag_68_median_wnorPRjfm', '67_lag_stratZ50ndj03', '60_lag_glomaSSTjfm', '60_lag_naoPSLjfm', '57_lag_eapPSLjfm', '57_lag_traWP']","[0.5447904741624896, 2.736143235887507, 4.166977946096289, 1.9514027926189765, 3.4072972833965682, 0.30885568128166163, 4.012408472775666, 2.79632736423447, 0.6687008669642012, 5.320341112177969]","55_lag_61_median_traFB, 56_lag_satlSSTjfm, 55_lag_70_median_nhTSjfm, 55_lag_67_median_traEC, 55_lag_68_median_wnorPRjfm, 67_lag_stratZ50ndj03, 60_lag_glomaSSTjfm, 60_lag_naoPSLjfm, 57_lag_eapPSLjfm, 57_lag_traWP_2535_55"
LRforcedPSO,61,10,traEU,shigh,927.5,2005.5,0.8,76,56,56,15.722613912520906,-0.05307539360700096,2535,"['61_lag_nhSICsep', '56_lag_67_median_traIFC', '56_lag_60_median_stratZ50ndj01', '73_lag_traDP', '56_lag_65_median_stratZ50ndj01', '59_lag_tripol1', '68_lag_solFORC', '64_lag_stratZ50ndj03', '67_lag_gyreSSTjfm', '56_lag_72_median_neurTSjfm']","[3.836725192273727, 3.89085813443881, 9.07922560568485, 2.2303793544654678, 5.142411737534227, 6.6539222957340876, 2.798029595576832, 0.628236611043981, 2.2460130494500152, 1.182119834723336]","61_lag_nhSICsep, 56_lag_67_median_traIFC, 56_lag_60_median_stratZ50ndj01, 73_lag_traDP, 56_lag_65_median_stratZ50ndj01, 59_lag_tripol1, 68_lag_solFORC, 64_lag_stratZ50ndj03, 67_lag_gyreSSTjfm, 56_lag_72_median_neurTSjfm_2535_56"
LRforcedPSO,62,10,traEU,shigh,928.5,2005.5,0.8,77,57,57,16.794203440120786,-0.06082697023694476,2535,"['57_lag_66_median_amo1', '57_lag_59_median_traWP', '57_lag_59_median_glomaSSTjfm', '57_lag_64_median_mhfIP30', '61_lag_mhfATL45', '71_lag_traDP', '74_lag_traBO', '57_lag_69_median_shSICmar', '57_lag_59_median_ormenSSTjfm', '57_lag_64_median_stratZ50ndj01']","[0.29685395891471167, 0.4857916846749415, 2.5980301569143176, 3.888844945780942, 1.6057616978634037, 2.1702850524439388, 5.150264200239221, 2.3990660971029083, 0.9633694698561364, 7.8677658291210335]","57_lag_66_median_amo1, 57_lag_59_median_traWP, 57_lag_59_median_glomaSSTjfm, 57_lag_64_median_mhfIP30, 61_lag_mhfATL45, 71_lag_traDP, 74_lag_traBO, 57_lag_69_median_shSICmar, 57_lag_59_median_ormenSSTjfm, 57_lag_64_median_stratZ50ndj01_2535_57"
LRforcedPSO,63,10,traEU,shigh,929.5,2005.5,0.8,78,58,58,15.119773038027786,-0.07513863869650138,2535,"['58_lag_59_median_amo3', '58_lag_75_median_amo3', '58_lag_65_median_labSSTjfm', '58_lag_67_median_atlSICjfm', '62_lag_ormenSSTjfm', '64_lag_scpPSLjfm', '74_lag_atlSICjfm', '76_lag_stratZ50ndj02', '58_lag_64_median_traDS', '58_lag_76_median_nchinaPRjja']","[8.54163983319603, 9.904161299805034, 0.5318758813089453, 1.664547140450459, 1.0910865663468847, 2.3051152875396603, 6.979346291899149, 0.2906978599806038, 1.0551074574588526, 0.315757711756957]","58_lag_59_median_amo3, 58_lag_75_median_amo3, 58_lag_65_median_labSSTjfm, 58_lag_67_median_atlSICjfm, 62_lag_ormenSSTjfm, 64_lag_scpPSLjfm, 74_lag_atlSICjfm, 76_lag_stratZ50ndj02, 58_lag_64_median_traDS, 58_lag_76_median_nchinaPRjja_2535_58"
LRforcedPSO,64,10,traEU,shigh,930.5,2005.5,0.8,79,59,59,18.2809092232264,-0.0401461570890869,2535,"['59_lag_71_median_wnorPRjfm', '77_lag_labSSTjfm', '65_lag_traIT', '59_lag_72_median_traDS', '62_lag_traMC', '59_lag_77_median_traEU', '72_lag_mhfIP30', '59_lag_62_median_cetTSjfm', '59_lag_68_median_shSICsep', '59_lag_60_median_wnorPRjfm']","[0.05958695355404231, 1.0527983905649911, 0.49819075734551355, 2.4574623018538198, 1.021549177625655, 4.106577556719602, 0.07855342788107578, 5.730714630486069, 5.408943503690966, 8.29492967689074]","59_lag_71_median_wnorPRjfm, 77_lag_labSSTjfm, 65_lag_traIT, 59_lag_72_median_traDS, 62_lag_traMC, 59_lag_77_median_traEU, 72_lag_mhfIP30, 59_lag_62_median_cetTSjfm, 59_lag_68_median_shSICsep, 59_lag_60_median_wnorPRjfm_2535_59"
LRforcedPSO,65,10,traEU,shigh,931.5,2005.5,0.8,80,60,60,15.293455089069006,-0.09592002588961175,2535,"['60_lag_78_median_tripol2', '77_lag_amo3', '60_lag_69_median_traFS', '64_lag_traEU', '60_lag_65_median_tripol1', '60_lag_72_median_mhfATL45', '60_lag_74_median_traFS', '77_lag_yrvPRjja', '60_lag_65_median_traDP', '60_lag_69_median_yrvPRjja']","[0.10807851367897037, 2.916062228206835, 0.6757690191706018, 9.371421731777222, 0.27399833036625587, 0.3793848227275589, 1.0631964562596412, 2.8261094232852413, 1.071531938830347, 2.787096204634752]","60_lag_78_median_tripol2, 77_lag_amo3, 60_lag_69_median_traFS, 64_lag_traEU, 60_lag_65_median_tripol1, 60_lag_72_median_mhfATL45, 60_lag_74_median_traFS, 77_lag_yrvPRjja, 60_lag_65_median_traDP, 60_lag_69_median_yrvPRjja_2535_60"
LRforcedPSO,66,10,traEU,shigh,932.5,2005.5,0.8,81,61,61,17.990901647832263,-0.02434307221922778,2535,"['61_lag_77_median_nppc2SSTjfm', '61_lag_63_median_traTLS', '61_lag_70_median_satlSSTjfm', '61_lag_63_median_shTSjfm', '61_lag_80_median_gyreSSTjfm', '61_lag_75_median_solFORC', '61_lag_72_median_traFS', '61_lag_67_median_traFS', '61_lag_64_median_stratZ50ndj02', '67_lag_labSSTjfm']","[2.3396535163653986, 0.5466585769329093, 8.984841553798653, 3.5262393271006465, 0.4146254781463572, 6.61826166500351, 1.9021848095942921, 5.91660075307615, 5.501503246704228, 3.2365254190365755]","61_lag_77_median_nppc2SSTjfm, 61_lag_63_median_traTLS, 61_lag_70_median_satlSSTjfm, 61_lag_63_median_shTSjfm, 61_lag_80_median_gyreSSTjfm, 61_lag_75_median_solFORC, 61_lag_72_median_traFS, 61_lag_67_median_traFS, 61_lag_64_median_stratZ50ndj02, 67_lag_labSSTjfm_2535_61"
LRforcedPSO,67,10,traEU,shigh,933.5,2005.5,0.8,82,62,62,16.291212945838218,-0.05212638112262682,2535,"['62_lag_79_median_stratZ50ndj04', '77_lag_atlSICjfm', '80_lag_cetTSjfm', '62_lag_69_median_satlSSTjfm', '63_lag_solFORC', '68_lag_seurTSjfm', '62_lag_81_median_ismPRjja', '80_lag_traIT', '62_lag_67_median_traEU', '62_lag_77_median_amo2']","[0.8341992381920527, 0.36816639150877073, 3.779967708175347, 6.567099509516538, 4.570531653844476, 1.7874118153824732, 0.2261175463020404, 2.0657835517986083, 6.249717553492086, 1.6767044193236273]","62_lag_79_median_stratZ50ndj04, 77_lag_atlSICjfm, 80_lag_cetTSjfm, 62_lag_69_median_satlSSTjfm, 63_lag_solFORC, 68_lag_seurTSjfm, 62_lag_81_median_ismPRjja, 80_lag_traIT, 62_lag_67_median_traEU, 62_lag_77_median_amo2_2535_62"
LRforcedPSO,68,10,traEU,shigh,934.5,2005.5,0.8,83,63,63,14.282777261560968,0.07886443392070965,2535,"['63_lag_67_median_ginwSSTjfm', '63_lag_72_median_traCA', '63_lag_67_median_scpPSLjfm', '63_lag_73_median_amo3', '79_lag_mhfIP30', '81_lag_atlSICsep', '63_lag_73_median_nppc3SSTjfm', '63_lag_65_median_traBS', '73_lag_tripol1', '80_lag_eurPSLjfm']","[1.1283432828826108, 4.3732035157562805, 0.9882905127333075, 2.1253396275669623, 1.727598413879882, 0.48899875230914347, 2.7381242094277063, 3.570563849561184, 1.2689570804284838, 3.9440480726158444]","63_lag_67_median_ginwSSTjfm, 63_lag_72_median_traCA, 63_lag_67_median_scpPSLjfm, 63_lag_73_median_amo3, 79_lag_mhfIP30, 81_lag_atlSICsep, 63_lag_73_median_nppc3SSTjfm, 63_lag_65_median_traBS, 73_lag_tripol1, 80_lag_eurPSLjfm_2535_63"
LRforcedPSO,69,10,traEU,shigh,935.5,2005.5,0.8,84,64,64,17.68409644415146,-0.030850291774208276,2535,"['82_lag_eapPSLjfm', '80_lag_stratZ50ndj02', '69_lag_traCA', '82_lag_gyreSSTjfm', '64_lag_82_median_tripol1', '64_lag_83_median_tripol3', '64_lag_76_median_pdoSSTjfm', '81_lag_neurTSjfm', '64_lag_70_median_atlSICsep', '75_lag_mhfATL45']","[5.459067814007721, 0.8274617059970186, 1.1753141136425587, 5.399482543653534, 2.1364920923417063, 4.323586525429414, 5.086677314510924, 0.9171548498810971, 7.398102349809683, 4.214579360501913]","82_lag_eapPSLjfm, 80_lag_stratZ50ndj02, 69_lag_traCA, 82_lag_gyreSSTjfm, 64_lag_82_median_tripol1, 64_lag_83_median_tripol3, 64_lag_76_median_pdoSSTjfm, 81_lag_neurTSjfm, 64_lag_70_median_atlSICsep, 75_lag_mhfATL45_2535_64"
LRforcedPSO,70,10,traEU,shigh,936.5,2005.5,0.8,85,65,65,13.424311260313365,0.04514587472353283,2535,"['65_lag_83_median_nppc2SSTjfm', '65_lag_82_median_nppc3SSTjfm', '81_lag_amoSSTmjjaso', '65_lag_77_median_glTSjfm', '81_lag_shSICsep', '67_lag_mhfATL30', '65_lag_66_median_naoPSLjfm', '65_lag_80_median_alpi', '65_lag_84_median_satlSSTjfm', '75_lag_traDS']","[9.345210058027549, 4.769497135473351, 0.20990533519161758, 2.9864397432268532, 0.8751143475754688, 2.056403889721432, 1.6409547512418783, 2.358617359290985, 3.929996892982615, 0.3535942279222777]","65_lag_83_median_nppc2SSTjfm, 65_lag_82_median_nppc3SSTjfm, 81_lag_amoSSTmjjaso, 65_lag_77_median_glTSjfm, 81_lag_shSICsep, 67_lag_mhfATL30, 65_lag_66_median_naoPSLjfm, 65_lag_80_median_alpi, 65_lag_84_median_satlSSTjfm, 75_lag_traDS_2535_65"
LRforcedPSO,71,10,traEU,shigh,937.5,2005.5,0.8,86,66,66,15.120214781007315,0.14471982952897217,2535,"['66_lag_82_median_nppc3SSTjfm', '66_lag_79_median_stratZ50ndj03', '66_lag_73_median_traDP', '77_lag_traDP', '66_lag_80_median_atlSICsep', '82_lag_pdoSSTjfm', '73_lag_mhfATL45', '66_lag_76_median_atlSICsep', '66_lag_78_median_traWP', '83_lag_samPSLann']","[1.944981636667908, 2.251435310936869, 6.8114928357107765, 5.137651582670251, 3.237801718897007, 2.8444777754223116, 2.866097518505109, 1.108500087202211, 8.356618211165754, 2.4063235467875543]","66_lag_82_median_nppc3SSTjfm, 66_lag_79_median_stratZ50ndj03, 66_lag_73_median_traDP, 77_lag_traDP, 66_lag_80_median_atlSICsep, 82_lag_pdoSSTjfm, 73_lag_mhfATL45, 66_lag_76_median_atlSICsep, 66_lag_78_median_traWP, 83_lag_samPSLann_2535_66"
LRforcedPSO,72,10,traEU,shigh,938.5,2005.5,0.8,87,67,67,18.31204211792126,0.0030868369394552748,2535,"['67_lag_69_median_stratZ50ndj02', '67_lag_85_median_ismPRjja', '67_lag_86_median_traDP', '69_lag_eurPSLjfm', '67_lag_79_median_glomaSSTjfm', '77_lag_samPSLann', '67_lag_70_median_traFB', '81_lag_atlSICsep', '67_lag_86_median_amo1', '67_lag_71_median_mhfIP30']","[0.7362859345133224, 6.143210845925449, 1.6906247374532857, 6.203710995449394, 8.097038708926574, 1.0329556577397518, 5.935241733111464, 4.7088816901066055, 5.3127128576891725, 0.6859643499552508]","67_lag_69_median_stratZ50ndj02, 67_lag_85_median_ismPRjja, 67_lag_86_median_traDP, 69_lag_eurPSLjfm, 67_lag_79_median_glomaSSTjfm, 77_lag_samPSLann, 67_lag_70_median_traFB, 81_lag_atlSICsep, 67_lag_86_median_amo1, 67_lag_71_median_mhfIP30_2535_67"
LRforcedPSO,73,10,traEU,shigh,939.5,2005.5,0.8,88,68,68,17.421932384137808,0.012793340735849854,2535,"['73_lag_ismPRjja', '76_lag_stratZ50ndj03', '68_lag_74_median_naoPSLjfm', '68_lag_80_median_traIT', '68_lag_75_median_arcTSjfm', '68_lag_85_median_solFORC', '71_lag_ismPRjja', '83_lag_traEU', '68_lag_69_median_tripol1', '85_lag_traEC']","[8.910544022178549, 0.08381767580338462, 1.1185723192602168, 4.995916744089273, 0.5622729923333285, 5.13947320175099, 2.7542024125963245, 3.134500908728164, 0.9912848816868998, 6.492713090494142]","73_lag_ismPRjja, 76_lag_stratZ50ndj03, 68_lag_74_median_naoPSLjfm, 68_lag_80_median_traIT, 68_lag_75_median_arcTSjfm, 68_lag_85_median_solFORC, 71_lag_ismPRjja, 83_lag_traEU, 68_lag_69_median_tripol1, 85_lag_traEC_2535_68"
LRforcedPSO,74,10,traEU,shigh,940.5,2005.5,0.8,89,69,69,15.86511705478761,-0.10602312126901417,2535,"['76_lag_neurTSjfm', '69_lag_74_median_stratZ50ndj04', '85_lag_ensoSSTjfm', '69_lag_85_median_labSSTjfm', '69_lag_84_median_traFB', '83_lag_traFB', '81_lag_satlSSTjfm', '69_lag_72_median_nppc3SSTjfm', '78_lag_traIFC', '70_lag_traEU']","[1.7157189565214903, 7.300089521279116, 0.7164426033724105, 0.6850001927391496, 6.106961013621721, 0.44389585037371937, 5.70949499521991, 6.3651951418200685, 0.7054392046303768, 2.1809349962794613]","76_lag_neurTSjfm, 69_lag_74_median_stratZ50ndj04, 85_lag_ensoSSTjfm, 69_lag_85_median_labSSTjfm, 69_lag_84_median_traFB, 83_lag_traFB, 81_lag_satlSSTjfm, 69_lag_72_median_nppc3SSTjfm, 78_lag_traIFC, 70_lag_traEU_2535_69"
LRforcedPSO,75,10,traEU,shigh,941.5,2005.5,0.8,90,70,70,15.797255821632687,-0.010537326166764059,2535,"['75_lag_satlSSTjfm', '87_lag_stratZ50ndj04', '86_lag_amoSSTmjjaso', '70_lag_74_median_labSSTjfm', '78_lag_labSSTjfm', '85_lag_nhSICsep', '88_lag_eurPSLjfm', '70_lag_84_median_nchinaPRjja', '72_lag_traDS', '71_lag_traEC']","[0.2415385508883734, 0.2824402262944403, 3.7481098123799494, 1.6266346886924747, 3.1519781382613843, 2.5569813800842223, 6.8957510535477375, 2.5884005344026875, 0.6401914484725033, 5.3650902749714025]","75_lag_satlSSTjfm, 87_lag_stratZ50ndj04, 86_lag_amoSSTmjjaso, 70_lag_74_median_labSSTjfm, 78_lag_labSSTjfm, 85_lag_nhSICsep, 88_lag_eurPSLjfm, 70_lag_84_median_nchinaPRjja, 72_lag_traDS, 71_lag_traEC_2535_70"
LRforcedPSO,76,10,traEU,shigh,942.5,2005.5,0.8,91,71,71,15.04508037691161,0.04283352514469325,2535,"['75_lag_satlSSTjfm', '71_lag_85_median_traFSC', '71_lag_90_median_mhfIP30', '71_lag_85_median_ensoSSTjfm', '71_lag_80_median_traWP', '71_lag_88_median_amoSSTmjjaso', '71_lag_85_median_yrvPRjja', '71_lag_shSICsep', '79_lag_neurTSjfm', '71_lag_76_median_nhSICjfm']","[4.061276212246858, 5.595659703275224, 4.464051105656381, 2.8834838005517156, 7.7145081971563485, 8.384215397174493, 2.142117603352201, 1.7501483484865936, 5.164980526555695, 8.677382889385427]","75_lag_satlSSTjfm, 71_lag_85_median_traFSC, 71_lag_90_median_mhfIP30, 71_lag_85_median_ensoSSTjfm, 71_lag_80_median_traWP, 71_lag_88_median_amoSSTmjjaso, 71_lag_85_median_yrvPRjja, 71_lag_shSICsep, 79_lag_neurTSjfm, 71_lag_76_median_nhSICjfm_2535_71"
LRforcedPSO,77,10,traEU,shigh,943.5,2005.5,0.8,92,72,72,15.231129162303555,0.028646943620638483,2535,"['91_lag_traTLS', '73_lag_shSICsep', '78_lag_traEC', '87_lag_mhfIP30', '85_lag_alpi', '72_lag_79_median_arcTSjfm', '72_lag_89_median_traDP', '72_lag_89_median_nhSICjfm', '83_lag_amo2', '72_lag_86_median_nhTSjfm']","[1.3913279996691728, 5.385260852739279, 0.31000478696327605, 4.155232751753641, 2.6531701627886743, 4.861663315508487, 1.3363545539196497, 8.551150016439365, 1.1376389785611636, 5.583504248125816]","91_lag_traTLS, 73_lag_shSICsep, 78_lag_traEC, 87_lag_mhfIP30, 85_lag_alpi, 72_lag_79_median_arcTSjfm, 72_lag_89_median_traDP, 72_lag_89_median_nhSICjfm, 83_lag_amo2, 72_lag_86_median_nhTSjfm_2535_72"
LRforcedPSO,78,10,traEU,shigh,944.5,2005.5,0.8,93,73,73,17.584816628665866,0.004552963118174012,2535,"['73_lag_75_median_shSICmar', '73_lag_88_median_ginwSSTjfm', '73_lag_87_median_ginwSSTjfm', '73_lag_80_median_traBO', '83_lag_traCA', '92_lag_shTSjfm', '73_lag_74_median_traDS', '73_lag_91_median_amo2', '82_lag_arcTSjfm', '73_lag_78_median_tripol2']","[2.0587020118324384, 7.724698266587932, 1.0711735635670454, 0.7269934413934109, 2.52775331089272, 1.226881155877365, 0.14790135256701298, 5.263777759435275, 3.7455589388233985, 0.551472725026569]","73_lag_75_median_shSICmar, 73_lag_88_median_ginwSSTjfm, 73_lag_87_median_ginwSSTjfm, 73_lag_80_median_traBO, 83_lag_traCA, 92_lag_shTSjfm, 73_lag_74_median_traDS, 73_lag_91_median_amo2, 82_lag_arcTSjfm, 73_lag_78_median_tripol2_2535_73"
LRforcedPSO,79,10,traEU,shigh,945.5,2005.5,0.8,94,74,74,16.565828103158946,-0.039823445965697535,2535,"['88_lag_tripol2', '74_lag_81_median_eapPSLjfm', '75_lag_nhSICsep', '76_lag_seurTSjfm', '74_lag_81_median_mhfIP30', '74_lag_85_median_eurPSLjfm', '74_lag_92_median_traIT', '74_lag_79_median_alpi', '74_lag_91_median_mhfATL45', '89_lag_seurTSjfm']","[2.8421604943306615, 4.421609475596002, 0.8143308059619692, 2.4858846152227283, 0.5731602507704032, 2.016337277071976, 3.763583631394562, 0.3956536307409877, 0.17611206606499685, 6.661056811851964]","88_lag_tripol2, 74_lag_81_median_eapPSLjfm, 75_lag_nhSICsep, 76_lag_seurTSjfm, 74_lag_81_median_mhfIP30, 74_lag_85_median_eurPSLjfm, 74_lag_92_median_traIT, 74_lag_79_median_alpi, 74_lag_91_median_mhfATL45, 89_lag_seurTSjfm_2535_74"
LRforcedPSO,80,10,traEU,shigh,946.5,2005.5,0.8,95,75,75,15.362231781753911,-0.07741239569881253,2535,"['75_lag_76_median_amo2', '75_lag_82_median_cetTSjfm', '75_lag_92_median_stratZ50ndj01', '83_lag_mhfATL45', '75_lag_90_median_naoPSLjfm', '88_lag_traFS', '81_lag_mhfIP30', '94_lag_traEU', '88_lag_traIFC', '93_lag_wnorPRjfm']","[2.094246074573862, 1.8540244635361134, 5.487882015937, 1.5215428405426046, 0.42062732156173155, 5.673126775822375, 2.9873173156260986, 1.8357100091352763, 2.974069020657577, 1.7904802576461183]","75_lag_76_median_amo2, 75_lag_82_median_cetTSjfm, 75_lag_92_median_stratZ50ndj01, 83_lag_mhfATL45, 75_lag_90_median_naoPSLjfm, 88_lag_traFS, 81_lag_mhfIP30, 94_lag_traEU, 88_lag_traIFC, 93_lag_wnorPRjfm_2535_75"
LRforcedPSO,81,10,traEU,shigh,947.5,2005.5,0.8,96,76,76,15.760842956065652,-0.08227194962903744,2535,"['76_lag_80_median_glTSjfm', '79_lag_nppc2SSTjfm', '83_lag_glTSjfm', '78_lag_traBO', '77_lag_nppc2SSTjfm', '80_lag_gyreSSTjfm', '76_lag_79_median_traBS', '83_lag_ismPRjja', '82_lag_atlSICsep', '76_lag_87_median_stratZ50ndj01']","[1.2762008865530365, 7.391479798090037, 2.3113695215003416, 2.2404822127267074, 2.171834327986428, 0.04591266902394686, 1.5070619087149772, 4.283382903539765, 6.254741013708731, 5.8061008573903]","76_lag_80_median_glTSjfm, 79_lag_nppc2SSTjfm, 83_lag_glTSjfm, 78_lag_traBO, 77_lag_nppc2SSTjfm, 80_lag_gyreSSTjfm, 76_lag_79_median_traBS, 83_lag_ismPRjja, 82_lag_atlSICsep, 76_lag_87_median_stratZ50ndj01_2535_76"
LRforcedPSO,82,10,traEU,shigh,948.5,2005.5,0.8,97,77,77,19.895379146619113,-0.12473265823998575,2535,"['88_lag_tripol3', '77_lag_86_median_mhfATL60', '77_lag_82_median_mhfATL30', '77_lag_88_median_traEC', '89_lag_ormenSSTjfm', '82_lag_traDS', '85_lag_traDP', '77_lag_88_median_traMC', '77_lag_83_median_traIT', '77_lag_81_median_traDS']","[1.4707670230828391, 3.0540735990947425, 6.3636469780888305, 4.488302579830494, 0.9453002379772144, 4.7856435543124025, 6.224052331291665, 4.464244334644992, 2.967361998369773, 1.1456528516208273]","88_lag_tripol3, 77_lag_86_median_mhfATL60, 77_lag_82_median_mhfATL30, 77_lag_88_median_traEC, 89_lag_ormenSSTjfm, 82_lag_traDS, 85_lag_traDP, 77_lag_88_median_traMC, 77_lag_83_median_traIT, 77_lag_81_median_traDS_2535_77"
LRforcedPSO,83,10,traEU,shigh,949.5,2005.5,0.8,98,78,78,18.72928758495774,-0.1402451284729974,2535,"['78_lag_80_median_traTLS', '96_lag_tripol2', '88_lag_mhfATL60', '78_lag_81_median_amo2', '96_lag_nhTSjfm', '78_lag_81_median_eapPSLjfm', '91_lag_mhfATL30', '78_lag_97_median_neurTSjfm', '87_lag_traDP', '78_lag_86_median_traFB']","[0.08235120495386283, 0.6888579539927182, 4.9232771478653685, 3.510188411454922, 1.4987663967356895, 1.7838075562968942, 3.558054715445394, 3.0323055365997558, 4.012184108530963, 5.8235386451521265]","78_lag_80_median_traTLS, 96_lag_tripol2, 88_lag_mhfATL60, 78_lag_81_median_amo2, 96_lag_nhTSjfm, 78_lag_81_median_eapPSLjfm, 91_lag_mhfATL30, 78_lag_97_median_neurTSjfm, 87_lag_traDP, 78_lag_86_median_traFB_2535_78"
LRforcedPSO,84,10,traEU,shigh,950.5,2005.5,0.8,99,79,79,15.491955319053735,-0.05220847344306799,2535,"['80_lag_glomaSSTjfm', '79_lag_97_median_nppc3SSTjfm', '88_lag_shSICsep', '79_lag_97_median_naoPSLjfm', '82_lag_eurPSLjfm', '79_lag_88_median_traTLS', '90_lag_traBO', '87_lag_stratZ50ndj02', '80_lag_traFB', '79_lag_94_median_ensoSSTjfm']","[2.5167608028152566, 1.793881081048374, 7.362571579169035, 1.023592506619357, 0.9303771370790166, 4.686752051940772, 3.258237696049342, 0.5541338920535903, 1.2765126521182886, 0.1890240413134041]","80_lag_glomaSSTjfm, 79_lag_97_median_nppc3SSTjfm, 88_lag_shSICsep, 79_lag_97_median_naoPSLjfm, 82_lag_eurPSLjfm, 79_lag_88_median_traTLS, 90_lag_traBO, 87_lag_stratZ50ndj02, 80_lag_traFB, 79_lag_94_median_ensoSSTjfm_2535_79"
LRforcedPSO,85,10,traEU,shigh,951.5,2005.5,0.8,100,80,80,16.83518375959234,0.0690518426023618,2535,"['80_lag_86_median_traEC', '82_lag_traTLS', '95_lag_gyreSSTjfm', '80_lag_88_median_traMC', '80_lag_91_median_traDS', '87_lag_glTSjfm', '80_lag_84_median_nppc2SSTjfm', '99_lag_naoPSLjfm', '80_lag_96_median_traIFC', '86_lag_neurTSjfm']","[0.14026895212213297, 7.028099564971855, 1.7798128367582517, 2.601970193766025, 5.947096688775083, 2.0415349712466853, 3.8468680799035937, 0.12847971224879196, 2.36483344982239, 0.295961441955928]","80_lag_86_median_traEC, 82_lag_traTLS, 95_lag_gyreSSTjfm, 80_lag_88_median_traMC, 80_lag_91_median_traDS, 87_lag_glTSjfm, 80_lag_84_median_nppc2SSTjfm, 99_lag_naoPSLjfm, 80_lag_96_median_traIFC, 86_lag_neurTSjfm_2535_80"
