model,num_irrelevant,max_allowed_features,target_feature,dataset,year_start,year_end,splitsize,max_lag,init_lag,max_forecast,mae_score,corr_score,n_total_features,selected_feature_list,feature_importances,selected_features
LinearRegression,0,10,mhfATL30,shigh,866.5,2005.5,0.8,15,1,1,9.442124691209441,0.6301036586369095,1755,"['1_lag_11_median_eapPSLjfm', '1_lag_5_median_traBS', '1_lag_6_median_mhfATL30', '1_lag_4_median_mhfIP30', '1_lag_4_median_traCA', '1_lag_8_median_glTSjfm', '1_lag_8_median_nhTSjfm', '1_lag_4_median_mhfATL30', '1_lag_mhfATL45', '1_lag_5_median_naoPSLjfm']","[0.12199403988654714, 0.023213274435011755, 0.08262846275269525, 0.017854845073789823, 0.1361249623515976, 0.04315149462227688, 0.041360274294587135, 0.10586788394288249, 0.3292609868381774, 0.05496334214764215]","1_lag_11_median_eapPSLjfm, 1_lag_5_median_traBS, 1_lag_6_median_mhfATL30, 1_lag_4_median_mhfIP30, 1_lag_4_median_traCA, 1_lag_8_median_glTSjfm, 1_lag_8_median_nhTSjfm, 1_lag_4_median_mhfATL30, 1_lag_mhfATL45, 1_lag_5_median_naoPSLjfm_1755_1"
LinearRegression,1,10,mhfATL30,shigh,867.5,2005.5,0.8,16,1,1,9.095252587933846,0.6631291252386894,1885,"['1_lag_12_median_shSICmar', '1_lag_6_median_yrvPRjja', '1_lag_5_median_traBS', '1_lag_6_median_mhfATL30', '1_lag_4_median_mhfATL30', '11_lag_mhfATL45', '1_lag_8_median_glTSjfm', '1_lag_5_median_naoPSLjfm', '1_lag_4_median_mhfIP30', '1_lag_mhfATL45']","[0.005915741957674018, 0.08388060868191316, 0.025549819400868548, 0.057739361232937034, 0.06392741631242743, 0.170386689381069, 0.02221642602303928, 0.10160963172463139, 0.0030533434638940703, 0.39923679533278505]","1_lag_12_median_shSICmar, 1_lag_6_median_yrvPRjja, 1_lag_5_median_traBS, 1_lag_6_median_mhfATL30, 1_lag_4_median_mhfATL30, 11_lag_mhfATL45, 1_lag_8_median_glTSjfm, 1_lag_5_median_naoPSLjfm, 1_lag_4_median_mhfIP30, 1_lag_mhfATL45_1885_1"
LinearRegression,2,10,mhfATL30,shigh,868.5,2005.5,0.8,17,1,1,9.105927186937164,0.6650838224145216,2015,"['1_lag_16_median_tripol2', '1_lag_nhSICsep', '1_lag_4_median_traCA', '1_lag_6_median_yrvPRjja', '4_lag_amoSSTmjjaso', '1_lag_5_median_naoPSLjfm', '11_lag_mhfATL45', '16_lag_traIT', '1_lag_4_median_mhfIP30', '1_lag_mhfATL45']","[0.011684407346847026, 0.032616220048486244, 0.16600440169095151, 0.0744906713410669, 0.03953008340573066, 0.05209096927259937, 0.20553617686044512, 0.0638621491620607, 0.025207985190806453, 0.3665923286046454]","1_lag_16_median_tripol2, 1_lag_nhSICsep, 1_lag_4_median_traCA, 1_lag_6_median_yrvPRjja, 4_lag_amoSSTmjjaso, 1_lag_5_median_naoPSLjfm, 11_lag_mhfATL45, 16_lag_traIT, 1_lag_4_median_mhfIP30, 1_lag_mhfATL45_2015_1"
LinearRegression,3,10,mhfATL30,shigh,869.5,2005.5,0.8,18,1,1,9.078926779230258,0.6762253808587078,2145,"['1_lag_nhSICsep', '1_lag_6_median_traEU', '1_lag_10_median_eurPSLjfm', '16_lag_labSSTjfm', '16_lag_ormenSSTjfm', '1_lag_6_median_traMC', '4_lag_amoSSTmjjaso', '11_lag_mhfATL45', '1_lag_4_median_mhfIP30', '1_lag_mhfATL45']","[0.008814431984718353, 0.08175186525297201, 0.11677631764587107, 0.008934665294131748, 0.024441527746180414, 0.003479323790190808, 0.01967087092268091, 0.1918582684180383, 0.001391018538539436, 0.4605804265955643]","1_lag_nhSICsep, 1_lag_6_median_traEU, 1_lag_10_median_eurPSLjfm, 16_lag_labSSTjfm, 16_lag_ormenSSTjfm, 1_lag_6_median_traMC, 4_lag_amoSSTmjjaso, 11_lag_mhfATL45, 1_lag_4_median_mhfIP30, 1_lag_mhfATL45_2145_1"
LinearRegression,4,10,mhfATL30,shigh,870.5,2005.5,0.8,19,1,1,9.535264541883572,0.6363190627409849,2275,"['9_lag_scpPSLjfm', '13_lag_shTSjfm', '4_lag_labSSTjfm', '18_lag_mhfATL45', '16_lag_ormenSSTjfm', '18_lag_amoSSTmjjaso', '1_lag_6_median_traMC', '11_lag_mhfATL45', '1_lag_4_median_mhfIP30', '1_lag_mhfATL45']","[0.047894519352293496, 0.02036105073409339, 0.16773394392547097, 0.07897025256889713, 0.03171981251097152, 0.04849621066833569, 0.008813253551607378, 0.13902201844218437, 0.030500618688140198, 0.47183660666422456]","9_lag_scpPSLjfm, 13_lag_shTSjfm, 4_lag_labSSTjfm, 18_lag_mhfATL45, 16_lag_ormenSSTjfm, 18_lag_amoSSTmjjaso, 1_lag_6_median_traMC, 11_lag_mhfATL45, 1_lag_4_median_mhfIP30, 1_lag_mhfATL45_2275_1"
LinearRegression,5,10,mhfATL30,shigh,871.5,2005.5,0.8,20,1,1,9.332540861231207,0.6519324020096817,2405,"['1_lag_8_median_traBS', '1_lag_6_median_yrvPRjja', '19_lag_traIT', '1_lag_4_median_mhfIP30', '18_lag_amoSSTmjjaso', '1_lag_6_median_traMC', '16_lag_ormenSSTjfm', '11_lag_mhfATL45', '19_lag_satlSSTjfm', '1_lag_mhfATL45']","[0.035823365376879676, 0.08396802430764239, 0.017625314886172194, 0.001513054749266626, 0.013230441152395678, 0.014120754056725235, 0.006109470249933621, 0.19612299210509596, 0.04878542182481429, 0.4485462439988612]","1_lag_8_median_traBS, 1_lag_6_median_yrvPRjja, 19_lag_traIT, 1_lag_4_median_mhfIP30, 18_lag_amoSSTmjjaso, 1_lag_6_median_traMC, 16_lag_ormenSSTjfm, 11_lag_mhfATL45, 19_lag_satlSSTjfm, 1_lag_mhfATL45_2405_1"
LinearRegression,6,10,mhfATL30,shigh,872.5,2005.5,0.8,21,1,1,8.6784169397649,0.7021249884670218,2535,"['1_lag_5_median_naoPSLjfm', '9_lag_scpPSLjfm', '1_lag_6_median_traMC', '4_lag_seurTSjfm', '1_lag_traFB', '18_lag_amoSSTmjjaso', '19_lag_satlSSTjfm', '11_lag_mhfATL45', '20_lag_nhSICjfm', '1_lag_mhfATL45']","[0.0748612145960339, 0.04318611624601576, 0.0002012981437390718, 0.045709255975040775, 0.36119230512649914, 0.03688647691102574, 0.03917126049393941, 0.14565280277386727, 0.06531843011836225, 0.3812483193258336]","1_lag_5_median_naoPSLjfm, 9_lag_scpPSLjfm, 1_lag_6_median_traMC, 4_lag_seurTSjfm, 1_lag_traFB, 18_lag_amoSSTmjjaso, 19_lag_satlSSTjfm, 11_lag_mhfATL45, 20_lag_nhSICjfm, 1_lag_mhfATL45_2535_1"
LinearRegression,7,10,mhfATL30,shigh,873.5,2005.5,0.8,22,2,2,10.554919635017143,0.47860512144602063,2535,"['20_lag_nhSICjfm', '12_lag_mhfATL30', '2_lag_5_median_traFSC', '13_lag_mhfIP30', '20_lag_pdoSSTjfm', '2_lag_5_median_traEU', '20_lag_amo2', '2_lag_5_median_naoPSLjfm', '2_lag_traFB', '19_lag_satlSSTjfm']","[0.07689329758192144, 0.11849609690084181, 0.03693187435965088, 0.021047486978675686, 0.06755327571592515, 0.033994197604788064, 0.01937462202523252, 0.17758296450284214, 0.36013238047274493, 0.13011824734885957]","20_lag_nhSICjfm, 12_lag_mhfATL30, 2_lag_5_median_traFSC, 13_lag_mhfIP30, 20_lag_pdoSSTjfm, 2_lag_5_median_traEU, 20_lag_amo2, 2_lag_5_median_naoPSLjfm, 2_lag_traFB, 19_lag_satlSSTjfm_2535_2"
LinearRegression,8,10,mhfATL30,shigh,874.5,2005.5,0.8,23,3,3,13.075961940717688,-0.1320405974372148,2535,"['22_lag_stratZ50ndj04', '13_lag_mhfIP30', '6_lag_amo2', '7_lag_stratZ50ndj04', '20_lag_nhSICjfm', '9_lag_stratZ50ndj04', '6_lag_amo3', '3_lag_nhSICsep', '19_lag_satlSSTjfm', '3_lag_6_median_nchinaPRjja']","[0.03225982020248329, 0.006891112600590957, 0.04279983466843827, 0.030209678476489976, 0.08343026319698538, 0.09583181265161037, 0.24681271842151042, 0.08194148560380282, 0.06531445549823679, 0.02298306969672287]","22_lag_stratZ50ndj04, 13_lag_mhfIP30, 6_lag_amo2, 7_lag_stratZ50ndj04, 20_lag_nhSICjfm, 9_lag_stratZ50ndj04, 6_lag_amo3, 3_lag_nhSICsep, 19_lag_satlSSTjfm, 3_lag_6_median_nchinaPRjja_2535_3"
LinearRegression,9,10,mhfATL30,shigh,875.5,2005.5,0.8,24,4,4,12.68444350353483,0.007897189662534297,2535,"['19_lag_traIT', '15_lag_samPSLann', '22_lag_traEU', '6_lag_amo3', '9_lag_tripol3', '16_lag_traIT', '4_lag_9_median_stratZ50ndj01', '12_lag_scpPSLjfm', '9_lag_stratZ50ndj04', '4_lag_traEC']","[0.0051738453498743255, 0.008956446892028125, 0.10200008743683775, 0.26351532323599147, 0.015996935297226962, 0.0840008255345924, 0.005339508422936824, 0.020203998539862975, 0.09106924331268101, 0.11991669461269112]","19_lag_traIT, 15_lag_samPSLann, 22_lag_traEU, 6_lag_amo3, 9_lag_tripol3, 16_lag_traIT, 4_lag_9_median_stratZ50ndj01, 12_lag_scpPSLjfm, 9_lag_stratZ50ndj04, 4_lag_traEC_2535_4"
LinearRegression,10,10,mhfATL30,shigh,876.5,2005.5,0.8,25,5,5,12.130626220782611,0.20016179386552868,2535,"['9_lag_stratZ50ndj04', '20_lag_mhfATL60', '18_lag_neurTSjfm', '22_lag_traEU', '17_lag_tripol3', '18_lag_traDP', '16_lag_traIT', '5_lag_9_median_samPSLann', '5_lag_8_median_traFSC', '24_lag_shSICsep']","[0.014835922664176202, 0.01644628694252842, 0.015471151233325691, 0.10594980289441346, 0.06604637193572044, 0.006052966570196329, 0.09613434658545324, 0.10576533941015685, 0.13246925671276183, 0.06554569524620206]","9_lag_stratZ50ndj04, 20_lag_mhfATL60, 18_lag_neurTSjfm, 22_lag_traEU, 17_lag_tripol3, 18_lag_traDP, 16_lag_traIT, 5_lag_9_median_samPSLann, 5_lag_8_median_traFSC, 24_lag_shSICsep_2535_5"
LinearRegression,11,10,mhfATL30,shigh,877.5,2005.5,0.8,26,6,6,12.202863713798207,0.15483963653861282,2535,"['22_lag_amoSSTmjjaso', '19_lag_mhfATL60', '6_lag_9_median_eapPSLjfm', '19_lag_nhTSjfm', '20_lag_mhfATL60', '17_lag_tripol3', '13_lag_stratZ50ndj04', '18_lag_traDP', '6_lag_11_median_mhfIP30', '24_lag_shSICsep']","[0.009505149811939883, 0.007703110884673653, 0.05415577370556917, 0.03631299909560136, 0.003910730693101183, 0.06274425494064413, 0.006384056948168134, 0.018419716893930904, 0.05522385437612208, 0.05853563212499256]","22_lag_amoSSTmjjaso, 19_lag_mhfATL60, 6_lag_9_median_eapPSLjfm, 19_lag_nhTSjfm, 20_lag_mhfATL60, 17_lag_tripol3, 13_lag_stratZ50ndj04, 18_lag_traDP, 6_lag_11_median_mhfIP30, 24_lag_shSICsep_2535_6"
LinearRegression,12,10,mhfATL30,shigh,878.5,2005.5,0.8,27,7,7,12.779469958030276,-0.0764347774046928,2535,"['19_lag_nhTSjfm', '13_lag_stratZ50ndj04', '24_lag_shSICsep', '20_lag_pdoSSTjfm', '16_lag_traIT', '17_lag_traFB', '22_lag_traEU', '18_lag_neurTSjfm', '7_lag_10_median_atlSICsep', '20_lag_mhfATL60']","[0.008679256490336447, 0.04807840698308215, 0.05049298643531286, 0.07938614513939427, 0.07641486831947618, 0.03575584342363097, 0.10750474631152573, 0.018809448422228838, 0.10695833388584133, 0.010010338789305814]","19_lag_nhTSjfm, 13_lag_stratZ50ndj04, 24_lag_shSICsep, 20_lag_pdoSSTjfm, 16_lag_traIT, 17_lag_traFB, 22_lag_traEU, 18_lag_neurTSjfm, 7_lag_10_median_atlSICsep, 20_lag_mhfATL60_2535_7"
LinearRegression,13,10,mhfATL30,shigh,879.5,2005.5,0.8,28,8,8,12.752876838491524,-0.05511510690255785,2535,"['24_lag_shSICsep', '19_lag_nhTSjfm', '17_lag_traFB', '16_lag_traIT', '18_lag_traDP', '17_lag_traTLS', '18_lag_neurTSjfm', '22_lag_traEU', '15_lag_samPSLann', '8_lag_amoSSTmjjaso']","[0.04614675692772327, 0.006368243729791334, 0.027409334261398445, 0.08171685905324792, 0.018447550600126483, 0.05518242235134582, 0.022249654898329252, 0.09836674318141403, 0.006822288861190252, 0.00965059809212326]","24_lag_shSICsep, 19_lag_nhTSjfm, 17_lag_traFB, 16_lag_traIT, 18_lag_traDP, 17_lag_traTLS, 18_lag_neurTSjfm, 22_lag_traEU, 15_lag_samPSLann, 8_lag_amoSSTmjjaso_2535_8"
LinearRegression,14,10,mhfATL30,shigh,880.5,2005.5,0.8,29,9,9,12.856415583211957,-0.17556800482011467,2535,"['16_lag_mhfATL45', '9_lag_14_median_atlSICsep', '14_lag_nhSICsep', '22_lag_traEU', '20_lag_pdoSSTjfm', '27_lag_mhfATL60', '24_lag_shSICsep', '15_lag_samPSLann', '17_lag_traTLS', '18_lag_traDP']","[0.03776619203104891, 0.19021747991849894, 0.007213315894048125, 0.10269870339014847, 0.08988921442484055, 0.03413899219774831, 0.04986727327070481, 0.01574618660240818, 0.06061123088715882, 0.02009707515596733]","16_lag_mhfATL45, 9_lag_14_median_atlSICsep, 14_lag_nhSICsep, 22_lag_traEU, 20_lag_pdoSSTjfm, 27_lag_mhfATL60, 24_lag_shSICsep, 15_lag_samPSLann, 17_lag_traTLS, 18_lag_traDP_2535_9"
LinearRegression,15,10,mhfATL30,shigh,881.5,2005.5,0.8,30,10,10,12.444076152899356,0.1568410694275802,2535,"['10_lag_19_median_seurTSjfm', '24_lag_neurTSjfm', '19_lag_stratZ50ndj04', '19_lag_traWP', '10_lag_13_median_ismPRjja', '22_lag_traEU', '20_lag_pdoSSTjfm', '13_lag_mhfATL45', '10_lag_13_median_eapPSLjfm', '27_lag_mhfATL60']","[0.12306377901889884, 0.041118288710648224, 0.11305191331703929, 0.007582202826346271, 0.014776358569029762, 0.10045752598565993, 0.09384183040219685, 0.1588651867340315, 0.0787141855902444, 0.014192538523053234]","10_lag_19_median_seurTSjfm, 24_lag_neurTSjfm, 19_lag_stratZ50ndj04, 19_lag_traWP, 10_lag_13_median_ismPRjja, 22_lag_traEU, 20_lag_pdoSSTjfm, 13_lag_mhfATL45, 10_lag_13_median_eapPSLjfm, 27_lag_mhfATL60_2535_10"
LinearRegression,16,10,mhfATL30,shigh,882.5,2005.5,0.8,31,11,14,12.59215069534664,-0.015018637286747363,2535,"['14_lag_pdoSSTjfm', '22_lag_nhSICsep', '18_lag_neurTSjfm', '19_lag_amo3', '20_lag_mhfATL60', '20_lag_pdoSSTjfm', '15_lag_samPSLann', '29_lag_traDP', '27_lag_mhfATL60', '30_lag_shSICsep']","[0.024242844070046624, 0.03737298215846614, 0.02921043457844431, 0.026035459553877174, 0.008868554674461432, 0.09454171555107341, 0.009021376204141028, 0.04613753963678766, 0.021332181871317114, 0.14111918000396828]","14_lag_pdoSSTjfm, 22_lag_nhSICsep, 18_lag_neurTSjfm, 19_lag_amo3, 20_lag_mhfATL60, 20_lag_pdoSSTjfm, 15_lag_samPSLann, 29_lag_traDP, 27_lag_mhfATL60, 30_lag_shSICsep_2535_14"
LinearRegression,17,10,mhfATL30,shigh,883.5,2005.5,0.8,32,12,12,11.69961772660907,0.302615505495667,2535,"['31_lag_mhfATL45', '12_lag_19_median_alpi', '12_lag_15_median_mhfATL45', '29_lag_tripol3', '15_lag_samPSLann', '25_lag_tripol3', '20_lag_mhfATL60', '31_lag_shSICsep', '27_lag_mhfATL60', '30_lag_shSICsep']","[0.0072557277589192885, 0.013648135622324385, 0.19331136295993584, 0.031717330380897586, 0.02696365878259918, 0.03898278795671955, 0.04064535499554154, 0.15630023432951143, 0.0018659170660258184, 0.004918553130168651]","31_lag_mhfATL45, 12_lag_19_median_alpi, 12_lag_15_median_mhfATL45, 29_lag_tripol3, 15_lag_samPSLann, 25_lag_tripol3, 20_lag_mhfATL60, 31_lag_shSICsep, 27_lag_mhfATL60, 30_lag_shSICsep_2535_12"
LinearRegression,18,10,mhfATL30,shigh,884.5,2005.5,0.8,33,13,13,12.088013468420435,0.17542812679825853,2535,"['13_lag_16_median_eapPSLjfm', '23_lag_stratZ50ndj04', '18_lag_eapPSLjfm', '25_lag_tripol3', '32_lag_mhfATL45', '20_lag_amoSSTmjjaso', '20_lag_mhfATL60', '31_lag_labSSTjfm', '31_lag_shSICmar', '31_lag_shSICsep']","[0.13751588508454415, 0.16030859871389663, 0.03184804831571822, 0.07054347321108877, 0.01851858192161495, 0.03485657847321474, 0.008190211994531002, 0.08446149540908957, 0.11484767640937536, 0.17240295642797673]","13_lag_16_median_eapPSLjfm, 23_lag_stratZ50ndj04, 18_lag_eapPSLjfm, 25_lag_tripol3, 32_lag_mhfATL45, 20_lag_amoSSTmjjaso, 20_lag_mhfATL60, 31_lag_labSSTjfm, 31_lag_shSICmar, 31_lag_shSICsep_2535_13"
LinearRegression,19,10,mhfATL30,shigh,885.5,2005.5,0.8,34,14,14,12.209384298318966,0.13547718909116538,2535,"['33_lag_stratZ50ndj04', '29_lag_tripol3', '23_lag_AMOCann', '31_lag_labSSTjfm', '32_lag_mhfATL45', '31_lag_shSICsep', '20_lag_mhfATL60', '14_lag_19_median_traTLS', '31_lag_shSICmar', '30_lag_shSICsep']","[0.17964319307528578, 0.04714206246187715, 0.015970453097668053, 0.07925649681009264, 0.0006566593688645712, 0.14310842080009664, 0.013159561402441159, 0.15722875476197792, 0.1208095729655321, 0.03204327543537868]","33_lag_stratZ50ndj04, 29_lag_tripol3, 23_lag_AMOCann, 31_lag_labSSTjfm, 32_lag_mhfATL45, 31_lag_shSICsep, 20_lag_mhfATL60, 14_lag_19_median_traTLS, 31_lag_shSICmar, 30_lag_shSICsep_2535_14"
LinearRegression,20,10,mhfATL30,shigh,886.5,2005.5,0.8,35,15,15,12.361355794120628,0.14459233923427653,2535,"['19_lag_satlSSTjfm', '29_lag_tripol3', '33_lag_stratZ50ndj04', '15_lag_20_median_naoPSLjfm', '31_lag_labSSTjfm', '15_lag_traFB', '32_lag_mhfATL45', '20_lag_mhfATL60', '31_lag_shSICmar', '30_lag_shSICsep']","[0.056369514235025966, 0.05266802863077999, 0.16955525310239397, 0.023752062324735833, 0.09122047945232867, 0.021157669920115068, 0.00015343216879106164, 0.007833432545194696, 0.12869050987446795, 0.15492760294279917]","19_lag_satlSSTjfm, 29_lag_tripol3, 33_lag_stratZ50ndj04, 15_lag_20_median_naoPSLjfm, 31_lag_labSSTjfm, 15_lag_traFB, 32_lag_mhfATL45, 20_lag_mhfATL60, 31_lag_shSICmar, 30_lag_shSICsep_2535_15"
LinearRegression,21,10,mhfATL30,shigh,887.5,2005.5,0.8,36,16,16,12.36310072692952,0.07404357760341108,2535,"['27_lag_mhfATL60', '32_lag_mhfATL45', '16_lag_traWP', '19_lag_amo3', '31_lag_shSICmar', '25_lag_naoPSLjfm', '30_lag_shSICsep', '16_lag_wnorPRjfm', '20_lag_mhfATL60', '31_lag_labSSTjfm']","[0.0379298182537539, 0.0032727471923247667, 0.0341185007210717, 0.08868600054783968, 0.11622707302080097, 0.04691730744689926, 0.1603977671783573, 0.030678250262771392, 0.007865976886924732, 0.09245837321360956]","27_lag_mhfATL60, 32_lag_mhfATL45, 16_lag_traWP, 19_lag_amo3, 31_lag_shSICmar, 25_lag_naoPSLjfm, 30_lag_shSICsep, 16_lag_wnorPRjfm, 20_lag_mhfATL60, 31_lag_labSSTjfm_2535_16"
LinearRegression,22,10,mhfATL30,shigh,888.5,2005.5,0.8,37,17,17,12.410537360782042,0.17250682516410065,2535,"['35_lag_shSICmar', '17_lag_20_median_nchinaPRjja', '32_lag_nppc2SSTjfm', '36_lag_traDP', '31_lag_shSICmar', '27_lag_labSSTjfm', '28_lag_ginwSSTjfm', '30_lag_shSICsep', '31_lag_labSSTjfm', '20_lag_mhfATL60']","[0.10747430705503444, 0.025279643108009495, 0.012099829195051735, 0.06975591475097005, 0.12578470559626667, 0.05266125277993172, 0.04831461656743832, 0.1467390782250317, 0.1052204523593198, 0.01753120044313109]","35_lag_shSICmar, 17_lag_20_median_nchinaPRjja, 32_lag_nppc2SSTjfm, 36_lag_traDP, 31_lag_shSICmar, 27_lag_labSSTjfm, 28_lag_ginwSSTjfm, 30_lag_shSICsep, 31_lag_labSSTjfm, 20_lag_mhfATL60_2535_17"
LinearRegression,23,10,mhfATL30,shigh,889.5,2005.5,0.8,38,18,18,13.034465260650682,-0.054784249811860995,2535,"['20_lag_mhfATL60', '29_lag_traMC', '20_lag_atlSICjfm', '30_lag_ginwSSTjfm', '35_lag_nhSICsep', '28_lag_ginwSSTjfm', '36_lag_traDP', '18_lag_seurTSjfm', '30_lag_shSICsep', '31_lag_labSSTjfm']","[0.005819659320985603, 0.00908824414793944, 0.05799170411335284, 0.04879273668394529, 0.16385571953597639, 0.06180710186282039, 0.07899556380503545, 0.025825158283388414, 0.127763185479537, 0.10111194745254669]","20_lag_mhfATL60, 29_lag_traMC, 20_lag_atlSICjfm, 30_lag_ginwSSTjfm, 35_lag_nhSICsep, 28_lag_ginwSSTjfm, 36_lag_traDP, 18_lag_seurTSjfm, 30_lag_shSICsep, 31_lag_labSSTjfm_2535_18"
LinearRegression,24,10,mhfATL30,shigh,890.5,2005.5,0.8,39,19,19,12.797081550442568,0.10153207037111982,2535,"['36_lag_atlSICsep', '26_lag_yrvPRjja', '23_lag_mhfATL60', '27_lag_mhfATL60', '19_lag_satlSSTjfm', '31_lag_shSICmar', '28_lag_ginwSSTjfm', '36_lag_traDP', '31_lag_labSSTjfm', '30_lag_shSICsep']","[0.11093196421895175, 0.0622957270579932, 0.0037268907536333416, 0.017673546195739052, 0.07814756885560899, 0.11751479093312552, 0.04132655100789977, 0.060470138341061935, 0.10393368897565704, 0.14964017791653234]","36_lag_atlSICsep, 26_lag_yrvPRjja, 23_lag_mhfATL60, 27_lag_mhfATL60, 19_lag_satlSSTjfm, 31_lag_shSICmar, 28_lag_ginwSSTjfm, 36_lag_traDP, 31_lag_labSSTjfm, 30_lag_shSICsep_2535_19"
LinearRegression,25,10,mhfATL30,shigh,891.5,2005.5,0.8,40,20,20,12.563695379590387,0.19904166175685437,2535,"['20_lag_mhfATL60', '23_lag_mhfATL60', '31_lag_shSICmar', '37_lag_pdoSSTjfm', '30_lag_ginwSSTjfm', '28_lag_ginwSSTjfm', '33_lag_AMOCann', '31_lag_labSSTjfm', '36_lag_traDP', '30_lag_shSICsep']","[0.019655710419375333, 0.011025789433463006, 0.09883998878164446, 0.06050766509956726, 0.014770618425113608, 0.023963142661595188, 0.0694642507721788, 0.08168122728089197, 0.0787880356543298, 0.14934983467257143]","20_lag_mhfATL60, 23_lag_mhfATL60, 31_lag_shSICmar, 37_lag_pdoSSTjfm, 30_lag_ginwSSTjfm, 28_lag_ginwSSTjfm, 33_lag_AMOCann, 31_lag_labSSTjfm, 36_lag_traDP, 30_lag_shSICsep_2535_20"
LinearRegression,26,10,mhfATL30,shigh,892.5,2005.5,0.8,41,21,21,13.092845638058115,0.029928132364884192,2535,"['31_lag_wnorPRjfm', '30_lag_ginwSSTjfm', '21_lag_traFB', '40_lag_eapPSLjfm', '33_lag_AMOCann', '39_lag_nhSICjfm', '34_lag_ormenSSTjfm', '28_lag_ginwSSTjfm', '31_lag_labSSTjfm', '31_lag_shSICmar']","[0.0053934216236018375, 0.021538748621771187, 0.04901680854306942, 0.043187191978982825, 0.0820554451185603, 0.0961465172044292, 0.04808577766262215, 0.025457149284621772, 0.12962812291727457, 0.04458294979437992]","31_lag_wnorPRjfm, 30_lag_ginwSSTjfm, 21_lag_traFB, 40_lag_eapPSLjfm, 33_lag_AMOCann, 39_lag_nhSICjfm, 34_lag_ormenSSTjfm, 28_lag_ginwSSTjfm, 31_lag_labSSTjfm, 31_lag_shSICmar_2535_21"
LinearRegression,27,10,mhfATL30,shigh,893.5,2005.5,0.8,42,22,22,13.549841667089407,-0.18483414191590325,2535,"['26_lag_atlSICjfm', '30_lag_ginwSSTjfm', '40_lag_eapPSLjfm', '33_lag_eapPSLjfm', '28_lag_ginwSSTjfm', '31_lag_shSICmar', '22_lag_25_median_traIFC', '36_lag_traDP', '39_lag_nhSICjfm', '22_lag_atlSICsep']","[0.028614394448269288, 0.05562940015373874, 0.02128082993881936, 0.06291215656488908, 0.06402554851050368, 0.00476406848927896, 0.07122970555787621, 0.02903078357048564, 0.015449372923191606, 0.1399787308383452]","26_lag_atlSICjfm, 30_lag_ginwSSTjfm, 40_lag_eapPSLjfm, 33_lag_eapPSLjfm, 28_lag_ginwSSTjfm, 31_lag_shSICmar, 22_lag_25_median_traIFC, 36_lag_traDP, 39_lag_nhSICjfm, 22_lag_atlSICsep_2535_22"
LinearRegression,28,10,mhfATL30,shigh,894.5,2005.5,0.8,43,23,23,13.011198076255223,0.12441941532164486,2535,"['28_lag_ginwSSTjfm', '23_lag_30_median_ismPRjja', '36_lag_amo1', '31_lag_wnorPRjfm', '30_lag_ginwSSTjfm', '31_lag_labSSTjfm', '23_lag_26_median_stratZ50ndj03', '39_lag_nhSICjfm', '31_lag_shSICmar', '36_lag_traDP']","[0.0382717018515702, 0.1021577267636026, 0.03270675143658581, 0.0026076368030157407, 0.03459669110561843, 0.12279556945498415, 0.050677033116765004, 0.08385784122774204, 0.025622771522046436, 0.06174361673797022]","28_lag_ginwSSTjfm, 23_lag_30_median_ismPRjja, 36_lag_amo1, 31_lag_wnorPRjfm, 30_lag_ginwSSTjfm, 31_lag_labSSTjfm, 23_lag_26_median_stratZ50ndj03, 39_lag_nhSICjfm, 31_lag_shSICmar, 36_lag_traDP_2535_23"
LinearRegression,29,10,mhfATL30,shigh,895.5,2005.5,0.8,44,24,28,13.248586918497947,0.08725221332567737,2535,"['40_lag_eapPSLjfm', '42_lag_traMC', '28_lag_tripol3', '41_lag_nppc2SSTjfm', '39_lag_nhSICjfm', '37_lag_mhfATL60', '28_lag_ginwSSTjfm', '31_lag_labSSTjfm', '36_lag_traDP', '31_lag_shSICmar']","[0.040819169996634284, 0.05665725762371793, 0.02590254182135006, 0.05425279405173862, 0.07251620379761403, 0.024889840193897228, 0.045909446117237, 0.12056647275721266, 0.04941726677848983, 0.03198475960989358]","40_lag_eapPSLjfm, 42_lag_traMC, 28_lag_tripol3, 41_lag_nppc2SSTjfm, 39_lag_nhSICjfm, 37_lag_mhfATL60, 28_lag_ginwSSTjfm, 31_lag_labSSTjfm, 36_lag_traDP, 31_lag_shSICmar_2535_28"
LinearRegression,30,10,mhfATL30,shigh,896.5,2005.5,0.8,45,25,25,13.089584903739755,-0.10555847437874645,2535,"['27_lag_traDP', '37_lag_mhfATL60', '42_lag_traMC', '28_lag_tripol3', '42_lag_nhSICsep', '39_lag_nhSICjfm', '40_lag_eapPSLjfm', '25_lag_30_median_traBO', '25_lag_32_median_alpi', '31_lag_shSICmar']","[0.014760942863572112, 0.07451965478133503, 0.0611382551491076, 0.03958512561664702, 0.1037007722519513, 0.00701238224619525, 0.025074522529681002, 0.08587695078955378, 0.0503935976205233, 0.023150598924916433]","27_lag_traDP, 37_lag_mhfATL60, 42_lag_traMC, 28_lag_tripol3, 42_lag_nhSICsep, 39_lag_nhSICjfm, 40_lag_eapPSLjfm, 25_lag_30_median_traBO, 25_lag_32_median_alpi, 31_lag_shSICmar_2535_25"
LinearRegression,31,10,mhfATL30,shigh,897.5,2005.5,0.8,46,26,26,14.13848780711488,-0.243466515056047,2535,"['45_lag_amo3', '33_lag_satlSSTjfm', '43_lag_amoSSTmjjaso', '36_lag_traDP', '39_lag_nhSICjfm', '26_lag_39_median_arcTSjfm', '36_lag_amo1', '37_lag_mhfATL60', '31_lag_shSICmar', '42_lag_nhSICsep']","[0.10204647310947512, 0.09802769233028347, 0.043254566728450336, 0.03670469677147309, 0.03974628221282109, 0.31670844237297746, 0.008245963334356857, 0.10241104668597617, 0.04613498681380118, 0.06357059531428305]","45_lag_amo3, 33_lag_satlSSTjfm, 43_lag_amoSSTmjjaso, 36_lag_traDP, 39_lag_nhSICjfm, 26_lag_39_median_arcTSjfm, 36_lag_amo1, 37_lag_mhfATL60, 31_lag_shSICmar, 42_lag_nhSICsep_2535_26"
LinearRegression,32,10,mhfATL30,shigh,898.5,2005.5,0.8,47,27,27,13.226450716158336,-0.08651902828682694,2535,"['42_lag_nhSICsep', '46_lag_neurTSjfm', '41_lag_nhSICjfm', '27_lag_30_median_traDS', '39_lag_nhSICjfm', '27_lag_30_median_nchinaPRjja', '37_lag_mhfATL60', '27_lag_traDP', '36_lag_traDP', '36_lag_amo1']","[0.12133950407029401, 0.017711788916451074, 0.09524608132746734, 0.016387472948854235, 0.04800553091572822, 0.12008135442500265, 0.06545424732256032, 0.08001046388770287, 0.11651118625791687, 0.03151368744622726]","42_lag_nhSICsep, 46_lag_neurTSjfm, 41_lag_nhSICjfm, 27_lag_30_median_traDS, 39_lag_nhSICjfm, 27_lag_30_median_nchinaPRjja, 37_lag_mhfATL60, 27_lag_traDP, 36_lag_traDP, 36_lag_amo1_2535_27"
LinearRegression,33,10,mhfATL30,shigh,899.5,2005.5,0.8,48,28,28,12.6312214703014,-0.0735593164773052,2535,"['44_lag_shSICsep', '46_lag_seurTSjfm', '28_lag_nppc2SSTjfm', '33_lag_eapPSLjfm', '41_lag_satlSSTjfm', '33_lag_alpi', '36_lag_amo1', '47_lag_traTLS', '31_lag_shSICmar', '36_lag_traDP']","[0.10366699285512754, 0.0066863051985821785, 0.012775906887904143, 0.05152651866912254, 0.050611669268061064, 0.04248749571950504, 0.022124983936006013, 0.0043075308269016396, 0.051234913245940115, 0.015034116781198557]","44_lag_shSICsep, 46_lag_seurTSjfm, 28_lag_nppc2SSTjfm, 33_lag_eapPSLjfm, 41_lag_satlSSTjfm, 33_lag_alpi, 36_lag_amo1, 47_lag_traTLS, 31_lag_shSICmar, 36_lag_traDP_2535_28"
LinearRegression,34,10,mhfATL30,shigh,900.5,2005.5,0.8,49,29,29,13.903764536588431,-0.1275417134277266,2535,"['42_lag_AMOCann', '46_lag_traWP', '33_lag_eapPSLjfm', '29_lag_34_median_stratZ50ndj01', '42_lag_mhfATL60', '41_lag_satlSSTjfm', '33_lag_alpi', '31_lag_shSICmar', '43_lag_amoSSTmjjaso', '42_lag_nhSICsep']","[0.13271845210177943, 0.003776995373106662, 0.044374469034435156, 0.008338954416373067, 0.1569638021331572, 0.07513828805571458, 0.044822794512746934, 0.054081235339069195, 0.014639382440298603, 0.1234180341646285]","42_lag_AMOCann, 46_lag_traWP, 33_lag_eapPSLjfm, 29_lag_34_median_stratZ50ndj01, 42_lag_mhfATL60, 41_lag_satlSSTjfm, 33_lag_alpi, 31_lag_shSICmar, 43_lag_amoSSTmjjaso, 42_lag_nhSICsep_2535_29"
LinearRegression,35,10,mhfATL30,shigh,901.5,2005.5,0.8,50,30,30,14.146665731783393,-0.07143594037248076,2535,"['42_lag_AMOCann', '44_lag_traIT', '30_lag_41_median_alpi', '43_lag_neurTSjfm', '45_lag_ormenSSTjfm', '36_lag_traDP', '43_lag_amoSSTmjjaso', '33_lag_eapPSLjfm', '42_lag_mhfATL60', '42_lag_nhSICsep']","[0.1423297347570655, 0.03502976026219248, 0.019140226110766018, 0.0388802397761461, 0.016782224734619683, 0.06199011813087295, 0.004454777673412307, 0.057896444368487045, 0.1526329349387384, 0.13825386327572256]","42_lag_AMOCann, 44_lag_traIT, 30_lag_41_median_alpi, 43_lag_neurTSjfm, 45_lag_ormenSSTjfm, 36_lag_traDP, 43_lag_amoSSTmjjaso, 33_lag_eapPSLjfm, 42_lag_mhfATL60, 42_lag_nhSICsep_2535_30"
LinearRegression,36,10,mhfATL30,shigh,902.5,2005.5,0.8,51,31,31,12.703411950826286,-0.0002687898175108899,2535,"['31_lag_amoSSTmjjaso', '38_lag_AMOCann', '44_lag_traIT', '33_lag_eapPSLjfm', '44_lag_satlSSTjfm', '39_lag_nhSICjfm', '42_lag_shSICsep', '31_lag_shSICmar', '42_lag_nhSICsep', '43_lag_amoSSTmjjaso']","[0.03561684272090491, 0.11670029473991035, 0.0488830676835199, 0.062468561420606625, 0.055679770878942575, 0.027372842880502395, 0.12491539301996465, 0.06515082688775722, 0.09091705233267475, 0.047858412484014866]","31_lag_amoSSTmjjaso, 38_lag_AMOCann, 44_lag_traIT, 33_lag_eapPSLjfm, 44_lag_satlSSTjfm, 39_lag_nhSICjfm, 42_lag_shSICsep, 31_lag_shSICmar, 42_lag_nhSICsep, 43_lag_amoSSTmjjaso_2535_31"
LinearRegression,37,10,mhfATL30,shigh,903.5,2005.5,0.8,52,32,35,14.063328640172848,-0.21539277101175314,2535,"['38_lag_amo1', '38_lag_AMOCann', '44_lag_satlSSTjfm', '45_lag_cetTSjfm', '46_lag_neurTSjfm', '43_lag_amoSSTmjjaso', '35_lag_stratZ50ndj03', '44_lag_traIT', '39_lag_nhSICjfm', '42_lag_mhfATL60']","[0.094872020866857, 0.09305365579347108, 0.06966749144407489, 0.04635147564725972, 0.03399929516930048, 0.019850417258959592, 0.00848689908831696, 0.031364715403990856, 0.08637211285524188, 0.1824529811057907]","38_lag_amo1, 38_lag_AMOCann, 44_lag_satlSSTjfm, 45_lag_cetTSjfm, 46_lag_neurTSjfm, 43_lag_amoSSTmjjaso, 35_lag_stratZ50ndj03, 44_lag_traIT, 39_lag_nhSICjfm, 42_lag_mhfATL60_2535_35"
LinearRegression,38,10,mhfATL30,shigh,904.5,2005.5,0.8,53,33,33,13.648501195885947,-0.18163939649255958,2535,"['42_lag_mhfATL60', '45_lag_wnorPRjfm', '33_lag_pdoSSTjfm', '45_lag_arcTSjfm', '46_lag_mhfATL30', '44_lag_traIT', '35_lag_stratZ50ndj04', '42_lag_nppc2SSTjfm', '39_lag_nhSICjfm', '33_lag_38_median_alpi']","[0.19333962555749562, 0.02726359376319868, 0.026133863287621156, 0.02893056054271492, 0.03444559560615659, 0.0499745952028345, 0.012983868470897858, 0.1010432430766598, 0.06179927819625979, 0.021920368494406824]","42_lag_mhfATL60, 45_lag_wnorPRjfm, 33_lag_pdoSSTjfm, 45_lag_arcTSjfm, 46_lag_mhfATL30, 44_lag_traIT, 35_lag_stratZ50ndj04, 42_lag_nppc2SSTjfm, 39_lag_nhSICjfm, 33_lag_38_median_alpi_2535_33"
LinearRegression,39,10,mhfATL30,shigh,905.5,2005.5,0.8,54,34,34,13.265777598522712,-0.18057639402311898,2535,"['34_lag_37_median_stratZ50ndj03', '34_lag_37_median_mhfIP30', '48_lag_traFSC', '43_lag_amoSSTmjjaso', '44_lag_stratZ50ndj04', '45_lag_traFB', '46_lag_traEC', '45_lag_wnorPRjfm', '44_lag_traIT', '39_lag_nhSICjfm']","[0.05151065768937837, 0.08705261017772666, 0.058329952787057576, 0.0007584672647083703, 0.0635129818947639, 0.11311371363447098, 0.0362555226991922, 0.02366126083425189, 0.03638654954202728, 0.034780654411903464]","34_lag_37_median_stratZ50ndj03, 34_lag_37_median_mhfIP30, 48_lag_traFSC, 43_lag_amoSSTmjjaso, 44_lag_stratZ50ndj04, 45_lag_traFB, 46_lag_traEC, 45_lag_wnorPRjfm, 44_lag_traIT, 39_lag_nhSICjfm_2535_34"
LinearRegression,40,10,mhfATL30,shigh,906.5,2005.5,0.8,55,35,35,13.947535438666538,-0.3255179615124313,2535,"['42_lag_AMOCann', '48_lag_nchinaPRjja', '51_lag_arcTSjfm', '46_lag_seurTSjfm', '48_lag_satlSSTjfm', '38_lag_amo1', '35_lag_traDP', '53_lag_nhSICsep', '42_lag_ismPRjja', '39_lag_nhSICjfm']","[0.19954276907329482, 0.04584522364274496, 0.004918156669315313, 0.0076395166514818, 0.04085956587346654, 0.09821813236522989, 0.00741619736679644, 0.07134604146875004, 0.08234936014584128, 0.054628529109431403]","42_lag_AMOCann, 48_lag_nchinaPRjja, 51_lag_arcTSjfm, 46_lag_seurTSjfm, 48_lag_satlSSTjfm, 38_lag_amo1, 35_lag_traDP, 53_lag_nhSICsep, 42_lag_ismPRjja, 39_lag_nhSICjfm_2535_35"
LinearRegression,41,10,mhfATL30,shigh,907.5,2005.5,0.8,56,36,36,13.147805203793194,-0.1465219057017721,2535,"['36_lag_traWP', '45_lag_wnorPRjfm', '46_lag_mhfATL30', '44_lag_traIT', '49_lag_labSSTjfm', '53_lag_nhSICsep', '43_lag_amoSSTmjjaso', '42_lag_ismPRjja', '43_lag_traIT', '48_lag_satlSSTjfm']","[0.044082481013971095, 0.02965549767763878, 0.04731438673877166, 0.039418843092402026, 0.05196456469095509, 0.10766573542077817, 0.01273553357109426, 0.09163982802510516, 2.8125591536920513e-05, 0.05554721775572588]","36_lag_traWP, 45_lag_wnorPRjfm, 46_lag_mhfATL30, 44_lag_traIT, 49_lag_labSSTjfm, 53_lag_nhSICsep, 43_lag_amoSSTmjjaso, 42_lag_ismPRjja, 43_lag_traIT, 48_lag_satlSSTjfm_2535_36"
LinearRegression,42,10,mhfATL30,shigh,908.5,2005.5,0.8,57,37,42,13.179799083573867,-0.20977858773975408,2535,"['54_lag_naoPSLjfm', '42_lag_ismPRjja', '44_lag_yrvPRjja', '43_lag_traIT', '46_lag_mhfATL30', '47_lag_scpPSLjfm', '43_lag_amoSSTmjjaso', '53_lag_nhSICsep', '45_lag_ormenSSTjfm', '48_lag_satlSSTjfm']","[0.014543450006248067, 0.08930782748171195, 0.04329589319979211, 0.012576433406309836, 0.0655101756418371, 0.015902931998135122, 0.027014936568676175, 0.09793302667671974, 0.023041432439564122, 0.07297367782776265]","54_lag_naoPSLjfm, 42_lag_ismPRjja, 44_lag_yrvPRjja, 43_lag_traIT, 46_lag_mhfATL30, 47_lag_scpPSLjfm, 43_lag_amoSSTmjjaso, 53_lag_nhSICsep, 45_lag_ormenSSTjfm, 48_lag_satlSSTjfm_2535_42"
LinearRegression,43,10,mhfATL30,shigh,909.5,2005.5,0.8,58,38,38,12.693678881154293,-0.1875098257045612,2535,"['54_lag_traDP', '54_lag_naoPSLjfm', '48_lag_tripol3', '38_lag_41_median_eapPSLjfm', '48_lag_traBS', '43_lag_shSICsep', '38_lag_41_median_traMC', '42_lag_ismPRjja', '48_lag_satlSSTjfm', '38_lag_nhSICsep']","[0.10837249911241949, 0.010345909326232819, 0.015288744784213524, 0.049701209791912115, 0.017244614267375565, 0.10020614460500603, 0.03566583524378901, 0.09063047504863134, 0.02914645165690227, 0.13751650515159267]","54_lag_traDP, 54_lag_naoPSLjfm, 48_lag_tripol3, 38_lag_41_median_eapPSLjfm, 48_lag_traBS, 43_lag_shSICsep, 38_lag_41_median_traMC, 42_lag_ismPRjja, 48_lag_satlSSTjfm, 38_lag_nhSICsep_2535_38"
LinearRegression,44,10,mhfATL30,shigh,910.5,2005.5,0.8,59,39,39,12.755305402127863,-0.1463504587764343,2535,"['51_lag_arcTSjfm', '48_lag_tripol3', '43_lag_ismPRjja', '39_lag_44_median_pdoSSTjfm', '54_lag_naoPSLjfm', '44_lag_amo3', '43_lag_nppc3SSTjfm', '48_lag_satlSSTjfm', '42_lag_ismPRjja', '39_lag_stratZ50ndj02']","[0.008610140405384048, 0.05690591228744182, 0.0640736091175023, 0.008109306323568063, 0.0061706016774287446, 0.035266415552443614, 0.017378247266064566, 0.07626922719656844, 0.08508621284495994, 0.049768134678772474]","51_lag_arcTSjfm, 48_lag_tripol3, 43_lag_ismPRjja, 39_lag_44_median_pdoSSTjfm, 54_lag_naoPSLjfm, 44_lag_amo3, 43_lag_nppc3SSTjfm, 48_lag_satlSSTjfm, 42_lag_ismPRjja, 39_lag_stratZ50ndj02_2535_39"
LinearRegression,45,10,mhfATL30,shigh,911.5,2005.5,0.8,60,40,43,13.21723988337432,-0.09921686468192382,2535,"['43_lag_nppc3SSTjfm', '47_lag_atlSICsep', '57_lag_ismPRjja', '44_lag_stratZ50ndj04', '45_lag_wnorPRjfm', '43_lag_ormenSSTjfm', '44_lag_mhfATL30', '43_lag_amo2', '48_lag_satlSSTjfm', '45_lag_cetTSjfm']","[0.00020074503526987982, 0.03126570676105374, 0.07492010921301745, 0.044728580461400824, 0.111505148694361, 0.043697399081872465, 0.08972379098273875, 0.06846163782435087, 0.06509769226978135, 0.13026764468022153]","43_lag_nppc3SSTjfm, 47_lag_atlSICsep, 57_lag_ismPRjja, 44_lag_stratZ50ndj04, 45_lag_wnorPRjfm, 43_lag_ormenSSTjfm, 44_lag_mhfATL30, 43_lag_amo2, 48_lag_satlSSTjfm, 45_lag_cetTSjfm_2535_43"
LinearRegression,46,10,mhfATL30,shigh,912.5,2005.5,0.8,61,41,41,12.872140895099907,-0.0042998776098111,2535,"['41_lag_45_median_ismPRjja', '49_lag_labSSTjfm', '43_lag_traIT', '60_lag_gyreSSTjfm', '44_lag_satlSSTjfm', '45_lag_wnorPRjfm', '41_lag_44_median_nchinaPRjja', '45_lag_cetTSjfm', '44_lag_yrvPRjja', '41_lag_46_median_atlSICsep']","[0.1675213904666064, 0.020348666352089418, 0.0015683710471483207, 0.06211458056202596, 0.10735464195830398, 0.11196803281246738, 0.07162710162281004, 0.13944046963561704, 0.06923893540630091, 0.026326371146141274]","41_lag_45_median_ismPRjja, 49_lag_labSSTjfm, 43_lag_traIT, 60_lag_gyreSSTjfm, 44_lag_satlSSTjfm, 45_lag_wnorPRjfm, 41_lag_44_median_nchinaPRjja, 45_lag_cetTSjfm, 44_lag_yrvPRjja, 41_lag_46_median_atlSICsep_2535_41"
LinearRegression,47,10,mhfATL30,shigh,913.5,2005.5,0.8,62,42,42,12.848883702073596,-0.17410723067708486,2535,"['56_lag_neurTSjfm', '61_lag_traIT', '53_lag_nhSICsep', '45_lag_wnorPRjfm', '57_lag_satlSSTjfm', '61_lag_wnorPRjfm', '51_lag_nhSICsep', '42_lag_45_median_arcTSjfm', '42_lag_ismPRjja', '61_lag_traDP']","[0.013001307780061075, 0.017877597063868243, 0.020695708698597916, 0.020587096482548757, 0.11389292421136911, 0.03095998267103555, 0.13263599626867809, 0.015498238232994933, 0.0879649776591543, 0.1193993654160192]","56_lag_neurTSjfm, 61_lag_traIT, 53_lag_nhSICsep, 45_lag_wnorPRjfm, 57_lag_satlSSTjfm, 61_lag_wnorPRjfm, 51_lag_nhSICsep, 42_lag_45_median_arcTSjfm, 42_lag_ismPRjja, 61_lag_traDP_2535_42"
LinearRegression,48,10,mhfATL30,shigh,914.5,2005.5,0.8,63,43,51,13.517849674213466,-0.10884059905785123,2535,"['53_lag_traFSC', '53_lag_tripol3', '61_lag_traTLS', '58_lag_seurTSjfm', '51_lag_nhSICsep', '61_lag_traIT', '57_lag_ismPRjja', '61_lag_traDP', '61_lag_labSSTjfm', '54_lag_naoPSLjfm']","[0.03867574834810473, 0.06631304762975693, 0.14663681129222675, 0.02500047192166647, 0.13738115011936547, 0.11672826924596516, 0.07127831306453904, 0.0909774923437999, 0.08130700000099891, 0.004663608023357017]","53_lag_traFSC, 53_lag_tripol3, 61_lag_traTLS, 58_lag_seurTSjfm, 51_lag_nhSICsep, 61_lag_traIT, 57_lag_ismPRjja, 61_lag_traDP, 61_lag_labSSTjfm, 54_lag_naoPSLjfm_2535_51"
LinearRegression,49,10,mhfATL30,shigh,915.5,2005.5,0.8,64,44,44,12.95404045974257,0.08549084767198888,2535,"['44_lag_ginwSSTjfm', '57_lag_gyreSSTjfm', '62_lag_amo1', '62_lag_stratZ50ndj01', '54_lag_naoPSLjfm', '53_lag_mhfATL30', '59_lag_stratZ50ndj04', '51_lag_ismPRjja', '55_lag_nppc3SSTjfm', '58_lag_nhSICjfm']","[0.0028147917280820166, 0.08643792597739126, 0.14859650974082447, 0.0583676185700235, 0.0006155504668918996, 0.04144506735113779, 0.044874066533961324, 0.036959546751196934, 0.10898215011683181, 0.036587665102976084]","44_lag_ginwSSTjfm, 57_lag_gyreSSTjfm, 62_lag_amo1, 62_lag_stratZ50ndj01, 54_lag_naoPSLjfm, 53_lag_mhfATL30, 59_lag_stratZ50ndj04, 51_lag_ismPRjja, 55_lag_nppc3SSTjfm, 58_lag_nhSICjfm_2535_44"
LinearRegression,50,10,mhfATL30,shigh,916.5,2005.5,0.8,65,45,45,13.244736866557743,-0.0735023096703972,2535,"['56_lag_ormenSSTjfm', '51_lag_nhSICsep', '45_lag_tripol3', '62_lag_nhSICsep', '53_lag_mhfATL60', '56_lag_atlSICjfm', '45_lag_50_median_eapPSLjfm', '45_lag_mhfATL45', '58_lag_nhSICjfm', '54_lag_naoPSLjfm']","[0.035532186859431, 0.18440015190463538, 0.05377371799221742, 0.025122709246841266, 0.05404629167452457, 0.09154497562158068, 0.11773842255083584, 0.04079582011726851, 0.024484952942044835, 0.002009475462778804]","56_lag_ormenSSTjfm, 51_lag_nhSICsep, 45_lag_tripol3, 62_lag_nhSICsep, 53_lag_mhfATL60, 56_lag_atlSICjfm, 45_lag_50_median_eapPSLjfm, 45_lag_mhfATL45, 58_lag_nhSICjfm, 54_lag_naoPSLjfm_2535_45"
LinearRegression,51,10,mhfATL30,shigh,917.5,2005.5,0.8,66,46,46,13.096579270805442,0.030514171929321637,2535,"['46_lag_51_median_traIT', '55_lag_AMOCann', '56_lag_ormenSSTjfm', '46_lag_53_median_traIFC', '46_lag_50_median_eapPSLjfm', '46_lag_49_median_traIFC', '64_lag_traWP', '65_lag_nhSICjfm', '62_lag_nhSICsep', '62_lag_stratZ50ndj04']","[0.03521651038936094, 0.0820111128364383, 0.013803678461467888, 0.07277973234763459, 0.07643320862410927, 0.04978018830469817, 0.14176700269827874, 0.0248682504401741, 0.008135773322126977, 0.14313808476114906]","46_lag_51_median_traIT, 55_lag_AMOCann, 56_lag_ormenSSTjfm, 46_lag_53_median_traIFC, 46_lag_50_median_eapPSLjfm, 46_lag_49_median_traIFC, 64_lag_traWP, 65_lag_nhSICjfm, 62_lag_nhSICsep, 62_lag_stratZ50ndj04_2535_46"
LinearRegression,52,10,mhfATL30,shigh,918.5,2005.5,0.8,67,47,47,12.625668343845168,0.035353323739994794,2535,"['62_lag_nhSICsep', '59_lag_mhfATL60', '47_lag_52_median_tripol2', '56_lag_AMOCann', '57_lag_ismPRjja', '47_lag_52_median_traFSC', '62_lag_satlSSTjfm', '65_lag_ormenSSTjfm', '66_lag_traDP', '47_lag_50_median_eurPSLjfm']","[0.0028663515748001203, 0.05246192396085099, 0.06074637394748106, 0.07142167893089302, 0.07631040221748159, 0.04040633538366957, 0.10126433572982116, 0.03046974702071227, 0.11175288080707878, 0.12168432659495557]","62_lag_nhSICsep, 59_lag_mhfATL60, 47_lag_52_median_tripol2, 56_lag_AMOCann, 57_lag_ismPRjja, 47_lag_52_median_traFSC, 62_lag_satlSSTjfm, 65_lag_ormenSSTjfm, 66_lag_traDP, 47_lag_50_median_eurPSLjfm_2535_47"
LinearRegression,53,10,mhfATL30,shigh,919.5,2005.5,0.8,68,48,54,12.644609946259827,0.0673369937942526,2535,"['57_lag_ismPRjja', '54_lag_naoPSLjfm', '61_lag_traDP', '67_lag_tripol3', '65_lag_ormenSSTjfm', '67_lag_amo3', '55_lag_AMOCann', '62_lag_stratZ50ndj04', '67_lag_shSICsep', '62_lag_nhSICsep']","[0.08150651528940284, 0.008039953074934042, 0.06981082827375634, 0.01632146045957489, 0.003941011022021808, 0.08877506717424645, 0.07909596659740024, 0.17124034085984033, 0.03381825983869538, 0.00020788514080948917]","57_lag_ismPRjja, 54_lag_naoPSLjfm, 61_lag_traDP, 67_lag_tripol3, 65_lag_ormenSSTjfm, 67_lag_amo3, 55_lag_AMOCann, 62_lag_stratZ50ndj04, 67_lag_shSICsep, 62_lag_nhSICsep_2535_54"
LinearRegression,54,10,mhfATL30,shigh,920.5,2005.5,0.8,69,49,49,13.802919246133465,-0.08645916378685169,2535,"['55_lag_AMOCann', '61_lag_nppc2SSTjfm', '62_lag_stratZ50ndj04', '68_lag_traIT', '49_lag_52_median_neurTSjfm', '68_lag_nppc3SSTjfm', '61_lag_atlSICjfm', '68_lag_satlSSTjfm', '67_lag_tripol3', '62_lag_stratZ50ndj01']","[0.050467981310263615, 0.024100560771037546, 0.12814979101532864, 0.13681501679441163, 0.04130193844158112, 0.024052627295222596, 0.12779380723905598, 0.05521510691902467, 0.06187564813299798, 0.03200757605265735]","55_lag_AMOCann, 61_lag_nppc2SSTjfm, 62_lag_stratZ50ndj04, 68_lag_traIT, 49_lag_52_median_neurTSjfm, 68_lag_nppc3SSTjfm, 61_lag_atlSICjfm, 68_lag_satlSSTjfm, 67_lag_tripol3, 62_lag_stratZ50ndj01_2535_49"
LinearRegression,55,10,mhfATL30,shigh,921.5,2005.5,0.8,70,50,50,13.34789959782629,-0.25123688759914603,2535,"['68_lag_traIT', '57_lag_stratZ50ndj03', '68_lag_satlSSTjfm', '50_lag_53_median_stratZ50ndj01', '50_lag_57_median_samPSLann', '61_lag_nppc2SSTjfm', '53_lag_traMC', '50_lag_53_median_gyreSSTjfm', '62_lag_stratZ50ndj01', '68_lag_nppc3SSTjfm']","[0.12996102628021672, 0.0033346048680329733, 0.08539689364864064, 0.040550566545008826, 0.1186606411036383, 0.06461012667082007, 0.04607490513147688, 0.0833943760017257, 0.044826211496181795, 0.030983575948601808]","68_lag_traIT, 57_lag_stratZ50ndj03, 68_lag_satlSSTjfm, 50_lag_53_median_stratZ50ndj01, 50_lag_57_median_samPSLann, 61_lag_nppc2SSTjfm, 53_lag_traMC, 50_lag_53_median_gyreSSTjfm, 62_lag_stratZ50ndj01, 68_lag_nppc3SSTjfm_2535_50"
LinearRegression,56,10,mhfATL30,shigh,922.5,2005.5,0.8,71,51,51,13.104477471222292,-0.1035803331240124,2535,"['56_lag_wnorPRjfm', '62_lag_stratZ50ndj01', '57_lag_cetTSjfm', '61_lag_nppc2SSTjfm', '53_lag_amo1', '59_lag_mhfATL45', '51_lag_57_median_traEU', '51_lag_54_median_traTLS', '57_lag_amo2', '69_lag_tripol3']","[0.017365456890779177, 0.05148495968927104, 0.01717747748027236, 0.044007196294650615, 0.08797612832144053, 0.0787041129608888, 0.0432077690503215, 0.021086897900667367, 0.11803065626779607, 0.10068883488035518]","56_lag_wnorPRjfm, 62_lag_stratZ50ndj01, 57_lag_cetTSjfm, 61_lag_nppc2SSTjfm, 53_lag_amo1, 59_lag_mhfATL45, 51_lag_57_median_traEU, 51_lag_54_median_traTLS, 57_lag_amo2, 69_lag_tripol3_2535_51"
LinearRegression,57,10,mhfATL30,shigh,923.5,2005.5,0.8,72,52,52,13.085466402637485,0.13222503125061166,2535,"['62_lag_stratZ50ndj01', '66_lag_ginwSSTjfm', '64_lag_pdoSSTjfm', '52_lag_55_median_ismPRjja', '69_lag_tripol3', '65_lag_ormenSSTjfm', '62_lag_stratZ50ndj04', '57_lag_amo2', '65_lag_traMC', '69_lag_satlSSTjfm']","[0.04708342045506605, 0.10151891553503536, 0.05074362693462532, 0.09841228889512002, 0.10997405549180359, 0.0408875215427069, 0.07363966895458311, 0.1602973193865469, 0.02315581245414991, 0.008223174373363756]","62_lag_stratZ50ndj01, 66_lag_ginwSSTjfm, 64_lag_pdoSSTjfm, 52_lag_55_median_ismPRjja, 69_lag_tripol3, 65_lag_ormenSSTjfm, 62_lag_stratZ50ndj04, 57_lag_amo2, 65_lag_traMC, 69_lag_satlSSTjfm_2535_52"
LinearRegression,58,10,mhfATL30,shigh,924.5,2005.5,0.8,73,53,53,12.867325304947588,0.08864556572363132,2535,"['66_lag_ginwSSTjfm', '69_lag_satlSSTjfm', '62_lag_stratZ50ndj01', '62_lag_stratZ50ndj04', '62_lag_satlSSTjfm', '53_lag_eapPSLjfm', '53_lag_traMC', '57_lag_amo2', '53_lag_amo1', '60_lag_cetTSjfm']","[0.10577867472604792, 0.014708533504502394, 0.04747313396852526, 0.08367205127068694, 0.028273140665084653, 0.02668191275350404, 0.04276873262789484, 0.13579794467303857, 0.08236798082170481, 0.04121810500488041]","66_lag_ginwSSTjfm, 69_lag_satlSSTjfm, 62_lag_stratZ50ndj01, 62_lag_stratZ50ndj04, 62_lag_satlSSTjfm, 53_lag_eapPSLjfm, 53_lag_traMC, 57_lag_amo2, 53_lag_amo1, 60_lag_cetTSjfm_2535_53"
LinearRegression,59,10,mhfATL30,shigh,925.5,2005.5,0.8,74,54,54,12.293752258523325,0.035088603955413064,2535,"['54_lag_shSICsep', '69_lag_satlSSTjfm', '58_lag_shSICmar', '54_lag_59_median_scpPSLjfm', '70_lag_traEC', '68_lag_nppc3SSTjfm', '60_lag_cetTSjfm', '73_lag_traMC', '62_lag_satlSSTjfm', '54_lag_57_median_traFS']","[0.10667903551271615, 0.04623495112726645, 0.06464629549935501, 0.04691289010820004, 0.060291590371572605, 0.03081042815370742, 0.04040184618004417, 0.00926516257921647, 0.08291056023291664, 0.05847608793173185]","54_lag_shSICsep, 69_lag_satlSSTjfm, 58_lag_shSICmar, 54_lag_59_median_scpPSLjfm, 70_lag_traEC, 68_lag_nppc3SSTjfm, 60_lag_cetTSjfm, 73_lag_traMC, 62_lag_satlSSTjfm, 54_lag_57_median_traFS_2535_54"
LinearRegression,60,10,mhfATL30,shigh,926.5,2005.5,0.8,75,55,55,12.780796215292517,-0.04744872646590146,2535,"['55_lag_58_median_stratZ50ndj03', '73_lag_traIT', '74_lag_labSSTjfm', '68_lag_nppc3SSTjfm', '67_lag_nhSICsep', '73_lag_traMC', '62_lag_nhSICsep', '65_lag_AMOCann', '70_lag_traEC', '62_lag_satlSSTjfm']","[0.05713626139097641, 0.062056485714161426, 0.06144572762473377, 0.03665072162035756, 0.001688355955695161, 0.04487983817178351, 0.02773400471583636, 0.0008210450093675235, 0.05584420767548352, 0.09648151955668502]","55_lag_58_median_stratZ50ndj03, 73_lag_traIT, 74_lag_labSSTjfm, 68_lag_nppc3SSTjfm, 67_lag_nhSICsep, 73_lag_traMC, 62_lag_nhSICsep, 65_lag_AMOCann, 70_lag_traEC, 62_lag_satlSSTjfm_2535_55"
LinearRegression,61,10,mhfATL30,shigh,927.5,2005.5,0.8,76,56,56,13.846959503615425,-0.2055148364449106,2535,"['56_lag_63_median_scpPSLjfm', '69_lag_traWP', '69_lag_amo2', '68_lag_traIT', '70_lag_traEC', '74_lag_labSSTjfm', '73_lag_traMC', '56_lag_wnorPRjfm', '73_lag_traIT', '62_lag_nhSICsep']","[0.18539135139303467, 0.02925926935162331, 0.012634863365940524, 0.14465630644815275, 0.07233252696515327, 0.0647064992369321, 0.04808965717749815, 0.02812479668084822, 0.05704884009503151, 0.016614809176250984]","56_lag_63_median_scpPSLjfm, 69_lag_traWP, 69_lag_amo2, 68_lag_traIT, 70_lag_traEC, 74_lag_labSSTjfm, 73_lag_traMC, 56_lag_wnorPRjfm, 73_lag_traIT, 62_lag_nhSICsep_2535_56"
LinearRegression,62,10,mhfATL30,shigh,928.5,2005.5,0.8,77,57,57,13.821483225566661,-0.13111276784972012,2535,"['65_lag_shSICmar', '57_lag_amo2', '74_lag_atlSICjfm', '68_lag_traIT', '57_lag_60_median_traMC', '62_lag_nhSICsep', '74_lag_labSSTjfm', '62_lag_satlSSTjfm', '57_lag_62_median_ismPRjja', '73_lag_traIT']","[0.044356506224244745, 0.16044410952220317, 0.09787172275205126, 0.11917512419588841, 0.04416249605749166, 0.047019712054739676, 0.029158533992615178, 0.06725270878628159, 0.22422936621730608, 0.03147135313007943]","65_lag_shSICmar, 57_lag_amo2, 74_lag_atlSICjfm, 68_lag_traIT, 57_lag_60_median_traMC, 62_lag_nhSICsep, 74_lag_labSSTjfm, 62_lag_satlSSTjfm, 57_lag_62_median_ismPRjja, 73_lag_traIT_2535_57"
LinearRegression,63,10,mhfATL30,shigh,929.5,2005.5,0.8,78,58,58,13.388120403787234,-0.004290773326975239,2535,"['66_lag_ginwSSTjfm', '58_lag_amo1', '58_lag_71_median_alpi', '63_lag_nhSICjfm', '65_lag_shSICmar', '69_lag_satlSSTjfm', '77_lag_traTLS', '62_lag_nhSICsep', '70_lag_traEC', '68_lag_traIT']","[0.11022106873775997, 0.08377056766953275, 0.04696915440439025, 0.0014043734788976997, 0.02881086066598861, 0.0781974518419567, 0.014294532413617134, 0.005008843661003341, 0.060679678284850894, 0.1405568533457346]","66_lag_ginwSSTjfm, 58_lag_amo1, 58_lag_71_median_alpi, 63_lag_nhSICjfm, 65_lag_shSICmar, 69_lag_satlSSTjfm, 77_lag_traTLS, 62_lag_nhSICsep, 70_lag_traEC, 68_lag_traIT_2535_58"
LinearRegression,64,10,mhfATL30,shigh,930.5,2005.5,0.8,79,59,63,12.698976203212213,0.20782022717874432,2535,"['64_lag_stratZ50ndj01', '77_lag_nhSICjfm', '70_lag_shSICsep', '77_lag_traTLS', '74_lag_atlSICjfm', '65_lag_traFB', '66_lag_nppc3SSTjfm', '63_lag_nhSICsep', '66_lag_ginwSSTjfm', '65_lag_AMOCann']","[0.008966232388719329, 0.043440907573272514, 0.023369812948807252, 0.018037654102067795, 0.08400290129247961, 0.011613058897204216, 0.1199330593422531, 0.009149983524205405, 0.08827436565170657, 0.053922407901069766]","64_lag_stratZ50ndj01, 77_lag_nhSICjfm, 70_lag_shSICsep, 77_lag_traTLS, 74_lag_atlSICjfm, 65_lag_traFB, 66_lag_nppc3SSTjfm, 63_lag_nhSICsep, 66_lag_ginwSSTjfm, 65_lag_AMOCann_2535_63"
LinearRegression,65,10,mhfATL30,shigh,931.5,2005.5,0.8,80,60,65,13.839522784155045,-0.1647110986866308,2535,"['65_lag_traFB', '77_lag_traMC', '79_lag_atlSICjfm', '70_lag_traEU', '73_lag_ormenSSTjfm', '68_lag_nppc3SSTjfm', '65_lag_wnorPRjfm', '76_lag_mhfIP30', '68_lag_traIT', '65_lag_AMOCann']","[0.005700611613899476, 0.0280736616781663, 0.06892796881510184, 0.05339532905950169, 0.08126238687876296, 0.07088614620170257, 0.05865884702794748, 0.030604148732884934, 0.1278743436163188, 0.01790876629019649]","65_lag_traFB, 77_lag_traMC, 79_lag_atlSICjfm, 70_lag_traEU, 73_lag_ormenSSTjfm, 68_lag_nppc3SSTjfm, 65_lag_wnorPRjfm, 76_lag_mhfIP30, 68_lag_traIT, 65_lag_AMOCann_2535_65"
LinearRegression,66,10,mhfATL30,shigh,932.5,2005.5,0.8,81,61,64,13.644663828594975,-0.14721687974652747,2535,"['64_lag_amo3', '66_lag_atlSICjfm', '68_lag_nhSICjfm', '66_lag_nppc3SSTjfm', '80_lag_labSSTjfm', '78_lag_wnorPRjfm', '76_lag_mhfIP30', '68_lag_traIT', '65_lag_AMOCann', '68_lag_nppc3SSTjfm']","[0.04189383562658143, 0.09993556791473661, 0.05511682036248965, 0.07292760273728768, 0.05940064425494264, 0.049693168706996645, 0.043368397709740096, 0.11859553901555628, 0.051002593172165836, 0.038193836729910155]","64_lag_amo3, 66_lag_atlSICjfm, 68_lag_nhSICjfm, 66_lag_nppc3SSTjfm, 80_lag_labSSTjfm, 78_lag_wnorPRjfm, 76_lag_mhfIP30, 68_lag_traIT, 65_lag_AMOCann, 68_lag_nppc3SSTjfm_2535_64"
LinearRegression,67,10,mhfATL30,shigh,933.5,2005.5,0.8,82,62,65,13.07568957259356,-0.11627550533253167,2535,"['78_lag_wnorPRjfm', '80_lag_mhfATL60', '65_lag_AMOCann', '80_lag_labSSTjfm', '76_lag_stratZ50ndj03', '75_lag_nhSICsep', '78_lag_ensoSSTjfm', '76_lag_mhfIP30', '68_lag_nppc3SSTjfm', '71_lag_shSICmar']","[0.042453747595571564, 0.1388219936792005, 0.025639435085444872, 0.07302142005124573, 0.02462714138898872, 0.02962433777476948, 0.036598977088187046, 0.04003647629380824, 0.036471582137520116, 0.04600181793618161]","78_lag_wnorPRjfm, 80_lag_mhfATL60, 65_lag_AMOCann, 80_lag_labSSTjfm, 76_lag_stratZ50ndj03, 75_lag_nhSICsep, 78_lag_ensoSSTjfm, 76_lag_mhfIP30, 68_lag_nppc3SSTjfm, 71_lag_shSICmar_2535_65"
LinearRegression,68,10,mhfATL30,shigh,934.5,2005.5,0.8,83,63,66,12.301841725476704,0.2689938586275415,2535,"['70_lag_traEC', '76_lag_mhfIP30', '66_lag_wnorPRjfm', '73_lag_ormenSSTjfm', '66_lag_ginwSSTjfm', '77_lag_shSICmar', '68_lag_nhSICjfm', '75_lag_nhSICsep', '71_lag_shSICmar', '68_lag_nppc3SSTjfm']","[0.060158095642218135, 0.033517883537788555, 0.01621123190492246, 0.0737962852009539, 0.07315012074669092, 0.025600541071130405, 0.05258113951497433, 0.05390301180670065, 0.053800599769435076, 0.058721294842892714]","70_lag_traEC, 76_lag_mhfIP30, 66_lag_wnorPRjfm, 73_lag_ormenSSTjfm, 66_lag_ginwSSTjfm, 77_lag_shSICmar, 68_lag_nhSICjfm, 75_lag_nhSICsep, 71_lag_shSICmar, 68_lag_nppc3SSTjfm_2535_66"
LinearRegression,69,10,mhfATL30,shigh,935.5,2005.5,0.8,84,64,64,12.735887039415621,0.10582403601334643,2535,"['78_lag_mhfIP30', '82_lag_yrvPRjja', '64_lag_labSSTjfm', '68_lag_nppc3SSTjfm', '64_lag_67_median_samPSLann', '68_lag_nhSICjfm', '80_lag_labSSTjfm', '69_lag_tripol3', '71_lag_shSICmar', '82_lag_traWP']","[0.005376379535343939, 0.023813335558510826, 0.0510588908167613, 0.043082941090443215, 0.08526947111656996, 0.07728401994265237, 0.03141587951992281, 0.13999869321006891, 0.033708585811581024, 0.042927283918304034]","78_lag_mhfIP30, 82_lag_yrvPRjja, 64_lag_labSSTjfm, 68_lag_nppc3SSTjfm, 64_lag_67_median_samPSLann, 68_lag_nhSICjfm, 80_lag_labSSTjfm, 69_lag_tripol3, 71_lag_shSICmar, 82_lag_traWP_2535_64"
LinearRegression,70,10,mhfATL30,shigh,936.5,2005.5,0.8,85,65,65,13.556396262521558,-0.24576086007449963,2535,"['73_lag_mhfIP30', '65_lag_68_median_arcTSjfm', '82_lag_traFB', '65_lag_68_median_amoSSTmjjaso', '84_lag_mhfATL45', '80_lag_labSSTjfm', '78_lag_labSSTjfm', '82_lag_yrvPRjja', '78_lag_cetTSjfm', '82_lag_traWP']","[0.03446465318256059, 0.0029107657768913074, 0.03331863044704789, 0.1313298669455932, 0.07600678805714743, 0.017675561787710806, 0.09235661505046155, 0.022863628718446757, 0.020074229915806277, 0.017332481058935638]","73_lag_mhfIP30, 65_lag_68_median_arcTSjfm, 82_lag_traFB, 65_lag_68_median_amoSSTmjjaso, 84_lag_mhfATL45, 80_lag_labSSTjfm, 78_lag_labSSTjfm, 82_lag_yrvPRjja, 78_lag_cetTSjfm, 82_lag_traWP_2535_65"
LinearRegression,71,10,mhfATL30,shigh,937.5,2005.5,0.8,86,66,66,13.729668870245742,-0.1700498530019921,2535,"['77_lag_traIT', '71_lag_atlSICsep', '66_lag_73_median_alpi', '79_lag_shSICsep', '78_lag_wnorPRjfm', '66_lag_eapPSLjfm', '66_lag_traMC', '78_lag_labSSTjfm', '81_lag_amoSSTmjjaso', '82_lag_yrvPRjja']","[0.0844298076976765, 0.0640011437374555, 0.008470210908007073, 0.03207536445273303, 0.045285049516900905, 0.023915109637159263, 0.006096456334187511, 0.0969682919847899, 0.048382312515428634, 0.023507541046968117]","77_lag_traIT, 71_lag_atlSICsep, 66_lag_73_median_alpi, 79_lag_shSICsep, 78_lag_wnorPRjfm, 66_lag_eapPSLjfm, 66_lag_traMC, 78_lag_labSSTjfm, 81_lag_amoSSTmjjaso, 82_lag_yrvPRjja_2535_66"
LinearRegression,72,10,mhfATL30,shigh,938.5,2005.5,0.8,87,67,67,13.465199784015095,0.08966063521762849,2535,"['82_lag_mhfATL60', '72_lag_amo3', '78_lag_labSSTjfm', '67_lag_atlSICjfm', '84_lag_traIT', '67_lag_73_median_alpi', '85_lag_traDP', '79_lag_shSICsep', '82_lag_yrvPRjja', '81_lag_amoSSTmjjaso']","[0.01501183072192876, 0.03871750069166102, 0.09919635287384626, 0.1323292068279635, 0.06906467028479889, 0.009832979580151821, 0.023500395884414604, 0.033657441437353025, 0.03479701340718636, 0.02236541869493728]","82_lag_mhfATL60, 72_lag_amo3, 78_lag_labSSTjfm, 67_lag_atlSICjfm, 84_lag_traIT, 67_lag_73_median_alpi, 85_lag_traDP, 79_lag_shSICsep, 82_lag_yrvPRjja, 81_lag_amoSSTmjjaso_2535_67"
LinearRegression,73,10,mhfATL30,shigh,939.5,2005.5,0.8,88,68,68,13.660342951904491,-0.21367601053212296,2535,"['80_lag_arcTSjfm', '79_lag_atlSICjfm', '82_lag_mhfATL60', '85_lag_traDP', '68_lag_73_median_wnorPRjfm', '82_lag_traWP', '78_lag_labSSTjfm', '79_lag_shSICsep', '82_lag_traFB', '81_lag_amoSSTmjjaso']","[0.05148495390827639, 0.04423535313530649, 0.002473943433292828, 0.002548905996206408, 0.03156509974921508, 0.052754590419013155, 0.07962962726318527, 0.03756931550803556, 0.03571720263695395, 0.05630149945041386]","80_lag_arcTSjfm, 79_lag_atlSICjfm, 82_lag_mhfATL60, 85_lag_traDP, 68_lag_73_median_wnorPRjfm, 82_lag_traWP, 78_lag_labSSTjfm, 79_lag_shSICsep, 82_lag_traFB, 81_lag_amoSSTmjjaso_2535_68"
LinearRegression,74,10,mhfATL30,shigh,940.5,2005.5,0.8,89,69,69,13.484347703703516,-0.08746041683290713,2535,"['77_lag_traTLS', '72_lag_traCA', '81_lag_traIT', '75_lag_atlSICsep', '87_lag_mhfIP30', '69_lag_74_median_alpi', '81_lag_amoSSTmjjaso', '78_lag_cetTSjfm', '83_lag_mhfATL30', '82_lag_traFB']","[0.041108469712503516, 0.07959797731317726, 0.02984891952266555, 0.026083499235829158, 0.04250284745393771, 0.02983180062273076, 0.05914526703781145, 0.0138453635721653, 0.12117459665342535, 0.06429478109335435]","77_lag_traTLS, 72_lag_traCA, 81_lag_traIT, 75_lag_atlSICsep, 87_lag_mhfIP30, 69_lag_74_median_alpi, 81_lag_amoSSTmjjaso, 78_lag_cetTSjfm, 83_lag_mhfATL30, 82_lag_traFB_2535_69"
LinearRegression,75,10,mhfATL30,shigh,941.5,2005.5,0.8,90,70,70,13.492472125825019,-0.06115916610972395,2535,"['70_lag_74_median_alpi', '70_lag_73_median_traDS', '86_lag_stratZ50ndj01', '75_lag_atlSICsep', '81_lag_amoSSTmjjaso', '70_lag_stratZ50ndj01', '83_lag_mhfATL30', '82_lag_traFB', '70_lag_75_median_traIFC', '89_lag_amo3']","[0.03457508367470676, 0.07127155253898435, 0.09145247675713614, 0.035515575720106995, 0.04149334249381148, 0.02370380648141796, 0.10622674718315894, 0.04004562760534315, 0.11579653588303793, 0.02422072663034147]","70_lag_74_median_alpi, 70_lag_73_median_traDS, 86_lag_stratZ50ndj01, 75_lag_atlSICsep, 81_lag_amoSSTmjjaso, 70_lag_stratZ50ndj01, 83_lag_mhfATL30, 82_lag_traFB, 70_lag_75_median_traIFC, 89_lag_amo3_2535_70"
LinearRegression,76,10,mhfATL30,shigh,942.5,2005.5,0.8,91,71,71,13.05913164403556,0.2457823130436389,2535,"['88_lag_atlSICsep', '88_lag_arcTSjfm', '81_lag_traIT', '85_lag_neurTSjfm', '90_lag_ormenSSTjfm', '84_lag_satlSSTjfm', '71_lag_mhfATL60', '71_lag_76_median_ginwSSTjfm', '81_lag_amoSSTmjjaso', '89_lag_amo3']","[0.0217509782031378, 0.04347559385117454, 0.03551821475247027, 0.02799204885994543, 0.00823238367076327, 0.11454133274395897, 0.0071929670072766565, 0.2603220913486363, 0.07023571815785588, 0.06961479201291229]","88_lag_atlSICsep, 88_lag_arcTSjfm, 81_lag_traIT, 85_lag_neurTSjfm, 90_lag_ormenSSTjfm, 84_lag_satlSSTjfm, 71_lag_mhfATL60, 71_lag_76_median_ginwSSTjfm, 81_lag_amoSSTmjjaso, 89_lag_amo3_2535_71"
LinearRegression,77,10,mhfATL30,shigh,943.5,2005.5,0.8,92,72,81,13.908566485526887,-0.1551872648281213,2535,"['89_lag_amo3', '84_lag_naoPSLjfm', '85_lag_traFS', '87_lag_amo1', '81_lag_satlSSTjfm', '85_lag_neurTSjfm', '81_lag_amoSSTmjjaso', '82_lag_mhfATL60', '88_lag_atlSICsep', '83_lag_traMC']","[0.08490016940803638, 0.023763019677314288, 0.02778789152537855, 0.07394159814757625, 0.012640051389654757, 0.04272174283629134, 0.0838204594492687, 0.05800489229528491, 0.034303186534090556, 0.10660342391991696]","89_lag_amo3, 84_lag_naoPSLjfm, 85_lag_traFS, 87_lag_amo1, 81_lag_satlSSTjfm, 85_lag_neurTSjfm, 81_lag_amoSSTmjjaso, 82_lag_mhfATL60, 88_lag_atlSICsep, 83_lag_traMC_2535_81"
LinearRegression,78,10,mhfATL30,shigh,944.5,2005.5,0.8,93,73,73,13.668646072103241,0.05609024929578569,2535,"['85_lag_neurTSjfm', '89_lag_ginwSSTjfm', '79_lag_ormenSSTjfm', '73_lag_78_median_traIFC', '89_lag_amo3', '79_lag_shSICsep', '82_lag_traFB', '81_lag_satlSSTjfm', '81_lag_traIT', '81_lag_amoSSTmjjaso']","[0.04676421771565903, 0.0044194959019336205, 0.06066968553372094, 0.15822378931204314, 0.03822281216572651, 0.03657395296105246, 0.07031762236455108, 0.0514785008979954, 0.027362389458819462, 0.04377701511141949]","85_lag_neurTSjfm, 89_lag_ginwSSTjfm, 79_lag_ormenSSTjfm, 73_lag_78_median_traIFC, 89_lag_amo3, 79_lag_shSICsep, 82_lag_traFB, 81_lag_satlSSTjfm, 81_lag_traIT, 81_lag_amoSSTmjjaso_2535_73"
LinearRegression,79,10,mhfATL30,shigh,945.5,2005.5,0.8,94,74,74,13.37812338045224,-0.09435748349639932,2535,"['81_lag_satlSSTjfm', '80_lag_traIFC', '92_lag_arcTSjfm', '79_lag_ormenSSTjfm', '77_lag_scpPSLjfm', '83_lag_traMC', '74_lag_traDP', '83_lag_amo1', '81_lag_amoSSTmjjaso', '93_lag_nppc2SSTjfm']","[0.01993440490878421, 0.05289970842628865, 0.0018113539523598187, 0.12243210411448595, 0.03288936192579373, 0.10429907554795678, 0.08472410237692102, 0.011799213744454185, 0.05429364280905717, 0.02736977734076526]","81_lag_satlSSTjfm, 80_lag_traIFC, 92_lag_arcTSjfm, 79_lag_ormenSSTjfm, 77_lag_scpPSLjfm, 83_lag_traMC, 74_lag_traDP, 83_lag_amo1, 81_lag_amoSSTmjjaso, 93_lag_nppc2SSTjfm_2535_74"
LinearRegression,80,10,mhfATL30,shigh,946.5,2005.5,0.8,95,75,75,13.701302002772445,-0.18488831518516247,2535,"['75_lag_80_median_ismPRjja', '91_lag_eapPSLjfm', '84_lag_traFB', '85_lag_traFS', '91_lag_scpPSLjfm', '83_lag_traMC', '93_lag_nppc2SSTjfm', '79_lag_shSICsep', '81_lag_amoSSTmjjaso', '83_lag_amo1']","[0.015677706890327617, 0.011835651937707137, 0.02160352946155797, 0.013479507544697438, 0.0666433884146033, 0.10158496373718953, 0.049729101161580115, 0.00876912749889209, 0.09406052654096374, 0.0028676995835505066]","75_lag_80_median_ismPRjja, 91_lag_eapPSLjfm, 84_lag_traFB, 85_lag_traFS, 91_lag_scpPSLjfm, 83_lag_traMC, 93_lag_nppc2SSTjfm, 79_lag_shSICsep, 81_lag_amoSSTmjjaso, 83_lag_amo1_2535_75"
LinearRegression,81,10,mhfATL30,shigh,947.5,2005.5,0.8,96,76,76,13.33279511021813,-0.1723948317011854,2535,"['90_lag_ormenSSTjfm', '91_lag_labSSTjfm', '79_lag_shSICsep', '81_lag_satlSSTjfm', '91_lag_ginwSSTjfm', '81_lag_seurTSjfm', '76_lag_83_median_atlSICjfm', '81_lag_amoSSTmjjaso', '91_lag_scpPSLjfm', '83_lag_amo1']","[0.00919637367062188, 0.047771181735286085, 0.032877897284381924, 0.034829671939709775, 0.06540678346480616, 0.06854183127043928, 0.13703767842085682, 0.04469223373089175, 0.0810983427563221, 0.013886305273801455]","90_lag_ormenSSTjfm, 91_lag_labSSTjfm, 79_lag_shSICsep, 81_lag_satlSSTjfm, 91_lag_ginwSSTjfm, 81_lag_seurTSjfm, 76_lag_83_median_atlSICjfm, 81_lag_amoSSTmjjaso, 91_lag_scpPSLjfm, 83_lag_amo1_2535_76"
LinearRegression,82,10,mhfATL30,shigh,948.5,2005.5,0.8,97,77,82,12.969414720213297,-0.17796057668771217,2535,"['91_lag_labSSTjfm', '95_lag_traFB', '85_lag_traDP', '88_lag_arcTSjfm', '92_lag_stratZ50ndj01', '85_lag_traFS', '90_lag_ormenSSTjfm', '82_lag_traBS', '91_lag_scpPSLjfm', '83_lag_amo1']","[0.06881112648046782, 0.05587813258223398, 0.03466562315362769, 0.04001829829149824, 0.011747412269505281, 0.012500337752829445, 0.02901734461671518, 0.07634585818874004, 0.07357228737547483, 0.02096004468512601]","91_lag_labSSTjfm, 95_lag_traFB, 85_lag_traDP, 88_lag_arcTSjfm, 92_lag_stratZ50ndj01, 85_lag_traFS, 90_lag_ormenSSTjfm, 82_lag_traBS, 91_lag_scpPSLjfm, 83_lag_amo1_2535_82"
LinearRegression,83,10,mhfATL30,shigh,949.5,2005.5,0.8,98,78,78,13.458751904962797,-0.23146391513742706,2535,"['81_lag_satlSSTjfm', '78_lag_82_median_neurTSjfm', '95_lag_nppc3SSTjfm', '78_lag_neurTSjfm', '89_lag_mhfIP30', '78_lag_labSSTjfm', '81_lag_amoSSTmjjaso', '81_lag_traFB', '91_lag_scpPSLjfm', '83_lag_amo1']","[0.006649575484102744, 0.014854094672106119, 0.010443443594479743, 0.006805937414188433, 0.04969629362641488, 0.07950909187812456, 0.06695634754233838, 0.08249097671961478, 0.06344361943762972, 0.021279976502096357]","81_lag_satlSSTjfm, 78_lag_82_median_neurTSjfm, 95_lag_nppc3SSTjfm, 78_lag_neurTSjfm, 89_lag_mhfIP30, 78_lag_labSSTjfm, 81_lag_amoSSTmjjaso, 81_lag_traFB, 91_lag_scpPSLjfm, 83_lag_amo1_2535_78"
LinearRegression,84,10,mhfATL30,shigh,950.5,2005.5,0.8,99,79,79,12.761827417633537,-0.053308245564499424,2535,"['81_lag_amoSSTmjjaso', '98_lag_traFSC', '98_lag_wnorPRjfm', '79_lag_82_median_seurTSjfm', '81_lag_traFB', '79_lag_shSICmar', '91_lag_scpPSLjfm', '89_lag_mhfIP30', '83_lag_traFSC', '83_lag_amo1']","[0.11262906468476477, 0.08502355103949148, 0.00775031211963703, 0.06396988643644268, 0.1333581453971044, 0.09098130469325191, 0.07179269443367896, 0.062784169728287, 0.05516920211502106, 0.02206736024667677]","81_lag_amoSSTmjjaso, 98_lag_traFSC, 98_lag_wnorPRjfm, 79_lag_82_median_seurTSjfm, 81_lag_traFB, 79_lag_shSICmar, 91_lag_scpPSLjfm, 89_lag_mhfIP30, 83_lag_traFSC, 83_lag_amo1_2535_79"
LinearRegression,85,10,mhfATL30,shigh,951.5,2005.5,0.8,100,80,80,12.785180662603617,0.010629443145080368,2535,"['88_lag_amo1', '80_lag_83_median_eurPSLjfm', '97_lag_samPSLann', '91_lag_tripol3', '94_lag_nchinaPRjja', '94_lag_nhSICsep', '80_lag_85_median_ismPRjja', '95_lag_satlSSTjfm', '80_lag_85_median_mhfATL60', '83_lag_amo1']","[0.009197919415367127, 0.04384662874926684, 0.006311717539273934, 0.02790294812163773, 0.03934771357046652, 0.04842643458097293, 0.04356264181373481, 0.18954484237472202, 0.18957098017528218, 0.03320439623532333]","88_lag_amo1, 80_lag_83_median_eurPSLjfm, 97_lag_samPSLann, 91_lag_tripol3, 94_lag_nchinaPRjja, 94_lag_nhSICsep, 80_lag_85_median_ismPRjja, 95_lag_satlSSTjfm, 80_lag_85_median_mhfATL60, 83_lag_amo1_2535_80"
