model,num_irrelevant,max_allowed_features,target_feature,dataset,year_start,year_end,splitsize,max_lag,init_lag,max_forecast,mae_score,corr_score,n_total_features,selected_feature_list,feature_importances,selected_features
LRforcedPSO,0,30,stratZ50ndj03,picntrl,1714.5,2050.5,0.8,15,5,5,20.780230908855327,0.17893816987763778,1216,"['5_lag_6_median_amo1', '10_lag_neurTSjfm', '5_lag_traWP', '5_lag_11_median_traFSC', '6_lag_shSICmar', '5_lag_8_median_seurTSjfm', '5_lag_6_median_neurTSjfm', '5_lag_14_median_atlSICsep', '8_lag_shSICmar', '14_lag_tripol3', '13_lag_traFB', '5_lag_8_median_traCA', '5_lag_14_median_satlSSTjfm', '8_lag_traFS', '5_lag_12_median_amo1', '5_lag_13_median_nppc3SSTjfm', '5_lag_9_median_stratZ50ndj03', '5_lag_13_median_ensoSSTjfm', '5_lag_14_median_cetTSjfm', '5_lag_12_median_ginwSSTjfm', '14_lag_nhTSjfm', '11_lag_seurTSjfm', '5_lag_8_median_shSICsep', '5_lag_7_median_shTSjfm', '7_lag_tripol3', '13_lag_cetTSjfm', '11_lag_arcTSjfm', '5_lag_10_median_samPSLann', '6_lag_shSICsep', '10_lag_traMC']","[7.638097177365879, 0.23427409374141384, 4.218273773704859, 5.981270317001977, 7.952596373594641, 1.4184201210707634, 5.640759028139877, 1.1432541559405287, 4.04980659238801, 5.923198650139174, 0.05965738805662468, 6.079627845494942, 1.6482387965062362, 1.2599889369903714, 6.0996650259868055, 9.300075973938238, 8.088661158403223, 5.812861444330402, 0.41596158461464405, 0.7796368622868819, 6.055871102978882, 9.253115974792877, 3.579393764867266, 6.550502048607354, 3.132284823496647, 0.09842669313498931, 3.297089945821292, 0.6673563468601156, 3.2358700737037083, 6.177483182426576]","5_lag_6_median_amo1, 10_lag_neurTSjfm, 5_lag_traWP, 5_lag_11_median_traFSC, 6_lag_shSICmar, 5_lag_8_median_seurTSjfm, 5_lag_6_median_neurTSjfm, 5_lag_14_median_atlSICsep, 8_lag_shSICmar, 14_lag_tripol3, 13_lag_traFB, 5_lag_8_median_traCA, 5_lag_14_median_satlSSTjfm, 8_lag_traFS, 5_lag_12_median_amo1, 5_lag_13_median_nppc3SSTjfm, 5_lag_9_median_stratZ50ndj03, 5_lag_13_median_ensoSSTjfm, 5_lag_14_median_cetTSjfm, 5_lag_12_median_ginwSSTjfm, 14_lag_nhTSjfm, 11_lag_seurTSjfm, 5_lag_8_median_shSICsep, 5_lag_7_median_shTSjfm, 7_lag_tripol3, 13_lag_cetTSjfm, 11_lag_arcTSjfm, 5_lag_10_median_samPSLann, 6_lag_shSICsep, 10_lag_traMC_1216_5"
LRforcedPSO,1,30,stratZ50ndj03,picntrl,1715.5,2050.5,0.8,16,6,6,30.031838449621088,-0.14727309448129675,1216,"['6_lag_8_median_alpi', '14_lag_mhfATL45', '6_lag_13_median_mhfATL60', '6_lag_12_median_yrvPRjja', '6_lag_13_median_nppc3SSTjfm', '6_lag_10_median_seurTSjfm', '10_lag_tripol1', '8_lag_naoPSLjfm', '6_lag_10_median_tripol2', '15_lag_amo2', '6_lag_9_median_traDS', '6_lag_10_median_samPSLann', '9_lag_satlSSTjfm', '6_lag_15_median_mhfATL30', '6_lag_10_median_traTLS', '14_lag_atlSICjfm', '6_lag_9_median_samPSLann', '6_lag_10_median_amoSSTmjjaso', '6_lag_7_median_gyreSSTjfm', '7_lag_stratZ50ndj01', '6_lag_14_median_glomaSSTjfm', '6_lag_8_median_traEC', '6_lag_9_median_shTSjfm', '7_lag_amo2', '6_lag_tripol2', '6_lag_8_median_nppc2SSTjfm', '6_lag_14_median_mhfATL45', '9_lag_traEC', '9_lag_ismPRjja', '6_lag_eurPSLjfm']","[2.069879669240118, 7.442880915229713, 4.399758713818271, 5.918435578334197, 5.793144332503242, 4.460363330797648, 9.626273462839489, 0.31061056063277803, 8.677816487565213, 0.6987818337891625, 4.333778573876373, 6.897784970143665, 7.563124959245155, 5.455212014447955, 3.530334318597866, 5.86001380957372, 1.260784974211166, 8.578831897867738, 4.320975662524898, 1.2837759435570355, 2.8490682184506895, 0.1448391975762675, 5.919184609293953, 1.3350154053999912, 6.343758709390874, 6.175638815227664, 5.849288415953753, 5.543207914831965, 7.536858202009002, 0.21904535671389347]","6_lag_8_median_alpi, 14_lag_mhfATL45, 6_lag_13_median_mhfATL60, 6_lag_12_median_yrvPRjja, 6_lag_13_median_nppc3SSTjfm, 6_lag_10_median_seurTSjfm, 10_lag_tripol1, 8_lag_naoPSLjfm, 6_lag_10_median_tripol2, 15_lag_amo2, 6_lag_9_median_traDS, 6_lag_10_median_samPSLann, 9_lag_satlSSTjfm, 6_lag_15_median_mhfATL30, 6_lag_10_median_traTLS, 14_lag_atlSICjfm, 6_lag_9_median_samPSLann, 6_lag_10_median_amoSSTmjjaso, 6_lag_7_median_gyreSSTjfm, 7_lag_stratZ50ndj01, 6_lag_14_median_glomaSSTjfm, 6_lag_8_median_traEC, 6_lag_9_median_shTSjfm, 7_lag_amo2, 6_lag_tripol2, 6_lag_8_median_nppc2SSTjfm, 6_lag_14_median_mhfATL45, 9_lag_traEC, 9_lag_ismPRjja, 6_lag_eurPSLjfm_1216_6"
LRforcedPSO,2,30,stratZ50ndj03,picntrl,1716.5,2050.5,0.8,17,7,7,25.82291336101745,-0.229548444182747,1216,"['8_lag_neurTSjfm', '7_lag_12_median_traWP', '7_lag_15_median_ormenSSTjfm', '16_lag_ginwSSTjfm', '13_lag_naoPSLjfm', '10_lag_traDS', '9_lag_seurTSjfm', '15_lag_samPSLann', '7_lag_10_median_samPSLann', '15_lag_traFB', '7_lag_10_median_glTSjfm', '7_lag_mhfATL60', '11_lag_shSICmar', '7_lag_13_median_traFSC', '7_lag_8_median_traBS', '7_lag_13_median_nchinaPRjja', '7_lag_9_median_gyreSSTjfm', '16_lag_naoPSLjfm', '7_lag_traIT', '9_lag_traWP', '12_lag_nhSICjfm', '14_lag_traIT', '11_lag_traDS', '16_lag_traEU', '7_lag_11_median_mhfATL60', '8_lag_stratZ50ndj04', '16_lag_shSICsep', '7_lag_14_median_tripol1', '7_lag_14_median_traMC', '15_lag_shTSjfm']","[0.6631200533625421, 1.9364132750668048, 2.54439361354982, 2.384957218483839, 3.8908296084651095, 8.760898406656228, 7.459547070923161, 8.111890755511084, 4.2576744424642925, 4.670120651401312, 0.769190113696558, 6.725409213994453, 6.352722358681152, 2.4599890106863214, 1.9526401807440052, 0.7472540535981658, 9.646134565943271, 4.964764851403578, 5.177904121726565, 4.995750384563937, 5.895578058414122, 0.04012073213084122, 6.019271139106731, 5.818173578818573, 2.094699803725475, 3.582416568452061, 0.6831703588826965, 9.618206253555076, 1.241555429339856, 1.678504013316953]","8_lag_neurTSjfm, 7_lag_12_median_traWP, 7_lag_15_median_ormenSSTjfm, 16_lag_ginwSSTjfm, 13_lag_naoPSLjfm, 10_lag_traDS, 9_lag_seurTSjfm, 15_lag_samPSLann, 7_lag_10_median_samPSLann, 15_lag_traFB, 7_lag_10_median_glTSjfm, 7_lag_mhfATL60, 11_lag_shSICmar, 7_lag_13_median_traFSC, 7_lag_8_median_traBS, 7_lag_13_median_nchinaPRjja, 7_lag_9_median_gyreSSTjfm, 16_lag_naoPSLjfm, 7_lag_traIT, 9_lag_traWP, 12_lag_nhSICjfm, 14_lag_traIT, 11_lag_traDS, 16_lag_traEU, 7_lag_11_median_mhfATL60, 8_lag_stratZ50ndj04, 16_lag_shSICsep, 7_lag_14_median_tripol1, 7_lag_14_median_traMC, 15_lag_shTSjfm_1216_7"
LRforcedPSO,3,30,stratZ50ndj03,picntrl,1717.5,2050.5,0.8,18,8,8,22.981053616947207,0.1397051999725651,1216,"['8_lag_15_median_traIT', '8_lag_17_median_shSICsep', '8_lag_11_median_traEC', '17_lag_ismPRjja', '13_lag_mhfATL30', '8_lag_9_median_stratZ50ndj02', '8_lag_AMOCann', '8_lag_17_median_satlSSTjfm', '8_lag_17_median_gyreSSTjfm', '8_lag_shSICmar', '15_lag_nhSICjfm', '9_lag_traBS', '11_lag_traWP', '8_lag_14_median_samPSLann', '8_lag_16_median_traFSC', '8_lag_9_median_satlSSTjfm', '8_lag_17_median_AMOCann', '13_lag_nhTSjfm', '8_lag_17_median_traBS', '8_lag_17_median_stratZ50ndj02', '15_lag_tripol3', '15_lag_scpPSLjfm', '8_lag_traFSC', '8_lag_seurTSjfm', '8_lag_atlSICjfm', '8_lag_glTSjfm', '9_lag_nhSICjfm', '15_lag_tripol1', '8_lag_12_median_neurTSjfm', '9_lag_traIFC']","[3.425770573992896, 2.787523282844111, 1.0706477181755716, 5.294312176960144, 1.3027155174243905, 3.7574715125840186, 8.684453795835818, 9.101987929199575, 1.5669694288412792, 1.3454723192170963, 4.37118489639839, 5.675924535652854, 3.873216495596175, 4.740259957306417, 2.331494607399385, 0.12418767269164377, 0.25163921507323117, 5.249431661924575, 4.672975242983563, 4.000589917430957, 0.40107328375255946, 0.562834866360113, 3.3574595172930533, 5.599719170136286, 0.6478112477457891, 6.193576047185683, 4.123931942535288, 2.5745280349564297, 3.437460988831658, 3.120150490422726]","8_lag_15_median_traIT, 8_lag_17_median_shSICsep, 8_lag_11_median_traEC, 17_lag_ismPRjja, 13_lag_mhfATL30, 8_lag_9_median_stratZ50ndj02, 8_lag_AMOCann, 8_lag_17_median_satlSSTjfm, 8_lag_17_median_gyreSSTjfm, 8_lag_shSICmar, 15_lag_nhSICjfm, 9_lag_traBS, 11_lag_traWP, 8_lag_14_median_samPSLann, 8_lag_16_median_traFSC, 8_lag_9_median_satlSSTjfm, 8_lag_17_median_AMOCann, 13_lag_nhTSjfm, 8_lag_17_median_traBS, 8_lag_17_median_stratZ50ndj02, 15_lag_tripol3, 15_lag_scpPSLjfm, 8_lag_traFSC, 8_lag_seurTSjfm, 8_lag_atlSICjfm, 8_lag_glTSjfm, 9_lag_nhSICjfm, 15_lag_tripol1, 8_lag_12_median_neurTSjfm, 9_lag_traIFC_1216_8"
LRforcedPSO,4,30,stratZ50ndj03,picntrl,1718.5,2050.5,0.8,19,9,9,23.42030246681105,-0.10589278741668735,1216,"['9_lag_13_median_glomaSSTjfm', '9_lag_17_median_nhSICsep', '13_lag_traFS', '15_lag_amo3', '9_lag_13_median_mhfIP30', '9_lag_15_median_traFS', '15_lag_shSICmar', '9_lag_12_median_ensoSSTjfm', '18_lag_ginwSSTjfm', '13_lag_stratZ50ndj04', '14_lag_traIT', '9_lag_11_median_amoSSTmjjaso', '9_lag_10_median_wnorPRjfm', '17_lag_amo3', '9_lag_17_median_nppc3SSTjfm', '9_lag_12_median_traTLS', '18_lag_mhfATL30', '9_lag_18_median_tripol3', '9_lag_14_median_traIFC', '17_lag_satlSSTjfm', '15_lag_tripol1', '17_lag_glomaSSTjfm', '9_lag_15_median_atlSICjfm', '9_lag_17_median_nchinaPRjja', '14_lag_seurTSjfm', '17_lag_amoSSTmjjaso', '17_lag_mhfATL45', '11_lag_gyreSSTjfm', '9_lag_11_median_nhSICjfm', '9_lag_18_median_traMC']","[9.896215126504806, 7.254391528428381, 0.25214506628049627, 4.862716915964449, 0.696889653626215, 0.7457504710520073, 7.708369317464914, 5.285330250132385, 1.0158935999263523, 0.7349828725845633, 6.95542968552321, 1.5091437130523406, 4.532132176599619, 0.36934557401813883, 8.128451059776854, 3.6533565444865124, 6.860011030401843, 2.5587449600112855, 6.2609681453963795, 2.487948095334378, 1.7492734634208258, 9.993503593895445, 2.625738431219773, 0.041068447699302624, 0.997897755888653, 1.5419310897057592, 4.650140343484967, 2.2921473310965155, 2.228112980186234, 9.718308139305396]","9_lag_13_median_glomaSSTjfm, 9_lag_17_median_nhSICsep, 13_lag_traFS, 15_lag_amo3, 9_lag_13_median_mhfIP30, 9_lag_15_median_traFS, 15_lag_shSICmar, 9_lag_12_median_ensoSSTjfm, 18_lag_ginwSSTjfm, 13_lag_stratZ50ndj04, 14_lag_traIT, 9_lag_11_median_amoSSTmjjaso, 9_lag_10_median_wnorPRjfm, 17_lag_amo3, 9_lag_17_median_nppc3SSTjfm, 9_lag_12_median_traTLS, 18_lag_mhfATL30, 9_lag_18_median_tripol3, 9_lag_14_median_traIFC, 17_lag_satlSSTjfm, 15_lag_tripol1, 17_lag_glomaSSTjfm, 9_lag_15_median_atlSICjfm, 9_lag_17_median_nchinaPRjja, 14_lag_seurTSjfm, 17_lag_amoSSTmjjaso, 17_lag_mhfATL45, 11_lag_gyreSSTjfm, 9_lag_11_median_nhSICjfm, 9_lag_18_median_traMC_1216_9"
LRforcedPSO,5,30,stratZ50ndj03,picntrl,1719.5,2050.5,0.8,20,10,10,21.290900434432274,0.0013308801315092189,1216,"['19_lag_labSSTjfm', '14_lag_mhfATL30', '10_lag_14_median_nchinaPRjja', '13_lag_stratZ50ndj02', '10_lag_15_median_stratZ50ndj01', '10_lag_13_median_traTLS', '12_lag_glomaSSTjfm', '12_lag_seurTSjfm', '12_lag_naoPSLjfm', '10_lag_17_median_nppc2SSTjfm', '10_lag_15_median_traFB', '10_lag_18_median_AMOCann', '10_lag_11_median_nhSICsep', '10_lag_11_median_traIFC', '10_lag_11_median_amoSSTmjjaso', '10_lag_nhSICjfm', '10_lag_16_median_traCA', '10_lag_19_median_scpPSLjfm', '10_lag_15_median_glomaSSTjfm', '10_lag_12_median_samPSLann', '10_lag_14_median_traFB', '10_lag_15_median_arcTSjfm', '10_lag_samPSLann', '12_lag_shSICmar', '12_lag_stratZ50ndj01', '19_lag_atlSICsep', '10_lag_14_median_pdoSSTjfm', '10_lag_11_median_traFB', '19_lag_traWP', '10_lag_15_median_ismPRjja']","[2.749153104575374, 2.1545302053116373, 4.5436904973075904, 8.47013987333293, 4.232450433365738, 6.65829297400858, 4.666215943912486, 0.7175852757258756, 3.498247818423616, 3.294575571176317, 0.2183397976777357, 6.432098754034865, 6.590342671780011, 0.6434854826733911, 0.11446857519481313, 6.539300486577744, 4.898244749207969, 1.197902639223214, 7.411074429506787, 6.917140787302333, 3.8438277717510427, 3.9669315388371, 5.422022116543701, 4.0721236002791095, 0.025602954360266494, 9.408812875411048, 9.590362825403862, 6.185840015043809, 2.4767765472494307, 0.29863901603093446]","19_lag_labSSTjfm, 14_lag_mhfATL30, 10_lag_14_median_nchinaPRjja, 13_lag_stratZ50ndj02, 10_lag_15_median_stratZ50ndj01, 10_lag_13_median_traTLS, 12_lag_glomaSSTjfm, 12_lag_seurTSjfm, 12_lag_naoPSLjfm, 10_lag_17_median_nppc2SSTjfm, 10_lag_15_median_traFB, 10_lag_18_median_AMOCann, 10_lag_11_median_nhSICsep, 10_lag_11_median_traIFC, 10_lag_11_median_amoSSTmjjaso, 10_lag_nhSICjfm, 10_lag_16_median_traCA, 10_lag_19_median_scpPSLjfm, 10_lag_15_median_glomaSSTjfm, 10_lag_12_median_samPSLann, 10_lag_14_median_traFB, 10_lag_15_median_arcTSjfm, 10_lag_samPSLann, 12_lag_shSICmar, 12_lag_stratZ50ndj01, 19_lag_atlSICsep, 10_lag_14_median_pdoSSTjfm, 10_lag_11_median_traFB, 19_lag_traWP, 10_lag_15_median_ismPRjja_1216_10"
LRforcedPSO,6,30,stratZ50ndj03,picntrl,1720.5,2050.5,0.8,21,11,11,21.41022355272525,0.23544871713111618,1216,"['11_lag_traEC', '11_lag_15_median_labSSTjfm', '15_lag_glomaSSTjfm', '14_lag_naoPSLjfm', '18_lag_mhfATL60', '14_lag_shTSjfm', '12_lag_shTSjfm', '11_lag_17_median_tripol2', '11_lag_19_median_mhfATL30', '17_lag_cetTSjfm', '13_lag_glomaSSTjfm', '17_lag_nppc2SSTjfm', '11_lag_traEU', '11_lag_14_median_nhTSjfm', '15_lag_mhfATL30', '17_lag_ismPRjja', '11_lag_16_median_tripol3', '11_lag_12_median_amoSSTmjjaso', '13_lag_amoSSTmjjaso', '12_lag_shSICmar', '11_lag_18_median_ormenSSTjfm', '17_lag_traBS', '11_lag_17_median_glTSjfm', '16_lag_nppc3SSTjfm', '11_lag_16_median_stratZ50ndj04', '11_lag_19_median_eapPSLjfm', '11_lag_12_median_nhTSjfm', '11_lag_12_median_mhfATL45', '14_lag_traIFC', '17_lag_stratZ50ndj01']","[0.2387250080458898, 9.37964328967576, 1.7425794151302991, 2.430827695060202, 4.740414410384432, 6.911647153530902, 1.8425057747447795, 3.415481855061177, 2.412196108958412, 5.619015970351342, 9.135666542967943, 0.826446203746114, 5.790458501312125, 2.5092562440130077, 0.3446530146021516, 8.388677784024612, 0.5348752290297725, 3.648518112586183, 3.6324338715267395, 0.9884831042268356, 7.813473065639787, 2.0827348860432604, 9.012735699457007, 5.021729910083222, 0.6333214192348269, 1.2490003389715696, 5.052885982536562, 1.0947589491324887, 5.952889625065907, 1.1689551445853965]","11_lag_traEC, 11_lag_15_median_labSSTjfm, 15_lag_glomaSSTjfm, 14_lag_naoPSLjfm, 18_lag_mhfATL60, 14_lag_shTSjfm, 12_lag_shTSjfm, 11_lag_17_median_tripol2, 11_lag_19_median_mhfATL30, 17_lag_cetTSjfm, 13_lag_glomaSSTjfm, 17_lag_nppc2SSTjfm, 11_lag_traEU, 11_lag_14_median_nhTSjfm, 15_lag_mhfATL30, 17_lag_ismPRjja, 11_lag_16_median_tripol3, 11_lag_12_median_amoSSTmjjaso, 13_lag_amoSSTmjjaso, 12_lag_shSICmar, 11_lag_18_median_ormenSSTjfm, 17_lag_traBS, 11_lag_17_median_glTSjfm, 16_lag_nppc3SSTjfm, 11_lag_16_median_stratZ50ndj04, 11_lag_19_median_eapPSLjfm, 11_lag_12_median_nhTSjfm, 11_lag_12_median_mhfATL45, 14_lag_traIFC, 17_lag_stratZ50ndj01_1216_11"
LRforcedPSO,7,30,stratZ50ndj03,picntrl,1721.5,2050.5,0.8,22,12,12,24.885480275165445,-0.11773851383083185,1216,"['12_lag_nhTSjfm', '12_lag_16_median_traWP', '19_lag_nhTSjfm', '12_lag_18_median_atlSICsep', '16_lag_shSICmar', '12_lag_16_median_stratZ50ndj04', '12_lag_19_median_satlSSTjfm', '12_lag_20_median_labSSTjfm', '17_lag_nhTSjfm', '14_lag_amo1', '12_lag_stratZ50ndj01', '15_lag_alpi', '17_lag_glomaSSTjfm', '12_lag_20_median_ensoSSTjfm', '12_lag_17_median_atlSICjfm', '18_lag_mhfATL45', '12_lag_15_median_nhSICsep', '21_lag_yrvPRjja', '12_lag_14_median_tripol2', '20_lag_eurPSLjfm', '14_lag_nchinaPRjja', '12_lag_16_median_mhfIP30', '17_lag_mhfATL60', '12_lag_13_median_traIFC', '20_lag_ginwSSTjfm', '20_lag_traEC', '20_lag_traMC', '14_lag_nhTSjfm', '12_lag_15_median_seurTSjfm', '14_lag_yrvPRjja']","[1.9324179860347925, 1.4700131044589106, 1.5944475842520944, 1.2527452655351219, 8.166082774138816, 5.616931438955113, 4.122810294685346, 4.872155079383397, 6.183098447554848, 9.422494891783984, 0.6476329396720004, 5.569386027820675, 4.994202269846131, 0.5434452080909971, 2.397926581915655, 7.992532924465422, 7.178482720094269, 5.511483347002017, 7.989861524496714, 4.838352333467597, 2.633463753415244, 3.3510452753626208, 3.056083563035724, 0.3957912979615834, 2.362838972125939, 9.833687222725494, 5.2211719424825365, 0.5871652628673374, 6.537112356879657, 0.86628271879189]","12_lag_nhTSjfm, 12_lag_16_median_traWP, 19_lag_nhTSjfm, 12_lag_18_median_atlSICsep, 16_lag_shSICmar, 12_lag_16_median_stratZ50ndj04, 12_lag_19_median_satlSSTjfm, 12_lag_20_median_labSSTjfm, 17_lag_nhTSjfm, 14_lag_amo1, 12_lag_stratZ50ndj01, 15_lag_alpi, 17_lag_glomaSSTjfm, 12_lag_20_median_ensoSSTjfm, 12_lag_17_median_atlSICjfm, 18_lag_mhfATL45, 12_lag_15_median_nhSICsep, 21_lag_yrvPRjja, 12_lag_14_median_tripol2, 20_lag_eurPSLjfm, 14_lag_nchinaPRjja, 12_lag_16_median_mhfIP30, 17_lag_mhfATL60, 12_lag_13_median_traIFC, 20_lag_ginwSSTjfm, 20_lag_traEC, 20_lag_traMC, 14_lag_nhTSjfm, 12_lag_15_median_seurTSjfm, 14_lag_yrvPRjja_1216_12"
LRforcedPSO,8,30,stratZ50ndj03,picntrl,1722.5,2050.5,0.8,23,13,13,25.463548662864277,0.09218673559661586,1216,"['16_lag_shTSjfm', '21_lag_mhfATL60', '13_lag_amo1', '22_lag_traCA', '16_lag_traFSC', '16_lag_traFS', '22_lag_traTLS', '13_lag_19_median_traBS', '19_lag_labSSTjfm', '13_lag_17_median_traTLS', '13_lag_14_median_amoSSTmjjaso', '13_lag_22_median_atlSICsep', '13_lag_20_median_traCA', '22_lag_labSSTjfm', '14_lag_cetTSjfm', '14_lag_nppc2SSTjfm', '18_lag_wnorPRjfm', '13_lag_eurPSLjfm', '13_lag_21_median_scpPSLjfm', '20_lag_arcTSjfm', '13_lag_15_median_traFSC', '13_lag_18_median_traFB', '13_lag_15_median_labSSTjfm', '13_lag_21_median_labSSTjfm', '13_lag_16_median_ismPRjja', '13_lag_17_median_traFS', '13_lag_19_median_nhSICsep', '13_lag_22_median_traWP', '13_lag_traWP', '14_lag_traEC']","[5.0318682348753025, 6.047032844120079, 3.7594585957699644, 0.4686813791946456, 6.589288952097704, 1.6490573534533937, 0.16837950395650836, 0.8384947231428903, 4.082507916214231, 8.755648071145178, 4.20028745618559, 5.951330536321282, 2.9914943898780137, 7.192308593799119, 9.97521162488923, 7.292613095769733, 8.410738310991846, 2.645336346856306, 4.502968776775639, 3.8122806915297502, 8.855585718078665, 1.068379743939067, 0.9538025412866098, 0.6732868729866599, 0.5442351309802334, 5.641433808697316, 1.9708979186719766, 6.317726653809462, 3.0437126657630014, 6.498235885333724]","16_lag_shTSjfm, 21_lag_mhfATL60, 13_lag_amo1, 22_lag_traCA, 16_lag_traFSC, 16_lag_traFS, 22_lag_traTLS, 13_lag_19_median_traBS, 19_lag_labSSTjfm, 13_lag_17_median_traTLS, 13_lag_14_median_amoSSTmjjaso, 13_lag_22_median_atlSICsep, 13_lag_20_median_traCA, 22_lag_labSSTjfm, 14_lag_cetTSjfm, 14_lag_nppc2SSTjfm, 18_lag_wnorPRjfm, 13_lag_eurPSLjfm, 13_lag_21_median_scpPSLjfm, 20_lag_arcTSjfm, 13_lag_15_median_traFSC, 13_lag_18_median_traFB, 13_lag_15_median_labSSTjfm, 13_lag_21_median_labSSTjfm, 13_lag_16_median_ismPRjja, 13_lag_17_median_traFS, 13_lag_19_median_nhSICsep, 13_lag_22_median_traWP, 13_lag_traWP, 14_lag_traEC_1216_13"
LRforcedPSO,9,30,stratZ50ndj03,picntrl,1723.5,2050.5,0.8,24,14,14,26.449167308880217,0.0751673155987534,1216,"['17_lag_traCA', '14_lag_21_median_yrvPRjja', '22_lag_wnorPRjfm', '22_lag_tripol2', '16_lag_amoSSTmjjaso', '14_lag_19_median_amo3', '23_lag_traFB', '20_lag_traEC', '14_lag_20_median_mhfATL45', '14_lag_17_median_seurTSjfm', '14_lag_19_median_traBS', '14_lag_20_median_samPSLann', '23_lag_traFSC', '23_lag_pdoSSTjfm', '22_lag_samPSLann', '16_lag_shSICmar', '14_lag_23_median_amo1', '14_lag_18_median_pdoSSTjfm', '16_lag_traMC', '15_lag_gyreSSTjfm', '19_lag_amo3', '14_lag_15_median_traWP', '20_lag_traCA', '14_lag_23_median_satlSSTjfm', '19_lag_stratZ50ndj03', '22_lag_mhfATL30', '14_lag_15_median_traEU', '15_lag_ormenSSTjfm', '23_lag_AMOCann', '14_lag_20_median_tripol3']","[0.5143683833274952, 7.6438322777320025, 2.698346051598117, 5.200857911044173, 4.653687375176503, 3.0225866379076045, 4.104497743284825, 0.09760674459593055, 5.046752540391064, 4.8055726756199135, 6.7472252913123185, 5.719644363181473, 3.053388999303394, 6.010993145300553, 8.308878501530625, 3.9619189620334225, 1.6416859103108923, 4.128738959910688, 8.618387599208052, 5.854464222159184, 1.519671906766911, 0.5343622170307185, 6.460323266496017, 2.1749128756376663, 6.817143748119431, 3.9035727522935417, 4.504393330482355, 1.1832499331507034, 7.120005273679311, 2.41031233242156]","17_lag_traCA, 14_lag_21_median_yrvPRjja, 22_lag_wnorPRjfm, 22_lag_tripol2, 16_lag_amoSSTmjjaso, 14_lag_19_median_amo3, 23_lag_traFB, 20_lag_traEC, 14_lag_20_median_mhfATL45, 14_lag_17_median_seurTSjfm, 14_lag_19_median_traBS, 14_lag_20_median_samPSLann, 23_lag_traFSC, 23_lag_pdoSSTjfm, 22_lag_samPSLann, 16_lag_shSICmar, 14_lag_23_median_amo1, 14_lag_18_median_pdoSSTjfm, 16_lag_traMC, 15_lag_gyreSSTjfm, 19_lag_amo3, 14_lag_15_median_traWP, 20_lag_traCA, 14_lag_23_median_satlSSTjfm, 19_lag_stratZ50ndj03, 22_lag_mhfATL30, 14_lag_15_median_traEU, 15_lag_ormenSSTjfm, 23_lag_AMOCann, 14_lag_20_median_tripol3_1216_14"
LRforcedPSO,10,30,stratZ50ndj03,picntrl,1724.5,2050.5,0.8,25,15,15,20.816025756447633,0.10027579879088427,1216,"['22_lag_samPSLann', '15_lag_19_median_traEU', '15_lag_20_median_tripol1', '15_lag_amoSSTmjjaso', '15_lag_23_median_traDP', '16_lag_ensoSSTjfm', '15_lag_22_median_traBO', '24_lag_amo2', '15_lag_24_median_shSICsep', '19_lag_tripol2', '15_lag_21_median_arcTSjfm', '15_lag_24_median_labSSTjfm', '15_lag_19_median_traTLS', '15_lag_24_median_mhfATL45', '15_lag_19_median_traDS', '21_lag_nhSICjfm', '22_lag_AMOCann', '24_lag_cetTSjfm', '15_lag_18_median_traFSC', '16_lag_nppc2SSTjfm', '17_lag_nhTSjfm', '15_lag_18_median_amoSSTmjjaso', '24_lag_atlSICjfm', '15_lag_traDS', '18_lag_glTSjfm', '15_lag_18_median_ismPRjja', '15_lag_20_median_amoSSTmjjaso', '15_lag_21_median_traDP', '21_lag_traWP', '17_lag_AMOCann']","[0.9308278838945334, 3.1003566251750385, 6.035196234341442, 5.052813079990535, 1.1422448827217018, 7.395601055435673, 1.3144861933432743, 1.079249186183409, 0.8150604407760298, 4.867274974058484, 4.259492229112771, 6.3531487657362895, 3.3862029100465385, 1.873879586638445, 4.452175655776558, 1.5439161436970483, 0.4233427242821648, 5.977396198906275, 2.3191998818723603, 9.912641105264008, 6.917689317539997, 2.295540396377424, 1.1368097213661414, 6.357013331204811, 0.6801023880690593, 4.942998402726866, 0.33830218334301065, 1.4520153658902863, 7.252308201365633, 8.651898765649104]","22_lag_samPSLann, 15_lag_19_median_traEU, 15_lag_20_median_tripol1, 15_lag_amoSSTmjjaso, 15_lag_23_median_traDP, 16_lag_ensoSSTjfm, 15_lag_22_median_traBO, 24_lag_amo2, 15_lag_24_median_shSICsep, 19_lag_tripol2, 15_lag_21_median_arcTSjfm, 15_lag_24_median_labSSTjfm, 15_lag_19_median_traTLS, 15_lag_24_median_mhfATL45, 15_lag_19_median_traDS, 21_lag_nhSICjfm, 22_lag_AMOCann, 24_lag_cetTSjfm, 15_lag_18_median_traFSC, 16_lag_nppc2SSTjfm, 17_lag_nhTSjfm, 15_lag_18_median_amoSSTmjjaso, 24_lag_atlSICjfm, 15_lag_traDS, 18_lag_glTSjfm, 15_lag_18_median_ismPRjja, 15_lag_20_median_amoSSTmjjaso, 15_lag_21_median_traDP, 21_lag_traWP, 17_lag_AMOCann_1216_15"
LRforcedPSO,11,30,stratZ50ndj03,picntrl,1725.5,2050.5,0.8,26,16,16,21.986294432979946,0.05513786267551847,1216,"['23_lag_traFB', '16_lag_23_median_yrvPRjja', '16_lag_17_median_amo1', '16_lag_ginwSSTjfm', '16_lag_23_median_glomaSSTjfm', '16_lag_20_median_mhfATL30', '24_lag_wnorPRjfm', '16_lag_24_median_mhfATL30', '16_lag_25_median_traIFC', '16_lag_23_median_samPSLann', '22_lag_mhfATL30', '16_lag_17_median_nchinaPRjja', '16_lag_24_median_ormenSSTjfm', '19_lag_yrvPRjja', '17_lag_ormenSSTjfm', '16_lag_20_median_amo2', '24_lag_atlSICjfm', '16_lag_17_median_traDS', '16_lag_18_median_traCA', '19_lag_amo1', '19_lag_traFB', '24_lag_ginwSSTjfm', '18_lag_labSSTjfm', '16_lag_19_median_traFB', '16_lag_24_median_stratZ50ndj02', '16_lag_19_median_shTSjfm', '20_lag_arcTSjfm', '20_lag_traFS', '19_lag_alpi', '16_lag_22_median_tripol2']","[4.785264791427619, 2.478292748126293, 4.956875938616065, 4.656321063201667, 8.707633297977534, 7.614338526594693, 3.031460906299168, 2.8434832675285264, 0.9903782204556393, 5.756764424002835, 4.472072273498037, 5.255355780817595, 7.064268234036401, 7.565396715817963, 1.4898943436682437, 0.9426314236326405, 2.229475444899231, 8.112301640325741, 0.10321777764462325, 8.649691154647067, 8.530300542992414, 2.1462609285349927, 0.9137254696462431, 4.115131207442504, 6.229585375709682, 0.2961554458547777, 1.5225747135497159, 6.090376535870689, 4.249389635220808, 6.8518636596970595]","23_lag_traFB, 16_lag_23_median_yrvPRjja, 16_lag_17_median_amo1, 16_lag_ginwSSTjfm, 16_lag_23_median_glomaSSTjfm, 16_lag_20_median_mhfATL30, 24_lag_wnorPRjfm, 16_lag_24_median_mhfATL30, 16_lag_25_median_traIFC, 16_lag_23_median_samPSLann, 22_lag_mhfATL30, 16_lag_17_median_nchinaPRjja, 16_lag_24_median_ormenSSTjfm, 19_lag_yrvPRjja, 17_lag_ormenSSTjfm, 16_lag_20_median_amo2, 24_lag_atlSICjfm, 16_lag_17_median_traDS, 16_lag_18_median_traCA, 19_lag_amo1, 19_lag_traFB, 24_lag_ginwSSTjfm, 18_lag_labSSTjfm, 16_lag_19_median_traFB, 16_lag_24_median_stratZ50ndj02, 16_lag_19_median_shTSjfm, 20_lag_arcTSjfm, 20_lag_traFS, 19_lag_alpi, 16_lag_22_median_tripol2_1216_16"
LRforcedPSO,12,30,stratZ50ndj03,picntrl,1726.5,2050.5,0.8,27,17,17,25.86365094835319,-0.13426901147181441,1216,"['17_lag_20_median_scpPSLjfm', '17_lag_20_median_shSICmar', '17_lag_18_median_mhfATL45', '17_lag_22_median_amoSSTmjjaso', '22_lag_ismPRjja', '17_lag_26_median_amoSSTmjjaso', '21_lag_stratZ50ndj04', '17_lag_21_median_traIFC', '24_lag_atlSICjfm', '23_lag_traEU', '25_lag_cetTSjfm', '17_lag_25_median_eurPSLjfm', '17_lag_21_median_glTSjfm', '19_lag_wnorPRjfm', '17_lag_26_median_amo2', '22_lag_glomaSSTjfm', '17_lag_21_median_stratZ50ndj04', '17_lag_25_median_atlSICsep', '17_lag_22_median_nhSICsep', '25_lag_glomaSSTjfm', '18_lag_eapPSLjfm', '23_lag_mhfATL60', '24_lag_atlSICsep', '18_lag_alpi', '17_lag_22_median_mhfATL60', '20_lag_atlSICjfm', '17_lag_22_median_mhfATL45', '17_lag_18_median_traDS', '25_lag_shSICmar', '26_lag_labSSTjfm']","[4.369208701180005, 3.0174203821690337, 7.79821578820453, 3.770701519484348, 0.6970334790978328, 0.5817308604246669, 7.955561994586273, 7.476725734269294, 3.788317837175459, 5.327604437780554, 9.244438837956185, 0.697144190045293, 3.90006460432412, 1.9997633472726228, 3.0844129895485946, 2.5796342217223023, 1.0198195061747057, 4.117716813084941, 4.6074647948330565, 8.460888593277943, 4.926949762495759, 2.565815122065729, 2.3203740054125, 5.025907024777871, 1.736342053404389, 8.15097399128937, 0.4327739422881809, 2.68021966595094, 0.0056937331691031545, 4.107189517109857]","17_lag_20_median_scpPSLjfm, 17_lag_20_median_shSICmar, 17_lag_18_median_mhfATL45, 17_lag_22_median_amoSSTmjjaso, 22_lag_ismPRjja, 17_lag_26_median_amoSSTmjjaso, 21_lag_stratZ50ndj04, 17_lag_21_median_traIFC, 24_lag_atlSICjfm, 23_lag_traEU, 25_lag_cetTSjfm, 17_lag_25_median_eurPSLjfm, 17_lag_21_median_glTSjfm, 19_lag_wnorPRjfm, 17_lag_26_median_amo2, 22_lag_glomaSSTjfm, 17_lag_21_median_stratZ50ndj04, 17_lag_25_median_atlSICsep, 17_lag_22_median_nhSICsep, 25_lag_glomaSSTjfm, 18_lag_eapPSLjfm, 23_lag_mhfATL60, 24_lag_atlSICsep, 18_lag_alpi, 17_lag_22_median_mhfATL60, 20_lag_atlSICjfm, 17_lag_22_median_mhfATL45, 17_lag_18_median_traDS, 25_lag_shSICmar, 26_lag_labSSTjfm_1216_17"
LRforcedPSO,13,30,stratZ50ndj03,picntrl,1727.5,2050.5,0.8,28,18,18,24.176467639318414,-0.12290223625484022,1216,"['21_lag_nhSICsep', '18_lag_27_median_glTSjfm', '21_lag_pdoSSTjfm', '18_lag_19_median_traMC', '18_lag_20_median_stratZ50ndj02', '19_lag_stratZ50ndj02', '18_lag_20_median_nppc3SSTjfm', '20_lag_traEC', '18_lag_21_median_amo3', '18_lag_24_median_shTSjfm', '20_lag_traDS', '21_lag_yrvPRjja', '18_lag_26_median_satlSSTjfm', '24_lag_nhSICsep', '21_lag_amo2', '18_lag_23_median_yrvPRjja', '19_lag_naoPSLjfm', '25_lag_atlSICsep', '18_lag_22_median_arcTSjfm', '18_lag_21_median_ismPRjja', '18_lag_25_median_ensoSSTjfm', '22_lag_stratZ50ndj04', '18_lag_25_median_stratZ50ndj03', '18_lag_19_median_nppc3SSTjfm', '18_lag_21_median_pdoSSTjfm', '18_lag_23_median_amo2', '23_lag_traMC', '23_lag_traDS', '23_lag_labSSTjfm', '19_lag_traEU']","[7.664549343749282, 3.516209703828185, 3.1383445560488843, 0.21139851718908353, 3.567923711516638, 2.296703475980964, 5.003267041196317, 2.5418940564705057, 1.1090929706821662, 5.413782300438273, 7.952536691927046, 1.0357373911982375, 5.126373909695941, 1.2627367391115403, 2.1777679436826745, 7.780297195728975, 4.165874371334608, 0.07848244311610841, 7.998724482920284, 8.83236245568005, 2.3208241214752885, 5.587242221133026, 7.735571652361834, 9.76456137852467, 0.030303438251184645, 2.352042300021302, 3.160709391103449, 0.2903861010519311, 5.525197438596328, 0.678587433223619]","21_lag_nhSICsep, 18_lag_27_median_glTSjfm, 21_lag_pdoSSTjfm, 18_lag_19_median_traMC, 18_lag_20_median_stratZ50ndj02, 19_lag_stratZ50ndj02, 18_lag_20_median_nppc3SSTjfm, 20_lag_traEC, 18_lag_21_median_amo3, 18_lag_24_median_shTSjfm, 20_lag_traDS, 21_lag_yrvPRjja, 18_lag_26_median_satlSSTjfm, 24_lag_nhSICsep, 21_lag_amo2, 18_lag_23_median_yrvPRjja, 19_lag_naoPSLjfm, 25_lag_atlSICsep, 18_lag_22_median_arcTSjfm, 18_lag_21_median_ismPRjja, 18_lag_25_median_ensoSSTjfm, 22_lag_stratZ50ndj04, 18_lag_25_median_stratZ50ndj03, 18_lag_19_median_nppc3SSTjfm, 18_lag_21_median_pdoSSTjfm, 18_lag_23_median_amo2, 23_lag_traMC, 23_lag_traDS, 23_lag_labSSTjfm, 19_lag_traEU_1216_18"
LRforcedPSO,14,30,stratZ50ndj03,picntrl,1728.5,2050.5,0.8,29,19,19,23.981287959592912,-0.04964931767950327,1216,"['20_lag_arcTSjfm', '27_lag_traDS', '19_lag_26_median_cetTSjfm', '19_lag_27_median_mhfIP30', '19_lag_24_median_traFS', '25_lag_scpPSLjfm', '19_lag_23_median_tripol3', '19_lag_23_median_ismPRjja', '19_lag_28_median_ginwSSTjfm', '25_lag_traIT', '19_lag_23_median_amo1', '19_lag_28_median_AMOCann', '23_lag_samPSLann', '19_lag_27_median_traWP', '21_lag_cetTSjfm', '19_lag_21_median_mhfATL45', '25_lag_wnorPRjfm', '27_lag_amo2', '28_lag_gyreSSTjfm', '28_lag_stratZ50ndj04', '19_lag_27_median_traBO', '19_lag_22_median_traDS', '19_lag_28_median_atlSICsep', '19_lag_21_median_AMOCann', '19_lag_26_median_atlSICjfm', '19_lag_26_median_traWP', '26_lag_pdoSSTjfm', '19_lag_20_median_tripol1', '25_lag_ginwSSTjfm', '24_lag_naoPSLjfm']","[4.392333105639942, 4.031263908222421, 6.606926500944265, 3.0055735206027574, 7.165089218099588, 3.896174172267557, 0.7133130618915402, 7.725539968505206, 2.7493589539301517, 5.173144928172575, 3.733752963660672, 5.890081769288753, 9.489936632913613, 5.664954119924355, 3.6955647248303762, 5.058061855544391, 5.159656443065446, 1.9161179090708647, 7.228350107854684, 2.8551825713155026, 6.249103240226187, 7.305995562921574, 8.224765806300415, 4.625651858709481, 2.556297463965562, 0.17470038474188954, 0.1819542950148616, 8.947885204993298, 2.26764209382843, 2.423373913180418]","20_lag_arcTSjfm, 27_lag_traDS, 19_lag_26_median_cetTSjfm, 19_lag_27_median_mhfIP30, 19_lag_24_median_traFS, 25_lag_scpPSLjfm, 19_lag_23_median_tripol3, 19_lag_23_median_ismPRjja, 19_lag_28_median_ginwSSTjfm, 25_lag_traIT, 19_lag_23_median_amo1, 19_lag_28_median_AMOCann, 23_lag_samPSLann, 19_lag_27_median_traWP, 21_lag_cetTSjfm, 19_lag_21_median_mhfATL45, 25_lag_wnorPRjfm, 27_lag_amo2, 28_lag_gyreSSTjfm, 28_lag_stratZ50ndj04, 19_lag_27_median_traBO, 19_lag_22_median_traDS, 19_lag_28_median_atlSICsep, 19_lag_21_median_AMOCann, 19_lag_26_median_atlSICjfm, 19_lag_26_median_traWP, 26_lag_pdoSSTjfm, 19_lag_20_median_tripol1, 25_lag_ginwSSTjfm, 24_lag_naoPSLjfm_1216_19"
LRforcedPSO,15,30,stratZ50ndj03,picntrl,1729.5,2050.5,0.8,30,20,20,23.91283139697737,-0.1517062386499688,1216,"['20_lag_24_median_traDP', '29_lag_glTSjfm', '20_lag_traBS', '20_lag_28_median_yrvPRjja', '20_lag_21_median_pdoSSTjfm', '20_lag_23_median_mhfATL30', '23_lag_stratZ50ndj03', '27_lag_shSICsep', '24_lag_ginwSSTjfm', '22_lag_nchinaPRjja', '29_lag_atlSICsep', '20_lag_22_median_ormenSSTjfm', '20_lag_29_median_wnorPRjfm', '22_lag_stratZ50ndj04', '20_lag_22_median_nhTSjfm', '25_lag_nppc2SSTjfm', '20_lag_27_median_traBO', '22_lag_glTSjfm', '21_lag_labSSTjfm', '20_lag_21_median_arcTSjfm', '27_lag_nppc3SSTjfm', '28_lag_mhfATL60', '20_lag_traFSC', '27_lag_alpi', '20_lag_22_median_naoPSLjfm', '20_lag_23_median_pdoSSTjfm', '22_lag_seurTSjfm', '20_lag_23_median_traEU', '23_lag_seurTSjfm', '28_lag_traTLS']","[0.6565414522018216, 1.568490705105141, 0.7549602965356037, 0.7604462063000028, 6.05700166561185, 2.2386105391359523, 3.668121481104887, 6.865586700927075, 4.493948785925408, 4.004523342041757, 4.585288133819855, 2.549333815291419, 5.778443369829482, 8.842292376216276, 0.667754607717832, 4.973580829273816, 0.7084236413063536, 0.47446576153540043, 5.993200739548414, 3.9377156998357936, 8.140810495244732, 7.87181053241132, 3.9214151652428875, 2.9832749301980694, 3.5687169947274118, 5.402888847113692, 7.672551594406798, 4.75464266518844, 2.138662061261421, 1.5654058357404672]","20_lag_24_median_traDP, 29_lag_glTSjfm, 20_lag_traBS, 20_lag_28_median_yrvPRjja, 20_lag_21_median_pdoSSTjfm, 20_lag_23_median_mhfATL30, 23_lag_stratZ50ndj03, 27_lag_shSICsep, 24_lag_ginwSSTjfm, 22_lag_nchinaPRjja, 29_lag_atlSICsep, 20_lag_22_median_ormenSSTjfm, 20_lag_29_median_wnorPRjfm, 22_lag_stratZ50ndj04, 20_lag_22_median_nhTSjfm, 25_lag_nppc2SSTjfm, 20_lag_27_median_traBO, 22_lag_glTSjfm, 21_lag_labSSTjfm, 20_lag_21_median_arcTSjfm, 27_lag_nppc3SSTjfm, 28_lag_mhfATL60, 20_lag_traFSC, 27_lag_alpi, 20_lag_22_median_naoPSLjfm, 20_lag_23_median_pdoSSTjfm, 22_lag_seurTSjfm, 20_lag_23_median_traEU, 23_lag_seurTSjfm, 28_lag_traTLS_1216_20"
LRforcedPSO,16,30,stratZ50ndj03,picntrl,1730.5,2050.5,0.8,31,21,21,21.376142833280053,0.10385607039025055,1216,"['21_lag_25_median_tripol3', '27_lag_wnorPRjfm', '21_lag_29_median_nchinaPRjja', '29_lag_traFB', '21_lag_25_median_pdoSSTjfm', '21_lag_26_median_nhSICjfm', '21_lag_25_median_traDS', '27_lag_samPSLann', '23_lag_satlSSTjfm', '23_lag_labSSTjfm', '21_lag_22_median_nhTSjfm', '21_lag_26_median_scpPSLjfm', '21_lag_27_median_mhfATL30', '21_lag_shSICmar', '29_lag_traBO', '21_lag_30_median_samPSLann', '21_lag_25_median_naoPSLjfm', '21_lag_28_median_traIFC', '21_lag_25_median_traFSC', '21_lag_26_median_ismPRjja', '23_lag_shSICsep', '30_lag_traFB', '21_lag_27_median_mhfATL45', '21_lag_25_median_nhSICjfm', '29_lag_shTSjfm', '28_lag_traFB', '21_lag_22_median_stratZ50ndj01', '30_lag_stratZ50ndj03', '21_lag_29_median_mhfATL60', '21_lag_23_median_shSICmar']","[6.55812614300995, 3.0852249149966866, 3.0539682658682787, 3.299081055420295, 9.740725391462314, 4.047877997346919, 5.330515867569819, 1.9991848890887116, 1.1775315206207555, 4.083169449297024, 1.0062631486529163, 4.784849588365894, 3.634905130259467, 0.922387190352385, 1.260583591401609, 6.380748230020828, 4.575166479495039, 0.8085913651464711, 7.982703374396502, 5.321407046588041, 1.3392056338273317, 3.510374389837951, 4.3936339011964005, 7.08803586572888, 4.893403433093519, 3.3043742814167887, 1.9812979018590493, 6.8494238764884985, 1.193151024601903, 3.091312852948212]","21_lag_25_median_tripol3, 27_lag_wnorPRjfm, 21_lag_29_median_nchinaPRjja, 29_lag_traFB, 21_lag_25_median_pdoSSTjfm, 21_lag_26_median_nhSICjfm, 21_lag_25_median_traDS, 27_lag_samPSLann, 23_lag_satlSSTjfm, 23_lag_labSSTjfm, 21_lag_22_median_nhTSjfm, 21_lag_26_median_scpPSLjfm, 21_lag_27_median_mhfATL30, 21_lag_shSICmar, 29_lag_traBO, 21_lag_30_median_samPSLann, 21_lag_25_median_naoPSLjfm, 21_lag_28_median_traIFC, 21_lag_25_median_traFSC, 21_lag_26_median_ismPRjja, 23_lag_shSICsep, 30_lag_traFB, 21_lag_27_median_mhfATL45, 21_lag_25_median_nhSICjfm, 29_lag_shTSjfm, 28_lag_traFB, 21_lag_22_median_stratZ50ndj01, 30_lag_stratZ50ndj03, 21_lag_29_median_mhfATL60, 21_lag_23_median_shSICmar_1216_21"
LRforcedPSO,17,30,stratZ50ndj03,picntrl,1731.5,2050.5,0.8,32,22,22,23.291464516166236,0.14808152320778994,1216,"['30_lag_eapPSLjfm', '31_lag_amo3', '22_lag_traIT', '31_lag_tripol3', '28_lag_mhfATL45', '22_lag_29_median_alpi', '24_lag_traIT', '28_lag_ormenSSTjfm', '22_lag_30_median_ensoSSTjfm', '22_lag_28_median_shTSjfm', '30_lag_amo2', '30_lag_samPSLann', '23_lag_amo2', '23_lag_nppc2SSTjfm', '22_lag_27_median_traFS', '22_lag_24_median_nppc2SSTjfm', '22_lag_24_median_nhSICjfm', '22_lag_31_median_traFB', '22_lag_ismPRjja', '22_lag_25_median_scpPSLjfm', '22_lag_23_median_traWP', '22_lag_wnorPRjfm', '26_lag_tripol1', '22_lag_30_median_traFSC', '22_lag_24_median_glTSjfm', '29_lag_traWP', '22_lag_23_median_stratZ50ndj03', '22_lag_28_median_atlSICsep', '28_lag_arcTSjfm', '30_lag_stratZ50ndj04']","[3.5791599984167277, 3.0537166553380253, 8.66954849507075, 2.660864650703447, 0.23310645179375555, 1.3704577738759394, 9.398704498403063, 7.052994805364383, 2.7191016537872947, 0.20489932256912624, 2.4141320950356304, 5.015556556106935, 6.368601372004829, 9.631563431503032, 0.2038345712101215, 2.480356403839523, 1.9406569543518266, 2.7517408054848183, 1.0682309336576328, 4.118631012508254, 9.210353257288581, 1.7153493851822041, 2.5853595975409664, 2.710348974507239, 0.6536234540641352, 5.207530267938387, 0.9449387169100039, 4.414328804913239, 0.21275640972138987, 7.852005568833271]","30_lag_eapPSLjfm, 31_lag_amo3, 22_lag_traIT, 31_lag_tripol3, 28_lag_mhfATL45, 22_lag_29_median_alpi, 24_lag_traIT, 28_lag_ormenSSTjfm, 22_lag_30_median_ensoSSTjfm, 22_lag_28_median_shTSjfm, 30_lag_amo2, 30_lag_samPSLann, 23_lag_amo2, 23_lag_nppc2SSTjfm, 22_lag_27_median_traFS, 22_lag_24_median_nppc2SSTjfm, 22_lag_24_median_nhSICjfm, 22_lag_31_median_traFB, 22_lag_ismPRjja, 22_lag_25_median_scpPSLjfm, 22_lag_23_median_traWP, 22_lag_wnorPRjfm, 26_lag_tripol1, 22_lag_30_median_traFSC, 22_lag_24_median_glTSjfm, 29_lag_traWP, 22_lag_23_median_stratZ50ndj03, 22_lag_28_median_atlSICsep, 28_lag_arcTSjfm, 30_lag_stratZ50ndj04_1216_22"
LRforcedPSO,18,30,stratZ50ndj03,picntrl,1732.5,2050.5,0.8,33,23,23,24.655967626723204,-0.17137935284152417,1216,"['23_lag_31_median_ismPRjja', '27_lag_nhSICjfm', '26_lag_traCA', '31_lag_traIFC', '23_lag_26_median_mhfIP30', '27_lag_mhfIP30', '25_lag_traFSC', '23_lag_24_median_mhfATL45', '23_lag_28_median_ensoSSTjfm', '27_lag_stratZ50ndj04', '25_lag_stratZ50ndj01', '25_lag_seurTSjfm', '23_lag_28_median_AMOCann', '29_lag_stratZ50ndj04', '24_lag_traDS', '23_lag_30_median_glomaSSTjfm', '30_lag_tripol3', '23_lag_24_median_nppc3SSTjfm', '23_lag_31_median_traMC', '28_lag_traEU', '23_lag_26_median_nhSICjfm', '23_lag_30_median_nppc3SSTjfm', '23_lag_25_median_stratZ50ndj03', '23_lag_27_median_mhfATL60', '26_lag_tripol2', '31_lag_neurTSjfm', '23_lag_24_median_ensoSSTjfm', '27_lag_samPSLann', '29_lag_mhfIP30', '29_lag_samPSLann']","[2.4542917659522665, 5.694996259257994, 4.2962560125825195, 0.5087544410485876, 5.864975370973868, 0.48119418450603924, 4.112616111070279, 6.42722965444068, 3.560731429996822, 5.720288810292473, 0.9895265918784304, 5.782714200041241, 1.3786448063600698, 5.375075848908219, 5.822591559037336, 3.6135168467843606, 4.586804260836113, 1.5550372056980581, 5.479006484628091, 3.185137717001041, 0.14101774116557486, 0.8340800014363321, 7.171454718706327, 3.1256762966359215, 2.0116017470974796, 0.5314381833925523, 2.98750168928491, 5.044473185948178, 9.889327030643319, 8.030640168507034]","23_lag_31_median_ismPRjja, 27_lag_nhSICjfm, 26_lag_traCA, 31_lag_traIFC, 23_lag_26_median_mhfIP30, 27_lag_mhfIP30, 25_lag_traFSC, 23_lag_24_median_mhfATL45, 23_lag_28_median_ensoSSTjfm, 27_lag_stratZ50ndj04, 25_lag_stratZ50ndj01, 25_lag_seurTSjfm, 23_lag_28_median_AMOCann, 29_lag_stratZ50ndj04, 24_lag_traDS, 23_lag_30_median_glomaSSTjfm, 30_lag_tripol3, 23_lag_24_median_nppc3SSTjfm, 23_lag_31_median_traMC, 28_lag_traEU, 23_lag_26_median_nhSICjfm, 23_lag_30_median_nppc3SSTjfm, 23_lag_25_median_stratZ50ndj03, 23_lag_27_median_mhfATL60, 26_lag_tripol2, 31_lag_neurTSjfm, 23_lag_24_median_ensoSSTjfm, 27_lag_samPSLann, 29_lag_mhfIP30, 29_lag_samPSLann_1216_23"
LRforcedPSO,19,30,stratZ50ndj03,picntrl,1733.5,2050.5,0.8,34,24,24,24.835401796247872,0.16105648873980843,1216,"['24_lag_33_median_nppc3SSTjfm', '25_lag_naoPSLjfm', '27_lag_arcTSjfm', '24_lag_32_median_ginwSSTjfm', '27_lag_eurPSLjfm', '26_lag_tripol2', '24_lag_31_median_gyreSSTjfm', '24_lag_33_median_tripol1', '29_lag_mhfATL30', '24_lag_30_median_traBS', '24_lag_25_median_atlSICjfm', '24_lag_29_median_ismPRjja', '33_lag_wnorPRjfm', '25_lag_traBS', '24_lag_33_median_stratZ50ndj01', '24_lag_29_median_arcTSjfm', '32_lag_traEC', '24_lag_25_median_labSSTjfm', '24_lag_32_median_labSSTjfm', '31_lag_tripol1', '24_lag_27_median_nchinaPRjja', '24_lag_32_median_naoPSLjfm', '24_lag_31_median_amoSSTmjjaso', '24_lag_29_median_AMOCann', '30_lag_atlSICsep', '28_lag_traBO', '25_lag_shTSjfm', '24_lag_31_median_traBS', '24_lag_30_median_gyreSSTjfm', '24_lag_32_median_alpi']","[1.68872462333848, 4.592044975083189, 4.070769544761777, 0.7678392076948661, 1.5925901787862795, 0.5177221117066448, 1.3481063636375534, 5.547305447298136, 5.7285666481024595, 1.5314897595642876, 4.837493291561064, 1.821836807927495, 2.5768939137323326, 1.485385595259391, 4.998481643311504, 1.3438839272540815, 5.821458938543904, 4.949383073553539, 0.3953854943966544, 6.015532293802927, 8.366955825959847, 3.0817759124977773, 1.046260340738698, 6.833886217671292, 8.49404209115519, 9.289461813823522, 2.5897605354209734, 6.020009154302734, 0.1306765731032229, 7.4841699703512194]","24_lag_33_median_nppc3SSTjfm, 25_lag_naoPSLjfm, 27_lag_arcTSjfm, 24_lag_32_median_ginwSSTjfm, 27_lag_eurPSLjfm, 26_lag_tripol2, 24_lag_31_median_gyreSSTjfm, 24_lag_33_median_tripol1, 29_lag_mhfATL30, 24_lag_30_median_traBS, 24_lag_25_median_atlSICjfm, 24_lag_29_median_ismPRjja, 33_lag_wnorPRjfm, 25_lag_traBS, 24_lag_33_median_stratZ50ndj01, 24_lag_29_median_arcTSjfm, 32_lag_traEC, 24_lag_25_median_labSSTjfm, 24_lag_32_median_labSSTjfm, 31_lag_tripol1, 24_lag_27_median_nchinaPRjja, 24_lag_32_median_naoPSLjfm, 24_lag_31_median_amoSSTmjjaso, 24_lag_29_median_AMOCann, 30_lag_atlSICsep, 28_lag_traBO, 25_lag_shTSjfm, 24_lag_31_median_traBS, 24_lag_30_median_gyreSSTjfm, 24_lag_32_median_alpi_1216_24"
LRforcedPSO,20,30,stratZ50ndj03,picntrl,1734.5,2050.5,0.8,35,25,25,20.23276020935966,0.11055808180152565,1216,"['29_lag_seurTSjfm', '32_lag_amo3', '31_lag_tripol2', '33_lag_satlSSTjfm', '34_lag_stratZ50ndj02', '29_lag_traFB', '25_lag_34_median_alpi', '25_lag_33_median_amo2', '33_lag_mhfIP30', '34_lag_tripol2', '25_lag_33_median_alpi', '31_lag_traEU', '28_lag_amoSSTmjjaso', '31_lag_nhTSjfm', '34_lag_traEC', '25_lag_33_median_tripol1', '30_lag_seurTSjfm', '26_lag_nhSICjfm', '26_lag_amo2', '25_lag_30_median_tripol1', '25_lag_26_median_traDP', '27_lag_traFSC', '25_lag_30_median_traMC', '30_lag_shSICmar', '25_lag_28_median_amo2', '34_lag_glTSjfm', '25_lag_mhfIP30', '27_lag_arcTSjfm', '26_lag_traIT', '25_lag_shSICsep']","[6.440110760949636, 2.777791975128185, 6.439279618826674, 0.537033415689276, 8.643683966708446, 3.5699081482448474, 8.085095000699523, 2.9605773672669278, 0.8870399832332705, 3.317345830949847, 9.079196330087512, 4.500351138603218, 0.14241043651475138, 3.884169705485645, 0.7228101221939909, 6.716587254881173, 4.982159896554215, 3.7317140265768316, 2.0941313127077983, 4.470254997227534, 1.1448049506981857, 2.895345693244396, 4.984062542416069, 5.093199193793492, 1.1382824095691806, 2.8939735265782183, 1.6472963334482937, 0.07575280643870386, 6.39520238920505, 6.451725834316189]","29_lag_seurTSjfm, 32_lag_amo3, 31_lag_tripol2, 33_lag_satlSSTjfm, 34_lag_stratZ50ndj02, 29_lag_traFB, 25_lag_34_median_alpi, 25_lag_33_median_amo2, 33_lag_mhfIP30, 34_lag_tripol2, 25_lag_33_median_alpi, 31_lag_traEU, 28_lag_amoSSTmjjaso, 31_lag_nhTSjfm, 34_lag_traEC, 25_lag_33_median_tripol1, 30_lag_seurTSjfm, 26_lag_nhSICjfm, 26_lag_amo2, 25_lag_30_median_tripol1, 25_lag_26_median_traDP, 27_lag_traFSC, 25_lag_30_median_traMC, 30_lag_shSICmar, 25_lag_28_median_amo2, 34_lag_glTSjfm, 25_lag_mhfIP30, 27_lag_arcTSjfm, 26_lag_traIT, 25_lag_shSICsep_1216_25"
LRforcedPSO,21,30,stratZ50ndj03,picntrl,1735.5,2050.5,0.8,36,26,26,26.76350077732644,-0.04604743542568103,1216,"['26_lag_31_median_traBO', '31_lag_tripol3', '30_lag_ismPRjja', '31_lag_alpi', '33_lag_glTSjfm', '27_lag_ormenSSTjfm', '26_lag_27_median_traEC', '26_lag_29_median_amo1', '29_lag_traEU', '32_lag_scpPSLjfm', '26_lag_30_median_traMC', '26_lag_31_median_nhSICsep', '27_lag_traFB', '32_lag_gyreSSTjfm', '26_lag_27_median_amo2', '26_lag_27_median_pdoSSTjfm', '26_lag_28_median_AMOCann', '35_lag_traEU', '26_lag_29_median_naoPSLjfm', '33_lag_nhSICsep', '26_lag_34_median_stratZ50ndj01', '26_lag_30_median_stratZ50ndj02', '34_lag_amo1', '31_lag_glomaSSTjfm', '29_lag_traTLS', '33_lag_nppc2SSTjfm', '29_lag_traEC', '33_lag_traFB', '26_lag_27_median_traDP', '26_lag_28_median_eurPSLjfm']","[1.2704250845474832, 1.3750964853615333, 5.555052706572107, 2.742252875418158, 6.42067490886976, 3.198721813928471, 2.781164540510856, 4.546363569949447, 7.946907445190064, 9.976866032405244, 5.673981209723388, 8.936036207124578, 2.7674454781829887, 2.599973104133051, 0.3613243542742257, 8.160522937316587, 1.5625406208602381, 4.287354497326001, 3.0397986829588426, 8.089201384309725, 2.2493374237700747, 4.47574808263454, 4.0907885260215355, 8.203592038842665, 4.051297030074847, 1.71308163354945, 8.267906401546902, 3.3157040682572543, 2.080019625926653, 5.274121486364248]","26_lag_31_median_traBO, 31_lag_tripol3, 30_lag_ismPRjja, 31_lag_alpi, 33_lag_glTSjfm, 27_lag_ormenSSTjfm, 26_lag_27_median_traEC, 26_lag_29_median_amo1, 29_lag_traEU, 32_lag_scpPSLjfm, 26_lag_30_median_traMC, 26_lag_31_median_nhSICsep, 27_lag_traFB, 32_lag_gyreSSTjfm, 26_lag_27_median_amo2, 26_lag_27_median_pdoSSTjfm, 26_lag_28_median_AMOCann, 35_lag_traEU, 26_lag_29_median_naoPSLjfm, 33_lag_nhSICsep, 26_lag_34_median_stratZ50ndj01, 26_lag_30_median_stratZ50ndj02, 34_lag_amo1, 31_lag_glomaSSTjfm, 29_lag_traTLS, 33_lag_nppc2SSTjfm, 29_lag_traEC, 33_lag_traFB, 26_lag_27_median_traDP, 26_lag_28_median_eurPSLjfm_1216_26"
LRforcedPSO,22,30,stratZ50ndj03,picntrl,1736.5,2050.5,0.8,37,27,27,20.168971949923883,0.09831771398671126,1216,"['27_lag_30_median_traFSC', '31_lag_nhSICjfm', '27_lag_28_median_tripol2', '27_lag_32_median_nppc2SSTjfm', '27_lag_28_median_tripol1', '35_lag_traEU', '35_lag_AMOCann', '27_lag_nhSICsep', '35_lag_amo2', '30_lag_shSICmar', '31_lag_traCA', '27_lag_30_median_traBO', '34_lag_traIT', '30_lag_amo2', '27_lag_31_median_traFB', '31_lag_scpPSLjfm', '27_lag_31_median_traEC', '27_lag_34_median_shTSjfm', '34_lag_tripol2', '27_lag_29_median_ismPRjja', '27_lag_29_median_shSICmar', '36_lag_neurTSjfm', '27_lag_30_median_tripol2', '27_lag_33_median_stratZ50ndj04', '35_lag_nhTSjfm', '27_lag_29_median_nchinaPRjja', '27_lag_28_median_tripol3', '27_lag_35_median_pdoSSTjfm', '27_lag_32_median_labSSTjfm', '35_lag_cetTSjfm']","[3.2431424097439088, 6.452173605692955, 4.90367849841445, 2.2202215745129372, 5.420994290061888, 1.7152605054255243, 2.4427426879375496, 7.074797984557075, 6.9919303131441595, 9.796355151707022, 1.7930317705709733, 2.4922788609416617, 0.7838118181723015, 6.049783137485997, 3.3849201334195573, 4.978060076226292, 0.914177865309691, 1.8167866576086809, 7.29405596978901, 5.480646110554474, 2.7055044085052664, 1.5828350086842935, 1.0638248280332725, 0.11710561382299822, 1.3204953753127775, 4.942891080315657, 3.0587309044284225, 2.4404425163320393, 9.656751372214728, 2.727336430485245]","27_lag_30_median_traFSC, 31_lag_nhSICjfm, 27_lag_28_median_tripol2, 27_lag_32_median_nppc2SSTjfm, 27_lag_28_median_tripol1, 35_lag_traEU, 35_lag_AMOCann, 27_lag_nhSICsep, 35_lag_amo2, 30_lag_shSICmar, 31_lag_traCA, 27_lag_30_median_traBO, 34_lag_traIT, 30_lag_amo2, 27_lag_31_median_traFB, 31_lag_scpPSLjfm, 27_lag_31_median_traEC, 27_lag_34_median_shTSjfm, 34_lag_tripol2, 27_lag_29_median_ismPRjja, 27_lag_29_median_shSICmar, 36_lag_neurTSjfm, 27_lag_30_median_tripol2, 27_lag_33_median_stratZ50ndj04, 35_lag_nhTSjfm, 27_lag_29_median_nchinaPRjja, 27_lag_28_median_tripol3, 27_lag_35_median_pdoSSTjfm, 27_lag_32_median_labSSTjfm, 35_lag_cetTSjfm_1216_27"
LRforcedPSO,23,30,stratZ50ndj03,picntrl,1737.5,2050.5,0.8,38,28,28,26.672284260796726,-0.0813260520889095,1216,"['33_lag_nchinaPRjja', '32_lag_amo3', '32_lag_amo1', '35_lag_cetTSjfm', '28_lag_30_median_amo2', '33_lag_traCA', '32_lag_traFS', '28_lag_30_median_mhfATL60', '31_lag_mhfATL60', '28_lag_33_median_mhfATL30', '28_lag_nhSICjfm', '33_lag_ismPRjja', '34_lag_tripol2', '28_lag_34_median_labSSTjfm', '28_lag_30_median_AMOCann', '28_lag_35_median_traFB', '28_lag_36_median_tripol2', '31_lag_amo1', '28_lag_37_median_ensoSSTjfm', '30_lag_eurPSLjfm', '28_lag_34_median_amo3', '29_lag_tripol3', '28_lag_36_median_amo3', '32_lag_traFB', '28_lag_amo3', '28_lag_traEU', '36_lag_traBS', '31_lag_traFSC', '28_lag_37_median_glTSjfm', '35_lag_traEU']","[7.416799797494868, 6.251650650484526, 9.535550429394121, 1.0490547126608067, 1.4540563535758544, 5.534039089250495, 9.886664896156745, 0.05132390189275071, 1.8802453940818822, 4.092017117671385, 1.710334030504555, 9.284624397285846, 5.1329796272839445, 1.9270480595059176, 4.8353216730869075, 9.613665722292543, 3.9766753276792155, 2.37519166892006, 2.8746376315303497, 5.478139813236043, 3.1060966805203227, 1.0679530512771933, 2.511235337388868, 5.378510169372097, 4.9146006125494335, 4.428361227633493, 0.24298863860564346, 3.022572569966149, 2.5745617131816285, 5.63945432258373]","33_lag_nchinaPRjja, 32_lag_amo3, 32_lag_amo1, 35_lag_cetTSjfm, 28_lag_30_median_amo2, 33_lag_traCA, 32_lag_traFS, 28_lag_30_median_mhfATL60, 31_lag_mhfATL60, 28_lag_33_median_mhfATL30, 28_lag_nhSICjfm, 33_lag_ismPRjja, 34_lag_tripol2, 28_lag_34_median_labSSTjfm, 28_lag_30_median_AMOCann, 28_lag_35_median_traFB, 28_lag_36_median_tripol2, 31_lag_amo1, 28_lag_37_median_ensoSSTjfm, 30_lag_eurPSLjfm, 28_lag_34_median_amo3, 29_lag_tripol3, 28_lag_36_median_amo3, 32_lag_traFB, 28_lag_amo3, 28_lag_traEU, 36_lag_traBS, 31_lag_traFSC, 28_lag_37_median_glTSjfm, 35_lag_traEU_1216_28"
LRforcedPSO,24,30,stratZ50ndj03,picntrl,1738.5,2050.5,0.8,39,29,29,24.868016278599914,-0.026134861223987553,1216,"['29_lag_36_median_nhTSjfm', '29_lag_37_median_traCA', '33_lag_gyreSSTjfm', '29_lag_30_median_traTLS', '35_lag_amo1', '32_lag_tripol3', '32_lag_amo2', '29_lag_30_median_cetTSjfm', '29_lag_37_median_ismPRjja', '38_lag_nhSICjfm', '29_lag_37_median_atlSICjfm', '33_lag_nhSICjfm', '33_lag_stratZ50ndj02', '30_lag_wnorPRjfm', '29_lag_34_median_satlSSTjfm', '32_lag_amoSSTmjjaso', '29_lag_31_median_pdoSSTjfm', '29_lag_37_median_amo3', '29_lag_35_median_satlSSTjfm', '29_lag_33_median_eapPSLjfm', '35_lag_nchinaPRjja', '34_lag_traBO', '29_lag_32_median_eapPSLjfm', '32_lag_traTLS', '29_lag_amo1', '30_lag_tripol3', '29_lag_30_median_traIFC', '29_lag_31_median_ormenSSTjfm', '29_lag_38_median_nppc2SSTjfm', '31_lag_tripol1']","[4.848012203821963, 1.3650873202190805, 1.1262547539855774, 3.529174235060413, 1.0322175812543932, 0.16054533683421646, 9.053945898605136, 4.604878308140927, 4.716750567054049, 3.4325482180848628, 3.5466123235091622, 6.077688113488115, 3.588896616769743, 3.6682179606692262, 1.0852135569788999, 4.146361363551396, 3.702588070087014, 6.3796048497747275, 8.822577471572409, 2.1140031454884456, 3.6455853625150407, 0.777200304377617, 6.214624602558402, 6.768672261475803, 6.8850551600938985, 4.2540223061428435, 3.842174291830016, 9.412000258239043, 5.757384217801846, 9.446800988338875]","29_lag_36_median_nhTSjfm, 29_lag_37_median_traCA, 33_lag_gyreSSTjfm, 29_lag_30_median_traTLS, 35_lag_amo1, 32_lag_tripol3, 32_lag_amo2, 29_lag_30_median_cetTSjfm, 29_lag_37_median_ismPRjja, 38_lag_nhSICjfm, 29_lag_37_median_atlSICjfm, 33_lag_nhSICjfm, 33_lag_stratZ50ndj02, 30_lag_wnorPRjfm, 29_lag_34_median_satlSSTjfm, 32_lag_amoSSTmjjaso, 29_lag_31_median_pdoSSTjfm, 29_lag_37_median_amo3, 29_lag_35_median_satlSSTjfm, 29_lag_33_median_eapPSLjfm, 35_lag_nchinaPRjja, 34_lag_traBO, 29_lag_32_median_eapPSLjfm, 32_lag_traTLS, 29_lag_amo1, 30_lag_tripol3, 29_lag_30_median_traIFC, 29_lag_31_median_ormenSSTjfm, 29_lag_38_median_nppc2SSTjfm, 31_lag_tripol1_1216_29"
LRforcedPSO,25,30,stratZ50ndj03,picntrl,1739.5,2050.5,0.8,40,30,30,24.74395675583701,0.1810934922112502,1216,"['39_lag_stratZ50ndj04', '36_lag_naoPSLjfm', '30_lag_34_median_mhfATL60', '30_lag_39_median_ginwSSTjfm', '30_lag_34_median_ormenSSTjfm', '30_lag_32_median_amo1', '31_lag_traTLS', '36_lag_pdoSSTjfm', '33_lag_cetTSjfm', '30_lag_arcTSjfm', '30_lag_32_median_traIT', '34_lag_traTLS', '36_lag_traFSC', '37_lag_amo2', '34_lag_traBO', '30_lag_31_median_traIFC', '30_lag_38_median_mhfATL45', '30_lag_32_median_tripol2', '30_lag_31_median_ensoSSTjfm', '32_lag_amoSSTmjjaso', '30_lag_31_median_yrvPRjja', '39_lag_ensoSSTjfm', '34_lag_atlSICjfm', '30_lag_35_median_seurTSjfm', '30_lag_31_median_amo1', '30_lag_31_median_arcTSjfm', '36_lag_nhTSjfm', '38_lag_traIFC', '32_lag_atlSICjfm', '30_lag_38_median_ginwSSTjfm']","[6.422659263233037, 3.851710159013548, 2.9648994015316266, 1.1724643094291274, 1.8144834308232163, 1.4786679351604235, 8.458122168950077, 0.12678324217285564, 2.659439999985981, 6.949787537686049, 1.7012601672585976, 4.7254477846891625, 8.599629466817056, 8.025801184037093, 6.368245574016171, 9.63763490871861, 3.8412596017916094, 1.0205658559671438, 0.590450375692086, 8.888181270974012, 2.3684088389381097, 2.1520969367977134, 4.005787136704429, 6.9651081512072395, 8.891126325837384, 2.3955897296108404, 0.012761660375431916, 6.394168747610333, 1.7107371636260424, 1.8312047083767737]","39_lag_stratZ50ndj04, 36_lag_naoPSLjfm, 30_lag_34_median_mhfATL60, 30_lag_39_median_ginwSSTjfm, 30_lag_34_median_ormenSSTjfm, 30_lag_32_median_amo1, 31_lag_traTLS, 36_lag_pdoSSTjfm, 33_lag_cetTSjfm, 30_lag_arcTSjfm, 30_lag_32_median_traIT, 34_lag_traTLS, 36_lag_traFSC, 37_lag_amo2, 34_lag_traBO, 30_lag_31_median_traIFC, 30_lag_38_median_mhfATL45, 30_lag_32_median_tripol2, 30_lag_31_median_ensoSSTjfm, 32_lag_amoSSTmjjaso, 30_lag_31_median_yrvPRjja, 39_lag_ensoSSTjfm, 34_lag_atlSICjfm, 30_lag_35_median_seurTSjfm, 30_lag_31_median_amo1, 30_lag_31_median_arcTSjfm, 36_lag_nhTSjfm, 38_lag_traIFC, 32_lag_atlSICjfm, 30_lag_38_median_ginwSSTjfm_1216_30"
LRforcedPSO,26,30,stratZ50ndj03,picntrl,1740.5,2050.5,0.8,41,31,31,20.429847451354004,0.11980059530476654,1216,"['31_lag_39_median_traFB', '31_lag_35_median_arcTSjfm', '39_lag_ginwSSTjfm', '31_lag_38_median_neurTSjfm', '37_lag_traDP', '34_lag_atlSICjfm', '31_lag_35_median_scpPSLjfm', '31_lag_35_median_alpi', '40_lag_atlSICsep', '33_lag_satlSSTjfm', '31_lag_33_median_atlSICjfm', '33_lag_traBO', '40_lag_seurTSjfm', '31_lag_35_median_tripol1', '36_lag_satlSSTjfm', '31_lag_40_median_ismPRjja', '31_lag_36_median_gyreSSTjfm', '35_lag_traFSC', '32_lag_wnorPRjfm', '39_lag_nhSICjfm', '31_lag_40_median_neurTSjfm', '33_lag_nppc2SSTjfm', '31_lag_32_median_traEC', '33_lag_traMC', '31_lag_39_median_alpi', '31_lag_37_median_traBS', '34_lag_mhfATL30', '31_lag_32_median_nhSICjfm', '31_lag_36_median_shSICsep', '31_lag_33_median_traIFC']","[5.334189849686391, 1.917529096670794, 1.3867599784688949, 4.648390080461711, 0.42996937720699613, 2.4988611056617493, 2.27265791045828, 4.805089896637213, 5.618098577780533, 8.788876228359499, 1.0632338431059232, 1.5837031850159065, 0.24145082685627806, 0.6408623099278206, 0.42463375810427806, 7.751679639743275, 1.3681407185929757, 4.847133059952316, 8.945734842153136, 5.69044996284624, 1.3854347682545196, 7.690623138537568, 0.14581373925935637, 0.738402128249465, 2.1944828815545803, 0.29047852626170645, 1.5852930784272719, 8.996181030612506, 2.832622868313237, 7.17791946432347]","31_lag_39_median_traFB, 31_lag_35_median_arcTSjfm, 39_lag_ginwSSTjfm, 31_lag_38_median_neurTSjfm, 37_lag_traDP, 34_lag_atlSICjfm, 31_lag_35_median_scpPSLjfm, 31_lag_35_median_alpi, 40_lag_atlSICsep, 33_lag_satlSSTjfm, 31_lag_33_median_atlSICjfm, 33_lag_traBO, 40_lag_seurTSjfm, 31_lag_35_median_tripol1, 36_lag_satlSSTjfm, 31_lag_40_median_ismPRjja, 31_lag_36_median_gyreSSTjfm, 35_lag_traFSC, 32_lag_wnorPRjfm, 39_lag_nhSICjfm, 31_lag_40_median_neurTSjfm, 33_lag_nppc2SSTjfm, 31_lag_32_median_traEC, 33_lag_traMC, 31_lag_39_median_alpi, 31_lag_37_median_traBS, 34_lag_mhfATL30, 31_lag_32_median_nhSICjfm, 31_lag_36_median_shSICsep, 31_lag_33_median_traIFC_1216_31"
LRforcedPSO,27,30,stratZ50ndj03,picntrl,1741.5,2050.5,0.8,42,32,32,20.80081819057961,0.047499687733718765,1216,"['32_lag_39_median_mhfIP30', '38_lag_traFSC', '35_lag_yrvPRjja', '32_lag_34_median_alpi', '32_lag_39_median_neurTSjfm', '35_lag_nppc2SSTjfm', '32_lag_38_median_tripol1', '37_lag_cetTSjfm', '41_lag_amo2', '32_lag_36_median_samPSLann', '35_lag_traFSC', '39_lag_ginwSSTjfm', '32_lag_38_median_nppc3SSTjfm', '37_lag_wnorPRjfm', '40_lag_scpPSLjfm', '32_lag_33_median_cetTSjfm', '32_lag_34_median_scpPSLjfm', '35_lag_alpi', '36_lag_amo3', '35_lag_traTLS', '40_lag_alpi', '32_lag_40_median_atlSICsep', '32_lag_34_median_traTLS', '37_lag_mhfATL30', '33_lag_amoSSTmjjaso', '32_lag_35_median_ismPRjja', '39_lag_tripol3', '33_lag_nppc2SSTjfm', '32_lag_37_median_nppc3SSTjfm', '32_lag_37_median_traFB']","[9.708438606352853, 5.413415533987969, 0.21918462803781935, 9.862377238265672, 2.5573836874448546, 3.8002397881214893, 0.2992067398944904, 2.6877883102809346, 2.7520173740461935, 7.36782696694069, 3.7100347310700084, 2.0603358041587576, 0.5929686029197185, 2.5774608110691606, 0.09355142035268926, 8.54205125515281, 0.31448920412678305, 7.9457103305260475, 4.026909196643036, 8.280456172483412, 5.177609262666428, 5.802248572862956, 2.4698332662543336, 1.5538790451070525, 6.380374219614497, 3.4718685232739475, 4.524284781188456, 3.2289531859650538, 2.8879175835593145, 3.167544097136055]","32_lag_39_median_mhfIP30, 38_lag_traFSC, 35_lag_yrvPRjja, 32_lag_34_median_alpi, 32_lag_39_median_neurTSjfm, 35_lag_nppc2SSTjfm, 32_lag_38_median_tripol1, 37_lag_cetTSjfm, 41_lag_amo2, 32_lag_36_median_samPSLann, 35_lag_traFSC, 39_lag_ginwSSTjfm, 32_lag_38_median_nppc3SSTjfm, 37_lag_wnorPRjfm, 40_lag_scpPSLjfm, 32_lag_33_median_cetTSjfm, 32_lag_34_median_scpPSLjfm, 35_lag_alpi, 36_lag_amo3, 35_lag_traTLS, 40_lag_alpi, 32_lag_40_median_atlSICsep, 32_lag_34_median_traTLS, 37_lag_mhfATL30, 33_lag_amoSSTmjjaso, 32_lag_35_median_ismPRjja, 39_lag_tripol3, 33_lag_nppc2SSTjfm, 32_lag_37_median_nppc3SSTjfm, 32_lag_37_median_traFB_1216_32"
LRforcedPSO,28,30,stratZ50ndj03,picntrl,1742.5,2050.5,0.8,43,33,33,23.871937698454765,0.1440826708978441,1216,"['33_lag_38_median_amo3', '37_lag_traFSC', '39_lag_nchinaPRjja', '34_lag_glomaSSTjfm', '33_lag_36_median_wnorPRjfm', '40_lag_traBO', '39_lag_wnorPRjfm', '39_lag_samPSLann', '37_lag_amoSSTmjjaso', '34_lag_shSICsep', '33_lag_stratZ50ndj01', '36_lag_mhfATL45', '33_lag_35_median_glTSjfm', '42_lag_tripol3', '33_lag_36_median_AMOCann', '33_lag_35_median_cetTSjfm', '33_lag_amo2', '33_lag_40_median_traFS', '33_lag_35_median_traEU', '33_lag_40_median_traCA', '33_lag_37_median_mhfATL60', '33_lag_34_median_traTLS', '37_lag_wnorPRjfm', '33_lag_37_median_neurTSjfm', '33_lag_38_median_amo1', '37_lag_mhfATL45', '34_lag_gyreSSTjfm', '35_lag_ormenSSTjfm', '33_lag_37_median_traIT', '33_lag_35_median_naoPSLjfm']","[9.132269697959071, 9.150507696411898, 8.114210781868415, 0.7540211749271499, 5.192861650304771, 4.7749408002598965, 5.8482557057615665, 4.911420235510089, 0.5618907621931601, 1.4214431499794795, 0.14306263433535626, 0.8893423923044601, 4.794558597768466, 1.972776289869456, 2.238140639015594, 5.371821997593855, 3.21075284609738, 0.9985468498798244, 9.692862085142863, 2.8703816092578354, 8.137902557996696, 0.10380777181308432, 3.7869727581219266, 8.796276054501455, 1.082529858300358, 1.0365902900648365, 3.6816325642913768, 1.872686466277159, 6.561070293942337, 3.664990807490856]","33_lag_38_median_amo3, 37_lag_traFSC, 39_lag_nchinaPRjja, 34_lag_glomaSSTjfm, 33_lag_36_median_wnorPRjfm, 40_lag_traBO, 39_lag_wnorPRjfm, 39_lag_samPSLann, 37_lag_amoSSTmjjaso, 34_lag_shSICsep, 33_lag_stratZ50ndj01, 36_lag_mhfATL45, 33_lag_35_median_glTSjfm, 42_lag_tripol3, 33_lag_36_median_AMOCann, 33_lag_35_median_cetTSjfm, 33_lag_amo2, 33_lag_40_median_traFS, 33_lag_35_median_traEU, 33_lag_40_median_traCA, 33_lag_37_median_mhfATL60, 33_lag_34_median_traTLS, 37_lag_wnorPRjfm, 33_lag_37_median_neurTSjfm, 33_lag_38_median_amo1, 37_lag_mhfATL45, 34_lag_gyreSSTjfm, 35_lag_ormenSSTjfm, 33_lag_37_median_traIT, 33_lag_35_median_naoPSLjfm_1216_33"
LRforcedPSO,29,30,stratZ50ndj03,picntrl,1743.5,2050.5,0.8,44,34,34,22.60333428477584,0.049603510364926544,1216,"['34_lag_41_median_wnorPRjfm', '36_lag_ormenSSTjfm', '38_lag_traFSC', '34_lag_38_median_traFB', '40_lag_nppc2SSTjfm', '34_lag_40_median_amo3', '36_lag_traEC', '34_lag_40_median_ensoSSTjfm', '34_lag_43_median_nppc3SSTjfm', '34_lag_36_median_eapPSLjfm', '35_lag_atlSICsep', '34_lag_38_median_nppc3SSTjfm', '36_lag_amo2', '34_lag_yrvPRjja', '34_lag_35_median_alpi', '34_lag_35_median_traMC', '41_lag_traDP', '42_lag_naoPSLjfm', '35_lag_traCA', '38_lag_pdoSSTjfm', '34_lag_42_median_traFB', '34_lag_41_median_neurTSjfm', '43_lag_seurTSjfm', '34_lag_41_median_traFS', '37_lag_traIT', '41_lag_traEC', '34_lag_shSICmar', '40_lag_amo3', '34_lag_40_median_traFB', '34_lag_43_median_samPSLann']","[6.94500604366787, 8.19268025401145, 2.096793450862493, 3.619133391983116, 3.991956706656583, 9.90934694620325, 5.206955085344092, 4.922937697546952, 6.708353140184052, 1.054390881903423, 0.8118235117184298, 1.5191707649279795, 4.317699788028914, 4.026763186317521, 4.074988092539449, 3.6398831483487033, 1.594760719781224, 0.7013134418615952, 2.324847884372023, 2.939710920178948, 8.414031173226274, 5.464438394596829, 1.7255610524915497, 8.002609936471234, 5.204458662224081, 2.9717399775148383, 4.840265482137389, 4.369641798681161, 6.194917318748043, 1.2250056481450464]","34_lag_41_median_wnorPRjfm, 36_lag_ormenSSTjfm, 38_lag_traFSC, 34_lag_38_median_traFB, 40_lag_nppc2SSTjfm, 34_lag_40_median_amo3, 36_lag_traEC, 34_lag_40_median_ensoSSTjfm, 34_lag_43_median_nppc3SSTjfm, 34_lag_36_median_eapPSLjfm, 35_lag_atlSICsep, 34_lag_38_median_nppc3SSTjfm, 36_lag_amo2, 34_lag_yrvPRjja, 34_lag_35_median_alpi, 34_lag_35_median_traMC, 41_lag_traDP, 42_lag_naoPSLjfm, 35_lag_traCA, 38_lag_pdoSSTjfm, 34_lag_42_median_traFB, 34_lag_41_median_neurTSjfm, 43_lag_seurTSjfm, 34_lag_41_median_traFS, 37_lag_traIT, 41_lag_traEC, 34_lag_shSICmar, 40_lag_amo3, 34_lag_40_median_traFB, 34_lag_43_median_samPSLann_1216_34"
LRforcedPSO,30,30,stratZ50ndj03,picntrl,1744.5,2050.5,0.8,45,35,35,30.3599938774792,0.052667742850402224,1216,"['36_lag_stratZ50ndj04', '44_lag_traIT', '37_lag_cetTSjfm', '35_lag_40_median_traDP', '42_lag_shSICmar', '35_lag_44_median_amo1', '38_lag_glTSjfm', '44_lag_traEC', '37_lag_amoSSTmjjaso', '42_lag_amoSSTmjjaso', '35_lag_36_median_alpi', '37_lag_stratZ50ndj01', '35_lag_37_median_AMOCann', '40_lag_seurTSjfm', '35_lag_39_median_mhfIP30', '35_lag_amo3', '41_lag_atlSICjfm', '38_lag_traMC', '40_lag_nhSICjfm', '35_lag_42_median_nhTSjfm', '35_lag_37_median_yrvPRjja', '36_lag_AMOCann', '35_lag_39_median_traFS', '40_lag_mhfIP30', '35_lag_36_median_shSICsep', '35_lag_42_median_stratZ50ndj02', '35_lag_41_median_amoSSTmjjaso', '41_lag_mhfIP30', '35_lag_40_median_traFSC', '35_lag_43_median_traBO']","[2.488862022981695, 6.678452530564048, 1.196044208528269, 0.6268949689570036, 3.4580245312630487, 6.191127134709342, 2.381204977317233, 9.043616278977524, 9.545716052553201, 0.11761769326816207, 3.718228997854281, 5.8871829991646045, 4.080563557833708, 5.7148683037020165, 2.2789098680866315, 1.301762869002241, 1.2273991582163788, 1.2294241500695122, 4.985028877997557, 4.1504943475945115, 3.3054730473001985, 1.347947404000271, 5.826023307598236, 1.3492774454630219, 7.812417063608148, 9.251495529688817, 4.173775791834217, 3.913866214716684, 1.9942060735081206, 3.0342360735289535]","36_lag_stratZ50ndj04, 44_lag_traIT, 37_lag_cetTSjfm, 35_lag_40_median_traDP, 42_lag_shSICmar, 35_lag_44_median_amo1, 38_lag_glTSjfm, 44_lag_traEC, 37_lag_amoSSTmjjaso, 42_lag_amoSSTmjjaso, 35_lag_36_median_alpi, 37_lag_stratZ50ndj01, 35_lag_37_median_AMOCann, 40_lag_seurTSjfm, 35_lag_39_median_mhfIP30, 35_lag_amo3, 41_lag_atlSICjfm, 38_lag_traMC, 40_lag_nhSICjfm, 35_lag_42_median_nhTSjfm, 35_lag_37_median_yrvPRjja, 36_lag_AMOCann, 35_lag_39_median_traFS, 40_lag_mhfIP30, 35_lag_36_median_shSICsep, 35_lag_42_median_stratZ50ndj02, 35_lag_41_median_amoSSTmjjaso, 41_lag_mhfIP30, 35_lag_40_median_traFSC, 35_lag_43_median_traBO_1216_35"
LRforcedPSO,31,30,stratZ50ndj03,picntrl,1745.5,2050.5,0.8,46,36,36,24.786640368013437,0.11615890954220302,1216,"['36_lag_43_median_traTLS', '40_lag_tripol3', '37_lag_shSICmar', '44_lag_naoPSLjfm', '36_lag_45_median_ormenSSTjfm', '36_lag_41_median_amo3', '36_lag_37_median_AMOCann', '45_lag_nchinaPRjja', '43_lag_stratZ50ndj03', '36_lag_38_median_tripol3', '43_lag_atlSICsep', '37_lag_shSICsep', '36_lag_42_median_amo2', '36_lag_41_median_yrvPRjja', '36_lag_neurTSjfm', '36_lag_43_median_nhSICjfm', '36_lag_38_median_mhfATL30', '39_lag_nhSICsep', '43_lag_seurTSjfm', '45_lag_alpi', '36_lag_44_median_alpi', '36_lag_43_median_ormenSSTjfm', '36_lag_AMOCann', '36_lag_43_median_nhSICsep', '36_lag_38_median_traWP', '38_lag_nhTSjfm', '40_lag_traFSC', '37_lag_pdoSSTjfm', '36_lag_45_median_seurTSjfm', '36_lag_42_median_amo3']","[2.803429312152657, 6.5165604596404485, 2.820407868803855, 5.604230252247156, 2.9102805465092407, 3.6588734468493866, 2.678974926085269, 4.268362185191494, 1.3563387747324853, 3.8359874129918996, 2.712651930411914, 9.58578524118375, 5.877180782877298, 1.4823843295180659, 0.9004390346392892, 9.265942180705673, 8.042452019215482, 2.9749194368099126, 8.70286050616304, 2.3467557973988367, 2.4608006521131376, 3.4019273816765017, 2.28521112883608, 3.655086079785381, 1.9602887828851916, 1.0700703245862808, 1.6446322985104072, 4.353089492618338, 6.329804801539813, 4.120039775335542]","36_lag_43_median_traTLS, 40_lag_tripol3, 37_lag_shSICmar, 44_lag_naoPSLjfm, 36_lag_45_median_ormenSSTjfm, 36_lag_41_median_amo3, 36_lag_37_median_AMOCann, 45_lag_nchinaPRjja, 43_lag_stratZ50ndj03, 36_lag_38_median_tripol3, 43_lag_atlSICsep, 37_lag_shSICsep, 36_lag_42_median_amo2, 36_lag_41_median_yrvPRjja, 36_lag_neurTSjfm, 36_lag_43_median_nhSICjfm, 36_lag_38_median_mhfATL30, 39_lag_nhSICsep, 43_lag_seurTSjfm, 45_lag_alpi, 36_lag_44_median_alpi, 36_lag_43_median_ormenSSTjfm, 36_lag_AMOCann, 36_lag_43_median_nhSICsep, 36_lag_38_median_traWP, 38_lag_nhTSjfm, 40_lag_traFSC, 37_lag_pdoSSTjfm, 36_lag_45_median_seurTSjfm, 36_lag_42_median_amo3_1216_36"
LRforcedPSO,32,30,stratZ50ndj03,picntrl,1746.5,2050.5,0.8,47,37,37,21.976563497923124,-0.08825603053363845,1216,"['43_lag_ormenSSTjfm', '37_lag_44_median_ginwSSTjfm', '37_lag_46_median_traEC', '37_lag_42_median_traEC', '44_lag_scpPSLjfm', '37_lag_39_median_mhfATL30', '42_lag_traIFC', '46_lag_samPSLann', '37_lag_41_median_ginwSSTjfm', '37_lag_46_median_tripol1', '37_lag_43_median_nhSICjfm', '37_lag_46_median_nppc3SSTjfm', '37_lag_traDP', '37_lag_45_median_ormenSSTjfm', '44_lag_tripol2', '38_lag_ismPRjja', '42_lag_amoSSTmjjaso', '37_lag_44_median_seurTSjfm', '42_lag_traFB', '37_lag_41_median_traTLS', '37_lag_44_median_naoPSLjfm', '37_lag_40_median_traWP', '42_lag_pdoSSTjfm', '46_lag_AMOCann', '37_lag_shTSjfm', '37_lag_39_median_traEC', '46_lag_shTSjfm', '37_lag_41_median_traBS', '42_lag_cetTSjfm', '40_lag_AMOCann']","[4.528631895559134, 3.395596528477906, 0.47099254732443363, 6.924863611879346, 0.9212495665185454, 3.107286277380206, 1.1271508537758486, 2.786417057047341, 4.567861769831123, 1.5605509584183181, 2.981836579527317, 6.303338114965387, 2.396645467962008, 1.6324491537404313, 2.3629286630304254, 3.8068062701794325, 4.562428670069217, 7.9269936093165185, 7.769521109394113, 1.5555774844348402, 0.9916387605545722, 1.3763982905920908, 1.7666164925965901, 2.2089110830812064, 1.6636287990937877, 3.4796817400810713, 9.283582318636348, 4.5230415816428575, 4.251367385570283, 7.521583233127043]","43_lag_ormenSSTjfm, 37_lag_44_median_ginwSSTjfm, 37_lag_46_median_traEC, 37_lag_42_median_traEC, 44_lag_scpPSLjfm, 37_lag_39_median_mhfATL30, 42_lag_traIFC, 46_lag_samPSLann, 37_lag_41_median_ginwSSTjfm, 37_lag_46_median_tripol1, 37_lag_43_median_nhSICjfm, 37_lag_46_median_nppc3SSTjfm, 37_lag_traDP, 37_lag_45_median_ormenSSTjfm, 44_lag_tripol2, 38_lag_ismPRjja, 42_lag_amoSSTmjjaso, 37_lag_44_median_seurTSjfm, 42_lag_traFB, 37_lag_41_median_traTLS, 37_lag_44_median_naoPSLjfm, 37_lag_40_median_traWP, 42_lag_pdoSSTjfm, 46_lag_AMOCann, 37_lag_shTSjfm, 37_lag_39_median_traEC, 46_lag_shTSjfm, 37_lag_41_median_traBS, 42_lag_cetTSjfm, 40_lag_AMOCann_1216_37"
LRforcedPSO,33,30,stratZ50ndj03,picntrl,1747.5,2050.5,0.8,48,38,38,25.655834316578797,0.008547634527563814,1216,"['38_lag_42_median_neurTSjfm', '42_lag_traIT', '42_lag_samPSLann', '39_lag_eurPSLjfm', '46_lag_traEC', '38_lag_46_median_nchinaPRjja', '47_lag_traCA', '43_lag_mhfIP30', '38_lag_42_median_cetTSjfm', '38_lag_46_median_amo2', '38_lag_samPSLann', '43_lag_traFS', '38_lag_41_median_traEU', '39_lag_traBO', '46_lag_traIT', '44_lag_wnorPRjfm', '38_lag_43_median_amo1', '38_lag_46_median_samPSLann', '42_lag_stratZ50ndj01', '38_lag_46_median_cetTSjfm', '38_lag_46_median_arcTSjfm', '39_lag_shSICmar', '39_lag_glTSjfm', '38_lag_43_median_mhfATL30', '38_lag_43_median_amoSSTmjjaso', '38_lag_43_median_naoPSLjfm', '42_lag_atlSICjfm', '39_lag_ismPRjja', '42_lag_tripol3', '38_lag_46_median_shSICsep']","[4.387700198442241, 7.13629279670092, 6.838630271927235, 9.402605867628486, 0.4763825882950883, 0.9391788680094351, 9.539320300034145, 3.1755969765068315, 2.1308525115851884, 6.1713701197440365, 3.5165047683895256, 2.0456585849952464, 3.61925848437712, 5.636320507893762, 2.0876847323984187, 6.637695868403689, 2.988399852166559, 0.3613274396960442, 2.0675603640838975, 6.98410733355264, 4.219750308247048, 9.174619014692603, 6.151457433614723, 6.762867736554408, 2.868268790348978, 1.2789325005935233, 3.306301522647952, 6.56979007216696, 3.3495006413625443, 4.187400167334234]","38_lag_42_median_neurTSjfm, 42_lag_traIT, 42_lag_samPSLann, 39_lag_eurPSLjfm, 46_lag_traEC, 38_lag_46_median_nchinaPRjja, 47_lag_traCA, 43_lag_mhfIP30, 38_lag_42_median_cetTSjfm, 38_lag_46_median_amo2, 38_lag_samPSLann, 43_lag_traFS, 38_lag_41_median_traEU, 39_lag_traBO, 46_lag_traIT, 44_lag_wnorPRjfm, 38_lag_43_median_amo1, 38_lag_46_median_samPSLann, 42_lag_stratZ50ndj01, 38_lag_46_median_cetTSjfm, 38_lag_46_median_arcTSjfm, 39_lag_shSICmar, 39_lag_glTSjfm, 38_lag_43_median_mhfATL30, 38_lag_43_median_amoSSTmjjaso, 38_lag_43_median_naoPSLjfm, 42_lag_atlSICjfm, 39_lag_ismPRjja, 42_lag_tripol3, 38_lag_46_median_shSICsep_1216_38"
LRforcedPSO,34,30,stratZ50ndj03,picntrl,1748.5,2050.5,0.8,49,39,39,21.08191627420273,-0.036245391238474055,1216,"['43_lag_pdoSSTjfm', '41_lag_traBO', '39_lag_40_median_nppc2SSTjfm', '42_lag_mhfATL30', '39_lag_43_median_traDP', '39_lag_41_median_mhfIP30', '47_lag_glTSjfm', '41_lag_glomaSSTjfm', '39_lag_44_median_glTSjfm', '39_lag_40_median_neurTSjfm', '42_lag_ginwSSTjfm', '45_lag_ismPRjja', '39_lag_45_median_pdoSSTjfm', '39_lag_48_median_traMC', '47_lag_mhfIP30', '41_lag_traDP', '44_lag_nppc2SSTjfm', '48_lag_amo2', '39_lag_45_median_amo3', '43_lag_satlSSTjfm', '45_lag_shTSjfm', '40_lag_AMOCann', '46_lag_ginwSSTjfm', '48_lag_shSICmar', '39_lag_45_median_samPSLann', '48_lag_glTSjfm', '39_lag_45_median_stratZ50ndj04', '39_lag_43_median_tripol3', '45_lag_scpPSLjfm', '39_lag_neurTSjfm']","[1.3860532766384264, 0.33075097577431833, 4.35171056539674, 0.5789354964255189, 9.411406366990875, 0.6574386677282895, 2.4820044273313924, 9.012164398256544, 2.5363108290613567, 6.700889293776321, 0.6822503818196761, 2.0143367679126474, 7.574287609481949, 0.8675567732151723, 2.7136683497340677, 4.209971651922837, 4.484802974241271, 0.7596256085782631, 4.460294701174348, 4.2493163116155035, 5.628417358573234, 3.5946430517492844, 1.803337106795082, 4.925685882103032, 8.804523974628353, 5.931530443083465, 5.207084666060926, 3.7976570600756165, 3.8980286116103553, 3.709941529874925]","43_lag_pdoSSTjfm, 41_lag_traBO, 39_lag_40_median_nppc2SSTjfm, 42_lag_mhfATL30, 39_lag_43_median_traDP, 39_lag_41_median_mhfIP30, 47_lag_glTSjfm, 41_lag_glomaSSTjfm, 39_lag_44_median_glTSjfm, 39_lag_40_median_neurTSjfm, 42_lag_ginwSSTjfm, 45_lag_ismPRjja, 39_lag_45_median_pdoSSTjfm, 39_lag_48_median_traMC, 47_lag_mhfIP30, 41_lag_traDP, 44_lag_nppc2SSTjfm, 48_lag_amo2, 39_lag_45_median_amo3, 43_lag_satlSSTjfm, 45_lag_shTSjfm, 40_lag_AMOCann, 46_lag_ginwSSTjfm, 48_lag_shSICmar, 39_lag_45_median_samPSLann, 48_lag_glTSjfm, 39_lag_45_median_stratZ50ndj04, 39_lag_43_median_tripol3, 45_lag_scpPSLjfm, 39_lag_neurTSjfm_1216_39"
LRforcedPSO,35,30,stratZ50ndj03,picntrl,1749.5,2050.5,0.8,50,40,40,19.576184028023363,0.13587182115427812,1216,"['45_lag_mhfATL45', '48_lag_amoSSTmjjaso', '46_lag_traEC', '40_lag_41_median_shSICsep', '40_lag_48_median_atlSICjfm', '48_lag_mhfATL30', '43_lag_mhfATL30', '47_lag_traBS', '40_lag_44_median_traDP', '40_lag_48_median_tripol3', '43_lag_shSICmar', '40_lag_41_median_traEC', '40_lag_44_median_cetTSjfm', '40_lag_48_median_satlSSTjfm', '40_lag_45_median_ismPRjja', '42_lag_shSICsep', '43_lag_traFSC', '48_lag_cetTSjfm', '40_lag_41_median_shTSjfm', '40_lag_46_median_nppc2SSTjfm', '40_lag_44_median_atlSICsep', '47_lag_nhSICjfm', '49_lag_atlSICsep', '42_lag_traCA', '40_lag_42_median_stratZ50ndj01', '40_lag_48_median_traEC', '40_lag_46_median_tripol3', '44_lag_traDP', '40_lag_48_median_nppc2SSTjfm', '40_lag_41_median_ginwSSTjfm']","[6.474182774467767, 9.354277548362422, 2.844755127713656, 2.600644670463467, 5.751089814531261, 5.947200402611605, 7.647144001402825, 4.813712139656452, 0.9508444212470835, 1.006595717525924, 3.6398012878360086, 0.5650620518376055, 1.3672826802086995, 8.24640405395429, 4.572822335355489, 3.461756093598643, 6.317003631483786, 1.1876665774985327, 0.18348678397649643, 3.775639258717309, 1.3501197877527815, 0.6728354756175712, 2.881205881309455, 2.2497920434662433, 0.9353782487006121, 5.513363592450435, 9.889105467763489, 0.09015125970169002, 0.1750186907783018, 4.394181311113732]","45_lag_mhfATL45, 48_lag_amoSSTmjjaso, 46_lag_traEC, 40_lag_41_median_shSICsep, 40_lag_48_median_atlSICjfm, 48_lag_mhfATL30, 43_lag_mhfATL30, 47_lag_traBS, 40_lag_44_median_traDP, 40_lag_48_median_tripol3, 43_lag_shSICmar, 40_lag_41_median_traEC, 40_lag_44_median_cetTSjfm, 40_lag_48_median_satlSSTjfm, 40_lag_45_median_ismPRjja, 42_lag_shSICsep, 43_lag_traFSC, 48_lag_cetTSjfm, 40_lag_41_median_shTSjfm, 40_lag_46_median_nppc2SSTjfm, 40_lag_44_median_atlSICsep, 47_lag_nhSICjfm, 49_lag_atlSICsep, 42_lag_traCA, 40_lag_42_median_stratZ50ndj01, 40_lag_48_median_traEC, 40_lag_46_median_tripol3, 44_lag_traDP, 40_lag_48_median_nppc2SSTjfm, 40_lag_41_median_ginwSSTjfm_1216_40"
LRforcedPSO,36,30,stratZ50ndj03,picntrl,1750.5,2050.5,0.8,51,41,41,32.59348652010716,-0.1013429120685506,1216,"['41_lag_44_median_traIT', '41_lag_49_median_alpi', '41_lag_46_median_glTSjfm', '46_lag_nhSICjfm', '50_lag_mhfATL45', '41_lag_45_median_tripol3', '41_lag_50_median_mhfATL60', '41_lag_46_median_labSSTjfm', '45_lag_shSICmar', '42_lag_nchinaPRjja', '48_lag_traBS', '41_lag_46_median_mhfATL60', '45_lag_mhfATL30', '41_lag_48_median_gyreSSTjfm', '41_lag_47_median_tripol1', '41_lag_43_median_nppc3SSTjfm', '44_lag_traIT', '48_lag_atlSICjfm', '41_lag_50_median_nhSICjfm', '41_lag_46_median_amo2', '46_lag_traFS', '41_lag_44_median_amoSSTmjjaso', '41_lag_42_median_traEU', '41_lag_50_median_amoSSTmjjaso', '41_lag_46_median_traMC', '45_lag_ismPRjja', '47_lag_traFSC', '41_lag_49_median_yrvPRjja', '41_lag_43_median_wnorPRjfm', '41_lag_50_median_scpPSLjfm']","[9.298520494782125, 5.316220558046263, 2.889105147723658, 2.3055078032318566, 7.407625757982328, 0.44732125790048727, 0.5785520011079921, 4.0197159586445235, 4.427519866536372, 4.280043223318943, 3.045153244634049, 7.485463939480464, 4.50704026249417, 1.5592585154235916, 7.22404426852613, 9.206197656438459, 5.509554198793653, 1.7371927560484242, 2.3903408200912635, 3.165090119803642, 6.523330326019501, 5.832241480460976, 2.8609703775124196, 2.4652956153133907, 7.654222161730209, 4.923345350118858, 7.348666890246559, 0.6491611474194965, 1.7573721693352127, 7.049958916946636]","41_lag_44_median_traIT, 41_lag_49_median_alpi, 41_lag_46_median_glTSjfm, 46_lag_nhSICjfm, 50_lag_mhfATL45, 41_lag_45_median_tripol3, 41_lag_50_median_mhfATL60, 41_lag_46_median_labSSTjfm, 45_lag_shSICmar, 42_lag_nchinaPRjja, 48_lag_traBS, 41_lag_46_median_mhfATL60, 45_lag_mhfATL30, 41_lag_48_median_gyreSSTjfm, 41_lag_47_median_tripol1, 41_lag_43_median_nppc3SSTjfm, 44_lag_traIT, 48_lag_atlSICjfm, 41_lag_50_median_nhSICjfm, 41_lag_46_median_amo2, 46_lag_traFS, 41_lag_44_median_amoSSTmjjaso, 41_lag_42_median_traEU, 41_lag_50_median_amoSSTmjjaso, 41_lag_46_median_traMC, 45_lag_ismPRjja, 47_lag_traFSC, 41_lag_49_median_yrvPRjja, 41_lag_43_median_wnorPRjfm, 41_lag_50_median_scpPSLjfm_1216_41"
LRforcedPSO,37,30,stratZ50ndj03,picntrl,1751.5,2050.5,0.8,52,42,42,18.959605655516597,0.1521581900611162,1216,"['42_lag_46_median_amo2', '42_lag_48_median_satlSSTjfm', '42_lag_49_median_labSSTjfm', '49_lag_ensoSSTjfm', '49_lag_wnorPRjfm', '48_lag_ormenSSTjfm', '44_lag_nhSICjfm', '42_lag_48_median_naoPSLjfm', '42_lag_traIFC', '42_lag_mhfATL30', '42_lag_46_median_ismPRjja', '42_lag_43_median_neurTSjfm', '51_lag_atlSICjfm', '50_lag_arcTSjfm', '42_lag_44_median_seurTSjfm', '49_lag_neurTSjfm', '42_lag_49_median_ormenSSTjfm', '46_lag_traDP', '48_lag_tripol2', '42_lag_45_median_amoSSTmjjaso', '42_lag_44_median_amo2', '50_lag_traBO', '42_lag_51_median_naoPSLjfm', '51_lag_mhfATL30', '42_lag_49_median_nhTSjfm', '42_lag_51_median_AMOCann', '42_lag_51_median_scpPSLjfm', '49_lag_traMC', '42_lag_51_median_nchinaPRjja', '42_lag_47_median_atlSICsep']","[1.814885021949543, 0.5830989205720876, 4.4148411176653894, 1.8622892600340553, 9.083184185555634, 3.776146700248959, 3.8494654934985277, 2.8136729885208993, 7.679698456552998, 8.499861215090107, 6.7588657097115785, 0.9447748304127828, 2.7736265705593155, 2.391926855820568, 5.481875255897968, 9.89895878409758, 0.7863481876641707, 2.0380713607120136, 6.723311551736121, 2.705676698528232, 1.5934239188702293, 2.6099206441789047, 5.3250968824125415, 2.220280591124859, 5.516681026363253, 8.842041657395676, 0.023306125366449493, 5.742249076596611, 0.5242735261634159, 4.89101980792425]","42_lag_46_median_amo2, 42_lag_48_median_satlSSTjfm, 42_lag_49_median_labSSTjfm, 49_lag_ensoSSTjfm, 49_lag_wnorPRjfm, 48_lag_ormenSSTjfm, 44_lag_nhSICjfm, 42_lag_48_median_naoPSLjfm, 42_lag_traIFC, 42_lag_mhfATL30, 42_lag_46_median_ismPRjja, 42_lag_43_median_neurTSjfm, 51_lag_atlSICjfm, 50_lag_arcTSjfm, 42_lag_44_median_seurTSjfm, 49_lag_neurTSjfm, 42_lag_49_median_ormenSSTjfm, 46_lag_traDP, 48_lag_tripol2, 42_lag_45_median_amoSSTmjjaso, 42_lag_44_median_amo2, 50_lag_traBO, 42_lag_51_median_naoPSLjfm, 51_lag_mhfATL30, 42_lag_49_median_nhTSjfm, 42_lag_51_median_AMOCann, 42_lag_51_median_scpPSLjfm, 49_lag_traMC, 42_lag_51_median_nchinaPRjja, 42_lag_47_median_atlSICsep_1216_42"
LRforcedPSO,38,30,stratZ50ndj03,picntrl,1752.5,2050.5,0.8,53,43,43,24.017242424443907,0.20733209446022727,1216,"['43_lag_45_median_atlSICsep', '44_lag_satlSSTjfm', '48_lag_AMOCann', '50_lag_mhfATL45', '43_lag_47_median_stratZ50ndj04', '52_lag_eurPSLjfm', '44_lag_alpi', '43_lag_47_median_neurTSjfm', '43_lag_44_median_shSICmar', '46_lag_traTLS', '44_lag_traBS', '51_lag_pdoSSTjfm', '43_lag_46_median_traFSC', '43_lag_tripol2', '43_lag_49_median_traIT', '43_lag_47_median_amoSSTmjjaso', '46_lag_traFSC', '48_lag_stratZ50ndj02', '43_lag_44_median_amo3', '48_lag_traBO', '43_lag_traBO', '43_lag_52_median_nppc3SSTjfm', '43_lag_traEC', '47_lag_arcTSjfm', '43_lag_46_median_tripol2', '47_lag_AMOCann', '43_lag_52_median_amo1', '47_lag_ginwSSTjfm', '43_lag_51_median_stratZ50ndj04', '43_lag_44_median_traBO']","[0.7323151453382764, 3.1802386228425794, 6.416523065211159, 7.435830088909668, 8.496820023317639, 8.208532816606747, 2.1270846627151307, 5.652089356307236, 4.804368911908434, 4.049462603710392, 1.648962315604873, 6.107788264023819, 1.3865528661606774, 3.307057982919874, 1.7060830505152875, 7.055186776172513, 9.915591843809306, 6.247248484817238, 4.252835410147606, 1.013267917119105, 6.355226815195692, 3.3860683333013437, 7.494803373491951, 9.392537190557736, 3.7424576612044724, 3.988812057756137, 8.858675333501743, 5.485293240661155, 0.1372407056897078, 3.9422269846311657]","43_lag_45_median_atlSICsep, 44_lag_satlSSTjfm, 48_lag_AMOCann, 50_lag_mhfATL45, 43_lag_47_median_stratZ50ndj04, 52_lag_eurPSLjfm, 44_lag_alpi, 43_lag_47_median_neurTSjfm, 43_lag_44_median_shSICmar, 46_lag_traTLS, 44_lag_traBS, 51_lag_pdoSSTjfm, 43_lag_46_median_traFSC, 43_lag_tripol2, 43_lag_49_median_traIT, 43_lag_47_median_amoSSTmjjaso, 46_lag_traFSC, 48_lag_stratZ50ndj02, 43_lag_44_median_amo3, 48_lag_traBO, 43_lag_traBO, 43_lag_52_median_nppc3SSTjfm, 43_lag_traEC, 47_lag_arcTSjfm, 43_lag_46_median_tripol2, 47_lag_AMOCann, 43_lag_52_median_amo1, 47_lag_ginwSSTjfm, 43_lag_51_median_stratZ50ndj04, 43_lag_44_median_traBO_1216_43"
LRforcedPSO,39,30,stratZ50ndj03,picntrl,1753.5,2050.5,0.8,54,44,44,26.30025240183468,-0.01259666673064816,1216,"['46_lag_mhfATL30', '44_lag_47_median_scpPSLjfm', '49_lag_ensoSSTjfm', '44_lag_48_median_stratZ50ndj02', '47_lag_tripol3', '47_lag_alpi', '44_lag_47_median_eapPSLjfm', '52_lag_traBS', '44_lag_52_median_samPSLann', '49_lag_glTSjfm', '44_lag_46_median_amo3', '46_lag_yrvPRjja', '44_lag_45_median_mhfATL45', '46_lag_AMOCann', '44_lag_amo3', '49_lag_amo1', '44_lag_50_median_labSSTjfm', '44_lag_48_median_traCA', '44_lag_53_median_amoSSTmjjaso', '48_lag_ginwSSTjfm', '44_lag_50_median_traBO', '44_lag_53_median_labSSTjfm', '44_lag_46_median_nhSICsep', '47_lag_satlSSTjfm', '47_lag_shTSjfm', '48_lag_shSICsep', '50_lag_shTSjfm', '49_lag_traTLS', '49_lag_ormenSSTjfm', '50_lag_traEU']","[1.7805499000533267, 0.04230307114287868, 5.150060401229561, 0.5364600806017545, 4.76014446336942, 5.543925591101777, 2.108367867326514, 4.123134734981612, 6.499621933190575, 8.726106072718022, 6.276665839422581, 7.360804745940445, 6.257739150327225, 0.26879135796417764, 4.928198502791805, 3.806543422845383, 9.661307603246893, 2.925572198637287, 2.147642237798726, 0.13580151514469918, 5.791313126684736, 2.494166334292361, 6.617917948200449, 3.6391345408578957, 2.4637146701114183, 4.159837128743254, 2.783210405548317, 1.6424991415670736, 5.91430049255707, 0.057193018511689786]","46_lag_mhfATL30, 44_lag_47_median_scpPSLjfm, 49_lag_ensoSSTjfm, 44_lag_48_median_stratZ50ndj02, 47_lag_tripol3, 47_lag_alpi, 44_lag_47_median_eapPSLjfm, 52_lag_traBS, 44_lag_52_median_samPSLann, 49_lag_glTSjfm, 44_lag_46_median_amo3, 46_lag_yrvPRjja, 44_lag_45_median_mhfATL45, 46_lag_AMOCann, 44_lag_amo3, 49_lag_amo1, 44_lag_50_median_labSSTjfm, 44_lag_48_median_traCA, 44_lag_53_median_amoSSTmjjaso, 48_lag_ginwSSTjfm, 44_lag_50_median_traBO, 44_lag_53_median_labSSTjfm, 44_lag_46_median_nhSICsep, 47_lag_satlSSTjfm, 47_lag_shTSjfm, 48_lag_shSICsep, 50_lag_shTSjfm, 49_lag_traTLS, 49_lag_ormenSSTjfm, 50_lag_traEU_1216_44"
LRforcedPSO,40,30,stratZ50ndj03,picntrl,1754.5,2050.5,0.8,55,45,45,24.92012801711219,-0.19440719548620353,1216,"['50_lag_traEU', '47_lag_mhfIP30', '50_lag_traFS', '45_lag_52_median_atlSICsep', '45_lag_50_median_neurTSjfm', '45_lag_47_median_tripol3', '54_lag_yrvPRjja', '45_lag_48_median_alpi', '45_lag_47_median_traFS', '45_lag_scpPSLjfm', '45_lag_54_median_nchinaPRjja', '49_lag_traIFC', '47_lag_stratZ50ndj01', '53_lag_alpi', '45_lag_arcTSjfm', '54_lag_traIFC', '45_lag_52_median_AMOCann', '49_lag_traEC', '45_lag_48_median_labSSTjfm', '46_lag_glTSjfm', '49_lag_neurTSjfm', '52_lag_tripol2', '45_lag_49_median_mhfIP30', '52_lag_nhSICsep', '45_lag_47_median_satlSSTjfm', '48_lag_tripol1', '45_lag_tripol1', '51_lag_mhfATL60', '48_lag_mhfIP30', '53_lag_cetTSjfm']","[4.225433157262636, 6.211519363828866, 6.401495263745296, 3.9818830486789665, 2.3125583459758836, 6.474686891217445, 6.234582138015551, 4.905179326464925, 1.369217314201359, 0.9662694534739469, 9.198377983577139, 3.2056329061324327, 0.4366073473571994, 3.142722808072545, 0.09765493472718134, 5.056763634808563, 4.818086855407271, 8.084762460192362, 4.960068670893374, 4.753574057701759, 3.883539500741251, 0.956729932424345, 8.293456874523198, 1.0536161979489371, 9.364133304676646, 4.9111407773444515, 8.282859384299456, 3.8458111340344807, 2.747449398936526, 3.819963091868173]","50_lag_traEU, 47_lag_mhfIP30, 50_lag_traFS, 45_lag_52_median_atlSICsep, 45_lag_50_median_neurTSjfm, 45_lag_47_median_tripol3, 54_lag_yrvPRjja, 45_lag_48_median_alpi, 45_lag_47_median_traFS, 45_lag_scpPSLjfm, 45_lag_54_median_nchinaPRjja, 49_lag_traIFC, 47_lag_stratZ50ndj01, 53_lag_alpi, 45_lag_arcTSjfm, 54_lag_traIFC, 45_lag_52_median_AMOCann, 49_lag_traEC, 45_lag_48_median_labSSTjfm, 46_lag_glTSjfm, 49_lag_neurTSjfm, 52_lag_tripol2, 45_lag_49_median_mhfIP30, 52_lag_nhSICsep, 45_lag_47_median_satlSSTjfm, 48_lag_tripol1, 45_lag_tripol1, 51_lag_mhfATL60, 48_lag_mhfIP30, 53_lag_cetTSjfm_1216_45"
LRforcedPSO,41,30,stratZ50ndj03,picntrl,1755.5,2050.5,0.8,56,46,46,23.221556036882784,0.10681378219141532,1216,"['50_lag_scpPSLjfm', '46_lag_52_median_traBS', '55_lag_nppc2SSTjfm', '48_lag_ormenSSTjfm', '50_lag_tripol3', '49_lag_AMOCann', '46_lag_51_median_nhSICjfm', '46_lag_traTLS', '46_lag_54_median_cetTSjfm', '46_lag_51_median_amoSSTmjjaso', '46_lag_52_median_tripol2', '46_lag_53_median_stratZ50ndj03', '52_lag_traCA', '47_lag_nhSICsep', '46_lag_54_median_arcTSjfm', '55_lag_scpPSLjfm', '46_lag_54_median_tripol2', '52_lag_tripol2', '46_lag_50_median_traFB', '46_lag_amoSSTmjjaso', '53_lag_mhfATL45', '46_lag_55_median_atlSICjfm', '51_lag_stratZ50ndj01', '55_lag_traFSC', '46_lag_50_median_cetTSjfm', '46_lag_48_median_nhSICjfm', '46_lag_49_median_stratZ50ndj03', '46_lag_53_median_nchinaPRjja', '47_lag_scpPSLjfm', '46_lag_52_median_yrvPRjja']","[4.594395758278392, 1.42065923261997, 7.093975832526633, 0.061664121340005096, 4.180265649406721, 6.924642627889801, 2.20424488208105, 1.2572200741643424, 9.202726177307628, 0.339749897184662, 2.403876602079727, 3.8956690019040767, 2.2743520954461482, 4.706389545451994, 3.525018798302412, 9.399272040018605, 7.209359720388539, 3.6081283152447963, 3.61563427021542, 1.6280089369970714, 8.311399994033522, 5.552771723435264, 7.533028721367064, 5.3026633463488455, 6.874766197664693, 1.356704453420507, 6.932938382797853, 9.065271894120299, 4.255042633854435, 4.050206561951091]","50_lag_scpPSLjfm, 46_lag_52_median_traBS, 55_lag_nppc2SSTjfm, 48_lag_ormenSSTjfm, 50_lag_tripol3, 49_lag_AMOCann, 46_lag_51_median_nhSICjfm, 46_lag_traTLS, 46_lag_54_median_cetTSjfm, 46_lag_51_median_amoSSTmjjaso, 46_lag_52_median_tripol2, 46_lag_53_median_stratZ50ndj03, 52_lag_traCA, 47_lag_nhSICsep, 46_lag_54_median_arcTSjfm, 55_lag_scpPSLjfm, 46_lag_54_median_tripol2, 52_lag_tripol2, 46_lag_50_median_traFB, 46_lag_amoSSTmjjaso, 53_lag_mhfATL45, 46_lag_55_median_atlSICjfm, 51_lag_stratZ50ndj01, 55_lag_traFSC, 46_lag_50_median_cetTSjfm, 46_lag_48_median_nhSICjfm, 46_lag_49_median_stratZ50ndj03, 46_lag_53_median_nchinaPRjja, 47_lag_scpPSLjfm, 46_lag_52_median_yrvPRjja_1216_46"
LRforcedPSO,42,30,stratZ50ndj03,picntrl,1756.5,2050.5,0.8,57,47,47,26.807632804005284,-0.11931993607414865,1216,"['51_lag_naoPSLjfm', '47_lag_52_median_mhfATL60', '47_lag_54_median_traWP', '54_lag_tripol2', '47_lag_54_median_traDS', '47_lag_48_median_yrvPRjja', '54_lag_nhTSjfm', '47_lag_53_median_amo2', '47_lag_53_median_traDS', '47_lag_49_median_nhSICsep', '47_lag_54_median_traIFC', '47_lag_seurTSjfm', '47_lag_56_median_mhfATL45', '47_lag_52_median_stratZ50ndj01', '47_lag_48_median_AMOCann', '47_lag_52_median_stratZ50ndj03', '47_lag_53_median_shSICsep', '51_lag_traFSC', '50_lag_tripol3', '47_lag_53_median_yrvPRjja', '49_lag_amo3', '53_lag_amoSSTmjjaso', '53_lag_mhfATL30', '47_lag_glTSjfm', '47_lag_51_median_ensoSSTjfm', '47_lag_49_median_seurTSjfm', '47_lag_56_median_ormenSSTjfm', '47_lag_56_median_ginwSSTjfm', '47_lag_cetTSjfm', '53_lag_amo3']","[7.873486883220053, 5.013859992160551, 3.62036397600345, 8.087186346216072, 2.6714269992294115, 0.8002476326894854, 9.4168366885119, 9.90996200708975, 6.637551090843708, 3.7958586592859405, 1.8863483654109832, 4.504590605091279, 1.5274792607146956, 2.363601631744947, 0.023825156055208296, 2.7761503987071894, 8.341418478644435, 1.8602137470965587, 2.749780539335907, 9.438153625103169, 6.283805066660825, 5.4425739212629125, 5.2881166839611, 3.5187199086310823, 6.554062308672105, 1.4477602521037998, 7.689609010260565, 4.948988967222818, 7.9007871541747265, 2.5060144496175614]","51_lag_naoPSLjfm, 47_lag_52_median_mhfATL60, 47_lag_54_median_traWP, 54_lag_tripol2, 47_lag_54_median_traDS, 47_lag_48_median_yrvPRjja, 54_lag_nhTSjfm, 47_lag_53_median_amo2, 47_lag_53_median_traDS, 47_lag_49_median_nhSICsep, 47_lag_54_median_traIFC, 47_lag_seurTSjfm, 47_lag_56_median_mhfATL45, 47_lag_52_median_stratZ50ndj01, 47_lag_48_median_AMOCann, 47_lag_52_median_stratZ50ndj03, 47_lag_53_median_shSICsep, 51_lag_traFSC, 50_lag_tripol3, 47_lag_53_median_yrvPRjja, 49_lag_amo3, 53_lag_amoSSTmjjaso, 53_lag_mhfATL30, 47_lag_glTSjfm, 47_lag_51_median_ensoSSTjfm, 47_lag_49_median_seurTSjfm, 47_lag_56_median_ormenSSTjfm, 47_lag_56_median_ginwSSTjfm, 47_lag_cetTSjfm, 53_lag_amo3_1216_47"
LRforcedPSO,43,30,stratZ50ndj03,picntrl,1757.5,2050.5,0.8,58,48,48,24.727011241036397,-0.04937534367753773,1216,"['53_lag_neurTSjfm', '50_lag_tripol3', '54_lag_traFS', '53_lag_traWP', '48_lag_55_median_tripol1', '48_lag_57_median_traBO', '55_lag_mhfATL60', '48_lag_50_median_traIFC', '52_lag_alpi', '48_lag_52_median_ensoSSTjfm', '48_lag_55_median_nhSICsep', '48_lag_56_median_seurTSjfm', '55_lag_stratZ50ndj01', '55_lag_amoSSTmjjaso', '48_lag_54_median_alpi', '48_lag_stratZ50ndj01', '55_lag_traEC', '53_lag_mhfATL30', '56_lag_shTSjfm', '51_lag_nhSICsep', '54_lag_ginwSSTjfm', '53_lag_ensoSSTjfm', '57_lag_traBO', '50_lag_satlSSTjfm', '48_lag_56_median_mhfATL60', '48_lag_53_median_traBS', '51_lag_ginwSSTjfm', '48_lag_50_median_neurTSjfm', '57_lag_traDP', '48_lag_54_median_samPSLann']","[6.017243353208488, 8.095502597534658, 3.737781115210643, 1.182750070926069, 0.6072084459721179, 6.597118413761169, 4.953763296942848, 1.2206807373114934, 5.302689286316561, 2.633722375847027, 8.326341098371067, 6.864227307981196, 0.7074655370723413, 8.094660574954828, 2.8027011889191034, 5.1144621296596995, 0.9823141825867339, 0.48527167533733007, 5.555665064570383, 9.616668363276176, 7.303495216353031, 5.454328476659436, 5.1214879717823925, 3.5670994440891945, 9.723157711079525, 1.9806714599267679, 6.039170442164112, 0.9058989229833418, 5.964257382227814, 9.574235925765688]","53_lag_neurTSjfm, 50_lag_tripol3, 54_lag_traFS, 53_lag_traWP, 48_lag_55_median_tripol1, 48_lag_57_median_traBO, 55_lag_mhfATL60, 48_lag_50_median_traIFC, 52_lag_alpi, 48_lag_52_median_ensoSSTjfm, 48_lag_55_median_nhSICsep, 48_lag_56_median_seurTSjfm, 55_lag_stratZ50ndj01, 55_lag_amoSSTmjjaso, 48_lag_54_median_alpi, 48_lag_stratZ50ndj01, 55_lag_traEC, 53_lag_mhfATL30, 56_lag_shTSjfm, 51_lag_nhSICsep, 54_lag_ginwSSTjfm, 53_lag_ensoSSTjfm, 57_lag_traBO, 50_lag_satlSSTjfm, 48_lag_56_median_mhfATL60, 48_lag_53_median_traBS, 51_lag_ginwSSTjfm, 48_lag_50_median_neurTSjfm, 57_lag_traDP, 48_lag_54_median_samPSLann_1216_48"
LRforcedPSO,44,30,stratZ50ndj03,picntrl,1758.5,2050.5,0.8,59,49,49,24.516597066146765,-0.011268186165442097,1216,"['49_lag_51_median_traDP', '58_lag_traIFC', '49_lag_50_median_traTLS', '49_lag_56_median_stratZ50ndj04', '49_lag_53_median_ginwSSTjfm', '51_lag_nhSICsep', '49_lag_54_median_tripol3', '49_lag_55_median_nppc3SSTjfm', '56_lag_naoPSLjfm', '49_lag_stratZ50ndj02', '56_lag_traDS', '49_lag_50_median_arcTSjfm', '49_lag_52_median_pdoSSTjfm', '53_lag_traFSC', '49_lag_53_median_amoSSTmjjaso', '51_lag_neurTSjfm', '54_lag_ensoSSTjfm', '49_lag_50_median_nchinaPRjja', '54_lag_satlSSTjfm', '49_lag_58_median_ismPRjja', '56_lag_atlSICsep', '49_lag_58_median_traTLS', '49_lag_stratZ50ndj01', '55_lag_arcTSjfm', '49_lag_53_median_stratZ50ndj04', '52_lag_AMOCann', '49_lag_51_median_amoSSTmjjaso', '49_lag_52_median_amo3', '52_lag_amoSSTmjjaso', '49_lag_56_median_nhTSjfm']","[8.627899877001433, 5.7675674708175695, 5.541923957039456, 0.8265346206329323, 3.870923687699028, 4.246944260572565, 5.8621378261890955, 1.9354494719878357, 1.279864111215792, 0.46059363326725133, 7.263378947616996, 1.296668890826032, 4.129582854961438, 0.9166855898057982, 4.553703619286715, 5.27993693125731, 2.3870341890367808, 3.1959404624455967, 8.47069364434374, 3.0825747798898373, 0.7966035623516134, 8.501356326931532, 1.3800981134546966, 5.490456841216176, 9.471827945988199, 2.8561495934785057, 0.9549896437138159, 2.5656246435759975, 1.0476491001855166, 2.2739783319838303]","49_lag_51_median_traDP, 58_lag_traIFC, 49_lag_50_median_traTLS, 49_lag_56_median_stratZ50ndj04, 49_lag_53_median_ginwSSTjfm, 51_lag_nhSICsep, 49_lag_54_median_tripol3, 49_lag_55_median_nppc3SSTjfm, 56_lag_naoPSLjfm, 49_lag_stratZ50ndj02, 56_lag_traDS, 49_lag_50_median_arcTSjfm, 49_lag_52_median_pdoSSTjfm, 53_lag_traFSC, 49_lag_53_median_amoSSTmjjaso, 51_lag_neurTSjfm, 54_lag_ensoSSTjfm, 49_lag_50_median_nchinaPRjja, 54_lag_satlSSTjfm, 49_lag_58_median_ismPRjja, 56_lag_atlSICsep, 49_lag_58_median_traTLS, 49_lag_stratZ50ndj01, 55_lag_arcTSjfm, 49_lag_53_median_stratZ50ndj04, 52_lag_AMOCann, 49_lag_51_median_amoSSTmjjaso, 49_lag_52_median_amo3, 52_lag_amoSSTmjjaso, 49_lag_56_median_nhTSjfm_1216_49"
LRforcedPSO,45,30,stratZ50ndj03,picntrl,1759.5,2050.5,0.8,60,50,50,25.616792393663175,-0.05819181173909097,1216,"['53_lag_amo2', '56_lag_traDS', '50_lag_51_median_amo1', '50_lag_54_median_stratZ50ndj03', '55_lag_ensoSSTjfm', '56_lag_scpPSLjfm', '58_lag_glTSjfm', '50_lag_traBS', '50_lag_57_median_stratZ50ndj01', '52_lag_wnorPRjfm', '57_lag_pdoSSTjfm', '50_lag_51_median_arcTSjfm', '50_lag_traTLS', '50_lag_atlSICsep', '55_lag_shSICsep', '50_lag_52_median_shSICsep', '53_lag_cetTSjfm', '57_lag_traCA', '50_lag_52_median_traDS', '57_lag_neurTSjfm', '50_lag_57_median_traBO', '50_lag_59_median_satlSSTjfm', '50_lag_59_median_traIT', '53_lag_seurTSjfm', '50_lag_56_median_traFSC', '50_lag_57_median_eapPSLjfm', '50_lag_52_median_samPSLann', '53_lag_traIFC', '54_lag_mhfIP30', '50_lag_amoSSTmjjaso']","[4.396886253653417, 3.0010904133492815, 0.9170353758446339, 7.220132827197826, 2.909156641299351, 3.382228698215415, 3.8785269089401844, 7.265979411210903, 3.3595844389940988, 5.061379409331028, 1.7834210248085753, 7.540299278402567, 3.353545024384786, 6.82888733658368, 9.297601058335571, 3.69815541041625, 7.914320634536509, 4.854799472250718, 0.9717390390005214, 1.109524083131383, 0.9828525821653251, 2.7864614642859404, 0.20664233658768438, 7.818287721376871, 1.2346559013523102, 3.7098974834272136, 2.864585412200597, 3.3266327951222188, 0.7470576602465258, 0.6742455466149586]","53_lag_amo2, 56_lag_traDS, 50_lag_51_median_amo1, 50_lag_54_median_stratZ50ndj03, 55_lag_ensoSSTjfm, 56_lag_scpPSLjfm, 58_lag_glTSjfm, 50_lag_traBS, 50_lag_57_median_stratZ50ndj01, 52_lag_wnorPRjfm, 57_lag_pdoSSTjfm, 50_lag_51_median_arcTSjfm, 50_lag_traTLS, 50_lag_atlSICsep, 55_lag_shSICsep, 50_lag_52_median_shSICsep, 53_lag_cetTSjfm, 57_lag_traCA, 50_lag_52_median_traDS, 57_lag_neurTSjfm, 50_lag_57_median_traBO, 50_lag_59_median_satlSSTjfm, 50_lag_59_median_traIT, 53_lag_seurTSjfm, 50_lag_56_median_traFSC, 50_lag_57_median_eapPSLjfm, 50_lag_52_median_samPSLann, 53_lag_traIFC, 54_lag_mhfIP30, 50_lag_amoSSTmjjaso_1216_50"
LRforcedPSO,46,30,stratZ50ndj03,picntrl,1760.5,2050.5,0.8,61,51,51,24.89472434835505,-0.16945841603557343,1216,"['58_lag_wnorPRjfm', '51_lag_60_median_nchinaPRjja', '59_lag_wnorPRjfm', '51_lag_55_median_traDP', '55_lag_traFB', '51_lag_55_median_eapPSLjfm', '54_lag_wnorPRjfm', '51_lag_55_median_ismPRjja', '57_lag_amo1', '51_lag_55_median_shSICsep', '51_lag_53_median_shTSjfm', '51_lag_59_median_wnorPRjfm', '51_lag_58_median_traMC', '56_lag_nhSICsep', '54_lag_traBO', '57_lag_shTSjfm', '51_lag_59_median_traCA', '52_lag_mhfATL60', '55_lag_cetTSjfm', '51_lag_60_median_ormenSSTjfm', '54_lag_naoPSLjfm', '60_lag_cetTSjfm', '56_lag_traFB', '58_lag_arcTSjfm', '54_lag_glTSjfm', '51_lag_55_median_nhSICjfm', '51_lag_54_median_traDP', '59_lag_nchinaPRjja', '58_lag_nppc2SSTjfm', '55_lag_eapPSLjfm']","[2.9329833427835332, 2.421171862486111, 4.565965310185252, 1.6183852308057283, 8.19180951788318, 4.528308369466023, 8.45125032049259, 2.932400482522148, 0.001749974735382409, 8.404336984101018, 5.392911901320321, 2.4427084738694322, 4.1308307763291925, 2.968454570806289, 6.860225212650084, 1.416108238163762, 9.951942891787219, 7.039137794186409, 7.789220908760861, 8.430692729286239, 0.6337803373068773, 0.6498419252156502, 6.560427086497906, 4.6984089067232615, 2.8564632840362574, 2.825352885221207, 2.0067318752688763, 0.655154712352445, 2.6665056742510966, 2.151030864789167]","58_lag_wnorPRjfm, 51_lag_60_median_nchinaPRjja, 59_lag_wnorPRjfm, 51_lag_55_median_traDP, 55_lag_traFB, 51_lag_55_median_eapPSLjfm, 54_lag_wnorPRjfm, 51_lag_55_median_ismPRjja, 57_lag_amo1, 51_lag_55_median_shSICsep, 51_lag_53_median_shTSjfm, 51_lag_59_median_wnorPRjfm, 51_lag_58_median_traMC, 56_lag_nhSICsep, 54_lag_traBO, 57_lag_shTSjfm, 51_lag_59_median_traCA, 52_lag_mhfATL60, 55_lag_cetTSjfm, 51_lag_60_median_ormenSSTjfm, 54_lag_naoPSLjfm, 60_lag_cetTSjfm, 56_lag_traFB, 58_lag_arcTSjfm, 54_lag_glTSjfm, 51_lag_55_median_nhSICjfm, 51_lag_54_median_traDP, 59_lag_nchinaPRjja, 58_lag_nppc2SSTjfm, 55_lag_eapPSLjfm_1216_51"
LRforcedPSO,47,30,stratZ50ndj03,picntrl,1761.5,2050.5,0.8,62,52,52,23.697730159564745,-0.12460086949160046,1216,"['52_lag_54_median_neurTSjfm', '56_lag_nhTSjfm', '52_lag_58_median_amo3', '56_lag_satlSSTjfm', '52_lag_traEU', '53_lag_naoPSLjfm', '52_lag_55_median_traWP', '55_lag_naoPSLjfm', '52_lag_53_median_yrvPRjja', '52_lag_58_median_nppc2SSTjfm', '55_lag_pdoSSTjfm', '52_lag_53_median_atlSICjfm', '52_lag_56_median_nppc3SSTjfm', '52_lag_57_median_stratZ50ndj04', '56_lag_atlSICjfm', '52_lag_60_median_ensoSSTjfm', '52_lag_55_median_stratZ50ndj01', '52_lag_nhTSjfm', '60_lag_shTSjfm', '52_lag_57_median_traFB', '54_lag_mhfATL30', '58_lag_stratZ50ndj01', '52_lag_58_median_nppc3SSTjfm', '58_lag_traBS', '52_lag_55_median_amo3', '52_lag_55_median_traTLS', '52_lag_60_median_traBO', '61_lag_traTLS', '58_lag_traDS', '52_lag_54_median_arcTSjfm']","[6.7234046154126155, 8.04817003340365, 5.082397123762286, 2.330988129455271, 4.137739949742226, 8.180336241916603, 1.0642341812327754, 2.947288156036791, 1.3941358396992456, 4.948636407837053, 0.8314968989277531, 7.903937694743085, 5.0422368254923775, 1.5104425135149668, 5.775271661632145, 0.41932044033633886, 6.841210480688268, 8.668446915041654, 9.29730304274721, 5.613982773343757, 2.011001817243681, 6.916515259523834, 1.363095731061673, 7.692875364491563, 0.4690913413758864, 0.509524307194674, 3.4479439221030734, 9.066007960045916, 0.665190535305026, 2.7592665951677446]","52_lag_54_median_neurTSjfm, 56_lag_nhTSjfm, 52_lag_58_median_amo3, 56_lag_satlSSTjfm, 52_lag_traEU, 53_lag_naoPSLjfm, 52_lag_55_median_traWP, 55_lag_naoPSLjfm, 52_lag_53_median_yrvPRjja, 52_lag_58_median_nppc2SSTjfm, 55_lag_pdoSSTjfm, 52_lag_53_median_atlSICjfm, 52_lag_56_median_nppc3SSTjfm, 52_lag_57_median_stratZ50ndj04, 56_lag_atlSICjfm, 52_lag_60_median_ensoSSTjfm, 52_lag_55_median_stratZ50ndj01, 52_lag_nhTSjfm, 60_lag_shTSjfm, 52_lag_57_median_traFB, 54_lag_mhfATL30, 58_lag_stratZ50ndj01, 52_lag_58_median_nppc3SSTjfm, 58_lag_traBS, 52_lag_55_median_amo3, 52_lag_55_median_traTLS, 52_lag_60_median_traBO, 61_lag_traTLS, 58_lag_traDS, 52_lag_54_median_arcTSjfm_1216_52"
LRforcedPSO,48,30,stratZ50ndj03,picntrl,1762.5,2050.5,0.8,63,53,53,25.646725674883434,0.0008620145721153147,1216,"['60_lag_nhSICjfm', '53_lag_56_median_traBO', '54_lag_labSSTjfm', '55_lag_traIFC', '55_lag_neurTSjfm', '55_lag_shTSjfm', '54_lag_traIT', '53_lag_samPSLann', '53_lag_55_median_neurTSjfm', '53_lag_59_median_nppc2SSTjfm', '53_lag_59_median_tripol3', '57_lag_stratZ50ndj01', '53_lag_54_median_glTSjfm', '56_lag_tripol1', '61_lag_nppc2SSTjfm', '53_lag_61_median_seurTSjfm', '53_lag_59_median_mhfATL45', '62_lag_labSSTjfm', '53_lag_60_median_mhfATL60', '53_lag_54_median_amo3', '53_lag_stratZ50ndj02', '53_lag_57_median_traEC', '53_lag_54_median_shSICmar', '61_lag_traFSC', '54_lag_traWP', '55_lag_amo3', '58_lag_eurPSLjfm', '59_lag_atlSICsep', '53_lag_traDP', '56_lag_nppc3SSTjfm']","[8.993452664422875, 3.762249957477561, 1.3321231977198487, 5.3482373302658, 2.2926678573378716, 1.4470221237162981, 7.879742074595642, 5.176795786269812, 4.8707214019108225, 6.568977151839203, 2.7159965960851036, 4.530482997598508, 2.5211348912486375, 6.13390820574201, 3.792631887358551, 4.014783341095448, 5.761678369613589, 1.6429338696297773, 7.480305405481644, 5.613849770601005, 1.878741872566243, 1.7389397612573667, 4.212879659483583, 1.2368070367553123, 0.44281831608680555, 9.865459126837798, 7.261924867878826, 2.4690728322371474, 9.243801337646435, 1.0806722803719904]","60_lag_nhSICjfm, 53_lag_56_median_traBO, 54_lag_labSSTjfm, 55_lag_traIFC, 55_lag_neurTSjfm, 55_lag_shTSjfm, 54_lag_traIT, 53_lag_samPSLann, 53_lag_55_median_neurTSjfm, 53_lag_59_median_nppc2SSTjfm, 53_lag_59_median_tripol3, 57_lag_stratZ50ndj01, 53_lag_54_median_glTSjfm, 56_lag_tripol1, 61_lag_nppc2SSTjfm, 53_lag_61_median_seurTSjfm, 53_lag_59_median_mhfATL45, 62_lag_labSSTjfm, 53_lag_60_median_mhfATL60, 53_lag_54_median_amo3, 53_lag_stratZ50ndj02, 53_lag_57_median_traEC, 53_lag_54_median_shSICmar, 61_lag_traFSC, 54_lag_traWP, 55_lag_amo3, 58_lag_eurPSLjfm, 59_lag_atlSICsep, 53_lag_traDP, 56_lag_nppc3SSTjfm_1216_53"
LRforcedPSO,49,30,stratZ50ndj03,picntrl,1763.5,2050.5,0.8,64,54,54,27.350275279879,-0.12245765086570742,1216,"['63_lag_seurTSjfm', '60_lag_nhSICjfm', '59_lag_amo2', '54_lag_62_median_nppc2SSTjfm', '54_lag_57_median_traFS', '62_lag_traEU', '58_lag_stratZ50ndj04', '54_lag_58_median_ormenSSTjfm', '54_lag_61_median_traBO', '54_lag_62_median_glTSjfm', '63_lag_ginwSSTjfm', '60_lag_stratZ50ndj04', '57_lag_alpi', '59_lag_traDP', '60_lag_samPSLann', '63_lag_samPSLann', '54_lag_63_median_shSICsep', '54_lag_60_median_tripol2', '54_lag_60_median_ginwSSTjfm', '60_lag_tripol2', '54_lag_61_median_nhTSjfm', '54_lag_56_median_amo1', '54_lag_58_median_nhTSjfm', '54_lag_63_median_eapPSLjfm', '54_lag_58_median_mhfIP30', '62_lag_neurTSjfm', '54_lag_59_median_traMC', '58_lag_ginwSSTjfm', '63_lag_alpi', '56_lag_traMC']","[0.7413811842249824, 7.198880062765852, 8.900269839032415, 5.604048200025195, 5.590714656239848, 1.6619673168941578, 4.988819630082359, 7.941153583274532, 3.767005023043989, 2.137090455108348, 9.960076010099627, 3.769844907762476, 2.312573993229055, 9.771762271528917, 2.9347497156439095, 0.9104559507452947, 1.4392296031554235, 5.459009211950921, 4.973772560990719, 7.537079604175535, 2.2708590698864484, 7.678611767760211, 7.551975531709104, 2.732968121097487, 5.143688636097807, 0.6878429289065231, 1.2134121566980696, 0.7330269200057451, 6.04645733794052, 2.453596243141705]","63_lag_seurTSjfm, 60_lag_nhSICjfm, 59_lag_amo2, 54_lag_62_median_nppc2SSTjfm, 54_lag_57_median_traFS, 62_lag_traEU, 58_lag_stratZ50ndj04, 54_lag_58_median_ormenSSTjfm, 54_lag_61_median_traBO, 54_lag_62_median_glTSjfm, 63_lag_ginwSSTjfm, 60_lag_stratZ50ndj04, 57_lag_alpi, 59_lag_traDP, 60_lag_samPSLann, 63_lag_samPSLann, 54_lag_63_median_shSICsep, 54_lag_60_median_tripol2, 54_lag_60_median_ginwSSTjfm, 60_lag_tripol2, 54_lag_61_median_nhTSjfm, 54_lag_56_median_amo1, 54_lag_58_median_nhTSjfm, 54_lag_63_median_eapPSLjfm, 54_lag_58_median_mhfIP30, 62_lag_neurTSjfm, 54_lag_59_median_traMC, 58_lag_ginwSSTjfm, 63_lag_alpi, 56_lag_traMC_1216_54"
LRforcedPSO,50,30,stratZ50ndj03,picntrl,1764.5,2050.5,0.8,65,55,55,23.663237407207184,-0.012568993459101063,1216,"['55_lag_60_median_mhfATL30', '58_lag_traBS', '55_lag_61_median_traTLS', '57_lag_eurPSLjfm', '55_lag_59_median_amoSSTmjjaso', '60_lag_traCA', '55_lag_64_median_shTSjfm', '57_lag_ismPRjja', '56_lag_gyreSSTjfm', '55_lag_58_median_AMOCann', '55_lag_60_median_eurPSLjfm', '55_lag_61_median_mhfATL45', '55_lag_62_median_ismPRjja', '55_lag_57_median_cetTSjfm', '61_lag_neurTSjfm', '55_lag_61_median_traEU', '55_lag_63_median_traDP', '55_lag_59_median_traFSC', '56_lag_traCA', '62_lag_ginwSSTjfm', '55_lag_62_median_traEC', '61_lag_nhSICsep', '55_lag_56_median_atlSICsep', '55_lag_64_median_traFS', '57_lag_traIFC', '62_lag_nppc3SSTjfm', '55_lag_62_median_atlSICsep', '61_lag_ormenSSTjfm', '63_lag_traEC', '58_lag_scpPSLjfm']","[3.487695643949376, 1.416083006423257, 4.923704633121158, 2.0670618446143774, 2.7491399606307976, 1.2731663217311713, 0.6079312993021109, 5.547304044905971, 1.5313156598883637, 2.155108974075956, 1.8881338043650508, 9.228644335430701, 3.1701789309591666, 3.459095194891857, 5.476794321740837, 8.169518194916833, 5.637061238011107, 6.176442706202792, 8.643484610678303, 0.37118454206430584, 2.2155307314863393, 5.170483330906572, 1.193189306611174, 0.25516560180498615, 9.383392781053843, 9.027079538530707, 5.1821429440753946, 6.38213543715473, 8.368485755971012, 0.23193914555237782]","55_lag_60_median_mhfATL30, 58_lag_traBS, 55_lag_61_median_traTLS, 57_lag_eurPSLjfm, 55_lag_59_median_amoSSTmjjaso, 60_lag_traCA, 55_lag_64_median_shTSjfm, 57_lag_ismPRjja, 56_lag_gyreSSTjfm, 55_lag_58_median_AMOCann, 55_lag_60_median_eurPSLjfm, 55_lag_61_median_mhfATL45, 55_lag_62_median_ismPRjja, 55_lag_57_median_cetTSjfm, 61_lag_neurTSjfm, 55_lag_61_median_traEU, 55_lag_63_median_traDP, 55_lag_59_median_traFSC, 56_lag_traCA, 62_lag_ginwSSTjfm, 55_lag_62_median_traEC, 61_lag_nhSICsep, 55_lag_56_median_atlSICsep, 55_lag_64_median_traFS, 57_lag_traIFC, 62_lag_nppc3SSTjfm, 55_lag_62_median_atlSICsep, 61_lag_ormenSSTjfm, 63_lag_traEC, 58_lag_scpPSLjfm_1216_55"
LRforcedPSO,51,30,stratZ50ndj03,picntrl,1765.5,2050.5,0.8,66,56,56,23.306633080098408,0.023011285940591285,1216,"['56_lag_58_median_nchinaPRjja', '60_lag_nppc2SSTjfm', '56_lag_62_median_atlSICjfm', '56_lag_62_median_nppc2SSTjfm', '62_lag_gyreSSTjfm', '56_lag_65_median_ginwSSTjfm', '56_lag_61_median_yrvPRjja', '56_lag_58_median_stratZ50ndj03', '56_lag_57_median_eapPSLjfm', '56_lag_57_median_nppc2SSTjfm', '56_lag_62_median_traDS', '58_lag_amo2', '56_lag_65_median_tripol2', '57_lag_stratZ50ndj02', '56_lag_65_median_scpPSLjfm', '56_lag_64_median_glomaSSTjfm', '56_lag_57_median_wnorPRjfm', '57_lag_shSICmar', '56_lag_58_median_stratZ50ndj04', '65_lag_traIT', '62_lag_neurTSjfm', '61_lag_gyreSSTjfm', '57_lag_traCA', '57_lag_ginwSSTjfm', '62_lag_traWP', '56_lag_62_median_eurPSLjfm', '62_lag_nhSICsep', '56_lag_62_median_tripol3', '56_lag_65_median_traIFC', '64_lag_tripol2']","[1.8609531202297411, 0.8330913735074308, 2.5370815342576076, 3.4124228964752934, 9.970022105528958, 4.203898307456486, 7.3191791351074045, 3.0378447599758607, 1.9410980431011922, 2.3805679096291588, 3.3706674249652373, 3.255298048030731, 0.8457813346953742, 1.5539878879078213, 4.570209204676495, 7.081998706735462, 9.163048103145773, 1.8914320060807839, 2.6714343474384084, 0.8669002399265402, 7.450209150671018, 3.8328356315123244, 2.241183449890201, 0.42262640210896407, 8.592610367710247, 5.999215605002712, 5.698628741469294, 6.587755980980498, 0.921807247576913, 5.7708514983008286]","56_lag_58_median_nchinaPRjja, 60_lag_nppc2SSTjfm, 56_lag_62_median_atlSICjfm, 56_lag_62_median_nppc2SSTjfm, 62_lag_gyreSSTjfm, 56_lag_65_median_ginwSSTjfm, 56_lag_61_median_yrvPRjja, 56_lag_58_median_stratZ50ndj03, 56_lag_57_median_eapPSLjfm, 56_lag_57_median_nppc2SSTjfm, 56_lag_62_median_traDS, 58_lag_amo2, 56_lag_65_median_tripol2, 57_lag_stratZ50ndj02, 56_lag_65_median_scpPSLjfm, 56_lag_64_median_glomaSSTjfm, 56_lag_57_median_wnorPRjfm, 57_lag_shSICmar, 56_lag_58_median_stratZ50ndj04, 65_lag_traIT, 62_lag_neurTSjfm, 61_lag_gyreSSTjfm, 57_lag_traCA, 57_lag_ginwSSTjfm, 62_lag_traWP, 56_lag_62_median_eurPSLjfm, 62_lag_nhSICsep, 56_lag_62_median_tripol3, 56_lag_65_median_traIFC, 64_lag_tripol2_1216_56"
LRforcedPSO,52,30,stratZ50ndj03,picntrl,1766.5,2050.5,0.8,67,57,57,25.830445164221434,-0.18008275056735917,1216,"['58_lag_yrvPRjja', '58_lag_stratZ50ndj02', '64_lag_atlSICsep', '59_lag_traDP', '57_lag_65_median_ensoSSTjfm', '66_lag_mhfATL60', '57_lag_61_median_yrvPRjja', '57_lag_65_median_nhTSjfm', '57_lag_58_median_satlSSTjfm', '57_lag_61_median_shSICmar', '65_lag_stratZ50ndj04', '57_lag_60_median_nhSICjfm', '57_lag_60_median_ensoSSTjfm', '57_lag_59_median_traEC', '57_lag_64_median_wnorPRjfm', '59_lag_nppc2SSTjfm', '57_lag_64_median_mhfATL30', '57_lag_61_median_glTSjfm', '57_lag_glomaSSTjfm', '57_lag_65_median_shSICmar', '61_lag_tripol3', '61_lag_seurTSjfm', '65_lag_nchinaPRjja', '57_lag_61_median_alpi', '57_lag_61_median_pdoSSTjfm', '60_lag_eapPSLjfm', '57_lag_atlSICjfm', '62_lag_ormenSSTjfm', '61_lag_samPSLann', '57_lag_traBO']","[1.9291936332851467, 0.9315229613375529, 4.434006421387888, 5.785196168954428, 8.87070059415279, 7.020091022853016, 6.782557814998043, 1.1137599012640838, 1.4689821708868163, 3.313558571620984, 4.660517667884843, 6.261148096060833, 4.104650587101277, 0.8808022360686802, 0.7023402516400097, 0.9022055558595365, 1.9843261077391698, 7.0303562432536975, 1.5673177551810369, 7.497379378967222, 2.931439564190036, 0.07363702251397442, 6.590856131590986, 8.723799790162094, 6.790740205498992, 0.7850359885305522, 6.506114023814556, 7.9792025368958175, 0.9734178038471519, 2.2778218041545006]","58_lag_yrvPRjja, 58_lag_stratZ50ndj02, 64_lag_atlSICsep, 59_lag_traDP, 57_lag_65_median_ensoSSTjfm, 66_lag_mhfATL60, 57_lag_61_median_yrvPRjja, 57_lag_65_median_nhTSjfm, 57_lag_58_median_satlSSTjfm, 57_lag_61_median_shSICmar, 65_lag_stratZ50ndj04, 57_lag_60_median_nhSICjfm, 57_lag_60_median_ensoSSTjfm, 57_lag_59_median_traEC, 57_lag_64_median_wnorPRjfm, 59_lag_nppc2SSTjfm, 57_lag_64_median_mhfATL30, 57_lag_61_median_glTSjfm, 57_lag_glomaSSTjfm, 57_lag_65_median_shSICmar, 61_lag_tripol3, 61_lag_seurTSjfm, 65_lag_nchinaPRjja, 57_lag_61_median_alpi, 57_lag_61_median_pdoSSTjfm, 60_lag_eapPSLjfm, 57_lag_atlSICjfm, 62_lag_ormenSSTjfm, 61_lag_samPSLann, 57_lag_traBO_1216_57"
LRforcedPSO,53,30,stratZ50ndj03,picntrl,1767.5,2050.5,0.8,68,58,58,18.35268098211492,0.22438740022952147,1216,"['58_lag_66_median_stratZ50ndj03', '58_lag_61_median_traBS', '58_lag_64_median_nppc2SSTjfm', '58_lag_66_median_ginwSSTjfm', '59_lag_traDP', '58_lag_59_median_nhSICjfm', '58_lag_64_median_traDP', '65_lag_traMC', '58_lag_62_median_labSSTjfm', '58_lag_traCA', '65_lag_nppc2SSTjfm', '59_lag_traBS', '58_lag_67_median_traIFC', '58_lag_62_median_alpi', '64_lag_tripol1', '58_lag_60_median_amo3', '58_lag_67_median_nppc2SSTjfm', '59_lag_alpi', '58_lag_61_median_mhfIP30', '61_lag_nhTSjfm', '58_lag_65_median_shTSjfm', '58_lag_62_median_glomaSSTjfm', '67_lag_tripol1', '58_lag_65_median_nhSICjfm', '58_lag_62_median_traWP', '66_lag_eurPSLjfm', '58_lag_59_median_traFS', '58_lag_62_median_cetTSjfm', '58_lag_62_median_nhSICjfm', '58_lag_65_median_traBS']","[2.6876958342703183, 1.0947522254268733, 4.116469703342034, 7.922978350300285, 2.9687613842320726, 5.173941711037571, 1.1225831598554699, 3.7944176589516445, 9.427046064457791, 3.785350183753266, 3.287617909082263, 4.9019629643312115, 4.343197480880276, 5.096870480699234, 1.119219386210906, 5.563489371846833, 1.2239599873502591, 0.08148373825246225, 4.636284613326744, 1.850968024811797, 1.8624965278762247, 4.030840516866652, 6.271362649417714, 1.135072291368651, 2.0959025179872075, 1.7699230782676327, 5.46401926569626, 8.427636222934368, 1.7836379501001982, 1.3610499497399005]","58_lag_66_median_stratZ50ndj03, 58_lag_61_median_traBS, 58_lag_64_median_nppc2SSTjfm, 58_lag_66_median_ginwSSTjfm, 59_lag_traDP, 58_lag_59_median_nhSICjfm, 58_lag_64_median_traDP, 65_lag_traMC, 58_lag_62_median_labSSTjfm, 58_lag_traCA, 65_lag_nppc2SSTjfm, 59_lag_traBS, 58_lag_67_median_traIFC, 58_lag_62_median_alpi, 64_lag_tripol1, 58_lag_60_median_amo3, 58_lag_67_median_nppc2SSTjfm, 59_lag_alpi, 58_lag_61_median_mhfIP30, 61_lag_nhTSjfm, 58_lag_65_median_shTSjfm, 58_lag_62_median_glomaSSTjfm, 67_lag_tripol1, 58_lag_65_median_nhSICjfm, 58_lag_62_median_traWP, 66_lag_eurPSLjfm, 58_lag_59_median_traFS, 58_lag_62_median_cetTSjfm, 58_lag_62_median_nhSICjfm, 58_lag_65_median_traBS_1216_58"
LRforcedPSO,54,30,stratZ50ndj03,picntrl,1768.5,2050.5,0.8,69,59,59,23.920398230714863,0.004625240210256475,1216,"['65_lag_traBS', '59_lag_alpi', '66_lag_pdoSSTjfm', '59_lag_nppc2SSTjfm', '62_lag_nhSICsep', '59_lag_68_median_mhfATL30', '59_lag_66_median_ormenSSTjfm', '59_lag_68_median_ismPRjja', '64_lag_nppc3SSTjfm', '59_lag_62_median_traFB', '60_lag_traDS', '63_lag_stratZ50ndj04', '59_lag_mhfATL60', '59_lag_63_median_labSSTjfm', '59_lag_67_median_yrvPRjja', '68_lag_shTSjfm', '60_lag_stratZ50ndj03', '61_lag_traBS', '59_lag_65_median_tripol1', '62_lag_amo3', '59_lag_64_median_shSICmar', '68_lag_atlSICjfm', '59_lag_67_median_labSSTjfm', '67_lag_nhTSjfm', '59_lag_62_median_nppc3SSTjfm', '67_lag_ginwSSTjfm', '63_lag_tripol1', '66_lag_tripol3', '68_lag_seurTSjfm', '59_lag_63_median_nhSICjfm']","[4.259617093236015, 3.0432712903993924, 4.8970340312114535, 0.9645761048322576, 5.228977496155305, 3.214320141216227, 4.099702513115937, 0.22614940840657916, 5.640439929687339, 4.6688374131962345, 3.0513772952931397, 0.2735881688521715, 4.934589249860581, 5.440884106428621, 1.3446055652776039, 8.203425928084512, 0.9236675379249704, 1.8510143546221833, 3.442515322733364, 1.201468273344819, 5.154786417061654, 3.624620031561836, 2.4942611312133565, 2.857019464390646, 9.166635796066693, 7.014064110538374, 5.512057950246792, 1.9072274219366765, 3.042424050634491, 8.185100666689404]","65_lag_traBS, 59_lag_alpi, 66_lag_pdoSSTjfm, 59_lag_nppc2SSTjfm, 62_lag_nhSICsep, 59_lag_68_median_mhfATL30, 59_lag_66_median_ormenSSTjfm, 59_lag_68_median_ismPRjja, 64_lag_nppc3SSTjfm, 59_lag_62_median_traFB, 60_lag_traDS, 63_lag_stratZ50ndj04, 59_lag_mhfATL60, 59_lag_63_median_labSSTjfm, 59_lag_67_median_yrvPRjja, 68_lag_shTSjfm, 60_lag_stratZ50ndj03, 61_lag_traBS, 59_lag_65_median_tripol1, 62_lag_amo3, 59_lag_64_median_shSICmar, 68_lag_atlSICjfm, 59_lag_67_median_labSSTjfm, 67_lag_nhTSjfm, 59_lag_62_median_nppc3SSTjfm, 67_lag_ginwSSTjfm, 63_lag_tripol1, 66_lag_tripol3, 68_lag_seurTSjfm, 59_lag_63_median_nhSICjfm_1216_59"
LRforcedPSO,55,30,stratZ50ndj03,picntrl,1769.5,2050.5,0.8,70,60,60,24.187827577761695,-0.0038343835385142187,1216,"['60_lag_64_median_traIT', '60_lag_66_median_traTLS', '62_lag_traDS', '63_lag_traBO', '60_lag_67_median_seurTSjfm', '66_lag_traFB', '60_lag_traWP', '60_lag_65_median_glTSjfm', '60_lag_69_median_traEU', '64_lag_ensoSSTjfm', '60_lag_69_median_traCA', '60_lag_68_median_cetTSjfm', '63_lag_ginwSSTjfm', '60_lag_64_median_shSICmar', '64_lag_traIT', '66_lag_eapPSLjfm', '60_lag_66_median_wnorPRjfm', '68_lag_traIT', '60_lag_65_median_nchinaPRjja', '60_lag_62_median_traFS', '61_lag_cetTSjfm', '60_lag_69_median_stratZ50ndj02', '60_lag_63_median_satlSSTjfm', '60_lag_66_median_ismPRjja', '60_lag_68_median_traFS', '60_lag_traEU', '60_lag_64_median_shTSjfm', '69_lag_eurPSLjfm', '60_lag_69_median_atlSICjfm', '64_lag_neurTSjfm']","[0.7129540859235579, 6.607612504269145, 5.053825240381158, 2.0003941891733987, 0.5378247250744739, 1.7683546343825043, 0.9741141019856769, 3.9736212176017265, 6.507114405491855, 1.753027730217024, 0.5503675459856261, 0.5433458935039361, 3.857493141571151, 6.26828760485142, 5.059623126169612, 6.097369649545566, 2.7992861692838673, 5.973435829417495, 4.088301376095032, 1.0332088575846257, 8.030051782721909, 8.787829025576723, 6.266956863175157, 1.9801102515715758, 5.263166189876454, 5.151348613608114, 6.735991087217059, 5.89993401329624, 4.0946217175425375, 2.788213441116419]","60_lag_64_median_traIT, 60_lag_66_median_traTLS, 62_lag_traDS, 63_lag_traBO, 60_lag_67_median_seurTSjfm, 66_lag_traFB, 60_lag_traWP, 60_lag_65_median_glTSjfm, 60_lag_69_median_traEU, 64_lag_ensoSSTjfm, 60_lag_69_median_traCA, 60_lag_68_median_cetTSjfm, 63_lag_ginwSSTjfm, 60_lag_64_median_shSICmar, 64_lag_traIT, 66_lag_eapPSLjfm, 60_lag_66_median_wnorPRjfm, 68_lag_traIT, 60_lag_65_median_nchinaPRjja, 60_lag_62_median_traFS, 61_lag_cetTSjfm, 60_lag_69_median_stratZ50ndj02, 60_lag_63_median_satlSSTjfm, 60_lag_66_median_ismPRjja, 60_lag_68_median_traFS, 60_lag_traEU, 60_lag_64_median_shTSjfm, 69_lag_eurPSLjfm, 60_lag_69_median_atlSICjfm, 64_lag_neurTSjfm_1216_60"
LRforcedPSO,56,30,stratZ50ndj03,picntrl,1770.5,2050.5,0.8,71,61,61,31.317580080973073,-0.03156681435814708,1216,"['61_lag_66_median_amo2', '61_lag_62_median_atlSICjfm', '68_lag_scpPSLjfm', '61_lag_62_median_nhSICsep', '61_lag_67_median_traIFC', '61_lag_64_median_amo1', '62_lag_traIT', '62_lag_mhfATL30', '63_lag_mhfATL60', '65_lag_traEU', '66_lag_stratZ50ndj03', '61_lag_65_median_traFSC', '64_lag_traEU', '61_lag_69_median_mhfATL60', '61_lag_68_median_AMOCann', '61_lag_66_median_nppc3SSTjfm', '61_lag_64_median_stratZ50ndj03', '61_lag_62_median_stratZ50ndj02', '61_lag_69_median_eurPSLjfm', '68_lag_traTLS', '63_lag_traDS', '61_lag_65_median_traEC', '69_lag_labSSTjfm', '69_lag_shTSjfm', '61_lag_67_median_traBO', '67_lag_atlSICsep', '64_lag_mhfATL60', '64_lag_traIFC', '61_lag_63_median_tripol3', '70_lag_eurPSLjfm']","[6.840368111591761, 2.1645413583982194, 6.873332648921469, 1.3151460016900494, 9.893126386415418, 7.5089008238226675, 0.4605410021733256, 1.0615029279079167, 7.648585864899998, 4.989676846969946, 2.2068270286627527, 1.3224590989317058, 3.8535589584609813, 4.786676607190183, 3.9648748524373403, 6.5096742931943545, 7.3012659073616675, 6.7984544688223885, 6.696997529756359, 4.852982160969804, 4.027084093345463, 8.408541497624238, 1.283004423690583, 2.9115930518937034, 1.730594050763326, 4.033412442986714, 7.060986777739058, 2.7012732212098793, 6.27388230867707, 0.5141588846537193]","61_lag_66_median_amo2, 61_lag_62_median_atlSICjfm, 68_lag_scpPSLjfm, 61_lag_62_median_nhSICsep, 61_lag_67_median_traIFC, 61_lag_64_median_amo1, 62_lag_traIT, 62_lag_mhfATL30, 63_lag_mhfATL60, 65_lag_traEU, 66_lag_stratZ50ndj03, 61_lag_65_median_traFSC, 64_lag_traEU, 61_lag_69_median_mhfATL60, 61_lag_68_median_AMOCann, 61_lag_66_median_nppc3SSTjfm, 61_lag_64_median_stratZ50ndj03, 61_lag_62_median_stratZ50ndj02, 61_lag_69_median_eurPSLjfm, 68_lag_traTLS, 63_lag_traDS, 61_lag_65_median_traEC, 69_lag_labSSTjfm, 69_lag_shTSjfm, 61_lag_67_median_traBO, 67_lag_atlSICsep, 64_lag_mhfATL60, 64_lag_traIFC, 61_lag_63_median_tripol3, 70_lag_eurPSLjfm_1216_61"
LRforcedPSO,57,30,stratZ50ndj03,picntrl,1771.5,2050.5,0.8,72,62,62,28.157649160931623,-0.03024624084685038,1216,"['70_lag_neurTSjfm', '62_lag_66_median_seurTSjfm', '62_lag_mhfATL45', '62_lag_71_median_nppc3SSTjfm', '64_lag_mhfATL45', '62_lag_66_median_glomaSSTjfm', '62_lag_68_median_nhSICsep', '62_lag_71_median_nppc2SSTjfm', '63_lag_glomaSSTjfm', '62_lag_67_median_labSSTjfm', '62_lag_68_median_glTSjfm', '67_lag_neurTSjfm', '65_lag_atlSICjfm', '62_lag_64_median_ormenSSTjfm', '63_lag_ismPRjja', '64_lag_traEC', '62_lag_amo2', '62_lag_65_median_arcTSjfm', '70_lag_pdoSSTjfm', '67_lag_traDS', '70_lag_traFS', '69_lag_traEU', '62_lag_64_median_traEC', '69_lag_traBS', '67_lag_glomaSSTjfm', '62_lag_65_median_tripol3', '62_lag_69_median_traIT', '71_lag_traFSC', '69_lag_ensoSSTjfm', '62_lag_nhSICjfm']","[2.868196878061755, 3.931045212907522, 1.8538944778810933, 1.2114577940975515, 0.6020818094299134, 0.2349450723276103, 0.7270918768450834, 1.2689870776605616, 6.006484774182663, 0.5952088908473474, 5.5399274542614885, 2.5185355204293174, 0.6806597596620705, 7.315969639361718, 4.838053960092806, 0.41736056563963686, 7.539423014678459, 9.888168822523543, 9.886954856003427, 2.776988360121832, 1.796592345467797, 2.534751711993197, 4.487112253654191, 2.957049341656317, 1.4138656818251132, 9.650160991135996, 2.6474986113726455, 0.4079970319057491, 0.2482228850961814, 6.065519796963198]","70_lag_neurTSjfm, 62_lag_66_median_seurTSjfm, 62_lag_mhfATL45, 62_lag_71_median_nppc3SSTjfm, 64_lag_mhfATL45, 62_lag_66_median_glomaSSTjfm, 62_lag_68_median_nhSICsep, 62_lag_71_median_nppc2SSTjfm, 63_lag_glomaSSTjfm, 62_lag_67_median_labSSTjfm, 62_lag_68_median_glTSjfm, 67_lag_neurTSjfm, 65_lag_atlSICjfm, 62_lag_64_median_ormenSSTjfm, 63_lag_ismPRjja, 64_lag_traEC, 62_lag_amo2, 62_lag_65_median_arcTSjfm, 70_lag_pdoSSTjfm, 67_lag_traDS, 70_lag_traFS, 69_lag_traEU, 62_lag_64_median_traEC, 69_lag_traBS, 67_lag_glomaSSTjfm, 62_lag_65_median_tripol3, 62_lag_69_median_traIT, 71_lag_traFSC, 69_lag_ensoSSTjfm, 62_lag_nhSICjfm_1216_62"
LRforcedPSO,58,30,stratZ50ndj03,picntrl,1772.5,2050.5,0.8,73,63,63,18.9529684659633,0.15724306728739984,1216,"['63_lag_67_median_traWP', '66_lag_eapPSLjfm', '63_lag_66_median_shSICsep', '63_lag_68_median_shTSjfm', '63_lag_67_median_amoSSTmjjaso', '63_lag_65_median_satlSSTjfm', '67_lag_traDP', '68_lag_mhfATL45', '69_lag_glTSjfm', '63_lag_71_median_wnorPRjfm', '63_lag_65_median_traDP', '63_lag_66_median_stratZ50ndj03', '63_lag_traDP', '67_lag_nppc2SSTjfm', '70_lag_nhTSjfm', '63_lag_67_median_wnorPRjfm', '72_lag_traCA', '72_lag_seurTSjfm', '65_lag_traDS', '63_lag_66_median_AMOCann', '66_lag_labSSTjfm', '63_lag_69_median_pdoSSTjfm', '63_lag_70_median_glomaSSTjfm', '63_lag_65_median_traIFC', '69_lag_amo3', '63_lag_70_median_gyreSSTjfm', '64_lag_cetTSjfm', '69_lag_eurPSLjfm', '63_lag_68_median_scpPSLjfm', '64_lag_pdoSSTjfm']","[0.20278534459518127, 6.259155133223004, 4.788265249663581, 6.477299236524116, 9.746431424877361, 0.7471958019463099, 8.505393264101556, 3.4461377867712333, 1.3823124723057472, 2.6969439709450747, 3.809075177699089, 5.8808834641992505, 6.0105438625240115, 5.343997698355841, 3.101390528779799, 1.726188670390238, 4.893018212400115, 1.21532759030557, 1.2934706028776475, 8.92780785779038, 1.7102833269071045, 2.758141106928303, 0.8125398693521468, 1.844479703568826, 1.1857443645049734, 3.376550915559875, 1.3291544744748602, 0.9273262267056577, 1.9656778380818345, 5.795939325346742]","63_lag_67_median_traWP, 66_lag_eapPSLjfm, 63_lag_66_median_shSICsep, 63_lag_68_median_shTSjfm, 63_lag_67_median_amoSSTmjjaso, 63_lag_65_median_satlSSTjfm, 67_lag_traDP, 68_lag_mhfATL45, 69_lag_glTSjfm, 63_lag_71_median_wnorPRjfm, 63_lag_65_median_traDP, 63_lag_66_median_stratZ50ndj03, 63_lag_traDP, 67_lag_nppc2SSTjfm, 70_lag_nhTSjfm, 63_lag_67_median_wnorPRjfm, 72_lag_traCA, 72_lag_seurTSjfm, 65_lag_traDS, 63_lag_66_median_AMOCann, 66_lag_labSSTjfm, 63_lag_69_median_pdoSSTjfm, 63_lag_70_median_glomaSSTjfm, 63_lag_65_median_traIFC, 69_lag_amo3, 63_lag_70_median_gyreSSTjfm, 64_lag_cetTSjfm, 69_lag_eurPSLjfm, 63_lag_68_median_scpPSLjfm, 64_lag_pdoSSTjfm_1216_63"
LRforcedPSO,59,30,stratZ50ndj03,picntrl,1773.5,2050.5,0.8,74,64,64,23.714623169180403,0.005708301706409152,1216,"['72_lag_amo3', '64_lag_70_median_eapPSLjfm', '64_lag_66_median_wnorPRjfm', '71_lag_traWP', '64_lag_69_median_nppc3SSTjfm', '64_lag_73_median_cetTSjfm', '66_lag_traEU', '64_lag_69_median_ensoSSTjfm', '64_lag_72_median_scpPSLjfm', '65_lag_traEC', '64_lag_mhfATL60', '64_lag_68_median_naoPSLjfm', '64_lag_67_median_stratZ50ndj01', '69_lag_shTSjfm', '67_lag_nchinaPRjja', '73_lag_nhTSjfm', '68_lag_tripol2', '64_lag_70_median_samPSLann', '67_lag_traWP', '73_lag_mhfATL60', '67_lag_amo3', '72_lag_naoPSLjfm', '65_lag_tripol1', '66_lag_tripol2', '65_lag_AMOCann', '64_lag_66_median_nppc3SSTjfm', '64_lag_71_median_stratZ50ndj03', '64_lag_66_median_alpi', '71_lag_labSSTjfm', '64_lag_67_median_cetTSjfm']","[2.5082855727553106, 2.0340529670839373, 0.08428928565731475, 5.506673188088913, 0.4497233962178413, 2.264182755170621, 4.624991614530066, 2.6231368973893865, 1.2135531867414695, 0.6499005842672787, 1.5629133951961123, 2.703840532923355, 7.167517814478387, 4.419844149334704, 1.6360348741003286, 5.487797775170682, 7.324706008225097, 5.186048122067145, 6.970996774419159, 0.6558166531676193, 0.8230851809797475, 9.525884046750111, 0.7958176715354686, 3.906380557043974, 7.746425374799518, 1.1907194477652965, 3.1754428249185924, 6.479556356272713, 4.129978036111586, 2.512736405518412]","72_lag_amo3, 64_lag_70_median_eapPSLjfm, 64_lag_66_median_wnorPRjfm, 71_lag_traWP, 64_lag_69_median_nppc3SSTjfm, 64_lag_73_median_cetTSjfm, 66_lag_traEU, 64_lag_69_median_ensoSSTjfm, 64_lag_72_median_scpPSLjfm, 65_lag_traEC, 64_lag_mhfATL60, 64_lag_68_median_naoPSLjfm, 64_lag_67_median_stratZ50ndj01, 69_lag_shTSjfm, 67_lag_nchinaPRjja, 73_lag_nhTSjfm, 68_lag_tripol2, 64_lag_70_median_samPSLann, 67_lag_traWP, 73_lag_mhfATL60, 67_lag_amo3, 72_lag_naoPSLjfm, 65_lag_tripol1, 66_lag_tripol2, 65_lag_AMOCann, 64_lag_66_median_nppc3SSTjfm, 64_lag_71_median_stratZ50ndj03, 64_lag_66_median_alpi, 71_lag_labSSTjfm, 64_lag_67_median_cetTSjfm_1216_64"
LRforcedPSO,60,30,stratZ50ndj03,picntrl,1774.5,2050.5,0.8,75,65,65,21.452001304467096,-0.04465275882513559,1216,"['73_lag_traIFC', '70_lag_traFB', '74_lag_nchinaPRjja', '74_lag_traBO', '70_lag_eurPSLjfm', '65_lag_71_median_nhSICsep', '65_lag_66_median_traEC', '69_lag_traFSC', '65_lag_67_median_shSICmar', '65_lag_70_median_tripol1', '65_lag_71_median_cetTSjfm', '71_lag_mhfATL45', '65_lag_69_median_ormenSSTjfm', '74_lag_gyreSSTjfm', '73_lag_eapPSLjfm', '68_lag_glomaSSTjfm', '65_lag_71_median_labSSTjfm', '67_lag_nhTSjfm', '65_lag_72_median_atlSICsep', '68_lag_traBO', '66_lag_traWP', '74_lag_nhTSjfm', '73_lag_nhSICsep', '65_lag_66_median_pdoSSTjfm', '74_lag_tripol1', '68_lag_atlSICsep', '71_lag_amo2', '65_lag_74_median_traIFC', '74_lag_shTSjfm', '72_lag_naoPSLjfm']","[5.556862347910656, 1.2408493371238887, 6.554167426218807, 2.936465276595314, 3.5881922125423866, 2.8984516878074533, 0.9340288598056734, 0.5665586835052121, 0.3694990744273756, 8.63920184643206, 7.673338542056265, 1.3073568931777402, 3.8760672605610047, 2.1724397920356076, 3.5307285959732333, 4.385881938239667, 3.3990987305623577, 9.02395831340272, 3.489635432144535, 0.6384994454434878, 1.6128019745388382, 4.453442752731043, 7.5811931266078165, 6.36854069171763, 3.4113557617088457, 6.224793337398555, 3.220736839156217, 7.907852294272818, 0.3743533801958048, 3.6669779329200374]","73_lag_traIFC, 70_lag_traFB, 74_lag_nchinaPRjja, 74_lag_traBO, 70_lag_eurPSLjfm, 65_lag_71_median_nhSICsep, 65_lag_66_median_traEC, 69_lag_traFSC, 65_lag_67_median_shSICmar, 65_lag_70_median_tripol1, 65_lag_71_median_cetTSjfm, 71_lag_mhfATL45, 65_lag_69_median_ormenSSTjfm, 74_lag_gyreSSTjfm, 73_lag_eapPSLjfm, 68_lag_glomaSSTjfm, 65_lag_71_median_labSSTjfm, 67_lag_nhTSjfm, 65_lag_72_median_atlSICsep, 68_lag_traBO, 66_lag_traWP, 74_lag_nhTSjfm, 73_lag_nhSICsep, 65_lag_66_median_pdoSSTjfm, 74_lag_tripol1, 68_lag_atlSICsep, 71_lag_amo2, 65_lag_74_median_traIFC, 74_lag_shTSjfm, 72_lag_naoPSLjfm_1216_65"
LRforcedPSO,61,30,stratZ50ndj03,picntrl,1775.5,2050.5,0.8,76,66,66,26.07992230750561,-0.21270031580875953,1216,"['66_lag_labSSTjfm', '66_lag_69_median_amo2', '66_lag_67_median_neurTSjfm', '68_lag_naoPSLjfm', '72_lag_traTLS', '71_lag_traWP', '75_lag_amoSSTmjjaso', '66_lag_68_median_traEU', '69_lag_tripol3', '71_lag_stratZ50ndj02', '66_lag_73_median_ensoSSTjfm', '66_lag_74_median_traEU', '66_lag_69_median_wnorPRjfm', '66_lag_traIT', '66_lag_67_median_ismPRjja', '66_lag_75_median_ginwSSTjfm', '66_lag_69_median_shTSjfm', '69_lag_traBS', '66_lag_68_median_traCA', '66_lag_75_median_nppc2SSTjfm', '68_lag_traIT', '66_lag_75_median_traIFC', '66_lag_68_median_ormenSSTjfm', '75_lag_satlSSTjfm', '66_lag_70_median_ismPRjja', '66_lag_69_median_traDS', '66_lag_67_median_ensoSSTjfm', '71_lag_ginwSSTjfm', '66_lag_68_median_traFS', '66_lag_71_median_ismPRjja']","[0.8529229912000869, 9.309334280099801, 2.6219240787085667, 4.752774220680134, 1.2624083461149418, 0.11696731216636991, 3.868391380177954, 2.4718250926203877, 6.087467273681861, 0.5486321424086622, 6.0634667218614595, 4.668279010728394, 4.591912125922062, 6.643665666681443, 1.5180974458434697, 1.1085673455420881, 3.5628135112441655, 5.221814597736117, 9.879246517067884, 1.1973577963371724, 4.7722919657609, 8.527545759879658, 1.9282296561725847, 4.592178973113534, 4.026206960833862, 2.698441012110173, 1.3873854378770734, 5.667690982713392, 8.963780087585945, 6.433669325168847]","66_lag_labSSTjfm, 66_lag_69_median_amo2, 66_lag_67_median_neurTSjfm, 68_lag_naoPSLjfm, 72_lag_traTLS, 71_lag_traWP, 75_lag_amoSSTmjjaso, 66_lag_68_median_traEU, 69_lag_tripol3, 71_lag_stratZ50ndj02, 66_lag_73_median_ensoSSTjfm, 66_lag_74_median_traEU, 66_lag_69_median_wnorPRjfm, 66_lag_traIT, 66_lag_67_median_ismPRjja, 66_lag_75_median_ginwSSTjfm, 66_lag_69_median_shTSjfm, 69_lag_traBS, 66_lag_68_median_traCA, 66_lag_75_median_nppc2SSTjfm, 68_lag_traIT, 66_lag_75_median_traIFC, 66_lag_68_median_ormenSSTjfm, 75_lag_satlSSTjfm, 66_lag_70_median_ismPRjja, 66_lag_69_median_traDS, 66_lag_67_median_ensoSSTjfm, 71_lag_ginwSSTjfm, 66_lag_68_median_traFS, 66_lag_71_median_ismPRjja_1216_66"
LRforcedPSO,62,30,stratZ50ndj03,picntrl,1776.5,2050.5,0.8,77,67,67,28.055361042934088,-0.1470818351921385,1216,"['67_lag_70_median_traEU', '73_lag_nppc3SSTjfm', '67_lag_68_median_arcTSjfm', '73_lag_shSICsep', '72_lag_nhSICjfm', '71_lag_shSICmar', '67_lag_73_median_stratZ50ndj02', '67_lag_73_median_traIT', '73_lag_traBO', '74_lag_traDP', '67_lag_74_median_stratZ50ndj04', '67_lag_68_median_traIFC', '67_lag_72_median_mhfATL45', '67_lag_eapPSLjfm', '76_lag_wnorPRjfm', '67_lag_73_median_yrvPRjja', '67_lag_70_median_eurPSLjfm', '70_lag_traDP', '67_lag_75_median_eapPSLjfm', '67_lag_72_median_glTSjfm', '67_lag_75_median_amo1', '67_lag_72_median_mhfIP30', '70_lag_ismPRjja', '75_lag_shSICmar', '67_lag_70_median_stratZ50ndj02', '68_lag_stratZ50ndj01', '67_lag_70_median_mhfATL60', '71_lag_samPSLann', '67_lag_shSICmar', '67_lag_76_median_amoSSTmjjaso']","[0.22928740628894317, 5.925630212714584, 2.3958602088396894, 0.3014070667445008, 5.2572448868888415, 3.27505165630555, 5.319895190914284, 2.0650025889186594, 6.16319583976378, 5.4074410313799355, 8.698696751537838, 1.633428976777143, 5.936781513308496, 7.503779288384159, 1.8392181306550128, 4.135274989318887, 0.7342897173572744, 2.520365072530404, 8.1299597745279, 7.921243328657324, 6.1820938231219955, 6.159298859302192, 0.8689923380823572, 0.7571279078417312, 0.907772789145028, 3.9694312950398336, 6.184411954094942, 3.5145143254584106, 4.513772286486624, 5.572388953578351]","67_lag_70_median_traEU, 73_lag_nppc3SSTjfm, 67_lag_68_median_arcTSjfm, 73_lag_shSICsep, 72_lag_nhSICjfm, 71_lag_shSICmar, 67_lag_73_median_stratZ50ndj02, 67_lag_73_median_traIT, 73_lag_traBO, 74_lag_traDP, 67_lag_74_median_stratZ50ndj04, 67_lag_68_median_traIFC, 67_lag_72_median_mhfATL45, 67_lag_eapPSLjfm, 76_lag_wnorPRjfm, 67_lag_73_median_yrvPRjja, 67_lag_70_median_eurPSLjfm, 70_lag_traDP, 67_lag_75_median_eapPSLjfm, 67_lag_72_median_glTSjfm, 67_lag_75_median_amo1, 67_lag_72_median_mhfIP30, 70_lag_ismPRjja, 75_lag_shSICmar, 67_lag_70_median_stratZ50ndj02, 68_lag_stratZ50ndj01, 67_lag_70_median_mhfATL60, 71_lag_samPSLann, 67_lag_shSICmar, 67_lag_76_median_amoSSTmjjaso_1216_67"
LRforcedPSO,63,30,stratZ50ndj03,picntrl,1777.5,2050.5,0.8,78,68,68,23.07875099065061,-0.06093722476641412,1216,"['68_lag_73_median_ormenSSTjfm', '68_lag_69_median_traDS', '76_lag_traMC', '68_lag_70_median_traFSC', '75_lag_nhSICsep', '68_lag_77_median_mhfATL60', '68_lag_76_median_atlSICjfm', '68_lag_73_median_shSICmar', '75_lag_stratZ50ndj03', '71_lag_mhfIP30', '76_lag_traFSC', '68_lag_77_median_glomaSSTjfm', '71_lag_seurTSjfm', '68_lag_77_median_nppc2SSTjfm', '68_lag_76_median_traFS', '70_lag_nhTSjfm', '68_lag_nppc2SSTjfm', '68_lag_stratZ50ndj03', '68_lag_74_median_shTSjfm', '68_lag_73_median_mhfATL60', '68_lag_69_median_ormenSSTjfm', '68_lag_75_median_atlSICsep', '68_lag_nppc3SSTjfm', '68_lag_77_median_seurTSjfm', '75_lag_traEU', '68_lag_69_median_atlSICjfm', '68_lag_72_median_atlSICsep', '68_lag_73_median_nppc3SSTjfm', '68_lag_73_median_traTLS', '74_lag_ormenSSTjfm']","[5.587162070487983, 2.161658861943545, 6.325483675775669, 8.48641296246129, 2.8985870939413374, 7.408130211631864, 2.2002233006447387, 6.147539835973468, 1.7082352437104653, 7.2192537079589805, 5.946041021206456, 5.011487521972953, 2.1452919686410006, 5.155632716898532, 6.514195023047011, 6.759505871021975, 1.6181255345635073, 2.38294070414055, 4.0662805529319135, 0.3166751636118743, 3.1352066854824834, 3.7131444425571143, 3.175979597430107, 5.304766983946749, 0.3743793014174521, 2.7501467277429352, 0.5716902877500178, 1.1119708789362033, 1.62543511577989, 5.266186514860356]","68_lag_73_median_ormenSSTjfm, 68_lag_69_median_traDS, 76_lag_traMC, 68_lag_70_median_traFSC, 75_lag_nhSICsep, 68_lag_77_median_mhfATL60, 68_lag_76_median_atlSICjfm, 68_lag_73_median_shSICmar, 75_lag_stratZ50ndj03, 71_lag_mhfIP30, 76_lag_traFSC, 68_lag_77_median_glomaSSTjfm, 71_lag_seurTSjfm, 68_lag_77_median_nppc2SSTjfm, 68_lag_76_median_traFS, 70_lag_nhTSjfm, 68_lag_nppc2SSTjfm, 68_lag_stratZ50ndj03, 68_lag_74_median_shTSjfm, 68_lag_73_median_mhfATL60, 68_lag_69_median_ormenSSTjfm, 68_lag_75_median_atlSICsep, 68_lag_nppc3SSTjfm, 68_lag_77_median_seurTSjfm, 75_lag_traEU, 68_lag_69_median_atlSICjfm, 68_lag_72_median_atlSICsep, 68_lag_73_median_nppc3SSTjfm, 68_lag_73_median_traTLS, 74_lag_ormenSSTjfm_1216_68"
LRforcedPSO,64,30,stratZ50ndj03,picntrl,1778.5,2050.5,0.8,79,69,69,23.353446184627924,0.37148933592911043,1216,"['72_lag_shSICmar', '69_lag_78_median_amo2', '69_lag_78_median_mhfATL60', '75_lag_neurTSjfm', '69_lag_73_median_traEU', '76_lag_naoPSLjfm', '69_lag_nchinaPRjja', '69_lag_76_median_ensoSSTjfm', '75_lag_amo1', '69_lag_71_median_traWP', '69_lag_73_median_mhfATL45', '69_lag_78_median_shSICmar', '69_lag_satlSSTjfm', '69_lag_71_median_shTSjfm', '74_lag_traDP', '69_lag_72_median_traFS', '76_lag_shSICsep', '69_lag_78_median_nchinaPRjja', '70_lag_shSICmar', '69_lag_73_median_satlSSTjfm', '69_lag_71_median_ensoSSTjfm', '69_lag_74_median_alpi', '69_lag_75_median_traMC', '76_lag_traDS', '69_lag_78_median_yrvPRjja', '75_lag_nhSICsep', '69_lag_ginwSSTjfm', '69_lag_77_median_mhfATL45', '77_lag_nhSICsep', '69_lag_73_median_amo3']","[2.710298451579538, 7.344190427979072, 4.601119155384406, 4.723162525804224, 3.0717207949234027, 2.9214944297833725, 7.16640982897027, 6.579439622599796, 4.038689366702528, 9.540611819688252, 1.58215934387281, 5.1231008888972625, 2.8199802426545, 2.1994694800386743, 9.303333726380622, 6.468110749402481, 4.361615231386207, 0.8132181754699346, 5.787639376297847, 2.075353523506762, 4.150393948380242, 6.779714111694023, 1.3632735654167583, 2.338505896187561, 1.6249453677444503, 4.469167166162718, 2.09682068989137, 3.9637242783138333, 8.636291148193635, 5.698981179857345]","72_lag_shSICmar, 69_lag_78_median_amo2, 69_lag_78_median_mhfATL60, 75_lag_neurTSjfm, 69_lag_73_median_traEU, 76_lag_naoPSLjfm, 69_lag_nchinaPRjja, 69_lag_76_median_ensoSSTjfm, 75_lag_amo1, 69_lag_71_median_traWP, 69_lag_73_median_mhfATL45, 69_lag_78_median_shSICmar, 69_lag_satlSSTjfm, 69_lag_71_median_shTSjfm, 74_lag_traDP, 69_lag_72_median_traFS, 76_lag_shSICsep, 69_lag_78_median_nchinaPRjja, 70_lag_shSICmar, 69_lag_73_median_satlSSTjfm, 69_lag_71_median_ensoSSTjfm, 69_lag_74_median_alpi, 69_lag_75_median_traMC, 76_lag_traDS, 69_lag_78_median_yrvPRjja, 75_lag_nhSICsep, 69_lag_ginwSSTjfm, 69_lag_77_median_mhfATL45, 77_lag_nhSICsep, 69_lag_73_median_amo3_1216_69"
LRforcedPSO,65,30,stratZ50ndj03,picntrl,1779.5,2050.5,0.8,80,70,70,25.984309196511017,-0.2157080162749706,1216,"['74_lag_traTLS', '70_lag_71_median_ginwSSTjfm', '73_lag_eapPSLjfm', '70_lag_79_median_amo3', '72_lag_nhSICsep', '78_lag_AMOCann', '70_lag_79_median_shSICsep', '70_lag_75_median_wnorPRjfm', '70_lag_74_median_mhfATL45', '70_lag_77_median_mhfATL30', '70_lag_75_median_atlSICjfm', '78_lag_ormenSSTjfm', '78_lag_amoSSTmjjaso', '79_lag_yrvPRjja', '70_lag_71_median_shSICmar', '79_lag_traFS', '70_lag_75_median_ismPRjja', '70_lag_79_median_traEU', '75_lag_traTLS', '70_lag_74_median_traFSC', '70_lag_76_median_stratZ50ndj01', '70_lag_73_median_mhfIP30', '71_lag_nchinaPRjja', '70_lag_78_median_ginwSSTjfm', '78_lag_traDS', '70_lag_75_median_alpi', '70_lag_76_median_mhfIP30', '70_lag_73_median_neurTSjfm', '74_lag_shTSjfm', '75_lag_mhfATL60']","[6.786129283649267, 1.8349105361700921, 9.428021707695091, 8.159370811334956, 3.588651509485805, 5.5523267748950484, 8.09995114364607, 1.6373452595902993, 7.741116692617784, 6.869760724336157, 9.25444043218732, 0.43568316600681456, 8.909007407771973, 5.276351473141192, 8.439387576285565, 9.412026631839417, 0.9197243920567786, 2.1304203247598963, 3.5028477500657367, 2.037683764872952, 6.082837523603807, 3.606865202851022, 4.972251039415118, 9.349410741369162, 1.3511006533193175, 3.987438378779478, 0.0968175668452993, 1.8135822397031696, 5.185807106125175, 4.57986270473169]","74_lag_traTLS, 70_lag_71_median_ginwSSTjfm, 73_lag_eapPSLjfm, 70_lag_79_median_amo3, 72_lag_nhSICsep, 78_lag_AMOCann, 70_lag_79_median_shSICsep, 70_lag_75_median_wnorPRjfm, 70_lag_74_median_mhfATL45, 70_lag_77_median_mhfATL30, 70_lag_75_median_atlSICjfm, 78_lag_ormenSSTjfm, 78_lag_amoSSTmjjaso, 79_lag_yrvPRjja, 70_lag_71_median_shSICmar, 79_lag_traFS, 70_lag_75_median_ismPRjja, 70_lag_79_median_traEU, 75_lag_traTLS, 70_lag_74_median_traFSC, 70_lag_76_median_stratZ50ndj01, 70_lag_73_median_mhfIP30, 71_lag_nchinaPRjja, 70_lag_78_median_ginwSSTjfm, 78_lag_traDS, 70_lag_75_median_alpi, 70_lag_76_median_mhfIP30, 70_lag_73_median_neurTSjfm, 74_lag_shTSjfm, 75_lag_mhfATL60_1216_70"
LRforcedPSO,66,30,stratZ50ndj03,picntrl,1780.5,2050.5,0.8,81,71,71,26.93115511817159,-0.2119476529482906,1216,"['71_lag_80_median_nhSICsep', '71_lag_74_median_traFS', '80_lag_arcTSjfm', '74_lag_eapPSLjfm', '71_lag_79_median_atlSICsep', '80_lag_eapPSLjfm', '78_lag_glomaSSTjfm', '72_lag_traFSC', '74_lag_mhfATL45', '71_lag_76_median_stratZ50ndj02', '71_lag_80_median_yrvPRjja', '72_lag_traEU', '72_lag_ormenSSTjfm', '71_lag_75_median_eapPSLjfm', '76_lag_stratZ50ndj02', '74_lag_shSICmar', '71_lag_78_median_gyreSSTjfm', '72_lag_traDP', '80_lag_atlSICjfm', '77_lag_ismPRjja', '73_lag_traBO', '71_lag_74_median_traTLS', '71_lag_72_median_traIT', '71_lag_73_median_ismPRjja', '79_lag_mhfATL30', '71_lag_73_median_nchinaPRjja', '71_lag_75_median_alpi', '73_lag_alpi', '71_lag_79_median_naoPSLjfm', '77_lag_eurPSLjfm']","[8.704244390375642, 0.8210637482159111, 2.8544427449734755, 9.028364023705247, 0.059135284348368344, 7.4476960791597335, 0.004131574259796267, 9.636418299069252, 4.385202336923811, 2.162589783463403, 0.4371314343425148, 3.417396993634558, 5.129676866046906, 5.937534700399802, 3.534435891377088, 7.760283067074849, 6.857605146589316, 7.478425514909546, 0.6368681386515203, 4.622446054805502, 7.061664176648414, 6.210638269828998, 3.607223292897274, 0.8908849456391117, 1.6896425619424242, 7.243704621825131, 4.670354709840144, 9.701913628672006, 6.433856984577102, 0.2601375694455612]","71_lag_80_median_nhSICsep, 71_lag_74_median_traFS, 80_lag_arcTSjfm, 74_lag_eapPSLjfm, 71_lag_79_median_atlSICsep, 80_lag_eapPSLjfm, 78_lag_glomaSSTjfm, 72_lag_traFSC, 74_lag_mhfATL45, 71_lag_76_median_stratZ50ndj02, 71_lag_80_median_yrvPRjja, 72_lag_traEU, 72_lag_ormenSSTjfm, 71_lag_75_median_eapPSLjfm, 76_lag_stratZ50ndj02, 74_lag_shSICmar, 71_lag_78_median_gyreSSTjfm, 72_lag_traDP, 80_lag_atlSICjfm, 77_lag_ismPRjja, 73_lag_traBO, 71_lag_74_median_traTLS, 71_lag_72_median_traIT, 71_lag_73_median_ismPRjja, 79_lag_mhfATL30, 71_lag_73_median_nchinaPRjja, 71_lag_75_median_alpi, 73_lag_alpi, 71_lag_79_median_naoPSLjfm, 77_lag_eurPSLjfm_1216_71"
LRforcedPSO,67,30,stratZ50ndj03,picntrl,1781.5,2050.5,0.8,82,72,72,29.792467332287455,-0.251487964299928,1216,"['73_lag_stratZ50ndj02', '75_lag_traTLS', '81_lag_stratZ50ndj01', '79_lag_traDP', '72_lag_80_median_traIT', '79_lag_stratZ50ndj01', '72_lag_76_median_arcTSjfm', '72_lag_73_median_mhfATL45', '72_lag_75_median_arcTSjfm', '72_lag_78_median_traEC', '72_lag_77_median_traBS', '76_lag_tripol3', '72_lag_76_median_tripol2', '72_lag_75_median_scpPSLjfm', '80_lag_satlSSTjfm', '79_lag_amoSSTmjjaso', '78_lag_amo2', '72_lag_ensoSSTjfm', '78_lag_nhSICjfm', '74_lag_shSICmar', '77_lag_atlSICsep', '81_lag_traCA', '72_lag_74_median_traFB', '72_lag_75_median_naoPSLjfm', '72_lag_75_median_stratZ50ndj01', '72_lag_79_median_stratZ50ndj01', '78_lag_glTSjfm', '81_lag_satlSSTjfm', '76_lag_mhfIP30', '72_lag_74_median_satlSSTjfm']","[8.791097404888479, 0.5256531404768907, 8.25776010797988, 3.6821315869430578, 2.3583444329604504, 2.0473040212787152, 8.140555574945857, 7.331826333281473, 9.718341290058898, 0.9655668684140153, 4.477219070847164, 2.0690926680863875, 2.7093379218428986, 3.7438513725018012, 8.459229652417445, 2.7315759601063583, 4.770190382216448, 8.539668099533204, 6.627792498796053, 8.465045495085949, 5.0200958714245125, 5.500081930207954, 3.951639876405162, 2.4443599161741876, 3.6036796255062864, 5.989782743380632, 5.832513855543122, 5.431370554872002, 5.70089237163848, 1.2094367506332855]","73_lag_stratZ50ndj02, 75_lag_traTLS, 81_lag_stratZ50ndj01, 79_lag_traDP, 72_lag_80_median_traIT, 79_lag_stratZ50ndj01, 72_lag_76_median_arcTSjfm, 72_lag_73_median_mhfATL45, 72_lag_75_median_arcTSjfm, 72_lag_78_median_traEC, 72_lag_77_median_traBS, 76_lag_tripol3, 72_lag_76_median_tripol2, 72_lag_75_median_scpPSLjfm, 80_lag_satlSSTjfm, 79_lag_amoSSTmjjaso, 78_lag_amo2, 72_lag_ensoSSTjfm, 78_lag_nhSICjfm, 74_lag_shSICmar, 77_lag_atlSICsep, 81_lag_traCA, 72_lag_74_median_traFB, 72_lag_75_median_naoPSLjfm, 72_lag_75_median_stratZ50ndj01, 72_lag_79_median_stratZ50ndj01, 78_lag_glTSjfm, 81_lag_satlSSTjfm, 76_lag_mhfIP30, 72_lag_74_median_satlSSTjfm_1216_72"
LRforcedPSO,68,30,stratZ50ndj03,picntrl,1782.5,2050.5,0.8,83,73,73,22.7491836371819,0.09755617926081175,1216,"['73_lag_75_median_gyreSSTjfm', '75_lag_traEU', '73_lag_80_median_nhSICjfm', '73_lag_eurPSLjfm', '74_lag_labSSTjfm', '78_lag_seurTSjfm', '82_lag_eurPSLjfm', '73_lag_80_median_samPSLann', '77_lag_stratZ50ndj03', '73_lag_79_median_naoPSLjfm', '73_lag_traIFC', '75_lag_traIT', '81_lag_stratZ50ndj03', '76_lag_satlSSTjfm', '81_lag_ismPRjja', '77_lag_stratZ50ndj02', '73_lag_80_median_glomaSSTjfm', '81_lag_traTLS', '82_lag_naoPSLjfm', '77_lag_nhSICjfm', '80_lag_traFSC', '78_lag_nhSICjfm', '79_lag_ensoSSTjfm', '73_lag_78_median_tripol2', '75_lag_eurPSLjfm', '73_lag_74_median_traFS', '73_lag_81_median_AMOCann', '73_lag_79_median_nhTSjfm', '73_lag_81_median_nppc3SSTjfm', '78_lag_samPSLann']","[4.596668657482269, 4.940703097633497, 5.922044187099374, 4.696703275107936, 2.477683256789125, 0.6962083770643357, 2.1043876891928326, 4.093298902906277, 3.457583168991917, 0.1513644563263945, 7.067347064359419, 0.48797087243785064, 8.308774220210886, 4.506380545079313, 2.7794198881012733, 2.6695654110826705, 3.509504913451325, 7.602323533094653, 1.994109889740436, 4.6340077256639045, 6.764447150054867, 3.294993176498946, 3.921992959008289, 2.227935745449404, 6.926465730166456, 5.221353757810063, 2.6706866951646457, 0.942327503228519, 8.681350913943476, 0.5641294711127962]","73_lag_75_median_gyreSSTjfm, 75_lag_traEU, 73_lag_80_median_nhSICjfm, 73_lag_eurPSLjfm, 74_lag_labSSTjfm, 78_lag_seurTSjfm, 82_lag_eurPSLjfm, 73_lag_80_median_samPSLann, 77_lag_stratZ50ndj03, 73_lag_79_median_naoPSLjfm, 73_lag_traIFC, 75_lag_traIT, 81_lag_stratZ50ndj03, 76_lag_satlSSTjfm, 81_lag_ismPRjja, 77_lag_stratZ50ndj02, 73_lag_80_median_glomaSSTjfm, 81_lag_traTLS, 82_lag_naoPSLjfm, 77_lag_nhSICjfm, 80_lag_traFSC, 78_lag_nhSICjfm, 79_lag_ensoSSTjfm, 73_lag_78_median_tripol2, 75_lag_eurPSLjfm, 73_lag_74_median_traFS, 73_lag_81_median_AMOCann, 73_lag_79_median_nhTSjfm, 73_lag_81_median_nppc3SSTjfm, 78_lag_samPSLann_1216_73"
LRforcedPSO,69,30,stratZ50ndj03,picntrl,1783.5,2050.5,0.8,84,74,74,21.57253447195246,0.2335543706842571,1216,"['74_lag_80_median_traCA', '74_lag_82_median_nhSICjfm', '74_lag_eurPSLjfm', '81_lag_ormenSSTjfm', '74_lag_mhfATL30', '83_lag_stratZ50ndj01', '74_lag_78_median_amo2', '74_lag_77_median_stratZ50ndj04', '82_lag_stratZ50ndj01', '81_lag_nhSICjfm', '74_lag_77_median_traDS', '74_lag_traFSC', '74_lag_75_median_amoSSTmjjaso', '82_lag_ensoSSTjfm', '74_lag_81_median_mhfIP30', '80_lag_traEC', '74_lag_78_median_nhSICjfm', '74_lag_83_median_mhfATL45', '79_lag_stratZ50ndj01', '78_lag_stratZ50ndj03', '74_lag_79_median_traCA', '74_lag_82_median_traEC', '78_lag_traIFC', '81_lag_nppc2SSTjfm', '74_lag_76_median_AMOCann', '78_lag_ginwSSTjfm', '79_lag_traEU', '81_lag_mhfATL60', '74_lag_77_median_wnorPRjfm', '79_lag_atlSICjfm']","[7.32848504029765, 5.641989715351446, 6.611455082171613, 6.393472921533878, 1.7733239962884806, 6.742433783928529, 2.5519339001734647, 2.442791437839949, 0.8558529531885171, 4.343320445002643, 8.654065624726574, 3.0932024756912675, 3.613256068830079, 4.590720697331243, 1.4761511573108343, 9.988810343867318, 2.295161898855673, 6.943075114048661, 4.865715101428709, 4.605531114589365, 2.878067254242012, 6.722852339272006, 3.71688943493732, 0.019096993355397274, 0.6391583130035094, 9.451026742744817, 2.66105028729071, 2.6527321446083763, 6.230176323769751, 0.10907237515857915]","74_lag_80_median_traCA, 74_lag_82_median_nhSICjfm, 74_lag_eurPSLjfm, 81_lag_ormenSSTjfm, 74_lag_mhfATL30, 83_lag_stratZ50ndj01, 74_lag_78_median_amo2, 74_lag_77_median_stratZ50ndj04, 82_lag_stratZ50ndj01, 81_lag_nhSICjfm, 74_lag_77_median_traDS, 74_lag_traFSC, 74_lag_75_median_amoSSTmjjaso, 82_lag_ensoSSTjfm, 74_lag_81_median_mhfIP30, 80_lag_traEC, 74_lag_78_median_nhSICjfm, 74_lag_83_median_mhfATL45, 79_lag_stratZ50ndj01, 78_lag_stratZ50ndj03, 74_lag_79_median_traCA, 74_lag_82_median_traEC, 78_lag_traIFC, 81_lag_nppc2SSTjfm, 74_lag_76_median_AMOCann, 78_lag_ginwSSTjfm, 79_lag_traEU, 81_lag_mhfATL60, 74_lag_77_median_wnorPRjfm, 79_lag_atlSICjfm_1216_74"
LRforcedPSO,70,30,stratZ50ndj03,picntrl,1784.5,2050.5,0.8,85,75,75,24.535830208176368,-0.23720435694185185,1216,"['76_lag_samPSLann', '75_lag_77_median_traEC', '76_lag_traDS', '83_lag_nhSICjfm', '75_lag_82_median_wnorPRjfm', '80_lag_nhSICsep', '75_lag_77_median_amo3', '75_lag_81_median_traTLS', '75_lag_81_median_mhfATL60', '80_lag_traBO', '78_lag_yrvPRjja', '78_lag_mhfATL30', '81_lag_scpPSLjfm', '75_lag_80_median_nhTSjfm', '77_lag_amo1', '78_lag_mhfATL60', '75_lag_79_median_traFS', '75_lag_78_median_amoSSTmjjaso', '76_lag_nppc2SSTjfm', '75_lag_78_median_eapPSLjfm', '78_lag_traIFC', '75_lag_78_median_nppc3SSTjfm', '82_lag_stratZ50ndj03', '75_lag_nhSICsep', '75_lag_mhfATL60', '76_lag_naoPSLjfm', '75_lag_78_median_glTSjfm', '75_lag_77_median_amo2', '75_lag_76_median_traDS', '75_lag_84_median_neurTSjfm']","[3.4951394349541776, 2.924797592423058, 8.614829453512966, 4.448278196062572, 8.866956667657803, 0.18614357987717867, 2.9653875069564073, 0.9238066270627208, 0.7597608537633924, 4.230548065684497, 7.799137964396724, 3.6956633410776085, 3.76687909211107, 0.18130415141544987, 2.930562409561559, 7.403327729466957, 7.9114250416673215, 3.9251939794241313, 6.5967660041769065, 4.569120676904744, 4.460312255518486, 6.781276631525714, 3.0213584845426453, 2.384394791902899, 0.5023343979289656, 6.936802527817935, 0.9433374163309782, 1.7173084959210385, 9.464783362485505, 0.5464283704796564]","76_lag_samPSLann, 75_lag_77_median_traEC, 76_lag_traDS, 83_lag_nhSICjfm, 75_lag_82_median_wnorPRjfm, 80_lag_nhSICsep, 75_lag_77_median_amo3, 75_lag_81_median_traTLS, 75_lag_81_median_mhfATL60, 80_lag_traBO, 78_lag_yrvPRjja, 78_lag_mhfATL30, 81_lag_scpPSLjfm, 75_lag_80_median_nhTSjfm, 77_lag_amo1, 78_lag_mhfATL60, 75_lag_79_median_traFS, 75_lag_78_median_amoSSTmjjaso, 76_lag_nppc2SSTjfm, 75_lag_78_median_eapPSLjfm, 78_lag_traIFC, 75_lag_78_median_nppc3SSTjfm, 82_lag_stratZ50ndj03, 75_lag_nhSICsep, 75_lag_mhfATL60, 76_lag_naoPSLjfm, 75_lag_78_median_glTSjfm, 75_lag_77_median_amo2, 75_lag_76_median_traDS, 75_lag_84_median_neurTSjfm_1216_75"
LRforcedPSO,71,30,stratZ50ndj03,picntrl,1785.5,2050.5,0.8,86,76,76,19.352420441050462,0.14897886017806267,1216,"['76_lag_84_median_nhSICsep', '76_lag_81_median_nhTSjfm', '80_lag_stratZ50ndj02', '76_lag_83_median_yrvPRjja', '76_lag_77_median_traIT', '76_lag_eapPSLjfm', '85_lag_traEC', '76_lag_84_median_wnorPRjfm', '83_lag_amo2', '83_lag_shSICsep', '83_lag_eurPSLjfm', '76_lag_84_median_traFSC', '76_lag_81_median_nppc3SSTjfm', '76_lag_84_median_alpi', '79_lag_AMOCann', '78_lag_mhfATL45', '82_lag_naoPSLjfm', '76_lag_80_median_eapPSLjfm', '77_lag_traBS', '82_lag_atlSICsep', '79_lag_ormenSSTjfm', '76_lag_81_median_tripol3', '79_lag_traBS', '77_lag_labSSTjfm', '76_lag_85_median_traBO', '77_lag_mhfATL45', '76_lag_gyreSSTjfm', '76_lag_mhfATL30', '76_lag_85_median_pdoSSTjfm', '76_lag_79_median_tripol3']","[4.603473276035263, 0.8347865051271981, 1.5947981113145246, 0.5742510070849765, 4.812556212940948, 4.336430643981812, 0.4273847205227188, 4.844004345419668, 2.8070394883340892, 2.2087899279345535, 6.4739121508941855, 3.781466740286099, 9.004824978177936, 4.242751642673934, 1.9580149297018412, 7.190161974532043, 1.981391679132532, 4.194385246859939, 4.034057427820175, 1.2152748039824974, 4.216848453022335, 7.935041579725787, 3.9289633091314524, 5.974030762127725, 1.72582412853982, 5.392465491327059, 2.1761538136841274, 7.261768994326023, 5.3239862934961195, 1.8207089122622868]","76_lag_84_median_nhSICsep, 76_lag_81_median_nhTSjfm, 80_lag_stratZ50ndj02, 76_lag_83_median_yrvPRjja, 76_lag_77_median_traIT, 76_lag_eapPSLjfm, 85_lag_traEC, 76_lag_84_median_wnorPRjfm, 83_lag_amo2, 83_lag_shSICsep, 83_lag_eurPSLjfm, 76_lag_84_median_traFSC, 76_lag_81_median_nppc3SSTjfm, 76_lag_84_median_alpi, 79_lag_AMOCann, 78_lag_mhfATL45, 82_lag_naoPSLjfm, 76_lag_80_median_eapPSLjfm, 77_lag_traBS, 82_lag_atlSICsep, 79_lag_ormenSSTjfm, 76_lag_81_median_tripol3, 79_lag_traBS, 77_lag_labSSTjfm, 76_lag_85_median_traBO, 77_lag_mhfATL45, 76_lag_gyreSSTjfm, 76_lag_mhfATL30, 76_lag_85_median_pdoSSTjfm, 76_lag_79_median_tripol3_1216_76"
LRforcedPSO,72,30,stratZ50ndj03,picntrl,1786.5,2050.5,0.8,87,77,77,24.256570867086015,0.2680594482190348,1216,"['84_lag_ormenSSTjfm', '77_lag_shSICsep', '82_lag_arcTSjfm', '78_lag_mhfATL60', '77_lag_82_median_shSICmar', '77_lag_80_median_traTLS', '77_lag_78_median_labSSTjfm', '77_lag_86_median_ismPRjja', '77_lag_84_median_mhfIP30', '80_lag_traBS', '79_lag_glomaSSTjfm', '83_lag_traWP', '82_lag_ormenSSTjfm', '83_lag_ismPRjja', '83_lag_AMOCann', '77_lag_78_median_seurTSjfm', '77_lag_80_median_labSSTjfm', '85_lag_alpi', '80_lag_eapPSLjfm', '77_lag_85_median_seurTSjfm', '77_lag_84_median_traIFC', '77_lag_85_median_ismPRjja', '80_lag_nppc2SSTjfm', '77_lag_81_median_traMC', '77_lag_81_median_amoSSTmjjaso', '77_lag_83_median_tripol1', '77_lag_84_median_stratZ50ndj03', '77_lag_84_median_traMC', '84_lag_tripol3', '78_lag_stratZ50ndj04']","[1.9800408554983058, 1.67428012550317, 1.6968418971172134, 6.235720172773242, 0.24791768748136533, 6.408836203198572, 0.2109981812377093, 6.978111460453573, 1.2964621749149288, 0.9513155502204445, 6.410516268638366, 5.507748036126172, 3.770956192139842, 1.6669080141547887, 0.42091290405273263, 4.525737994789991, 1.0032582249036253, 8.401910084764445, 1.908715392451331, 9.110186055382709, 4.450974251399716, 9.064726002127045, 7.367135726474551, 5.93763884991775, 2.357622399729081, 5.534186197273671, 5.263693562704761, 0.06643778844765436, 4.7745738567927205, 0.10065185191917969]","84_lag_ormenSSTjfm, 77_lag_shSICsep, 82_lag_arcTSjfm, 78_lag_mhfATL60, 77_lag_82_median_shSICmar, 77_lag_80_median_traTLS, 77_lag_78_median_labSSTjfm, 77_lag_86_median_ismPRjja, 77_lag_84_median_mhfIP30, 80_lag_traBS, 79_lag_glomaSSTjfm, 83_lag_traWP, 82_lag_ormenSSTjfm, 83_lag_ismPRjja, 83_lag_AMOCann, 77_lag_78_median_seurTSjfm, 77_lag_80_median_labSSTjfm, 85_lag_alpi, 80_lag_eapPSLjfm, 77_lag_85_median_seurTSjfm, 77_lag_84_median_traIFC, 77_lag_85_median_ismPRjja, 80_lag_nppc2SSTjfm, 77_lag_81_median_traMC, 77_lag_81_median_amoSSTmjjaso, 77_lag_83_median_tripol1, 77_lag_84_median_stratZ50ndj03, 77_lag_84_median_traMC, 84_lag_tripol3, 78_lag_stratZ50ndj04_1216_77"
LRforcedPSO,73,30,stratZ50ndj03,picntrl,1787.5,2050.5,0.8,88,78,78,26.10651059671825,0.0889473261567007,1216,"['78_lag_81_median_samPSLann', '78_lag_87_median_pdoSSTjfm', '78_lag_82_median_stratZ50ndj03', '87_lag_neurTSjfm', '83_lag_tripol2', '86_lag_mhfATL30', '83_lag_traEU', '81_lag_nchinaPRjja', '87_lag_traFB', '86_lag_traEC', '78_lag_83_median_nppc3SSTjfm', '78_lag_80_median_traIT', '78_lag_85_median_neurTSjfm', '82_lag_stratZ50ndj03', '84_lag_neurTSjfm', '78_lag_87_median_labSSTjfm', '82_lag_traEC', '78_lag_86_median_traEC', '87_lag_traDP', '78_lag_82_median_mhfATL45', '81_lag_labSSTjfm', '78_lag_80_median_glTSjfm', '78_lag_81_median_ormenSSTjfm', '87_lag_ginwSSTjfm', '78_lag_84_median_nchinaPRjja', '78_lag_83_median_ginwSSTjfm', '85_lag_shTSjfm', '87_lag_traEC', '82_lag_amo2', '87_lag_ormenSSTjfm']","[0.37719827375207515, 9.358408871245356, 4.84160291358215, 0.7868929686727277, 7.339265795289545, 6.472645244260871, 7.0793191480007565, 3.989899095924512, 1.0299047958893066, 1.7773303687026658, 6.370962276372854, 0.37259211613240417, 0.22029062543556321, 3.8041924805727723, 7.825413496354791, 0.3974901068418575, 1.3873347526840405, 4.6913297299557, 4.581121612932048, 5.309437651436708, 6.247049475479255, 3.193745014551885, 1.1833776068551334, 7.1066683516956815, 9.931627759487146, 6.9861383786289295, 9.51977197077346, 8.848394310403853, 1.1569489997653815, 4.299942745049751]","78_lag_81_median_samPSLann, 78_lag_87_median_pdoSSTjfm, 78_lag_82_median_stratZ50ndj03, 87_lag_neurTSjfm, 83_lag_tripol2, 86_lag_mhfATL30, 83_lag_traEU, 81_lag_nchinaPRjja, 87_lag_traFB, 86_lag_traEC, 78_lag_83_median_nppc3SSTjfm, 78_lag_80_median_traIT, 78_lag_85_median_neurTSjfm, 82_lag_stratZ50ndj03, 84_lag_neurTSjfm, 78_lag_87_median_labSSTjfm, 82_lag_traEC, 78_lag_86_median_traEC, 87_lag_traDP, 78_lag_82_median_mhfATL45, 81_lag_labSSTjfm, 78_lag_80_median_glTSjfm, 78_lag_81_median_ormenSSTjfm, 87_lag_ginwSSTjfm, 78_lag_84_median_nchinaPRjja, 78_lag_83_median_ginwSSTjfm, 85_lag_shTSjfm, 87_lag_traEC, 82_lag_amo2, 87_lag_ormenSSTjfm_1216_78"
LRforcedPSO,74,30,stratZ50ndj03,picntrl,1788.5,2050.5,0.8,89,79,79,23.658854382562822,0.00201137099595308,1216,"['79_lag_88_median_nhTSjfm', '79_lag_83_median_amoSSTmjjaso', '86_lag_nhTSjfm', '79_lag_86_median_scpPSLjfm', '79_lag_81_median_arcTSjfm', '79_lag_82_median_ormenSSTjfm', '79_lag_arcTSjfm', '88_lag_traBO', '79_lag_84_median_traCA', '79_lag_80_median_ormenSSTjfm', '79_lag_87_median_traIFC', '79_lag_87_median_stratZ50ndj02', '81_lag_tripol2', '79_lag_81_median_traFB', '83_lag_shTSjfm', '85_lag_alpi', '82_lag_nppc2SSTjfm', '83_lag_wnorPRjfm', '79_lag_86_median_ensoSSTjfm', '79_lag_84_median_stratZ50ndj02', '79_lag_85_median_traBO', '79_lag_82_median_wnorPRjfm', '86_lag_arcTSjfm', '80_lag_amo3', '79_lag_83_median_mhfATL45', '79_lag_82_median_atlSICjfm', '79_lag_88_median_shSICsep', '83_lag_stratZ50ndj01', '79_lag_86_median_glTSjfm', '79_lag_83_median_ginwSSTjfm']","[3.2440488328570094, 1.5938479100663994, 0.8039593192529875, 5.893937680840578, 6.981976639707417, 0.9391441846647801, 2.726000251228127, 5.06503072405478, 1.4439414261512695, 1.011905301647797, 6.353688229168455, 3.413301959275847, 4.825718023802552, 1.3168906691857458, 3.908098157788733, 0.9022325161230675, 3.166297677890766, 1.0041762094297173, 5.633757338066658, 3.7829471086182975, 3.481997474477197, 5.156184797914369, 7.829915563539849, 1.9912982151130016, 6.560451197909224, 2.1970393734666427, 7.457844462124477, 5.8723378153221795, 6.380288422046281, 2.940199693973941]","79_lag_88_median_nhTSjfm, 79_lag_83_median_amoSSTmjjaso, 86_lag_nhTSjfm, 79_lag_86_median_scpPSLjfm, 79_lag_81_median_arcTSjfm, 79_lag_82_median_ormenSSTjfm, 79_lag_arcTSjfm, 88_lag_traBO, 79_lag_84_median_traCA, 79_lag_80_median_ormenSSTjfm, 79_lag_87_median_traIFC, 79_lag_87_median_stratZ50ndj02, 81_lag_tripol2, 79_lag_81_median_traFB, 83_lag_shTSjfm, 85_lag_alpi, 82_lag_nppc2SSTjfm, 83_lag_wnorPRjfm, 79_lag_86_median_ensoSSTjfm, 79_lag_84_median_stratZ50ndj02, 79_lag_85_median_traBO, 79_lag_82_median_wnorPRjfm, 86_lag_arcTSjfm, 80_lag_amo3, 79_lag_83_median_mhfATL45, 79_lag_82_median_atlSICjfm, 79_lag_88_median_shSICsep, 83_lag_stratZ50ndj01, 79_lag_86_median_glTSjfm, 79_lag_83_median_ginwSSTjfm_1216_79"
LRforcedPSO,75,30,stratZ50ndj03,picntrl,1789.5,2050.5,0.8,90,80,80,22.688251545666603,0.08696705021819762,1216,"['82_lag_nhSICsep', '80_lag_82_median_ormenSSTjfm', '89_lag_traIFC', '80_lag_naoPSLjfm', '85_lag_traFS', '80_lag_glTSjfm', '80_lag_83_median_cetTSjfm', '80_lag_85_median_traBS', '85_lag_seurTSjfm', '82_lag_scpPSLjfm', '85_lag_stratZ50ndj04', '80_lag_83_median_pdoSSTjfm', '80_lag_81_median_tripol3', '80_lag_84_median_seurTSjfm', '89_lag_stratZ50ndj04', '86_lag_neurTSjfm', '85_lag_tripol2', '89_lag_traEC', '85_lag_amo2', '80_lag_84_median_traIFC', '87_lag_traEU', '80_lag_82_median_ensoSSTjfm', '80_lag_83_median_mhfATL60', '86_lag_naoPSLjfm', '80_lag_81_median_cetTSjfm', '80_lag_88_median_atlSICjfm', '80_lag_82_median_seurTSjfm', '81_lag_stratZ50ndj01', '80_lag_81_median_traBO', '89_lag_alpi']","[0.13850793784627413, 6.680224618756519, 8.357805474405502, 8.313683067548379, 2.7046745928112443, 5.627652411463475, 5.457254585274896, 4.2071276065484176, 2.7911525262022465, 1.217866657263686, 4.517920570253725, 8.433542807643434, 1.7758272129710733, 2.570122131663604, 3.624037696068127, 2.9259128160811283, 0.6144527037347878, 4.0942706366252075, 4.9798775358980585, 0.05033924764294895, 4.260851300950563, 0.4152228656703727, 3.824308942780217, 7.392985933029972, 1.3993559558235873, 3.709137698427723, 0.09290783312290607, 0.35376892533337134, 9.213326020321542, 1.3685638314027866]","82_lag_nhSICsep, 80_lag_82_median_ormenSSTjfm, 89_lag_traIFC, 80_lag_naoPSLjfm, 85_lag_traFS, 80_lag_glTSjfm, 80_lag_83_median_cetTSjfm, 80_lag_85_median_traBS, 85_lag_seurTSjfm, 82_lag_scpPSLjfm, 85_lag_stratZ50ndj04, 80_lag_83_median_pdoSSTjfm, 80_lag_81_median_tripol3, 80_lag_84_median_seurTSjfm, 89_lag_stratZ50ndj04, 86_lag_neurTSjfm, 85_lag_tripol2, 89_lag_traEC, 85_lag_amo2, 80_lag_84_median_traIFC, 87_lag_traEU, 80_lag_82_median_ensoSSTjfm, 80_lag_83_median_mhfATL60, 86_lag_naoPSLjfm, 80_lag_81_median_cetTSjfm, 80_lag_88_median_atlSICjfm, 80_lag_82_median_seurTSjfm, 81_lag_stratZ50ndj01, 80_lag_81_median_traBO, 89_lag_alpi_1216_80"
LRforcedPSO,76,30,stratZ50ndj03,picntrl,1790.5,2050.5,0.8,91,81,81,22.180432955035638,0.08103077584199034,1216,"['81_lag_nppc3SSTjfm', '81_lag_88_median_shSICmar', '85_lag_traFSC', '86_lag_cetTSjfm', '81_lag_87_median_stratZ50ndj03', '82_lag_ormenSSTjfm', '88_lag_gyreSSTjfm', '88_lag_ormenSSTjfm', '90_lag_traIT', '82_lag_wnorPRjfm', '85_lag_ensoSSTjfm', '82_lag_stratZ50ndj01', '86_lag_nppc3SSTjfm', '81_lag_88_median_traEU', '81_lag_84_median_labSSTjfm', '86_lag_arcTSjfm', '87_lag_atlSICjfm', '81_lag_83_median_ismPRjja', '81_lag_88_median_neurTSjfm', '81_lag_85_median_traIT', '81_lag_88_median_shTSjfm', '86_lag_ormenSSTjfm', '87_lag_traBO', '87_lag_eapPSLjfm', '83_lag_tripol3', '86_lag_pdoSSTjfm', '81_lag_83_median_amoSSTmjjaso', '90_lag_ormenSSTjfm', '81_lag_87_median_shSICmar', '86_lag_traIFC']","[7.647746871240983, 6.227011179340851, 4.185657217298216, 2.0566432761708615, 5.406436703418059, 5.2419697606147375, 0.9545097610301223, 0.01300780263065171, 3.5507238493173343, 0.029910996765501352, 1.950845563641666, 4.1027732488982736, 5.558743836294542, 6.180417810027594, 1.1982718527441616, 4.772401989377313, 4.982809494612425, 5.647802504532571, 3.7615681908944794, 0.13201105226436738, 2.5360634961597377, 6.173639506623417, 3.662646654613175, 5.302825645054526, 2.4574866414904895, 0.8375988510968426, 3.279213706331518, 9.155684815542337, 5.853235196745121, 5.700496515606801]","81_lag_nppc3SSTjfm, 81_lag_88_median_shSICmar, 85_lag_traFSC, 86_lag_cetTSjfm, 81_lag_87_median_stratZ50ndj03, 82_lag_ormenSSTjfm, 88_lag_gyreSSTjfm, 88_lag_ormenSSTjfm, 90_lag_traIT, 82_lag_wnorPRjfm, 85_lag_ensoSSTjfm, 82_lag_stratZ50ndj01, 86_lag_nppc3SSTjfm, 81_lag_88_median_traEU, 81_lag_84_median_labSSTjfm, 86_lag_arcTSjfm, 87_lag_atlSICjfm, 81_lag_83_median_ismPRjja, 81_lag_88_median_neurTSjfm, 81_lag_85_median_traIT, 81_lag_88_median_shTSjfm, 86_lag_ormenSSTjfm, 87_lag_traBO, 87_lag_eapPSLjfm, 83_lag_tripol3, 86_lag_pdoSSTjfm, 81_lag_83_median_amoSSTmjjaso, 90_lag_ormenSSTjfm, 81_lag_87_median_shSICmar, 86_lag_traIFC_1216_81"
LRforcedPSO,77,30,stratZ50ndj03,picntrl,1791.5,2050.5,0.8,92,82,82,27.424771638171386,0.1707084922934432,1216,"['82_lag_85_median_traDP', '91_lag_pdoSSTjfm', '82_lag_traIFC', '82_lag_83_median_stratZ50ndj03', '84_lag_yrvPRjja', '85_lag_stratZ50ndj02', '83_lag_traWP', '82_lag_88_median_neurTSjfm', '86_lag_shSICmar', '82_lag_mhfIP30', '91_lag_amoSSTmjjaso', '82_lag_85_median_traBS', '84_lag_traMC', '82_lag_89_median_mhfATL45', '82_lag_90_median_eapPSLjfm', '86_lag_traCA', '89_lag_amo2', '85_lag_amo1', '82_lag_89_median_AMOCann', '82_lag_87_median_yrvPRjja', '91_lag_shSICmar', '82_lag_85_median_arcTSjfm', '82_lag_89_median_yrvPRjja', '88_lag_arcTSjfm', '82_lag_88_median_mhfATL30', '90_lag_stratZ50ndj04', '82_lag_88_median_atlSICsep', '83_lag_stratZ50ndj02', '83_lag_ginwSSTjfm', '84_lag_traBO']","[6.417881546069197, 7.80963902286728, 0.4297550281228588, 8.295660597976784, 2.158152828871338, 2.3658394744561306, 1.7455650865550822, 9.958723019632608, 1.6733430196026617, 5.0684502184616225, 4.320129703923281, 5.960962706133321, 6.167253508156371, 2.5055037832176303, 0.338680329791174, 0.36978499417991983, 0.2591211866382199, 2.6432380335777754, 1.5556348279687562, 6.701173669596933, 8.803620269113036, 4.254422853798019, 3.931586416020288, 5.4352312520517065, 7.793880269175302, 8.666776109816546, 9.579730976002764, 3.8955268582454288, 4.857617698015538, 3.796951950968676]","82_lag_85_median_traDP, 91_lag_pdoSSTjfm, 82_lag_traIFC, 82_lag_83_median_stratZ50ndj03, 84_lag_yrvPRjja, 85_lag_stratZ50ndj02, 83_lag_traWP, 82_lag_88_median_neurTSjfm, 86_lag_shSICmar, 82_lag_mhfIP30, 91_lag_amoSSTmjjaso, 82_lag_85_median_traBS, 84_lag_traMC, 82_lag_89_median_mhfATL45, 82_lag_90_median_eapPSLjfm, 86_lag_traCA, 89_lag_amo2, 85_lag_amo1, 82_lag_89_median_AMOCann, 82_lag_87_median_yrvPRjja, 91_lag_shSICmar, 82_lag_85_median_arcTSjfm, 82_lag_89_median_yrvPRjja, 88_lag_arcTSjfm, 82_lag_88_median_mhfATL30, 90_lag_stratZ50ndj04, 82_lag_88_median_atlSICsep, 83_lag_stratZ50ndj02, 83_lag_ginwSSTjfm, 84_lag_traBO_1216_82"
LRforcedPSO,78,30,stratZ50ndj03,picntrl,1792.5,2050.5,0.8,93,83,83,30.003449655768552,-0.12463900456795005,1216,"['83_lag_92_median_shSICmar', '83_lag_89_median_shSICsep', '83_lag_87_median_naoPSLjfm', '91_lag_naoPSLjfm', '91_lag_arcTSjfm', '83_lag_stratZ50ndj02', '83_lag_86_median_satlSSTjfm', '91_lag_tripol2', '83_lag_90_median_amo2', '83_lag_90_median_shSICsep', '92_lag_yrvPRjja', '83_lag_85_median_scpPSLjfm', '83_lag_86_median_amo2', '88_lag_samPSLann', '89_lag_glomaSSTjfm', '83_lag_88_median_gyreSSTjfm', '92_lag_alpi', '83_lag_89_median_shSICmar', '88_lag_traFSC', '92_lag_satlSSTjfm', '83_lag_91_median_naoPSLjfm', '89_lag_traEU', '85_lag_nchinaPRjja', '83_lag_85_median_nhSICsep', '92_lag_traCA', '84_lag_traTLS', '83_lag_84_median_ismPRjja', '83_lag_85_median_amo2', '83_lag_87_median_nhSICjfm', '83_lag_87_median_mhfATL60']","[3.790735293734251, 7.215846544822416, 0.8231480822940966, 0.20654122464033975, 6.2507876567860094, 7.1641118002937265, 4.3154809166135895, 3.534714207199812, 9.843227162691765, 4.216590137982632, 7.422107878497986, 3.5314455926332, 5.908436558696273, 4.609062611414602, 5.551101085679257, 1.460686987236258, 3.3535492178951145, 3.700110033158377, 5.584094400573612, 0.07069333731318395, 2.3118223020043205, 5.036347676000219, 4.6519293275048135, 6.536815226807928, 8.390818253382573, 2.678211210370625, 3.192510890801737, 5.161221634305004, 5.533869722439508, 2.031767904070292]","83_lag_92_median_shSICmar, 83_lag_89_median_shSICsep, 83_lag_87_median_naoPSLjfm, 91_lag_naoPSLjfm, 91_lag_arcTSjfm, 83_lag_stratZ50ndj02, 83_lag_86_median_satlSSTjfm, 91_lag_tripol2, 83_lag_90_median_amo2, 83_lag_90_median_shSICsep, 92_lag_yrvPRjja, 83_lag_85_median_scpPSLjfm, 83_lag_86_median_amo2, 88_lag_samPSLann, 89_lag_glomaSSTjfm, 83_lag_88_median_gyreSSTjfm, 92_lag_alpi, 83_lag_89_median_shSICmar, 88_lag_traFSC, 92_lag_satlSSTjfm, 83_lag_91_median_naoPSLjfm, 89_lag_traEU, 85_lag_nchinaPRjja, 83_lag_85_median_nhSICsep, 92_lag_traCA, 84_lag_traTLS, 83_lag_84_median_ismPRjja, 83_lag_85_median_amo2, 83_lag_87_median_nhSICjfm, 83_lag_87_median_mhfATL60_1216_83"
LRforcedPSO,79,30,stratZ50ndj03,picntrl,1793.5,2050.5,0.8,94,84,84,24.667723099518103,-0.08911638886845769,1216,"['84_lag_91_median_nhTSjfm', '93_lag_ormenSSTjfm', '84_lag_92_median_naoPSLjfm', '87_lag_nhTSjfm', '84_lag_89_median_atlSICsep', '84_lag_90_median_amo2', '93_lag_shSICsep', '88_lag_traIFC', '87_lag_traEU', '88_lag_traMC', '84_lag_89_median_stratZ50ndj03', '84_lag_92_median_traIT', '87_lag_traDP', '84_lag_91_median_scpPSLjfm', '89_lag_traFS', '84_lag_93_median_ensoSSTjfm', '91_lag_shTSjfm', '84_lag_87_median_mhfATL45', '85_lag_AMOCann', '87_lag_traDS', '92_lag_traIT', '84_lag_85_median_traIFC', '90_lag_traIT', '84_lag_90_median_ismPRjja', '84_lag_91_median_nppc3SSTjfm', '91_lag_traBO', '84_lag_86_median_eurPSLjfm', '84_lag_89_median_scpPSLjfm', '84_lag_91_median_yrvPRjja', '84_lag_89_median_glomaSSTjfm']","[8.722394851259175, 7.223412151675056, 3.495104742169456, 2.154961326723215, 9.879415445375416, 0.6791129153954358, 7.963492043527882, 3.5593802723979877, 0.21070591650161852, 3.4181559657321188, 1.58549418338273, 1.5772693498981596, 8.687544240773349, 1.4853200507526267, 3.4804811682722594, 9.146448274539125, 4.080466961414258, 5.666826418254381, 4.803263387386885, 2.354006669254092, 3.787083129482493, 4.000976821570417, 4.433558204583139, 0.7683567802469788, 8.499208462849266, 1.2546604462752668, 0.7543346953270031, 1.0703681212052967, 5.0036366651854856, 0.9248367953166046]","84_lag_91_median_nhTSjfm, 93_lag_ormenSSTjfm, 84_lag_92_median_naoPSLjfm, 87_lag_nhTSjfm, 84_lag_89_median_atlSICsep, 84_lag_90_median_amo2, 93_lag_shSICsep, 88_lag_traIFC, 87_lag_traEU, 88_lag_traMC, 84_lag_89_median_stratZ50ndj03, 84_lag_92_median_traIT, 87_lag_traDP, 84_lag_91_median_scpPSLjfm, 89_lag_traFS, 84_lag_93_median_ensoSSTjfm, 91_lag_shTSjfm, 84_lag_87_median_mhfATL45, 85_lag_AMOCann, 87_lag_traDS, 92_lag_traIT, 84_lag_85_median_traIFC, 90_lag_traIT, 84_lag_90_median_ismPRjja, 84_lag_91_median_nppc3SSTjfm, 91_lag_traBO, 84_lag_86_median_eurPSLjfm, 84_lag_89_median_scpPSLjfm, 84_lag_91_median_yrvPRjja, 84_lag_89_median_glomaSSTjfm_1216_84"
LRforcedPSO,80,30,stratZ50ndj03,picntrl,1794.5,2050.5,0.8,95,85,85,23.84060560709776,0.03208283193381859,1216,"['85_lag_93_median_traFS', '90_lag_wnorPRjfm', '85_lag_87_median_ismPRjja', '88_lag_traEC', '85_lag_87_median_traBO', '85_lag_92_median_traFB', '90_lag_traIT', '85_lag_93_median_arcTSjfm', '88_lag_pdoSSTjfm', '89_lag_ismPRjja', '86_lag_traIFC', '89_lag_arcTSjfm', '87_lag_eurPSLjfm', '85_lag_91_median_naoPSLjfm', '85_lag_90_median_stratZ50ndj03', '85_lag_87_median_amo2', '85_lag_90_median_traWP', '85_lag_90_median_nhTSjfm', '93_lag_satlSSTjfm', '85_lag_tripol1', '85_lag_86_median_stratZ50ndj01', '85_lag_92_median_tripol1', '94_lag_amo2', '85_lag_88_median_shTSjfm', '94_lag_tripol3', '88_lag_amoSSTmjjaso', '85_lag_scpPSLjfm', '94_lag_scpPSLjfm', '85_lag_92_median_atlSICjfm', '88_lag_traMC']","[1.196885423415054, 0.24357132696749773, 7.510279137054421, 5.561210738231567, 0.13836690344124314, 0.9436480515549146, 7.141122714664556, 2.7860760721061553, 6.472959284488235, 2.0577761848191027, 6.869357960965317, 5.21336482582419, 1.5940920102560323, 9.257378911414516, 4.037782325820814, 4.068316212905449, 5.449134219221918, 3.8711640005251606, 5.967292224545531, 2.3947733028244027, 5.018804508221034, 4.3578048327835734, 4.450365577466979, 4.96671506029541, 0.7020992290536086, 2.7301532704201232, 9.165179170054003, 1.5539021100215038, 3.040447303283063, 0.6726754657879148]","85_lag_93_median_traFS, 90_lag_wnorPRjfm, 85_lag_87_median_ismPRjja, 88_lag_traEC, 85_lag_87_median_traBO, 85_lag_92_median_traFB, 90_lag_traIT, 85_lag_93_median_arcTSjfm, 88_lag_pdoSSTjfm, 89_lag_ismPRjja, 86_lag_traIFC, 89_lag_arcTSjfm, 87_lag_eurPSLjfm, 85_lag_91_median_naoPSLjfm, 85_lag_90_median_stratZ50ndj03, 85_lag_87_median_amo2, 85_lag_90_median_traWP, 85_lag_90_median_nhTSjfm, 93_lag_satlSSTjfm, 85_lag_tripol1, 85_lag_86_median_stratZ50ndj01, 85_lag_92_median_tripol1, 94_lag_amo2, 85_lag_88_median_shTSjfm, 94_lag_tripol3, 88_lag_amoSSTmjjaso, 85_lag_scpPSLjfm, 94_lag_scpPSLjfm, 85_lag_92_median_atlSICjfm, 88_lag_traMC_1216_85"
LRforcedPSO,81,30,stratZ50ndj03,picntrl,1795.5,2050.5,0.8,96,86,86,26.43575532143732,-0.049087721454561646,1216,"['86_lag_93_median_mhfATL60', '91_lag_shTSjfm', '86_lag_87_median_naoPSLjfm', '91_lag_tripol2', '86_lag_90_median_traEC', '95_lag_amoSSTmjjaso', '86_lag_87_median_nppc3SSTjfm', '87_lag_seurTSjfm', '89_lag_cetTSjfm', '91_lag_traMC', '86_lag_88_median_shSICmar', '90_lag_traBO', '86_lag_atlSICjfm', '86_lag_91_median_traEC', '92_lag_scpPSLjfm', '95_lag_atlSICjfm', '95_lag_traIT', '86_lag_95_median_ismPRjja', '86_lag_95_median_mhfIP30', '86_lag_89_median_stratZ50ndj01', '93_lag_stratZ50ndj04', '86_lag_89_median_stratZ50ndj02', '89_lag_AMOCann', '86_lag_93_median_traIT', '86_lag_94_median_mhfIP30', '95_lag_eapPSLjfm', '95_lag_traDP', '86_lag_92_median_mhfATL30', '94_lag_traFB', '93_lag_amo3']","[0.7594428026175652, 4.322811741236821, 0.7768857511578897, 1.3026738788108077, 8.609266713990024, 5.813902627005685, 5.999910036909375, 2.1891235519461443, 4.712870404711216, 3.591823571181031, 1.7029125628692405, 2.53570136121445, 5.053460539555057, 1.198767238625038, 9.695582111246718, 0.2967584341016032, 1.9874921966879349, 7.340274968814185, 0.013419921091799125, 4.16261269925962, 1.0837497778368093, 9.913917198182482, 3.409610909297003, 4.1671354493592165, 6.9968631522803, 5.961642893926713, 5.640722814890541, 0.9576417745368602, 8.865728464676216, 9.526079798934077]","86_lag_93_median_mhfATL60, 91_lag_shTSjfm, 86_lag_87_median_naoPSLjfm, 91_lag_tripol2, 86_lag_90_median_traEC, 95_lag_amoSSTmjjaso, 86_lag_87_median_nppc3SSTjfm, 87_lag_seurTSjfm, 89_lag_cetTSjfm, 91_lag_traMC, 86_lag_88_median_shSICmar, 90_lag_traBO, 86_lag_atlSICjfm, 86_lag_91_median_traEC, 92_lag_scpPSLjfm, 95_lag_atlSICjfm, 95_lag_traIT, 86_lag_95_median_ismPRjja, 86_lag_95_median_mhfIP30, 86_lag_89_median_stratZ50ndj01, 93_lag_stratZ50ndj04, 86_lag_89_median_stratZ50ndj02, 89_lag_AMOCann, 86_lag_93_median_traIT, 86_lag_94_median_mhfIP30, 95_lag_eapPSLjfm, 95_lag_traDP, 86_lag_92_median_mhfATL30, 94_lag_traFB, 93_lag_amo3_1216_86"
LRforcedPSO,82,30,stratZ50ndj03,picntrl,1796.5,2050.5,0.8,97,87,87,27.69462374117408,-0.023709863345239564,1216,"['87_lag_94_median_traCA', '87_lag_91_median_nhSICsep', '87_lag_91_median_tripol2', '87_lag_94_median_shSICmar', '91_lag_ismPRjja', '87_lag_93_median_cetTSjfm', '88_lag_satlSSTjfm', '87_lag_89_median_traDS', '87_lag_92_median_traFB', '87_lag_94_median_cetTSjfm', '90_lag_traCA', '87_lag_91_median_mhfATL60', '94_lag_shSICsep', '87_lag_90_median_ginwSSTjfm', '90_lag_tripol1', '91_lag_cetTSjfm', '87_lag_90_median_traBO', '94_lag_shSICmar', '95_lag_stratZ50ndj02', '87_lag_91_median_amo2', '87_lag_92_median_nhSICjfm', '90_lag_cetTSjfm', '87_lag_89_median_nppc2SSTjfm', '87_lag_92_median_eapPSLjfm', '87_lag_88_median_stratZ50ndj01', '91_lag_mhfATL60', '87_lag_94_median_traDP', '87_lag_93_median_scpPSLjfm', '87_lag_94_median_traBS', '88_lag_shSICmar']","[1.937917662370003, 0.24386680124157856, 9.97821022157816, 2.499754688995422, 0.7716782445580428, 0.6484965566829928, 8.039488889918946, 0.039813157956993805, 4.019462022925019, 6.241964824490115, 1.533197821799373, 4.908496926669068, 2.631416751880737, 3.4900910068382585, 2.2885209192952782, 2.95790919498633, 2.3857283623680576, 2.9475703904430333, 9.935467548159071, 1.201752025414958, 1.618015230089755, 0.37521459676668556, 8.260158346937397, 7.456697266340555, 1.0771262181174883, 2.6225494124248883, 5.265087016169108, 5.680955678024816, 8.149231952922673, 9.564788355303019]","87_lag_94_median_traCA, 87_lag_91_median_nhSICsep, 87_lag_91_median_tripol2, 87_lag_94_median_shSICmar, 91_lag_ismPRjja, 87_lag_93_median_cetTSjfm, 88_lag_satlSSTjfm, 87_lag_89_median_traDS, 87_lag_92_median_traFB, 87_lag_94_median_cetTSjfm, 90_lag_traCA, 87_lag_91_median_mhfATL60, 94_lag_shSICsep, 87_lag_90_median_ginwSSTjfm, 90_lag_tripol1, 91_lag_cetTSjfm, 87_lag_90_median_traBO, 94_lag_shSICmar, 95_lag_stratZ50ndj02, 87_lag_91_median_amo2, 87_lag_92_median_nhSICjfm, 90_lag_cetTSjfm, 87_lag_89_median_nppc2SSTjfm, 87_lag_92_median_eapPSLjfm, 87_lag_88_median_stratZ50ndj01, 91_lag_mhfATL60, 87_lag_94_median_traDP, 87_lag_93_median_scpPSLjfm, 87_lag_94_median_traBS, 88_lag_shSICmar_1216_87"
LRforcedPSO,83,30,stratZ50ndj03,picntrl,1797.5,2050.5,0.8,98,88,88,29.089463899292113,0.13124741697319273,1216,"['88_lag_95_median_shSICsep', '90_lag_alpi', '91_lag_ensoSSTjfm', '88_lag_pdoSSTjfm', '94_lag_samPSLann', '88_lag_neurTSjfm', '91_lag_shTSjfm', '88_lag_97_median_traCA', '92_lag_shSICsep', '88_lag_91_median_pdoSSTjfm', '95_lag_nppc3SSTjfm', '91_lag_traMC', '88_lag_89_median_nhSICjfm', '94_lag_traWP', '88_lag_95_median_ginwSSTjfm', '88_lag_97_median_pdoSSTjfm', '88_lag_91_median_satlSSTjfm', '88_lag_96_median_AMOCann', '92_lag_arcTSjfm', '97_lag_traMC', '96_lag_atlSICsep', '88_lag_96_median_scpPSLjfm', '90_lag_stratZ50ndj04', '88_lag_89_median_ismPRjja', '97_lag_samPSLann', '92_lag_pdoSSTjfm', '88_lag_92_median_mhfIP30', '88_lag_97_median_AMOCann', '88_lag_92_median_stratZ50ndj01', '96_lag_arcTSjfm']","[7.628163922432847, 2.94390403401027, 9.409242227108741, 0.9990752061135577, 0.11816930559002081, 0.27678959450909524, 1.8010666876483796, 2.5156966666402543, 4.668198649064205, 7.81457988091653, 2.2980039682946796, 2.951372912531575, 7.056469315861582, 4.970750053359117, 7.807656605993795, 4.351094587688829, 3.8228850951021514, 6.343424081491495, 1.1539992570074133, 1.7684819432915866, 8.103910810940146, 5.424711071880617, 6.17176166648473, 1.001948672585245, 1.0291967918524954, 1.6048313715706612, 8.74817149125018, 5.0719019053439585, 5.273737611185915, 8.0929481525082]","88_lag_95_median_shSICsep, 90_lag_alpi, 91_lag_ensoSSTjfm, 88_lag_pdoSSTjfm, 94_lag_samPSLann, 88_lag_neurTSjfm, 91_lag_shTSjfm, 88_lag_97_median_traCA, 92_lag_shSICsep, 88_lag_91_median_pdoSSTjfm, 95_lag_nppc3SSTjfm, 91_lag_traMC, 88_lag_89_median_nhSICjfm, 94_lag_traWP, 88_lag_95_median_ginwSSTjfm, 88_lag_97_median_pdoSSTjfm, 88_lag_91_median_satlSSTjfm, 88_lag_96_median_AMOCann, 92_lag_arcTSjfm, 97_lag_traMC, 96_lag_atlSICsep, 88_lag_96_median_scpPSLjfm, 90_lag_stratZ50ndj04, 88_lag_89_median_ismPRjja, 97_lag_samPSLann, 92_lag_pdoSSTjfm, 88_lag_92_median_mhfIP30, 88_lag_97_median_AMOCann, 88_lag_92_median_stratZ50ndj01, 96_lag_arcTSjfm_1216_88"
LRforcedPSO,84,30,stratZ50ndj03,picntrl,1798.5,2050.5,0.8,99,89,89,24.72027900090758,0.18584641034605634,1216,"['89_lag_98_median_labSSTjfm', '93_lag_amo3', '98_lag_ismPRjja', '89_lag_92_median_amo3', '89_lag_97_median_amoSSTmjjaso', '92_lag_amo2', '89_lag_92_median_traEC', '89_lag_95_median_samPSLann', '89_lag_94_median_stratZ50ndj03', '96_lag_samPSLann', '92_lag_traEC', '89_lag_92_median_pdoSSTjfm', '89_lag_97_median_mhfATL45', '89_lag_95_median_tripol1', '89_lag_91_median_atlSICjfm', '93_lag_nhSICjfm', '95_lag_alpi', '89_lag_94_median_arcTSjfm', '94_lag_traEC', '89_lag_93_median_stratZ50ndj04', '95_lag_mhfATL60', '89_lag_92_median_amoSSTmjjaso', '89_lag_90_median_eurPSLjfm', '89_lag_92_median_traDS', '92_lag_mhfIP30', '94_lag_traFSC', '89_lag_91_median_gyreSSTjfm', '96_lag_shSICsep', '95_lag_atlSICjfm', '91_lag_traDP']","[8.853719387108448, 3.4734644104290124, 2.2785897399342403, 9.753941101999363, 3.862296450108193, 2.3893642429391804, 6.149081486247987, 5.295330493785588, 1.763375050552618, 1.1293966404087197, 0.23550742330324326, 5.548017464525639, 7.141025266750322, 1.42653558683236, 1.1705006424555897, 5.089096405226183, 3.8817216109004686, 0.5735808439762398, 6.989917244134423, 9.550181605108143, 3.8346170536786506, 6.310821113423653, 2.2500853037880724, 3.2177566258483896, 1.4062120763392336, 2.480592308679701, 2.76512782328399, 5.950790265171266, 2.1120048781597607, 2.407806901571905]","89_lag_98_median_labSSTjfm, 93_lag_amo3, 98_lag_ismPRjja, 89_lag_92_median_amo3, 89_lag_97_median_amoSSTmjjaso, 92_lag_amo2, 89_lag_92_median_traEC, 89_lag_95_median_samPSLann, 89_lag_94_median_stratZ50ndj03, 96_lag_samPSLann, 92_lag_traEC, 89_lag_92_median_pdoSSTjfm, 89_lag_97_median_mhfATL45, 89_lag_95_median_tripol1, 89_lag_91_median_atlSICjfm, 93_lag_nhSICjfm, 95_lag_alpi, 89_lag_94_median_arcTSjfm, 94_lag_traEC, 89_lag_93_median_stratZ50ndj04, 95_lag_mhfATL60, 89_lag_92_median_amoSSTmjjaso, 89_lag_90_median_eurPSLjfm, 89_lag_92_median_traDS, 92_lag_mhfIP30, 94_lag_traFSC, 89_lag_91_median_gyreSSTjfm, 96_lag_shSICsep, 95_lag_atlSICjfm, 91_lag_traDP_1216_89"
LRforcedPSO,85,30,stratZ50ndj03,picntrl,1799.5,2050.5,0.8,100,90,90,23.411989599369818,-0.07612961115028709,1216,"['90_lag_91_median_yrvPRjja', '90_lag_94_median_alpi', '90_lag_99_median_ismPRjja', '91_lag_ensoSSTjfm', '91_lag_mhfIP30', '90_lag_93_median_amo2', '97_lag_traBS', '90_lag_98_median_nppc3SSTjfm', '90_lag_97_median_tripol1', '95_lag_glTSjfm', '90_lag_tripol3', '99_lag_traFB', '96_lag_stratZ50ndj01', '96_lag_shTSjfm', '90_lag_92_median_stratZ50ndj04', '90_lag_98_median_tripol1', '90_lag_97_median_atlSICsep', '90_lag_92_median_ormenSSTjfm', '90_lag_94_median_traWP', '98_lag_traIFC', '95_lag_wnorPRjfm', '90_lag_96_median_nppc2SSTjfm', '90_lag_92_median_traBO', '91_lag_stratZ50ndj04', '90_lag_99_median_shSICsep', '93_lag_mhfATL60', '97_lag_cetTSjfm', '95_lag_naoPSLjfm', '97_lag_scpPSLjfm', '95_lag_stratZ50ndj04']","[2.0246141850047454, 3.510651502471605, 1.4293537834504768, 2.8400000987351515, 1.9125115968605666, 2.5854393646716645, 5.884956296343828, 8.148156384675683, 2.673597702935453, 1.027080702192972, 5.1743830558793125, 7.742316217924079, 1.0666826155695315, 1.0931951851925916, 8.904363223709865, 9.340098105426012, 9.891868131654363, 0.45862883375246, 8.892030784650313, 3.994047884222196, 4.85321155074843, 0.5732341419263953, 0.9258106537040351, 8.908945924497182, 5.745217698996791, 5.120883077634279, 4.7774674772592585, 9.282417184357657, 0.17372994566475164, 1.1827776158244578]","90_lag_91_median_yrvPRjja, 90_lag_94_median_alpi, 90_lag_99_median_ismPRjja, 91_lag_ensoSSTjfm, 91_lag_mhfIP30, 90_lag_93_median_amo2, 97_lag_traBS, 90_lag_98_median_nppc3SSTjfm, 90_lag_97_median_tripol1, 95_lag_glTSjfm, 90_lag_tripol3, 99_lag_traFB, 96_lag_stratZ50ndj01, 96_lag_shTSjfm, 90_lag_92_median_stratZ50ndj04, 90_lag_98_median_tripol1, 90_lag_97_median_atlSICsep, 90_lag_92_median_ormenSSTjfm, 90_lag_94_median_traWP, 98_lag_traIFC, 95_lag_wnorPRjfm, 90_lag_96_median_nppc2SSTjfm, 90_lag_92_median_traBO, 91_lag_stratZ50ndj04, 90_lag_99_median_shSICsep, 93_lag_mhfATL60, 97_lag_cetTSjfm, 95_lag_naoPSLjfm, 97_lag_scpPSLjfm, 95_lag_stratZ50ndj04_1216_90"
