model,num_irrelevant,max_allowed_features,target_feature,dataset,year_start,year_end,splitsize,max_lag,init_lag,max_forecast,mae_score,corr_score,n_total_features,selected_feature_list,feature_importances,selected_features
LRforcedPSO,0,10,shSICmar,slow,866.5,2005.5,0.4,15,1,1,17.845674048480163,-0.02958669448820552,594,"['1_lag_7_median_atlSICsep', '10_lag_amo3', '6_lag_nppc2SSTjfm', '1_lag_8_median_stratZ50ndj01', '3_lag_amoSSTmjjaso', '7_lag_eapPSLjfm', '9_lag_nppc2SSTjfm', '1_lag_13_median_nppc2SSTjfm', '1_lag_amo1', '1_lag_13_median_nhSICsep']","[3.332127440725099, 5.740357197180794, 4.458397892971435, 3.4941996854755413, 0.7086323435685493, 6.142050429235656, 2.480417302754918, 6.377432900502718, 1.1807559805217593, 0.7745856999838008]","1_lag_7_median_atlSICsep, 10_lag_amo3, 6_lag_nppc2SSTjfm, 1_lag_8_median_stratZ50ndj01, 3_lag_amoSSTmjjaso, 7_lag_eapPSLjfm, 9_lag_nppc2SSTjfm, 1_lag_13_median_nppc2SSTjfm, 1_lag_amo1, 1_lag_13_median_nhSICsep_594_1"
LRforcedPSO,1,10,shSICmar,slow,867.5,2005.5,0.4,16,1,1,16.591091848304966,0.04383746420413259,638,"['14_lag_amo2', '1_lag_14_median_nhSICsep', '14_lag_shSICmar', '9_lag_solFORC', '1_lag_11_median_stratZ50ndj02', '1_lag_14_median_amo3', '2_lag_stratZ50ndj01', '1_lag_10_median_amo2', '12_lag_amo1', '3_lag_stratZ50ndj03']","[7.097484342573079, 1.9652707297609258, 8.522861450721422, 5.3198849910115475, 0.42502305518798167, 4.876510439284973, 2.3876981279869156, 1.0998029323562282, 0.10045819765885966, 1.179930397321261]","14_lag_amo2, 1_lag_14_median_nhSICsep, 14_lag_shSICmar, 9_lag_solFORC, 1_lag_11_median_stratZ50ndj02, 1_lag_14_median_amo3, 2_lag_stratZ50ndj01, 1_lag_10_median_amo2, 12_lag_amo1, 3_lag_stratZ50ndj03_638_1"
LRforcedPSO,2,10,shSICmar,slow,868.5,2005.5,0.4,17,1,1,15.93074725543825,0.02547597168808625,682,"['1_lag_14_median_amo1', '1_lag_4_median_amo3', '9_lag_nppc2SSTjfm', '1_lag_8_median_eurPSLjfm', '1_lag_2_median_amoSSTjfm', '1_lag_15_median_shSICmar', '1_lag_15_median_amo1', '1_lag_8_median_scpPSLjfm', '1_lag_3_median_stratZ50ndj04', '8_lag_amo3']","[8.090495759738111, 2.8872799410004575, 1.0605827294094556, 2.4433046866452512, 4.368044478089725, 9.400525220750463, 8.496925863758648, 2.416539806703934, 3.7041997396649258, 5.965212196231368]","1_lag_14_median_amo1, 1_lag_4_median_amo3, 9_lag_nppc2SSTjfm, 1_lag_8_median_eurPSLjfm, 1_lag_2_median_amoSSTjfm, 1_lag_15_median_shSICmar, 1_lag_15_median_amo1, 1_lag_8_median_scpPSLjfm, 1_lag_3_median_stratZ50ndj04, 8_lag_amo3_682_1"
LRforcedPSO,3,10,shSICmar,slow,869.5,2005.5,0.4,18,1,1,17.77391987219023,0.04860017529067612,726,"['16_lag_nppc2SSTjfm', '8_lag_nppc2SSTjfm', '5_lag_naoPSLjfm', '1_lag_9_median_AMOCann', '12_lag_stratZ50ndj03', '1_lag_15_median_amo3', '1_lag_14_median_nhSICjfm', '1_lag_eapPSLjfm', '1_lag_15_median_eurPSLjfm', '5_lag_scpPSLjfm']","[1.462449554206005, 0.9596913014108672, 4.832786911542275, 3.49232518886331, 3.469385763532891, 6.469975093423075, 8.754336097781131, 0.9575361213992988, 6.338912930147206, 0.17680736246139084]","16_lag_nppc2SSTjfm, 8_lag_nppc2SSTjfm, 5_lag_naoPSLjfm, 1_lag_9_median_AMOCann, 12_lag_stratZ50ndj03, 1_lag_15_median_amo3, 1_lag_14_median_nhSICjfm, 1_lag_eapPSLjfm, 1_lag_15_median_eurPSLjfm, 5_lag_scpPSLjfm_726_1"
LRforcedPSO,4,10,shSICmar,slow,870.5,2005.5,0.4,19,1,1,18.54920038505645,-0.10233224297495404,770,"['2_lag_eurPSLjfm', '2_lag_stratZ50ndj04', '1_lag_10_median_solFORC', '1_lag_atlSICjfm', '1_lag_nhSICsep', '1_lag_11_median_amo2', '1_lag_5_median_eapPSLjfm', '1_lag_9_median_nppc2SSTjfm', '9_lag_amo1', '6_lag_nppc2SSTjfm']","[4.815864780063464, 3.4154775550824805, 1.246518689552751, 1.57712140029731, 5.949733705411733, 3.725935484784422, 2.3693973798189027, 0.5371585901841325, 2.1562454290086164, 3.5636053659499076]","2_lag_eurPSLjfm, 2_lag_stratZ50ndj04, 1_lag_10_median_solFORC, 1_lag_atlSICjfm, 1_lag_nhSICsep, 1_lag_11_median_amo2, 1_lag_5_median_eapPSLjfm, 1_lag_9_median_nppc2SSTjfm, 9_lag_amo1, 6_lag_nppc2SSTjfm_770_1"
LRforcedPSO,5,10,shSICmar,slow,871.5,2005.5,0.4,20,1,1,17.98801598336916,0.185059689500196,814,"['1_lag_3_median_eapPSLjfm', '1_lag_8_median_nhSICjfm', '1_lag_4_median_shSICsep', '13_lag_shSICmar', '1_lag_6_median_shSICmar', '16_lag_atlSICsep', '2_lag_nhSICsep', '7_lag_atlSICsep', '1_lag_17_median_stratZ50ndj02', '1_lag_11_median_amo2']","[2.8479257422605784, 3.551437143285079, 5.403588029539964, 0.6807131622682849, 8.42609022691288, 4.562925320364208, 0.04720340619788388, 1.5812039089866516, 0.8703659111526445, 7.769594707590413]","1_lag_3_median_eapPSLjfm, 1_lag_8_median_nhSICjfm, 1_lag_4_median_shSICsep, 13_lag_shSICmar, 1_lag_6_median_shSICmar, 16_lag_atlSICsep, 2_lag_nhSICsep, 7_lag_atlSICsep, 1_lag_17_median_stratZ50ndj02, 1_lag_11_median_amo2_814_1"
LRforcedPSO,6,10,shSICmar,slow,872.5,2005.5,0.4,21,1,1,15.320244910667213,0.12185370397009945,858,"['3_lag_amo1', '9_lag_AMOCann', '5_lag_stratZ50ndj02', '2_lag_amo2', '1_lag_14_median_scpPSLjfm', '9_lag_amoSSTmjjaso', '8_lag_stratZ50ndj03', '1_lag_17_median_eapPSLjfm', '1_lag_4_median_nppc2SSTjfm', '1_lag_18_median_eapPSLjfm']","[1.606439461469959, 4.652113195966489, 5.43714385526088, 0.9828279669183431, 2.1652843494607072, 1.7923632542702705, 4.590446454172991, 4.452290536733592, 3.3768095911675093, 0.5677160270715973]","3_lag_amo1, 9_lag_AMOCann, 5_lag_stratZ50ndj02, 2_lag_amo2, 1_lag_14_median_scpPSLjfm, 9_lag_amoSSTmjjaso, 8_lag_stratZ50ndj03, 1_lag_17_median_eapPSLjfm, 1_lag_4_median_nppc2SSTjfm, 1_lag_18_median_eapPSLjfm_858_1"
LRforcedPSO,7,10,shSICmar,slow,873.5,2005.5,0.4,22,1,1,18.051876094034377,-0.020217998429205564,902,"['5_lag_stratZ50ndj03', '11_lag_naoPSLjfm', '21_lag_shSICsep', '1_lag_17_median_atlSICsep', '1_lag_14_median_nhSICjfm', '20_lag_amo3', '1_lag_6_median_shSICsep', '1_lag_16_median_AMOCann', '1_lag_9_median_naoPSLjfm', '14_lag_stratZ50ndj04']","[5.510631367746514, 2.378350429215006, 5.426655311510126, 3.7921316550269406, 4.8792332759033545, 3.2981294707068347, 8.201061251819379, 0.4182882559271732, 1.5453553510547398, 0.3002083621059253]","5_lag_stratZ50ndj03, 11_lag_naoPSLjfm, 21_lag_shSICsep, 1_lag_17_median_atlSICsep, 1_lag_14_median_nhSICjfm, 20_lag_amo3, 1_lag_6_median_shSICsep, 1_lag_16_median_AMOCann, 1_lag_9_median_naoPSLjfm, 14_lag_stratZ50ndj04_902_1"
LRforcedPSO,8,10,shSICmar,slow,874.5,2005.5,0.4,23,1,1,17.351769006550764,-0.04608172905808094,946,"['1_lag_amo1', '1_lag_9_median_shSICsep', '19_lag_AMOCann', '1_lag_15_median_atlSICsep', '17_lag_scpPSLjfm', '1_lag_22_median_stratZ50ndj04', '1_lag_9_median_AMOCann', '14_lag_amo2', '1_lag_13_median_stratZ50ndj03', '6_lag_amo3']","[4.473132132247827, 2.111408034119119, 6.311742346408846, 8.520117141022205, 0.661885199607088, 4.3713374010392325, 1.8693062806243272, 1.187110233648653, 2.2100978958459887, 2.2025663536712266]","1_lag_amo1, 1_lag_9_median_shSICsep, 19_lag_AMOCann, 1_lag_15_median_atlSICsep, 17_lag_scpPSLjfm, 1_lag_22_median_stratZ50ndj04, 1_lag_9_median_AMOCann, 14_lag_amo2, 1_lag_13_median_stratZ50ndj03, 6_lag_amo3_946_1"
LRforcedPSO,9,10,shSICmar,slow,875.5,2005.5,0.4,24,1,1,20.91626542882073,0.013124817074029148,990,"['23_lag_stratZ50ndj04', '9_lag_stratZ50ndj04', '1_lag_8_median_scpPSLjfm', '1_lag_22_median_nhSICsep', '12_lag_atlSICjfm', '1_lag_23_median_atlSICsep', '19_lag_amo2', '17_lag_shSICmar', '17_lag_stratZ50ndj01', '1_lag_17_median_amoSSTmjjaso']","[6.0871950208059245, 4.5751747653913855, 9.318752418657878, 8.205280054125154, 2.8882684823966382, 9.28052316862485, 1.0781749356061798, 6.748610440033669, 0.7420277082829134, 1.1292883327875014]","23_lag_stratZ50ndj04, 9_lag_stratZ50ndj04, 1_lag_8_median_scpPSLjfm, 1_lag_22_median_nhSICsep, 12_lag_atlSICjfm, 1_lag_23_median_atlSICsep, 19_lag_amo2, 17_lag_shSICmar, 17_lag_stratZ50ndj01, 1_lag_17_median_amoSSTmjjaso_990_1"
LRforcedPSO,10,10,shSICmar,slow,876.5,2005.5,0.4,25,1,1,17.516839645999973,-0.13607564473796366,1034,"['1_lag_12_median_eapPSLjfm', '1_lag_13_median_nppc2SSTjfm', '22_lag_amo3', '18_lag_stratZ50ndj01', '1_lag_7_median_amo2', '22_lag_nhSICjfm', '21_lag_eapPSLjfm', '1_lag_11_median_stratZ50ndj03', '1_lag_18_median_amoSSTjfm', '1_lag_22_median_shSICsep']","[4.553424765864367, 1.4666478873591586, 2.3296036804483737, 0.6455807510621892, 7.769363492392269, 0.8524904503135318, 3.7180049997666416, 1.847292253848341, 2.6159832425425877, 5.640491919563374]","1_lag_12_median_eapPSLjfm, 1_lag_13_median_nppc2SSTjfm, 22_lag_amo3, 18_lag_stratZ50ndj01, 1_lag_7_median_amo2, 22_lag_nhSICjfm, 21_lag_eapPSLjfm, 1_lag_11_median_stratZ50ndj03, 1_lag_18_median_amoSSTjfm, 1_lag_22_median_shSICsep_1034_1"
LRforcedPSO,11,10,shSICmar,slow,877.5,2005.5,0.4,26,1,1,18.64078978083836,-0.04648495952956324,1078,"['1_lag_15_median_amoSSTjfm', '25_lag_scpPSLjfm', '22_lag_stratZ50ndj02', '1_lag_15_median_amo3', '6_lag_stratZ50ndj02', '1_lag_9_median_amo1', '1_lag_15_median_nhSICjfm', '1_lag_5_median_scpPSLjfm', '1_lag_22_median_eurPSLjfm', '25_lag_stratZ50ndj04']","[2.5870749823345456, 3.109352580180107, 4.765102593865066, 2.5293470830663516, 4.209345614523555, 5.766893704451528, 7.635302614940763, 1.1004618374232837, 2.511836815540544, 1.5514770812461265]","1_lag_15_median_amoSSTjfm, 25_lag_scpPSLjfm, 22_lag_stratZ50ndj02, 1_lag_15_median_amo3, 6_lag_stratZ50ndj02, 1_lag_9_median_amo1, 1_lag_15_median_nhSICjfm, 1_lag_5_median_scpPSLjfm, 1_lag_22_median_eurPSLjfm, 25_lag_stratZ50ndj04_1078_1"
LRforcedPSO,12,10,shSICmar,slow,878.5,2005.5,0.4,27,1,1,17.605711502789237,-0.04573102350918304,1122,"['5_lag_amoSSTjfm', '1_lag_25_median_stratZ50ndj01', '1_lag_11_median_amo1', '1_lag_stratZ50ndj01', '8_lag_stratZ50ndj02', '1_lag_nppc2SSTjfm', '1_lag_13_median_nppc2SSTjfm', '20_lag_nppc2SSTjfm', '1_lag_26_median_nppc2SSTjfm', '1_lag_21_median_solFORC']","[2.0681793098178876, 1.1520423150359278, 0.813244741158762, 3.877637994926026, 2.908905045473034, 7.910195209806115, 0.46272983710410287, 6.3086740509948225, 2.235407445753836, 8.078996967016634]","5_lag_amoSSTjfm, 1_lag_25_median_stratZ50ndj01, 1_lag_11_median_amo1, 1_lag_stratZ50ndj01, 8_lag_stratZ50ndj02, 1_lag_nppc2SSTjfm, 1_lag_13_median_nppc2SSTjfm, 20_lag_nppc2SSTjfm, 1_lag_26_median_nppc2SSTjfm, 1_lag_21_median_solFORC_1122_1"
LRforcedPSO,13,10,shSICmar,slow,879.5,2005.5,0.4,28,1,1,15.775001065488652,-0.03371187739336902,1166,"['24_lag_nppc2SSTjfm', '9_lag_stratZ50ndj01', '6_lag_nhSICsep', '1_lag_12_median_scpPSLjfm', '1_lag_19_median_amo1', '11_lag_naoPSLjfm', '1_lag_15_median_atlSICjfm', '1_lag_26_median_amo1', '17_lag_solFORC', '25_lag_amo3']","[2.168608065993906, 0.8263734408624046, 6.547629439817392, 3.3204102167892957, 1.453108300228843, 1.2707254666184724, 3.2286643428184583, 4.497343610627272, 0.9138470110802661, 4.188623123396271]","24_lag_nppc2SSTjfm, 9_lag_stratZ50ndj01, 6_lag_nhSICsep, 1_lag_12_median_scpPSLjfm, 1_lag_19_median_amo1, 11_lag_naoPSLjfm, 1_lag_15_median_atlSICjfm, 1_lag_26_median_amo1, 17_lag_solFORC, 25_lag_amo3_1166_1"
LRforcedPSO,14,10,shSICmar,slow,880.5,2005.5,0.4,29,1,1,18.312897769140125,0.012705318651338419,1210,"['28_lag_shSICsep', '1_lag_5_median_amo1', '1_lag_3_median_eapPSLjfm', '1_lag_16_median_naoPSLjfm', '1_lag_6_median_stratZ50ndj01', '1_lag_17_median_nhSICsep', '1_lag_11_median_atlSICjfm', '18_lag_amo1', '16_lag_solFORC', '1_lag_12_median_naoPSLjfm']","[4.394728315607567, 3.1946616192821287, 3.7942124748453505, 5.257993382922734, 3.0618282461951267, 5.45954120279146, 5.18839413373235, 0.6769856502693976, 5.159565174832583, 4.471687707377921]","28_lag_shSICsep, 1_lag_5_median_amo1, 1_lag_3_median_eapPSLjfm, 1_lag_16_median_naoPSLjfm, 1_lag_6_median_stratZ50ndj01, 1_lag_17_median_nhSICsep, 1_lag_11_median_atlSICjfm, 18_lag_amo1, 16_lag_solFORC, 1_lag_12_median_naoPSLjfm_1210_1"
LRforcedPSO,15,10,shSICmar,slow,881.5,2005.5,0.4,30,1,1,16.697587577343523,0.04548890509579903,1254,"['26_lag_amoSSTjfm', '22_lag_AMOCann', '1_lag_26_median_naoPSLjfm', '1_lag_25_median_naoPSLjfm', '1_lag_13_median_amoSSTjfm', '27_lag_scpPSLjfm', '1_lag_15_median_AMOCann', '1_lag_24_median_scpPSLjfm', '12_lag_atlSICjfm', '12_lag_shSICsep']","[2.3380315614099505, 3.1878964906270095, 3.184005732310357, 0.448511315774752, 0.3148584266680938, 4.154958096227045, 1.5145121512494075, 0.46065336746987917, 7.920225263398246, 1.1278307268276642]","26_lag_amoSSTjfm, 22_lag_AMOCann, 1_lag_26_median_naoPSLjfm, 1_lag_25_median_naoPSLjfm, 1_lag_13_median_amoSSTjfm, 27_lag_scpPSLjfm, 1_lag_15_median_AMOCann, 1_lag_24_median_scpPSLjfm, 12_lag_atlSICjfm, 12_lag_shSICsep_1254_1"
LRforcedPSO,16,10,shSICmar,slow,882.5,2005.5,0.4,31,1,1,18.86754735493602,-0.11740458645161941,1298,"['2_lag_solFORC', '1_lag_20_median_amo2', '1_lag_4_median_amoSSTjfm', '1_lag_19_median_amoSSTjfm', '10_lag_stratZ50ndj02', '1_lag_10_median_AMOCann', '1_lag_25_median_stratZ50ndj01', '13_lag_stratZ50ndj02', '1_lag_17_median_amoSSTjfm', '3_lag_amoSSTjfm']","[6.9234890887624125, 1.6317604178594447, 7.795762519140272, 2.086828203502032, 2.180898318132341, 4.268131524183538, 3.0025115963047133, 0.6898743098876388, 5.864428555944812, 0.8312270043032193]","2_lag_solFORC, 1_lag_20_median_amo2, 1_lag_4_median_amoSSTjfm, 1_lag_19_median_amoSSTjfm, 10_lag_stratZ50ndj02, 1_lag_10_median_AMOCann, 1_lag_25_median_stratZ50ndj01, 13_lag_stratZ50ndj02, 1_lag_17_median_amoSSTjfm, 3_lag_amoSSTjfm_1298_1"
LRforcedPSO,17,10,shSICmar,slow,883.5,2005.5,0.4,32,2,2,22.688420169673126,-0.013981792892640978,1298,"['11_lag_AMOCann', '2_lag_31_median_atlSICsep', '2_lag_19_median_stratZ50ndj02', '2_lag_6_median_scpPSLjfm', '2_lag_5_median_amoSSTmjjaso', '29_lag_shSICmar', '8_lag_eapPSLjfm', '2_lag_12_median_nhSICsep', '2_lag_27_median_nhSICjfm', '14_lag_amoSSTmjjaso']","[5.358992531190177, 5.254466107797322, 0.9331942764882069, 3.4910410937132053, 0.33493307034712316, 2.853469027505305, 6.2347502928448755, 2.3430424117690194, 8.98703993484709, 2.8257721098677324]","11_lag_AMOCann, 2_lag_31_median_atlSICsep, 2_lag_19_median_stratZ50ndj02, 2_lag_6_median_scpPSLjfm, 2_lag_5_median_amoSSTmjjaso, 29_lag_shSICmar, 8_lag_eapPSLjfm, 2_lag_12_median_nhSICsep, 2_lag_27_median_nhSICjfm, 14_lag_amoSSTmjjaso_1298_2"
LRforcedPSO,18,10,shSICmar,slow,884.5,2005.5,0.4,33,3,3,14.351008594957436,0.07792195552947236,1298,"['3_lag_23_median_amo2', '3_lag_24_median_amo3', '3_lag_26_median_amo3', '3_lag_5_median_amo2', '26_lag_eurPSLjfm', '3_lag_25_median_amo2', '3_lag_30_median_AMOCann', '4_lag_stratZ50ndj01', '9_lag_solFORC', '8_lag_stratZ50ndj01']","[5.477838129229681, 3.4849783522676443, 6.126507781571733, 2.7674998105286663, 3.0834551323010606, 4.848790079546845, 2.9658520433070894, 4.57724402593189, 1.538757711306392, 0.21499634695129188]","3_lag_23_median_amo2, 3_lag_24_median_amo3, 3_lag_26_median_amo3, 3_lag_5_median_amo2, 26_lag_eurPSLjfm, 3_lag_25_median_amo2, 3_lag_30_median_AMOCann, 4_lag_stratZ50ndj01, 9_lag_solFORC, 8_lag_stratZ50ndj01_1298_3"
LRforcedPSO,19,10,shSICmar,slow,885.5,2005.5,0.4,34,4,4,17.894867743149046,-0.024085041967610524,1298,"['17_lag_atlSICjfm', '29_lag_stratZ50ndj04', '4_lag_32_median_naoPSLjfm', '31_lag_naoPSLjfm', '4_lag_24_median_nhSICjfm', '31_lag_AMOCann', '4_lag_29_median_AMOCann', '4_lag_12_median_shSICmar', '26_lag_amo1', '6_lag_scpPSLjfm']","[0.9865940078494582, 0.32535879487273434, 3.9202947368969987, 1.835589517123477, 5.587546136214552, 0.8980364163534382, 2.3039104516255975, 8.761188223208713, 8.563978783477243, 2.382202111333891]","17_lag_atlSICjfm, 29_lag_stratZ50ndj04, 4_lag_32_median_naoPSLjfm, 31_lag_naoPSLjfm, 4_lag_24_median_nhSICjfm, 31_lag_AMOCann, 4_lag_29_median_AMOCann, 4_lag_12_median_shSICmar, 26_lag_amo1, 6_lag_scpPSLjfm_1298_4"
LRforcedPSO,20,10,shSICmar,slow,886.5,2005.5,0.4,35,5,5,16.494806736855743,0.03500583102853921,1298,"['20_lag_AMOCann', '5_lag_16_median_amo3', '5_lag_15_median_stratZ50ndj03', '5_lag_32_median_nppc2SSTjfm', '22_lag_naoPSLjfm', '18_lag_shSICmar', '5_lag_7_median_stratZ50ndj03', '13_lag_nhSICsep', '5_lag_13_median_amo3', '5_lag_25_median_amo1']","[1.1991800010014977, 8.127516301661494, 5.708398448394647, 1.5470178475027048, 1.009462341740651, 8.532182450105608, 3.724320230694442, 1.5983529159297163, 6.355075743120789, 1.9821722579102978]","20_lag_AMOCann, 5_lag_16_median_amo3, 5_lag_15_median_stratZ50ndj03, 5_lag_32_median_nppc2SSTjfm, 22_lag_naoPSLjfm, 18_lag_shSICmar, 5_lag_7_median_stratZ50ndj03, 13_lag_nhSICsep, 5_lag_13_median_amo3, 5_lag_25_median_amo1_1298_5"
LRforcedPSO,21,10,shSICmar,slow,887.5,2005.5,0.4,36,6,6,16.69177445847552,0.046993816115117694,1298,"['30_lag_naoPSLjfm', '6_lag_29_median_amo3', '15_lag_stratZ50ndj03', '6_lag_8_median_stratZ50ndj02', '6_lag_24_median_amoSSTjfm', '6_lag_8_median_atlSICsep', '30_lag_AMOCann', '6_lag_7_median_nhSICsep', '6_lag_21_median_amo3', '6_lag_26_median_amo1']","[0.5723249885393784, 0.6188332425425447, 5.648693971658378, 1.7226937941627583, 0.5259745736560184, 1.0090274369224765, 3.2363977777687714, 6.184357931289096, 3.4984030786720233, 3.8328435570689035]","30_lag_naoPSLjfm, 6_lag_29_median_amo3, 15_lag_stratZ50ndj03, 6_lag_8_median_stratZ50ndj02, 6_lag_24_median_amoSSTjfm, 6_lag_8_median_atlSICsep, 30_lag_AMOCann, 6_lag_7_median_nhSICsep, 6_lag_21_median_amo3, 6_lag_26_median_amo1_1298_6"
LRforcedPSO,22,10,shSICmar,slow,888.5,2005.5,0.4,37,7,7,17.002911182003462,-0.037406089338365284,1298,"['31_lag_stratZ50ndj03', '7_lag_16_median_shSICsep', '34_lag_solFORC', '7_lag_30_median_naoPSLjfm', '11_lag_AMOCann', '7_lag_8_median_amo2', '8_lag_eapPSLjfm', '23_lag_nhSICsep', '19_lag_stratZ50ndj04', '7_lag_28_median_shSICsep']","[4.3685608362246615, 9.816390651359402, 1.9144876671786886, 4.106117918035079, 0.2045494205219196, 6.561427932864328, 3.875698621206592, 1.8027769597247083, 1.1176451756402006, 3.053630725615754]","31_lag_stratZ50ndj03, 7_lag_16_median_shSICsep, 34_lag_solFORC, 7_lag_30_median_naoPSLjfm, 11_lag_AMOCann, 7_lag_8_median_amo2, 8_lag_eapPSLjfm, 23_lag_nhSICsep, 19_lag_stratZ50ndj04, 7_lag_28_median_shSICsep_1298_7"
LRforcedPSO,23,10,shSICmar,slow,889.5,2005.5,0.4,38,8,8,18.712633370926554,-0.07969777428300755,1298,"['8_lag_16_median_shSICmar', '8_lag_18_median_shSICsep', '13_lag_nhSICsep', '23_lag_amo2', '19_lag_eurPSLjfm', '14_lag_shSICmar', '28_lag_nhSICjfm', '8_lag_35_median_amo1', '8_lag_23_median_eurPSLjfm', '8_lag_atlSICsep']","[3.487081049486063, 2.1059533435668865, 4.276859845183569, 0.5665884179768135, 2.3550217404604368, 8.798790088305715, 1.6282789788988694, 8.120962807937179, 1.8303227774032287, 5.028622406164827]","8_lag_16_median_shSICmar, 8_lag_18_median_shSICsep, 13_lag_nhSICsep, 23_lag_amo2, 19_lag_eurPSLjfm, 14_lag_shSICmar, 28_lag_nhSICjfm, 8_lag_35_median_amo1, 8_lag_23_median_eurPSLjfm, 8_lag_atlSICsep_1298_8"
LRforcedPSO,24,10,shSICmar,slow,890.5,2005.5,0.4,39,9,9,17.455944482689308,-0.028828944200026102,1298,"['9_lag_26_median_naoPSLjfm', '31_lag_amo3', '9_lag_18_median_shSICmar', '9_lag_30_median_scpPSLjfm', '9_lag_26_median_eurPSLjfm', '9_lag_20_median_stratZ50ndj01', '11_lag_stratZ50ndj04', '29_lag_amoSSTmjjaso', '9_lag_15_median_stratZ50ndj03', '9_lag_34_median_solFORC']","[6.320791801159378, 0.8415764866584841, 3.9339890423092925, 4.488995572862812, 1.8843780419277163, 1.5007963784852443, 0.7417953219239415, 6.172884497685683, 0.8184732724111239, 4.735312732311099]","9_lag_26_median_naoPSLjfm, 31_lag_amo3, 9_lag_18_median_shSICmar, 9_lag_30_median_scpPSLjfm, 9_lag_26_median_eurPSLjfm, 9_lag_20_median_stratZ50ndj01, 11_lag_stratZ50ndj04, 29_lag_amoSSTmjjaso, 9_lag_15_median_stratZ50ndj03, 9_lag_34_median_solFORC_1298_9"
LRforcedPSO,25,10,shSICmar,slow,891.5,2005.5,0.4,40,10,10,16.702625287559748,-0.018360322335508703,1298,"['31_lag_amo1', '39_lag_scpPSLjfm', '10_lag_nhSICsep', '30_lag_shSICmar', '10_lag_24_median_solFORC', '30_lag_nppc2SSTjfm', '27_lag_stratZ50ndj04', '10_lag_30_median_shSICsep', '10_lag_34_median_eapPSLjfm', '10_lag_15_median_shSICmar']","[7.179361742239124, 2.735492796631771, 4.481933951811644, 3.679800677784706, 1.9139883827788928, 1.4639894884394078, 3.4259710977214333, 0.8582805089973355, 5.998465850668666, 5.133106647422331]","31_lag_amo1, 39_lag_scpPSLjfm, 10_lag_nhSICsep, 30_lag_shSICmar, 10_lag_24_median_solFORC, 30_lag_nppc2SSTjfm, 27_lag_stratZ50ndj04, 10_lag_30_median_shSICsep, 10_lag_34_median_eapPSLjfm, 10_lag_15_median_shSICmar_1298_10"
LRforcedPSO,26,10,shSICmar,slow,892.5,2005.5,0.4,41,11,11,15.780384043192443,0.0732184945091308,1298,"['11_lag_amo1', '11_lag_nhSICsep', '11_lag_16_median_stratZ50ndj03', '11_lag_26_median_AMOCann', '11_lag_16_median_solFORC', '11_lag_38_median_amo1', '32_lag_amo1', '11_lag_17_median_shSICsep', '11_lag_23_median_shSICsep', '11_lag_14_median_amo1']","[4.718816767657696, 5.853602703443638, 1.9609037320144136, 1.268709252787053, 4.0025078161369, 4.185689159836288, 5.825703609526693, 0.9293459484941096, 3.6880204977419133, 2.347488314426629]","11_lag_amo1, 11_lag_nhSICsep, 11_lag_16_median_stratZ50ndj03, 11_lag_26_median_AMOCann, 11_lag_16_median_solFORC, 11_lag_38_median_amo1, 32_lag_amo1, 11_lag_17_median_shSICsep, 11_lag_23_median_shSICsep, 11_lag_14_median_amo1_1298_11"
LRforcedPSO,27,10,shSICmar,slow,893.5,2005.5,0.4,42,12,12,19.80522645061919,-0.03114531137486949,1298,"['12_lag_22_median_amoSSTmjjaso', '12_lag_38_median_atlSICjfm', '12_lag_30_median_atlSICsep', '12_lag_25_median_solFORC', '12_lag_28_median_AMOCann', '41_lag_nhSICjfm', '12_lag_28_median_stratZ50ndj03', '12_lag_41_median_stratZ50ndj02', '18_lag_amo3', '12_lag_nhSICsep']","[3.1168592022328845, 1.9184285644420207, 3.175109849021469, 3.7887937027433694, 0.19701669892867102, 9.698272634118775, 4.39264341838058, 0.4516118035328489, 5.954567637578771, 2.833142987071904]","12_lag_22_median_amoSSTmjjaso, 12_lag_38_median_atlSICjfm, 12_lag_30_median_atlSICsep, 12_lag_25_median_solFORC, 12_lag_28_median_AMOCann, 41_lag_nhSICjfm, 12_lag_28_median_stratZ50ndj03, 12_lag_41_median_stratZ50ndj02, 18_lag_amo3, 12_lag_nhSICsep_1298_12"
LRforcedPSO,28,10,shSICmar,slow,894.5,2005.5,0.4,43,13,13,17.746180857030716,-0.035615432068050686,1298,"['13_lag_41_median_amo3', '13_lag_32_median_eurPSLjfm', '39_lag_scpPSLjfm', '31_lag_atlSICsep', '13_lag_26_median_atlSICsep', '22_lag_eapPSLjfm', '13_lag_16_median_scpPSLjfm', '13_lag_32_median_stratZ50ndj02', '13_lag_40_median_atlSICsep', '36_lag_eapPSLjfm']","[0.6091794453483672, 7.563327474526382, 0.480681151491547, 1.2048432264571538, 3.1230945353219237, 1.5305480890215755, 4.48014824461449, 3.027025444527329, 2.5416897865993775, 5.7735352072108075]","13_lag_41_median_amo3, 13_lag_32_median_eurPSLjfm, 39_lag_scpPSLjfm, 31_lag_atlSICsep, 13_lag_26_median_atlSICsep, 22_lag_eapPSLjfm, 13_lag_16_median_scpPSLjfm, 13_lag_32_median_stratZ50ndj02, 13_lag_40_median_atlSICsep, 36_lag_eapPSLjfm_1298_13"
LRforcedPSO,29,10,shSICmar,slow,895.5,2005.5,0.4,44,14,14,16.426430536613342,-0.05461153789245384,1298,"['14_lag_26_median_amoSSTjfm', '40_lag_amo2', '30_lag_naoPSLjfm', '14_lag_naoPSLjfm', '15_lag_AMOCann', '23_lag_nhSICjfm', '15_lag_scpPSLjfm', '14_lag_32_median_amo1', '31_lag_naoPSLjfm', '14_lag_26_median_nppc2SSTjfm']","[3.3322952157795864, 3.7512170478036566, 0.7571112966240854, 0.5611398927639222, 4.379794778761596, 3.9309392033958694, 1.8123116204402994, 1.2338805135755635, 2.3849487066133594, 7.406097937288605]","14_lag_26_median_amoSSTjfm, 40_lag_amo2, 30_lag_naoPSLjfm, 14_lag_naoPSLjfm, 15_lag_AMOCann, 23_lag_nhSICjfm, 15_lag_scpPSLjfm, 14_lag_32_median_amo1, 31_lag_naoPSLjfm, 14_lag_26_median_nppc2SSTjfm_1298_14"
LRforcedPSO,30,10,shSICmar,slow,896.5,2005.5,0.4,45,15,15,20.720339835237642,0.036866312642127294,1298,"['15_lag_34_median_eurPSLjfm', '37_lag_amo2', '23_lag_scpPSLjfm', '18_lag_stratZ50ndj04', '41_lag_solFORC', '15_lag_31_median_nppc2SSTjfm', '15_lag_30_median_amo2', '26_lag_amo1', '34_lag_amoSSTjfm', '36_lag_scpPSLjfm']","[3.9001920099813354, 1.1693361430257774, 5.6364814593044805, 0.281669316545619, 8.954005333814345, 1.1733221917952719, 8.081654653095152, 5.647994637584233, 1.8149083602835283, 2.454285814962118]","15_lag_34_median_eurPSLjfm, 37_lag_amo2, 23_lag_scpPSLjfm, 18_lag_stratZ50ndj04, 41_lag_solFORC, 15_lag_31_median_nppc2SSTjfm, 15_lag_30_median_amo2, 26_lag_amo1, 34_lag_amoSSTjfm, 36_lag_scpPSLjfm_1298_15"
LRforcedPSO,31,10,shSICmar,slow,897.5,2005.5,0.4,46,16,16,18.903644726220787,-0.05210794490359605,1298,"['23_lag_AMOCann', '42_lag_amoSSTmjjaso', '16_lag_19_median_stratZ50ndj03', '30_lag_amo3', '16_lag_33_median_atlSICjfm', '16_lag_33_median_nppc2SSTjfm', '16_lag_40_median_amo3', '16_lag_26_median_eapPSLjfm', '16_lag_32_median_nppc2SSTjfm', '43_lag_stratZ50ndj03']","[6.206597128567681, 1.738736396608969, 0.8164429074932045, 1.6832408561950185, 6.815818319644908, 3.505105410394103, 0.9279490968598125, 3.798395267830072, 8.629255984512552, 2.275727520644679]","23_lag_AMOCann, 42_lag_amoSSTmjjaso, 16_lag_19_median_stratZ50ndj03, 30_lag_amo3, 16_lag_33_median_atlSICjfm, 16_lag_33_median_nppc2SSTjfm, 16_lag_40_median_amo3, 16_lag_26_median_eapPSLjfm, 16_lag_32_median_nppc2SSTjfm, 43_lag_stratZ50ndj03_1298_16"
LRforcedPSO,32,10,shSICmar,slow,898.5,2005.5,0.4,47,17,17,18.999827592825017,-0.08634364926556436,1298,"['41_lag_stratZ50ndj04', '28_lag_amoSSTmjjaso', '17_lag_32_median_scpPSLjfm', '17_lag_19_median_eapPSLjfm', '33_lag_solFORC', '31_lag_nhSICsep', '31_lag_solFORC', '17_lag_nhSICsep', '46_lag_shSICmar', '41_lag_eurPSLjfm']","[3.7076341294518596, 6.42989078562141, 7.374456449095151, 0.5178762282492535, 0.09723706170141178, 1.531131113953954, 7.302296481073693, 0.773321929021396, 7.3678147769029785, 5.206042990098496]","41_lag_stratZ50ndj04, 28_lag_amoSSTmjjaso, 17_lag_32_median_scpPSLjfm, 17_lag_19_median_eapPSLjfm, 33_lag_solFORC, 31_lag_nhSICsep, 31_lag_solFORC, 17_lag_nhSICsep, 46_lag_shSICmar, 41_lag_eurPSLjfm_1298_17"
LRforcedPSO,33,10,shSICmar,slow,899.5,2005.5,0.4,48,18,18,16.166293848900317,-0.004413624599073908,1298,"['18_lag_46_median_nppc2SSTjfm', '42_lag_amo2', '18_lag_22_median_scpPSLjfm', '18_lag_40_median_solFORC', '18_lag_26_median_atlSICjfm', '18_lag_21_median_AMOCann', '22_lag_naoPSLjfm', '18_lag_35_median_eapPSLjfm', '29_lag_shSICsep', '41_lag_shSICmar']","[1.1551602546938948, 3.8674454625402745, 1.228632472172798, 4.771000380733026, 0.2681289870365049, 0.3370188033700643, 0.09447775202459496, 7.753741972531376, 2.0139638789142253, 2.8733461604132238]","18_lag_46_median_nppc2SSTjfm, 42_lag_amo2, 18_lag_22_median_scpPSLjfm, 18_lag_40_median_solFORC, 18_lag_26_median_atlSICjfm, 18_lag_21_median_AMOCann, 22_lag_naoPSLjfm, 18_lag_35_median_eapPSLjfm, 29_lag_shSICsep, 41_lag_shSICmar_1298_18"
LRforcedPSO,34,10,shSICmar,slow,900.5,2005.5,0.4,49,19,19,20.216842816613653,-0.03130587387454371,1298,"['33_lag_amoSSTjfm', '31_lag_nhSICsep', '19_lag_42_median_stratZ50ndj03', '25_lag_stratZ50ndj02', '48_lag_AMOCann', '19_lag_27_median_amoSSTmjjaso', '19_lag_34_median_nhSICjfm', '19_lag_32_median_amoSSTmjjaso', '19_lag_41_median_amo3', '19_lag_37_median_shSICsep']","[1.0012476788065516, 4.268239005212763, 5.916097057265336, 0.8618701145804906, 6.562710916021569, 3.5814968945195647, 0.9720696945738467, 5.780000431407274, 5.952837243333153, 2.860871416803885]","33_lag_amoSSTjfm, 31_lag_nhSICsep, 19_lag_42_median_stratZ50ndj03, 25_lag_stratZ50ndj02, 48_lag_AMOCann, 19_lag_27_median_amoSSTmjjaso, 19_lag_34_median_nhSICjfm, 19_lag_32_median_amoSSTmjjaso, 19_lag_41_median_amo3, 19_lag_37_median_shSICsep_1298_19"
LRforcedPSO,35,10,shSICmar,slow,901.5,2005.5,0.4,50,20,20,21.701572946407516,-0.06557917519701505,1298,"['31_lag_naoPSLjfm', '34_lag_amo3', '20_lag_42_median_atlSICjfm', '20_lag_22_median_atlSICjfm', '36_lag_stratZ50ndj03', '20_lag_38_median_amo3', '20_lag_35_median_atlSICsep', '20_lag_41_median_eapPSLjfm', '20_lag_32_median_scpPSLjfm', '20_lag_26_median_shSICsep']","[1.3325639399667484, 0.5337692195269401, 4.3290286723130045, 7.990826119677341, 3.1961553385808035, 0.17314537152084597, 5.571439706697639, 0.060285414337222676, 0.7551683381409688, 1.3240182237075153]","31_lag_naoPSLjfm, 34_lag_amo3, 20_lag_42_median_atlSICjfm, 20_lag_22_median_atlSICjfm, 36_lag_stratZ50ndj03, 20_lag_38_median_amo3, 20_lag_35_median_atlSICsep, 20_lag_41_median_eapPSLjfm, 20_lag_32_median_scpPSLjfm, 20_lag_26_median_shSICsep_1298_20"
LRforcedPSO,36,10,shSICmar,slow,902.5,2005.5,0.4,51,21,21,19.05587294994614,-0.036780210228494675,1298,"['50_lag_amo2', '21_lag_28_median_amoSSTjfm', '24_lag_stratZ50ndj01', '36_lag_nhSICsep', '38_lag_amoSSTjfm', '21_lag_50_median_shSICmar', '21_lag_50_median_atlSICsep', '32_lag_amo1', '21_lag_43_median_amoSSTjfm', '27_lag_amo2']","[3.3795685671028597, 4.524584351856234, 4.774541703461306, 4.486865234878319, 2.6346980315870656, 0.738351869404795, 8.451453085754913, 3.6792490787246024, 1.6322349687763555, 3.818533861573254]","50_lag_amo2, 21_lag_28_median_amoSSTjfm, 24_lag_stratZ50ndj01, 36_lag_nhSICsep, 38_lag_amoSSTjfm, 21_lag_50_median_shSICmar, 21_lag_50_median_atlSICsep, 32_lag_amo1, 21_lag_43_median_amoSSTjfm, 27_lag_amo2_1298_21"
LRforcedPSO,37,10,shSICmar,slow,903.5,2005.5,0.4,52,22,22,21.510202774409745,-0.07483826032626609,1298,"['22_lag_50_median_shSICmar', '38_lag_nhSICsep', '22_lag_46_median_scpPSLjfm', '22_lag_44_median_atlSICjfm', '22_lag_50_median_atlSICjfm', '22_lag_46_median_shSICsep', '22_lag_27_median_shSICsep', '22_lag_50_median_eurPSLjfm', '22_lag_42_median_scpPSLjfm', '22_lag_43_median_amoSSTjfm']","[7.026981953410001, 1.5951695893934215, 5.7420762636188005, 6.79313277041593, 4.837359560556971, 2.4678805211872916, 4.582104318970337, 9.490204700846249, 5.028517003773178, 5.961850862449438]","22_lag_50_median_shSICmar, 38_lag_nhSICsep, 22_lag_46_median_scpPSLjfm, 22_lag_44_median_atlSICjfm, 22_lag_50_median_atlSICjfm, 22_lag_46_median_shSICsep, 22_lag_27_median_shSICsep, 22_lag_50_median_eurPSLjfm, 22_lag_42_median_scpPSLjfm, 22_lag_43_median_amoSSTjfm_1298_22"
LRforcedPSO,38,10,shSICmar,slow,904.5,2005.5,0.4,53,23,23,17.046996086438355,0.0015315770811079642,1298,"['23_lag_44_median_amo2', '28_lag_scpPSLjfm', '23_lag_36_median_nhSICjfm', '23_lag_31_median_stratZ50ndj04', '47_lag_nhSICsep', '23_lag_33_median_stratZ50ndj04', '35_lag_solFORC', '23_lag_40_median_amo1', '23_lag_40_median_eurPSLjfm', '23_lag_47_median_amoSSTjfm']","[6.400375266861705, 4.83754596060781, 0.30541259400970233, 2.9755275053606667, 2.8910269834369, 0.44214372806730573, 4.9535513903023665, 9.500549027046304, 1.5218473689928018, 2.4530976011675083]","23_lag_44_median_amo2, 28_lag_scpPSLjfm, 23_lag_36_median_nhSICjfm, 23_lag_31_median_stratZ50ndj04, 47_lag_nhSICsep, 23_lag_33_median_stratZ50ndj04, 35_lag_solFORC, 23_lag_40_median_amo1, 23_lag_40_median_eurPSLjfm, 23_lag_47_median_amoSSTjfm_1298_23"
LRforcedPSO,39,10,shSICmar,slow,905.5,2005.5,0.4,54,24,24,19.311966256674207,-0.07351636184740827,1298,"['24_lag_48_median_stratZ50ndj02', '24_lag_25_median_stratZ50ndj04', '35_lag_amo2', '48_lag_nhSICsep', '29_lag_stratZ50ndj03', '24_lag_51_median_AMOCann', '48_lag_nppc2SSTjfm', '34_lag_scpPSLjfm', '35_lag_stratZ50ndj03', '30_lag_eurPSLjfm']","[1.906261389444996, 4.923669774116519, 2.0222611494711984, 5.331422742240393, 3.5105102787219273, 5.469015302874551, 1.379152719202935, 1.3698787502257854, 2.5266932001572293, 4.988405170394536]","24_lag_48_median_stratZ50ndj02, 24_lag_25_median_stratZ50ndj04, 35_lag_amo2, 48_lag_nhSICsep, 29_lag_stratZ50ndj03, 24_lag_51_median_AMOCann, 48_lag_nppc2SSTjfm, 34_lag_scpPSLjfm, 35_lag_stratZ50ndj03, 30_lag_eurPSLjfm_1298_24"
LRforcedPSO,40,10,shSICmar,slow,906.5,2005.5,0.4,55,25,25,22.13963248377923,-0.10275964870266478,1298,"['25_lag_45_median_scpPSLjfm', '37_lag_stratZ50ndj04', '25_lag_38_median_stratZ50ndj02', '25_lag_52_median_amo3', '33_lag_atlSICsep', '41_lag_solFORC', '25_lag_32_median_amo2', '30_lag_amoSSTmjjaso', '29_lag_solFORC', '25_lag_49_median_stratZ50ndj03']","[2.9274016338227993, 5.312165369635061, 3.1695019127177204, 7.130172220399661, 3.016628193021834, 7.430390838934635, 8.898413125034924, 1.9623435136389524, 1.09369440237149, 0.3630969833353177]","25_lag_45_median_scpPSLjfm, 37_lag_stratZ50ndj04, 25_lag_38_median_stratZ50ndj02, 25_lag_52_median_amo3, 33_lag_atlSICsep, 41_lag_solFORC, 25_lag_32_median_amo2, 30_lag_amoSSTmjjaso, 29_lag_solFORC, 25_lag_49_median_stratZ50ndj03_1298_25"
LRforcedPSO,41,10,shSICmar,slow,907.5,2005.5,0.4,56,26,26,16.32226192788729,-0.11887180123765512,1298,"['28_lag_stratZ50ndj01', '39_lag_solFORC', '36_lag_shSICsep', '26_lag_33_median_solFORC', '26_lag_41_median_eurPSLjfm', '50_lag_nppc2SSTjfm', '54_lag_eapPSLjfm', '26_lag_28_median_amoSSTmjjaso', '26_lag_39_median_stratZ50ndj01', '26_lag_55_median_nhSICjfm']","[1.2952860878903465, 1.0125018365715395, 4.95544120882734, 4.14658769881143, 2.847287448464238, 2.0655662135720334, 1.7319654139908636, 0.012522054117658499, 6.1697871485830404, 4.386259451414314]","28_lag_stratZ50ndj01, 39_lag_solFORC, 36_lag_shSICsep, 26_lag_33_median_solFORC, 26_lag_41_median_eurPSLjfm, 50_lag_nppc2SSTjfm, 54_lag_eapPSLjfm, 26_lag_28_median_amoSSTmjjaso, 26_lag_39_median_stratZ50ndj01, 26_lag_55_median_nhSICjfm_1298_26"
LRforcedPSO,42,10,shSICmar,slow,908.5,2005.5,0.4,57,27,27,23.50019051027881,-0.13212416856097345,1298,"['39_lag_nppc2SSTjfm', '27_lag_51_median_nppc2SSTjfm', '27_lag_33_median_nhSICjfm', '42_lag_amoSSTjfm', '55_lag_nhSICjfm', '27_lag_35_median_shSICsep', '54_lag_nhSICjfm', '27_lag_47_median_eurPSLjfm', '27_lag_42_median_amo2', '27_lag_39_median_stratZ50ndj03']","[4.63388500965851, 0.5397123805974235, 2.236002602736768, 2.7346554990341136, 0.2726531506993837, 7.498800394079968, 5.879801095736655, 9.931145856760214, 5.543753168078631, 3.16488091833876]","39_lag_nppc2SSTjfm, 27_lag_51_median_nppc2SSTjfm, 27_lag_33_median_nhSICjfm, 42_lag_amoSSTjfm, 55_lag_nhSICjfm, 27_lag_35_median_shSICsep, 54_lag_nhSICjfm, 27_lag_47_median_eurPSLjfm, 27_lag_42_median_amo2, 27_lag_39_median_stratZ50ndj03_1298_27"
LRforcedPSO,43,10,shSICmar,slow,909.5,2005.5,0.4,58,28,28,15.843748688790603,-0.06776320454704818,1298,"['28_lag_56_median_amo1', '28_lag_35_median_solFORC', '39_lag_naoPSLjfm', '54_lag_amo2', '28_lag_30_median_AMOCann', '31_lag_eurPSLjfm', '28_lag_49_median_naoPSLjfm', '28_lag_31_median_shSICmar', '28_lag_50_median_scpPSLjfm', '28_lag_30_median_scpPSLjfm']","[0.9197467959213306, 0.5185976770775831, 5.168605876302873, 0.6528589787553241, 4.533763109302347, 4.741710044582968, 5.63596908869231, 0.3326113877175434, 1.1545387608940914, 0.0067696084489359265]","28_lag_56_median_amo1, 28_lag_35_median_solFORC, 39_lag_naoPSLjfm, 54_lag_amo2, 28_lag_30_median_AMOCann, 31_lag_eurPSLjfm, 28_lag_49_median_naoPSLjfm, 28_lag_31_median_shSICmar, 28_lag_50_median_scpPSLjfm, 28_lag_30_median_scpPSLjfm_1298_28"
LRforcedPSO,44,10,shSICmar,slow,910.5,2005.5,0.4,59,29,29,18.65571451820721,-0.07858210125787352,1298,"['29_lag_56_median_scpPSLjfm', '37_lag_amoSSTjfm', '29_lag_amo3', '29_lag_49_median_naoPSLjfm', '29_lag_56_median_AMOCann', '29_lag_44_median_stratZ50ndj02', '29_lag_32_median_shSICsep', '50_lag_amo1', '29_lag_38_median_nppc2SSTjfm', '29_lag_33_median_amo1']","[0.7700898211186118, 4.825295801692938, 0.6447469200623441, 5.050714760596707, 2.4206299610719633, 3.310320850862908, 5.122891288551983, 4.903263066625875, 9.139024235526229, 0.25535790994671714]","29_lag_56_median_scpPSLjfm, 37_lag_amoSSTjfm, 29_lag_amo3, 29_lag_49_median_naoPSLjfm, 29_lag_56_median_AMOCann, 29_lag_44_median_stratZ50ndj02, 29_lag_32_median_shSICsep, 50_lag_amo1, 29_lag_38_median_nppc2SSTjfm, 29_lag_33_median_amo1_1298_29"
LRforcedPSO,45,10,shSICmar,slow,911.5,2005.5,0.4,60,30,30,15.829772477885776,0.02091033714392958,1298,"['48_lag_nhSICjfm', '30_lag_48_median_stratZ50ndj02', '30_lag_36_median_stratZ50ndj02', '30_lag_54_median_atlSICsep', '30_lag_44_median_naoPSLjfm', '34_lag_AMOCann', '40_lag_amoSSTmjjaso', '56_lag_nhSICsep', '30_lag_59_median_scpPSLjfm', '30_lag_49_median_eurPSLjfm']","[3.472858971122701, 5.027681828063795, 0.26202399157351763, 2.7460618667418, 1.941510525686514, 5.507782884574315, 0.029807680831215322, 1.101546509501425, 3.499162856597307, 5.158347218621861]","48_lag_nhSICjfm, 30_lag_48_median_stratZ50ndj02, 30_lag_36_median_stratZ50ndj02, 30_lag_54_median_atlSICsep, 30_lag_44_median_naoPSLjfm, 34_lag_AMOCann, 40_lag_amoSSTmjjaso, 56_lag_nhSICsep, 30_lag_59_median_scpPSLjfm, 30_lag_49_median_eurPSLjfm_1298_30"
LRforcedPSO,46,10,shSICmar,slow,912.5,2005.5,0.4,61,31,31,14.87927787956077,-0.02329565229561379,1298,"['49_lag_AMOCann', '31_lag_56_median_shSICsep', '39_lag_naoPSLjfm', '52_lag_atlSICjfm', '59_lag_amo3', '57_lag_nhSICsep', '49_lag_amo2', '58_lag_stratZ50ndj01', '50_lag_nhSICjfm', '50_lag_scpPSLjfm']","[6.960392346585953, 0.9557705397623213, 1.2495871098990907, 3.2451099320905286, 0.5193501479820846, 0.6062335525264473, 2.07409817879517, 1.5014490619900975, 4.168911962174624, 1.498846578164951]","49_lag_AMOCann, 31_lag_56_median_shSICsep, 39_lag_naoPSLjfm, 52_lag_atlSICjfm, 59_lag_amo3, 57_lag_nhSICsep, 49_lag_amo2, 58_lag_stratZ50ndj01, 50_lag_nhSICjfm, 50_lag_scpPSLjfm_1298_31"
LRforcedPSO,47,10,shSICmar,slow,913.5,2005.5,0.4,62,32,32,17.275234163404974,-0.16299134906565704,1298,"['53_lag_AMOCann', '34_lag_atlSICsep', '32_lag_40_median_amo3', '32_lag_46_median_stratZ50ndj03', '32_lag_50_median_amo1', '32_lag_36_median_solFORC', '32_lag_36_median_atlSICsep', '57_lag_amo2', '32_lag_37_median_amoSSTjfm', '32_lag_38_median_amoSSTjfm']","[0.9319649019959719, 1.655575228876696, 8.144642196345163, 4.32818902245026, 0.4025066680473355, 4.818112056667696, 1.8026639963580653, 4.316245106668733, 4.79916234288835, 2.782844637126331]","53_lag_AMOCann, 34_lag_atlSICsep, 32_lag_40_median_amo3, 32_lag_46_median_stratZ50ndj03, 32_lag_50_median_amo1, 32_lag_36_median_solFORC, 32_lag_36_median_atlSICsep, 57_lag_amo2, 32_lag_37_median_amoSSTjfm, 32_lag_38_median_amoSSTjfm_1298_32"
LRforcedPSO,48,10,shSICmar,slow,914.5,2005.5,0.4,63,33,33,18.46474699393055,-0.016615687591248707,1298,"['60_lag_shSICsep', '49_lag_amo1', '33_lag_59_median_nhSICsep', '43_lag_shSICmar', '56_lag_solFORC', '33_lag_39_median_naoPSLjfm', '33_lag_48_median_AMOCann', '33_lag_61_median_shSICsep', '33_lag_62_median_eurPSLjfm', '33_lag_34_median_amo1']","[2.0864331610826925, 4.409374629921818, 0.7881436786071276, 0.394602671037358, 5.4460340118207, 3.059926551246523, 5.196852599481405, 2.2760813914681464, 2.253551187986533, 1.9966967867441117]","60_lag_shSICsep, 49_lag_amo1, 33_lag_59_median_nhSICsep, 43_lag_shSICmar, 56_lag_solFORC, 33_lag_39_median_naoPSLjfm, 33_lag_48_median_AMOCann, 33_lag_61_median_shSICsep, 33_lag_62_median_eurPSLjfm, 33_lag_34_median_amo1_1298_33"
LRforcedPSO,49,10,shSICmar,slow,915.5,2005.5,0.4,64,34,34,14.081636807379116,0.05705407942300207,1298,"['45_lag_nhSICjfm', '56_lag_shSICmar', '49_lag_stratZ50ndj02', '34_lag_59_median_nhSICjfm', '34_lag_48_median_AMOCann', '62_lag_amo1', '63_lag_solFORC', '34_lag_52_median_stratZ50ndj04', '49_lag_amoSSTjfm', '43_lag_nppc2SSTjfm']","[1.194983891487933, 3.153601308136164, 4.123955249925238, 1.6687503397225267, 1.2321018468269092, 1.4605918032798026, 0.3021905946838501, 1.7774120157524678, 3.9502643800450894, 0.4042182087719919]","45_lag_nhSICjfm, 56_lag_shSICmar, 49_lag_stratZ50ndj02, 34_lag_59_median_nhSICjfm, 34_lag_48_median_AMOCann, 62_lag_amo1, 63_lag_solFORC, 34_lag_52_median_stratZ50ndj04, 49_lag_amoSSTjfm, 43_lag_nppc2SSTjfm_1298_34"
LRforcedPSO,50,10,shSICmar,slow,916.5,2005.5,0.4,65,35,35,19.4111156151212,-0.04501222802008435,1298,"['35_lag_64_median_amoSSTmjjaso', '50_lag_naoPSLjfm', '35_lag_58_median_stratZ50ndj03', '58_lag_amo3', '57_lag_AMOCann', '40_lag_scpPSLjfm', '35_lag_44_median_scpPSLjfm', '35_lag_51_median_solFORC', '59_lag_stratZ50ndj01', '63_lag_atlSICjfm']","[2.6687205316004476, 8.895369445768782, 2.4384928006461966, 0.27111104718173173, 4.415095964313359, 1.1152649790589635, 4.653864233102993, 5.146518456989759, 5.487852259585001, 3.427722356673282]","35_lag_64_median_amoSSTmjjaso, 50_lag_naoPSLjfm, 35_lag_58_median_stratZ50ndj03, 58_lag_amo3, 57_lag_AMOCann, 40_lag_scpPSLjfm, 35_lag_44_median_scpPSLjfm, 35_lag_51_median_solFORC, 59_lag_stratZ50ndj01, 63_lag_atlSICjfm_1298_35"
LRforcedPSO,51,10,shSICmar,slow,917.5,2005.5,0.4,66,36,36,15.578892293570883,-0.06805782922462403,1298,"['36_lag_57_median_stratZ50ndj04', '37_lag_atlSICjfm', '65_lag_stratZ50ndj04', '36_lag_61_median_naoPSLjfm', '36_lag_41_median_stratZ50ndj01', '36_lag_59_median_naoPSLjfm', '59_lag_amo3', '43_lag_naoPSLjfm', '36_lag_39_median_nhSICsep', '41_lag_amoSSTmjjaso']","[3.4207815366032506, 1.3867992659159096, 4.566341744878479, 8.510864618947917, 1.5350213715743433, 4.704171668178564, 1.0838682063768275, 4.995808247009464, 4.139127993066367, 0.18971284409945888]","36_lag_57_median_stratZ50ndj04, 37_lag_atlSICjfm, 65_lag_stratZ50ndj04, 36_lag_61_median_naoPSLjfm, 36_lag_41_median_stratZ50ndj01, 36_lag_59_median_naoPSLjfm, 59_lag_amo3, 43_lag_naoPSLjfm, 36_lag_39_median_nhSICsep, 41_lag_amoSSTmjjaso_1298_36"
LRforcedPSO,52,10,shSICmar,slow,918.5,2005.5,0.4,67,37,37,18.22696952374993,-0.18113417316141558,1298,"['52_lag_amoSSTmjjaso', '45_lag_atlSICsep', '37_lag_57_median_nppc2SSTjfm', '37_lag_43_median_stratZ50ndj02', '47_lag_amoSSTjfm', '63_lag_nhSICsep', '59_lag_AMOCann', '37_lag_50_median_AMOCann', '37_lag_65_median_amo2', '38_lag_amoSSTjfm']","[0.6111563214680267, 0.3537769325708844, 3.962557572599829, 1.3255363905661355, 1.9396823661680234, 5.536630828784461, 3.5013978332860045, 1.2103254591783248, 3.9745035666883943, 0.7026198381626045]","52_lag_amoSSTmjjaso, 45_lag_atlSICsep, 37_lag_57_median_nppc2SSTjfm, 37_lag_43_median_stratZ50ndj02, 47_lag_amoSSTjfm, 63_lag_nhSICsep, 59_lag_AMOCann, 37_lag_50_median_AMOCann, 37_lag_65_median_amo2, 38_lag_amoSSTjfm_1298_37"
LRforcedPSO,53,10,shSICmar,slow,919.5,2005.5,0.4,68,38,38,17.752354455155295,-0.07846850058222377,1298,"['58_lag_eurPSLjfm', '38_lag_59_median_eurPSLjfm', '39_lag_shSICsep', '38_lag_60_median_amoSSTmjjaso', '63_lag_shSICmar', '41_lag_stratZ50ndj03', '38_lag_67_median_shSICsep', '55_lag_amo2', '44_lag_naoPSLjfm', '40_lag_nhSICsep']","[1.1259732402598548, 2.362997244110428, 6.462917270931183, 6.59953051039, 5.219852065278583, 4.611567364116165, 0.9869448480402276, 3.208187982353474, 2.33951104014894, 0.9766645319753824]","58_lag_eurPSLjfm, 38_lag_59_median_eurPSLjfm, 39_lag_shSICsep, 38_lag_60_median_amoSSTmjjaso, 63_lag_shSICmar, 41_lag_stratZ50ndj03, 38_lag_67_median_shSICsep, 55_lag_amo2, 44_lag_naoPSLjfm, 40_lag_nhSICsep_1298_38"
LRforcedPSO,54,10,shSICmar,slow,920.5,2005.5,0.4,69,39,39,16.705385939234514,-0.08084621054502777,1298,"['68_lag_amoSSTjfm', '39_lag_57_median_nhSICsep', '63_lag_amoSSTmjjaso', '39_lag_49_median_amo3', '46_lag_nhSICjfm', '39_lag_54_median_stratZ50ndj02', '61_lag_shSICmar', '47_lag_nppc2SSTjfm', '57_lag_atlSICsep', '52_lag_shSICmar']","[4.424652545305516, 3.6255166164204624, 2.873708319973332, 6.510936482650646, 2.649853955839367, 2.0434461398024535, 7.861944638565717, 2.2081860275736283, 2.3017535174853165, 4.072046075767424]","68_lag_amoSSTjfm, 39_lag_57_median_nhSICsep, 63_lag_amoSSTmjjaso, 39_lag_49_median_amo3, 46_lag_nhSICjfm, 39_lag_54_median_stratZ50ndj02, 61_lag_shSICmar, 47_lag_nppc2SSTjfm, 57_lag_atlSICsep, 52_lag_shSICmar_1298_39"
LRforcedPSO,55,10,shSICmar,slow,921.5,2005.5,0.4,70,40,40,16.804966256164064,-0.012621035020384362,1298,"['63_lag_atlSICsep', '68_lag_stratZ50ndj03', '57_lag_stratZ50ndj04', '40_lag_eapPSLjfm', '40_lag_69_median_shSICsep', '40_lag_52_median_amo2', '60_lag_atlSICjfm', '40_lag_67_median_stratZ50ndj02', '40_lag_42_median_atlSICjfm', '40_lag_57_median_amoSSTmjjaso']","[4.9908364570772985, 6.458730989737134, 7.3174405404579375, 1.8267383133047979, 3.2511298292177226, 2.7160626625412583, 3.833587401476497, 4.312002134370463, 2.2766288548476847, 3.7031100956163376]","63_lag_atlSICsep, 68_lag_stratZ50ndj03, 57_lag_stratZ50ndj04, 40_lag_eapPSLjfm, 40_lag_69_median_shSICsep, 40_lag_52_median_amo2, 60_lag_atlSICjfm, 40_lag_67_median_stratZ50ndj02, 40_lag_42_median_atlSICjfm, 40_lag_57_median_amoSSTmjjaso_1298_40"
LRforcedPSO,56,10,shSICmar,slow,922.5,2005.5,0.4,71,41,41,16.625818948757964,-0.15364908726369123,1298,"['50_lag_nhSICjfm', '41_lag_48_median_atlSICjfm', '56_lag_nppc2SSTjfm', '68_lag_naoPSLjfm', '41_lag_43_median_scpPSLjfm', '41_lag_54_median_amoSSTmjjaso', '70_lag_stratZ50ndj04', '62_lag_AMOCann', '70_lag_stratZ50ndj01', '59_lag_solFORC']","[5.500380906918371, 3.724133179765875, 0.723269809506057, 4.1864439465855305, 4.083489445516135, 1.185617926929222, 2.2180592555652368, 2.49351343399848, 4.77101971662618, 3.843816295262168]","50_lag_nhSICjfm, 41_lag_48_median_atlSICjfm, 56_lag_nppc2SSTjfm, 68_lag_naoPSLjfm, 41_lag_43_median_scpPSLjfm, 41_lag_54_median_amoSSTmjjaso, 70_lag_stratZ50ndj04, 62_lag_AMOCann, 70_lag_stratZ50ndj01, 59_lag_solFORC_1298_41"
LRforcedPSO,57,10,shSICmar,slow,923.5,2005.5,0.4,72,42,42,22.27520805169166,-0.12457150309344223,1298,"['42_lag_63_median_shSICsep', '64_lag_stratZ50ndj02', '42_lag_43_median_amo1', '42_lag_45_median_eapPSLjfm', '42_lag_53_median_amoSSTmjjaso', '42_lag_48_median_amoSSTjfm', '42_lag_62_median_atlSICjfm', '42_lag_43_median_amoSSTjfm', '52_lag_shSICmar', '42_lag_57_median_AMOCann']","[6.13903080328879, 4.860105156218479, 5.780820298539242, 1.9548599788317116, 6.510255141048599, 2.1448369758037966, 5.666455114556117, 6.0823020500558584, 5.041693537253636, 1.263123604960164]","42_lag_63_median_shSICsep, 64_lag_stratZ50ndj02, 42_lag_43_median_amo1, 42_lag_45_median_eapPSLjfm, 42_lag_53_median_amoSSTmjjaso, 42_lag_48_median_amoSSTjfm, 42_lag_62_median_atlSICjfm, 42_lag_43_median_amoSSTjfm, 52_lag_shSICmar, 42_lag_57_median_AMOCann_1298_42"
LRforcedPSO,58,10,shSICmar,slow,924.5,2005.5,0.4,73,43,43,18.86919044823643,0.026802426147511386,1298,"['43_lag_53_median_stratZ50ndj03', '44_lag_nhSICjfm', '70_lag_shSICmar', '43_lag_69_median_stratZ50ndj03', '60_lag_atlSICjfm', '63_lag_nppc2SSTjfm', '49_lag_amo1', '43_lag_62_median_stratZ50ndj02', '43_lag_45_median_eurPSLjfm', '43_lag_67_median_shSICmar']","[2.15873539719656, 0.7092856287035936, 3.2463911344377383, 7.663696260695492, 1.682333432833456, 2.7178449019189905, 0.9722775675899626, 0.7155595448744005, 6.10979816804341, 8.588168522847203]","43_lag_53_median_stratZ50ndj03, 44_lag_nhSICjfm, 70_lag_shSICmar, 43_lag_69_median_stratZ50ndj03, 60_lag_atlSICjfm, 63_lag_nppc2SSTjfm, 49_lag_amo1, 43_lag_62_median_stratZ50ndj02, 43_lag_45_median_eurPSLjfm, 43_lag_67_median_shSICmar_1298_43"
LRforcedPSO,59,10,shSICmar,slow,925.5,2005.5,0.4,74,44,44,23.714295879370642,-0.1535252780566536,1298,"['73_lag_nhSICsep', '64_lag_scpPSLjfm', '44_lag_69_median_eurPSLjfm', '44_lag_71_median_scpPSLjfm', '71_lag_eurPSLjfm', '44_lag_60_median_amoSSTjfm', '48_lag_stratZ50ndj01', '44_lag_49_median_nppc2SSTjfm', '44_lag_46_median_amo2', '67_lag_stratZ50ndj01']","[1.8932648764563496, 2.7034239476050352, 4.7857464786188935, 5.002054281000601, 7.706062765393085, 6.507949357954587, 1.1654074426298404, 4.098038592145157, 6.201681664159565, 2.9269139712125902]","73_lag_nhSICsep, 64_lag_scpPSLjfm, 44_lag_69_median_eurPSLjfm, 44_lag_71_median_scpPSLjfm, 71_lag_eurPSLjfm, 44_lag_60_median_amoSSTjfm, 48_lag_stratZ50ndj01, 44_lag_49_median_nppc2SSTjfm, 44_lag_46_median_amo2, 67_lag_stratZ50ndj01_1298_44"
LRforcedPSO,60,10,shSICmar,slow,926.5,2005.5,0.4,75,45,45,17.976436483483443,-0.12352617648013518,1298,"['46_lag_nhSICsep', '70_lag_nppc2SSTjfm', '45_lag_71_median_amoSSTjfm', '45_lag_71_median_stratZ50ndj03', '45_lag_60_median_shSICsep', '45_lag_56_median_amo1', '46_lag_nppc2SSTjfm', '72_lag_eurPSLjfm', '49_lag_stratZ50ndj03', '50_lag_amoSSTmjjaso']","[4.701804267365263, 2.662226515088677, 3.2805835257496554, 3.9712583473514655, 5.833064110469291, 0.6205137928685431, 0.9495573888664826, 2.32316952995628, 3.099874985071345, 1.3828128716067933]","46_lag_nhSICsep, 70_lag_nppc2SSTjfm, 45_lag_71_median_amoSSTjfm, 45_lag_71_median_stratZ50ndj03, 45_lag_60_median_shSICsep, 45_lag_56_median_amo1, 46_lag_nppc2SSTjfm, 72_lag_eurPSLjfm, 49_lag_stratZ50ndj03, 50_lag_amoSSTmjjaso_1298_45"
LRforcedPSO,61,10,shSICmar,slow,927.5,2005.5,0.4,76,46,46,21.583315933265936,-0.12513519256988936,1298,"['46_lag_69_median_atlSICjfm', '46_lag_naoPSLjfm', '46_lag_atlSICjfm', '56_lag_amo1', '46_lag_63_median_amoSSTmjjaso', '67_lag_naoPSLjfm', '46_lag_64_median_naoPSLjfm', '46_lag_69_median_eapPSLjfm', '46_lag_48_median_eurPSLjfm', '46_lag_75_median_amo3']","[8.289308455550813, 2.464733689731739, 0.5793790004861741, 1.535423626065274, 0.24442763337087925, 2.6669483583127125, 6.048562516985072, 8.977536145114415, 0.245216371430514, 1.2415398697263136]","46_lag_69_median_atlSICjfm, 46_lag_naoPSLjfm, 46_lag_atlSICjfm, 56_lag_amo1, 46_lag_63_median_amoSSTmjjaso, 67_lag_naoPSLjfm, 46_lag_64_median_naoPSLjfm, 46_lag_69_median_eapPSLjfm, 46_lag_48_median_eurPSLjfm, 46_lag_75_median_amo3_1298_46"
LRforcedPSO,62,10,shSICmar,slow,928.5,2005.5,0.4,77,47,47,17.053814100147584,-0.150703158690352,1298,"['47_lag_59_median_naoPSLjfm', '47_lag_71_median_amo3', '55_lag_naoPSLjfm', '47_lag_69_median_shSICsep', '47_lag_49_median_amo2', '50_lag_scpPSLjfm', '47_lag_71_median_amoSSTmjjaso', '68_lag_amo1', '47_lag_61_median_stratZ50ndj01', '47_lag_51_median_stratZ50ndj04']","[3.995236702936422, 4.220628827999702, 0.06756551706382297, 7.644344618121521, 7.880294919579665, 1.7257336298433046, 5.477680086806465, 0.2834529119966014, 1.6368058458720114, 6.049843134509527]","47_lag_59_median_naoPSLjfm, 47_lag_71_median_amo3, 55_lag_naoPSLjfm, 47_lag_69_median_shSICsep, 47_lag_49_median_amo2, 50_lag_scpPSLjfm, 47_lag_71_median_amoSSTmjjaso, 68_lag_amo1, 47_lag_61_median_stratZ50ndj01, 47_lag_51_median_stratZ50ndj04_1298_47"
LRforcedPSO,63,10,shSICmar,slow,929.5,2005.5,0.4,78,48,48,17.526489520808163,0.003160103631353851,1298,"['48_lag_63_median_solFORC', '48_lag_52_median_stratZ50ndj04', '48_lag_65_median_stratZ50ndj01', '55_lag_amoSSTmjjaso', '62_lag_nhSICjfm', '64_lag_stratZ50ndj02', '48_lag_72_median_stratZ50ndj03', '48_lag_56_median_eurPSLjfm', '48_lag_50_median_nhSICsep', '48_lag_59_median_nppc2SSTjfm']","[1.231015154905668, 0.567494014986611, 3.450263060604575, 0.6209499883909615, 5.115853591481299, 2.3224284965003363, 2.7549151599028825, 2.8306478241920434, 6.983022049961334, 3.077999855585251]","48_lag_63_median_solFORC, 48_lag_52_median_stratZ50ndj04, 48_lag_65_median_stratZ50ndj01, 55_lag_amoSSTmjjaso, 62_lag_nhSICjfm, 64_lag_stratZ50ndj02, 48_lag_72_median_stratZ50ndj03, 48_lag_56_median_eurPSLjfm, 48_lag_50_median_nhSICsep, 48_lag_59_median_nppc2SSTjfm_1298_48"
LRforcedPSO,64,10,shSICmar,slow,930.5,2005.5,0.4,79,49,49,17.357444927096804,0.10667139224154314,1298,"['49_lag_72_median_shSICmar', '49_lag_50_median_naoPSLjfm', '61_lag_stratZ50ndj01', '49_lag_76_median_nppc2SSTjfm', '49_lag_76_median_atlSICsep', '64_lag_stratZ50ndj01', '56_lag_atlSICsep', '49_lag_60_median_eapPSLjfm', '49_lag_69_median_stratZ50ndj02', '49_lag_72_median_amo2']","[7.368531605084847, 1.0265569675971182, 4.065593923569663, 0.7254165195941393, 3.692793024520178, 1.9504645206808426, 4.368530904971819, 9.8757942257588, 3.3334821115824065, 4.228310308993189]","49_lag_72_median_shSICmar, 49_lag_50_median_naoPSLjfm, 61_lag_stratZ50ndj01, 49_lag_76_median_nppc2SSTjfm, 49_lag_76_median_atlSICsep, 64_lag_stratZ50ndj01, 56_lag_atlSICsep, 49_lag_60_median_eapPSLjfm, 49_lag_69_median_stratZ50ndj02, 49_lag_72_median_amo2_1298_49"
LRforcedPSO,65,10,shSICmar,slow,931.5,2005.5,0.4,80,50,50,14.12621349987363,0.07375406561435674,1298,"['71_lag_shSICsep', '50_lag_62_median_eapPSLjfm', '58_lag_nhSICsep', '52_lag_stratZ50ndj04', '50_lag_62_median_nhSICsep', '50_lag_64_median_amo1', '50_lag_75_median_eurPSLjfm', '72_lag_shSICsep', '50_lag_72_median_amo2', '50_lag_55_median_nhSICjfm']","[6.030578211690476, 1.364439528506388, 2.1037024414046517, 5.118069218251399, 1.1240720848598045, 2.0598252047051773, 2.1789216793742465, 6.248626083391613, 1.4934366433156665, 1.128560326767932]","71_lag_shSICsep, 50_lag_62_median_eapPSLjfm, 58_lag_nhSICsep, 52_lag_stratZ50ndj04, 50_lag_62_median_nhSICsep, 50_lag_64_median_amo1, 50_lag_75_median_eurPSLjfm, 72_lag_shSICsep, 50_lag_72_median_amo2, 50_lag_55_median_nhSICjfm_1298_50"
LRforcedPSO,66,10,shSICmar,slow,932.5,2005.5,0.4,81,51,51,17.394692696619757,0.1722962569300881,1298,"['51_lag_stratZ50ndj03', '58_lag_stratZ50ndj03', '51_lag_66_median_shSICsep', '51_lag_65_median_amoSSTjfm', '51_lag_58_median_atlSICjfm', '68_lag_amo2', '70_lag_atlSICsep', '51_lag_80_median_stratZ50ndj01', '51_lag_55_median_nhSICsep', '51_lag_68_median_amo2']","[4.2173898218399675, 5.506658310901633, 3.9364887224649188, 1.9810069855495165, 1.980857641490248, 0.4803923707905504, 4.331547472350136, 7.072068882406807, 2.236747544577792, 6.419533169649297]","51_lag_stratZ50ndj03, 58_lag_stratZ50ndj03, 51_lag_66_median_shSICsep, 51_lag_65_median_amoSSTjfm, 51_lag_58_median_atlSICjfm, 68_lag_amo2, 70_lag_atlSICsep, 51_lag_80_median_stratZ50ndj01, 51_lag_55_median_nhSICsep, 51_lag_68_median_amo2_1298_51"
LRforcedPSO,67,10,shSICmar,slow,933.5,2005.5,0.4,82,52,52,15.647715227730469,0.20136618318476426,1298,"['77_lag_solFORC', '52_lag_67_median_eapPSLjfm', '78_lag_eapPSLjfm', '74_lag_shSICmar', '68_lag_nhSICsep', '52_lag_69_median_stratZ50ndj02', '67_lag_amoSSTjfm', '66_lag_stratZ50ndj03', '52_lag_67_median_stratZ50ndj04', '53_lag_nhSICsep']","[7.537943419558488, 2.305322608744344, 0.8073134436387548, 4.602179836260634, 3.5519707710774444, 3.413981513802094, 1.3320481652761522, 0.9654486823461621, 7.1873002701285715, 1.442441891757822]","77_lag_solFORC, 52_lag_67_median_eapPSLjfm, 78_lag_eapPSLjfm, 74_lag_shSICmar, 68_lag_nhSICsep, 52_lag_69_median_stratZ50ndj02, 67_lag_amoSSTjfm, 66_lag_stratZ50ndj03, 52_lag_67_median_stratZ50ndj04, 53_lag_nhSICsep_1298_52"
LRforcedPSO,68,10,shSICmar,slow,934.5,2005.5,0.4,83,53,53,18.612071002701136,-0.045189290432666604,1298,"['74_lag_atlSICsep', '53_lag_61_median_nhSICsep', '64_lag_stratZ50ndj02', '56_lag_scpPSLjfm', '53_lag_80_median_stratZ50ndj03', '53_lag_69_median_eapPSLjfm', '53_lag_64_median_atlSICsep', '53_lag_58_median_shSICmar', '53_lag_73_median_nhSICjfm', '53_lag_80_median_nhSICjfm']","[2.013955087305428, 2.117743537690931, 4.295403914680021, 0.5760996327843486, 1.7483830115377437, 7.123763965313643, 4.597815259038626, 9.355026767995042, 4.53545061603029, 0.3607638547804868]","74_lag_atlSICsep, 53_lag_61_median_nhSICsep, 64_lag_stratZ50ndj02, 56_lag_scpPSLjfm, 53_lag_80_median_stratZ50ndj03, 53_lag_69_median_eapPSLjfm, 53_lag_64_median_atlSICsep, 53_lag_58_median_shSICmar, 53_lag_73_median_nhSICjfm, 53_lag_80_median_nhSICjfm_1298_53"
LRforcedPSO,69,10,shSICmar,slow,935.5,2005.5,0.4,84,54,54,20.42892620503734,0.06313433292254837,1298,"['83_lag_eapPSLjfm', '83_lag_scpPSLjfm', '54_lag_73_median_eapPSLjfm', '54_lag_82_median_nhSICjfm', '54_lag_81_median_amo1', '54_lag_60_median_shSICsep', '69_lag_solFORC', '67_lag_atlSICjfm', '54_lag_58_median_amoSSTjfm', '55_lag_AMOCann']","[2.7024307088413977, 4.679086338707165, 7.127001844108019, 1.7779379585129504, 6.051409985393178, 5.987279689677589, 9.527840186087719, 0.81635134231359, 5.5677896964788065, 6.420460161803458]","83_lag_eapPSLjfm, 83_lag_scpPSLjfm, 54_lag_73_median_eapPSLjfm, 54_lag_82_median_nhSICjfm, 54_lag_81_median_amo1, 54_lag_60_median_shSICsep, 69_lag_solFORC, 67_lag_atlSICjfm, 54_lag_58_median_amoSSTjfm, 55_lag_AMOCann_1298_54"
LRforcedPSO,70,10,shSICmar,slow,936.5,2005.5,0.4,85,55,55,15.505803267589874,0.10251841822236157,1298,"['55_lag_71_median_amo3', '55_lag_75_median_naoPSLjfm', '55_lag_59_median_stratZ50ndj04', '77_lag_amo3', '55_lag_68_median_naoPSLjfm', '79_lag_atlSICsep', '82_lag_stratZ50ndj02', '57_lag_amo1', '55_lag_82_median_scpPSLjfm', '68_lag_amo1']","[4.133130984594324, 2.6075102369648313, 1.2532307138814307, 5.799358816528331, 2.3793965862637485, 0.8426547309616854, 6.090341424191637, 4.773335076109754, 0.16199340723832023, 1.288197788891761]","55_lag_71_median_amo3, 55_lag_75_median_naoPSLjfm, 55_lag_59_median_stratZ50ndj04, 77_lag_amo3, 55_lag_68_median_naoPSLjfm, 79_lag_atlSICsep, 82_lag_stratZ50ndj02, 57_lag_amo1, 55_lag_82_median_scpPSLjfm, 68_lag_amo1_1298_55"
LRforcedPSO,71,10,shSICmar,slow,937.5,2005.5,0.4,86,56,56,17.08074011542287,-0.043130458876152494,1298,"['56_lag_62_median_naoPSLjfm', '80_lag_scpPSLjfm', '56_lag_61_median_amo2', '56_lag_67_median_scpPSLjfm', '56_lag_82_median_shSICsep', '77_lag_amoSSTmjjaso', '56_lag_72_median_eurPSLjfm', '62_lag_amo2', '67_lag_nhSICjfm', '56_lag_59_median_amo2']","[4.099463521674234, 0.45704156989585343, 5.555158498169789, 5.160501092345169, 6.163700469068488, 2.309688518480826, 7.5101231955873615, 2.6564517701014783, 2.847801319200711, 8.631118936492197]","56_lag_62_median_naoPSLjfm, 80_lag_scpPSLjfm, 56_lag_61_median_amo2, 56_lag_67_median_scpPSLjfm, 56_lag_82_median_shSICsep, 77_lag_amoSSTmjjaso, 56_lag_72_median_eurPSLjfm, 62_lag_amo2, 67_lag_nhSICjfm, 56_lag_59_median_amo2_1298_56"
LRforcedPSO,72,10,shSICmar,slow,938.5,2005.5,0.4,87,57,57,18.512194374594266,0.11590482209665655,1298,"['80_lag_atlSICjfm', '83_lag_shSICmar', '57_lag_nhSICjfm', '57_lag_64_median_scpPSLjfm', '61_lag_solFORC', '71_lag_amoSSTjfm', '57_lag_72_median_naoPSLjfm', '57_lag_69_median_nhSICsep', '82_lag_stratZ50ndj02', '57_lag_76_median_atlSICjfm']","[2.926040265364424, 5.834702516291054, 5.617562208742587, 2.5471634508637173, 6.613956540705409, 1.6423244273790623, 3.7005249867177152, 4.631698819751171, 3.2713545848067938, 4.439972519830384]","80_lag_atlSICjfm, 83_lag_shSICmar, 57_lag_nhSICjfm, 57_lag_64_median_scpPSLjfm, 61_lag_solFORC, 71_lag_amoSSTjfm, 57_lag_72_median_naoPSLjfm, 57_lag_69_median_nhSICsep, 82_lag_stratZ50ndj02, 57_lag_76_median_atlSICjfm_1298_57"
LRforcedPSO,73,10,shSICmar,slow,939.5,2005.5,0.4,88,58,58,17.30309108249671,-0.1470603963543096,1298,"['58_lag_67_median_eapPSLjfm', '58_lag_72_median_scpPSLjfm', '58_lag_74_median_stratZ50ndj03', '58_lag_67_median_amoSSTjfm', '58_lag_72_median_amo3', '58_lag_66_median_amo3', '66_lag_nppc2SSTjfm', '70_lag_AMOCann', '58_lag_81_median_eurPSLjfm', '58_lag_74_median_eurPSLjfm']","[2.2756623222663404, 5.576458266587167, 0.7845069470435853, 6.410303658858956, 0.954165648628809, 5.771426187747684, 5.463277961248512, 1.8260835261441635, 0.9627447642541327, 0.7404173791891147]","58_lag_67_median_eapPSLjfm, 58_lag_72_median_scpPSLjfm, 58_lag_74_median_stratZ50ndj03, 58_lag_67_median_amoSSTjfm, 58_lag_72_median_amo3, 58_lag_66_median_amo3, 66_lag_nppc2SSTjfm, 70_lag_AMOCann, 58_lag_81_median_eurPSLjfm, 58_lag_74_median_eurPSLjfm_1298_58"
LRforcedPSO,74,10,shSICmar,slow,940.5,2005.5,0.4,89,59,59,18.12901118753515,0.06263116339927177,1298,"['59_lag_76_median_nppc2SSTjfm', '63_lag_AMOCann', '69_lag_amo3', '59_lag_69_median_atlSICsep', '59_lag_85_median_eapPSLjfm', '59_lag_72_median_nppc2SSTjfm', '59_lag_74_median_eurPSLjfm', '85_lag_amoSSTmjjaso', '68_lag_solFORC', '74_lag_amoSSTjfm']","[3.6272589458137983, 2.2927206978595436, 6.649243099168469, 0.7876059383597998, 1.7650530654716654, 1.3547186096246318, 1.8833202599843784, 9.563390352410032, 8.174132280354232, 1.1538630166865733]","59_lag_76_median_nppc2SSTjfm, 63_lag_AMOCann, 69_lag_amo3, 59_lag_69_median_atlSICsep, 59_lag_85_median_eapPSLjfm, 59_lag_72_median_nppc2SSTjfm, 59_lag_74_median_eurPSLjfm, 85_lag_amoSSTmjjaso, 68_lag_solFORC, 74_lag_amoSSTjfm_1298_59"
LRforcedPSO,75,10,shSICmar,slow,941.5,2005.5,0.4,90,60,60,18.610643456251115,0.00115739249342933,1298,"['71_lag_eurPSLjfm', '66_lag_amoSSTmjjaso', '67_lag_nppc2SSTjfm', '60_lag_80_median_stratZ50ndj03', '65_lag_scpPSLjfm', '60_lag_65_median_stratZ50ndj02', '72_lag_nhSICjfm', '60_lag_65_median_eurPSLjfm', '60_lag_72_median_eapPSLjfm', '83_lag_stratZ50ndj04']","[2.827335378801621, 1.322626958409769, 4.611704519341049, 5.642328570655701, 1.5125068342226662, 4.872855016215349, 1.4398496400607108, 6.689030874142006, 5.792936726506834, 0.36136462067285535]","71_lag_eurPSLjfm, 66_lag_amoSSTmjjaso, 67_lag_nppc2SSTjfm, 60_lag_80_median_stratZ50ndj03, 65_lag_scpPSLjfm, 60_lag_65_median_stratZ50ndj02, 72_lag_nhSICjfm, 60_lag_65_median_eurPSLjfm, 60_lag_72_median_eapPSLjfm, 83_lag_stratZ50ndj04_1298_60"
LRforcedPSO,76,10,shSICmar,slow,942.5,2005.5,0.4,91,61,61,17.17037905212362,0.07627310108804522,1298,"['61_lag_63_median_stratZ50ndj03', '61_lag_63_median_eapPSLjfm', '61_lag_74_median_stratZ50ndj03', '61_lag_79_median_eurPSLjfm', '61_lag_64_median_atlSICjfm', '84_lag_stratZ50ndj03', '66_lag_nppc2SSTjfm', '87_lag_scpPSLjfm', '61_lag_63_median_solFORC', '72_lag_naoPSLjfm']","[2.688941143312123, 1.9244654607684168, 4.502720705144563, 7.611215441097978, 0.8909896508372928, 2.3985965848970707, 3.176945026848923, 2.703986819851143, 3.243262427464849, 5.165347764319176]","61_lag_63_median_stratZ50ndj03, 61_lag_63_median_eapPSLjfm, 61_lag_74_median_stratZ50ndj03, 61_lag_79_median_eurPSLjfm, 61_lag_64_median_atlSICjfm, 84_lag_stratZ50ndj03, 66_lag_nppc2SSTjfm, 87_lag_scpPSLjfm, 61_lag_63_median_solFORC, 72_lag_naoPSLjfm_1298_61"
LRforcedPSO,77,10,shSICmar,slow,943.5,2005.5,0.4,92,62,62,15.705640698055818,0.1831542841988827,1298,"['62_lag_85_median_shSICsep', '62_lag_85_median_eurPSLjfm', '62_lag_84_median_atlSICjfm', '62_lag_80_median_eurPSLjfm', '62_lag_84_median_solFORC', '90_lag_atlSICjfm', '62_lag_79_median_atlSICsep', '62_lag_64_median_scpPSLjfm', '88_lag_scpPSLjfm', '71_lag_shSICsep']","[4.705870510634103, 4.112244470969554, 4.1910187286288, 9.797066123822935, 3.0809552786186796, 4.067339941650994, 2.6665764481528615, 2.2568758622750007, 1.265749366998767, 7.478395718417268]","62_lag_85_median_shSICsep, 62_lag_85_median_eurPSLjfm, 62_lag_84_median_atlSICjfm, 62_lag_80_median_eurPSLjfm, 62_lag_84_median_solFORC, 90_lag_atlSICjfm, 62_lag_79_median_atlSICsep, 62_lag_64_median_scpPSLjfm, 88_lag_scpPSLjfm, 71_lag_shSICsep_1298_62"
LRforcedPSO,78,10,shSICmar,slow,944.5,2005.5,0.4,93,63,63,17.533694925251694,0.10393047821600547,1298,"['63_lag_77_median_nhSICsep', '63_lag_83_median_atlSICjfm', '63_lag_82_median_amo2', '90_lag_stratZ50ndj02', '74_lag_stratZ50ndj04', '87_lag_eurPSLjfm', '92_lag_AMOCann', '63_lag_65_median_nhSICjfm', '63_lag_69_median_stratZ50ndj01', '63_lag_AMOCann']","[6.279082843620259, 4.678201195955252, 3.0516619347280916, 3.399713942323981, 5.397312448471514, 0.4329562637050728, 4.493295429078092, 0.4337466374263421, 0.5647640304598038, 0.5097406317671798]","63_lag_77_median_nhSICsep, 63_lag_83_median_atlSICjfm, 63_lag_82_median_amo2, 90_lag_stratZ50ndj02, 74_lag_stratZ50ndj04, 87_lag_eurPSLjfm, 92_lag_AMOCann, 63_lag_65_median_nhSICjfm, 63_lag_69_median_stratZ50ndj01, 63_lag_AMOCann_1298_63"
LRforcedPSO,79,10,shSICmar,slow,945.5,2005.5,0.4,94,64,64,16.461600705573638,-0.04249297564807877,1298,"['68_lag_atlSICsep', '77_lag_amo2', '82_lag_stratZ50ndj01', '64_lag_66_median_amoSSTjfm', '65_lag_amo3', '91_lag_amoSSTmjjaso', '72_lag_atlSICjfm', '64_lag_93_median_naoPSLjfm', '77_lag_naoPSLjfm', '72_lag_amo2']","[1.9567487416148914, 4.864074888132503, 2.5270795383200433, 6.1978392792740085, 7.250355585941996, 2.2278312675371437, 1.865034731597607, 6.609268343477922, 2.4593342324774508, 1.320586288205563]","68_lag_atlSICsep, 77_lag_amo2, 82_lag_stratZ50ndj01, 64_lag_66_median_amoSSTjfm, 65_lag_amo3, 91_lag_amoSSTmjjaso, 72_lag_atlSICjfm, 64_lag_93_median_naoPSLjfm, 77_lag_naoPSLjfm, 72_lag_amo2_1298_64"
LRforcedPSO,80,10,shSICmar,slow,946.5,2005.5,0.4,95,65,65,14.761175425546107,0.16648670777399055,1298,"['70_lag_stratZ50ndj03', '87_lag_eurPSLjfm', '65_lag_79_median_shSICsep', '65_lag_85_median_AMOCann', '81_lag_amo2', '81_lag_stratZ50ndj03', '65_lag_69_median_atlSICsep', '87_lag_nhSICjfm', '65_lag_77_median_amo2', '65_lag_77_median_amo1']","[4.404546731324734, 2.9234387563551287, 4.682749464613494, 0.9084771195687686, 0.7154658670686747, 1.5125732124218985, 3.0388231602710896, 4.913162114830925, 5.642393441974454, 3.8791340126082154]","70_lag_stratZ50ndj03, 87_lag_eurPSLjfm, 65_lag_79_median_shSICsep, 65_lag_85_median_AMOCann, 81_lag_amo2, 81_lag_stratZ50ndj03, 65_lag_69_median_atlSICsep, 87_lag_nhSICjfm, 65_lag_77_median_amo2, 65_lag_77_median_amo1_1298_65"
LRforcedPSO,81,10,shSICmar,slow,947.5,2005.5,0.4,96,66,66,15.791980658810713,-0.09390021905389129,1298,"['93_lag_stratZ50ndj02', '88_lag_AMOCann', '66_lag_79_median_atlSICsep', '66_lag_67_median_nppc2SSTjfm', '68_lag_amo3', '83_lag_atlSICjfm', '66_lag_88_median_atlSICsep', '74_lag_shSICsep', '66_lag_74_median_atlSICsep', '66_lag_84_median_stratZ50ndj01']","[0.09098712452121127, 1.0203775686359595, 7.837646797118383, 0.5884794570912817, 4.189188825494535, 2.6226512252598244, 1.0140339413372779, 1.7434542351556672, 8.274392995277186, 1.423805639188343]","93_lag_stratZ50ndj02, 88_lag_AMOCann, 66_lag_79_median_atlSICsep, 66_lag_67_median_nppc2SSTjfm, 68_lag_amo3, 83_lag_atlSICjfm, 66_lag_88_median_atlSICsep, 74_lag_shSICsep, 66_lag_74_median_atlSICsep, 66_lag_84_median_stratZ50ndj01_1298_66"
LRforcedPSO,82,10,shSICmar,slow,948.5,2005.5,0.4,97,67,67,18.939543351478655,0.00201848074317719,1298,"['78_lag_amo2', '93_lag_nhSICsep', '67_lag_90_median_eurPSLjfm', '67_lag_90_median_eapPSLjfm', '67_lag_89_median_amoSSTmjjaso', '67_lag_89_median_shSICmar', '91_lag_nhSICsep', '78_lag_nhSICsep', '92_lag_scpPSLjfm', '67_lag_74_median_amoSSTmjjaso']","[2.8694982608400066, 4.186715735592655, 6.95510714403799, 3.972244364309418, 6.430383101390973, 8.41038905976025, 0.19543679453876628, 2.873448296714905, 4.141480763656464, 1.1508696345829588]","78_lag_amo2, 93_lag_nhSICsep, 67_lag_90_median_eurPSLjfm, 67_lag_90_median_eapPSLjfm, 67_lag_89_median_amoSSTmjjaso, 67_lag_89_median_shSICmar, 91_lag_nhSICsep, 78_lag_nhSICsep, 92_lag_scpPSLjfm, 67_lag_74_median_amoSSTmjjaso_1298_67"
LRforcedPSO,83,10,shSICmar,slow,949.5,2005.5,0.4,98,68,68,18.659004417418824,0.08284258682769007,1298,"['95_lag_solFORC', '68_lag_91_median_scpPSLjfm', '68_lag_76_median_shSICmar', '68_lag_74_median_nhSICjfm', '69_lag_nppc2SSTjfm', '75_lag_amoSSTjfm', '68_lag_77_median_amo3', '91_lag_stratZ50ndj02', '96_lag_solFORC', '79_lag_nhSICjfm']","[1.0520334783975507, 7.38710097097664, 0.5624945904337846, 5.023955134188135, 3.3482027714589435, 2.4498861411354724, 3.078042865425086, 0.8470480152791993, 4.845429127245946, 5.9770493564246685]","95_lag_solFORC, 68_lag_91_median_scpPSLjfm, 68_lag_76_median_shSICmar, 68_lag_74_median_nhSICjfm, 69_lag_nppc2SSTjfm, 75_lag_amoSSTjfm, 68_lag_77_median_amo3, 91_lag_stratZ50ndj02, 96_lag_solFORC, 79_lag_nhSICjfm_1298_68"
LRforcedPSO,84,10,shSICmar,slow,950.5,2005.5,0.4,99,69,69,15.91791971921302,0.027905149537468525,1298,"['69_lag_91_median_nhSICsep', '69_lag_88_median_stratZ50ndj01', '93_lag_naoPSLjfm', '87_lag_amoSSTjfm', '69_lag_91_median_amoSSTmjjaso', '69_lag_88_median_shSICsep', '69_lag_79_median_shSICsep', '87_lag_naoPSLjfm', '69_lag_75_median_scpPSLjfm', '69_lag_93_median_stratZ50ndj03']","[3.4371196929900627, 3.1799043404607596, 0.9571329948381191, 1.0426611348914925, 1.8200620717041431, 0.8045486451765083, 0.7759534748589214, 7.081847628879576, 0.5199651762730113, 3.5710357960960604]","69_lag_91_median_nhSICsep, 69_lag_88_median_stratZ50ndj01, 93_lag_naoPSLjfm, 87_lag_amoSSTjfm, 69_lag_91_median_amoSSTmjjaso, 69_lag_88_median_shSICsep, 69_lag_79_median_shSICsep, 87_lag_naoPSLjfm, 69_lag_75_median_scpPSLjfm, 69_lag_93_median_stratZ50ndj03_1298_69"
LRforcedPSO,85,10,shSICmar,slow,951.5,2005.5,0.4,100,70,70,15.692198405792565,-0.0301712595463847,1298,"['86_lag_amoSSTmjjaso', '98_lag_nhSICsep', '80_lag_atlSICjfm', '76_lag_amo3', '70_lag_82_median_nhSICsep', '70_lag_98_median_nhSICsep', '70_lag_75_median_amoSSTmjjaso', '82_lag_amo3', '88_lag_naoPSLjfm', '70_lag_95_median_scpPSLjfm']","[3.5960481297217584, 3.536252925500076, 0.469003077706434, 0.10188673299748707, 8.3022651333274, 5.657328068744009, 2.735681111296767, 4.347711767371997, 2.9704684378478685, 1.2832987167787042]","86_lag_amoSSTmjjaso, 98_lag_nhSICsep, 80_lag_atlSICjfm, 76_lag_amo3, 70_lag_82_median_nhSICsep, 70_lag_98_median_nhSICsep, 70_lag_75_median_amoSSTmjjaso, 82_lag_amo3, 88_lag_naoPSLjfm, 70_lag_95_median_scpPSLjfm_1298_70"
