model,num_irrelevant,max_allowed_features,target_feature,dataset,year_start,year_end,splitsize,max_lag,init_lag,max_forecast,mae_score,corr_score,n_total_features,selected_feature_list,feature_importances,selected_features
LRforcedPSO,0,10,traBS,picntrl,1514.5,2050.5,0.6,15,1,1,16.73829628353565,0.11574917641146022,1728,"['1_lag_2_median_pdoSSTjfm', '13_lag_traTLS', '1_lag_14_median_traMC', '9_lag_atlSICsep', '10_lag_seurTSjfm', '11_lag_AMOCann', '12_lag_amoSSTmjjaso', '7_lag_tripol1', '1_lag_11_median_stratZ50ndj04', '1_lag_11_median_AMOCann']","[5.298525672635858, 2.8580870399299734, 4.838938152563637, 2.6045696855009037, 1.0428177761560864, 1.7233368297589458, 4.484071038974893, 1.9140305577334082, 2.4290994211392025, 7.504861639976895]","1_lag_2_median_pdoSSTjfm, 13_lag_traTLS, 1_lag_14_median_traMC, 9_lag_atlSICsep, 10_lag_seurTSjfm, 11_lag_AMOCann, 12_lag_amoSSTmjjaso, 7_lag_tripol1, 1_lag_11_median_stratZ50ndj04, 1_lag_11_median_AMOCann_1728_1"
LRforcedPSO,1,10,traBS,picntrl,1515.5,2050.5,0.6,16,1,1,16.196434086514756,0.11543383626913795,1856,"['8_lag_traIT', '1_lag_13_median_satlSSTjfm', '13_lag_seurTSjfm', '1_lag_9_median_traFS', '1_lag_amo2', '2_lag_pdoSSTjfm', '1_lag_10_median_gyreSSTjfm', '1_lag_9_median_traDP', '4_lag_traFSC', '1_lag_4_median_nppc2SSTjfm']","[1.4070387869262397, 4.976230761323093, 2.802890497580206, 4.243856718587342, 8.467471446718903, 4.141020605064696, 3.3054643510101167, 4.571966500637899, 0.8138270166960595, 2.770871403691933]","8_lag_traIT, 1_lag_13_median_satlSSTjfm, 13_lag_seurTSjfm, 1_lag_9_median_traFS, 1_lag_amo2, 2_lag_pdoSSTjfm, 1_lag_10_median_gyreSSTjfm, 1_lag_9_median_traDP, 4_lag_traFSC, 1_lag_4_median_nppc2SSTjfm_1856_1"
LRforcedPSO,2,10,traBS,picntrl,1516.5,2050.5,0.6,17,1,5,17.3118765867502,-0.0738547353364174,1984,"['10_lag_nppc2SSTjfm', '5_lag_arcTSjfm', '11_lag_traFS', '7_lag_amo2', '15_lag_ensoSSTjfm', '16_lag_pdoSSTjfm', '11_lag_ensoSSTjfm', '8_lag_traIT', '14_lag_atlSICsep', '7_lag_amo1']","[2.24848426749465, 5.83113565087136, 5.506202230475189, 6.618347697233979, 1.27941826691041, 3.440405859105164, 2.1598948627722, 2.4258594635634934, 0.9723472893404672, 0.3711263418978774]","10_lag_nppc2SSTjfm, 5_lag_arcTSjfm, 11_lag_traFS, 7_lag_amo2, 15_lag_ensoSSTjfm, 16_lag_pdoSSTjfm, 11_lag_ensoSSTjfm, 8_lag_traIT, 14_lag_atlSICsep, 7_lag_amo1_1984_5"
LRforcedPSO,3,10,traBS,picntrl,1517.5,2050.5,0.6,18,1,1,15.298717511249846,0.05652387375682561,2112,"['5_lag_traWP', '13_lag_shTSjfm', '4_lag_traBS', '2_lag_gyreSSTjfm', '14_lag_neurTSjfm', '3_lag_eurPSLjfm', '17_lag_wnorPRjfm', '1_lag_14_median_nhSICsep', '2_lag_yrvPRjja', '1_lag_6_median_traDP']","[4.4667612454234735, 5.528866287519062, 3.3392060183162764, 0.07860606491469291, 4.818788713980949, 2.3807501816302157, 1.2687136111824557, 4.512546837119412, 0.9232377901993374, 3.510770885568867]","5_lag_traWP, 13_lag_shTSjfm, 4_lag_traBS, 2_lag_gyreSSTjfm, 14_lag_neurTSjfm, 3_lag_eurPSLjfm, 17_lag_wnorPRjfm, 1_lag_14_median_nhSICsep, 2_lag_yrvPRjja, 1_lag_6_median_traDP_2112_1"
LRforcedPSO,4,10,traBS,picntrl,1518.5,2050.5,0.6,19,1,1,15.92402499800874,0.017082914902958924,2240,"['9_lag_traFSC', '1_lag_11_median_glomaSSTjfm', '1_lag_10_median_pdoSSTjfm', '10_lag_traBO', '1_lag_12_median_ensoSSTjfm', '1_lag_6_median_traIFC', '1_lag_3_median_glTSjfm', '10_lag_eurPSLjfm', '9_lag_ormenSSTjfm', '1_lag_12_median_labSSTjfm']","[2.3299416461663505, 0.22708178280743851, 0.3952670628614747, 2.7322307217653385, 2.1261573281136155, 2.6671983449549437, 3.0003386525006555, 3.444299580647039, 8.123854774608578, 0.6869135637792674]","9_lag_traFSC, 1_lag_11_median_glomaSSTjfm, 1_lag_10_median_pdoSSTjfm, 10_lag_traBO, 1_lag_12_median_ensoSSTjfm, 1_lag_6_median_traIFC, 1_lag_3_median_glTSjfm, 10_lag_eurPSLjfm, 9_lag_ormenSSTjfm, 1_lag_12_median_labSSTjfm_2240_1"
LRforcedPSO,5,10,traBS,picntrl,1519.5,2050.5,0.6,20,1,1,17.48327115754351,0.18102335398690983,2368,"['11_lag_gyreSSTjfm', '9_lag_traIFC', '1_lag_13_median_traDP', '1_lag_15_median_alpi', '1_lag_4_median_labSSTjfm', '2_lag_traIT', '1_lag_15_median_traFS', '1_lag_17_median_satlSSTjfm', '18_lag_glomaSSTjfm', '17_lag_traIFC']","[1.5750391192085758, 1.3525352281540428, 9.405382541585158, 3.1852216759572887, 2.2386081975377756, 1.520287220489342, 4.713280304376008, 9.112253922428856, 5.68209973729639, 1.5261941430123311]","11_lag_gyreSSTjfm, 9_lag_traIFC, 1_lag_13_median_traDP, 1_lag_15_median_alpi, 1_lag_4_median_labSSTjfm, 2_lag_traIT, 1_lag_15_median_traFS, 1_lag_17_median_satlSSTjfm, 18_lag_glomaSSTjfm, 17_lag_traIFC_2368_1"
LRforcedPSO,6,10,traBS,picntrl,1520.5,2050.5,0.6,21,1,1,15.169558329216713,0.013500921950452665,2496,"['1_lag_5_median_arcTSjfm', '16_lag_traBS', '1_lag_20_median_tripol3', '10_lag_glomaSSTjfm', '18_lag_labSSTjfm', '1_lag_4_median_nhTSjfm', '19_lag_glTSjfm', '4_lag_traFSC', '1_lag_12_median_mhfATL30', '1_lag_6_median_glomaSSTjfm']","[4.004922270062945, 4.084779628012944, 1.671491644862952, 5.43781633325608, 3.099577850394933, 1.4937833501531443, 3.2043270018889665, 0.7269255328136595, 1.2069163894783053, 5.559433082994138]","1_lag_5_median_arcTSjfm, 16_lag_traBS, 1_lag_20_median_tripol3, 10_lag_glomaSSTjfm, 18_lag_labSSTjfm, 1_lag_4_median_nhTSjfm, 19_lag_glTSjfm, 4_lag_traFSC, 1_lag_12_median_mhfATL30, 1_lag_6_median_glomaSSTjfm_2496_1"
LRforcedPSO,7,10,traBS,picntrl,1521.5,2050.5,0.6,22,2,2,18.62702964962917,0.020307571387891896,2496,"['2_lag_12_median_ensoSSTjfm', '2_lag_13_median_wnorPRjfm', '13_lag_traBS', '3_lag_ormenSSTjfm', '2_lag_6_median_amo3', '2_lag_12_median_stratZ50ndj01', '4_lag_scpPSLjfm', '2_lag_9_median_amo2', '2_lag_shSICsep', '16_lag_nhSICsep']","[1.4866153501667174, 6.59170735597365, 6.738077493837697, 0.39148915678872953, 1.028384077674719, 5.592199468235972, 2.8032703936241816, 7.604977075780028, 0.005517125291902403, 3.362933119027085]","2_lag_12_median_ensoSSTjfm, 2_lag_13_median_wnorPRjfm, 13_lag_traBS, 3_lag_ormenSSTjfm, 2_lag_6_median_amo3, 2_lag_12_median_stratZ50ndj01, 4_lag_scpPSLjfm, 2_lag_9_median_amo2, 2_lag_shSICsep, 16_lag_nhSICsep_2496_2"
LRforcedPSO,8,10,traBS,picntrl,1522.5,2050.5,0.6,23,3,3,14.786293011450931,-0.04059294742361979,2496,"['16_lag_labSSTjfm', '3_lag_5_median_traTLS', '14_lag_gyreSSTjfm', '3_lag_9_median_traCA', '3_lag_18_median_scpPSLjfm', '13_lag_amo2', '8_lag_ismPRjja', '3_lag_10_median_scpPSLjfm', '4_lag_neurTSjfm', '3_lag_6_median_nppc2SSTjfm']","[0.13547548407843024, 0.0016278309893653642, 0.761837330451204, 4.466315225156984, 1.6333571909342464, 3.2174802490811194, 2.505045986071295, 4.91675736719801, 1.5231797872444481, 1.2432682065156797]","16_lag_labSSTjfm, 3_lag_5_median_traTLS, 14_lag_gyreSSTjfm, 3_lag_9_median_traCA, 3_lag_18_median_scpPSLjfm, 13_lag_amo2, 8_lag_ismPRjja, 3_lag_10_median_scpPSLjfm, 4_lag_neurTSjfm, 3_lag_6_median_nppc2SSTjfm_2496_3"
LRforcedPSO,9,10,traBS,picntrl,1523.5,2050.5,0.6,24,4,4,16.99922415282223,0.05551612912997596,2496,"['10_lag_tripol1', '23_lag_amoSSTmjjaso', '11_lag_traFB', '4_lag_11_median_gyreSSTjfm', '4_lag_7_median_traFSC', '4_lag_18_median_ormenSSTjfm', '4_lag_12_median_traTLS', '4_lag_11_median_scpPSLjfm', '4_lag_8_median_amo1', '4_lag_scpPSLjfm']","[3.1657782480313834, 3.05949017124677, 6.972283006198941, 1.2507921808650089, 6.002913609451063, 3.4360916557799808, 3.4943184869565904, 7.15882008331481, 4.641060969980568, 0.8449190679333984]","10_lag_tripol1, 23_lag_amoSSTmjjaso, 11_lag_traFB, 4_lag_11_median_gyreSSTjfm, 4_lag_7_median_traFSC, 4_lag_18_median_ormenSSTjfm, 4_lag_12_median_traTLS, 4_lag_11_median_scpPSLjfm, 4_lag_8_median_amo1, 4_lag_scpPSLjfm_2496_4"
LRforcedPSO,10,10,traBS,picntrl,1524.5,2050.5,0.6,25,5,5,15.244660022481552,-0.02895153999456677,2496,"['12_lag_traIFC', '5_lag_14_median_nppc3SSTjfm', '17_lag_traBO', '5_lag_15_median_gyreSSTjfm', '5_lag_20_median_mhfIP30', '5_lag_22_median_mhfATL60', '5_lag_16_median_traTLS', '5_lag_23_median_mhfATL60', '5_lag_8_median_traDP', '9_lag_nhSICjfm']","[2.351570794112721, 3.8856976911985814, 6.100355955740081, 0.07412280692004103, 0.1538369485595954, 4.215701754975489, 0.1403015943070791, 8.427419516867218, 4.139289281216875, 1.5108824261636773]","12_lag_traIFC, 5_lag_14_median_nppc3SSTjfm, 17_lag_traBO, 5_lag_15_median_gyreSSTjfm, 5_lag_20_median_mhfIP30, 5_lag_22_median_mhfATL60, 5_lag_16_median_traTLS, 5_lag_23_median_mhfATL60, 5_lag_8_median_traDP, 9_lag_nhSICjfm_2496_5"
LRforcedPSO,11,10,traBS,picntrl,1525.5,2050.5,0.6,26,6,6,19.16992988434303,0.03494487966681978,2496,"['15_lag_samPSLann', '6_lag_8_median_atlSICsep', '6_lag_18_median_stratZ50ndj04', '6_lag_8_median_samPSLann', '6_lag_17_median_amo2', '6_lag_17_median_gyreSSTjfm', '6_lag_16_median_mhfATL60', '9_lag_wnorPRjfm', '17_lag_nhSICjfm', '10_lag_traTLS']","[5.300251852318816, 7.955762329499471, 4.861826727648674, 0.2587584504586271, 4.464568500511521, 0.2727891890942775, 1.8509709622128838, 2.77825487673125, 4.315723817972515, 4.610769289803804]","15_lag_samPSLann, 6_lag_8_median_atlSICsep, 6_lag_18_median_stratZ50ndj04, 6_lag_8_median_samPSLann, 6_lag_17_median_amo2, 6_lag_17_median_gyreSSTjfm, 6_lag_16_median_mhfATL60, 9_lag_wnorPRjfm, 17_lag_nhSICjfm, 10_lag_traTLS_2496_6"
LRforcedPSO,12,10,traBS,picntrl,1526.5,2050.5,0.6,27,7,7,16.180345844813637,-0.03967177956554034,2496,"['7_lag_18_median_stratZ50ndj03', '14_lag_pdoSSTjfm', '19_lag_eapPSLjfm', '8_lag_atlSICsep', '21_lag_mhfATL60', '7_lag_20_median_mhfATL45', '7_lag_26_median_traCA', '7_lag_11_median_traBO', '18_lag_nppc2SSTjfm', '7_lag_8_median_cetTSjfm']","[4.8231381336390715, 1.401004331744689, 2.36924172737638, 3.132762739171035, 2.6927553118816565, 3.600734030513186, 0.025110766980310117, 7.291438249417633, 4.781326779134751, 1.4419001399898974]","7_lag_18_median_stratZ50ndj03, 14_lag_pdoSSTjfm, 19_lag_eapPSLjfm, 8_lag_atlSICsep, 21_lag_mhfATL60, 7_lag_20_median_mhfATL45, 7_lag_26_median_traCA, 7_lag_11_median_traBO, 18_lag_nppc2SSTjfm, 7_lag_8_median_cetTSjfm_2496_7"
LRforcedPSO,13,10,traBS,picntrl,1527.5,2050.5,0.6,28,8,8,15.748712726342823,0.05607310579710239,2496,"['8_lag_9_median_wnorPRjfm', '18_lag_labSSTjfm', '19_lag_gyreSSTjfm', '17_lag_glTSjfm', '8_lag_11_median_shTSjfm', '21_lag_seurTSjfm', '20_lag_mhfATL30', '26_lag_alpi', '24_lag_nppc3SSTjfm', '8_lag_11_median_samPSLann']","[5.383768077362278, 3.9856577243922064, 2.693238346174976, 1.600864065609242, 2.292962791247839, 1.9202113727682253, 5.740157886624255, 1.6573965441501404, 0.9389438076088119, 7.374711853042832]","8_lag_9_median_wnorPRjfm, 18_lag_labSSTjfm, 19_lag_gyreSSTjfm, 17_lag_glTSjfm, 8_lag_11_median_shTSjfm, 21_lag_seurTSjfm, 20_lag_mhfATL30, 26_lag_alpi, 24_lag_nppc3SSTjfm, 8_lag_11_median_samPSLann_2496_8"
LRforcedPSO,14,10,traBS,picntrl,1528.5,2050.5,0.6,29,9,9,17.444129972680656,0.0009023936837227874,2496,"['9_lag_12_median_traWP', '16_lag_nhTSjfm', '20_lag_eapPSLjfm', '9_lag_13_median_stratZ50ndj02', '9_lag_26_median_atlSICsep', '9_lag_25_median_nhSICsep', '17_lag_traWP', '9_lag_17_median_tripol2', '18_lag_seurTSjfm', '9_lag_27_median_traFS']","[3.1824404890019586, 6.623826288587368, 3.4068151100414994, 1.2381023866904268, 1.20207306157425, 3.8136333522933903, 1.2251333820618004, 7.373774748074709, 0.6995843125870209, 6.367503957872726]","9_lag_12_median_traWP, 16_lag_nhTSjfm, 20_lag_eapPSLjfm, 9_lag_13_median_stratZ50ndj02, 9_lag_26_median_atlSICsep, 9_lag_25_median_nhSICsep, 17_lag_traWP, 9_lag_17_median_tripol2, 18_lag_seurTSjfm, 9_lag_27_median_traFS_2496_9"
LRforcedPSO,15,10,traBS,picntrl,1529.5,2050.5,0.6,30,10,10,16.718054509084762,-0.05726938776402568,2496,"['10_lag_21_median_nhTSjfm', '17_lag_glTSjfm', '21_lag_traEC', '10_lag_20_median_AMOCann', '15_lag_traIFC', '10_lag_29_median_traFB', '10_lag_28_median_stratZ50ndj02', '10_lag_15_median_cetTSjfm', '11_lag_ginwSSTjfm', '10_lag_stratZ50ndj01']","[3.6518178252268036, 5.200469222558661, 5.115732640658946, 5.944507810466362, 2.2047961378395655, 4.781075225098956, 0.75765766505085, 0.6340678033540552, 1.9850463320517306, 1.1090920395396093]","10_lag_21_median_nhTSjfm, 17_lag_glTSjfm, 21_lag_traEC, 10_lag_20_median_AMOCann, 15_lag_traIFC, 10_lag_29_median_traFB, 10_lag_28_median_stratZ50ndj02, 10_lag_15_median_cetTSjfm, 11_lag_ginwSSTjfm, 10_lag_stratZ50ndj01_2496_10"
LRforcedPSO,16,10,traBS,picntrl,1530.5,2050.5,0.6,31,11,11,15.912192572517345,-0.04682913655378197,2496,"['11_lag_24_median_nppc3SSTjfm', '17_lag_nchinaPRjja', '11_lag_19_median_alpi', '11_lag_27_median_stratZ50ndj03', '29_lag_tripol3', '11_lag_25_median_pdoSSTjfm', '12_lag_yrvPRjja', '14_lag_amo3', '13_lag_traIT', '26_lag_samPSLann']","[3.7121199584534565, 2.7668859034428444, 3.11326612825944, 2.0265213038471295, 2.2934928866098545, 3.6914001364478466, 5.291408433831062, 3.0916171560272527, 0.41820180510436344, 6.58339793259854]","11_lag_24_median_nppc3SSTjfm, 17_lag_nchinaPRjja, 11_lag_19_median_alpi, 11_lag_27_median_stratZ50ndj03, 29_lag_tripol3, 11_lag_25_median_pdoSSTjfm, 12_lag_yrvPRjja, 14_lag_amo3, 13_lag_traIT, 26_lag_samPSLann_2496_11"
LRforcedPSO,17,10,traBS,picntrl,1531.5,2050.5,0.6,32,12,12,14.805015499272782,0.052661451156317984,2496,"['12_lag_21_median_ginwSSTjfm', '14_lag_scpPSLjfm', '25_lag_seurTSjfm', '12_lag_24_median_amo2', '26_lag_traFB', '17_lag_glomaSSTjfm', '27_lag_traBO', '18_lag_traBO', '20_lag_nhSICjfm', '21_lag_cetTSjfm']","[1.6007624199615744, 0.05794945382618444, 3.2753406367772886, 0.0074258310424184515, 0.30166773612918085, 3.4827873305703925, 0.6683055517123435, 2.7868398672347645, 5.74902947799198, 1.7558865739440304]","12_lag_21_median_ginwSSTjfm, 14_lag_scpPSLjfm, 25_lag_seurTSjfm, 12_lag_24_median_amo2, 26_lag_traFB, 17_lag_glomaSSTjfm, 27_lag_traBO, 18_lag_traBO, 20_lag_nhSICjfm, 21_lag_cetTSjfm_2496_12"
LRforcedPSO,18,10,traBS,picntrl,1532.5,2050.5,0.6,33,13,13,14.381179062379347,0.15641937856197416,2496,"['13_lag_19_median_atlSICjfm', '17_lag_ormenSSTjfm', '13_lag_17_median_shTSjfm', '13_lag_28_median_stratZ50ndj01', '13_lag_15_median_tripol2', '13_lag_16_median_mhfIP30', '21_lag_yrvPRjja', '13_lag_29_median_arcTSjfm', '13_lag_26_median_stratZ50ndj01', '13_lag_25_median_atlSICjfm']","[4.697221957989793, 3.0385922912337993, 2.191930192346831, 5.695818005997712, 4.64865976400861, 2.83874674960344, 2.622531405860034, 3.184173339906984, 2.584089699891541, 0.6538388713752123]","13_lag_19_median_atlSICjfm, 17_lag_ormenSSTjfm, 13_lag_17_median_shTSjfm, 13_lag_28_median_stratZ50ndj01, 13_lag_15_median_tripol2, 13_lag_16_median_mhfIP30, 21_lag_yrvPRjja, 13_lag_29_median_arcTSjfm, 13_lag_26_median_stratZ50ndj01, 13_lag_25_median_atlSICjfm_2496_13"
LRforcedPSO,19,10,traBS,picntrl,1533.5,2050.5,0.6,34,14,14,16.835277273116535,0.015408010393068631,2496,"['18_lag_scpPSLjfm', '14_lag_16_median_seurTSjfm', '14_lag_26_median_nhTSjfm', '14_lag_20_median_traTLS', '26_lag_tripol1', '22_lag_ensoSSTjfm', '14_lag_17_median_stratZ50ndj04', '28_lag_mhfIP30', '14_lag_25_median_ensoSSTjfm', '14_lag_31_median_traTLS']","[5.104845694919518, 5.589212936689217, 1.5574090949570838, 3.9977915982314105, 8.698684878484467, 2.966348075401399, 3.2984829622213923, 1.3386516833430093, 3.921965065515436, 1.4533767984032213]","18_lag_scpPSLjfm, 14_lag_16_median_seurTSjfm, 14_lag_26_median_nhTSjfm, 14_lag_20_median_traTLS, 26_lag_tripol1, 22_lag_ensoSSTjfm, 14_lag_17_median_stratZ50ndj04, 28_lag_mhfIP30, 14_lag_25_median_ensoSSTjfm, 14_lag_31_median_traTLS_2496_14"
LRforcedPSO,20,10,traBS,picntrl,1534.5,2050.5,0.6,35,15,15,16.296824200100307,-0.050848903164706694,2496,"['25_lag_atlSICsep', '15_lag_32_median_nppc2SSTjfm', '15_lag_28_median_traFSC', '20_lag_nhTSjfm', '15_lag_21_median_AMOCann', '27_lag_shSICsep', '18_lag_scpPSLjfm', '26_lag_alpi', '15_lag_31_median_gyreSSTjfm', '15_lag_32_median_traCA']","[2.8334028316088027, 3.3916286386610146, 8.809565962063889, 3.4375656968211405, 1.6008029041540581, 2.9550174888676644, 3.2902828077744717, 1.7667525792046774, 8.312508820140842, 4.153781696022056]","25_lag_atlSICsep, 15_lag_32_median_nppc2SSTjfm, 15_lag_28_median_traFSC, 20_lag_nhTSjfm, 15_lag_21_median_AMOCann, 27_lag_shSICsep, 18_lag_scpPSLjfm, 26_lag_alpi, 15_lag_31_median_gyreSSTjfm, 15_lag_32_median_traCA_2496_15"
LRforcedPSO,21,10,traBS,picntrl,1535.5,2050.5,0.6,36,16,16,17.79196579550846,0.047901599860905225,2496,"['16_lag_31_median_traBS', '29_lag_scpPSLjfm', '34_lag_nchinaPRjja', '16_lag_22_median_traWP', '16_lag_22_median_mhfATL60', '16_lag_30_median_seurTSjfm', '16_lag_31_median_stratZ50ndj04', '16_lag_27_median_traFB', '35_lag_traDP', '16_lag_eurPSLjfm']","[2.7506491358126794, 0.20623654874012232, 4.538811714699287, 2.0252995576019073, 0.11817738449943782, 0.37164055097644777, 9.34709977036076, 1.64014938988036, 5.6292375451030185, 1.0750469229127546]","16_lag_31_median_traBS, 29_lag_scpPSLjfm, 34_lag_nchinaPRjja, 16_lag_22_median_traWP, 16_lag_22_median_mhfATL60, 16_lag_30_median_seurTSjfm, 16_lag_31_median_stratZ50ndj04, 16_lag_27_median_traFB, 35_lag_traDP, 16_lag_eurPSLjfm_2496_16"
LRforcedPSO,22,10,traBS,picntrl,1536.5,2050.5,0.6,37,17,17,15.865377734686101,-0.0666135432622237,2496,"['29_lag_traEC', '29_lag_labSSTjfm', '17_lag_29_median_traIFC', '17_lag_29_median_traEC', '33_lag_mhfATL45', '21_lag_amoSSTmjjaso', '22_lag_glTSjfm', '17_lag_26_median_traTLS', '29_lag_alpi', '17_lag_33_median_ginwSSTjfm']","[3.4958581383379217, 0.8935339599519221, 1.9931452089158341, 1.665087522505793, 0.8614016205623578, 3.2825046218545584, 0.38218542344179696, 0.4614178466697858, 7.193084010653372, 1.313765398593489]","29_lag_traEC, 29_lag_labSSTjfm, 17_lag_29_median_traIFC, 17_lag_29_median_traEC, 33_lag_mhfATL45, 21_lag_amoSSTmjjaso, 22_lag_glTSjfm, 17_lag_26_median_traTLS, 29_lag_alpi, 17_lag_33_median_ginwSSTjfm_2496_17"
LRforcedPSO,23,10,traBS,picntrl,1537.5,2050.5,0.6,38,18,18,15.090032974722044,0.12607783859084187,2496,"['18_lag_25_median_atlSICsep', '18_lag_traTLS', '37_lag_traFS', '28_lag_stratZ50ndj01', '18_lag_34_median_glomaSSTjfm', '18_lag_24_median_traFSC', '18_lag_25_median_amo3', '18_lag_20_median_nppc3SSTjfm', '20_lag_traBO', '31_lag_labSSTjfm']","[3.2802308688253934, 5.70829300130111, 3.218921261578089, 3.040385043931721, 1.4771934485069131, 6.312062414394997, 2.947833276436878, 0.2791777109762439, 0.6399212590287746, 3.765334252799473]","18_lag_25_median_atlSICsep, 18_lag_traTLS, 37_lag_traFS, 28_lag_stratZ50ndj01, 18_lag_34_median_glomaSSTjfm, 18_lag_24_median_traFSC, 18_lag_25_median_amo3, 18_lag_20_median_nppc3SSTjfm, 20_lag_traBO, 31_lag_labSSTjfm_2496_18"
LRforcedPSO,24,10,traBS,picntrl,1538.5,2050.5,0.6,39,19,19,15.318267261452808,0.11838381778365221,2496,"['19_lag_24_median_labSSTjfm', '19_lag_22_median_amoSSTmjjaso', '29_lag_mhfATL60', '21_lag_stratZ50ndj02', '19_lag_32_median_nhSICjfm', '19_lag_25_median_amo2', '19_lag_25_median_glomaSSTjfm', '19_lag_26_median_wnorPRjfm', '22_lag_traFB', '25_lag_traFS']","[0.869734782060954, 2.745537648450034, 3.631362415083224, 3.6998334430013475, 0.20508465885785654, 4.504491439717972, 0.1383770036296479, 0.16390841906724063, 2.5282181959774768, 3.5641034543377064]","19_lag_24_median_labSSTjfm, 19_lag_22_median_amoSSTmjjaso, 29_lag_mhfATL60, 21_lag_stratZ50ndj02, 19_lag_32_median_nhSICjfm, 19_lag_25_median_amo2, 19_lag_25_median_glomaSSTjfm, 19_lag_26_median_wnorPRjfm, 22_lag_traFB, 25_lag_traFS_2496_19"
LRforcedPSO,25,10,traBS,picntrl,1539.5,2050.5,0.6,40,20,20,15.699256183163149,-0.002718498183156893,2496,"['20_lag_23_median_stratZ50ndj03', '37_lag_arcTSjfm', '24_lag_traFSC', '20_lag_28_median_arcTSjfm', '31_lag_traFB', '35_lag_ensoSSTjfm', '20_lag_28_median_mhfATL60', '20_lag_24_median_nppc2SSTjfm', '20_lag_22_median_traBS', '20_lag_38_median_stratZ50ndj02']","[5.151396204877711, 2.9034768267624127, 5.412078671979232, 1.756658878963096, 0.9316392665601203, 2.9638373598546615, 1.651274141914886, 3.0904733104135484, 2.352663125286206, 2.6105569592287203]","20_lag_23_median_stratZ50ndj03, 37_lag_arcTSjfm, 24_lag_traFSC, 20_lag_28_median_arcTSjfm, 31_lag_traFB, 35_lag_ensoSSTjfm, 20_lag_28_median_mhfATL60, 20_lag_24_median_nppc2SSTjfm, 20_lag_22_median_traBS, 20_lag_38_median_stratZ50ndj02_2496_20"
LRforcedPSO,26,10,traBS,picntrl,1540.5,2050.5,0.6,41,21,21,15.777861763106555,-0.011353453177486844,2496,"['21_lag_31_median_amo3', '30_lag_tripol2', '36_lag_cetTSjfm', '24_lag_glTSjfm', '33_lag_nppc2SSTjfm', '21_lag_27_median_shTSjfm', '35_lag_eurPSLjfm', '21_lag_23_median_stratZ50ndj03', '26_lag_stratZ50ndj02', '21_lag_24_median_ismPRjja']","[0.45554467586338276, 5.206114705705209, 2.0716626987619424, 4.724319528948673, 3.769751029233954, 1.137786033487938, 4.0476396642395525, 3.6941745067553438, 2.772472322766621, 1.8578962696273074]","21_lag_31_median_amo3, 30_lag_tripol2, 36_lag_cetTSjfm, 24_lag_glTSjfm, 33_lag_nppc2SSTjfm, 21_lag_27_median_shTSjfm, 35_lag_eurPSLjfm, 21_lag_23_median_stratZ50ndj03, 26_lag_stratZ50ndj02, 21_lag_24_median_ismPRjja_2496_21"
LRforcedPSO,27,10,traBS,picntrl,1541.5,2050.5,0.6,42,22,22,16.162779890570405,-0.027068604132272106,2496,"['22_lag_31_median_gyreSSTjfm', '22_lag_29_median_amo2', '35_lag_traFSC', '39_lag_traDS', '22_lag_40_median_shSICmar', '35_lag_gyreSSTjfm', '31_lag_naoPSLjfm', '22_lag_34_median_traEU', '22_lag_36_median_naoPSLjfm', '41_lag_traDS']","[1.6826683743392739, 2.085672937657545, 2.1622160797211283, 0.4884128926112723, 2.290606961504217, 2.6880038771953156, 6.5428422811220734, 5.885711722130635, 2.7595531418867996, 4.2510336562405415]","22_lag_31_median_gyreSSTjfm, 22_lag_29_median_amo2, 35_lag_traFSC, 39_lag_traDS, 22_lag_40_median_shSICmar, 35_lag_gyreSSTjfm, 31_lag_naoPSLjfm, 22_lag_34_median_traEU, 22_lag_36_median_naoPSLjfm, 41_lag_traDS_2496_22"
LRforcedPSO,28,10,traBS,picntrl,1542.5,2050.5,0.6,43,23,23,16.62162373250065,-0.07385221171821293,2496,"['39_lag_stratZ50ndj02', '37_lag_traEU', '23_lag_34_median_traMC', '23_lag_25_median_yrvPRjja', '23_lag_37_median_neurTSjfm', '38_lag_mhfIP30', '28_lag_nppc2SSTjfm', '23_lag_28_median_stratZ50ndj01', '23_lag_25_median_ginwSSTjfm', '26_lag_mhfIP30']","[5.071897683893594, 0.12374846559038488, 0.9952718096187461, 4.123932448270589, 5.489024890858623, 4.3816166756747315, 1.6342949521962993, 4.3255847896252355, 0.8742508412184371, 3.901199685757909]","39_lag_stratZ50ndj02, 37_lag_traEU, 23_lag_34_median_traMC, 23_lag_25_median_yrvPRjja, 23_lag_37_median_neurTSjfm, 38_lag_mhfIP30, 28_lag_nppc2SSTjfm, 23_lag_28_median_stratZ50ndj01, 23_lag_25_median_ginwSSTjfm, 26_lag_mhfIP30_2496_23"
LRforcedPSO,29,10,traBS,picntrl,1543.5,2050.5,0.6,44,24,24,16.792327890477363,0.010276642613595361,2496,"['24_lag_34_median_wnorPRjfm', '24_lag_26_median_stratZ50ndj02', '24_lag_29_median_seurTSjfm', '24_lag_34_median_arcTSjfm', '24_lag_39_median_AMOCann', '24_lag_41_median_gyreSSTjfm', '30_lag_pdoSSTjfm', '30_lag_traEU', '24_lag_ismPRjja', '24_lag_43_median_stratZ50ndj01']","[4.082179685356881, 0.06340609302082001, 4.235537335807123, 3.0877867552931004, 3.7601099859553155, 7.106586647039821, 5.159027786480765, 1.6493783398566038, 5.895215835497103, 0.4516040058843487]","24_lag_34_median_wnorPRjfm, 24_lag_26_median_stratZ50ndj02, 24_lag_29_median_seurTSjfm, 24_lag_34_median_arcTSjfm, 24_lag_39_median_AMOCann, 24_lag_41_median_gyreSSTjfm, 30_lag_pdoSSTjfm, 30_lag_traEU, 24_lag_ismPRjja, 24_lag_43_median_stratZ50ndj01_2496_24"
LRforcedPSO,30,10,traBS,picntrl,1544.5,2050.5,0.6,45,25,25,18.724183012251878,0.04999800679732457,2496,"['25_lag_41_median_ginwSSTjfm', '25_lag_29_median_traFSC', '25_lag_38_median_scpPSLjfm', '25_lag_32_median_samPSLann', '37_lag_nppc2SSTjfm', '25_lag_41_median_nhSICsep', '39_lag_traIFC', '25_lag_33_median_glomaSSTjfm', '43_lag_traMC', '25_lag_26_median_wnorPRjfm']","[4.040443903963203, 2.554432965938796, 2.452377987250893, 9.906193579961315, 1.7625152676000049, 5.528142554115187, 1.404540705800903, 0.2537348805640285, 3.901594525732728, 0.4307354648391488]","25_lag_41_median_ginwSSTjfm, 25_lag_29_median_traFSC, 25_lag_38_median_scpPSLjfm, 25_lag_32_median_samPSLann, 37_lag_nppc2SSTjfm, 25_lag_41_median_nhSICsep, 39_lag_traIFC, 25_lag_33_median_glomaSSTjfm, 43_lag_traMC, 25_lag_26_median_wnorPRjfm_2496_25"
LRforcedPSO,31,10,traBS,picntrl,1545.5,2050.5,0.6,46,26,26,15.727728892453392,-0.04268018778135959,2496,"['43_lag_traMC', '26_lag_28_median_nhSICjfm', '26_lag_nchinaPRjja', '44_lag_tripol1', '31_lag_traBS', '26_lag_31_median_traDS', '41_lag_amo2', '26_lag_34_median_neurTSjfm', '35_lag_tripol2', '41_lag_stratZ50ndj03']","[3.6590178003501492, 3.819238697710311, 0.7430911422624114, 0.33282899003443056, 4.9809317511237765, 5.13858790995525, 2.952888700277059, 2.1801664141443595, 4.135622801086736, 0.005499485650371838]","43_lag_traMC, 26_lag_28_median_nhSICjfm, 26_lag_nchinaPRjja, 44_lag_tripol1, 31_lag_traBS, 26_lag_31_median_traDS, 41_lag_amo2, 26_lag_34_median_neurTSjfm, 35_lag_tripol2, 41_lag_stratZ50ndj03_2496_26"
LRforcedPSO,32,10,traBS,picntrl,1546.5,2050.5,0.6,47,27,27,15.377338149814097,0.11367899920034559,2496,"['27_lag_39_median_pdoSSTjfm', '46_lag_seurTSjfm', '29_lag_satlSSTjfm', '33_lag_amoSSTmjjaso', '27_lag_45_median_traDS', '45_lag_nppc3SSTjfm', '27_lag_tripol2', '42_lag_traTLS', '38_lag_glTSjfm', '27_lag_37_median_atlSICsep']","[5.359529143252269, 2.766427456359466, 6.024830782596943, 0.9122543087764825, 4.482296488141026, 3.9150284959105575, 4.197944694601379, 0.8109970522134518, 1.695955484249712, 5.567153384342369]","27_lag_39_median_pdoSSTjfm, 46_lag_seurTSjfm, 29_lag_satlSSTjfm, 33_lag_amoSSTmjjaso, 27_lag_45_median_traDS, 45_lag_nppc3SSTjfm, 27_lag_tripol2, 42_lag_traTLS, 38_lag_glTSjfm, 27_lag_37_median_atlSICsep_2496_27"
LRforcedPSO,33,10,traBS,picntrl,1547.5,2050.5,0.6,48,28,28,16.70383815966309,-0.08253697843110326,2496,"['43_lag_traBS', '28_lag_37_median_amoSSTmjjaso', '28_lag_29_median_traDP', '28_lag_38_median_amo3', '28_lag_42_median_traIT', '28_lag_42_median_nhTSjfm', '28_lag_29_median_shSICmar', '30_lag_traIT', '28_lag_29_median_amoSSTmjjaso', '28_lag_31_median_cetTSjfm']","[0.052837284747093705, 5.0055705733713785, 3.8851307925391616, 2.5183448291214496, 2.7960946654007266, 1.9900904890484679, 3.0091720561301694, 5.243898897086168, 4.863995253400648, 0.09774256228128841]","43_lag_traBS, 28_lag_37_median_amoSSTmjjaso, 28_lag_29_median_traDP, 28_lag_38_median_amo3, 28_lag_42_median_traIT, 28_lag_42_median_nhTSjfm, 28_lag_29_median_shSICmar, 30_lag_traIT, 28_lag_29_median_amoSSTmjjaso, 28_lag_31_median_cetTSjfm_2496_28"
LRforcedPSO,34,10,traBS,picntrl,1548.5,2050.5,0.6,49,29,29,18.649176656194797,-0.10541816742810754,2496,"['29_lag_46_median_scpPSLjfm', '29_lag_44_median_ismPRjja', '29_lag_42_median_pdoSSTjfm', '29_lag_48_median_nhSICjfm', '45_lag_stratZ50ndj01', '29_lag_30_median_arcTSjfm', '32_lag_eurPSLjfm', '29_lag_33_median_samPSLann', '29_lag_37_median_neurTSjfm', '32_lag_stratZ50ndj04']","[4.18750204917634, 7.559231214943367, 2.504949662015296, 5.840166094822656, 2.723542152471607, 0.7598128191540212, 5.750671601590758, 0.9310691198160885, 3.0241671909950334, 0.9363423520275571]","29_lag_46_median_scpPSLjfm, 29_lag_44_median_ismPRjja, 29_lag_42_median_pdoSSTjfm, 29_lag_48_median_nhSICjfm, 45_lag_stratZ50ndj01, 29_lag_30_median_arcTSjfm, 32_lag_eurPSLjfm, 29_lag_33_median_samPSLann, 29_lag_37_median_neurTSjfm, 32_lag_stratZ50ndj04_2496_29"
LRforcedPSO,35,10,traBS,picntrl,1549.5,2050.5,0.6,50,30,30,16.991969019432492,-0.08095188086569682,2496,"['32_lag_gyreSSTjfm', '38_lag_nhSICsep', '38_lag_glTSjfm', '30_lag_33_median_nhSICjfm', '30_lag_31_median_traFB', '31_lag_amo1', '30_lag_44_median_mhfATL60', '47_lag_shSICmar', '30_lag_43_median_traEC', '47_lag_nhSICjfm']","[3.68002868875098, 0.9442610696806142, 9.632750833136, 1.1687614357478502, 4.187359124590653, 2.218658271541054, 1.5167163352300257, 3.7966136882083212, 3.231015673891367, 2.4982170118802216]","32_lag_gyreSSTjfm, 38_lag_nhSICsep, 38_lag_glTSjfm, 30_lag_33_median_nhSICjfm, 30_lag_31_median_traFB, 31_lag_amo1, 30_lag_44_median_mhfATL60, 47_lag_shSICmar, 30_lag_43_median_traEC, 47_lag_nhSICjfm_2496_30"
LRforcedPSO,36,10,traBS,picntrl,1550.5,2050.5,0.6,51,31,31,16.205208786489774,-0.05963657100045575,2496,"['48_lag_nhSICjfm', '31_lag_35_median_traCA', '31_lag_49_median_stratZ50ndj01', '35_lag_nppc2SSTjfm', '31_lag_37_median_samPSLann', '35_lag_traWP', '38_lag_traEC', '39_lag_nchinaPRjja', '31_lag_45_median_naoPSLjfm', '31_lag_34_median_stratZ50ndj03']","[1.6569915632000605, 0.6596772853860955, 6.6488285932781785, 1.1384833468194806, 7.21949363324212, 0.4603865284366986, 3.9933980887538603, 2.813015511019481, 0.4601585593744151, 0.6735011646369067]","48_lag_nhSICjfm, 31_lag_35_median_traCA, 31_lag_49_median_stratZ50ndj01, 35_lag_nppc2SSTjfm, 31_lag_37_median_samPSLann, 35_lag_traWP, 38_lag_traEC, 39_lag_nchinaPRjja, 31_lag_45_median_naoPSLjfm, 31_lag_34_median_stratZ50ndj03_2496_31"
LRforcedPSO,37,10,traBS,picntrl,1551.5,2050.5,0.6,52,32,32,18.08879364928687,-0.11324685238005847,2496,"['32_lag_34_median_traFSC', '43_lag_mhfATL45', '32_lag_39_median_glomaSSTjfm', '32_lag_45_median_ginwSSTjfm', '51_lag_glTSjfm', '32_lag_49_median_traIT', '32_lag_34_median_eurPSLjfm', '48_lag_scpPSLjfm', '45_lag_tripol1', '32_lag_42_median_nhSICsep']","[2.94228839895188, 2.4430581585816142, 1.8124095934668532, 3.269261240279773, 0.9503959209757369, 3.6083225159585552, 7.426357625653065, 0.031684661535290815, 5.2033093414224645, 2.539007095161563]","32_lag_34_median_traFSC, 43_lag_mhfATL45, 32_lag_39_median_glomaSSTjfm, 32_lag_45_median_ginwSSTjfm, 51_lag_glTSjfm, 32_lag_49_median_traIT, 32_lag_34_median_eurPSLjfm, 48_lag_scpPSLjfm, 45_lag_tripol1, 32_lag_42_median_nhSICsep_2496_32"
LRforcedPSO,38,10,traBS,picntrl,1552.5,2050.5,0.6,53,33,33,14.497417481164675,0.1075649472617258,2496,"['33_lag_52_median_tripol1', '33_lag_atlSICjfm', '44_lag_alpi', '40_lag_nppc2SSTjfm', '33_lag_36_median_stratZ50ndj03', '33_lag_43_median_nhSICsep', '33_lag_43_median_yrvPRjja', '37_lag_AMOCann', '33_lag_52_median_traCA', '39_lag_traWP']","[0.2820383427257873, 2.936996805707107, 0.6415146947174186, 0.09171261575906797, 2.8793216701256874, 1.8835417720792442, 3.8496218260381614, 0.8388126043458399, 3.7025728292013094, 1.9426793275782366]","33_lag_52_median_tripol1, 33_lag_atlSICjfm, 44_lag_alpi, 40_lag_nppc2SSTjfm, 33_lag_36_median_stratZ50ndj03, 33_lag_43_median_nhSICsep, 33_lag_43_median_yrvPRjja, 37_lag_AMOCann, 33_lag_52_median_traCA, 39_lag_traWP_2496_33"
LRforcedPSO,39,10,traBS,picntrl,1553.5,2050.5,0.6,54,34,34,16.56447373843731,-0.04783967398487587,2496,"['34_lag_49_median_tripol2', '34_lag_49_median_mhfIP30', '34_lag_50_median_nppc2SSTjfm', '42_lag_naoPSLjfm', '45_lag_nppc2SSTjfm', '41_lag_labSSTjfm', '40_lag_stratZ50ndj04', '51_lag_amo2', '39_lag_AMOCann', '34_lag_48_median_nppc3SSTjfm']","[1.004450935921131, 8.208894943282925, 5.887995964959828, 1.6289561578752618, 0.9895847101470601, 0.8916521183036856, 0.21652092078531737, 3.881685064886227, 2.801865665276157, 0.7082317509715068]","34_lag_49_median_tripol2, 34_lag_49_median_mhfIP30, 34_lag_50_median_nppc2SSTjfm, 42_lag_naoPSLjfm, 45_lag_nppc2SSTjfm, 41_lag_labSSTjfm, 40_lag_stratZ50ndj04, 51_lag_amo2, 39_lag_AMOCann, 34_lag_48_median_nppc3SSTjfm_2496_34"
LRforcedPSO,40,10,traBS,picntrl,1554.5,2050.5,0.6,55,35,35,15.989116148715848,0.031977838975709154,2496,"['52_lag_traDP', '42_lag_mhfIP30', '54_lag_traDP', '39_lag_mhfATL30', '43_lag_AMOCann', '35_lag_37_median_traDS', '36_lag_stratZ50ndj03', '35_lag_48_median_satlSSTjfm', '49_lag_nhSICjfm', '35_lag_52_median_gyreSSTjfm']","[2.318629330879089, 0.2525729642282002, 6.921324827596333, 1.338201368949301, 1.4705628885834656, 0.47427318381794237, 2.8909553715794996, 6.411067515538232, 4.161249459116818, 2.5969862984943966]","52_lag_traDP, 42_lag_mhfIP30, 54_lag_traDP, 39_lag_mhfATL30, 43_lag_AMOCann, 35_lag_37_median_traDS, 36_lag_stratZ50ndj03, 35_lag_48_median_satlSSTjfm, 49_lag_nhSICjfm, 35_lag_52_median_gyreSSTjfm_2496_35"
LRforcedPSO,41,10,traBS,picntrl,1555.5,2050.5,0.6,56,36,36,15.116104443642747,0.04827987437851161,2496,"['36_lag_48_median_traEC', '49_lag_nppc2SSTjfm', '52_lag_nhSICsep', '54_lag_traBO', '43_lag_traDS', '36_lag_41_median_mhfIP30', '44_lag_nhSICsep', '36_lag_53_median_eapPSLjfm', '36_lag_39_median_labSSTjfm', '36_lag_41_median_stratZ50ndj02']","[4.460278429291749, 2.5241260578451836, 3.001353816369148, 2.2597258344839783, 3.1344469995459256, 2.367638388733086, 1.223887099604955, 6.4427529613060806, 2.0240970348975935, 3.856444833892178]","36_lag_48_median_traEC, 49_lag_nppc2SSTjfm, 52_lag_nhSICsep, 54_lag_traBO, 43_lag_traDS, 36_lag_41_median_mhfIP30, 44_lag_nhSICsep, 36_lag_53_median_eapPSLjfm, 36_lag_39_median_labSSTjfm, 36_lag_41_median_stratZ50ndj02_2496_36"
LRforcedPSO,42,10,traBS,picntrl,1556.5,2050.5,0.6,57,37,37,17.249912061417014,0.000761839808628267,2496,"['37_lag_38_median_nchinaPRjja', '46_lag_nchinaPRjja', '37_lag_labSSTjfm', '37_lag_44_median_stratZ50ndj03', '42_lag_traBO', '37_lag_55_median_stratZ50ndj03', '37_lag_42_median_ensoSSTjfm', '48_lag_stratZ50ndj03', '53_lag_amo1', '44_lag_stratZ50ndj02']","[1.2083860008512186, 2.825877421465009, 0.7760459624570153, 2.6973553941653012, 0.11770224820638475, 0.10575786958827749, 3.959227999225945, 1.9775190994613503, 6.170811324618356, 7.315203604586209]","37_lag_38_median_nchinaPRjja, 46_lag_nchinaPRjja, 37_lag_labSSTjfm, 37_lag_44_median_stratZ50ndj03, 42_lag_traBO, 37_lag_55_median_stratZ50ndj03, 37_lag_42_median_ensoSSTjfm, 48_lag_stratZ50ndj03, 53_lag_amo1, 44_lag_stratZ50ndj02_2496_37"
LRforcedPSO,43,10,traBS,picntrl,1557.5,2050.5,0.6,58,38,38,16.777366710567268,0.05721297361806205,2496,"['38_lag_43_median_traBO', '38_lag_45_median_traMC', '48_lag_mhfATL45', '44_lag_glTSjfm', '38_lag_56_median_ismPRjja', '38_lag_53_median_amoSSTmjjaso', '38_lag_tripol1', '47_lag_wnorPRjfm', '38_lag_52_median_gyreSSTjfm', '38_lag_48_median_alpi']","[5.768220999366099, 1.8060186627110948, 3.328186658942622, 1.982599083758183, 3.0924473460441693, 3.270500020923441, 9.259914884947523, 0.2362085076441538, 8.347306309896908, 1.6497901174762397]","38_lag_43_median_traBO, 38_lag_45_median_traMC, 48_lag_mhfATL45, 44_lag_glTSjfm, 38_lag_56_median_ismPRjja, 38_lag_53_median_amoSSTmjjaso, 38_lag_tripol1, 47_lag_wnorPRjfm, 38_lag_52_median_gyreSSTjfm, 38_lag_48_median_alpi_2496_38"
LRforcedPSO,44,10,traBS,picntrl,1558.5,2050.5,0.6,59,39,39,16.88357580062933,0.009537549571545047,2496,"['39_lag_56_median_arcTSjfm', '39_lag_54_median_nppc3SSTjfm', '39_lag_58_median_glomaSSTjfm', '56_lag_yrvPRjja', '39_lag_49_median_atlSICjfm', '46_lag_amo2', '39_lag_45_median_naoPSLjfm', '56_lag_amo1', '44_lag_naoPSLjfm', '39_lag_43_median_nhSICsep']","[4.4993741165947565, 5.550922349231831, 2.017370878298424, 0.5492520274552444, 4.2906612616028905, 1.9707925963311403, 6.483733115967251, 0.908509166575346, 2.772101188522454, 8.289177365149492]","39_lag_56_median_arcTSjfm, 39_lag_54_median_nppc3SSTjfm, 39_lag_58_median_glomaSSTjfm, 56_lag_yrvPRjja, 39_lag_49_median_atlSICjfm, 46_lag_amo2, 39_lag_45_median_naoPSLjfm, 56_lag_amo1, 44_lag_naoPSLjfm, 39_lag_43_median_nhSICsep_2496_39"
LRforcedPSO,45,10,traBS,picntrl,1559.5,2050.5,0.6,60,40,40,15.948552519502748,-0.056927889245501705,2496,"['42_lag_eapPSLjfm', '40_lag_56_median_mhfIP30', '40_lag_54_median_traIT', '59_lag_tripol2', '40_lag_52_median_nhSICjfm', '40_lag_49_median_mhfIP30', '47_lag_alpi', '59_lag_scpPSLjfm', '53_lag_gyreSSTjfm', '51_lag_traFB']","[1.3085767261685604, 9.152856821159343, 1.6096093309327166, 2.3547656908989048, 1.0986390600452385, 6.697142541761911, 0.6881556506259816, 0.08086476682958121, 3.917682173097461, 3.0239446991868686]","42_lag_eapPSLjfm, 40_lag_56_median_mhfIP30, 40_lag_54_median_traIT, 59_lag_tripol2, 40_lag_52_median_nhSICjfm, 40_lag_49_median_mhfIP30, 47_lag_alpi, 59_lag_scpPSLjfm, 53_lag_gyreSSTjfm, 51_lag_traFB_2496_40"
LRforcedPSO,46,10,traBS,picntrl,1560.5,2050.5,0.6,61,41,41,15.69057384617517,-0.05446513288973305,2496,"['41_lag_60_median_traBO', '41_lag_46_median_scpPSLjfm', '41_lag_44_median_mhfIP30', '51_lag_traBO', '41_lag_53_median_glTSjfm', '41_lag_58_median_tripol3', '51_lag_traDP', '46_lag_atlSICjfm', '50_lag_samPSLann', '43_lag_eapPSLjfm']","[2.302790196915316, 1.7629430632955838, 7.3065510312280075, 0.6820892381521393, 6.289427021481465, 1.432301451182882, 2.6856143593352026, 0.6924014290469582, 2.9725556866255367, 3.1360747167261955]","41_lag_60_median_traBO, 41_lag_46_median_scpPSLjfm, 41_lag_44_median_mhfIP30, 51_lag_traBO, 41_lag_53_median_glTSjfm, 41_lag_58_median_tripol3, 51_lag_traDP, 46_lag_atlSICjfm, 50_lag_samPSLann, 43_lag_eapPSLjfm_2496_41"
LRforcedPSO,47,10,traBS,picntrl,1561.5,2050.5,0.6,62,42,42,15.342973212868515,0.02066427558097026,2496,"['58_lag_traFSC', '52_lag_traDS', '42_lag_61_median_stratZ50ndj04', '42_lag_55_median_mhfIP30', '42_lag_56_median_atlSICsep', '51_lag_stratZ50ndj02', '54_lag_AMOCann', '42_lag_46_median_mhfATL60', '58_lag_tripol1', '45_lag_seurTSjfm']","[4.55416239326377, 0.7907620158010467, 1.7027493402469176, 2.113869287751605, 6.942070497302253, 2.8575399263723416, 0.8342025472348418, 2.410413227719083, 4.778830314354339, 1.4229864425539969]","58_lag_traFSC, 52_lag_traDS, 42_lag_61_median_stratZ50ndj04, 42_lag_55_median_mhfIP30, 42_lag_56_median_atlSICsep, 51_lag_stratZ50ndj02, 54_lag_AMOCann, 42_lag_46_median_mhfATL60, 58_lag_tripol1, 45_lag_seurTSjfm_2496_42"
LRforcedPSO,48,10,traBS,picntrl,1562.5,2050.5,0.6,63,43,43,18.232761265097636,-0.03990020712616635,2496,"['43_lag_56_median_arcTSjfm', '43_lag_46_median_mhfATL60', '43_lag_62_median_stratZ50ndj03', '43_lag_56_median_scpPSLjfm', '43_lag_50_median_naoPSLjfm', '43_lag_48_median_traMC', '51_lag_cetTSjfm', '43_lag_44_median_shSICmar', '50_lag_stratZ50ndj04', '51_lag_tripol1']","[6.649776941735954, 0.9980094391646759, 7.519115843723181, 1.6130717832057009, 2.109321062043726, 2.649353968068782, 2.607851233312587, 8.615037246234053, 0.9923219589358485, 0.0012855301129413021]","43_lag_56_median_arcTSjfm, 43_lag_46_median_mhfATL60, 43_lag_62_median_stratZ50ndj03, 43_lag_56_median_scpPSLjfm, 43_lag_50_median_naoPSLjfm, 43_lag_48_median_traMC, 51_lag_cetTSjfm, 43_lag_44_median_shSICmar, 50_lag_stratZ50ndj04, 51_lag_tripol1_2496_43"
LRforcedPSO,49,10,traBS,picntrl,1563.5,2050.5,0.6,64,44,44,15.545941212656416,-0.03348312030172375,2496,"['52_lag_scpPSLjfm', '44_lag_49_median_eapPSLjfm', '44_lag_45_median_ginwSSTjfm', '53_lag_alpi', '44_lag_56_median_satlSSTjfm', '44_lag_55_median_neurTSjfm', '47_lag_traTLS', '44_lag_47_median_glTSjfm', '44_lag_48_median_seurTSjfm', '47_lag_traEC']","[6.830981106707121, 1.6512259769846178, 1.7397672400126787, 0.5827186793817631, 4.812793422206383, 1.8273274239007513, 1.249085131150693, 4.223045740840314, 3.1152241734907378, 2.935771164282725]","52_lag_scpPSLjfm, 44_lag_49_median_eapPSLjfm, 44_lag_45_median_ginwSSTjfm, 53_lag_alpi, 44_lag_56_median_satlSSTjfm, 44_lag_55_median_neurTSjfm, 47_lag_traTLS, 44_lag_47_median_glTSjfm, 44_lag_48_median_seurTSjfm, 47_lag_traEC_2496_44"
LRforcedPSO,50,10,traBS,picntrl,1564.5,2050.5,0.6,65,45,45,16.088014618920145,-0.024249756320945188,2496,"['45_lag_48_median_arcTSjfm', '45_lag_62_median_mhfIP30', '47_lag_traBS', '64_lag_glomaSSTjfm', '45_lag_64_median_traFS', '45_lag_55_median_alpi', '52_lag_ensoSSTjfm', '45_lag_63_median_glTSjfm', '61_lag_nppc2SSTjfm', '45_lag_57_median_amo1']","[2.527215909218487, 3.9256255254072503, 3.054932419483471, 2.0813384764149934, 2.47498690527544, 6.155090183832719, 4.672254851137301, 2.037163534144417, 1.8799178580633562, 4.29727091656958]","45_lag_48_median_arcTSjfm, 45_lag_62_median_mhfIP30, 47_lag_traBS, 64_lag_glomaSSTjfm, 45_lag_64_median_traFS, 45_lag_55_median_alpi, 52_lag_ensoSSTjfm, 45_lag_63_median_glTSjfm, 61_lag_nppc2SSTjfm, 45_lag_57_median_amo1_2496_45"
LRforcedPSO,51,10,traBS,picntrl,1565.5,2050.5,0.6,66,46,46,15.393670955225533,0.1766947770491351,2496,"['49_lag_traEU', '53_lag_traIFC', '65_lag_nppc3SSTjfm', '50_lag_ensoSSTjfm', '46_lag_58_median_traEC', '46_lag_54_median_samPSLann', '56_lag_mhfATL30', '60_lag_traBS', '46_lag_48_median_traFB', '46_lag_61_median_traWP']","[0.7713514944670301, 9.168966275528547, 2.541457681651389, 1.2473950830642124, 3.5662344913085997, 0.5721088650103319, 0.7218839055248232, 1.7395771969359899, 6.359008465408866, 4.489938052007552]","49_lag_traEU, 53_lag_traIFC, 65_lag_nppc3SSTjfm, 50_lag_ensoSSTjfm, 46_lag_58_median_traEC, 46_lag_54_median_samPSLann, 56_lag_mhfATL30, 60_lag_traBS, 46_lag_48_median_traFB, 46_lag_61_median_traWP_2496_46"
LRforcedPSO,52,10,traBS,picntrl,1566.5,2050.5,0.6,67,47,47,16.60406339581664,0.03609546486441977,2496,"['47_lag_55_median_stratZ50ndj03', '53_lag_alpi', '53_lag_stratZ50ndj01', '47_lag_49_median_cetTSjfm', '62_lag_satlSSTjfm', '62_lag_nppc2SSTjfm', '47_lag_66_median_traDS', '52_lag_wnorPRjfm', '47_lag_62_median_atlSICsep', '47_lag_49_median_scpPSLjfm']","[2.204433871890439, 4.023500636691626, 0.69438888797694, 2.877100999978289, 2.572999938744389, 4.550561393160386, 2.3121304756447847, 1.374958144535448, 6.339173135227232, 3.021958324981595]","47_lag_55_median_stratZ50ndj03, 53_lag_alpi, 53_lag_stratZ50ndj01, 47_lag_49_median_cetTSjfm, 62_lag_satlSSTjfm, 62_lag_nppc2SSTjfm, 47_lag_66_median_traDS, 52_lag_wnorPRjfm, 47_lag_62_median_atlSICsep, 47_lag_49_median_scpPSLjfm_2496_47"
LRforcedPSO,53,10,traBS,picntrl,1567.5,2050.5,0.6,68,48,48,16.155553881210654,0.07724909348501627,2496,"['48_lag_60_median_cetTSjfm', '54_lag_mhfATL60', '48_lag_61_median_tripol2', '53_lag_labSSTjfm', '48_lag_64_median_stratZ50ndj01', '48_lag_57_median_nhSICsep', '62_lag_traBO', '58_lag_glomaSSTjfm', '52_lag_neurTSjfm', '48_lag_64_median_AMOCann']","[3.228575383077988, 0.3736849304873058, 5.235548386811612, 2.937561012378156, 2.5594589155798015, 4.13975574829009, 0.6303521369933485, 1.064192938111617, 2.673594372276482, 6.059726238953779]","48_lag_60_median_cetTSjfm, 54_lag_mhfATL60, 48_lag_61_median_tripol2, 53_lag_labSSTjfm, 48_lag_64_median_stratZ50ndj01, 48_lag_57_median_nhSICsep, 62_lag_traBO, 58_lag_glomaSSTjfm, 52_lag_neurTSjfm, 48_lag_64_median_AMOCann_2496_48"
LRforcedPSO,54,10,traBS,picntrl,1568.5,2050.5,0.6,69,49,49,15.773183749020232,-0.05380964560729906,2496,"['60_lag_stratZ50ndj02', '66_lag_stratZ50ndj04', '49_lag_61_median_traEU', '49_lag_52_median_shSICmar', '49_lag_52_median_traTLS', '50_lag_tripol1', '58_lag_wnorPRjfm', '52_lag_stratZ50ndj03', '54_lag_nhTSjfm', '49_lag_61_median_wnorPRjfm']","[3.1785125970748354, 0.2636468081339771, 0.056740552247289244, 5.3214980371181255, 4.342165251087305, 2.0204401123996885, 3.886456660661235, 3.141206246363386, 1.3332673583117725, 2.6585910838750593]","60_lag_stratZ50ndj02, 66_lag_stratZ50ndj04, 49_lag_61_median_traEU, 49_lag_52_median_shSICmar, 49_lag_52_median_traTLS, 50_lag_tripol1, 58_lag_wnorPRjfm, 52_lag_stratZ50ndj03, 54_lag_nhTSjfm, 49_lag_61_median_wnorPRjfm_2496_49"
LRforcedPSO,55,10,traBS,picntrl,1569.5,2050.5,0.6,70,50,50,16.042292947885777,0.06665375894355861,2496,"['50_lag_56_median_gyreSSTjfm', '65_lag_traFS', '59_lag_cetTSjfm', '50_lag_62_median_stratZ50ndj04', '54_lag_ormenSSTjfm', '50_lag_62_median_nhSICjfm', '50_lag_59_median_glomaSSTjfm', '50_lag_54_median_traMC', '65_lag_traEU', '67_lag_amoSSTmjjaso']","[1.0839101750239983, 4.332905918053465, 6.664005338970247, 4.116942858926961, 6.243448409756368, 3.7312313492227833, 1.486502391372822, 0.5752204747272067, 1.3326673466174697, 4.999261700025475]","50_lag_56_median_gyreSSTjfm, 65_lag_traFS, 59_lag_cetTSjfm, 50_lag_62_median_stratZ50ndj04, 54_lag_ormenSSTjfm, 50_lag_62_median_nhSICjfm, 50_lag_59_median_glomaSSTjfm, 50_lag_54_median_traMC, 65_lag_traEU, 67_lag_amoSSTmjjaso_2496_50"
LRforcedPSO,56,10,traBS,picntrl,1570.5,2050.5,0.6,71,51,51,17.6288949266146,-0.01293184286302831,2496,"['62_lag_mhfATL45', '51_lag_53_median_pdoSSTjfm', '51_lag_52_median_nppc3SSTjfm', '68_lag_nppc3SSTjfm', '54_lag_stratZ50ndj01', '51_lag_67_median_atlSICjfm', '69_lag_cetTSjfm', '51_lag_67_median_stratZ50ndj02', '51_lag_55_median_naoPSLjfm', '51_lag_57_median_yrvPRjja']","[3.121423630593892, 1.4348263037101834, 1.1839100916486132, 7.267638800850786, 5.586654459059566, 5.004646180760284, 2.360618789177204, 1.0886436334674254, 1.7908763888228503, 5.146981020876877]","62_lag_mhfATL45, 51_lag_53_median_pdoSSTjfm, 51_lag_52_median_nppc3SSTjfm, 68_lag_nppc3SSTjfm, 54_lag_stratZ50ndj01, 51_lag_67_median_atlSICjfm, 69_lag_cetTSjfm, 51_lag_67_median_stratZ50ndj02, 51_lag_55_median_naoPSLjfm, 51_lag_57_median_yrvPRjja_2496_51"
LRforcedPSO,57,10,traBS,picntrl,1571.5,2050.5,0.6,72,52,52,18.420016667547642,-0.021032225755745513,2496,"['62_lag_traDS', '52_lag_69_median_shSICsep', '57_lag_shTSjfm', '52_lag_67_median_cetTSjfm', '52_lag_58_median_eurPSLjfm', '52_lag_60_median_stratZ50ndj04', '52_lag_67_median_nppc2SSTjfm', '52_lag_66_median_arcTSjfm', '52_lag_61_median_traCA', '52_lag_54_median_traWP']","[0.49268538447121024, 6.889664797808928, 1.72322294562667, 3.732663372029843, 3.863528661379627, 6.636072132324188, 2.7026067599348425, 5.532142685684544, 4.930160060861959, 4.676260891574104]","62_lag_traDS, 52_lag_69_median_shSICsep, 57_lag_shTSjfm, 52_lag_67_median_cetTSjfm, 52_lag_58_median_eurPSLjfm, 52_lag_60_median_stratZ50ndj04, 52_lag_67_median_nppc2SSTjfm, 52_lag_66_median_arcTSjfm, 52_lag_61_median_traCA, 52_lag_54_median_traWP_2496_52"
LRforcedPSO,58,10,traBS,picntrl,1572.5,2050.5,0.6,73,53,53,16.083754990865213,0.04339482395282115,2496,"['53_lag_65_median_mhfATL60', '53_lag_66_median_atlSICjfm', '64_lag_traFB', '53_lag_63_median_glTSjfm', '53_lag_55_median_traMC', '53_lag_62_median_traFS', '62_lag_shSICmar', '71_lag_traFB', '67_lag_yrvPRjja', '53_lag_55_median_nhSICsep']","[7.799950171239127, 2.760241071588072, 6.060310262900256, 0.7345632437908556, 4.913038769367011, 0.0014707144779961823, 0.7546874525753076, 3.0885657863868143, 2.1619508972791017, 0.16088083086558314]","53_lag_65_median_mhfATL60, 53_lag_66_median_atlSICjfm, 64_lag_traFB, 53_lag_63_median_glTSjfm, 53_lag_55_median_traMC, 53_lag_62_median_traFS, 62_lag_shSICmar, 71_lag_traFB, 67_lag_yrvPRjja, 53_lag_55_median_nhSICsep_2496_53"
LRforcedPSO,59,10,traBS,picntrl,1573.5,2050.5,0.6,74,54,54,17.957616980590533,0.026886668052863404,2496,"['54_lag_60_median_yrvPRjja', '68_lag_ismPRjja', '67_lag_shSICsep', '54_lag_59_median_ismPRjja', '68_lag_traBO', '61_lag_mhfATL30', '58_lag_traBS', '57_lag_traMC', '54_lag_67_median_tripol1', '72_lag_mhfATL45']","[9.288339134373295, 1.9971533390169949, 2.678858905442212, 3.0708660269276677, 2.221573592924308, 1.5265272613103757, 4.655762415205899, 1.6041416342321568, 1.1736261150474867, 3.9050755945031863]","54_lag_60_median_yrvPRjja, 68_lag_ismPRjja, 67_lag_shSICsep, 54_lag_59_median_ismPRjja, 68_lag_traBO, 61_lag_mhfATL30, 58_lag_traBS, 57_lag_traMC, 54_lag_67_median_tripol1, 72_lag_mhfATL45_2496_54"
LRforcedPSO,60,10,traBS,picntrl,1574.5,2050.5,0.6,75,55,55,16.156902709746014,0.08776214002239864,2496,"['65_lag_wnorPRjfm', '55_lag_66_median_eurPSLjfm', '55_lag_70_median_traDP', '55_lag_68_median_amo3', '74_lag_stratZ50ndj02', '55_lag_67_median_traBS', '63_lag_shTSjfm', '74_lag_ensoSSTjfm', '55_lag_74_median_satlSSTjfm', '59_lag_traEU']","[2.7347461532617707, 1.2559837496558206, 2.8093518176692474, 1.5906843789251628, 5.643786697909764, 0.4035193208931567, 0.6251785322059078, 1.9985449436576879, 6.032970386754183, 2.7589857140610583]","65_lag_wnorPRjfm, 55_lag_66_median_eurPSLjfm, 55_lag_70_median_traDP, 55_lag_68_median_amo3, 74_lag_stratZ50ndj02, 55_lag_67_median_traBS, 63_lag_shTSjfm, 74_lag_ensoSSTjfm, 55_lag_74_median_satlSSTjfm, 59_lag_traEU_2496_55"
LRforcedPSO,61,10,traBS,picntrl,1575.5,2050.5,0.6,76,56,56,16.35331463663423,-0.015761572491601563,2496,"['56_lag_60_median_alpi', '56_lag_nhSICjfm', '66_lag_traFS', '56_lag_64_median_traTLS', '57_lag_traDS', '57_lag_traIT', '56_lag_72_median_shSICmar', '56_lag_61_median_yrvPRjja', '64_lag_scpPSLjfm', '65_lag_traEU']","[3.497622268475711, 1.8790885475240309, 2.4115650371734887, 1.0987640679933257, 3.6240310924684174, 0.4428135740425887, 2.6413897995085094, 1.0449939305986629, 8.62606518116652, 4.228591867254037]","56_lag_60_median_alpi, 56_lag_nhSICjfm, 66_lag_traFS, 56_lag_64_median_traTLS, 57_lag_traDS, 57_lag_traIT, 56_lag_72_median_shSICmar, 56_lag_61_median_yrvPRjja, 64_lag_scpPSLjfm, 65_lag_traEU_2496_56"
LRforcedPSO,62,10,traBS,picntrl,1576.5,2050.5,0.6,77,57,57,16.446918297178982,-0.004768499015571843,2496,"['65_lag_ginwSSTjfm', '64_lag_samPSLann', '57_lag_70_median_eurPSLjfm', '67_lag_mhfIP30', '57_lag_76_median_cetTSjfm', '57_lag_68_median_ormenSSTjfm', '57_lag_58_median_stratZ50ndj04', '57_lag_60_median_amo2', '57_lag_59_median_traTLS', '57_lag_67_median_atlSICjfm']","[0.2728670322229867, 0.7886281808257856, 1.4741264417044313, 2.86032224441022, 1.636542070397626, 0.497388391387922, 9.229851612476892, 6.225593335468961, 0.5905674835203847, 0.07306458900490931]","65_lag_ginwSSTjfm, 64_lag_samPSLann, 57_lag_70_median_eurPSLjfm, 67_lag_mhfIP30, 57_lag_76_median_cetTSjfm, 57_lag_68_median_ormenSSTjfm, 57_lag_58_median_stratZ50ndj04, 57_lag_60_median_amo2, 57_lag_59_median_traTLS, 57_lag_67_median_atlSICjfm_2496_57"
LRforcedPSO,63,10,traBS,picntrl,1577.5,2050.5,0.6,78,58,58,15.011781980511564,-0.0425769288912277,2496,"['58_lag_65_median_traBO', '71_lag_stratZ50ndj03', '62_lag_traDS', '63_lag_tripol1', '62_lag_mhfATL60', '58_lag_59_median_shTSjfm', '67_lag_atlSICsep', '58_lag_samPSLann', '58_lag_74_median_traFB', '74_lag_traDS']","[1.5859796740555527, 0.8187742329315473, 1.3498430745289784, 0.5544917508551546, 1.6360555930982752, 1.2858940246337465, 0.3872092183983824, 6.021424865353154, 2.020011486172903, 4.707254151571238]","58_lag_65_median_traBO, 71_lag_stratZ50ndj03, 62_lag_traDS, 63_lag_tripol1, 62_lag_mhfATL60, 58_lag_59_median_shTSjfm, 67_lag_atlSICsep, 58_lag_samPSLann, 58_lag_74_median_traFB, 74_lag_traDS_2496_58"
LRforcedPSO,64,10,traBS,picntrl,1578.5,2050.5,0.6,79,59,59,15.70200517089479,0.08240582480457434,2496,"['62_lag_tripol1', '78_lag_atlSICsep', '59_lag_78_median_cetTSjfm', '68_lag_nchinaPRjja', '59_lag_65_median_mhfATL30', '74_lag_mhfIP30', '69_lag_traFB', '68_lag_amo2', '59_lag_71_median_traTLS', '64_lag_cetTSjfm']","[1.0384136604214227, 3.888889033359291, 0.04090328143956157, 4.213103525477225, 6.181575907776857, 2.7106662880521633, 8.025755972950119, 3.0109664640419087, 2.8993111623654766, 3.7579864096673194]","62_lag_tripol1, 78_lag_atlSICsep, 59_lag_78_median_cetTSjfm, 68_lag_nchinaPRjja, 59_lag_65_median_mhfATL30, 74_lag_mhfIP30, 69_lag_traFB, 68_lag_amo2, 59_lag_71_median_traTLS, 64_lag_cetTSjfm_2496_59"
LRforcedPSO,65,10,traBS,picntrl,1579.5,2050.5,0.6,80,60,60,14.842249588997099,0.0969442975496949,2496,"['60_lag_63_median_traFS', '62_lag_samPSLann', '78_lag_ismPRjja', '73_lag_neurTSjfm', '70_lag_traEC', '75_lag_traTLS', '60_lag_75_median_traBO', '60_lag_75_median_pdoSSTjfm', '73_lag_traIT', '77_lag_pdoSSTjfm']","[3.500004164044748, 1.5704820411128235, 0.7719466434086257, 5.389462729198026, 3.05367616464242, 0.29685991674965173, 3.314423584131121, 2.554190935564229, 2.230549059399431, 1.2503178159958708]","60_lag_63_median_traFS, 62_lag_samPSLann, 78_lag_ismPRjja, 73_lag_neurTSjfm, 70_lag_traEC, 75_lag_traTLS, 60_lag_75_median_traBO, 60_lag_75_median_pdoSSTjfm, 73_lag_traIT, 77_lag_pdoSSTjfm_2496_60"
LRforcedPSO,66,10,traBS,picntrl,1580.5,2050.5,0.6,81,61,61,15.92978494398993,0.04300503635400947,2496,"['79_lag_traWP', '66_lag_mhfATL60', '61_lag_67_median_satlSSTjfm', '61_lag_62_median_atlSICjfm', '63_lag_stratZ50ndj03', '77_lag_traFS', '78_lag_traIT', '61_lag_68_median_scpPSLjfm', '70_lag_samPSLann', '78_lag_ismPRjja']","[0.036091712760722316, 3.7963300120538035, 1.2608433541373447, 4.72552267456339, 0.9557230211952845, 0.9032741341270949, 7.0309846833094785, 1.8997844637847798, 1.0049199173013363, 0.6081612225372659]","79_lag_traWP, 66_lag_mhfATL60, 61_lag_67_median_satlSSTjfm, 61_lag_62_median_atlSICjfm, 63_lag_stratZ50ndj03, 77_lag_traFS, 78_lag_traIT, 61_lag_68_median_scpPSLjfm, 70_lag_samPSLann, 78_lag_ismPRjja_2496_61"
LRforcedPSO,67,10,traBS,picntrl,1581.5,2050.5,0.6,82,62,62,18.368491989919097,-0.014695460380110938,2496,"['62_lag_72_median_tripol3', '62_lag_79_median_satlSSTjfm', '69_lag_traTLS', '62_lag_75_median_traBS', '62_lag_74_median_traFSC', '65_lag_nhTSjfm', '62_lag_75_median_amo1', '65_lag_glomaSSTjfm', '80_lag_traFS', '62_lag_65_median_alpi']","[1.3629803536055807, 3.9657373863346184, 4.831726590657164, 3.1703092147632717, 3.9862223954471787, 5.242742439205191, 7.677391575962581, 5.024340559124283, 3.5756139664338864, 3.4076757879107467]","62_lag_72_median_tripol3, 62_lag_79_median_satlSSTjfm, 69_lag_traTLS, 62_lag_75_median_traBS, 62_lag_74_median_traFSC, 65_lag_nhTSjfm, 62_lag_75_median_amo1, 65_lag_glomaSSTjfm, 80_lag_traFS, 62_lag_65_median_alpi_2496_62"
LRforcedPSO,68,10,traBS,picntrl,1582.5,2050.5,0.6,83,63,63,17.980837606386732,-0.0367539510163239,2496,"['63_lag_75_median_traBS', '63_lag_74_median_satlSSTjfm', '82_lag_traDS', '78_lag_traDS', '77_lag_amo3', '68_lag_naoPSLjfm', '78_lag_stratZ50ndj04', '72_lag_nhSICjfm', '70_lag_traFS', '63_lag_77_median_stratZ50ndj03']","[2.7836492008516416, 4.047587868350851, 2.8234589670472587, 5.968664848720364, 2.828564060612644, 2.1835719438782775, 0.5862594615573613, 1.60469859481079, 3.0249550518167645, 6.229721008527751]","63_lag_75_median_traBS, 63_lag_74_median_satlSSTjfm, 82_lag_traDS, 78_lag_traDS, 77_lag_amo3, 68_lag_naoPSLjfm, 78_lag_stratZ50ndj04, 72_lag_nhSICjfm, 70_lag_traFS, 63_lag_77_median_stratZ50ndj03_2496_63"
LRforcedPSO,69,10,traBS,picntrl,1583.5,2050.5,0.6,84,64,64,15.398292990265654,0.02797457429809265,2496,"['66_lag_traIT', '71_lag_eurPSLjfm', '64_lag_81_median_alpi', '72_lag_shSICmar', '64_lag_67_median_mhfIP30', '64_lag_72_median_nhSICsep', '66_lag_ormenSSTjfm', '64_lag_69_median_glTSjfm', '71_lag_samPSLann', '64_lag_66_median_ginwSSTjfm']","[3.0870657106872894, 6.279708030620139, 0.4190433458290048, 2.1814513055526064, 6.130933901026805, 1.1502323887194414, 0.7462557813215138, 3.9071753690809903, 1.0004787696054667, 0.11525935687215849]","66_lag_traIT, 71_lag_eurPSLjfm, 64_lag_81_median_alpi, 72_lag_shSICmar, 64_lag_67_median_mhfIP30, 64_lag_72_median_nhSICsep, 66_lag_ormenSSTjfm, 64_lag_69_median_glTSjfm, 71_lag_samPSLann, 64_lag_66_median_ginwSSTjfm_2496_64"
LRforcedPSO,70,10,traBS,picntrl,1584.5,2050.5,0.6,85,65,65,15.730868295653572,0.10094166161366183,2496,"['76_lag_shSICsep', '74_lag_neurTSjfm', '78_lag_traEC', '65_lag_72_median_nhTSjfm', '65_lag_71_median_ensoSSTjfm', '65_lag_75_median_ismPRjja', '67_lag_nppc3SSTjfm', '65_lag_76_median_traDP', '65_lag_67_median_tripol1', '68_lag_mhfATL30']","[1.0066166747008598, 2.6716601030714635, 5.504367601849365, 0.31919685430759515, 5.967999414301872, 8.633261729746934, 2.8574261963894685, 1.1124067775785313, 3.221921096391796, 1.6594327151584114]","76_lag_shSICsep, 74_lag_neurTSjfm, 78_lag_traEC, 65_lag_72_median_nhTSjfm, 65_lag_71_median_ensoSSTjfm, 65_lag_75_median_ismPRjja, 67_lag_nppc3SSTjfm, 65_lag_76_median_traDP, 65_lag_67_median_tripol1, 68_lag_mhfATL30_2496_65"
LRforcedPSO,71,10,traBS,picntrl,1585.5,2050.5,0.6,86,66,66,16.13031234078152,0.018746634778119747,2496,"['66_lag_satlSSTjfm', '75_lag_gyreSSTjfm', '84_lag_ensoSSTjfm', '75_lag_tripol3', '66_lag_85_median_traBO', '85_lag_alpi', '66_lag_traDS', '66_lag_83_median_traIFC', '66_lag_70_median_amo3', '69_lag_amo3']","[3.822401888364622, 3.987610547851091, 1.6421795273505762, 0.49110744884996116, 6.774972019464444, 2.551637952628118, 3.60564029997305, 3.065876029211532, 4.655152272655695, 1.35784051929293]","66_lag_satlSSTjfm, 75_lag_gyreSSTjfm, 84_lag_ensoSSTjfm, 75_lag_tripol3, 66_lag_85_median_traBO, 85_lag_alpi, 66_lag_traDS, 66_lag_83_median_traIFC, 66_lag_70_median_amo3, 69_lag_amo3_2496_66"
LRforcedPSO,72,10,traBS,picntrl,1586.5,2050.5,0.6,87,67,67,15.961303273245377,0.10001437927830709,2496,"['67_lag_80_median_traWP', '79_lag_shSICmar', '79_lag_neurTSjfm', '77_lag_traDS', '78_lag_wnorPRjfm', '80_lag_traWP', '79_lag_atlSICsep', '71_lag_amo3', '67_lag_83_median_traEC', '67_lag_73_median_nhSICjfm']","[7.305238116199395, 0.8048313204865654, 2.6172884798029505, 3.6628032326310382, 5.3273550142208, 2.8991341086243274, 3.9973907121516383, 0.12800435173727465, 4.673085812471907, 1.2865021059232955]","67_lag_80_median_traWP, 79_lag_shSICmar, 79_lag_neurTSjfm, 77_lag_traDS, 78_lag_wnorPRjfm, 80_lag_traWP, 79_lag_atlSICsep, 71_lag_amo3, 67_lag_83_median_traEC, 67_lag_73_median_nhSICjfm_2496_67"
LRforcedPSO,73,10,traBS,picntrl,1587.5,2050.5,0.6,88,68,68,14.168856189825302,0.17743393627910262,2496,"['68_lag_81_median_shSICmar', '68_lag_ensoSSTjfm', '68_lag_78_median_naoPSLjfm', '68_lag_85_median_seurTSjfm', '68_lag_82_median_traBS', '72_lag_stratZ50ndj02', '75_lag_nhSICsep', '82_lag_traWP', '77_lag_glomaSSTjfm', '75_lag_atlSICjfm']","[4.434797574626488, 2.5096620044130837, 1.0684090183065251, 0.7069809447831066, 1.4633820314531505, 1.3816769210804516, 1.6486958898971977, 3.898433259355418, 1.3816047021553892, 5.385218057027892]","68_lag_81_median_shSICmar, 68_lag_ensoSSTjfm, 68_lag_78_median_naoPSLjfm, 68_lag_85_median_seurTSjfm, 68_lag_82_median_traBS, 72_lag_stratZ50ndj02, 75_lag_nhSICsep, 82_lag_traWP, 77_lag_glomaSSTjfm, 75_lag_atlSICjfm_2496_68"
LRforcedPSO,74,10,traBS,picntrl,1588.5,2050.5,0.6,89,69,69,16.640248871076164,-0.07435893491797775,2496,"['79_lag_satlSSTjfm', '69_lag_72_median_scpPSLjfm', '69_lag_74_median_nhTSjfm', '70_lag_traFB', '70_lag_tripol2', '86_lag_nppc2SSTjfm', '79_lag_eapPSLjfm', '78_lag_atlSICsep', '69_lag_76_median_shSICsep', '75_lag_stratZ50ndj04']","[4.842488566429235, 3.8842312953263924, 7.050233952087201, 2.968774571265511, 4.2321775679337605, 1.1421152477061014, 1.190337688165993, 1.975170838488907, 2.1237773431731846, 5.029041871954609]","79_lag_satlSSTjfm, 69_lag_72_median_scpPSLjfm, 69_lag_74_median_nhTSjfm, 70_lag_traFB, 70_lag_tripol2, 86_lag_nppc2SSTjfm, 79_lag_eapPSLjfm, 78_lag_atlSICsep, 69_lag_76_median_shSICsep, 75_lag_stratZ50ndj04_2496_69"
LRforcedPSO,75,10,traBS,picntrl,1589.5,2050.5,0.6,90,70,70,16.311455074551436,0.0389709553728477,2496,"['74_lag_traDS', '70_lag_76_median_scpPSLjfm', '72_lag_cetTSjfm', '70_lag_88_median_tripol2', '89_lag_traMC', '88_lag_stratZ50ndj03', '70_lag_86_median_ginwSSTjfm', '70_lag_88_median_mhfATL60', '70_lag_89_median_traIFC', '70_lag_86_median_atlSICsep']","[3.0616419686521557, 6.40712891869379, 5.944261845251521, 4.407682655674845, 0.4350307889125631, 1.8325715033726908, 7.57467317305315, 0.6315498687532983, 3.7325119748647655, 5.598450924654328]","74_lag_traDS, 70_lag_76_median_scpPSLjfm, 72_lag_cetTSjfm, 70_lag_88_median_tripol2, 89_lag_traMC, 88_lag_stratZ50ndj03, 70_lag_86_median_ginwSSTjfm, 70_lag_88_median_mhfATL60, 70_lag_89_median_traIFC, 70_lag_86_median_atlSICsep_2496_70"
LRforcedPSO,76,10,traBS,picntrl,1590.5,2050.5,0.6,91,71,71,14.905189432400718,-0.04798567357216186,2496,"['71_lag_74_median_stratZ50ndj03', '71_lag_83_median_gyreSSTjfm', '81_lag_shTSjfm', '71_lag_89_median_mhfATL30', '72_lag_mhfATL60', '71_lag_83_median_traCA', '71_lag_82_median_shTSjfm', '71_lag_83_median_AMOCann', '71_lag_77_median_wnorPRjfm', '78_lag_nhTSjfm']","[5.925432265469357, 4.280801765082877, 2.2485856785496523, 1.2930116226637338, 0.2054420968088504, 0.01757715278676919, 4.387708240664743, 5.24910714436345, 0.4496176926531099, 1.9256002437452668]","71_lag_74_median_stratZ50ndj03, 71_lag_83_median_gyreSSTjfm, 81_lag_shTSjfm, 71_lag_89_median_mhfATL30, 72_lag_mhfATL60, 71_lag_83_median_traCA, 71_lag_82_median_shTSjfm, 71_lag_83_median_AMOCann, 71_lag_77_median_wnorPRjfm, 78_lag_nhTSjfm_2496_71"
LRforcedPSO,77,10,traBS,picntrl,1591.5,2050.5,0.6,92,72,72,17.328842224913863,0.0036002623227307587,2496,"['83_lag_samPSLann', '83_lag_amoSSTmjjaso', '72_lag_81_median_traIFC', '77_lag_seurTSjfm', '72_lag_85_median_labSSTjfm', '83_lag_shTSjfm', '76_lag_stratZ50ndj01', '72_lag_ormenSSTjfm', '84_lag_cetTSjfm', '82_lag_stratZ50ndj04']","[2.5162555279604204, 3.6947197655918185, 6.453389551339519, 0.5485508116740423, 0.8098253622523046, 8.078368849278728, 2.733912685848505, 1.7171550471377657, 3.96001940396272, 2.599505852718373]","83_lag_samPSLann, 83_lag_amoSSTmjjaso, 72_lag_81_median_traIFC, 77_lag_seurTSjfm, 72_lag_85_median_labSSTjfm, 83_lag_shTSjfm, 76_lag_stratZ50ndj01, 72_lag_ormenSSTjfm, 84_lag_cetTSjfm, 82_lag_stratZ50ndj04_2496_72"
LRforcedPSO,78,10,traBS,picntrl,1592.5,2050.5,0.6,93,73,73,17.376812035364864,-0.09871303731128762,2496,"['73_lag_75_median_nppc2SSTjfm', '73_lag_85_median_naoPSLjfm', '74_lag_yrvPRjja', '73_lag_80_median_gyreSSTjfm', '73_lag_87_median_ormenSSTjfm', '73_lag_77_median_traEC', '73_lag_85_median_ormenSSTjfm', '88_lag_tripol1', '91_lag_traEU', '73_lag_92_median_nppc3SSTjfm']","[0.6294312353212117, 5.311067369831546, 1.5156099698446273, 1.3867147211040187, 2.6530818601616657, 4.5764224908206845, 8.872475690714367, 3.8992269177426024, 0.13523987882605404, 4.780313831490166]","73_lag_75_median_nppc2SSTjfm, 73_lag_85_median_naoPSLjfm, 74_lag_yrvPRjja, 73_lag_80_median_gyreSSTjfm, 73_lag_87_median_ormenSSTjfm, 73_lag_77_median_traEC, 73_lag_85_median_ormenSSTjfm, 88_lag_tripol1, 91_lag_traEU, 73_lag_92_median_nppc3SSTjfm_2496_73"
LRforcedPSO,79,10,traBS,picntrl,1593.5,2050.5,0.6,94,74,74,15.801367416694244,0.02567199235402234,2496,"['87_lag_traIT', '77_lag_traIFC', '86_lag_ismPRjja', '74_lag_76_median_yrvPRjja', '74_lag_89_median_ensoSSTjfm', '74_lag_93_median_traCA', '86_lag_stratZ50ndj04', '74_lag_77_median_eapPSLjfm', '74_lag_83_median_glTSjfm', '74_lag_84_median_wnorPRjfm']","[6.462105479906697, 0.8180113600034176, 3.2462666423709745, 2.035340299218113, 1.0267447373371237, 3.85423692336039, 2.424395363898853, 4.231377047374229, 1.6513932473929138, 1.9749573161945015]","87_lag_traIT, 77_lag_traIFC, 86_lag_ismPRjja, 74_lag_76_median_yrvPRjja, 74_lag_89_median_ensoSSTjfm, 74_lag_93_median_traCA, 86_lag_stratZ50ndj04, 74_lag_77_median_eapPSLjfm, 74_lag_83_median_glTSjfm, 74_lag_84_median_wnorPRjfm_2496_74"
LRforcedPSO,80,10,traBS,picntrl,1594.5,2050.5,0.6,95,75,75,15.560559325355955,0.10318978477778953,2496,"['75_lag_80_median_neurTSjfm', '75_lag_78_median_nchinaPRjja', '76_lag_nhTSjfm', '79_lag_naoPSLjfm', '75_lag_87_median_traFSC', '75_lag_79_median_traFB', '75_lag_79_median_nhTSjfm', '85_lag_yrvPRjja', '75_lag_83_median_naoPSLjfm', '81_lag_traDS']","[3.5442491866851977, 2.3362796563643595, 1.5582390148241583, 8.128905421171943, 1.7849473929031046, 4.361721647931613, 1.8757091258703955, 1.8807961089943532, 7.515458707395016, 3.675227163941212]","75_lag_80_median_neurTSjfm, 75_lag_78_median_nchinaPRjja, 76_lag_nhTSjfm, 79_lag_naoPSLjfm, 75_lag_87_median_traFSC, 75_lag_79_median_traFB, 75_lag_79_median_nhTSjfm, 85_lag_yrvPRjja, 75_lag_83_median_naoPSLjfm, 81_lag_traDS_2496_75"
LRforcedPSO,81,10,traBS,picntrl,1595.5,2050.5,0.6,96,76,76,16.981367365574634,-0.004549583930347254,2496,"['81_lag_traIT', '76_lag_86_median_scpPSLjfm', '81_lag_tripol2', '95_lag_cetTSjfm', '76_lag_77_median_gyreSSTjfm', '76_lag_83_median_traDP', '76_lag_scpPSLjfm', '76_lag_91_median_eurPSLjfm', '82_lag_eapPSLjfm', '93_lag_traBO']","[5.777371605605466, 0.6202113330751686, 1.2601653899853353, 3.733045006723663, 4.5897281991547185, 4.702444797771137, 5.2117097097332366, 0.33223008122037, 9.085569580439163, 2.4616907742138388]","81_lag_traIT, 76_lag_86_median_scpPSLjfm, 81_lag_tripol2, 95_lag_cetTSjfm, 76_lag_77_median_gyreSSTjfm, 76_lag_83_median_traDP, 76_lag_scpPSLjfm, 76_lag_91_median_eurPSLjfm, 82_lag_eapPSLjfm, 93_lag_traBO_2496_76"
LRforcedPSO,82,10,traBS,picntrl,1596.5,2050.5,0.6,97,77,77,15.605331583117266,0.02478015452552791,2496,"['90_lag_gyreSSTjfm', '77_lag_86_median_yrvPRjja', '77_lag_90_median_alpi', '77_lag_91_median_amo2', '95_lag_glomaSSTjfm', '91_lag_seurTSjfm', '77_lag_94_median_samPSLann', '77_lag_80_median_amo3', '85_lag_neurTSjfm', '92_lag_nhTSjfm']","[1.612043236990674, 3.5841771453187565, 1.256298896385724, 2.2062618188760226, 7.2783938197762055, 3.0274426976856024, 0.5649690709891573, 5.252345590243581, 4.610876436792211, 3.5361971535541663]","90_lag_gyreSSTjfm, 77_lag_86_median_yrvPRjja, 77_lag_90_median_alpi, 77_lag_91_median_amo2, 95_lag_glomaSSTjfm, 91_lag_seurTSjfm, 77_lag_94_median_samPSLann, 77_lag_80_median_amo3, 85_lag_neurTSjfm, 92_lag_nhTSjfm_2496_77"
LRforcedPSO,83,10,traBS,picntrl,1597.5,2050.5,0.6,98,78,78,15.006095570660088,0.05033557081234367,2496,"['78_lag_84_median_seurTSjfm', '78_lag_89_median_pdoSSTjfm', '83_lag_cetTSjfm', '92_lag_naoPSLjfm', '95_lag_shSICmar', '78_lag_90_median_satlSSTjfm', '84_lag_cetTSjfm', '78_lag_92_median_ginwSSTjfm', '78_lag_96_median_wnorPRjfm', '78_lag_86_median_glTSjfm']","[0.09960335649118868, 7.942043075748497, 0.2171914661206955, 1.6900796064541481, 1.516743201953716, 2.7968206324229463, 1.3902174304174668, 7.293290031955301, 0.6361707208315952, 4.120165966820277]","78_lag_84_median_seurTSjfm, 78_lag_89_median_pdoSSTjfm, 83_lag_cetTSjfm, 92_lag_naoPSLjfm, 95_lag_shSICmar, 78_lag_90_median_satlSSTjfm, 84_lag_cetTSjfm, 78_lag_92_median_ginwSSTjfm, 78_lag_96_median_wnorPRjfm, 78_lag_86_median_glTSjfm_2496_78"
LRforcedPSO,84,10,traBS,picntrl,1598.5,2050.5,0.6,99,79,79,16.735487950346222,-0.06897535311041886,2496,"['79_lag_88_median_satlSSTjfm', '95_lag_traMC', '93_lag_mhfATL30', '79_lag_97_median_mhfATL45', '79_lag_84_median_seurTSjfm', '80_lag_stratZ50ndj03', '79_lag_95_median_tripol1', '88_lag_stratZ50ndj01', '79_lag_88_median_wnorPRjfm', '79_lag_90_median_eapPSLjfm']","[2.591569999139784, 1.8002977843983086, 5.997842492923146, 2.365538437880856, 0.016718256148397614, 1.903747156218337, 6.277169567681391, 4.893471734266783, 1.8639063404745784, 2.1321043305572367]","79_lag_88_median_satlSSTjfm, 95_lag_traMC, 93_lag_mhfATL30, 79_lag_97_median_mhfATL45, 79_lag_84_median_seurTSjfm, 80_lag_stratZ50ndj03, 79_lag_95_median_tripol1, 88_lag_stratZ50ndj01, 79_lag_88_median_wnorPRjfm, 79_lag_90_median_eapPSLjfm_2496_79"
LRforcedPSO,85,10,traBS,picntrl,1599.5,2050.5,0.6,100,80,80,15.188295137573114,0.11858436452433957,2496,"['80_lag_88_median_eurPSLjfm', '91_lag_stratZ50ndj04', '92_lag_cetTSjfm', '80_lag_85_median_nhTSjfm', '88_lag_nhSICjfm', '90_lag_labSSTjfm', '80_lag_94_median_traBS', '82_lag_traFSC', '83_lag_traMC', '82_lag_alpi']","[2.44229874399311, 0.8414368317182941, 2.391219362133983, 3.177292913344761, 2.077263709938272, 6.595229876444398, 4.853426709471749, 0.42058402575102605, 0.4903757550752168, 4.252393616002088]","80_lag_88_median_eurPSLjfm, 91_lag_stratZ50ndj04, 92_lag_cetTSjfm, 80_lag_85_median_nhTSjfm, 88_lag_nhSICjfm, 90_lag_labSSTjfm, 80_lag_94_median_traBS, 82_lag_traFSC, 83_lag_traMC, 82_lag_alpi_2496_80"
