model,num_irrelevant,max_allowed_features,target_feature,dataset,year_start,year_end,splitsize,max_lag,init_lag,max_forecast,mae_score,corr_score,n_total_features,selected_feature_list,feature_importances,selected_features
LRforcedPSO,0,10,amo1,slow,866.5,2005.5,0.4,15,1,1,15.183639954536417,-0.36510897852574636,1755,"['1_lag_8_median_atlSICsep', '6_lag_alpi', '2_lag_tripol1', '10_lag_cetTSjfm', '1_lag_7_median_AMOCann', '1_lag_13_median_shTSjfm', '1_lag_3_median_traIFC', '1_lag_11_median_AMOCann', '14_lag_nchinaPRjja', '1_lag_6_median_stratZ50ndj04']","[4.0694174843060615, 1.8064937979268532, 0.14071001444887443, 4.170142598119353, 4.726002644734804, 0.0009592249691650068, 4.483386520489418, 9.566524695597508, 0.3961600934747782, 1.2664211376866277]","1_lag_8_median_atlSICsep, 6_lag_alpi, 2_lag_tripol1, 10_lag_cetTSjfm, 1_lag_7_median_AMOCann, 1_lag_13_median_shTSjfm, 1_lag_3_median_traIFC, 1_lag_11_median_AMOCann, 14_lag_nchinaPRjja, 1_lag_6_median_stratZ50ndj04_1755_1"
LRforcedPSO,1,10,amo1,slow,867.5,2005.5,0.4,16,1,1,12.545365476031481,0.26759134207934065,1885,"['10_lag_samPSLann', '8_lag_wnorPRjfm', '15_lag_traFS', '1_lag_5_median_neurTSjfm', '1_lag_3_median_scpPSLjfm', '11_lag_ensoSSTjfm', '1_lag_6_median_mhfATL60', '1_lag_7_median_nhSICjfm', '10_lag_traEC', '1_lag_7_median_traIT']","[7.101219630643321, 2.977802449572506, 0.3466481909854693, 1.030153436119999, 0.3705900090511882, 0.5929394290856607, 1.0496818188186037, 5.48644855976282, 0.1918834956169917, 5.882543569147616]","10_lag_samPSLann, 8_lag_wnorPRjfm, 15_lag_traFS, 1_lag_5_median_neurTSjfm, 1_lag_3_median_scpPSLjfm, 11_lag_ensoSSTjfm, 1_lag_6_median_mhfATL60, 1_lag_7_median_nhSICjfm, 10_lag_traEC, 1_lag_7_median_traIT_1885_1"
LRforcedPSO,2,10,amo1,slow,868.5,2005.5,0.4,17,1,1,15.344790434445677,0.024134168724334666,2015,"['4_lag_pdoSSTjfm', '1_lag_14_median_mhfATL30', '1_lag_4_median_arcTSjfm', '7_lag_pdoSSTjfm', '9_lag_nppc3SSTjfm', '1_lag_12_median_traDP', '1_lag_16_median_gyreSSTjfm', '1_lag_9_median_seurTSjfm', '9_lag_eurPSLjfm', '2_lag_amo3']","[3.1760853900928936, 7.3040822370348515, 1.7397469772195624, 1.6753073938528686, 0.3209260146357735, 2.0441043610193503, 5.801372275135474, 5.992856733069644, 0.30582544056522565, 5.123683754778519]","4_lag_pdoSSTjfm, 1_lag_14_median_mhfATL30, 1_lag_4_median_arcTSjfm, 7_lag_pdoSSTjfm, 9_lag_nppc3SSTjfm, 1_lag_12_median_traDP, 1_lag_16_median_gyreSSTjfm, 1_lag_9_median_seurTSjfm, 9_lag_eurPSLjfm, 2_lag_amo3_2015_1"
LRforcedPSO,3,10,amo1,slow,869.5,2005.5,0.4,18,1,1,12.046560557820511,0.5119374291221411,2145,"['5_lag_nppc3SSTjfm', '1_lag_4_median_solFORC', '14_lag_amo3', '8_lag_solFORC', '1_lag_10_median_eurPSLjfm', '10_lag_shSICsep', '1_lag_7_median_ensoSSTjfm', '1_lag_11_median_satlSSTjfm', '5_lag_amo2', '1_lag_12_median_traBO']","[4.262690594052671, 2.7839736355593896, 0.02316998655690128, 0.8516607782069521, 2.2002342922267086, 5.500717348089722, 1.7571541344606967, 5.526765675180947, 6.197177504609826, 1.6432516268880786]","5_lag_nppc3SSTjfm, 1_lag_4_median_solFORC, 14_lag_amo3, 8_lag_solFORC, 1_lag_10_median_eurPSLjfm, 10_lag_shSICsep, 1_lag_7_median_ensoSSTjfm, 1_lag_11_median_satlSSTjfm, 5_lag_amo2, 1_lag_12_median_traBO_2145_1"
LRforcedPSO,4,10,amo1,slow,870.5,2005.5,0.4,19,1,1,14.26168158285386,0.024023537713630826,2275,"['3_lag_wnorPRjfm', '1_lag_6_median_ormenSSTjfm', '8_lag_tripol3', '1_lag_8_median_ismPRjja', '1_lag_10_median_traMC', '1_lag_13_median_glTSjfm', '1_lag_16_median_traIT', '1_lag_12_median_amo2', '1_lag_2_median_ismPRjja', '1_lag_traFSC']","[2.1475668523736458, 0.14777035131924876, 1.3461027972575668, 4.955695359385366, 1.6928744015247332, 6.924606451757822, 2.1954196398248307, 9.611311038407223, 1.4263033466903074, 1.2151582749712837]","3_lag_wnorPRjfm, 1_lag_6_median_ormenSSTjfm, 8_lag_tripol3, 1_lag_8_median_ismPRjja, 1_lag_10_median_traMC, 1_lag_13_median_glTSjfm, 1_lag_16_median_traIT, 1_lag_12_median_amo2, 1_lag_2_median_ismPRjja, 1_lag_traFSC_2275_1"
LRforcedPSO,5,10,amo1,slow,871.5,2005.5,0.4,20,1,1,13.182708001405855,0.2437565916719353,2405,"['1_lag_5_median_traFB', '2_lag_arcTSjfm', '1_lag_7_median_ormenSSTjfm', '1_lag_12_median_stratZ50ndj03', '2_lag_gyreSSTjfm', '1_lag_2_median_nppc2SSTjfm', '1_lag_16_median_traMC', '16_lag_glTSjfm', '13_lag_nhSICjfm', '1_lag_15_median_seurTSjfm']","[0.16354979050412233, 3.4621928348732567, 4.09507204762644, 4.013376432543609, 5.206201981762105, 2.189434900454547, 0.37815923123853956, 5.964429000574231, 2.147209943317929, 3.0197883856189485]","1_lag_5_median_traFB, 2_lag_arcTSjfm, 1_lag_7_median_ormenSSTjfm, 1_lag_12_median_stratZ50ndj03, 2_lag_gyreSSTjfm, 1_lag_2_median_nppc2SSTjfm, 1_lag_16_median_traMC, 16_lag_glTSjfm, 13_lag_nhSICjfm, 1_lag_15_median_seurTSjfm_2405_1"
LRforcedPSO,6,10,amo1,slow,872.5,2005.5,0.4,21,1,1,12.974531952994226,0.2123008958321274,2535,"['1_lag_9_median_traFB', '16_lag_glomaSSTjfm', '5_lag_nppc2SSTjfm', '13_lag_stratZ50ndj02', '1_lag_18_median_amo3', '1_lag_11_median_labSSTjfm', '1_lag_9_median_traIFC', '11_lag_traFS', '1_lag_18_median_traEU', '15_lag_nchinaPRjja']","[1.5083574265093311, 9.034022072663149, 4.511395098320634, 1.5110931306989084, 2.4918766348147736, 0.8826876312394738, 1.1195216143501145, 4.383908425831759, 2.201929212359599, 2.792487474914303]","1_lag_9_median_traFB, 16_lag_glomaSSTjfm, 5_lag_nppc2SSTjfm, 13_lag_stratZ50ndj02, 1_lag_18_median_amo3, 1_lag_11_median_labSSTjfm, 1_lag_9_median_traIFC, 11_lag_traFS, 1_lag_18_median_traEU, 15_lag_nchinaPRjja_2535_1"
LRforcedPSO,7,10,amo1,slow,873.5,2005.5,0.4,22,1,1,14.30320411090551,-0.08034702966615051,2665,"['15_lag_amoSSTmjjaso', '1_lag_19_median_mhfATL60', '1_lag_3_median_scpPSLjfm', '1_lag_12_median_shSICmar', '5_lag_traFS', '1_lag_2_median_scpPSLjfm', '1_lag_9_median_atlSICjfm', '1_lag_8_median_traEC', '1_lag_16_median_mhfIP30', '14_lag_atlSICjfm']","[1.102348216041694, 1.5299790034795961, 5.0262196187097015, 0.5556502189203236, 4.960960105785963, 7.901376826532626, 0.285253852234149, 1.887378045419144, 7.7221495200453605, 0.4078485009382433]","15_lag_amoSSTmjjaso, 1_lag_19_median_mhfATL60, 1_lag_3_median_scpPSLjfm, 1_lag_12_median_shSICmar, 5_lag_traFS, 1_lag_2_median_scpPSLjfm, 1_lag_9_median_atlSICjfm, 1_lag_8_median_traEC, 1_lag_16_median_mhfIP30, 14_lag_atlSICjfm_2665_1"
LRforcedPSO,8,10,amo1,slow,874.5,2005.5,0.4,23,1,1,15.123140681570668,-0.19718196735352636,2795,"['15_lag_glomaSSTjfm', '3_lag_glTSjfm', '17_lag_AMOCann', '1_lag_4_median_alpi', '19_lag_tripol3', '2_lag_stratZ50ndj02', '8_lag_nppc3SSTjfm', '1_lag_20_median_gyreSSTjfm', '1_lag_10_median_traDP', '1_lag_18_median_nchinaPRjja']","[3.726859735071266, 5.58634930377967, 2.2024003011422604, 0.31656338654623895, 7.157627569022807, 1.610502731167534, 2.3555272499606383, 3.0281022774605653, 2.531848551538289, 5.646124432100588]","15_lag_glomaSSTjfm, 3_lag_glTSjfm, 17_lag_AMOCann, 1_lag_4_median_alpi, 19_lag_tripol3, 2_lag_stratZ50ndj02, 8_lag_nppc3SSTjfm, 1_lag_20_median_gyreSSTjfm, 1_lag_10_median_traDP, 1_lag_18_median_nchinaPRjja_2795_1"
LRforcedPSO,9,10,amo1,slow,875.5,2005.5,0.4,24,1,1,13.573442546002273,-0.21337866412268458,2925,"['8_lag_stratZ50ndj02', '11_lag_atlSICsep', '1_lag_14_median_traDP', '10_lag_traEC', '4_lag_solFORC', '1_lag_11_median_traCA', '1_lag_9_median_amo3', '1_lag_nhSICsep', '1_lag_20_median_traBS', '21_lag_atlSICsep']","[1.8577944715715375, 3.2335290715633533, 4.18301798049187, 0.6712504310090512, 2.3996061689952874, 2.528114011346256, 1.9380932581246935, 0.13671719523661707, 3.749630875731018, 4.025310414635948]","8_lag_stratZ50ndj02, 11_lag_atlSICsep, 1_lag_14_median_traDP, 10_lag_traEC, 4_lag_solFORC, 1_lag_11_median_traCA, 1_lag_9_median_amo3, 1_lag_nhSICsep, 1_lag_20_median_traBS, 21_lag_atlSICsep_2925_1"
LRforcedPSO,10,10,amo1,slow,876.5,2005.5,0.4,25,1,1,16.055297918958868,0.1295237711163893,3055,"['21_lag_mhfATL45', '15_lag_tripol3', '6_lag_ormenSSTjfm', '17_lag_labSSTjfm', '7_lag_traDS', '13_lag_wnorPRjfm', '13_lag_stratZ50ndj01', '16_lag_traFSC', '1_lag_4_median_atlSICsep', '1_lag_4_median_eurPSLjfm']","[6.3053980405457395, 2.5653801986341875, 5.632177274529722, 2.7255199568233373, 4.75870830887855, 0.025229768302230227, 0.5792297154150852, 2.442870536029094, 1.7578741639158473, 7.897865274951993]","21_lag_mhfATL45, 15_lag_tripol3, 6_lag_ormenSSTjfm, 17_lag_labSSTjfm, 7_lag_traDS, 13_lag_wnorPRjfm, 13_lag_stratZ50ndj01, 16_lag_traFSC, 1_lag_4_median_atlSICsep, 1_lag_4_median_eurPSLjfm_3055_1"
LRforcedPSO,11,10,amo1,slow,877.5,2005.5,0.4,26,1,1,13.047110441620628,0.19658785258670325,3185,"['13_lag_neurTSjfm', '21_lag_traMC', '1_lag_21_median_stratZ50ndj03', '1_lag_amoSSTmjjaso', '11_lag_nchinaPRjja', '1_lag_9_median_traFB', '1_lag_19_median_traEU', '1_lag_19_median_traBO', '1_lag_20_median_traFSC', '25_lag_cetTSjfm']","[5.816756715716702, 2.582552754608596, 0.9071127553165645, 3.74798688002919, 6.147110595756917, 5.7616539713948, 3.365288287177126, 0.6570708701382948, 3.159241586312497, 5.351869018486033]","13_lag_neurTSjfm, 21_lag_traMC, 1_lag_21_median_stratZ50ndj03, 1_lag_amoSSTmjjaso, 11_lag_nchinaPRjja, 1_lag_9_median_traFB, 1_lag_19_median_traEU, 1_lag_19_median_traBO, 1_lag_20_median_traFSC, 25_lag_cetTSjfm_3185_1"
LRforcedPSO,12,10,amo1,slow,878.5,2005.5,0.4,27,1,1,15.1804310929333,-0.023221051630996543,3315,"['1_lag_16_median_neurTSjfm', '1_lag_2_median_nppc3SSTjfm', '18_lag_pdoSSTjfm', '22_lag_glomaSSTjfm', '9_lag_pdoSSTjfm', '1_lag_16_median_gyreSSTjfm', '7_lag_traIT', '17_lag_cetTSjfm', '7_lag_stratZ50ndj02', '1_lag_26_median_wnorPRjfm']","[1.164337893317244, 2.8597509931427467, 3.137826453274311, 0.44892506554303324, 9.820718126111089, 4.050862198617002, 3.4067785020852703, 1.0056641327651388, 0.5623927596279401, 2.8093066710587085]","1_lag_16_median_neurTSjfm, 1_lag_2_median_nppc3SSTjfm, 18_lag_pdoSSTjfm, 22_lag_glomaSSTjfm, 9_lag_pdoSSTjfm, 1_lag_16_median_gyreSSTjfm, 7_lag_traIT, 17_lag_cetTSjfm, 7_lag_stratZ50ndj02, 1_lag_26_median_wnorPRjfm_3315_1"
LRforcedPSO,13,10,amo1,slow,879.5,2005.5,0.4,28,1,1,14.971955689911441,-0.15155916655046595,3445,"['1_lag_mhfATL30', '7_lag_neurTSjfm', '1_lag_17_median_atlSICsep', '16_lag_traEU', '7_lag_eapPSLjfm', '1_lag_8_median_eurPSLjfm', '1_lag_21_median_mhfIP30', '1_lag_18_median_traMC', '1_lag_15_median_traMC', '1_lag_18_median_nchinaPRjja']","[3.920579256570848, 1.06086506907417, 1.3751685854241593, 3.542113005288156, 0.46543107373028647, 7.703451734586393, 0.29045402660447195, 6.964062472973371, 9.078261387925675, 5.1884308159487595]","1_lag_mhfATL30, 7_lag_neurTSjfm, 1_lag_17_median_atlSICsep, 16_lag_traEU, 7_lag_eapPSLjfm, 1_lag_8_median_eurPSLjfm, 1_lag_21_median_mhfIP30, 1_lag_18_median_traMC, 1_lag_15_median_traMC, 1_lag_18_median_nchinaPRjja_3445_1"
LRforcedPSO,14,10,amo1,slow,880.5,2005.5,0.4,29,1,1,12.549994574949976,0.01611192010083337,3575,"['1_lag_7_median_traIT', '15_lag_eurPSLjfm', '20_lag_ormenSSTjfm', '1_lag_5_median_traFSC', '1_lag_9_median_traFB', '1_lag_5_median_traTLS', '1_lag_24_median_amo1', '10_lag_traFSC', '1_lag_8_median_solFORC', '14_lag_mhfATL30']","[1.4344413239528198, 5.636367118416901, 2.07128968675854, 1.2306155697980525, 0.4647677317045389, 4.979410176091122, 0.5012425056030487, 4.212497043699912, 1.1760204176345148, 3.6384242924486117]","1_lag_7_median_traIT, 15_lag_eurPSLjfm, 20_lag_ormenSSTjfm, 1_lag_5_median_traFSC, 1_lag_9_median_traFB, 1_lag_5_median_traTLS, 1_lag_24_median_amo1, 10_lag_traFSC, 1_lag_8_median_solFORC, 14_lag_mhfATL30_3575_1"
LRforcedPSO,15,10,amo1,slow,881.5,2005.5,0.4,30,1,1,17.163668499615024,-0.18687712498937264,3705,"['10_lag_traIFC', '28_lag_samPSLann', '1_lag_10_median_pdoSSTjfm', '1_lag_12_median_nhSICjfm', '1_lag_6_median_amo1', '1_lag_8_median_pdoSSTjfm', '1_lag_4_median_atlSICsep', '1_lag_25_median_traFSC', '1_lag_12_median_traEC', '25_lag_nhTSjfm']","[4.390958301587567, 2.308350270441446, 1.290696730376002, 7.012805016604673, 0.35988843540281223, 1.693040797274401, 5.791346915237776, 8.38776047629948, 5.103927372343868, 1.6753656397872962]","10_lag_traIFC, 28_lag_samPSLann, 1_lag_10_median_pdoSSTjfm, 1_lag_12_median_nhSICjfm, 1_lag_6_median_amo1, 1_lag_8_median_pdoSSTjfm, 1_lag_4_median_atlSICsep, 1_lag_25_median_traFSC, 1_lag_12_median_traEC, 25_lag_nhTSjfm_3705_1"
LRforcedPSO,16,10,amo1,slow,882.5,2005.5,0.4,31,1,1,16.78144842716087,-0.2767342422207053,3835,"['1_lag_18_median_ensoSSTjfm', '25_lag_wnorPRjfm', '1_lag_17_median_seurTSjfm', '1_lag_2_median_scpPSLjfm', '10_lag_amo1', '1_lag_26_median_traDS', '12_lag_samPSLann', '28_lag_traCA', '1_lag_14_median_gyreSSTjfm', '1_lag_19_median_eapPSLjfm']","[0.13489800958485532, 1.5545001562053162, 5.293229381378981, 4.022348247664011, 5.052650739649913, 6.561013317422195, 1.4908516833138457, 2.8661560125752423, 5.458027210699985, 7.53859290694399]","1_lag_18_median_ensoSSTjfm, 25_lag_wnorPRjfm, 1_lag_17_median_seurTSjfm, 1_lag_2_median_scpPSLjfm, 10_lag_amo1, 1_lag_26_median_traDS, 12_lag_samPSLann, 28_lag_traCA, 1_lag_14_median_gyreSSTjfm, 1_lag_19_median_eapPSLjfm_3835_1"
LRforcedPSO,17,10,amo1,slow,883.5,2005.5,0.4,32,2,2,13.134400361888598,0.17207789327487144,3835,"['27_lag_naoPSLjfm', '2_lag_10_median_atlSICsep', '2_lag_7_median_nhTSjfm', '2_lag_27_median_yrvPRjja', '17_lag_cetTSjfm', '21_lag_atlSICjfm', '17_lag_neurTSjfm', '17_lag_glTSjfm', '10_lag_traIFC', '8_lag_yrvPRjja']","[6.043345963537561, 1.6109716262740896, 4.887704476305451, 2.881751265705006, 6.690961123127373, 2.868142268281451, 5.865673682402937, 4.6960034079292186, 1.5844837184851617, 3.3006615765836393]","27_lag_naoPSLjfm, 2_lag_10_median_atlSICsep, 2_lag_7_median_nhTSjfm, 2_lag_27_median_yrvPRjja, 17_lag_cetTSjfm, 21_lag_atlSICjfm, 17_lag_neurTSjfm, 17_lag_glTSjfm, 10_lag_traIFC, 8_lag_yrvPRjja_3835_2"
LRforcedPSO,18,10,amo1,slow,884.5,2005.5,0.4,33,3,3,12.267446944493132,0.27148218685870007,3835,"['3_lag_27_median_samPSLann', '3_lag_15_median_nhTSjfm', '7_lag_nchinaPRjja', '3_lag_30_median_ensoSSTjfm', '7_lag_mhfIP30', '23_lag_alpi', '11_lag_mhfATL30', '3_lag_14_median_alpi', '24_lag_tripol3', '3_lag_4_median_seurTSjfm']","[4.742777555286908, 4.151675314716716, 2.327419802772644, 4.942157970302659, 2.877475888640957, 1.6926050533380952, 5.473225092360003, 0.46451279525448186, 0.46817749984869295, 0.04845596876639213]","3_lag_27_median_samPSLann, 3_lag_15_median_nhTSjfm, 7_lag_nchinaPRjja, 3_lag_30_median_ensoSSTjfm, 7_lag_mhfIP30, 23_lag_alpi, 11_lag_mhfATL30, 3_lag_14_median_alpi, 24_lag_tripol3, 3_lag_4_median_seurTSjfm_3835_3"
LRforcedPSO,19,10,amo1,slow,885.5,2005.5,0.4,34,4,4,14.820439174781926,-0.0010335721194695427,3835,"['4_lag_24_median_ginwSSTjfm', '4_lag_33_median_amo3', '31_lag_ginwSSTjfm', '13_lag_traEC', '12_lag_ismPRjja', '20_lag_nhSICsep', '4_lag_24_median_shSICmar', '4_lag_19_median_shSICsep', '4_lag_5_median_wnorPRjfm', '19_lag_tripol2']","[1.5765580664118524, 3.22398163078317, 3.4782082352858286, 4.4413936423070215, 4.001942698260221, 7.193983873477759, 7.575025311827305, 2.8267314975476587, 4.147120970629521, 5.738067761921691]","4_lag_24_median_ginwSSTjfm, 4_lag_33_median_amo3, 31_lag_ginwSSTjfm, 13_lag_traEC, 12_lag_ismPRjja, 20_lag_nhSICsep, 4_lag_24_median_shSICmar, 4_lag_19_median_shSICsep, 4_lag_5_median_wnorPRjfm, 19_lag_tripol2_3835_4"
LRforcedPSO,20,10,amo1,slow,886.5,2005.5,0.4,35,5,5,16.359404426154317,-0.2972055530184839,3835,"['11_lag_seurTSjfm', '5_lag_13_median_amo2', '9_lag_gyreSSTjfm', '5_lag_29_median_traWP', '33_lag_stratZ50ndj04', '30_lag_ensoSSTjfm', '5_lag_18_median_solFORC', '5_lag_7_median_traEU', '5_lag_28_median_traFSC', '5_lag_21_median_mhfIP30']","[4.6447411733903525, 0.3224387743169128, 4.0016690618578, 1.1289961177745784, 2.386608296531576, 1.220020897276786, 8.359020003729256, 1.0588850613400087, 1.085100773027838, 5.967173375342039]","11_lag_seurTSjfm, 5_lag_13_median_amo2, 9_lag_gyreSSTjfm, 5_lag_29_median_traWP, 33_lag_stratZ50ndj04, 30_lag_ensoSSTjfm, 5_lag_18_median_solFORC, 5_lag_7_median_traEU, 5_lag_28_median_traFSC, 5_lag_21_median_mhfIP30_3835_5"
LRforcedPSO,21,10,amo1,slow,887.5,2005.5,0.4,36,6,6,10.8437476874611,0.21422948243929796,3835,"['10_lag_traEC', '21_lag_tripol2', '6_lag_33_median_seurTSjfm', '26_lag_stratZ50ndj01', '6_lag_7_median_traTLS', '6_lag_mhfIP30', '6_lag_14_median_shSICsep', '12_lag_stratZ50ndj02', '25_lag_AMOCann', '6_lag_17_median_tripol2']","[2.909140429970652, 0.7354144283202366, 0.882104317143293, 1.0557989136224943, 1.154928425886668, 1.5131470705431234, 1.3355847467536144, 1.2708926089214838, 4.930352445804269, 4.220042723465049]","10_lag_traEC, 21_lag_tripol2, 6_lag_33_median_seurTSjfm, 26_lag_stratZ50ndj01, 6_lag_7_median_traTLS, 6_lag_mhfIP30, 6_lag_14_median_shSICsep, 12_lag_stratZ50ndj02, 25_lag_AMOCann, 6_lag_17_median_tripol2_3835_6"
LRforcedPSO,22,10,amo1,slow,888.5,2005.5,0.4,37,7,7,11.132570240576083,0.2338625338884992,3835,"['7_lag_10_median_satlSSTjfm', '26_lag_traDS', '7_lag_34_median_nhTSjfm', '25_lag_ismPRjja', '22_lag_traBO', '20_lag_arcTSjfm', '7_lag_30_median_wnorPRjfm', '25_lag_samPSLann', '7_lag_31_median_glTSjfm', '29_lag_tripol1']","[2.3706414187783764, 7.389765982212067, 2.265480348317075, 0.446865582251748, 1.8730863763713828, 2.5449080507811033, 2.5081163826687014, 2.2129541786180074, 3.842181450088482, 3.6229419796776785]","7_lag_10_median_satlSSTjfm, 26_lag_traDS, 7_lag_34_median_nhTSjfm, 25_lag_ismPRjja, 22_lag_traBO, 20_lag_arcTSjfm, 7_lag_30_median_wnorPRjfm, 25_lag_samPSLann, 7_lag_31_median_glTSjfm, 29_lag_tripol1_3835_7"
LRforcedPSO,23,10,amo1,slow,889.5,2005.5,0.4,38,8,8,16.456159800951475,-0.22311511863825678,3835,"['21_lag_amo3', '11_lag_traDS', '8_lag_15_median_naoPSLjfm', '32_lag_nppc2SSTjfm', '8_lag_26_median_amo2', '18_lag_ensoSSTjfm', '8_lag_15_median_labSSTjfm', '26_lag_nppc2SSTjfm', '22_lag_nhSICsep', '8_lag_36_median_neurTSjfm']","[2.9267709196324248, 0.008722901807242778, 4.03517206691923, 4.4771040060792, 3.2453802735250914, 2.0805355953955456, 6.464991588486299, 2.7769243468549103, 0.10380121835134659, 1.5950869753605108]","21_lag_amo3, 11_lag_traDS, 8_lag_15_median_naoPSLjfm, 32_lag_nppc2SSTjfm, 8_lag_26_median_amo2, 18_lag_ensoSSTjfm, 8_lag_15_median_labSSTjfm, 26_lag_nppc2SSTjfm, 22_lag_nhSICsep, 8_lag_36_median_neurTSjfm_3835_8"
LRforcedPSO,24,10,amo1,slow,890.5,2005.5,0.4,39,9,9,13.483269182227142,0.3199308601979443,3835,"['37_lag_alpi', '12_lag_seurTSjfm', '9_lag_31_median_traDP', '21_lag_cetTSjfm', '9_lag_11_median_traFS', '9_lag_26_median_satlSSTjfm', '11_lag_naoPSLjfm', '29_lag_samPSLann', '26_lag_traWP', '9_lag_17_median_traFSC']","[1.6093624201180248, 9.967423182950228, 1.769347862097323, 1.4836110666500062, 2.013389901944713, 5.261215154123775, 3.681444020023646, 2.0261036430706127, 2.0956657225146973, 0.3277557408814875]","37_lag_alpi, 12_lag_seurTSjfm, 9_lag_31_median_traDP, 21_lag_cetTSjfm, 9_lag_11_median_traFS, 9_lag_26_median_satlSSTjfm, 11_lag_naoPSLjfm, 29_lag_samPSLann, 26_lag_traWP, 9_lag_17_median_traFSC_3835_9"
LRforcedPSO,25,10,amo1,slow,891.5,2005.5,0.4,40,10,10,11.74076406083384,0.39757671264710326,3835,"['30_lag_traDS', '10_lag_37_median_stratZ50ndj01', '10_lag_32_median_mhfATL45', '10_lag_16_median_stratZ50ndj03', '10_lag_32_median_amo3', '21_lag_traCA', '14_lag_mhfIP30', '10_lag_23_median_amoSSTmjjaso', '23_lag_nhTSjfm', '10_lag_17_median_nppc2SSTjfm']","[2.7300970558704822, 2.49386491076673, 0.8670262450629718, 4.4527122886293675, 2.768243241993334, 1.6107196708219789, 1.7632096808058044, 6.094352577200066, 2.0515193338037143, 2.1527885560034505]","30_lag_traDS, 10_lag_37_median_stratZ50ndj01, 10_lag_32_median_mhfATL45, 10_lag_16_median_stratZ50ndj03, 10_lag_32_median_amo3, 21_lag_traCA, 14_lag_mhfIP30, 10_lag_23_median_amoSSTmjjaso, 23_lag_nhTSjfm, 10_lag_17_median_nppc2SSTjfm_3835_10"
LRforcedPSO,26,10,amo1,slow,892.5,2005.5,0.4,41,11,11,15.82575706304612,0.03907033031173168,3835,"['11_lag_32_median_traFS', '30_lag_glTSjfm', '11_lag_24_median_tripol2', '31_lag_stratZ50ndj02', '11_lag_31_median_AMOCann', '22_lag_seurTSjfm', '21_lag_traDP', '23_lag_traFB', '11_lag_13_median_traIFC', '11_lag_22_median_tripol2']","[4.793420215255139, 6.0915574490879045, 7.29688802097623, 0.5493489849527773, 2.8850606248822164, 1.804138085447903, 4.275046427239049, 4.14056657050117, 5.649929607705138, 9.131768492678432]","11_lag_32_median_traFS, 30_lag_glTSjfm, 11_lag_24_median_tripol2, 31_lag_stratZ50ndj02, 11_lag_31_median_AMOCann, 22_lag_seurTSjfm, 21_lag_traDP, 23_lag_traFB, 11_lag_13_median_traIFC, 11_lag_22_median_tripol2_3835_11"
LRforcedPSO,27,10,amo1,slow,893.5,2005.5,0.4,42,12,12,12.98447664600977,0.04977566186782789,3835,"['25_lag_traIFC', '16_lag_gyreSSTjfm', '12_lag_22_median_mhfATL60', '12_lag_33_median_traMC', '12_lag_17_median_traCA', '38_lag_traDP', '12_lag_19_median_atlSICsep', '12_lag_14_median_traFSC', '31_lag_AMOCann', '13_lag_mhfIP30']","[0.4317624889908789, 1.7874285484833052, 0.8604198381307011, 0.18713847185368238, 5.4476056306072795, 3.2904947729806278, 0.5184540507202655, 3.90889930052416, 0.5798747038285672, 0.40278886003407166]","25_lag_traIFC, 16_lag_gyreSSTjfm, 12_lag_22_median_mhfATL60, 12_lag_33_median_traMC, 12_lag_17_median_traCA, 38_lag_traDP, 12_lag_19_median_atlSICsep, 12_lag_14_median_traFSC, 31_lag_AMOCann, 13_lag_mhfIP30_3835_12"
LRforcedPSO,28,10,amo1,slow,894.5,2005.5,0.4,43,13,13,15.831525381421539,-0.24540447361495532,3835,"['15_lag_amoSSTmjjaso', '16_lag_eurPSLjfm', '13_lag_20_median_traIT', '13_lag_14_median_nppc3SSTjfm', '13_lag_18_median_traTLS', '30_lag_atlSICsep', '13_lag_30_median_neurTSjfm', '13_lag_39_median_traTLS', '24_lag_traMC', '31_lag_traFSC']","[1.2825863622189093, 2.2445319995866413, 3.4212461116687587, 1.7660177365674201, 5.959502162413588, 0.44669881213552287, 7.506650783247027, 1.0336485292845765, 6.398746462034685, 1.0192609387759237]","15_lag_amoSSTmjjaso, 16_lag_eurPSLjfm, 13_lag_20_median_traIT, 13_lag_14_median_nppc3SSTjfm, 13_lag_18_median_traTLS, 30_lag_atlSICsep, 13_lag_30_median_neurTSjfm, 13_lag_39_median_traTLS, 24_lag_traMC, 31_lag_traFSC_3835_13"
LRforcedPSO,29,10,amo1,slow,895.5,2005.5,0.4,44,14,14,14.43468179420652,-0.2187691845242324,3835,"['24_lag_cetTSjfm', '14_lag_24_median_traEU', '34_lag_amoSSTmjjaso', '34_lag_mhfATL30', '23_lag_traTLS', '15_lag_nhTSjfm', '29_lag_neurTSjfm', '14_lag_28_median_nppc2SSTjfm', '14_lag_27_median_nchinaPRjja', '24_lag_neurTSjfm']","[3.9210447071980106, 1.2152390351946867, 3.8702583279229614, 4.858743857908674, 0.4587521759244755, 2.229416754619848, 4.329608925304735, 3.3230555490962015, 5.714652573677334, 2.35749064538493]","24_lag_cetTSjfm, 14_lag_24_median_traEU, 34_lag_amoSSTmjjaso, 34_lag_mhfATL30, 23_lag_traTLS, 15_lag_nhTSjfm, 29_lag_neurTSjfm, 14_lag_28_median_nppc2SSTjfm, 14_lag_27_median_nchinaPRjja, 24_lag_neurTSjfm_3835_14"
LRforcedPSO,30,10,amo1,slow,896.5,2005.5,0.4,45,15,15,13.57584629001309,-0.018874951707944773,3835,"['22_lag_shSICsep', '38_lag_solFORC', '44_lag_ensoSSTjfm', '37_lag_stratZ50ndj03', '15_lag_31_median_mhfATL30', '44_lag_naoPSLjfm', '15_lag_22_median_traWP', '15_lag_26_median_eurPSLjfm', '15_lag_32_median_mhfATL45', '30_lag_traWP']","[2.034067579763869, 2.8906191715590364, 4.132284327247602, 1.3306708455756393, 1.8311896497958422, 1.5573948635741068, 3.919561971933705, 4.410610209529072, 7.408769683858467, 4.999531398610529]","22_lag_shSICsep, 38_lag_solFORC, 44_lag_ensoSSTjfm, 37_lag_stratZ50ndj03, 15_lag_31_median_mhfATL30, 44_lag_naoPSLjfm, 15_lag_22_median_traWP, 15_lag_26_median_eurPSLjfm, 15_lag_32_median_mhfATL45, 30_lag_traWP_3835_15"
LRforcedPSO,31,10,amo1,slow,897.5,2005.5,0.4,46,16,16,14.77347427178647,-0.05941811631438257,3835,"['24_lag_amoSSTmjjaso', '16_lag_39_median_atlSICjfm', '35_lag_atlSICjfm', '43_lag_scpPSLjfm', '42_lag_stratZ50ndj04', '31_lag_stratZ50ndj03', '16_lag_17_median_tripol1', '26_lag_ginwSSTjfm', '40_lag_solFORC', '16_lag_30_median_traTLS']","[1.1399877612848002, 2.7370490914122634, 5.328876075702171, 6.930468877678301, 3.234117217936948, 1.3971491263447042, 0.3801741583234808, 2.1635303507874504, 2.0009820176757405, 4.125711269059094]","24_lag_amoSSTmjjaso, 16_lag_39_median_atlSICjfm, 35_lag_atlSICjfm, 43_lag_scpPSLjfm, 42_lag_stratZ50ndj04, 31_lag_stratZ50ndj03, 16_lag_17_median_tripol1, 26_lag_ginwSSTjfm, 40_lag_solFORC, 16_lag_30_median_traTLS_3835_16"
LRforcedPSO,32,10,amo1,slow,898.5,2005.5,0.4,47,17,17,12.538094439557764,0.3288439820362903,3835,"['28_lag_mhfATL45', '45_lag_mhfATL45', '35_lag_traFSC', '25_lag_nhSICjfm', '17_lag_44_median_naoPSLjfm', '17_lag_25_median_atlSICsep', '17_lag_44_median_stratZ50ndj03', '17_lag_37_median_tripol2', '41_lag_tripol2', '39_lag_traTLS']","[2.941039893849034, 0.9324026736409401, 5.224132976870413, 0.2688595293178899, 1.3536501598014858, 2.933785785751919, 3.244524451429829, 6.578947085053354, 2.902074184398881, 2.009080820834644]","28_lag_mhfATL45, 45_lag_mhfATL45, 35_lag_traFSC, 25_lag_nhSICjfm, 17_lag_44_median_naoPSLjfm, 17_lag_25_median_atlSICsep, 17_lag_44_median_stratZ50ndj03, 17_lag_37_median_tripol2, 41_lag_tripol2, 39_lag_traTLS_3835_17"
LRforcedPSO,33,10,amo1,slow,899.5,2005.5,0.4,48,18,18,14.252683074526196,0.1841825857946004,3835,"['18_lag_39_median_amo1', '18_lag_31_median_yrvPRjja', '18_lag_37_median_traBS', '18_lag_27_median_ismPRjja', '18_lag_26_median_traFB', '18_lag_25_median_neurTSjfm', '18_lag_40_median_wnorPRjfm', '19_lag_traIFC', '18_lag_31_median_pdoSSTjfm', '18_lag_46_median_neurTSjfm']","[2.744363204789133, 2.696725345622511, 8.155535237783575, 1.1572701270544883, 2.8031787364012173, 3.6559227365718083, 2.2499183543529693, 7.1833654358507815, 5.557717320381656, 0.44628422503975074]","18_lag_39_median_amo1, 18_lag_31_median_yrvPRjja, 18_lag_37_median_traBS, 18_lag_27_median_ismPRjja, 18_lag_26_median_traFB, 18_lag_25_median_neurTSjfm, 18_lag_40_median_wnorPRjfm, 19_lag_traIFC, 18_lag_31_median_pdoSSTjfm, 18_lag_46_median_neurTSjfm_3835_18"
LRforcedPSO,34,10,amo1,slow,900.5,2005.5,0.4,49,19,19,17.23131993583448,-0.3787700777751486,3835,"['19_lag_27_median_glomaSSTjfm', '19_lag_38_median_amoSSTmjjaso', '30_lag_glTSjfm', '19_lag_41_median_nhTSjfm', '30_lag_traMC', '38_lag_stratZ50ndj04', '37_lag_traTLS', '19_lag_46_median_satlSSTjfm', '19_lag_23_median_glTSjfm', '19_lag_29_median_traIT']","[1.9259003819823164, 4.082969789421251, 0.48172571866325065, 1.1375801819444202, 7.931329131694394, 0.568282047762704, 0.12516414081181182, 3.857139673783861, 0.01743432574036774, 4.44067601066706]","19_lag_27_median_glomaSSTjfm, 19_lag_38_median_amoSSTmjjaso, 30_lag_glTSjfm, 19_lag_41_median_nhTSjfm, 30_lag_traMC, 38_lag_stratZ50ndj04, 37_lag_traTLS, 19_lag_46_median_satlSSTjfm, 19_lag_23_median_glTSjfm, 19_lag_29_median_traIT_3835_19"
LRforcedPSO,35,10,amo1,slow,901.5,2005.5,0.4,50,20,20,14.505544341121103,-0.09082129260913377,3835,"['20_lag_48_median_atlSICsep', '42_lag_traBS', '31_lag_glomaSSTjfm', '20_lag_29_median_shSICmar', '20_lag_36_median_yrvPRjja', '20_lag_40_median_nhSICjfm', '20_lag_24_median_traBS', '39_lag_samPSLann', '47_lag_stratZ50ndj03', '46_lag_traWP']","[5.234997816709964, 5.413063992438698, 0.6599367145327744, 7.3751443746879675, 0.506485707757987, 1.7206458664441158, 1.5967668452697215, 1.0078010129764934, 4.78419514383152, 0.7820876001024839]","20_lag_48_median_atlSICsep, 42_lag_traBS, 31_lag_glomaSSTjfm, 20_lag_29_median_shSICmar, 20_lag_36_median_yrvPRjja, 20_lag_40_median_nhSICjfm, 20_lag_24_median_traBS, 39_lag_samPSLann, 47_lag_stratZ50ndj03, 46_lag_traWP_3835_20"
LRforcedPSO,36,10,amo1,slow,902.5,2005.5,0.4,51,21,21,14.103574821952835,0.00615720996627842,3835,"['22_lag_labSSTjfm', '24_lag_yrvPRjja', '21_lag_35_median_traWP', '21_lag_traWP', '32_lag_traIFC', '46_lag_ginwSSTjfm', '26_lag_neurTSjfm', '21_lag_27_median_traEC', '21_lag_46_median_glTSjfm', '28_lag_tripol3']","[5.762822112400913, 1.9682175830385322, 0.04023541651218032, 3.577925309357102, 2.5663567972724133, 0.5828145187794203, 7.05770798184991, 7.01204826383325, 0.16130690890419253, 0.1407558536865512]","22_lag_labSSTjfm, 24_lag_yrvPRjja, 21_lag_35_median_traWP, 21_lag_traWP, 32_lag_traIFC, 46_lag_ginwSSTjfm, 26_lag_neurTSjfm, 21_lag_27_median_traEC, 21_lag_46_median_glTSjfm, 28_lag_tripol3_3835_21"
LRforcedPSO,37,10,amo1,slow,903.5,2005.5,0.4,52,22,22,13.234983809403994,-0.012798011105510964,3835,"['22_lag_26_median_mhfATL30', '22_lag_26_median_traMC', '25_lag_amoSSTmjjaso', '47_lag_arcTSjfm', '22_lag_34_median_labSSTjfm', '22_lag_31_median_eapPSLjfm', '22_lag_29_median_traDS', '42_lag_mhfATL30', '22_lag_43_median_amo2', '26_lag_glomaSSTjfm']","[0.723503697735218, 0.9125232152132856, 2.3766397920159292, 1.400633887759163, 6.191908786228564, 4.700990193902765, 0.2997776307980988, 1.5614730986538543, 3.763485439194156, 7.14683414241952]","22_lag_26_median_mhfATL30, 22_lag_26_median_traMC, 25_lag_amoSSTmjjaso, 47_lag_arcTSjfm, 22_lag_34_median_labSSTjfm, 22_lag_31_median_eapPSLjfm, 22_lag_29_median_traDS, 42_lag_mhfATL30, 22_lag_43_median_amo2, 26_lag_glomaSSTjfm_3835_22"
LRforcedPSO,38,10,amo1,slow,904.5,2005.5,0.4,53,23,23,15.703334695192913,-0.3191234048362133,3835,"['27_lag_traFSC', '23_lag_43_median_wnorPRjfm', '38_lag_gyreSSTjfm', '29_lag_ormenSSTjfm', '49_lag_eapPSLjfm', '25_lag_amo3', '30_lag_amoSSTmjjaso', '23_lag_48_median_stratZ50ndj02', '23_lag_37_median_samPSLann', '25_lag_solFORC']","[2.0759643552422524, 0.8543552482976136, 1.2423237329212107, 2.8657407916666067, 2.435413772474096, 2.627403100864063, 4.45154049634281, 1.2742199157476808, 4.816065581675019, 6.610230300009745]","27_lag_traFSC, 23_lag_43_median_wnorPRjfm, 38_lag_gyreSSTjfm, 29_lag_ormenSSTjfm, 49_lag_eapPSLjfm, 25_lag_amo3, 30_lag_amoSSTmjjaso, 23_lag_48_median_stratZ50ndj02, 23_lag_37_median_samPSLann, 25_lag_solFORC_3835_23"
LRforcedPSO,39,10,amo1,slow,905.5,2005.5,0.4,54,24,24,15.302733848974936,-0.08126085136351369,3835,"['38_lag_amo2', '24_lag_37_median_traBS', '29_lag_tripol3', '24_lag_37_median_seurTSjfm', '50_lag_atlSICjfm', '30_lag_ismPRjja', '24_lag_28_median_mhfATL60', '24_lag_43_median_AMOCann', '43_lag_mhfATL30', '24_lag_32_median_ginwSSTjfm']","[1.4934237316482317, 4.92017154523678, 5.3018415787255435, 2.5635781577805927, 4.532963274073467, 5.273613638720569, 3.9308668936807862, 2.9157415788378476, 0.9709601379357391, 3.105783810936531]","38_lag_amo2, 24_lag_37_median_traBS, 29_lag_tripol3, 24_lag_37_median_seurTSjfm, 50_lag_atlSICjfm, 30_lag_ismPRjja, 24_lag_28_median_mhfATL60, 24_lag_43_median_AMOCann, 43_lag_mhfATL30, 24_lag_32_median_ginwSSTjfm_3835_24"
LRforcedPSO,40,10,amo1,slow,906.5,2005.5,0.4,55,25,25,11.863447316317133,0.07525125948517086,3835,"['25_lag_47_median_traTLS', '27_lag_shTSjfm', '39_lag_eurPSLjfm', '25_lag_53_median_cetTSjfm', '25_lag_49_median_AMOCann', '25_lag_45_median_shTSjfm', '31_lag_tripol1', '39_lag_labSSTjfm', '25_lag_32_median_traBO', '25_lag_52_median_amoSSTmjjaso']","[1.9705050942310347, 2.959675090739962, 3.80796590873413, 1.1867878081307524, 0.32390365201276516, 2.964618871594851, 1.8980003760606383, 0.3189616686594725, 4.900117774092589, 1.894026579184553]","25_lag_47_median_traTLS, 27_lag_shTSjfm, 39_lag_eurPSLjfm, 25_lag_53_median_cetTSjfm, 25_lag_49_median_AMOCann, 25_lag_45_median_shTSjfm, 31_lag_tripol1, 39_lag_labSSTjfm, 25_lag_32_median_traBO, 25_lag_52_median_amoSSTmjjaso_3835_25"
LRforcedPSO,41,10,amo1,slow,907.5,2005.5,0.4,56,26,26,15.620359972336574,-0.11435474976145926,3835,"['26_lag_31_median_atlSICsep', '54_lag_traFB', '26_lag_32_median_nhSICjfm', '26_lag_54_median_labSSTjfm', '26_lag_37_median_mhfATL30', '29_lag_glomaSSTjfm', '26_lag_31_median_nppc2SSTjfm', '26_lag_27_median_alpi', '26_lag_45_median_glomaSSTjfm', '26_lag_52_median_traFB']","[4.253855862190756, 3.733142915630239, 3.573347732501599, 2.7676370121576817, 1.8834343840732082, 4.339716836736866, 2.338520109607522, 6.146463455603744, 3.6888532573691224, 2.8510193736753706]","26_lag_31_median_atlSICsep, 54_lag_traFB, 26_lag_32_median_nhSICjfm, 26_lag_54_median_labSSTjfm, 26_lag_37_median_mhfATL30, 29_lag_glomaSSTjfm, 26_lag_31_median_nppc2SSTjfm, 26_lag_27_median_alpi, 26_lag_45_median_glomaSSTjfm, 26_lag_52_median_traFB_3835_26"
LRforcedPSO,42,10,amo1,slow,908.5,2005.5,0.4,57,27,27,14.19075872463811,-0.3300138082151107,3835,"['32_lag_seurTSjfm', '27_lag_50_median_glTSjfm', '55_lag_solFORC', '27_lag_56_median_traDP', '40_lag_shSICsep', '27_lag_40_median_amo1', '47_lag_wnorPRjfm', '28_lag_alpi', '27_lag_35_median_AMOCann', '54_lag_yrvPRjja']","[2.5242228440407217, 2.480019508467988, 3.106172596936436, 3.1762426570919766, 5.0847287204767895, 2.188263585825614, 4.710840930157204, 0.07222407823169519, 0.1685247423474241, 1.1559820988306697]","32_lag_seurTSjfm, 27_lag_50_median_glTSjfm, 55_lag_solFORC, 27_lag_56_median_traDP, 40_lag_shSICsep, 27_lag_40_median_amo1, 47_lag_wnorPRjfm, 28_lag_alpi, 27_lag_35_median_AMOCann, 54_lag_yrvPRjja_3835_27"
LRforcedPSO,43,10,amo1,slow,909.5,2005.5,0.4,58,28,28,14.305128072860464,-0.30828319916793673,3835,"['28_lag_55_median_ginwSSTjfm', '54_lag_stratZ50ndj04', '55_lag_naoPSLjfm', '28_lag_shTSjfm', '28_lag_34_median_eapPSLjfm', '28_lag_30_median_ginwSSTjfm', '29_lag_mhfIP30', '28_lag_44_median_mhfATL60', '28_lag_42_median_scpPSLjfm', '28_lag_49_median_amo1']","[0.8023276635016501, 0.019470289002864405, 4.972136363004765, 1.481941992784856, 0.4173393019720262, 3.7474977851109443, 1.3177935423410112, 2.507097651705566, 3.230600710323259, 3.91477503575363]","28_lag_55_median_ginwSSTjfm, 54_lag_stratZ50ndj04, 55_lag_naoPSLjfm, 28_lag_shTSjfm, 28_lag_34_median_eapPSLjfm, 28_lag_30_median_ginwSSTjfm, 29_lag_mhfIP30, 28_lag_44_median_mhfATL60, 28_lag_42_median_scpPSLjfm, 28_lag_49_median_amo1_3835_28"
LRforcedPSO,44,10,amo1,slow,910.5,2005.5,0.4,59,29,29,12.629597667419869,0.16860366485347436,3835,"['49_lag_nhSICsep', '36_lag_traBS', '42_lag_traFB', '29_lag_30_median_amoSSTmjjaso', '29_lag_40_median_satlSSTjfm', '29_lag_37_median_traTLS', '29_lag_33_median_ginwSSTjfm', '44_lag_traFS', '43_lag_traEC', '41_lag_pdoSSTjfm']","[1.1261249503484443, 2.62650167481279, 3.669654561566775, 6.8593917252852386, 0.6425724391012047, 3.663888634827435, 0.9564037566118859, 1.2613689546471303, 5.591791221322566, 0.875233496302954]","49_lag_nhSICsep, 36_lag_traBS, 42_lag_traFB, 29_lag_30_median_amoSSTmjjaso, 29_lag_40_median_satlSSTjfm, 29_lag_37_median_traTLS, 29_lag_33_median_ginwSSTjfm, 44_lag_traFS, 43_lag_traEC, 41_lag_pdoSSTjfm_3835_29"
LRforcedPSO,45,10,amo1,slow,911.5,2005.5,0.4,60,30,30,11.742440084516094,-0.032474349483252535,3835,"['59_lag_eapPSLjfm', '30_lag_45_median_solFORC', '42_lag_ismPRjja', '32_lag_nppc3SSTjfm', '30_lag_37_median_traMC', '30_lag_51_median_alpi', '33_lag_traFSC', '30_lag_47_median_satlSSTjfm', '47_lag_shSICsep', '49_lag_shSICmar']","[3.071844801154013, 4.483050623972449, 1.9754778003611584, 1.785501958330995, 0.9912571259339451, 2.2599182413272327, 2.145902938729865, 1.080157096745971, 2.0962663516444238, 1.781498511803088]","59_lag_eapPSLjfm, 30_lag_45_median_solFORC, 42_lag_ismPRjja, 32_lag_nppc3SSTjfm, 30_lag_37_median_traMC, 30_lag_51_median_alpi, 33_lag_traFSC, 30_lag_47_median_satlSSTjfm, 47_lag_shSICsep, 49_lag_shSICmar_3835_30"
LRforcedPSO,46,10,amo1,slow,912.5,2005.5,0.4,61,31,31,13.745634065626376,0.14475447912802203,3835,"['31_lag_35_median_traBS', '31_lag_42_median_tripol3', '31_lag_34_median_labSSTjfm', '52_lag_gyreSSTjfm', '60_lag_mhfATL30', '42_lag_stratZ50ndj01', '56_lag_mhfATL30', '31_lag_58_median_gyreSSTjfm', '31_lag_36_median_amo1', '31_lag_46_median_amo3']","[3.3090137688658006, 4.053824645429804, 2.767166572747154, 3.411520846941702, 5.908594285714024, 5.043827656945343, 3.9357421249532587, 1.7264644314557565, 2.2644626490047397, 2.900762864081374]","31_lag_35_median_traBS, 31_lag_42_median_tripol3, 31_lag_34_median_labSSTjfm, 52_lag_gyreSSTjfm, 60_lag_mhfATL30, 42_lag_stratZ50ndj01, 56_lag_mhfATL30, 31_lag_58_median_gyreSSTjfm, 31_lag_36_median_amo1, 31_lag_46_median_amo3_3835_31"
LRforcedPSO,47,10,amo1,slow,913.5,2005.5,0.4,62,32,32,15.513907423962422,-0.20686608236032794,3835,"['43_lag_mhfIP30', '35_lag_glomaSSTjfm', '47_lag_solFORC', '32_lag_41_median_samPSLann', '59_lag_cetTSjfm', '43_lag_mhfATL45', '58_lag_stratZ50ndj04', '56_lag_tripol2', '48_lag_traIT', '32_lag_45_median_labSSTjfm']","[1.9951820320350606, 7.755642621519334, 0.13733875085444325, 2.4868326276075443, 0.5871191694470745, 3.3215560526285, 5.700218894312179, 2.349445101268037, 3.0163294034874593, 1.009126137212455]","43_lag_mhfIP30, 35_lag_glomaSSTjfm, 47_lag_solFORC, 32_lag_41_median_samPSLann, 59_lag_cetTSjfm, 43_lag_mhfATL45, 58_lag_stratZ50ndj04, 56_lag_tripol2, 48_lag_traIT, 32_lag_45_median_labSSTjfm_3835_32"
LRforcedPSO,48,10,amo1,slow,914.5,2005.5,0.4,63,33,33,12.383830862903505,0.24652573412565312,3835,"['55_lag_nhTSjfm', '35_lag_cetTSjfm', '33_lag_mhfATL60', '61_lag_tripol3', '33_lag_54_median_AMOCann', '33_lag_46_median_traBO', '62_lag_traFS', '36_lag_nhSICsep', '33_lag_glomaSSTjfm', '33_lag_42_median_wnorPRjfm']","[1.3335920901891782, 6.28473775554353, 2.560180130498413, 3.3745606625589826, 0.6313005760464314, 1.8694296677351616, 1.4925630318133916, 1.094989534487505, 4.397411832596209, 7.2191397085959395]","55_lag_nhTSjfm, 35_lag_cetTSjfm, 33_lag_mhfATL60, 61_lag_tripol3, 33_lag_54_median_AMOCann, 33_lag_46_median_traBO, 62_lag_traFS, 36_lag_nhSICsep, 33_lag_glomaSSTjfm, 33_lag_42_median_wnorPRjfm_3835_33"
LRforcedPSO,49,10,amo1,slow,915.5,2005.5,0.4,64,34,34,12.021616058749546,-0.013949774748977642,3835,"['34_lag_42_median_stratZ50ndj03', '34_lag_43_median_shSICmar', '34_lag_58_median_tripol1', '55_lag_samPSLann', '34_lag_57_median_traIFC', '34_lag_56_median_nchinaPRjja', '44_lag_samPSLann', '34_lag_40_median_stratZ50ndj02', '34_lag_40_median_labSSTjfm', '34_lag_59_median_amo3']","[1.5818051044540802, 0.23327548774975604, 6.019694807214351, 3.8436062979675167, 0.5138371846509564, 3.4717297898145834, 1.7290499599048204, 0.5373100137905631, 0.6487741924093875, 1.1065073688673763]","34_lag_42_median_stratZ50ndj03, 34_lag_43_median_shSICmar, 34_lag_58_median_tripol1, 55_lag_samPSLann, 34_lag_57_median_traIFC, 34_lag_56_median_nchinaPRjja, 44_lag_samPSLann, 34_lag_40_median_stratZ50ndj02, 34_lag_40_median_labSSTjfm, 34_lag_59_median_amo3_3835_34"
LRforcedPSO,50,10,amo1,slow,916.5,2005.5,0.4,65,35,35,16.298710500260025,0.07296233735651309,3835,"['35_lag_64_median_traMC', '58_lag_solFORC', '35_lag_43_median_traFS', '38_lag_nhSICjfm', '35_lag_60_median_alpi', '35_lag_60_median_traDS', '35_lag_64_median_traWP', '61_lag_tripol1', '40_lag_traFS', '35_lag_57_median_arcTSjfm']","[0.5203928516065677, 5.181383022596718, 7.558699605842321, 5.82783244063274, 4.678708245601819, 2.641488137246853, 5.817268216562647, 2.8483148827877685, 0.22105579885445792, 4.158267525982966]","35_lag_64_median_traMC, 58_lag_solFORC, 35_lag_43_median_traFS, 38_lag_nhSICjfm, 35_lag_60_median_alpi, 35_lag_60_median_traDS, 35_lag_64_median_traWP, 61_lag_tripol1, 40_lag_traFS, 35_lag_57_median_arcTSjfm_3835_35"
LRforcedPSO,51,10,amo1,slow,917.5,2005.5,0.4,66,36,36,12.1983872805532,0.07700726007454553,3835,"['61_lag_nhSICsep', '45_lag_traEU', '36_lag_62_median_ginwSSTjfm', '36_lag_42_median_shSICsep', '47_lag_traDS', '41_lag_satlSSTjfm', '46_lag_glomaSSTjfm', '54_lag_ensoSSTjfm', '36_lag_42_median_mhfATL45', '63_lag_seurTSjfm']","[0.4781812617818666, 6.830999926634654, 3.546463187191211, 8.294670607263194, 0.6415144024788617, 6.195409059617192, 1.4718343308156339, 2.6607082192191234, 1.790726588535911, 3.275495965465282]","61_lag_nhSICsep, 45_lag_traEU, 36_lag_62_median_ginwSSTjfm, 36_lag_42_median_shSICsep, 47_lag_traDS, 41_lag_satlSSTjfm, 46_lag_glomaSSTjfm, 54_lag_ensoSSTjfm, 36_lag_42_median_mhfATL45, 63_lag_seurTSjfm_3835_36"
LRforcedPSO,52,10,amo1,slow,918.5,2005.5,0.4,67,37,37,12.456024773348389,-0.08489476520149732,3835,"['58_lag_ormenSSTjfm', '37_lag_59_median_cetTSjfm', '37_lag_59_median_arcTSjfm', '37_lag_60_median_nhTSjfm', '56_lag_gyreSSTjfm', '50_lag_stratZ50ndj01', '61_lag_atlSICsep', '37_lag_45_median_atlSICjfm', '37_lag_46_median_stratZ50ndj03', '46_lag_amo2']","[5.052988310087175, 2.4676726724268017, 1.9766762094050545, 1.4053106140384592, 3.4574077885007037, 4.858544710964761, 2.1894549438337503, 0.272290481824486, 0.27374047647208677, 3.3419104080540762]","58_lag_ormenSSTjfm, 37_lag_59_median_cetTSjfm, 37_lag_59_median_arcTSjfm, 37_lag_60_median_nhTSjfm, 56_lag_gyreSSTjfm, 50_lag_stratZ50ndj01, 61_lag_atlSICsep, 37_lag_45_median_atlSICjfm, 37_lag_46_median_stratZ50ndj03, 46_lag_amo2_3835_37"
LRforcedPSO,53,10,amo1,slow,919.5,2005.5,0.4,68,38,38,13.292103163511173,0.07062739522856638,3835,"['38_lag_48_median_stratZ50ndj04', '58_lag_labSSTjfm', '38_lag_49_median_traWP', '47_lag_stratZ50ndj04', '38_lag_59_median_traFS', '55_lag_nppc2SSTjfm', '48_lag_ensoSSTjfm', '67_lag_traWP', '54_lag_traWP', '60_lag_traEC']","[0.3268502888929188, 4.563144053234252, 0.6558020630412962, 1.5256887328017008, 0.6792992985053186, 6.023474373513298, 3.60409569027341, 5.394175689749856, 6.075912257529246, 1.4272182218424057]","38_lag_48_median_stratZ50ndj04, 58_lag_labSSTjfm, 38_lag_49_median_traWP, 47_lag_stratZ50ndj04, 38_lag_59_median_traFS, 55_lag_nppc2SSTjfm, 48_lag_ensoSSTjfm, 67_lag_traWP, 54_lag_traWP, 60_lag_traEC_3835_38"
LRforcedPSO,54,10,amo1,slow,920.5,2005.5,0.4,69,39,39,14.85848402135623,-0.18311789004756923,3835,"['39_lag_61_median_stratZ50ndj02', '47_lag_stratZ50ndj04', '39_lag_48_median_traFB', '39_lag_57_median_stratZ50ndj02', '39_lag_50_median_cetTSjfm', '39_lag_55_median_tripol3', '39_lag_57_median_ensoSSTjfm', '39_lag_47_median_yrvPRjja', '39_lag_56_median_stratZ50ndj04', '39_lag_51_median_scpPSLjfm']","[0.9359489089443667, 6.373259239985458, 0.45268117071724134, 5.085103615802467, 7.966298188344907, 1.6804296258580855, 0.6581246243736665, 1.696113688623452, 3.16061674865934, 2.0446700866355965]","39_lag_61_median_stratZ50ndj02, 47_lag_stratZ50ndj04, 39_lag_48_median_traFB, 39_lag_57_median_stratZ50ndj02, 39_lag_50_median_cetTSjfm, 39_lag_55_median_tripol3, 39_lag_57_median_ensoSSTjfm, 39_lag_47_median_yrvPRjja, 39_lag_56_median_stratZ50ndj04, 39_lag_51_median_scpPSLjfm_3835_39"
LRforcedPSO,55,10,amo1,slow,921.5,2005.5,0.4,70,40,40,11.631757556380517,0.14695576726452267,3835,"['56_lag_amo2', '50_lag_nhSICjfm', '63_lag_glomaSSTjfm', '40_lag_amoSSTmjjaso', '69_lag_nhTSjfm', '62_lag_pdoSSTjfm', '57_lag_nhSICsep', '65_lag_traIFC', '65_lag_nppc2SSTjfm', '40_lag_52_median_stratZ50ndj01']","[4.279891547472811, 2.066866413755399, 5.369089237682715, 1.5025074551231086, 0.7033815792996982, 1.2749417207892417, 2.2514596999641405, 2.046737522780157, 0.49119567240948747, 1.3207917488051883]","56_lag_amo2, 50_lag_nhSICjfm, 63_lag_glomaSSTjfm, 40_lag_amoSSTmjjaso, 69_lag_nhTSjfm, 62_lag_pdoSSTjfm, 57_lag_nhSICsep, 65_lag_traIFC, 65_lag_nppc2SSTjfm, 40_lag_52_median_stratZ50ndj01_3835_40"
LRforcedPSO,56,10,amo1,slow,922.5,2005.5,0.4,71,41,41,15.108200937688887,-0.13157737272112907,3835,"['56_lag_stratZ50ndj01', '63_lag_traFB', '41_lag_49_median_traFS', '61_lag_ginwSSTjfm', '41_lag_66_median_scpPSLjfm', '41_lag_67_median_gyreSSTjfm', '41_lag_64_median_nhSICjfm', '41_lag_59_median_labSSTjfm', '56_lag_atlSICjfm', '46_lag_glTSjfm']","[3.7115182637850914, 2.8098206761344553, 0.6577556048169058, 3.6561613770401546, 7.558081487614947, 0.7020069355503562, 1.599249435932359, 0.2929795401658719, 4.187093355913851, 4.368031647644825]","56_lag_stratZ50ndj01, 63_lag_traFB, 41_lag_49_median_traFS, 61_lag_ginwSSTjfm, 41_lag_66_median_scpPSLjfm, 41_lag_67_median_gyreSSTjfm, 41_lag_64_median_nhSICjfm, 41_lag_59_median_labSSTjfm, 56_lag_atlSICjfm, 46_lag_glTSjfm_3835_41"
LRforcedPSO,57,10,amo1,slow,923.5,2005.5,0.4,72,42,42,14.772768142912014,-0.11465874678148,3835,"['71_lag_ormenSSTjfm', '62_lag_scpPSLjfm', '57_lag_nppc3SSTjfm', '43_lag_seurTSjfm', '42_lag_43_median_amoSSTmjjaso', '42_lag_43_median_neurTSjfm', '42_lag_53_median_tripol3', '61_lag_glomaSSTjfm', '42_lag_54_median_amo3', '62_lag_atlSICsep']","[6.894233461605907, 0.32762125525722396, 4.235540775905687, 0.2906409012586675, 6.423214750988009, 2.1149996371651465, 4.142943203363611, 0.2763264595939745, 1.9513126039262119, 1.760966179450671]","71_lag_ormenSSTjfm, 62_lag_scpPSLjfm, 57_lag_nppc3SSTjfm, 43_lag_seurTSjfm, 42_lag_43_median_amoSSTmjjaso, 42_lag_43_median_neurTSjfm, 42_lag_53_median_tripol3, 61_lag_glomaSSTjfm, 42_lag_54_median_amo3, 62_lag_atlSICsep_3835_42"
LRforcedPSO,58,10,amo1,slow,924.5,2005.5,0.4,73,43,43,12.285638647742147,0.05413813688942364,3835,"['43_lag_58_median_mhfATL45', '43_lag_67_median_shTSjfm', '52_lag_nppc3SSTjfm', '70_lag_scpPSLjfm', '54_lag_amo1', '43_lag_71_median_traEU', '43_lag_44_median_traBO', '65_lag_shSICsep', '60_lag_scpPSLjfm', '43_lag_52_median_tripol1']","[0.2745755410847135, 1.5371457555899113, 3.853567593700989, 5.014206707355628, 3.9034277799149564, 5.41558770667139, 1.5753109527685467, 2.1460120730868137, 2.819724294659725, 3.782193097329259]","43_lag_58_median_mhfATL45, 43_lag_67_median_shTSjfm, 52_lag_nppc3SSTjfm, 70_lag_scpPSLjfm, 54_lag_amo1, 43_lag_71_median_traEU, 43_lag_44_median_traBO, 65_lag_shSICsep, 60_lag_scpPSLjfm, 43_lag_52_median_tripol1_3835_43"
LRforcedPSO,59,10,amo1,slow,925.5,2005.5,0.4,74,44,44,14.082712601680463,-0.008523868478437745,3835,"['51_lag_glomaSSTjfm', '44_lag_57_median_nhSICjfm', '44_lag_60_median_solFORC', '44_lag_47_median_arcTSjfm', '44_lag_54_median_traFS', '44_lag_53_median_ensoSSTjfm', '44_lag_55_median_shSICsep', '44_lag_70_median_eurPSLjfm', '44_lag_52_median_traFB', '44_lag_63_median_stratZ50ndj03']","[1.6579255073894306, 1.8727684791885668, 0.6435133674670332, 6.199575089197641, 1.1397867170207405, 0.6188543363201067, 0.5632894651921294, 2.5122583844399937, 2.10217823848261, 6.131138596570169]","51_lag_glomaSSTjfm, 44_lag_57_median_nhSICjfm, 44_lag_60_median_solFORC, 44_lag_47_median_arcTSjfm, 44_lag_54_median_traFS, 44_lag_53_median_ensoSSTjfm, 44_lag_55_median_shSICsep, 44_lag_70_median_eurPSLjfm, 44_lag_52_median_traFB, 44_lag_63_median_stratZ50ndj03_3835_44"
LRforcedPSO,60,10,amo1,slow,926.5,2005.5,0.4,75,45,45,12.360857443939192,0.08076296665716107,3835,"['45_lag_70_median_stratZ50ndj01', '45_lag_52_median_shTSjfm', '62_lag_traDP', '45_lag_58_median_nppc3SSTjfm', '45_lag_67_median_yrvPRjja', '57_lag_traBO', '45_lag_60_median_traBO', '54_lag_glTSjfm', '54_lag_eapPSLjfm', '50_lag_tripol2']","[1.3155060913379995, 3.7976422538200882, 0.35195637577483296, 3.9359207028982706, 1.9756135409521995, 7.800683843393066, 0.16611234839413314, 5.306901796205125, 1.146567493885911, 1.3532856899698693]","45_lag_70_median_stratZ50ndj01, 45_lag_52_median_shTSjfm, 62_lag_traDP, 45_lag_58_median_nppc3SSTjfm, 45_lag_67_median_yrvPRjja, 57_lag_traBO, 45_lag_60_median_traBO, 54_lag_glTSjfm, 54_lag_eapPSLjfm, 50_lag_tripol2_3835_45"
LRforcedPSO,61,10,amo1,slow,927.5,2005.5,0.4,76,46,46,15.52963153613921,-0.13986000182948646,3835,"['57_lag_amo2', '51_lag_ormenSSTjfm', '53_lag_shSICmar', '46_lag_57_median_traIFC', '46_lag_68_median_mhfATL45', '49_lag_solFORC', '46_lag_59_median_traEC', '49_lag_shTSjfm', '46_lag_56_median_ormenSSTjfm', '52_lag_traMC']","[2.5624954791334815, 3.1557387509099772, 6.162518605019793, 5.3480714887819865, 0.474854555488486, 4.930057241945169, 3.339619062661634, 3.8659325583867643, 6.924782180063533, 0.39690640190343984]","57_lag_amo2, 51_lag_ormenSSTjfm, 53_lag_shSICmar, 46_lag_57_median_traIFC, 46_lag_68_median_mhfATL45, 49_lag_solFORC, 46_lag_59_median_traEC, 49_lag_shTSjfm, 46_lag_56_median_ormenSSTjfm, 52_lag_traMC_3835_46"
LRforcedPSO,62,10,amo1,slow,928.5,2005.5,0.4,77,47,47,12.50840418172493,0.27218256265684443,3835,"['52_lag_ginwSSTjfm', '47_lag_59_median_satlSSTjfm', '66_lag_yrvPRjja', '47_lag_eapPSLjfm', '70_lag_traEC', '62_lag_mhfIP30', '47_lag_75_median_naoPSLjfm', '50_lag_shTSjfm', '47_lag_54_median_glTSjfm', '74_lag_traDS']","[5.551594456281923, 4.326155985309864, 2.244426490851314, 1.1795328132962162, 4.357957146732412, 0.8072347062019531, 0.729804209645998, 1.5615966502202312, 4.2066172995447655, 4.528097326754526]","52_lag_ginwSSTjfm, 47_lag_59_median_satlSSTjfm, 66_lag_yrvPRjja, 47_lag_eapPSLjfm, 70_lag_traEC, 62_lag_mhfIP30, 47_lag_75_median_naoPSLjfm, 50_lag_shTSjfm, 47_lag_54_median_glTSjfm, 74_lag_traDS_3835_47"
LRforcedPSO,63,10,amo1,slow,929.5,2005.5,0.4,78,48,48,11.994841680207893,0.014636637074883815,3835,"['54_lag_stratZ50ndj04', '72_lag_naoPSLjfm', '73_lag_traTLS', '48_lag_61_median_solFORC', '48_lag_traWP', '71_lag_yrvPRjja', '48_lag_74_median_yrvPRjja', '48_lag_58_median_cetTSjfm', '75_lag_nppc3SSTjfm', '61_lag_AMOCann']","[1.7343711221333802, 0.12341529690640485, 3.0622847982325823, 2.7453768334804547, 1.3780026918671204, 4.207817748674005, 0.14592600717403492, 0.9457368875248378, 3.8213679952563737, 2.5679588344179933]","54_lag_stratZ50ndj04, 72_lag_naoPSLjfm, 73_lag_traTLS, 48_lag_61_median_solFORC, 48_lag_traWP, 71_lag_yrvPRjja, 48_lag_74_median_yrvPRjja, 48_lag_58_median_cetTSjfm, 75_lag_nppc3SSTjfm, 61_lag_AMOCann_3835_48"
LRforcedPSO,64,10,amo1,slow,930.5,2005.5,0.4,79,49,49,13.729509998314517,0.05886096402823949,3835,"['51_lag_atlSICsep', '54_lag_tripol1', '49_lag_77_median_ginwSSTjfm', '51_lag_traBO', '52_lag_atlSICjfm', '52_lag_traEU', '49_lag_54_median_alpi', '64_lag_gyreSSTjfm', '49_lag_77_median_eapPSLjfm', '62_lag_traBO']","[4.567078322414737, 2.3515817318539227, 2.171974212668757, 1.388167409714633, 6.224466540242712, 2.5498872543299207, 3.2690713965543665, 4.976977016211457, 2.458828591379893, 1.46430191656437]","51_lag_atlSICsep, 54_lag_tripol1, 49_lag_77_median_ginwSSTjfm, 51_lag_traBO, 52_lag_atlSICjfm, 52_lag_traEU, 49_lag_54_median_alpi, 64_lag_gyreSSTjfm, 49_lag_77_median_eapPSLjfm, 62_lag_traBO_3835_49"
LRforcedPSO,65,10,amo1,slow,931.5,2005.5,0.4,80,50,50,13.901008356368035,0.050250364686108794,3835,"['50_lag_71_median_nhTSjfm', '50_lag_58_median_traIT', '57_lag_glomaSSTjfm', '66_lag_atlSICjfm', '60_lag_mhfATL60', '50_lag_69_median_ginwSSTjfm', '59_lag_traIT', '50_lag_79_median_AMOCann', '71_lag_traDP', '79_lag_tripol3']","[3.0588678839560357, 3.8052572936986255, 4.430139876808688, 0.024168253390017824, 4.967969676356443, 0.7173506962915592, 4.780941394004623, 3.6349324361449264, 5.3393774887090695, 2.9652773859730353]","50_lag_71_median_nhTSjfm, 50_lag_58_median_traIT, 57_lag_glomaSSTjfm, 66_lag_atlSICjfm, 60_lag_mhfATL60, 50_lag_69_median_ginwSSTjfm, 59_lag_traIT, 50_lag_79_median_AMOCann, 71_lag_traDP, 79_lag_tripol3_3835_50"
LRforcedPSO,66,10,amo1,slow,932.5,2005.5,0.4,81,51,51,13.619831659254135,0.22147979398916037,3835,"['70_lag_tripol1', '65_lag_traTLS', '51_lag_54_median_eapPSLjfm', '51_lag_80_median_arcTSjfm', '58_lag_stratZ50ndj04', '78_lag_amo2', '51_lag_53_median_arcTSjfm', '79_lag_traBO', '71_lag_stratZ50ndj03', '51_lag_54_median_satlSSTjfm']","[3.0901347021411034, 3.6683373237275436, 1.416846954365985, 6.707911875798235, 2.1525516913081777, 4.193358184429751, 3.9200620442091942, 5.527651929664339, 2.984012420308135, 3.9663134778851212]","70_lag_tripol1, 65_lag_traTLS, 51_lag_54_median_eapPSLjfm, 51_lag_80_median_arcTSjfm, 58_lag_stratZ50ndj04, 78_lag_amo2, 51_lag_53_median_arcTSjfm, 79_lag_traBO, 71_lag_stratZ50ndj03, 51_lag_54_median_satlSSTjfm_3835_51"
LRforcedPSO,67,10,amo1,slow,933.5,2005.5,0.4,82,52,52,13.552012535510382,-0.11031255024034511,3835,"['66_lag_traBO', '76_lag_cetTSjfm', '52_lag_66_median_nchinaPRjja', '52_lag_53_median_traFB', '79_lag_traEU', '52_lag_62_median_traWP', '71_lag_glTSjfm', '52_lag_73_median_atlSICjfm', '64_lag_traFS', '52_lag_57_median_atlSICjfm']","[2.833339243985991, 1.560189800040817, 2.4623537831563596, 0.6398401919595802, 0.6948647662735503, 4.243553123428243, 1.8277432044877315, 2.387211666667959, 5.484945594292558, 0.4922026032539861]","66_lag_traBO, 76_lag_cetTSjfm, 52_lag_66_median_nchinaPRjja, 52_lag_53_median_traFB, 79_lag_traEU, 52_lag_62_median_traWP, 71_lag_glTSjfm, 52_lag_73_median_atlSICjfm, 64_lag_traFS, 52_lag_57_median_atlSICjfm_3835_52"
LRforcedPSO,68,10,amo1,slow,934.5,2005.5,0.4,83,53,53,18.66911638618599,-0.16770374555321677,3835,"['53_lag_74_median_nhTSjfm', '58_lag_stratZ50ndj04', '53_lag_61_median_nppc3SSTjfm', '59_lag_stratZ50ndj03', '53_lag_65_median_cetTSjfm', '53_lag_60_median_stratZ50ndj03', '53_lag_55_median_tripol1', '53_lag_74_median_ensoSSTjfm', '53_lag_79_median_solFORC', '62_lag_stratZ50ndj03']","[4.133483895175994, 2.6173976684464346, 2.1729351347772674, 3.2845390577114557, 2.2402478122714538, 1.8217687695410199, 1.5590523672052896, 1.9716464494377295, 9.899774334335419, 0.892987148380195]","53_lag_74_median_nhTSjfm, 58_lag_stratZ50ndj04, 53_lag_61_median_nppc3SSTjfm, 59_lag_stratZ50ndj03, 53_lag_65_median_cetTSjfm, 53_lag_60_median_stratZ50ndj03, 53_lag_55_median_tripol1, 53_lag_74_median_ensoSSTjfm, 53_lag_79_median_solFORC, 62_lag_stratZ50ndj03_3835_53"
LRforcedPSO,69,10,amo1,slow,935.5,2005.5,0.4,84,54,54,12.275736252976829,-0.04149596158960706,3835,"['78_lag_ginwSSTjfm', '54_lag_71_median_atlSICsep', '75_lag_gyreSSTjfm', '78_lag_eurPSLjfm', '54_lag_72_median_neurTSjfm', '54_lag_64_median_scpPSLjfm', '74_lag_gyreSSTjfm', '54_lag_77_median_shSICmar', '54_lag_60_median_cetTSjfm', '68_lag_mhfATL45']","[0.326329190359683, 2.7940588661267647, 9.179324342354565, 1.9479995454043006, 0.9966554164989034, 0.4303382130220701, 7.908953541203136, 6.815428113401044, 4.803049455793511, 1.1749267651761137]","78_lag_ginwSSTjfm, 54_lag_71_median_atlSICsep, 75_lag_gyreSSTjfm, 78_lag_eurPSLjfm, 54_lag_72_median_neurTSjfm, 54_lag_64_median_scpPSLjfm, 74_lag_gyreSSTjfm, 54_lag_77_median_shSICmar, 54_lag_60_median_cetTSjfm, 68_lag_mhfATL45_3835_54"
LRforcedPSO,70,10,amo1,slow,936.5,2005.5,0.4,85,55,55,16.531177177994852,-0.0848326679884163,3835,"['60_lag_labSSTjfm', '64_lag_traCA', '67_lag_mhfATL60', '55_lag_79_median_atlSICjfm', '82_lag_labSSTjfm', '84_lag_tripol1', '79_lag_traCA', '55_lag_75_median_mhfATL45', '58_lag_glTSjfm', '64_lag_eapPSLjfm']","[2.1401339197305838, 4.184282552658772, 1.2210485503488258, 2.2258228840852485, 4.275848466640461, 0.7082494182426498, 9.730285641047484, 6.390291669920534, 0.42993225154675585, 0.25600141988823566]","60_lag_labSSTjfm, 64_lag_traCA, 67_lag_mhfATL60, 55_lag_79_median_atlSICjfm, 82_lag_labSSTjfm, 84_lag_tripol1, 79_lag_traCA, 55_lag_75_median_mhfATL45, 58_lag_glTSjfm, 64_lag_eapPSLjfm_3835_55"
LRforcedPSO,71,10,amo1,slow,937.5,2005.5,0.4,86,56,56,12.458797709987795,-0.09813504296954824,3835,"['80_lag_shSICsep', '56_lag_57_median_solFORC', '56_lag_57_median_amo1', '75_lag_mhfATL45', '56_lag_82_median_nhSICsep', '64_lag_nchinaPRjja', '56_lag_57_median_traEU', '56_lag_78_median_traCA', '59_lag_traEU', '71_lag_tripol1']","[0.7884225416619213, 0.07351639672939925, 2.7736026244851644, 2.7080838400563874, 1.176116172764008, 2.8187440033695843, 2.4645248283177956, 0.3333065620597502, 5.483073248054337, 5.425180202274764]","80_lag_shSICsep, 56_lag_57_median_solFORC, 56_lag_57_median_amo1, 75_lag_mhfATL45, 56_lag_82_median_nhSICsep, 64_lag_nchinaPRjja, 56_lag_57_median_traEU, 56_lag_78_median_traCA, 59_lag_traEU, 71_lag_tripol1_3835_56"
LRforcedPSO,72,10,amo1,slow,938.5,2005.5,0.4,87,57,57,14.815791782275681,-0.11161430102677847,3835,"['64_lag_traIFC', '83_lag_traEC', '57_lag_71_median_stratZ50ndj03', '63_lag_traCA', '57_lag_74_median_cetTSjfm', '57_lag_74_median_ginwSSTjfm', '57_lag_58_median_samPSLann', '58_lag_traDS', '86_lag_pdoSSTjfm', '63_lag_traEC']","[0.7240861784705359, 6.004113767043432, 3.1657464772936734, 3.002287154875729, 1.4987482984508596, 7.443835354380979, 2.9648964841070153, 6.085537250975449, 2.0802745304226278, 3.173964502122086]","64_lag_traIFC, 83_lag_traEC, 57_lag_71_median_stratZ50ndj03, 63_lag_traCA, 57_lag_74_median_cetTSjfm, 57_lag_74_median_ginwSSTjfm, 57_lag_58_median_samPSLann, 58_lag_traDS, 86_lag_pdoSSTjfm, 63_lag_traEC_3835_57"
LRforcedPSO,73,10,amo1,slow,939.5,2005.5,0.4,88,58,58,12.19787904642724,0.2398853478373785,3835,"['58_lag_83_median_glTSjfm', '58_lag_66_median_mhfATL45', '58_lag_73_median_gyreSSTjfm', '58_lag_87_median_mhfATL45', '58_lag_81_median_mhfATL60', '58_lag_64_median_amo1', '70_lag_ginwSSTjfm', '63_lag_tripol3', '58_lag_82_median_eurPSLjfm', '61_lag_wnorPRjfm']","[9.046237413298218, 4.9037280379812405, 2.584685597508054, 0.41205882309661135, 3.3306853908686085, 4.422469406797102, 0.46755286510109784, 2.1474424235226275, 2.371403749834503, 1.1118684109278547]","58_lag_83_median_glTSjfm, 58_lag_66_median_mhfATL45, 58_lag_73_median_gyreSSTjfm, 58_lag_87_median_mhfATL45, 58_lag_81_median_mhfATL60, 58_lag_64_median_amo1, 70_lag_ginwSSTjfm, 63_lag_tripol3, 58_lag_82_median_eurPSLjfm, 61_lag_wnorPRjfm_3835_58"
LRforcedPSO,74,10,amo1,slow,940.5,2005.5,0.4,89,59,59,15.83841512578087,-0.15494561046386862,3835,"['83_lag_scpPSLjfm', '59_lag_72_median_ormenSSTjfm', '59_lag_78_median_ismPRjja', '59_lag_80_median_ensoSSTjfm', '59_lag_78_median_AMOCann', '59_lag_66_median_wnorPRjfm', '72_lag_satlSSTjfm', '59_lag_76_median_amo2', '83_lag_satlSSTjfm', '85_lag_glomaSSTjfm']","[1.2575608829923635, 4.597013012022131, 6.42710257365928, 0.1965158522169741, 2.541678658596611, 6.086080724418821, 1.531392998538374, 5.41698591462882, 2.910068226847309, 0.019078088742308097]","83_lag_scpPSLjfm, 59_lag_72_median_ormenSSTjfm, 59_lag_78_median_ismPRjja, 59_lag_80_median_ensoSSTjfm, 59_lag_78_median_AMOCann, 59_lag_66_median_wnorPRjfm, 72_lag_satlSSTjfm, 59_lag_76_median_amo2, 83_lag_satlSSTjfm, 85_lag_glomaSSTjfm_3835_59"
LRforcedPSO,75,10,amo1,slow,941.5,2005.5,0.4,90,60,60,15.954545368749518,-0.1681297082386005,3835,"['80_lag_traDP', '60_lag_72_median_AMOCann', '71_lag_eapPSLjfm', '62_lag_traIFC', '60_lag_85_median_wnorPRjfm', '60_lag_traCA', '81_lag_amo2', '60_lag_80_median_alpi', '71_lag_gyreSSTjfm', '60_lag_82_median_shSICmar']","[3.126002929970298, 2.861842896678521, 3.7608175213130686, 5.790586346130895, 3.9407823872822494, 0.8459755448235242, 3.1739280523286872, 4.3742474779071205, 3.5141623357494964, 1.259733006668819]","80_lag_traDP, 60_lag_72_median_AMOCann, 71_lag_eapPSLjfm, 62_lag_traIFC, 60_lag_85_median_wnorPRjfm, 60_lag_traCA, 81_lag_amo2, 60_lag_80_median_alpi, 71_lag_gyreSSTjfm, 60_lag_82_median_shSICmar_3835_60"
LRforcedPSO,76,10,amo1,slow,942.5,2005.5,0.4,91,61,61,12.036014304364228,0.08538176000634731,3835,"['61_lag_67_median_traBO', '64_lag_stratZ50ndj02', '61_lag_67_median_traMC', '66_lag_neurTSjfm', '86_lag_naoPSLjfm', '86_lag_mhfATL45', '74_lag_labSSTjfm', '61_lag_71_median_glTSjfm', '61_lag_mhfATL45', '61_lag_78_median_stratZ50ndj01']","[6.2316193017072745, 1.7166978832745237, 1.6453869242376946, 6.384801071803967, 0.4124964601237764, 1.9660092187038707, 1.0532232462417923, 1.9490591807966453, 1.0740993891451858, 1.207223249073186]","61_lag_67_median_traBO, 64_lag_stratZ50ndj02, 61_lag_67_median_traMC, 66_lag_neurTSjfm, 86_lag_naoPSLjfm, 86_lag_mhfATL45, 74_lag_labSSTjfm, 61_lag_71_median_glTSjfm, 61_lag_mhfATL45, 61_lag_78_median_stratZ50ndj01_3835_61"
LRforcedPSO,77,10,amo1,slow,943.5,2005.5,0.4,92,62,62,11.493379695774859,0.016375043848090423,3835,"['62_lag_79_median_nppc3SSTjfm', '68_lag_amo1', '62_lag_69_median_atlSICjfm', '62_lag_86_median_traFS', '68_lag_tripol3', '86_lag_stratZ50ndj02', '91_lag_seurTSjfm', '76_lag_stratZ50ndj03', '62_lag_90_median_traEU', '62_lag_85_median_nhSICsep']","[1.3749515983112737, 2.836626384801219, 3.056636978600668, 1.6391839496729865, 0.8357642347061844, 4.347362459256292, 1.3244347820574127, 0.4767663617745139, 2.5261372934325816, 3.4345354913790374]","62_lag_79_median_nppc3SSTjfm, 68_lag_amo1, 62_lag_69_median_atlSICjfm, 62_lag_86_median_traFS, 68_lag_tripol3, 86_lag_stratZ50ndj02, 91_lag_seurTSjfm, 76_lag_stratZ50ndj03, 62_lag_90_median_traEU, 62_lag_85_median_nhSICsep_3835_62"
LRforcedPSO,78,10,amo1,slow,944.5,2005.5,0.4,93,63,63,12.910952775520906,0.167764353034307,3835,"['63_lag_86_median_mhfATL60', '63_lag_78_median_stratZ50ndj02', '84_lag_stratZ50ndj02', '67_lag_ensoSSTjfm', '63_lag_79_median_traMC', '63_lag_88_median_ismPRjja', '66_lag_samPSLann', '63_lag_84_median_traWP', '63_lag_78_median_traDP', '63_lag_84_median_satlSSTjfm']","[1.8138628927097784, 2.538270503365945, 2.624645550162821, 5.824208099243686, 4.333821884916018, 4.624986264377102, 0.10195339804583803, 5.298470060548654, 0.04176785111280523, 2.078510761064475]","63_lag_86_median_mhfATL60, 63_lag_78_median_stratZ50ndj02, 84_lag_stratZ50ndj02, 67_lag_ensoSSTjfm, 63_lag_79_median_traMC, 63_lag_88_median_ismPRjja, 66_lag_samPSLann, 63_lag_84_median_traWP, 63_lag_78_median_traDP, 63_lag_84_median_satlSSTjfm_3835_63"
LRforcedPSO,79,10,amo1,slow,945.5,2005.5,0.4,94,64,64,11.848124324303695,0.010030448644791138,3835,"['73_lag_stratZ50ndj01', '72_lag_traFSC', '64_lag_89_median_stratZ50ndj03', '77_lag_amoSSTmjjaso', '74_lag_traTLS', '72_lag_nppc2SSTjfm', '64_lag_78_median_mhfATL30', '69_lag_ginwSSTjfm', '72_lag_shSICsep', '64_lag_90_median_AMOCann']","[5.2632593442427815, 0.3259101872509511, 0.2285648819640329, 2.7559055972273967, 2.742539023164065, 2.4982466153058542, 4.8510655595348595, 3.0699316565842967, 0.9302001041812815, 3.907577125480463]","73_lag_stratZ50ndj01, 72_lag_traFSC, 64_lag_89_median_stratZ50ndj03, 77_lag_amoSSTmjjaso, 74_lag_traTLS, 72_lag_nppc2SSTjfm, 64_lag_78_median_mhfATL30, 69_lag_ginwSSTjfm, 72_lag_shSICsep, 64_lag_90_median_AMOCann_3835_64"
LRforcedPSO,80,10,amo1,slow,946.5,2005.5,0.4,95,65,65,15.546273336316661,-0.14804265387234908,3835,"['65_lag_93_median_traDP', '74_lag_AMOCann', '65_lag_83_median_neurTSjfm', '65_lag_66_median_amoSSTmjjaso', '65_lag_81_median_traEU', '91_lag_tripol1', '65_lag_66_median_mhfATL60', '65_lag_67_median_yrvPRjja', '65_lag_89_median_traIT', '65_lag_85_median_shSICsep']","[0.8833679305645799, 7.008517902135376, 5.76470317309038, 4.194065339400672, 4.483023017941646, 0.0712248032421563, 0.07064945580515847, 3.574082073366986, 2.8314181440775865, 4.694708138373711]","65_lag_93_median_traDP, 74_lag_AMOCann, 65_lag_83_median_neurTSjfm, 65_lag_66_median_amoSSTmjjaso, 65_lag_81_median_traEU, 91_lag_tripol1, 65_lag_66_median_mhfATL60, 65_lag_67_median_yrvPRjja, 65_lag_89_median_traIT, 65_lag_85_median_shSICsep_3835_65"
LRforcedPSO,81,10,amo1,slow,947.5,2005.5,0.4,96,66,66,13.161646056034476,-0.1393362123804546,3835,"['90_lag_naoPSLjfm', '66_lag_71_median_traEC', '95_lag_pdoSSTjfm', '66_lag_71_median_seurTSjfm', '70_lag_stratZ50ndj01', '66_lag_94_median_yrvPRjja', '90_lag_traDS', '66_lag_72_median_eapPSLjfm', '79_lag_traIFC', '72_lag_traDP']","[0.2902142614695631, 0.5074970721767009, 4.687409730886936, 4.035928103920563, 4.723342829833548, 0.6523485655627148, 4.171921730629746, 0.026123893959182354, 1.3712489071884342, 2.464002804430427]","90_lag_naoPSLjfm, 66_lag_71_median_traEC, 95_lag_pdoSSTjfm, 66_lag_71_median_seurTSjfm, 70_lag_stratZ50ndj01, 66_lag_94_median_yrvPRjja, 90_lag_traDS, 66_lag_72_median_eapPSLjfm, 79_lag_traIFC, 72_lag_traDP_3835_66"
LRforcedPSO,82,10,amo1,slow,948.5,2005.5,0.4,97,67,67,12.245143490627319,0.14430269548537739,3835,"['67_lag_78_median_traIT', '67_lag_90_median_mhfATL60', '67_lag_91_median_nhSICjfm', '76_lag_alpi', '67_lag_72_median_tripol3', '67_lag_69_median_traFS', '67_lag_95_median_nhSICjfm', '67_lag_73_median_traIFC', '75_lag_nhSICjfm', '67_lag_traIFC']","[1.0604797037394054, 2.1142936320487458, 6.684748698210212, 3.188505663861738, 6.721432974433593, 7.243198893614306, 6.709625164780114, 1.740669258547566, 2.546870844771753, 0.602225491674206]","67_lag_78_median_traIT, 67_lag_90_median_mhfATL60, 67_lag_91_median_nhSICjfm, 76_lag_alpi, 67_lag_72_median_tripol3, 67_lag_69_median_traFS, 67_lag_95_median_nhSICjfm, 67_lag_73_median_traIFC, 75_lag_nhSICjfm, 67_lag_traIFC_3835_67"
LRforcedPSO,83,10,amo1,slow,949.5,2005.5,0.4,98,68,68,12.776718764892513,-0.04578309616455774,3835,"['68_lag_83_median_traMC', '95_lag_traEC', '68_lag_78_median_traTLS', '81_lag_mhfIP30', '68_lag_70_median_traBO', '68_lag_78_median_traFB', '68_lag_79_median_wnorPRjfm', '68_lag_95_median_ormenSSTjfm', '68_lag_93_median_stratZ50ndj01', '68_lag_76_median_samPSLann']","[3.517570574994922, 1.244801575764713, 1.8219472799525942, 3.553502898410004, 2.6441546927727053, 3.3735401848080375, 0.039601393758367465, 1.9143117736673592, 0.9579833624183536, 5.299809784423751]","68_lag_83_median_traMC, 95_lag_traEC, 68_lag_78_median_traTLS, 81_lag_mhfIP30, 68_lag_70_median_traBO, 68_lag_78_median_traFB, 68_lag_79_median_wnorPRjfm, 68_lag_95_median_ormenSSTjfm, 68_lag_93_median_stratZ50ndj01, 68_lag_76_median_samPSLann_3835_68"
LRforcedPSO,84,10,amo1,slow,950.5,2005.5,0.4,99,69,69,12.767221667182206,-0.1619738504620428,3835,"['98_lag_labSSTjfm', '97_lag_arcTSjfm', '86_lag_tripol3', '69_lag_91_median_traMC', '69_lag_82_median_AMOCann', '81_lag_nppc2SSTjfm', '85_lag_wnorPRjfm', '69_lag_94_median_amo3', '69_lag_75_median_mhfIP30', '69_lag_82_median_traBS']","[2.4080008782137234, 1.9757615566007676, 0.7357590508346199, 0.4021440550305435, 2.2670712401896704, 5.52342141435172, 1.6932558646950788, 1.7783245397730347, 3.0380928610499716, 0.7728170268744137]","98_lag_labSSTjfm, 97_lag_arcTSjfm, 86_lag_tripol3, 69_lag_91_median_traMC, 69_lag_82_median_AMOCann, 81_lag_nppc2SSTjfm, 85_lag_wnorPRjfm, 69_lag_94_median_amo3, 69_lag_75_median_mhfIP30, 69_lag_82_median_traBS_3835_69"
LRforcedPSO,85,10,amo1,slow,951.5,2005.5,0.4,100,70,70,12.889523128867243,-0.10732552440881767,3835,"['84_lag_mhfIP30', '70_lag_96_median_wnorPRjfm', '70_lag_89_median_scpPSLjfm', '70_lag_87_median_traEC', '70_lag_83_median_traEC', '94_lag_mhfATL30', '70_lag_83_median_traMC', '94_lag_seurTSjfm', '85_lag_eurPSLjfm', '90_lag_traFB']","[1.3199823984512644, 1.1244823919271774, 1.4387622187889875, 2.7037623131102766, 2.471490728505305, 0.22477508020018533, 1.2829501853443155, 0.2762780523646988, 3.7541976766891842, 3.010782366826234]","84_lag_mhfIP30, 70_lag_96_median_wnorPRjfm, 70_lag_89_median_scpPSLjfm, 70_lag_87_median_traEC, 70_lag_83_median_traEC, 94_lag_mhfATL30, 70_lag_83_median_traMC, 94_lag_seurTSjfm, 85_lag_eurPSLjfm, 90_lag_traFB_3835_70"
