model,num_irrelevant,max_allowed_features,target_feature,dataset,year_start,year_end,splitsize,max_lag,init_lag,max_forecast,mae_score,corr_score,n_total_features,selected_feature_list,feature_importances,selected_features
LinearRegression,0,30,mhfATL60,slow,1714.5,2005.5,0.8,15,5,5,15.193672075123823,0.28998104422453985,1235,"['11_lag_traDS', '5_lag_nchinaPRjja', '14_lag_alpi', '9_lag_ormenSSTjfm', '5_lag_ormenSSTjfm', '13_lag_stratZ50ndj01', '11_lag_traIFC', '11_lag_stratZ50ndj01', '8_lag_traIT', '13_lag_shSICsep', '9_lag_tripol3', '10_lag_amo1', '9_lag_mhfIP30', '8_lag_traWP', '5_lag_shSICmar', '14_lag_traEU', '11_lag_ismPRjja', '5_lag_scpPSLjfm', '5_lag_8_median_alpi', '11_lag_nhSICsep', '13_lag_stratZ50ndj03', '11_lag_yrvPRjja', '13_lag_nhSICsep', '14_lag_arcTSjfm', '9_lag_shSICsep', '12_lag_shSICmar', '14_lag_amo2', '12_lag_traEU', '10_lag_stratZ50ndj01', '5_lag_traCA']","[0.08377683534629546, 0.017993255406643482, 0.08754230975572898, 0.06067529609277803, 0.18437924506842363, 0.06928989403679577, 0.08864373502354035, 0.09636784260639243, 0.08781903519770186, 0.07677818159216922, 0.18572067708686166, 0.1569836409419863, 0.002884926646622746, 0.028462461183723996, 0.06117752286123653, 0.031124634581370395, 0.07626269848936079, 0.08059424348571702, 0.04780550209360432, 0.14257859471977677, 0.10086485899306666, 0.09040127594963503, 0.06567895840275342, 0.03464666573269552, 0.04771394661058621, 0.02742446699399018, 0.1680405602813737, 0.10535196808748155, 0.010046348205103613, 0.3099970154164302]","11_lag_traDS, 5_lag_nchinaPRjja, 14_lag_alpi, 9_lag_ormenSSTjfm, 5_lag_ormenSSTjfm, 13_lag_stratZ50ndj01, 11_lag_traIFC, 11_lag_stratZ50ndj01, 8_lag_traIT, 13_lag_shSICsep, 9_lag_tripol3, 10_lag_amo1, 9_lag_mhfIP30, 8_lag_traWP, 5_lag_shSICmar, 14_lag_traEU, 11_lag_ismPRjja, 5_lag_scpPSLjfm, 5_lag_8_median_alpi, 11_lag_nhSICsep, 13_lag_stratZ50ndj03, 11_lag_yrvPRjja, 13_lag_nhSICsep, 14_lag_arcTSjfm, 9_lag_shSICsep, 12_lag_shSICmar, 14_lag_amo2, 12_lag_traEU, 10_lag_stratZ50ndj01, 5_lag_traCA_1235_5"
LinearRegression,1,30,mhfATL60,slow,1715.5,2005.5,0.8,16,6,6,15.85418036297011,0.19044028591902615,1235,"['12_lag_ginwSSTjfm', '10_lag_traIT', '13_lag_stratZ50ndj03', '6_lag_stratZ50ndj04', '13_lag_tripol3', '12_lag_yrvPRjja', '8_lag_stratZ50ndj02', '14_lag_alpi', '11_lag_nhSICsep', '15_lag_amoSSTmjjaso', '6_lag_9_median_traIT', '11_lag_tripol3', '14_lag_arcTSjfm', '11_lag_ismPRjja', '14_lag_amo2', '6_lag_mhfATL30', '10_lag_amo1', '6_lag_traMC', '11_lag_yrvPRjja', '15_lag_arcTSjfm', '9_lag_mhfIP30', '10_lag_stratZ50ndj01', '15_lag_amo2', '15_lag_satlSSTjfm', '8_lag_traWP', '9_lag_shSICsep', '13_lag_shSICsep', '12_lag_shSICmar', '12_lag_traEU', '15_lag_stratZ50ndj04']","[0.0465175755540298, 0.020695328256930212, 0.08439540674304462, 0.1376622864528262, 0.054115457112494596, 0.07000530839473298, 0.034390837214893735, 0.1027088129809683, 0.07104484008213104, 0.060010376699948596, 0.10570587932090254, 0.07516139659809074, 0.0361158911353815, 0.13725652557212736, 0.056226389418268775, 0.2547908258647002, 0.15639039299893082, 0.03604855596930664, 0.14117559764590498, 0.050605848463715214, 0.04969137616335806, 0.013238166741065323, 0.09679224148758582, 0.16170166897548105, 0.03397416475173487, 0.10104767340804569, 0.11348292162062998, 0.05275093259644368, 0.12198837075031467, 0.03707661799527889]","12_lag_ginwSSTjfm, 10_lag_traIT, 13_lag_stratZ50ndj03, 6_lag_stratZ50ndj04, 13_lag_tripol3, 12_lag_yrvPRjja, 8_lag_stratZ50ndj02, 14_lag_alpi, 11_lag_nhSICsep, 15_lag_amoSSTmjjaso, 6_lag_9_median_traIT, 11_lag_tripol3, 14_lag_arcTSjfm, 11_lag_ismPRjja, 14_lag_amo2, 6_lag_mhfATL30, 10_lag_amo1, 6_lag_traMC, 11_lag_yrvPRjja, 15_lag_arcTSjfm, 9_lag_mhfIP30, 10_lag_stratZ50ndj01, 15_lag_amo2, 15_lag_satlSSTjfm, 8_lag_traWP, 9_lag_shSICsep, 13_lag_shSICsep, 12_lag_shSICmar, 12_lag_traEU, 15_lag_stratZ50ndj04_1235_6"
LinearRegression,2,30,mhfATL60,slow,1716.5,2005.5,0.8,17,7,7,15.78577080318577,0.20008442531441814,1235,"['7_lag_8_median_traWP', '15_lag_arcTSjfm', '15_lag_stratZ50ndj04', '10_lag_neurTSjfm', '11_lag_cetTSjfm', '11_lag_traIFC', '12_lag_ginwSSTjfm', '15_lag_traEC', '15_lag_satlSSTjfm', '9_lag_naoPSLjfm', '16_lag_amo2', '11_lag_traEU', '14_lag_shSICsep', '16_lag_traFSC', '9_lag_mhfIP30', '14_lag_amo2', '11_lag_yrvPRjja', '7_lag_12_median_alpi', '11_lag_nhSICsep', '7_lag_12_median_stratZ50ndj03', '13_lag_tripol3', '13_lag_stratZ50ndj01', '16_lag_traTLS', '13_lag_shSICsep', '9_lag_ormenSSTjfm', '13_lag_traEC', '12_lag_traEU', '15_lag_atlSICjfm', '12_lag_shSICmar', '16_lag_shSICsep']","[0.028825582291683746, 0.015122386724631776, 0.007059554071414726, 0.13835967174767097, 0.03325054577367027, 0.16024308836961712, 0.010109271454070335, 0.14696070212036677, 0.16421938848573864, 0.1286290637553446, 0.003156694647756814, 0.21720104194707518, 0.0946838271538773, 0.1971446887458111, 0.07119358224809687, 0.1505133400594614, 0.08240953494864205, 0.12416679625019407, 0.2482463299921143, 0.36891121275784755, 0.05565760312598938, 0.0606849186489822, 0.18066973811169057, 0.062282651447093634, 0.05621772878882027, 0.07237507400127662, 0.176077858994616, 0.24414854715912712, 0.027865845930889657, 0.1130907644393725]","7_lag_8_median_traWP, 15_lag_arcTSjfm, 15_lag_stratZ50ndj04, 10_lag_neurTSjfm, 11_lag_cetTSjfm, 11_lag_traIFC, 12_lag_ginwSSTjfm, 15_lag_traEC, 15_lag_satlSSTjfm, 9_lag_naoPSLjfm, 16_lag_amo2, 11_lag_traEU, 14_lag_shSICsep, 16_lag_traFSC, 9_lag_mhfIP30, 14_lag_amo2, 11_lag_yrvPRjja, 7_lag_12_median_alpi, 11_lag_nhSICsep, 7_lag_12_median_stratZ50ndj03, 13_lag_tripol3, 13_lag_stratZ50ndj01, 16_lag_traTLS, 13_lag_shSICsep, 9_lag_ormenSSTjfm, 13_lag_traEC, 12_lag_traEU, 15_lag_atlSICjfm, 12_lag_shSICmar, 16_lag_shSICsep_1235_7"
LinearRegression,3,30,mhfATL60,slow,1717.5,2005.5,0.8,18,8,8,18.532692922259024,-0.034073445201296945,1235,"['15_lag_satlSSTjfm', '8_lag_amo3', '8_lag_wnorPRjfm', '15_lag_amo2', '8_lag_stratZ50ndj03', '14_lag_tripol3', '13_lag_satlSSTjfm', '8_lag_11_median_ismPRjja', '8_lag_tripol3', '15_lag_traMC', '16_lag_mhfATL60', '17_lag_stratZ50ndj04', '8_lag_stratZ50ndj02', '16_lag_stratZ50ndj04', '13_lag_tripol3', '16_lag_mhfATL45', '15_lag_atlSICjfm', '15_lag_amoSSTmjjaso', '8_lag_traMC', '14_lag_shSICsep', '13_lag_stratZ50ndj02', '11_lag_yrvPRjja', '11_lag_traEU', '12_lag_scpPSLjfm', '12_lag_traEU', '8_lag_traWP', '16_lag_traTLS', '12_lag_shSICmar', '17_lag_traIT', '16_lag_shSICsep']","[0.06678101686645098, 0.21819315571465042, 0.1455587912556631, 0.0850988688852359, 0.05568325329825338, 0.05887513133132349, 0.14687724844305997, 0.28300297300637794, 0.08755187098612788, 0.012218943176572614, 0.0635875443659747, 0.06779380241908596, 0.0966749140733922, 0.20071398355577041, 0.11016061768799186, 0.2116178908300436, 0.15790324917291151, 0.06369653740671691, 0.15377138614508384, 0.10384576487967469, 0.13979768266721973, 0.10264215043432268, 0.14857789262406274, 0.08385228544156886, 0.12808899018273287, 0.11408798392860461, 0.05355889965245968, 0.11348741103980546, 0.17851773319145417, 0.12499666826977601]","15_lag_satlSSTjfm, 8_lag_amo3, 8_lag_wnorPRjfm, 15_lag_amo2, 8_lag_stratZ50ndj03, 14_lag_tripol3, 13_lag_satlSSTjfm, 8_lag_11_median_ismPRjja, 8_lag_tripol3, 15_lag_traMC, 16_lag_mhfATL60, 17_lag_stratZ50ndj04, 8_lag_stratZ50ndj02, 16_lag_stratZ50ndj04, 13_lag_tripol3, 16_lag_mhfATL45, 15_lag_atlSICjfm, 15_lag_amoSSTmjjaso, 8_lag_traMC, 14_lag_shSICsep, 13_lag_stratZ50ndj02, 11_lag_yrvPRjja, 11_lag_traEU, 12_lag_scpPSLjfm, 12_lag_traEU, 8_lag_traWP, 16_lag_traTLS, 12_lag_shSICmar, 17_lag_traIT, 16_lag_shSICsep_1235_8"
LinearRegression,4,30,mhfATL60,slow,1718.5,2005.5,0.8,19,9,9,15.342499018291228,0.025669313405726358,1235,"['17_lag_traFB', '12_lag_traFB', '15_lag_stratZ50ndj04', '18_lag_nchinaPRjja', '11_lag_traEU', '18_lag_wnorPRjfm', '11_lag_stratZ50ndj01', '15_lag_traMC', '16_lag_mhfATL45', '9_lag_traMC', '12_lag_traEU', '18_lag_shSICmar', '17_lag_seurTSjfm', '9_lag_mhfIP30', '15_lag_satlSSTjfm', '14_lag_shSICsep', '9_lag_atlSICjfm', '15_lag_atlSICjfm', '18_lag_seurTSjfm', '13_lag_stratZ50ndj02', '11_lag_yrvPRjja', '9_lag_alpi', '12_lag_yrvPRjja', '13_lag_tripol3', '17_lag_traIT', '9_lag_12_median_yrvPRjja', '9_lag_eurPSLjfm', '16_lag_shSICsep', '9_lag_12_median_ismPRjja', '12_lag_shSICmar']","[0.1245048147242, 0.013834016678163773, 0.09606489090217192, 0.13843184319167387, 0.18220301181564255, 0.05582905128793804, 0.05116552067953536, 0.00804358764580677, 0.22990097918543284, 0.08158704188804064, 0.12400388349903826, 0.12170500166903304, 0.07675961504705846, 0.051971389655971416, 0.014713168728499254, 0.10680256612409639, 0.21318731457247536, 0.1606024410563129, 0.04322200507189265, 0.13918534214426104, 0.05718227447518282, 0.09250393971452464, 0.08458342196800858, 0.03934489170017993, 0.18830772095722353, 0.1636779413744137, 0.1510018212122896, 0.14575672341942358, 0.30755686773721497, 0.09882268387969531]","17_lag_traFB, 12_lag_traFB, 15_lag_stratZ50ndj04, 18_lag_nchinaPRjja, 11_lag_traEU, 18_lag_wnorPRjfm, 11_lag_stratZ50ndj01, 15_lag_traMC, 16_lag_mhfATL45, 9_lag_traMC, 12_lag_traEU, 18_lag_shSICmar, 17_lag_seurTSjfm, 9_lag_mhfIP30, 15_lag_satlSSTjfm, 14_lag_shSICsep, 9_lag_atlSICjfm, 15_lag_atlSICjfm, 18_lag_seurTSjfm, 13_lag_stratZ50ndj02, 11_lag_yrvPRjja, 9_lag_alpi, 12_lag_yrvPRjja, 13_lag_tripol3, 17_lag_traIT, 9_lag_12_median_yrvPRjja, 9_lag_eurPSLjfm, 16_lag_shSICsep, 9_lag_12_median_ismPRjja, 12_lag_shSICmar_1235_9"
LinearRegression,5,30,mhfATL60,slow,1719.5,2005.5,0.8,20,10,10,18.471851905271752,0.18058163724632678,1235,"['10_lag_12_median_yrvPRjja', '13_lag_stratZ50ndj03', '18_lag_gyreSSTjfm', '10_lag_11_median_yrvPRjja', '11_lag_yrvPRjja', '17_lag_scpPSLjfm', '14_lag_shSICsep', '10_lag_ismPRjja', '14_lag_yrvPRjja', '15_lag_traMC', '19_lag_traEC', '13_lag_traBS', '10_lag_13_median_yrvPRjja', '19_lag_nhSICjfm', '13_lag_tripol3', '18_lag_nppc3SSTjfm', '16_lag_stratZ50ndj04', '14_lag_alpi', '19_lag_nppc3SSTjfm', '18_lag_stratZ50ndj03', '19_lag_shSICmar', '13_lag_stratZ50ndj02', '10_lag_stratZ50ndj03', '18_lag_shSICmar', '17_lag_stratZ50ndj03', '16_lag_traFSC', '10_lag_amo1', '16_lag_shSICsep', '17_lag_traIT', '12_lag_shSICmar']","[0.12233008525034933, 0.07870914331186125, 0.07490924145881526, 5202750293474.732, 5202750293474.755, 0.12174888923436533, 0.13609577928371194, 0.07179583053837585, 0.05482553227520562, 0.03558665044668669, 0.11995594754184677, 0.1491104565097665, 0.10264477073858941, 0.16140039987460614, 0.07245660248793441, 0.35696170239041697, 0.11108156083690324, 0.0503087349101009, 0.12506856446589584, 0.075962061261097, 0.06238469137567623, 0.06750237143946249, 0.09644891154906302, 0.08493230783988096, 0.07191011925312582, 0.011043172308163318, 0.08496458741067958, 0.11529728696048856, 0.1890969044896827, 0.1396338012321816]","10_lag_12_median_yrvPRjja, 13_lag_stratZ50ndj03, 18_lag_gyreSSTjfm, 10_lag_11_median_yrvPRjja, 11_lag_yrvPRjja, 17_lag_scpPSLjfm, 14_lag_shSICsep, 10_lag_ismPRjja, 14_lag_yrvPRjja, 15_lag_traMC, 19_lag_traEC, 13_lag_traBS, 10_lag_13_median_yrvPRjja, 19_lag_nhSICjfm, 13_lag_tripol3, 18_lag_nppc3SSTjfm, 16_lag_stratZ50ndj04, 14_lag_alpi, 19_lag_nppc3SSTjfm, 18_lag_stratZ50ndj03, 19_lag_shSICmar, 13_lag_stratZ50ndj02, 10_lag_stratZ50ndj03, 18_lag_shSICmar, 17_lag_stratZ50ndj03, 16_lag_traFSC, 10_lag_amo1, 16_lag_shSICsep, 17_lag_traIT, 12_lag_shSICmar_1235_10"
LinearRegression,6,30,mhfATL60,slow,1720.5,2005.5,0.8,21,11,11,15.77324743447791,-0.12143168422542994,1235,"['20_lag_amo2', '14_lag_stratZ50ndj01', '19_lag_stratZ50ndj03', '18_lag_traBS', '11_lag_scpPSLjfm', '13_lag_traEU', '14_lag_nchinaPRjja', '11_lag_17_median_scpPSLjfm', '20_lag_tripol2', '18_lag_traFS', '17_lag_traEU', '13_lag_traBS', '19_lag_eapPSLjfm', '18_lag_shSICmar', '14_lag_yrvPRjja', '11_lag_yrvPRjja', '11_lag_12_median_shSICmar', '12_lag_shSICmar', '15_lag_traMC', '18_lag_nppc3SSTjfm', '19_lag_nppc3SSTjfm', '17_lag_stratZ50ndj03', '16_lag_traFSC', '11_lag_traEU', '20_lag_ensoSSTjfm', '18_lag_stratZ50ndj03', '19_lag_traEC', '20_lag_mhfATL45', '17_lag_traIT', '16_lag_shSICsep']","[0.17784714211850028, 0.07917382466447134, 0.0830764793805223, 0.10515367367346189, 0.03501822442947762, 0.14770337347701507, 0.08099378707266329, 0.2933336521176504, 0.11209775602247248, 0.047758841783903196, 0.0423302113644446, 0.07317125434841784, 0.13999629297466323, 0.11160768883274498, 0.038528418325276474, 0.06758901937461803, 4282002111876.6323, 4282002111876.501, 0.06315239206705361, 0.24575343919896628, 0.08885901518301756, 0.10218636188079853, 0.05150780388775387, 0.1537759953045247, 0.051596744322163796, 0.07298807045125852, 0.09127003434664467, 0.12005812061784121, 0.18620792930614524, 0.11708057239746528]","20_lag_amo2, 14_lag_stratZ50ndj01, 19_lag_stratZ50ndj03, 18_lag_traBS, 11_lag_scpPSLjfm, 13_lag_traEU, 14_lag_nchinaPRjja, 11_lag_17_median_scpPSLjfm, 20_lag_tripol2, 18_lag_traFS, 17_lag_traEU, 13_lag_traBS, 19_lag_eapPSLjfm, 18_lag_shSICmar, 14_lag_yrvPRjja, 11_lag_yrvPRjja, 11_lag_12_median_shSICmar, 12_lag_shSICmar, 15_lag_traMC, 18_lag_nppc3SSTjfm, 19_lag_nppc3SSTjfm, 17_lag_stratZ50ndj03, 16_lag_traFSC, 11_lag_traEU, 20_lag_ensoSSTjfm, 18_lag_stratZ50ndj03, 19_lag_traEC, 20_lag_mhfATL45, 17_lag_traIT, 16_lag_shSICsep_1235_11"
LinearRegression,7,30,mhfATL60,slow,1721.5,2005.5,0.8,22,12,12,17.644914784225396,-0.13759420127205702,1235,"['19_lag_amo2', '16_lag_scpPSLjfm', '19_lag_shSICmar', '20_lag_traMC', '20_lag_nppc2SSTjfm', '20_lag_amo2', '21_lag_mhfATL45', '15_lag_yrvPRjja', '12_lag_mhfIP30', '20_lag_arcTSjfm', '21_lag_labSSTjfm', '19_lag_eapPSLjfm', '12_lag_scpPSLjfm', '20_lag_yrvPRjja', '19_lag_tripol3', '20_lag_ensoSSTjfm', '18_lag_nppc3SSTjfm', '19_lag_stratZ50ndj03', '12_lag_yrvPRjja', '12_lag_traEU', '17_lag_stratZ50ndj03', '18_lag_shSICmar', '20_lag_traIFC', '15_lag_traMC', '17_lag_traIT', '20_lag_mhfATL45', '18_lag_stratZ50ndj03', '19_lag_traEC', '12_lag_shSICmar', '16_lag_shSICsep']","[0.10237937382877305, 0.09357752001635501, 0.021985693018322087, 0.0731857098284699, 0.205275963063302, 0.3291312698855655, 0.03503506402804138, 0.01593289530111554, 0.07835349616334128, 0.10649848734535301, 0.2344600081327387, 0.11830410916433698, 0.13088374493576455, 0.031644136454746404, 0.13398393720809768, 0.13424501686199508, 0.22150126919695426, 0.07623081004997727, 0.07768787922323106, 0.18171685334442023, 0.11585306443740802, 0.11000983604480062, 0.1662933743443561, 0.05003239047704224, 0.051420890655502274, 0.059381890749871824, 0.11135953360836244, 0.14545415308793833, 0.18036915305529785, 0.13692832019252546]","19_lag_amo2, 16_lag_scpPSLjfm, 19_lag_shSICmar, 20_lag_traMC, 20_lag_nppc2SSTjfm, 20_lag_amo2, 21_lag_mhfATL45, 15_lag_yrvPRjja, 12_lag_mhfIP30, 20_lag_arcTSjfm, 21_lag_labSSTjfm, 19_lag_eapPSLjfm, 12_lag_scpPSLjfm, 20_lag_yrvPRjja, 19_lag_tripol3, 20_lag_ensoSSTjfm, 18_lag_nppc3SSTjfm, 19_lag_stratZ50ndj03, 12_lag_yrvPRjja, 12_lag_traEU, 17_lag_stratZ50ndj03, 18_lag_shSICmar, 20_lag_traIFC, 15_lag_traMC, 17_lag_traIT, 20_lag_mhfATL45, 18_lag_stratZ50ndj03, 19_lag_traEC, 12_lag_shSICmar, 16_lag_shSICsep_1235_12"
LinearRegression,8,30,mhfATL60,slow,1722.5,2005.5,0.8,23,13,13,19.25366683973001,-0.0641012118442388,1235,"['19_lag_tripol3', '21_lag_arcTSjfm', '15_lag_seurTSjfm', '20_lag_traIFC', '15_lag_yrvPRjja', '13_lag_stratZ50ndj03', '20_lag_tripol3', '13_lag_stratZ50ndj02', '22_lag_yrvPRjja', '20_lag_amo2', '19_lag_shSICmar', '18_lag_nppc3SSTjfm', '19_lag_traEC', '13_lag_satlSSTjfm', '13_lag_nhSICsep', '16_lag_shSICsep', '13_lag_shSICsep', '22_lag_mhfATL60', '17_lag_stratZ50ndj03', '18_lag_stratZ50ndj03', '15_lag_traMC', '15_lag_stratZ50ndj04', '17_lag_traIT', '20_lag_ensoSSTjfm', '20_lag_mhfATL45', '20_lag_yrvPRjja', '20_lag_nchinaPRjja', '19_lag_stratZ50ndj03', '13_lag_traEU', '13_lag_traBS']","[0.1607334515298755, 0.016526422968890585, 0.13694423700548894, 0.17932449260409133, 0.02888045985498271, 0.09551161556978936, 0.16719434328054344, 0.09099053253152704, 0.08465503281745651, 0.19197760662892846, 0.10759412089917486, 0.29066637392903744, 0.06344596778245375, 0.10838369562484035, 0.15162485449746527, 0.1927234565133336, 0.1337379039911108, 0.06302024153207764, 0.1327199814251062, 0.08436352385593532, 0.01810134332922598, 0.17949034630836125, 0.12664449196225713, 0.07538569147296512, 0.16746788121434925, 0.0012973440006816932, 0.07468177725638114, 0.13339917379836683, 0.14754498043418218, 0.12839967819901116]","19_lag_tripol3, 21_lag_arcTSjfm, 15_lag_seurTSjfm, 20_lag_traIFC, 15_lag_yrvPRjja, 13_lag_stratZ50ndj03, 20_lag_tripol3, 13_lag_stratZ50ndj02, 22_lag_yrvPRjja, 20_lag_amo2, 19_lag_shSICmar, 18_lag_nppc3SSTjfm, 19_lag_traEC, 13_lag_satlSSTjfm, 13_lag_nhSICsep, 16_lag_shSICsep, 13_lag_shSICsep, 22_lag_mhfATL60, 17_lag_stratZ50ndj03, 18_lag_stratZ50ndj03, 15_lag_traMC, 15_lag_stratZ50ndj04, 17_lag_traIT, 20_lag_ensoSSTjfm, 20_lag_mhfATL45, 20_lag_yrvPRjja, 20_lag_nchinaPRjja, 19_lag_stratZ50ndj03, 13_lag_traEU, 13_lag_traBS_1235_13"
LinearRegression,9,30,mhfATL60,slow,1723.5,2005.5,0.8,24,14,14,16.65145865324209,0.02955521600369963,1235,"['20_lag_amo2', '16_lag_traFSC', '21_lag_stratZ50ndj01', '17_lag_eurPSLjfm', '23_lag_atlSICjfm', '17_lag_traEU', '21_lag_traBO', '21_lag_atlSICsep', '22_lag_tripol3', '21_lag_naoPSLjfm', '14_lag_nchinaPRjja', '14_lag_stratZ50ndj01', '19_lag_stratZ50ndj03', '14_lag_15_median_stratZ50ndj04', '15_lag_stratZ50ndj04', '17_lag_seurTSjfm', '17_lag_stratZ50ndj03', '20_lag_mhfATL45', '22_lag_yrvPRjja', '23_lag_atlSICsep', '17_lag_traIT', '18_lag_traEU', '23_lag_traFB', '19_lag_traEC', '20_lag_nchinaPRjja', '23_lag_eurPSLjfm', '20_lag_yrvPRjja', '23_lag_traIFC', '23_lag_traWP', '14_lag_traBS']","[0.17007945908897876, 0.14888809559006422, 0.12314315523536705, 0.02856871736055241, 0.13479351417903954, 0.04644024383851159, 0.1354696133905968, 0.11075247164552436, 0.19258728979220388, 0.010096657820406182, 0.09319858109998308, 0.06220570590168354, 0.08130211437522, 849023858404.1597, 849023858404.001, 0.16002310410019935, 0.11035959986519801, 0.16737588695473699, 0.17585518184584212, 0.05116527991794502, 0.19238988266882134, 0.017363008023948478, 0.01753697810782885, 0.14098164794504023, 0.0858067870360548, 0.10959829540383619, 0.023576478203544016, 0.045101961800624216, 0.15512249348927015, 0.035912191102109095]","20_lag_amo2, 16_lag_traFSC, 21_lag_stratZ50ndj01, 17_lag_eurPSLjfm, 23_lag_atlSICjfm, 17_lag_traEU, 21_lag_traBO, 21_lag_atlSICsep, 22_lag_tripol3, 21_lag_naoPSLjfm, 14_lag_nchinaPRjja, 14_lag_stratZ50ndj01, 19_lag_stratZ50ndj03, 14_lag_15_median_stratZ50ndj04, 15_lag_stratZ50ndj04, 17_lag_seurTSjfm, 17_lag_stratZ50ndj03, 20_lag_mhfATL45, 22_lag_yrvPRjja, 23_lag_atlSICsep, 17_lag_traIT, 18_lag_traEU, 23_lag_traFB, 19_lag_traEC, 20_lag_nchinaPRjja, 23_lag_eurPSLjfm, 20_lag_yrvPRjja, 23_lag_traIFC, 23_lag_traWP, 14_lag_traBS_1235_14"
LinearRegression,10,30,mhfATL60,slow,1724.5,2005.5,0.8,25,15,15,16.319276585911012,0.08243012663187203,1235,"['20_lag_traMC', '17_lag_traEU', '23_lag_eurPSLjfm', '21_lag_samPSLann', '18_lag_stratZ50ndj02', '19_lag_traEC', '20_lag_mhfATL45', '17_lag_traIT', '23_lag_traMC', '17_lag_eurPSLjfm', '21_lag_naoPSLjfm', '15_lag_stratZ50ndj04', '23_lag_traIFC', '23_lag_atlSICsep', '24_lag_samPSLann', '22_lag_tripol3', '23_lag_traFB', '17_lag_stratZ50ndj03', '22_lag_yrvPRjja', '17_lag_seurTSjfm', '15_lag_traMC', '24_lag_traBS', '15_lag_18_median_scpPSLjfm', '21_lag_stratZ50ndj01', '20_lag_nchinaPRjja', '23_lag_cetTSjfm', '24_lag_traWP', '20_lag_yrvPRjja', '18_lag_traEU', '23_lag_traWP']","[0.1116783887958239, 0.03580031419380178, 0.13007959289193127, 0.053234461662588786, 0.09065492263277615, 0.11178785821859154, 0.1658608779775607, 0.18732083756213494, 0.0581595647818631, 0.03377298181810384, 0.015292913900115883, 0.10948939002717452, 0.010684639937241381, 0.06527572804896047, 0.08665938789855329, 0.1641110386245897, 0.013186957309340433, 0.11482849111816443, 0.1449104617752972, 0.14707321076337226, 0.08847794294264799, 0.09932559273268718, 0.25946579722483853, 0.11786522372856295, 0.06749103670735496, 0.09065808151478169, 0.020851659008443983, 0.020471481728311404, 0.026024104729047832, 0.24810915684121113]","20_lag_traMC, 17_lag_traEU, 23_lag_eurPSLjfm, 21_lag_samPSLann, 18_lag_stratZ50ndj02, 19_lag_traEC, 20_lag_mhfATL45, 17_lag_traIT, 23_lag_traMC, 17_lag_eurPSLjfm, 21_lag_naoPSLjfm, 15_lag_stratZ50ndj04, 23_lag_traIFC, 23_lag_atlSICsep, 24_lag_samPSLann, 22_lag_tripol3, 23_lag_traFB, 17_lag_stratZ50ndj03, 22_lag_yrvPRjja, 17_lag_seurTSjfm, 15_lag_traMC, 24_lag_traBS, 15_lag_18_median_scpPSLjfm, 21_lag_stratZ50ndj01, 20_lag_nchinaPRjja, 23_lag_cetTSjfm, 24_lag_traWP, 20_lag_yrvPRjja, 18_lag_traEU, 23_lag_traWP_1235_15"
LinearRegression,11,30,mhfATL60,slow,1725.5,2005.5,0.8,26,16,16,16.699639859318232,-0.04948216909657168,1235,"['19_lag_mhfATL45', '16_lag_tripol2', '23_lag_ensoSSTjfm', '16_lag_ormenSSTjfm', '18_lag_stratZ50ndj03', '24_lag_traTLS', '16_lag_eurPSLjfm', '18_lag_neurTSjfm', '24_lag_traWP', '22_lag_tripol3', '20_lag_nchinaPRjja', '18_lag_shSICmar', '23_lag_traIFC', '16_lag_ensoSSTjfm', '16_lag_shSICmar', '24_lag_samPSLann', '23_lag_traFSC', '19_lag_eapPSLjfm', '16_lag_stratZ50ndj04', '16_lag_traFSC', '22_lag_yrvPRjja', '16_lag_alpi', '23_lag_tripol3', '25_lag_seurTSjfm', '23_lag_cetTSjfm', '23_lag_traWP', '18_lag_traEU', '16_lag_traIFC', '20_lag_yrvPRjja', '24_lag_traBS']","[0.04727493843523836, 0.03163141281157751, 0.042360985618281916, 0.10277540402457665, 0.07675219150775738, 0.07992476432600852, 0.11837571228506964, 0.06922554462623462, 0.051600235671360004, 0.13328478412641323, 0.08171660172481994, 0.11293502213516789, 0.018920229749635826, 0.01715819763927918, 0.0612653233000444, 0.023634520180481847, 0.038083203467617836, 0.0566503371197985, 0.04136965994721515, 0.09516309337573324, 0.1937460492415927, 0.08118555042854834, 0.14442249386991557, 0.05572684168848368, 0.15019415678297687, 0.21854714114248422, 0.03504991750901554, 0.06953661609487057, 0.04788310175426663, 0.12416644989913055]","19_lag_mhfATL45, 16_lag_tripol2, 23_lag_ensoSSTjfm, 16_lag_ormenSSTjfm, 18_lag_stratZ50ndj03, 24_lag_traTLS, 16_lag_eurPSLjfm, 18_lag_neurTSjfm, 24_lag_traWP, 22_lag_tripol3, 20_lag_nchinaPRjja, 18_lag_shSICmar, 23_lag_traIFC, 16_lag_ensoSSTjfm, 16_lag_shSICmar, 24_lag_samPSLann, 23_lag_traFSC, 19_lag_eapPSLjfm, 16_lag_stratZ50ndj04, 16_lag_traFSC, 22_lag_yrvPRjja, 16_lag_alpi, 23_lag_tripol3, 25_lag_seurTSjfm, 23_lag_cetTSjfm, 23_lag_traWP, 18_lag_traEU, 16_lag_traIFC, 20_lag_yrvPRjja, 24_lag_traBS_1235_16"
LinearRegression,12,30,mhfATL60,slow,1726.5,2005.5,0.8,27,17,17,22.101039724969628,-0.25749029350853847,1235,"['17_lag_stratZ50ndj03', '26_lag_alpi', '22_lag_wnorPRjfm', '17_lag_scpPSLjfm', '19_lag_traEU', '17_lag_traEU', '26_lag_nppc3SSTjfm', '17_lag_18_median_nppc3SSTjfm', '18_lag_nppc3SSTjfm', '26_lag_shSICmar', '26_lag_nchinaPRjja', '24_lag_traBS', '23_lag_traIFC', '21_lag_traMC', '20_lag_nppc2SSTjfm', '26_lag_traWP', '23_lag_tripol3', '23_lag_traWP', '17_lag_traFB', '25_lag_traIT', '19_lag_eapPSLjfm', '21_lag_stratZ50ndj01', '17_lag_stratZ50ndj02', '21_lag_ismPRjja', '17_lag_traIT', '23_lag_traFSC', '22_lag_yrvPRjja', '26_lag_traCA', '26_lag_atlSICsep', '26_lag_yrvPRjja']","[0.11438570671385535, 0.06285165106919238, 0.013086760123241213, 0.0699176988460436, 0.08111737889506057, 0.05340070781979768, 0.11951588892675818, 3382509891829.646, 3382509891829.288, 0.11584331354006269, 0.012167525713087716, 0.08909946567334201, 0.09516212280993612, 0.076934473983823, 0.24007692354258792, 0.10223007018937402, 0.13895415053644078, 0.1242668200153279, 0.09151155034671625, 0.15258734044451386, 0.03566992338043946, 0.1346033684935464, 0.06044646598211665, 0.1067588112973345, 0.1973334663988562, 0.02800827879628906, 0.1478204191170539, 0.19488847236013385, 0.05743863358414912, 0.14755715076772088]","17_lag_stratZ50ndj03, 26_lag_alpi, 22_lag_wnorPRjfm, 17_lag_scpPSLjfm, 19_lag_traEU, 17_lag_traEU, 26_lag_nppc3SSTjfm, 17_lag_18_median_nppc3SSTjfm, 18_lag_nppc3SSTjfm, 26_lag_shSICmar, 26_lag_nchinaPRjja, 24_lag_traBS, 23_lag_traIFC, 21_lag_traMC, 20_lag_nppc2SSTjfm, 26_lag_traWP, 23_lag_tripol3, 23_lag_traWP, 17_lag_traFB, 25_lag_traIT, 19_lag_eapPSLjfm, 21_lag_stratZ50ndj01, 17_lag_stratZ50ndj02, 21_lag_ismPRjja, 17_lag_traIT, 23_lag_traFSC, 22_lag_yrvPRjja, 26_lag_traCA, 26_lag_atlSICsep, 26_lag_yrvPRjja_1235_17"
LinearRegression,13,30,mhfATL60,slow,1727.5,2005.5,0.8,28,18,18,21.7544049283638,-0.12523837380274155,1235,"['18_lag_25_median_nppc2SSTjfm', '23_lag_tripol3', '21_lag_naoPSLjfm', '27_lag_mhfATL30', '23_lag_cetTSjfm', '21_lag_traMC', '26_lag_mhfIP30', '27_lag_shSICsep', '27_lag_traEU', '23_lag_traFSC', '27_lag_stratZ50ndj02', '21_lag_traBO', '25_lag_scpPSLjfm', '20_lag_nppc2SSTjfm', '26_lag_atlSICsep', '22_lag_traIT', '26_lag_ismPRjja', '18_lag_neurTSjfm', '23_lag_traWP', '26_lag_traCA', '26_lag_traWP', '22_lag_wnorPRjfm', '21_lag_ismPRjja', '18_lag_shSICsep', '22_lag_yrvPRjja', '21_lag_stratZ50ndj01', '18_lag_nppc3SSTjfm', '18_lag_traEC', '18_lag_21_median_mhfIP30', '26_lag_yrvPRjja']","[0.06234136386411498, 0.0429584230817618, 0.06830805271032407, 0.14569596721244105, 0.07440784996641246, 0.002052882809978721, 0.0591187215290129, 0.063218825975321, 0.022823287583235038, 0.01874751703703958, 0.12405549358596099, 0.08642067491592445, 0.06987374424016866, 0.1991577826381166, 0.1509314584922871, 0.07047742730390923, 0.12019076952301669, 0.003290545850964662, 0.2113389139690279, 0.1454388316711162, 0.09133986748944894, 0.03656937241693754, 0.1074782348279114, 0.11148582300664898, 0.12374958910005185, 0.16594951104131828, 0.34185854559136514, 0.08197473862836711, 0.29758730257589544, 0.15558729148133885]","18_lag_25_median_nppc2SSTjfm, 23_lag_tripol3, 21_lag_naoPSLjfm, 27_lag_mhfATL30, 23_lag_cetTSjfm, 21_lag_traMC, 26_lag_mhfIP30, 27_lag_shSICsep, 27_lag_traEU, 23_lag_traFSC, 27_lag_stratZ50ndj02, 21_lag_traBO, 25_lag_scpPSLjfm, 20_lag_nppc2SSTjfm, 26_lag_atlSICsep, 22_lag_traIT, 26_lag_ismPRjja, 18_lag_neurTSjfm, 23_lag_traWP, 26_lag_traCA, 26_lag_traWP, 22_lag_wnorPRjfm, 21_lag_ismPRjja, 18_lag_shSICsep, 22_lag_yrvPRjja, 21_lag_stratZ50ndj01, 18_lag_nppc3SSTjfm, 18_lag_traEC, 18_lag_21_median_mhfIP30, 26_lag_yrvPRjja_1235_18"
LinearRegression,14,30,mhfATL60,slow,1728.5,2005.5,0.8,29,19,19,17.069852876033426,0.04271431891848078,1235,"['22_lag_nchinaPRjja', '21_lag_traBO', '21_lag_mhfATL45', '28_lag_stratZ50ndj02', '26_lag_traWP', '27_lag_mhfATL30', '28_lag_pdoSSTjfm', '27_lag_ismPRjja', '27_lag_nhSICsep', '27_lag_nchinaPRjja', '23_lag_traWP', '22_lag_shSICmar', '19_lag_traEU', '28_lag_mhfATL60', '27_lag_traEU', '27_lag_stratZ50ndj01', '19_lag_eapPSLjfm', '21_lag_stratZ50ndj01', '28_lag_tripol1', '19_lag_mhfIP30', '27_lag_yrvPRjja', '21_lag_ismPRjja', '21_lag_naoPSLjfm', '28_lag_tripol3', '28_lag_shSICmar', '27_lag_stratZ50ndj02', '22_lag_wnorPRjfm', '22_lag_yrvPRjja', '26_lag_ismPRjja', '26_lag_yrvPRjja']","[0.0038045392202673087, 0.13743194941712428, 0.16649730241467073, 0.0396764492034844, 0.2092159634674065, 0.14063091200628797, 0.14684208462346462, 0.0678584743180998, 0.096139443290973, 0.04658350837355223, 0.22347898948584544, 0.008061782782452693, 0.037622493098165524, 0.12017033448620594, 0.03194142900729884, 0.14155080326714395, 0.03774895165152555, 0.13967344920291438, 0.16606862310048157, 0.05541955507443306, 0.11541845917455776, 0.13416726257538497, 0.044135839339259055, 0.026037213602596337, 0.06997435870591735, 0.10475490858552719, 0.10451293605056294, 0.11646236067246804, 0.11264402785154894, 0.17105451344942676]","22_lag_nchinaPRjja, 21_lag_traBO, 21_lag_mhfATL45, 28_lag_stratZ50ndj02, 26_lag_traWP, 27_lag_mhfATL30, 28_lag_pdoSSTjfm, 27_lag_ismPRjja, 27_lag_nhSICsep, 27_lag_nchinaPRjja, 23_lag_traWP, 22_lag_shSICmar, 19_lag_traEU, 28_lag_mhfATL60, 27_lag_traEU, 27_lag_stratZ50ndj01, 19_lag_eapPSLjfm, 21_lag_stratZ50ndj01, 28_lag_tripol1, 19_lag_mhfIP30, 27_lag_yrvPRjja, 21_lag_ismPRjja, 21_lag_naoPSLjfm, 28_lag_tripol3, 28_lag_shSICmar, 27_lag_stratZ50ndj02, 22_lag_wnorPRjfm, 22_lag_yrvPRjja, 26_lag_ismPRjja, 26_lag_yrvPRjja_1235_19"
LinearRegression,15,30,mhfATL60,slow,1729.5,2005.5,0.8,30,20,20,25.915862198576015,0.18711657422663766,1235,"['20_lag_23_median_tripol3', '27_lag_traDP', '28_lag_yrvPRjja', '20_lag_23_median_wnorPRjfm', '20_lag_mhfATL45', '20_lag_wnorPRjfm', '25_lag_stratZ50ndj01', '21_lag_traBO', '26_lag_traEC', '20_lag_21_median_traBO', '29_lag_traMC', '20_lag_traWP', '27_lag_traEU', '29_lag_amo2', '20_lag_shSICsep', '21_lag_stratZ50ndj01', '20_lag_21_median_stratZ50ndj01', '28_lag_tripol1', '20_lag_traMC', '29_lag_shSICsep', '22_lag_wnorPRjfm', '27_lag_ismPRjja', '20_lag_yrvPRjja', '28_lag_stratZ50ndj02', '27_lag_stratZ50ndj01', '26_lag_ismPRjja', '27_lag_stratZ50ndj02', '22_lag_yrvPRjja', '28_lag_shSICmar', '26_lag_yrvPRjja']","[0.2290880974041084, 0.2958530695631568, 0.1075622414032768, 0.10088109358883028, 0.19869714614322231, 0.015038307636869825, 0.0053031057056976885, 9620145421976.105, 0.005923230290613544, 9620145421976.033, 0.12896455942504434, 0.14801206491138164, 0.022317322897787616, 0.2784813086518206, 0.08850035388528028, 5215485117270.223, 5215485117270.352, 0.0745575609419118, 0.18438970143138617, 0.14944421295154175, 0.029543225548371, 0.1573684579953116, 0.10881074621519986, 0.0364119433060143, 0.09722049717346223, 0.08932778589631342, 0.056114408769672136, 0.07160305624274797, 0.09807955649320266, 0.17917617322810897]","20_lag_23_median_tripol3, 27_lag_traDP, 28_lag_yrvPRjja, 20_lag_23_median_wnorPRjfm, 20_lag_mhfATL45, 20_lag_wnorPRjfm, 25_lag_stratZ50ndj01, 21_lag_traBO, 26_lag_traEC, 20_lag_21_median_traBO, 29_lag_traMC, 20_lag_traWP, 27_lag_traEU, 29_lag_amo2, 20_lag_shSICsep, 21_lag_stratZ50ndj01, 20_lag_21_median_stratZ50ndj01, 28_lag_tripol1, 20_lag_traMC, 29_lag_shSICsep, 22_lag_wnorPRjfm, 27_lag_ismPRjja, 20_lag_yrvPRjja, 28_lag_stratZ50ndj02, 27_lag_stratZ50ndj01, 26_lag_ismPRjja, 27_lag_stratZ50ndj02, 22_lag_yrvPRjja, 28_lag_shSICmar, 26_lag_yrvPRjja_1235_20"
LinearRegression,16,30,mhfATL60,slow,1730.5,2005.5,0.8,31,21,21,19.66836577367446,0.16876876312079334,1235,"['26_lag_traEC', '23_lag_samPSLann', '23_lag_tripol3', '30_lag_traFB', '27_lag_mhfATL30', '21_lag_traEC', '26_lag_ismPRjja', '27_lag_ismPRjja', '25_lag_stratZ50ndj01', '21_lag_amo3', '21_lag_traBS', '22_lag_wnorPRjfm', '21_lag_22_median_wnorPRjfm', '30_lag_nhSICsep', '21_lag_mhfATL45', '27_lag_traEU', '26_lag_stratZ50ndj03', '30_lag_mhfIP30', '21_lag_traBO', '28_lag_stratZ50ndj02', '29_lag_eurPSLjfm', '21_lag_traEU', '28_lag_shSICmar', '29_lag_shSICsep', '21_lag_traFS', '27_lag_stratZ50ndj01', '21_lag_ismPRjja', '27_lag_traDP', '21_lag_stratZ50ndj01', '26_lag_yrvPRjja']","[0.05799377692118879, 0.17916816330057683, 0.0936146975676739, 0.06434059531372772, 0.10590535535085076, 0.019443107791972274, 0.16604907294670954, 0.15804163799971724, 0.04319013484398636, 0.01073090845321281, 0.14087232878867992, 7230351973621.531, 7230351973621.604, 0.07519838774680641, 0.18778094569165088, 0.005546098362643751, 0.11297325894639529, 0.0676536487554012, 0.21075373204303882, 0.059030198660968376, 0.014991461897100829, 0.045431665780993724, 0.12126473491421849, 0.12085259802961537, 0.03724627303691316, 0.13990595895991662, 0.08696568587986006, 0.21798422310710036, 0.17369754749459843, 0.13636468667010576]","26_lag_traEC, 23_lag_samPSLann, 23_lag_tripol3, 30_lag_traFB, 27_lag_mhfATL30, 21_lag_traEC, 26_lag_ismPRjja, 27_lag_ismPRjja, 25_lag_stratZ50ndj01, 21_lag_amo3, 21_lag_traBS, 22_lag_wnorPRjfm, 21_lag_22_median_wnorPRjfm, 30_lag_nhSICsep, 21_lag_mhfATL45, 27_lag_traEU, 26_lag_stratZ50ndj03, 30_lag_mhfIP30, 21_lag_traBO, 28_lag_stratZ50ndj02, 29_lag_eurPSLjfm, 21_lag_traEU, 28_lag_shSICmar, 29_lag_shSICsep, 21_lag_traFS, 27_lag_stratZ50ndj01, 21_lag_ismPRjja, 27_lag_traDP, 21_lag_stratZ50ndj01, 26_lag_yrvPRjja_1235_21"
LinearRegression,17,30,mhfATL60,slow,1731.5,2005.5,0.8,32,22,22,16.74489323533872,-0.1184455865730359,1235,"['22_lag_traIT', '30_lag_nhSICsep', '29_lag_tripol1', '30_lag_shSICmar', '26_lag_traCA', '31_lag_traTLS', '25_lag_traIT', '22_lag_shSICsep', '22_lag_tripol3', '30_lag_mhfIP30', '22_lag_atlSICjfm', '30_lag_nppc2SSTjfm', '28_lag_stratZ50ndj02', '29_lag_eurPSLjfm', '26_lag_stratZ50ndj03', '22_lag_nchinaPRjja', '27_lag_mhfATL30', '29_lag_nchinaPRjja', '27_lag_traDP', '26_lag_ismPRjja', '27_lag_stratZ50ndj01', '29_lag_shSICsep', '26_lag_traTLS', '27_lag_traEU', '25_lag_stratZ50ndj01', '31_lag_eurPSLjfm', '28_lag_shSICmar', '22_lag_wnorPRjfm', '22_lag_yrvPRjja', '26_lag_yrvPRjja']","[0.12953747578714545, 0.0858016538502492, 0.016287058745659087, 0.12756451901456614, 0.09041411684550844, 0.07319114175080677, 0.15433718857514153, 0.010701161461804087, 0.03867981609237215, 0.09956840539127769, 0.0672033280379786, 0.12969106337078376, 0.049506566608557206, 0.09879340224020608, 0.11995852138715084, 0.03485295741397821, 0.003549281682625795, 0.07531796609472918, 0.15006885338006665, 0.14154752435790305, 0.09527665759823098, 0.14940175911797815, 0.007826089663339284, 0.03623469355909465, 0.05057351256934748, 0.08088993726405777, 0.09557749736083271, 0.0849704882927454, 0.11366136832693502, 0.09567835366965895]","22_lag_traIT, 30_lag_nhSICsep, 29_lag_tripol1, 30_lag_shSICmar, 26_lag_traCA, 31_lag_traTLS, 25_lag_traIT, 22_lag_shSICsep, 22_lag_tripol3, 30_lag_mhfIP30, 22_lag_atlSICjfm, 30_lag_nppc2SSTjfm, 28_lag_stratZ50ndj02, 29_lag_eurPSLjfm, 26_lag_stratZ50ndj03, 22_lag_nchinaPRjja, 27_lag_mhfATL30, 29_lag_nchinaPRjja, 27_lag_traDP, 26_lag_ismPRjja, 27_lag_stratZ50ndj01, 29_lag_shSICsep, 26_lag_traTLS, 27_lag_traEU, 25_lag_stratZ50ndj01, 31_lag_eurPSLjfm, 28_lag_shSICmar, 22_lag_wnorPRjfm, 22_lag_yrvPRjja, 26_lag_yrvPRjja_1235_22"
LinearRegression,18,30,mhfATL60,slow,1732.5,2005.5,0.8,33,23,23,15.530059325740607,0.07759201993378705,1235,"['30_lag_alpi', '26_lag_shSICmar', '23_lag_tripol3', '32_lag_nhSICsep', '29_lag_tripol1', '23_lag_traWP', '23_lag_nppc2SSTjfm', '27_lag_mhfATL30', '23_lag_samPSLann', '30_lag_mhfATL30', '23_lag_alpi', '32_lag_traFB', '28_lag_amo1', '26_lag_traTLS', '25_lag_stratZ50ndj01', '32_lag_traCA', '26_lag_ismPRjja', '28_lag_stratZ50ndj02', '32_lag_ginwSSTjfm', '26_lag_traBO', '26_lag_traCA', '29_lag_shSICsep', '31_lag_traMC', '32_lag_amo2', '30_lag_traEU', '32_lag_eurPSLjfm', '28_lag_shSICmar', '31_lag_eurPSLjfm', '27_lag_traDP', '26_lag_yrvPRjja']","[0.02075377382312839, 0.1251286764788904, 0.1485590401553156, 0.11155232674527196, 0.04603467758625442, 0.16267681155569902, 0.07976607779198572, 0.01089822852752873, 0.18748895244848612, 0.038825156506139026, 0.06396065973469899, 0.07336821528641742, 0.1574987131852553, 0.012672136174301274, 0.0012069163840615431, 0.1453782157630724, 0.15650573633139492, 0.09044262851520228, 0.13046107556411382, 0.18264157587020574, 0.031931844372408064, 0.18706383187516104, 0.185889287789473, 0.0280721471910665, 0.004013958123913336, 0.007079374867646031, 0.1512115522457583, 0.09584891035974742, 0.16169637182224822, 0.12423385481976892]","30_lag_alpi, 26_lag_shSICmar, 23_lag_tripol3, 32_lag_nhSICsep, 29_lag_tripol1, 23_lag_traWP, 23_lag_nppc2SSTjfm, 27_lag_mhfATL30, 23_lag_samPSLann, 30_lag_mhfATL30, 23_lag_alpi, 32_lag_traFB, 28_lag_amo1, 26_lag_traTLS, 25_lag_stratZ50ndj01, 32_lag_traCA, 26_lag_ismPRjja, 28_lag_stratZ50ndj02, 32_lag_ginwSSTjfm, 26_lag_traBO, 26_lag_traCA, 29_lag_shSICsep, 31_lag_traMC, 32_lag_amo2, 30_lag_traEU, 32_lag_eurPSLjfm, 28_lag_shSICmar, 31_lag_eurPSLjfm, 27_lag_traDP, 26_lag_yrvPRjja_1235_23"
LinearRegression,19,30,mhfATL60,slow,1733.5,2005.5,0.8,34,24,24,18.246455319539013,-0.0428594006203835,1235,"['26_lag_traBO', '29_lag_tripol1', '30_lag_mhfATL30', '31_lag_traMC', '33_lag_ormenSSTjfm', '32_lag_eurPSLjfm', '27_lag_traEU', '24_lag_nppc2SSTjfm', '32_lag_mhfATL30', '26_lag_ismPRjja', '28_lag_shSICmar', '30_lag_traEU', '26_lag_traEC', '29_lag_samPSLann', '29_lag_shSICsep', '26_lag_yrvPRjja', '29_lag_nchinaPRjja', '28_lag_amo1', '30_lag_nhSICsep', '31_lag_eurPSLjfm', '27_lag_traDP', '32_lag_traCA', '30_lag_alpi', '33_lag_nppc2SSTjfm', '24_lag_seurTSjfm', '33_lag_eurPSLjfm', '32_lag_amo2', '24_lag_27_median_alpi', '24_lag_ismPRjja', '33_lag_ginwSSTjfm']","[0.13115385683750588, 0.046194205785187306, 0.013185771949577764, 0.17760401098474554, 0.04200260359665078, 0.007750217561085727, 0.07909511421274579, 0.05107695914926868, 0.14285392578918757, 0.18710590146013326, 0.10883613230908494, 0.027454093856737284, 0.044910721089355586, 0.1707315130654123, 0.1525722318643179, 0.0961959164447966, 0.12800512384727603, 0.22860055365994825, 0.14668689380026015, 0.12212727981296972, 0.17660726439709676, 0.19314604703998328, 0.04793866508435844, 0.1574150685945805, 0.14065907535250302, 0.20940806942756776, 0.009664870249415827, 0.012648083406363019, 0.07648787164561727, 0.09232137595382899]","26_lag_traBO, 29_lag_tripol1, 30_lag_mhfATL30, 31_lag_traMC, 33_lag_ormenSSTjfm, 32_lag_eurPSLjfm, 27_lag_traEU, 24_lag_nppc2SSTjfm, 32_lag_mhfATL30, 26_lag_ismPRjja, 28_lag_shSICmar, 30_lag_traEU, 26_lag_traEC, 29_lag_samPSLann, 29_lag_shSICsep, 26_lag_yrvPRjja, 29_lag_nchinaPRjja, 28_lag_amo1, 30_lag_nhSICsep, 31_lag_eurPSLjfm, 27_lag_traDP, 32_lag_traCA, 30_lag_alpi, 33_lag_nppc2SSTjfm, 24_lag_seurTSjfm, 33_lag_eurPSLjfm, 32_lag_amo2, 24_lag_27_median_alpi, 24_lag_ismPRjja, 33_lag_ginwSSTjfm_1235_24"
LinearRegression,20,30,mhfATL60,slow,1734.5,2005.5,0.8,35,25,25,15.964162556537744,-0.034982317451843825,1235,"['33_lag_stratZ50ndj01', '34_lag_naoPSLjfm', '29_lag_naoPSLjfm', '25_lag_eurPSLjfm', '34_lag_mhfIP30', '33_lag_nchinaPRjja', '31_lag_ismPRjja', '27_lag_traDP', '30_lag_alpi', '34_lag_nppc2SSTjfm', '27_lag_ismPRjja', '30_lag_atlSICsep', '33_lag_traDP', '30_lag_nppc2SSTjfm', '33_lag_ginwSSTjfm', '34_lag_nhSICsep', '32_lag_scpPSLjfm', '29_lag_nchinaPRjja', '30_lag_nhSICsep', '34_lag_atlSICsep', '29_lag_traEU', '29_lag_samPSLann', '28_lag_amo1', '25_lag_mhfIP30', '34_lag_seurTSjfm', '33_lag_eurPSLjfm', '32_lag_traCA', '34_lag_cetTSjfm', '28_lag_shSICmar', '34_lag_nchinaPRjja']","[0.02620083077869278, 0.09730663825885, 0.047859569554185445, 0.1344451191872191, 0.10877047413665654, 0.009763974112306015, 0.10360575959810338, 0.2734558750761694, 0.0021980025821419684, 0.115533741672444, 0.18355852170414683, 0.10539780211287536, 0.14225049188790706, 0.09414119938722544, 0.051955312629364224, 0.3379862398557468, 0.1876763425617041, 0.04522487359331463, 0.2064388596710435, 0.10029115557015046, 0.05108792745333394, 0.11919477347936894, 0.07394651903756447, 0.0034616042872465578, 0.12592259068251593, 0.1783554441788237, 0.16757104170577383, 0.21650206685191264, 0.0675447883700139, 0.22753791513167493]","33_lag_stratZ50ndj01, 34_lag_naoPSLjfm, 29_lag_naoPSLjfm, 25_lag_eurPSLjfm, 34_lag_mhfIP30, 33_lag_nchinaPRjja, 31_lag_ismPRjja, 27_lag_traDP, 30_lag_alpi, 34_lag_nppc2SSTjfm, 27_lag_ismPRjja, 30_lag_atlSICsep, 33_lag_traDP, 30_lag_nppc2SSTjfm, 33_lag_ginwSSTjfm, 34_lag_nhSICsep, 32_lag_scpPSLjfm, 29_lag_nchinaPRjja, 30_lag_nhSICsep, 34_lag_atlSICsep, 29_lag_traEU, 29_lag_samPSLann, 28_lag_amo1, 25_lag_mhfIP30, 34_lag_seurTSjfm, 33_lag_eurPSLjfm, 32_lag_traCA, 34_lag_cetTSjfm, 28_lag_shSICmar, 34_lag_nchinaPRjja_1235_25"
LinearRegression,21,30,mhfATL60,slow,1735.5,2005.5,0.8,36,26,26,19.081657787513972,-0.043683799159043794,1235,"['35_lag_shSICsep', '35_lag_wnorPRjfm', '26_lag_stratZ50ndj03', '33_lag_amo3', '29_lag_samPSLann', '33_lag_stratZ50ndj01', '26_lag_eurPSLjfm', '31_lag_ismPRjja', '29_lag_nchinaPRjja', '31_lag_eurPSLjfm', '34_lag_nhSICsep', '26_lag_27_median_traDP', '27_lag_traDP', '28_lag_amo1', '26_lag_yrvPRjja', '34_lag_atlSICsep', '26_lag_shSICmar', '34_lag_mhfIP30', '35_lag_nppc2SSTjfm', '34_lag_naoPSLjfm', '29_lag_shSICsep', '32_lag_traCA', '28_lag_shSICmar', '35_lag_traBS', '33_lag_nppc2SSTjfm', '34_lag_cetTSjfm', '35_lag_traEU', '33_lag_eurPSLjfm', '35_lag_cetTSjfm', '34_lag_nchinaPRjja']","[0.049272609597937105, 0.06537455615576465, 0.08577462331036483, 0.04633437130983383, 0.15951683319863777, 0.021155206966831087, 0.08090208109424153, 0.10091793244404527, 0.05915667701535635, 0.03687177670847954, 0.2334887518940223, 1332312100022.8818, 1332312100022.9922, 0.15763036547125436, 0.0814276076634968, 0.053085267772069455, 0.07160577277471429, 0.14386943572611666, 0.04428914888707837, 0.1338893871680126, 0.12580065821661343, 0.1089518477759042, 0.06881424720482887, 0.02690962576886084, 0.1375763216560046, 0.14768262355578943, 0.01753747026828006, 0.17768428994031618, 0.3289535342451064, 0.14023068429108923]","35_lag_shSICsep, 35_lag_wnorPRjfm, 26_lag_stratZ50ndj03, 33_lag_amo3, 29_lag_samPSLann, 33_lag_stratZ50ndj01, 26_lag_eurPSLjfm, 31_lag_ismPRjja, 29_lag_nchinaPRjja, 31_lag_eurPSLjfm, 34_lag_nhSICsep, 26_lag_27_median_traDP, 27_lag_traDP, 28_lag_amo1, 26_lag_yrvPRjja, 34_lag_atlSICsep, 26_lag_shSICmar, 34_lag_mhfIP30, 35_lag_nppc2SSTjfm, 34_lag_naoPSLjfm, 29_lag_shSICsep, 32_lag_traCA, 28_lag_shSICmar, 35_lag_traBS, 33_lag_nppc2SSTjfm, 34_lag_cetTSjfm, 35_lag_traEU, 33_lag_eurPSLjfm, 35_lag_cetTSjfm, 34_lag_nchinaPRjja_1235_26"
LinearRegression,22,30,mhfATL60,slow,1736.5,2005.5,0.8,37,27,27,17.42509470539509,0.016324861554490394,1235,"['36_lag_traEU', '36_lag_scpPSLjfm', '34_lag_nhSICsep', '27_lag_28_median_amo1', '28_lag_amo1', '33_lag_stratZ50ndj01', '30_lag_wnorPRjfm', '32_lag_traCA', '32_lag_tripol1', '36_lag_alpi', '30_lag_stratZ50ndj01', '35_lag_nppc2SSTjfm', '29_lag_shSICsep', '36_lag_traMC', '31_lag_eurPSLjfm', '34_lag_naoPSLjfm', '29_lag_alpi', '33_lag_nppc2SSTjfm', '27_lag_stratZ50ndj02', '35_lag_traBS', '29_lag_nchinaPRjja', '31_lag_ismPRjja', '35_lag_traEU', '35_lag_wnorPRjfm', '34_lag_cetTSjfm', '36_lag_ismPRjja', '33_lag_eurPSLjfm', '27_lag_traDP', '34_lag_nchinaPRjja', '35_lag_cetTSjfm']","[0.17082461287295017, 0.1099827742801667, 0.19825516165106213, 688939229378.2314, 688939229378.0647, 0.010817272284985248, 0.08211979998546891, 0.15614722432189126, 0.2030552541675876, 0.13829293753843655, 0.0021116546164324838, 0.05782705411560815, 0.10588324195529672, 0.08556619173520985, 0.08461097970913471, 0.07331422614395824, 0.07171155941953186, 0.16524811975192474, 0.1169592810551366, 0.019735386949163856, 0.06925328722426707, 0.10835112232917683, 0.006019749980468297, 0.00425872261074655, 0.2062791136894559, 0.13856648692548415, 0.15409957187573947, 0.13577706484189342, 0.13299469992385798, 0.3049445173164252]","36_lag_traEU, 36_lag_scpPSLjfm, 34_lag_nhSICsep, 27_lag_28_median_amo1, 28_lag_amo1, 33_lag_stratZ50ndj01, 30_lag_wnorPRjfm, 32_lag_traCA, 32_lag_tripol1, 36_lag_alpi, 30_lag_stratZ50ndj01, 35_lag_nppc2SSTjfm, 29_lag_shSICsep, 36_lag_traMC, 31_lag_eurPSLjfm, 34_lag_naoPSLjfm, 29_lag_alpi, 33_lag_nppc2SSTjfm, 27_lag_stratZ50ndj02, 35_lag_traBS, 29_lag_nchinaPRjja, 31_lag_ismPRjja, 35_lag_traEU, 35_lag_wnorPRjfm, 34_lag_cetTSjfm, 36_lag_ismPRjja, 33_lag_eurPSLjfm, 27_lag_traDP, 34_lag_nchinaPRjja, 35_lag_cetTSjfm_1235_27"
LinearRegression,23,30,mhfATL60,slow,1737.5,2005.5,0.8,38,28,28,16.011318542142178,0.13548248370092464,1235,"['30_lag_stratZ50ndj01', '30_lag_wnorPRjfm', '37_lag_traFS', '33_lag_stratZ50ndj01', '35_lag_tripol3', '35_lag_ormenSSTjfm', '32_lag_tripol1', '35_lag_neurTSjfm', '28_lag_31_median_mhfATL60', '28_lag_shSICmar', '37_lag_traEU', '35_lag_nppc2SSTjfm', '30_lag_traBS', '36_lag_traEU', '28_lag_amo1', '37_lag_traCA', '31_lag_ismPRjja', '37_lag_gyreSSTjfm', '35_lag_traBS', '31_lag_eurPSLjfm', '36_lag_alpi', '37_lag_traWP', '37_lag_naoPSLjfm', '35_lag_wnorPRjfm', '34_lag_cetTSjfm', '35_lag_traEU', '36_lag_ismPRjja', '34_lag_nchinaPRjja', '35_lag_cetTSjfm', '33_lag_eurPSLjfm']","[0.013089297882600614, 0.08294935041059648, 0.19845678779576928, 0.02748394819693415, 0.01277253617974305, 0.1332835245532447, 0.11538284661155304, 0.036393586673248914, 0.1920363545918426, 0.03427623094416153, 0.12361352314504774, 0.09490128419445977, 0.14933501678895786, 0.22164263906956236, 0.14635803426927466, 0.005095340532789658, 0.11095432486053837, 0.05515484029655765, 0.040675741040858804, 0.03768262189975848, 0.1457952170697206, 0.0733382388282893, 0.16621034468076623, 0.021106676632124986, 0.22856008326057403, 0.06762235019441921, 0.10663862899524876, 0.09496133264041563, 0.36415285343878356, 0.14915043832629551]","30_lag_stratZ50ndj01, 30_lag_wnorPRjfm, 37_lag_traFS, 33_lag_stratZ50ndj01, 35_lag_tripol3, 35_lag_ormenSSTjfm, 32_lag_tripol1, 35_lag_neurTSjfm, 28_lag_31_median_mhfATL60, 28_lag_shSICmar, 37_lag_traEU, 35_lag_nppc2SSTjfm, 30_lag_traBS, 36_lag_traEU, 28_lag_amo1, 37_lag_traCA, 31_lag_ismPRjja, 37_lag_gyreSSTjfm, 35_lag_traBS, 31_lag_eurPSLjfm, 36_lag_alpi, 37_lag_traWP, 37_lag_naoPSLjfm, 35_lag_wnorPRjfm, 34_lag_cetTSjfm, 35_lag_traEU, 36_lag_ismPRjja, 34_lag_nchinaPRjja, 35_lag_cetTSjfm, 33_lag_eurPSLjfm_1235_28"
LinearRegression,24,30,mhfATL60,slow,1738.5,2005.5,0.8,39,29,29,14.995119946065241,0.08766267660655526,1235,"['29_lag_alpi', '29_lag_traEU', '29_lag_atlSICjfm', '33_lag_stratZ50ndj01', '29_lag_traWP', '34_lag_traBO', '34_lag_traDP', '31_lag_ismPRjja', '33_lag_stratZ50ndj02', '35_lag_tripol3', '29_lag_traMC', '35_lag_traBS', '29_lag_scpPSLjfm', '34_lag_atlSICsep', '34_lag_nhSICsep', '31_lag_eurPSLjfm', '35_lag_wnorPRjfm', '38_lag_stratZ50ndj03', '34_lag_cetTSjfm', '37_lag_traEU', '37_lag_gyreSSTjfm', '37_lag_naoPSLjfm', '29_lag_shSICsep', '37_lag_traWP', '29_lag_nchinaPRjja', '35_lag_cetTSjfm', '36_lag_ismPRjja', '35_lag_traEU', '34_lag_nchinaPRjja', '33_lag_eurPSLjfm']","[0.08111789985481328, 0.142628157747586, 0.04290881694761269, 0.013425646709037373, 0.12418180281799662, 0.06697810983852973, 0.07316740370826083, 0.12169388657391277, 0.10158173962544147, 0.010328152010185334, 0.11167628134343248, 0.02617100157994557, 0.06501540340856554, 0.002682427330538597, 0.2702155473656896, 0.05729922587228792, 0.0012060049739620916, 0.06818564809754905, 0.2116880592886422, 0.08155658582473575, 0.06956082909698372, 0.09628448782518348, 0.14697014717756993, 0.06361118564492896, 0.059291697620735676, 0.2727916910494895, 0.12771449606649654, 0.026923689578792476, 0.146518518783851, 0.17817328279298422]","29_lag_alpi, 29_lag_traEU, 29_lag_atlSICjfm, 33_lag_stratZ50ndj01, 29_lag_traWP, 34_lag_traBO, 34_lag_traDP, 31_lag_ismPRjja, 33_lag_stratZ50ndj02, 35_lag_tripol3, 29_lag_traMC, 35_lag_traBS, 29_lag_scpPSLjfm, 34_lag_atlSICsep, 34_lag_nhSICsep, 31_lag_eurPSLjfm, 35_lag_wnorPRjfm, 38_lag_stratZ50ndj03, 34_lag_cetTSjfm, 37_lag_traEU, 37_lag_gyreSSTjfm, 37_lag_naoPSLjfm, 29_lag_shSICsep, 37_lag_traWP, 29_lag_nchinaPRjja, 35_lag_cetTSjfm, 36_lag_ismPRjja, 35_lag_traEU, 34_lag_nchinaPRjja, 33_lag_eurPSLjfm_1235_29"
LinearRegression,25,30,mhfATL60,slow,1739.5,2005.5,0.8,40,30,30,15.204890459263488,0.024023803376050423,1235,"['34_lag_traDP', '35_lag_traFSC', '39_lag_traEC', '30_lag_nhSICsep', '32_lag_yrvPRjja', '36_lag_scpPSLjfm', '35_lag_wnorPRjfm', '30_lag_31_median_nhSICjfm', '31_lag_nhSICjfm', '34_lag_mhfIP30', '34_lag_nhSICsep', '33_lag_stratZ50ndj02', '37_lag_traEU', '37_lag_ginwSSTjfm', '30_lag_35_median_alpi', '30_lag_atlSICsep', '37_lag_gyreSSTjfm', '36_lag_alpi', '38_lag_stratZ50ndj03', '37_lag_naoPSLjfm', '35_lag_cetTSjfm', '37_lag_traWP', '32_lag_scpPSLjfm', '34_lag_cetTSjfm', '30_lag_traBS', '36_lag_ismPRjja', '34_lag_nchinaPRjja', '39_lag_traWP', '35_lag_traEU', '33_lag_eurPSLjfm']","[0.08485630250459526, 0.014146684075204148, 0.020856527023356233, 0.19366602853347367, 0.01921446806104201, 0.05370408915088443, 0.000982280875435979, 4364011558373.6567, 4364011558373.661, 0.09397250347583841, 0.2560849680956621, 0.10766271106194587, 0.08156538303966919, 0.017056413472481075, 0.1986707695141596, 0.09949643242673423, 0.03446858893570302, 0.0738528063634448, 0.03786733180146732, 0.06751047910405501, 0.27756129434264415, 0.045138286075259736, 0.15407232338565469, 0.22596572306888033, 0.1373549642449672, 0.11616041953985903, 0.15732711176063738, 0.15100345757148403, 0.02875763839518653, 0.1310091227130104]","34_lag_traDP, 35_lag_traFSC, 39_lag_traEC, 30_lag_nhSICsep, 32_lag_yrvPRjja, 36_lag_scpPSLjfm, 35_lag_wnorPRjfm, 30_lag_31_median_nhSICjfm, 31_lag_nhSICjfm, 34_lag_mhfIP30, 34_lag_nhSICsep, 33_lag_stratZ50ndj02, 37_lag_traEU, 37_lag_ginwSSTjfm, 30_lag_35_median_alpi, 30_lag_atlSICsep, 37_lag_gyreSSTjfm, 36_lag_alpi, 38_lag_stratZ50ndj03, 37_lag_naoPSLjfm, 35_lag_cetTSjfm, 37_lag_traWP, 32_lag_scpPSLjfm, 34_lag_cetTSjfm, 30_lag_traBS, 36_lag_ismPRjja, 34_lag_nchinaPRjja, 39_lag_traWP, 35_lag_traEU, 33_lag_eurPSLjfm_1235_30"
LinearRegression,26,30,mhfATL60,slow,1740.5,2005.5,0.8,41,31,31,17.96838494613019,0.10076171361784395,1235,"['40_lag_gyreSSTjfm', '36_lag_traEU', '34_lag_nhSICsep', '32_lag_scpPSLjfm', '39_lag_naoPSLjfm', '31_lag_32_median_scpPSLjfm', '37_lag_ismPRjja', '40_lag_tripol2', '35_lag_traBS', '40_lag_traEC', '37_lag_naoPSLjfm', '31_lag_nhSICjfm', '36_lag_ismPRjja', '37_lag_traWP', '35_lag_tripol3', '31_lag_34_median_mhfATL45', '40_lag_seurTSjfm', '35_lag_cetTSjfm', '35_lag_wnorPRjfm', '38_lag_atlSICsep', '40_lag_stratZ50ndj03', '34_lag_cetTSjfm', '37_lag_traEU', '31_lag_scpPSLjfm', '31_lag_traWP', '38_lag_stratZ50ndj03', '39_lag_traWP', '35_lag_traEU', '34_lag_nchinaPRjja', '33_lag_eurPSLjfm']","[0.06549938467783067, 0.13090255842738316, 0.24071734114840584, 4259276932771.712, 0.027406026840776167, 4259276932771.892, 0.05758464260495845, 0.11046965471374995, 0.041011507485828096, 0.10285924535152383, 0.1422605737702461, 0.034567834020819296, 0.11687661238353944, 0.022865005763960437, 0.07234080402863997, 0.2230624022540093, 0.05106304034638122, 0.2817700963590487, 0.04280890616415895, 0.1302284832491742, 0.05304906892104194, 0.20593607342050402, 0.08891404413211937, 0.04074113176366416, 0.17044125124354675, 0.08727283932944566, 0.10251734655770793, 0.02162299778097683, 0.17504879486350317, 0.14787047050214408]","40_lag_gyreSSTjfm, 36_lag_traEU, 34_lag_nhSICsep, 32_lag_scpPSLjfm, 39_lag_naoPSLjfm, 31_lag_32_median_scpPSLjfm, 37_lag_ismPRjja, 40_lag_tripol2, 35_lag_traBS, 40_lag_traEC, 37_lag_naoPSLjfm, 31_lag_nhSICjfm, 36_lag_ismPRjja, 37_lag_traWP, 35_lag_tripol3, 31_lag_34_median_mhfATL45, 40_lag_seurTSjfm, 35_lag_cetTSjfm, 35_lag_wnorPRjfm, 38_lag_atlSICsep, 40_lag_stratZ50ndj03, 34_lag_cetTSjfm, 37_lag_traEU, 31_lag_scpPSLjfm, 31_lag_traWP, 38_lag_stratZ50ndj03, 39_lag_traWP, 35_lag_traEU, 34_lag_nchinaPRjja, 33_lag_eurPSLjfm_1235_31"
LinearRegression,27,30,mhfATL60,slow,1741.5,2005.5,0.8,42,32,32,19.482042788328354,0.021975665094951528,1235,"['40_lag_stratZ50ndj03', '37_lag_shSICmar', '40_lag_tripol2', '35_lag_cetTSjfm', '39_lag_traWP', '36_lag_traCA', '35_lag_mhfATL30', '32_lag_35_median_alpi', '40_lag_gyreSSTjfm', '41_lag_nppc2SSTjfm', '32_lag_mhfATL45', '41_lag_ormenSSTjfm', '38_lag_atlSICsep', '32_lag_yrvPRjja', '41_lag_atlSICjfm', '36_lag_ismPRjja', '40_lag_stratZ50ndj01', '40_lag_seurTSjfm', '32_lag_stratZ50ndj01', '41_lag_traWP', '35_lag_wnorPRjfm', '41_lag_amoSSTmjjaso', '37_lag_traEU', '34_lag_cetTSjfm', '35_lag_tripol3', '38_lag_stratZ50ndj03', '34_lag_nchinaPRjja', '37_lag_traWP', '32_lag_scpPSLjfm', '35_lag_traEU']","[0.062429171998288596, 0.2088678960055118, 0.051466218952746376, 0.2835717932997165, 0.1414830214679243, 0.0005129154326878412, 0.09543330146198227, 0.051786975634509305, 0.10158990635704956, 0.2207203844139579, 0.202374889049439, 0.12827245070167334, 0.08542493153162811, 0.021750098898494708, 0.07921706837177551, 0.07526165024074799, 0.030180544678202283, 0.10838285820749093, 0.07205292168600941, 0.05734917682745972, 0.06803113787365818, 0.14921209423321108, 0.0241515570486596, 0.2444349055291325, 0.02805615890708075, 0.12490806178215016, 0.19035251979031947, 0.027943224231326155, 0.13411599755671458, 0.01678912260749499]","40_lag_stratZ50ndj03, 37_lag_shSICmar, 40_lag_tripol2, 35_lag_cetTSjfm, 39_lag_traWP, 36_lag_traCA, 35_lag_mhfATL30, 32_lag_35_median_alpi, 40_lag_gyreSSTjfm, 41_lag_nppc2SSTjfm, 32_lag_mhfATL45, 41_lag_ormenSSTjfm, 38_lag_atlSICsep, 32_lag_yrvPRjja, 41_lag_atlSICjfm, 36_lag_ismPRjja, 40_lag_stratZ50ndj01, 40_lag_seurTSjfm, 32_lag_stratZ50ndj01, 41_lag_traWP, 35_lag_wnorPRjfm, 41_lag_amoSSTmjjaso, 37_lag_traEU, 34_lag_cetTSjfm, 35_lag_tripol3, 38_lag_stratZ50ndj03, 34_lag_nchinaPRjja, 37_lag_traWP, 32_lag_scpPSLjfm, 35_lag_traEU_1235_32"
LinearRegression,28,30,mhfATL60,slow,1742.5,2005.5,0.8,43,33,33,18.60133838730948,-0.21142374757635357,1235,"['33_lag_traDP', '35_lag_mhfATL30', '33_lag_traCA', '40_lag_tripol2', '39_lag_traFSC', '42_lag_stratZ50ndj02', '37_lag_naoPSLjfm', '38_lag_atlSICsep', '42_lag_traWP', '36_lag_ismPRjja', '35_lag_tripol3', '36_lag_traCA', '35_lag_cetTSjfm', '33_lag_36_median_traBS', '42_lag_traCA', '37_lag_atlSICsep', '33_lag_traWP', '42_lag_eurPSLjfm', '38_lag_nhSICsep', '33_lag_mhfIP30', '41_lag_amoSSTmjjaso', '33_lag_eurPSLjfm', '35_lag_traEU', '38_lag_stratZ50ndj03', '41_lag_traWP', '41_lag_atlSICjfm', '37_lag_traEU', '33_lag_36_median_cetTSjfm', '33_lag_36_median_alpi', '37_lag_traWP']","[0.027717821535478443, 0.14171787054772272, 0.06392652913029029, 0.11924379106262595, 0.049852510785131234, 0.014071519457957028, 0.09444686153254143, 0.14522024131674693, 0.05406978766656698, 0.1280562279185678, 0.017748042870347418, 0.09404190288302101, 0.04297614873072064, 0.03995404742400482, 0.15687092966058805, 0.05463939366379471, 0.034062010372733584, 0.08184687739933569, 0.10973127309764312, 0.0018588006479838774, 0.2258479907036229, 0.16388001359947815, 0.03250947331291268, 0.07466702652824506, 0.024379117746594303, 0.05568799624212231, 0.09884528837868754, 0.5224853468837328, 0.05223851689212738, 0.12909495430252163]","33_lag_traDP, 35_lag_mhfATL30, 33_lag_traCA, 40_lag_tripol2, 39_lag_traFSC, 42_lag_stratZ50ndj02, 37_lag_naoPSLjfm, 38_lag_atlSICsep, 42_lag_traWP, 36_lag_ismPRjja, 35_lag_tripol3, 36_lag_traCA, 35_lag_cetTSjfm, 33_lag_36_median_traBS, 42_lag_traCA, 37_lag_atlSICsep, 33_lag_traWP, 42_lag_eurPSLjfm, 38_lag_nhSICsep, 33_lag_mhfIP30, 41_lag_amoSSTmjjaso, 33_lag_eurPSLjfm, 35_lag_traEU, 38_lag_stratZ50ndj03, 41_lag_traWP, 41_lag_atlSICjfm, 37_lag_traEU, 33_lag_36_median_cetTSjfm, 33_lag_36_median_alpi, 37_lag_traWP_1235_33"
LinearRegression,29,30,mhfATL60,slow,1743.5,2005.5,0.8,44,34,34,20.30236467342655,-0.054824259952717856,1235,"['41_lag_stratZ50ndj04', '41_lag_traWP', '42_lag_traBS', '41_lag_atlSICjfm', '34_lag_atlSICsep', '35_lag_cetTSjfm', '34_lag_35_median_cetTSjfm', '36_lag_traCA', '40_lag_tripol2', '34_lag_ismPRjja', '42_lag_traCA', '34_lag_mhfATL45', '42_lag_shSICsep', '42_lag_scpPSLjfm', '39_lag_scpPSLjfm', '42_lag_ginwSSTjfm', '39_lag_stratZ50ndj01', '38_lag_stratZ50ndj03', '38_lag_atlSICsep', '43_lag_amoSSTmjjaso', '43_lag_nchinaPRjja', '37_lag_traWP', '43_lag_traWP', '40_lag_shSICsep', '42_lag_traMC', '34_lag_nchinaPRjja', '37_lag_traEU', '42_lag_stratZ50ndj02', '37_lag_naoPSLjfm', '34_lag_cetTSjfm']","[0.0301064589221978, 0.02904079397184961, 0.07062767410916705, 0.025633447500870238, 0.08177042661215034, 4009941507954.695, 4009941507954.469, 0.050013422257249716, 0.11706790274533546, 0.03634493020455219, 0.10789466265953142, 0.18012402456354862, 0.044687213472577925, 0.02550555340126711, 0.07057911356792465, 0.15104161269014676, 0.0582144618069328, 0.05520005236178953, 0.06709102997171026, 0.13281828168017257, 0.11205510607175742, 0.08674998798806693, 0.2501793619857732, 0.039541211411295143, 0.07616272731447007, 0.1677766019903307, 0.10897087667145013, 0.016171247471420618, 0.16504864816201936, 0.2245708090461094]","41_lag_stratZ50ndj04, 41_lag_traWP, 42_lag_traBS, 41_lag_atlSICjfm, 34_lag_atlSICsep, 35_lag_cetTSjfm, 34_lag_35_median_cetTSjfm, 36_lag_traCA, 40_lag_tripol2, 34_lag_ismPRjja, 42_lag_traCA, 34_lag_mhfATL45, 42_lag_shSICsep, 42_lag_scpPSLjfm, 39_lag_scpPSLjfm, 42_lag_ginwSSTjfm, 39_lag_stratZ50ndj01, 38_lag_stratZ50ndj03, 38_lag_atlSICsep, 43_lag_amoSSTmjjaso, 43_lag_nchinaPRjja, 37_lag_traWP, 43_lag_traWP, 40_lag_shSICsep, 42_lag_traMC, 34_lag_nchinaPRjja, 37_lag_traEU, 42_lag_stratZ50ndj02, 37_lag_naoPSLjfm, 34_lag_cetTSjfm_1235_34"
LinearRegression,30,30,mhfATL60,slow,1744.5,2005.5,0.8,45,35,35,18.547046311585962,-0.2821079205298869,1235,"['35_lag_traDP', '44_lag_ismPRjja', '37_lag_mhfATL30', '35_lag_traFSC', '40_lag_tripol2', '43_lag_nchinaPRjja', '35_lag_wnorPRjfm', '35_lag_tripol3', '42_lag_traCA', '35_lag_37_median_naoPSLjfm', '44_lag_traIFC', '40_lag_stratZ50ndj03', '40_lag_shSICsep', '44_lag_arcTSjfm', '44_lag_traDS', '44_lag_scpPSLjfm', '37_lag_traMC', '40_lag_stratZ50ndj01', '38_lag_stratZ50ndj03', '42_lag_stratZ50ndj02', '43_lag_traWP', '44_lag_amo2', '40_lag_traEU', '42_lag_traMC', '38_lag_atlSICsep', '37_lag_traWP', '37_lag_traEU', '35_lag_cetTSjfm', '44_lag_stratZ50ndj03', '37_lag_naoPSLjfm']","[0.08398439099655923, 0.03359672198711485, 0.1057069375157551, 0.09897685008721845, 0.1536717215881559, 0.10562849519613794, 0.10111237137629489, 0.04941217204260587, 0.16263744081797543, 0.16884242740701452, 0.02587488227722598, 0.10332220041734948, 0.02048966932326241, 0.0690101900523384, 0.25501299758600865, 0.05298309511484941, 0.14025727493304113, 0.014322794575350569, 0.07474793581210631, 0.06764018656743591, 0.21679445018861435, 0.1695660053301381, 0.08014174315296083, 0.061736136922361205, 0.10970648909341318, 0.18253671920337644, 0.1681052417471484, 0.2296477232024684, 0.07175162562307486, 0.006661578631619665]","35_lag_traDP, 44_lag_ismPRjja, 37_lag_mhfATL30, 35_lag_traFSC, 40_lag_tripol2, 43_lag_nchinaPRjja, 35_lag_wnorPRjfm, 35_lag_tripol3, 42_lag_traCA, 35_lag_37_median_naoPSLjfm, 44_lag_traIFC, 40_lag_stratZ50ndj03, 40_lag_shSICsep, 44_lag_arcTSjfm, 44_lag_traDS, 44_lag_scpPSLjfm, 37_lag_traMC, 40_lag_stratZ50ndj01, 38_lag_stratZ50ndj03, 42_lag_stratZ50ndj02, 43_lag_traWP, 44_lag_amo2, 40_lag_traEU, 42_lag_traMC, 38_lag_atlSICsep, 37_lag_traWP, 37_lag_traEU, 35_lag_cetTSjfm, 44_lag_stratZ50ndj03, 37_lag_naoPSLjfm_1235_35"
LinearRegression,31,30,mhfATL60,slow,1745.5,2005.5,0.8,46,36,36,16.815147495684442,-0.009126560938166332,1235,"['36_lag_39_median_eurPSLjfm', '43_lag_traWP', '45_lag_traTLS', '39_lag_scpPSLjfm', '43_lag_traEC', '40_lag_stratZ50ndj03', '36_lag_traBO', '36_lag_ismPRjja', '40_lag_shSICsep', '42_lag_traCA', '44_lag_arcTSjfm', '41_lag_traBS', '43_lag_nchinaPRjja', '36_lag_traBS', '41_lag_traWP', '36_lag_37_median_naoPSLjfm', '37_lag_naoPSLjfm', '38_lag_traTLS', '45_lag_shSICmar', '36_lag_traEU', '36_lag_traCA', '36_lag_37_median_traWP', '37_lag_traWP', '42_lag_stratZ50ndj02', '42_lag_traTLS', '45_lag_eurPSLjfm', '42_lag_traMC', '44_lag_stratZ50ndj03', '45_lag_nppc3SSTjfm', '38_lag_atlSICsep']","[0.1893268339201513, 0.14220489089192706, 0.01735829470821663, 0.054086118156261284, 0.045447757704518955, 0.10135221113456268, 0.29273035423214594, 0.12710638569607513, 0.06510111007227005, 0.07977816314309771, 0.0417383082980619, 0.009378722019879254, 0.11184612088087265, 0.1092063104704681, 0.20965298422794487, 10265865490954.291, 10265865490954.236, 0.09925744772211761, 0.04195445594866503, 0.17216741600472207, 0.05046725113584522, 1074330667941.5907, 1074330667941.4996, 0.13558323090631955, 0.15512253059943895, 0.08185154235286984, 0.05266785254682728, 0.11892681133236657, 0.36227995653265743, 0.20715461544053648]","36_lag_39_median_eurPSLjfm, 43_lag_traWP, 45_lag_traTLS, 39_lag_scpPSLjfm, 43_lag_traEC, 40_lag_stratZ50ndj03, 36_lag_traBO, 36_lag_ismPRjja, 40_lag_shSICsep, 42_lag_traCA, 44_lag_arcTSjfm, 41_lag_traBS, 43_lag_nchinaPRjja, 36_lag_traBS, 41_lag_traWP, 36_lag_37_median_naoPSLjfm, 37_lag_naoPSLjfm, 38_lag_traTLS, 45_lag_shSICmar, 36_lag_traEU, 36_lag_traCA, 36_lag_37_median_traWP, 37_lag_traWP, 42_lag_stratZ50ndj02, 42_lag_traTLS, 45_lag_eurPSLjfm, 42_lag_traMC, 44_lag_stratZ50ndj03, 45_lag_nppc3SSTjfm, 38_lag_atlSICsep_1235_36"
LinearRegression,32,30,mhfATL60,slow,1746.5,2005.5,0.8,47,37,37,17.090946539971842,-0.03284570170340144,1235,"['46_lag_tripol1', '44_lag_nchinaPRjja', '45_lag_naoPSLjfm', '45_lag_traIFC', '40_lag_shSICmar', '41_lag_ormenSSTjfm', '43_lag_traEC', '42_lag_traTLS', '37_lag_traMC', '42_lag_pdoSSTjfm', '46_lag_mhfATL60', '37_lag_traBS', '44_lag_arcTSjfm', '37_lag_traFS', '45_lag_nppc3SSTjfm', '42_lag_stratZ50ndj02', '41_lag_shSICmar', '43_lag_nchinaPRjja', '37_lag_naoPSLjfm', '41_lag_traWP', '46_lag_naoPSLjfm', '42_lag_traMC', '46_lag_nppc3SSTjfm', '40_lag_stratZ50ndj03', '46_lag_stratZ50ndj02', '37_lag_38_median_atlSICsep', '38_lag_atlSICsep', '37_lag_traEU', '45_lag_eurPSLjfm', '37_lag_traWP']","[0.08983854640472237, 0.03255365127687506, 0.044585833132313665, 0.0683834628743136, 0.09682699952653373, 0.11186876538361194, 0.07860938293981791, 0.10188276396963213, 0.014328109512060011, 0.03056880807816935, 0.09460687978099142, 0.10544599657178119, 0.026855127773648273, 0.16856253657770756, 0.0771742132528103, 0.03888763969299859, 0.16123225192020277, 0.13475930538176872, 0.11542736096074593, 0.11339027912606472, 0.09843051031688452, 0.08892662323395065, 0.22404567689960564, 0.1075758978298546, 0.12730182029223386, 12689002310351.045, 12689002310351.172, 0.18347661639347712, 0.13655452752352862, 0.14441619525745658]","46_lag_tripol1, 44_lag_nchinaPRjja, 45_lag_naoPSLjfm, 45_lag_traIFC, 40_lag_shSICmar, 41_lag_ormenSSTjfm, 43_lag_traEC, 42_lag_traTLS, 37_lag_traMC, 42_lag_pdoSSTjfm, 46_lag_mhfATL60, 37_lag_traBS, 44_lag_arcTSjfm, 37_lag_traFS, 45_lag_nppc3SSTjfm, 42_lag_stratZ50ndj02, 41_lag_shSICmar, 43_lag_nchinaPRjja, 37_lag_naoPSLjfm, 41_lag_traWP, 46_lag_naoPSLjfm, 42_lag_traMC, 46_lag_nppc3SSTjfm, 40_lag_stratZ50ndj03, 46_lag_stratZ50ndj02, 37_lag_38_median_atlSICsep, 38_lag_atlSICsep, 37_lag_traEU, 45_lag_eurPSLjfm, 37_lag_traWP_1235_37"
LinearRegression,33,30,mhfATL60,slow,1747.5,2005.5,0.8,48,38,38,19.101949742741816,-0.22064930880432393,1235,"['43_lag_shSICsep', '38_lag_mhfATL30', '44_lag_amo1', '44_lag_traCA', '43_lag_satlSSTjfm', '38_lag_traBS', '44_lag_traMC', '44_lag_stratZ50ndj04', '43_lag_traWP', '47_lag_nppc2SSTjfm', '47_lag_cetTSjfm', '45_lag_nppc3SSTjfm', '42_lag_pdoSSTjfm', '38_lag_scpPSLjfm', '42_lag_traTLS', '47_lag_shSICsep', '47_lag_shSICmar', '40_lag_shSICmar', '46_lag_nppc3SSTjfm', '41_lag_traBS', '42_lag_stratZ50ndj02', '47_lag_traFB', '40_lag_stratZ50ndj03', '41_lag_traWP', '41_lag_shSICmar', '47_lag_atlSICjfm', '45_lag_eurPSLjfm', '44_lag_stratZ50ndj03', '46_lag_stratZ50ndj02', '38_lag_atlSICsep']","[0.05691592262692191, 0.08135941867376922, 0.10169901506139217, 0.17867046401782857, 0.2030054881160981, 0.1131236489978824, 0.054243193476857854, 0.03326433324505493, 0.15066229120457172, 0.15926961636865142, 0.24925624429366794, 0.27781685103890025, 0.04013941145539397, 0.11143302768481586, 0.14898564875452974, 0.005860616465662557, 0.11226471740270431, 0.17211951919374802, 0.28684755314205046, 0.07967648416282455, 0.06027627038908943, 0.008544655454706989, 0.0474538431387077, 0.18758720340423965, 0.13960519207495212, 0.08466113562001355, 0.1293035738654702, 0.13869067053303666, 0.030332824878867924, 0.09449980537909891]","43_lag_shSICsep, 38_lag_mhfATL30, 44_lag_amo1, 44_lag_traCA, 43_lag_satlSSTjfm, 38_lag_traBS, 44_lag_traMC, 44_lag_stratZ50ndj04, 43_lag_traWP, 47_lag_nppc2SSTjfm, 47_lag_cetTSjfm, 45_lag_nppc3SSTjfm, 42_lag_pdoSSTjfm, 38_lag_scpPSLjfm, 42_lag_traTLS, 47_lag_shSICsep, 47_lag_shSICmar, 40_lag_shSICmar, 46_lag_nppc3SSTjfm, 41_lag_traBS, 42_lag_stratZ50ndj02, 47_lag_traFB, 40_lag_stratZ50ndj03, 41_lag_traWP, 41_lag_shSICmar, 47_lag_atlSICjfm, 45_lag_eurPSLjfm, 44_lag_stratZ50ndj03, 46_lag_stratZ50ndj02, 38_lag_atlSICsep_1235_38"
LinearRegression,34,30,mhfATL60,slow,1748.5,2005.5,0.8,49,39,39,18.87949472742708,-0.0779727433978989,1235,"['42_lag_pdoSSTjfm', '46_lag_atlSICjfm', '43_lag_shSICsep', '47_lag_nppc2SSTjfm', '43_lag_stratZ50ndj04', '43_lag_yrvPRjja', '43_lag_traWP', '47_lag_shSICmar', '42_lag_eurPSLjfm', '47_lag_traFB', '47_lag_atlSICjfm', '39_lag_traWP', '42_lag_stratZ50ndj02', '48_lag_ormenSSTjfm', '47_lag_shSICsep', '42_lag_traTLS', '39_lag_41_median_shSICmar', '46_lag_nppc3SSTjfm', '45_lag_nppc3SSTjfm', '48_lag_wnorPRjfm', '47_lag_yrvPRjja', '39_lag_shSICsep', '48_lag_traEU', '41_lag_traWP', '47_lag_traEU', '45_lag_eurPSLjfm', '41_lag_shSICmar', '48_lag_traFB', '46_lag_stratZ50ndj02', '44_lag_stratZ50ndj03']","[0.04941564766316518, 0.07320857439698394, 0.0417577717395096, 0.1205780379749998, 0.024181383180624735, 0.10321640563770841, 0.10904471821196592, 0.13126621833631888, 0.18725034537021887, 0.057222128693586706, 0.08910306319894758, 0.14025582141388862, 0.06645955344358725, 0.12557322321816486, 0.01616093352884329, 0.15493464930271647, 0.34123919433022826, 0.26419769729444703, 0.13335150529281928, 0.10653220707600597, 0.11996087390830693, 0.03949559365845024, 0.11186214930068002, 0.21065929172350226, 0.09559838404249307, 0.17398166420838534, 0.0010503825856334305, 0.008040179548869266, 0.12430320321614445, 0.12660119444986964]","42_lag_pdoSSTjfm, 46_lag_atlSICjfm, 43_lag_shSICsep, 47_lag_nppc2SSTjfm, 43_lag_stratZ50ndj04, 43_lag_yrvPRjja, 43_lag_traWP, 47_lag_shSICmar, 42_lag_eurPSLjfm, 47_lag_traFB, 47_lag_atlSICjfm, 39_lag_traWP, 42_lag_stratZ50ndj02, 48_lag_ormenSSTjfm, 47_lag_shSICsep, 42_lag_traTLS, 39_lag_41_median_shSICmar, 46_lag_nppc3SSTjfm, 45_lag_nppc3SSTjfm, 48_lag_wnorPRjfm, 47_lag_yrvPRjja, 39_lag_shSICsep, 48_lag_traEU, 41_lag_traWP, 47_lag_traEU, 45_lag_eurPSLjfm, 41_lag_shSICmar, 48_lag_traFB, 46_lag_stratZ50ndj02, 44_lag_stratZ50ndj03_1235_39"
LinearRegression,35,30,mhfATL60,slow,1749.5,2005.5,0.8,50,40,40,16.792565691342432,-0.034533016070704275,1235,"['48_lag_shSICmar', '45_lag_nppc3SSTjfm', '45_lag_ensoSSTjfm', '42_lag_traMC', '40_lag_41_median_traWP', '41_lag_traWP', '40_lag_41_median_shSICmar', '45_lag_satlSSTjfm', '41_lag_shSICmar', '48_lag_ormenSSTjfm', '40_lag_satlSSTjfm', '40_lag_shSICsep', '48_lag_nchinaPRjja', '49_lag_traWP', '49_lag_eurPSLjfm', '43_lag_yrvPRjja', '42_lag_stratZ50ndj02', '47_lag_yrvPRjja', '47_lag_shSICmar', '46_lag_nppc3SSTjfm', '48_lag_traEU', '47_lag_nppc2SSTjfm', '40_lag_45_median_ensoSSTjfm', '40_lag_shSICmar', '47_lag_traEU', '45_lag_eurPSLjfm', '46_lag_atlSICjfm', '48_lag_traFB', '46_lag_stratZ50ndj02', '44_lag_stratZ50ndj03']","[0.029307605957546036, 0.2813649004821567, 0.02061203202443601, 0.07777222211247967, 1243986664368.5374, 1243986664368.733, 69859300380.7469, 0.32450826726667803, 69859300380.48622, 0.1283145988577815, 0.18582122463472606, 0.04495703005735076, 0.07665376400827092, 0.13512812023957957, 0.11783165655947415, 0.06799527151191277, 0.03114997537319634, 0.06702144758675421, 0.10866161307085623, 0.24578839131119576, 0.09748677461748667, 0.1385432517793918, 0.5162658465474221, 0.10396789670869536, 0.10157612740273997, 0.08558383018359969, 0.11719100261330828, 0.020633015660785275, 0.08442554856770472, 0.15978414791294995]","48_lag_shSICmar, 45_lag_nppc3SSTjfm, 45_lag_ensoSSTjfm, 42_lag_traMC, 40_lag_41_median_traWP, 41_lag_traWP, 40_lag_41_median_shSICmar, 45_lag_satlSSTjfm, 41_lag_shSICmar, 48_lag_ormenSSTjfm, 40_lag_satlSSTjfm, 40_lag_shSICsep, 48_lag_nchinaPRjja, 49_lag_traWP, 49_lag_eurPSLjfm, 43_lag_yrvPRjja, 42_lag_stratZ50ndj02, 47_lag_yrvPRjja, 47_lag_shSICmar, 46_lag_nppc3SSTjfm, 48_lag_traEU, 47_lag_nppc2SSTjfm, 40_lag_45_median_ensoSSTjfm, 40_lag_shSICmar, 47_lag_traEU, 45_lag_eurPSLjfm, 46_lag_atlSICjfm, 48_lag_traFB, 46_lag_stratZ50ndj02, 44_lag_stratZ50ndj03_1235_40"
LinearRegression,36,30,mhfATL60,slow,1750.5,2005.5,0.8,51,41,41,16.691224859306956,-0.13639833351373792,1235,"['41_lag_45_median_ensoSSTjfm', '50_lag_mhfATL60', '41_lag_amoSSTmjjaso', '50_lag_stratZ50ndj03', '41_lag_46_median_ensoSSTjfm', '41_lag_cetTSjfm', '50_lag_nppc3SSTjfm', '48_lag_samPSLann', '45_lag_mhfIP30', '46_lag_nppc3SSTjfm', '47_lag_yrvPRjja', '48_lag_traEU', '48_lag_tripol3', '50_lag_traTLS', '47_lag_alpi', '48_lag_nchinaPRjja', '48_lag_tripol1', '47_lag_traEU', '48_lag_pdoSSTjfm', '49_lag_eurPSLjfm', '43_lag_yrvPRjja', '47_lag_nppc2SSTjfm', '48_lag_traFB', '41_lag_traWP', '50_lag_atlSICjfm', '41_lag_shSICmar', '47_lag_shSICmar', '46_lag_stratZ50ndj02', '45_lag_eurPSLjfm', '44_lag_stratZ50ndj03']","[0.2997671964317046, 0.1220102364937263, 0.12812905852324996, 0.15718036784918468, 0.35381239490392213, 0.08506712875111501, 0.07512464012314486, 0.06799178305435138, 0.09100893710971857, 0.3911615309453912, 0.12171495938796006, 0.05060120968761313, 0.1878221024434732, 0.05537356963802361, 0.09496099351184448, 0.07445009709156267, 0.09174305383925983, 0.18867118630039068, 0.13819253895414943, 0.1301976241701216, 0.0927529574847728, 0.22774765353128626, 0.019908444932218786, 0.2201169241152183, 0.12841375032393698, 0.22921486715118136, 0.07943446705933571, 0.12495086385085093, 0.10905255841243543, 0.17181017614418842]","41_lag_45_median_ensoSSTjfm, 50_lag_mhfATL60, 41_lag_amoSSTmjjaso, 50_lag_stratZ50ndj03, 41_lag_46_median_ensoSSTjfm, 41_lag_cetTSjfm, 50_lag_nppc3SSTjfm, 48_lag_samPSLann, 45_lag_mhfIP30, 46_lag_nppc3SSTjfm, 47_lag_yrvPRjja, 48_lag_traEU, 48_lag_tripol3, 50_lag_traTLS, 47_lag_alpi, 48_lag_nchinaPRjja, 48_lag_tripol1, 47_lag_traEU, 48_lag_pdoSSTjfm, 49_lag_eurPSLjfm, 43_lag_yrvPRjja, 47_lag_nppc2SSTjfm, 48_lag_traFB, 41_lag_traWP, 50_lag_atlSICjfm, 41_lag_shSICmar, 47_lag_shSICmar, 46_lag_stratZ50ndj02, 45_lag_eurPSLjfm, 44_lag_stratZ50ndj03_1235_41"
LinearRegression,37,30,mhfATL60,slow,1751.5,2005.5,0.8,52,42,42,16.4791381396641,-0.03071152750982966,1235,"['51_lag_stratZ50ndj01', '51_lag_pdoSSTjfm', '47_lag_traEU', '46_lag_shSICmar', '48_lag_shSICmar', '48_lag_tripol3', '46_lag_atlSICjfm', '48_lag_wnorPRjfm', '49_lag_mhfIP30', '48_lag_tripol1', '51_lag_traTLS', '51_lag_shSICmar', '46_lag_eurPSLjfm', '48_lag_ormenSSTjfm', '51_lag_mhfATL60', '51_lag_nhSICsep', '42_lag_traIT', '48_lag_pdoSSTjfm', '48_lag_samPSLann', '42_lag_traTLS', '45_lag_mhfIP30', '48_lag_traFB', '51_lag_traBS', '48_lag_stratZ50ndj03', '50_lag_atlSICjfm', '51_lag_shSICsep', '46_lag_stratZ50ndj02', '44_lag_stratZ50ndj03', '49_lag_eurPSLjfm', '45_lag_eurPSLjfm']","[0.1169305926496148, 0.09427521228588281, 0.0924018051071534, 0.1055451764995695, 0.0816666198584826, 0.1805641812503022, 0.03644542791601465, 0.13326731543022394, 0.0007441304503582046, 0.02690194768432046, 0.009137293997021803, 0.14287640414024533, 0.08740291626562602, 0.151578945920477, 0.005134005142133109, 0.37512146684694303, 0.0913566198181401, 0.054245410403930605, 0.11150876693240637, 0.1589668433063965, 0.032587601123852714, 0.036487085076099574, 0.17524894431111077, 0.002145014578350368, 0.16272163184645808, 0.08415571876651978, 0.2128768964658984, 0.0794940989062755, 0.07553899161019861, 0.23102433767268224]","51_lag_stratZ50ndj01, 51_lag_pdoSSTjfm, 47_lag_traEU, 46_lag_shSICmar, 48_lag_shSICmar, 48_lag_tripol3, 46_lag_atlSICjfm, 48_lag_wnorPRjfm, 49_lag_mhfIP30, 48_lag_tripol1, 51_lag_traTLS, 51_lag_shSICmar, 46_lag_eurPSLjfm, 48_lag_ormenSSTjfm, 51_lag_mhfATL60, 51_lag_nhSICsep, 42_lag_traIT, 48_lag_pdoSSTjfm, 48_lag_samPSLann, 42_lag_traTLS, 45_lag_mhfIP30, 48_lag_traFB, 51_lag_traBS, 48_lag_stratZ50ndj03, 50_lag_atlSICjfm, 51_lag_shSICsep, 46_lag_stratZ50ndj02, 44_lag_stratZ50ndj03, 49_lag_eurPSLjfm, 45_lag_eurPSLjfm_1235_42"
LinearRegression,38,30,mhfATL60,slow,1752.5,2005.5,0.8,53,43,43,16.673473441992112,-0.3106074943924032,1235,"['48_lag_pdoSSTjfm', '46_lag_yrvPRjja', '52_lag_stratZ50ndj01', '50_lag_nppc3SSTjfm', '52_lag_mhfATL60', '47_lag_alpi', '51_lag_mhfATL60', '48_lag_stratZ50ndj03', '51_lag_traEU', '44_lag_stratZ50ndj03', '43_lag_44_median_stratZ50ndj03', '43_lag_yrvPRjja', '52_lag_satlSSTjfm', '48_lag_traFB', '52_lag_stratZ50ndj04', '49_lag_eurPSLjfm', '51_lag_pdoSSTjfm', '51_lag_nppc3SSTjfm', '51_lag_nhSICsep', '45_lag_eurPSLjfm', '51_lag_stratZ50ndj01', '51_lag_traBS', '49_lag_traEC', '48_lag_ormenSSTjfm', '45_lag_mhfIP30', '52_lag_traBS', '46_lag_stratZ50ndj02', '43_lag_traWP', '50_lag_atlSICjfm', '51_lag_shSICsep']","[0.06811197708281136, 0.12150290483837906, 0.07250437866190125, 0.005023446532861862, 0.019974645944546118, 0.035255302882757925, 0.05696904205736048, 0.00879639744853479, 0.07686848224906455, 1787380426322.8308, 1787380426322.92, 0.08179691157191259, 0.001242032063605947, 0.03704673630380012, 0.14013599043627312, 0.068525214089066, 0.14095408587170438, 0.20000170229404166, 0.4569158007532729, 0.18628344517421747, 0.10831053690471312, 0.1656946607804246, 0.06861505712639933, 0.17799742698255783, 0.05939525068504029, 0.07314968296615093, 0.18811198968576792, 0.1844759097514749, 0.12326775115122343, 0.046941756097187655]","48_lag_pdoSSTjfm, 46_lag_yrvPRjja, 52_lag_stratZ50ndj01, 50_lag_nppc3SSTjfm, 52_lag_mhfATL60, 47_lag_alpi, 51_lag_mhfATL60, 48_lag_stratZ50ndj03, 51_lag_traEU, 44_lag_stratZ50ndj03, 43_lag_44_median_stratZ50ndj03, 43_lag_yrvPRjja, 52_lag_satlSSTjfm, 48_lag_traFB, 52_lag_stratZ50ndj04, 49_lag_eurPSLjfm, 51_lag_pdoSSTjfm, 51_lag_nppc3SSTjfm, 51_lag_nhSICsep, 45_lag_eurPSLjfm, 51_lag_stratZ50ndj01, 51_lag_traBS, 49_lag_traEC, 48_lag_ormenSSTjfm, 45_lag_mhfIP30, 52_lag_traBS, 46_lag_stratZ50ndj02, 43_lag_traWP, 50_lag_atlSICjfm, 51_lag_shSICsep_1235_43"
LinearRegression,39,30,mhfATL60,slow,1753.5,2005.5,0.8,54,44,44,18.181847103260047,-0.20511972656347363,1235,"['51_lag_nppc3SSTjfm', '44_lag_ormenSSTjfm', '53_lag_ormenSSTjfm', '51_lag_traIFC', '46_lag_atlSICjfm', '51_lag_traBS', '53_lag_traIT', '52_lag_stratZ50ndj04', '52_lag_traBS', '49_lag_stratZ50ndj01', '51_lag_alpi', '48_lag_traFB', '44_lag_47_median_stratZ50ndj02', '44_lag_traFS', '46_lag_stratZ50ndj02', '49_lag_eurPSLjfm', '44_lag_47_median_alpi', '50_lag_traTLS', '44_lag_traCA', '48_lag_ormenSSTjfm', '47_lag_yrvPRjja', '51_lag_nhSICsep', '52_lag_satlSSTjfm', '51_lag_shSICsep', '52_lag_stratZ50ndj01', '51_lag_traEU', '53_lag_traEU', '50_lag_atlSICjfm', '44_lag_stratZ50ndj03', '49_lag_traEC']","[0.24039254298913848, 0.068893559636197, 0.04903691046856552, 0.023690222439624323, 0.05404520600586519, 0.1601150079048363, 0.07632229751675165, 0.12682861281632649, 0.10940977107604956, 0.004995560202829444, 0.025322158716877166, 0.035493176642909754, 0.26563233494103583, 0.11665520233164747, 0.0752444733259721, 0.035044127097434014, 0.1603885528899382, 0.16086246876490853, 0.11577529715247584, 0.18184628912782808, 0.10538396655093862, 0.43372626765677313, 0.04239324827296177, 0.0567150255211108, 0.07351476176205496, 0.044597958740204426, 0.05452071854857789, 0.04433835611701305, 0.13741477728294665, 0.019946781665836855]","51_lag_nppc3SSTjfm, 44_lag_ormenSSTjfm, 53_lag_ormenSSTjfm, 51_lag_traIFC, 46_lag_atlSICjfm, 51_lag_traBS, 53_lag_traIT, 52_lag_stratZ50ndj04, 52_lag_traBS, 49_lag_stratZ50ndj01, 51_lag_alpi, 48_lag_traFB, 44_lag_47_median_stratZ50ndj02, 44_lag_traFS, 46_lag_stratZ50ndj02, 49_lag_eurPSLjfm, 44_lag_47_median_alpi, 50_lag_traTLS, 44_lag_traCA, 48_lag_ormenSSTjfm, 47_lag_yrvPRjja, 51_lag_nhSICsep, 52_lag_satlSSTjfm, 51_lag_shSICsep, 52_lag_stratZ50ndj01, 51_lag_traEU, 53_lag_traEU, 50_lag_atlSICjfm, 44_lag_stratZ50ndj03, 49_lag_traEC_1235_44"
LinearRegression,40,30,mhfATL60,slow,1754.5,2005.5,0.8,55,45,45,18.236264727669894,-0.22482819599781437,1235,"['45_lag_mhfIP30', '47_lag_alpi', '45_lag_48_median_yrvPRjja', '45_lag_traCA', '51_lag_nchinaPRjja', '52_lag_nppc3SSTjfm', '52_lag_traBS', '49_lag_stratZ50ndj01', '54_lag_stratZ50ndj04', '45_lag_eurPSLjfm', '51_lag_nhSICsep', '47_lag_yrvPRjja', '51_lag_shSICsep', '45_lag_stratZ50ndj01', '45_lag_traDP', '49_lag_stratZ50ndj02', '45_lag_stratZ50ndj02', '53_lag_traEU', '53_lag_seurTSjfm', '48_lag_ormenSSTjfm', '50_lag_traTLS', '49_lag_traBS', '52_lag_stratZ50ndj01', '49_lag_eurPSLjfm', '45_lag_stratZ50ndj03', '52_lag_satlSSTjfm', '49_lag_traEC', '54_lag_traBO', '51_lag_stratZ50ndj01', '51_lag_traTLS']","[0.011242331222367515, 0.01220168080545976, 0.237586723312829, 0.11419517246677188, 0.0019070828800602645, 0.2812594121010445, 0.10183288150862337, 0.001912235072677344, 0.10571812634080369, 0.14011529267445927, 0.46830606617551646, 0.028286310190331714, 0.03806836813661973, 0.06877281798627123, 0.13926269004898675, 0.026989189426564537, 0.07365944402453134, 0.0052595578634424996, 0.07123834132902832, 0.11107526794965854, 0.1903304860588861, 0.11328671163216217, 0.0774472129682371, 0.01165518001485244, 0.015326761561223253, 0.04929595001712564, 0.061170343720870615, 0.3449031368743664, 0.11563996492156434, 0.11432016960003122]","45_lag_mhfIP30, 47_lag_alpi, 45_lag_48_median_yrvPRjja, 45_lag_traCA, 51_lag_nchinaPRjja, 52_lag_nppc3SSTjfm, 52_lag_traBS, 49_lag_stratZ50ndj01, 54_lag_stratZ50ndj04, 45_lag_eurPSLjfm, 51_lag_nhSICsep, 47_lag_yrvPRjja, 51_lag_shSICsep, 45_lag_stratZ50ndj01, 45_lag_traDP, 49_lag_stratZ50ndj02, 45_lag_stratZ50ndj02, 53_lag_traEU, 53_lag_seurTSjfm, 48_lag_ormenSSTjfm, 50_lag_traTLS, 49_lag_traBS, 52_lag_stratZ50ndj01, 49_lag_eurPSLjfm, 45_lag_stratZ50ndj03, 52_lag_satlSSTjfm, 49_lag_traEC, 54_lag_traBO, 51_lag_stratZ50ndj01, 51_lag_traTLS_1235_45"
LinearRegression,41,30,mhfATL60,slow,1755.5,2005.5,0.8,56,46,46,17.215137343720755,-0.0930833206361252,1235,"['55_lag_traBS', '55_lag_tripol3', '46_lag_51_median_wnorPRjfm', '46_lag_naoPSLjfm', '54_lag_traEU', '54_lag_stratZ50ndj04', '55_lag_shSICmar', '46_lag_shSICmar', '50_lag_traTLS', '53_lag_seurTSjfm', '54_lag_stratZ50ndj01', '51_lag_nhSICsep', '51_lag_shSICsep', '46_lag_stratZ50ndj03', '51_lag_stratZ50ndj04', '51_lag_stratZ50ndj01', '55_lag_traMC', '48_lag_ormenSSTjfm', '54_lag_traBO', '52_lag_traBS', '46_lag_stratZ50ndj02', '51_lag_traTLS', '50_lag_atlSICjfm', '46_lag_yrvPRjja', '55_lag_traFS', '49_lag_eurPSLjfm', '55_lag_traDP', '52_lag_satlSSTjfm', '49_lag_traEC', '55_lag_traBO']","[0.18544264320953263, 0.04276412288194184, 0.3504919819377828, 0.09348146020235903, 0.03754790307667613, 0.10284908752076251, 0.04844506474889124, 0.07499623676754355, 0.1365873725283011, 0.04147309351744537, 0.003591869425002383, 0.3228012891817873, 0.08231392474246466, 0.09188142509228724, 0.12949724285043018, 0.07147782041230742, 0.07061672883473291, 0.198794107416727, 0.11590099489946526, 0.10335604355639871, 0.1676096958882371, 0.0641821082055744, 0.1582886079283229, 0.07648859042043614, 0.01921944115526307, 0.020728434794583264, 0.05989767893836023, 0.027273822769783008, 0.007016833356427227, 0.11567038110176123]","55_lag_traBS, 55_lag_tripol3, 46_lag_51_median_wnorPRjfm, 46_lag_naoPSLjfm, 54_lag_traEU, 54_lag_stratZ50ndj04, 55_lag_shSICmar, 46_lag_shSICmar, 50_lag_traTLS, 53_lag_seurTSjfm, 54_lag_stratZ50ndj01, 51_lag_nhSICsep, 51_lag_shSICsep, 46_lag_stratZ50ndj03, 51_lag_stratZ50ndj04, 51_lag_stratZ50ndj01, 55_lag_traMC, 48_lag_ormenSSTjfm, 54_lag_traBO, 52_lag_traBS, 46_lag_stratZ50ndj02, 51_lag_traTLS, 50_lag_atlSICjfm, 46_lag_yrvPRjja, 55_lag_traFS, 49_lag_eurPSLjfm, 55_lag_traDP, 52_lag_satlSSTjfm, 49_lag_traEC, 55_lag_traBO_1235_46"
LinearRegression,42,30,mhfATL60,slow,1756.5,2005.5,0.8,57,47,47,16.864959827997296,-0.16312068451082612,1235,"['47_lag_48_median_tripol3', '48_lag_tripol3', '47_lag_52_median_mhfATL45', '52_lag_stratZ50ndj01', '54_lag_traEU', '49_lag_traEC', '52_lag_nhSICsep', '52_lag_traBS', '51_lag_stratZ50ndj01', '54_lag_stratZ50ndj04', '53_lag_seurTSjfm', '51_lag_stratZ50ndj04', '51_lag_shSICsep', '50_lag_traTLS', '47_lag_yrvPRjja', '54_lag_mhfATL30', '54_lag_ismPRjja', '49_lag_traBS', '56_lag_alpi', '53_lag_stratZ50ndj02', '54_lag_traBO', '52_lag_satlSSTjfm', '55_lag_traBS', '55_lag_traFS', '56_lag_stratZ50ndj01', '55_lag_traDP', '50_lag_atlSICjfm', '55_lag_traBO', '56_lag_traFB', '56_lag_shSICmar']","[0.14246921184633307, 0.1424692118463328, 0.052063399131501216, 0.019370809966431927, 0.0523990983065337, 0.1141843442768498, 0.34516217951348044, 0.10904492324094328, 0.1171812097581243, 0.2008891322651315, 0.03996900621055698, 0.04761269358192717, 0.0035555528515244686, 0.194448921783001, 0.127068991604215, 0.1303375495280589, 0.022963744385543012, 0.17814004023864846, 0.004839736593072618, 0.011403808537336545, 0.2371736238083889, 0.005555390291962892, 0.12974586675801295, 0.06250896542379891, 0.002220286886144048, 0.11498720291083318, 0.1308207032179263, 0.08377191418489385, 0.17014453243222222, 0.17865802507868128]","47_lag_48_median_tripol3, 48_lag_tripol3, 47_lag_52_median_mhfATL45, 52_lag_stratZ50ndj01, 54_lag_traEU, 49_lag_traEC, 52_lag_nhSICsep, 52_lag_traBS, 51_lag_stratZ50ndj01, 54_lag_stratZ50ndj04, 53_lag_seurTSjfm, 51_lag_stratZ50ndj04, 51_lag_shSICsep, 50_lag_traTLS, 47_lag_yrvPRjja, 54_lag_mhfATL30, 54_lag_ismPRjja, 49_lag_traBS, 56_lag_alpi, 53_lag_stratZ50ndj02, 54_lag_traBO, 52_lag_satlSSTjfm, 55_lag_traBS, 55_lag_traFS, 56_lag_stratZ50ndj01, 55_lag_traDP, 50_lag_atlSICjfm, 55_lag_traBO, 56_lag_traFB, 56_lag_shSICmar_1235_47"
LinearRegression,43,30,mhfATL60,slow,1757.5,2005.5,0.8,58,48,48,18.28366175529793,-0.06839096333344293,1235,"['56_lag_mhfATL45', '48_lag_mhfIP30', '52_lag_stratZ50ndj01', '50_lag_traTLS', '51_lag_traTLS', '56_lag_stratZ50ndj01', '52_lag_nhSICsep', '54_lag_mhfATL30', '55_lag_mhfIP30', '48_lag_traTLS', '55_lag_traBS', '54_lag_traEU', '53_lag_seurTSjfm', '48_lag_51_median_traEC', '57_lag_amo2', '57_lag_ginwSSTjfm', '54_lag_stratZ50ndj04', '52_lag_ismPRjja', '51_lag_traEC', '55_lag_traDP', '48_lag_nchinaPRjja', '51_lag_atlSICsep', '54_lag_traBO', '48_lag_tripol3', '55_lag_traFS', '56_lag_yrvPRjja', '56_lag_traFB', '55_lag_traBO', '51_lag_stratZ50ndj01', '56_lag_shSICmar']","[0.0711672076057824, 0.05931999972243058, 0.02340642906858217, 0.1951534367628847, 0.142689379856801, 0.014794946421763116, 0.27949075959900127, 0.10532954155042952, 0.14138528755629, 0.1655127968985265, 0.14972337661556326, 0.07227558874835434, 0.037810304917322256, 0.18275458882019366, 0.10020325497709781, 0.03395051813217103, 0.10247178977066854, 0.036262611579386234, 0.018233200591538903, 0.09380309030626605, 0.15228648985271678, 0.169197851557377, 0.16482869872089329, 0.20338960548433266, 0.002201677586780283, 0.17454100716533938, 0.2508099070278493, 0.1438827970937066, 0.07815533630178415, 0.1850213827573826]","56_lag_mhfATL45, 48_lag_mhfIP30, 52_lag_stratZ50ndj01, 50_lag_traTLS, 51_lag_traTLS, 56_lag_stratZ50ndj01, 52_lag_nhSICsep, 54_lag_mhfATL30, 55_lag_mhfIP30, 48_lag_traTLS, 55_lag_traBS, 54_lag_traEU, 53_lag_seurTSjfm, 48_lag_51_median_traEC, 57_lag_amo2, 57_lag_ginwSSTjfm, 54_lag_stratZ50ndj04, 52_lag_ismPRjja, 51_lag_traEC, 55_lag_traDP, 48_lag_nchinaPRjja, 51_lag_atlSICsep, 54_lag_traBO, 48_lag_tripol3, 55_lag_traFS, 56_lag_yrvPRjja, 56_lag_traFB, 55_lag_traBO, 51_lag_stratZ50ndj01, 56_lag_shSICmar_1235_48"
LinearRegression,44,30,mhfATL60,slow,1758.5,2005.5,0.8,59,49,49,19.3498519164191,-0.30477736749117207,1235,"['49_lag_traEU', '57_lag_traMC', '53_lag_seurTSjfm', '57_lag_traTLS', '51_lag_atlSICsep', '57_lag_shSICmar', '49_lag_52_median_alpi', '57_lag_ginwSSTjfm', '55_lag_mhfIP30', '53_lag_traEC', '58_lag_traCA', '49_lag_traWP', '55_lag_traDP', '58_lag_yrvPRjja', '49_lag_cetTSjfm', '54_lag_traEU', '58_lag_stratZ50ndj04', '49_lag_traEC', '56_lag_mhfATL45', '55_lag_traBO', '58_lag_pdoSSTjfm', '55_lag_stratZ50ndj04', '51_lag_traEC', '55_lag_traBS', '58_lag_eurPSLjfm', '56_lag_alpi', '56_lag_yrvPRjja', '52_lag_ismPRjja', '51_lag_stratZ50ndj01', '56_lag_shSICmar']","[0.08566975715521252, 0.16730418556087437, 0.04014491976479815, 0.09797859274444394, 0.28803978354820364, 0.036010509272366854, 0.07007754737720744, 0.01543607748160958, 0.12018677102373718, 0.021410267292357073, 0.07988368364091787, 0.15452649085754394, 0.008581480754307588, 0.23249666491068585, 0.1486956929454291, 0.05405022680549703, 0.02338718784546796, 0.04488652304188357, 0.038259932178340395, 0.10048626804602495, 0.17333948308984667, 0.07594645716326548, 0.18858107708553667, 0.16140209014203746, 0.018591240093293663, 0.05335786092974974, 0.16377936861650266, 0.12397406496163606, 0.12965013707621523, 0.24051822507705878]","49_lag_traEU, 57_lag_traMC, 53_lag_seurTSjfm, 57_lag_traTLS, 51_lag_atlSICsep, 57_lag_shSICmar, 49_lag_52_median_alpi, 57_lag_ginwSSTjfm, 55_lag_mhfIP30, 53_lag_traEC, 58_lag_traCA, 49_lag_traWP, 55_lag_traDP, 58_lag_yrvPRjja, 49_lag_cetTSjfm, 54_lag_traEU, 58_lag_stratZ50ndj04, 49_lag_traEC, 56_lag_mhfATL45, 55_lag_traBO, 58_lag_pdoSSTjfm, 55_lag_stratZ50ndj04, 51_lag_traEC, 55_lag_traBS, 58_lag_eurPSLjfm, 56_lag_alpi, 56_lag_yrvPRjja, 52_lag_ismPRjja, 51_lag_stratZ50ndj01, 56_lag_shSICmar_1235_49"
LinearRegression,45,30,mhfATL60,slow,1759.5,2005.5,0.8,60,50,50,14.836576510104814,0.18033808324731684,1235,"['55_lag_traBO', '59_lag_gyreSSTjfm', '52_lag_stratZ50ndj01', '57_lag_scpPSLjfm', '56_lag_stratZ50ndj01', '50_lag_yrvPRjja', '54_lag_traEU', '57_lag_eapPSLjfm', '50_lag_pdoSSTjfm', '50_lag_51_median_stratZ50ndj01', '51_lag_stratZ50ndj01', '54_lag_mhfIP30', '56_lag_yrvPRjja', '53_lag_mhfATL60', '50_lag_traTLS', '58_lag_stratZ50ndj04', '58_lag_pdoSSTjfm', '50_lag_tripol1', '56_lag_traFB', '53_lag_seurTSjfm', '57_lag_traMC', '59_lag_amo3', '59_lag_atlSICjfm', '50_lag_traBO', '59_lag_arcTSjfm', '58_lag_yrvPRjja', '56_lag_mhfATL45', '52_lag_ismPRjja', '55_lag_stratZ50ndj04', '56_lag_shSICmar']","[0.13920808942368162, 0.05781753279820311, 0.019059420874019864, 0.12337056945290137, 0.03213566387894747, 0.0791778978104103, 0.002406902208031323, 0.03906670557957246, 0.09316448335594864, 5283100784095.903, 5283100784095.9795, 0.059188278592195095, 0.13951650980539698, 0.17634746663700365, 0.1258959434032014, 0.020941053793401488, 0.15779785190416443, 0.081131899041322, 0.20613103999916094, 0.10161188075779584, 0.13071227330156227, 0.22586467197083007, 0.09128748518231687, 0.07746936105745221, 0.16188101203823405, 0.12894075076115638, 0.07331076571506794, 0.08130426765108466, 0.012373414368518177, 0.22742397087670804]","55_lag_traBO, 59_lag_gyreSSTjfm, 52_lag_stratZ50ndj01, 57_lag_scpPSLjfm, 56_lag_stratZ50ndj01, 50_lag_yrvPRjja, 54_lag_traEU, 57_lag_eapPSLjfm, 50_lag_pdoSSTjfm, 50_lag_51_median_stratZ50ndj01, 51_lag_stratZ50ndj01, 54_lag_mhfIP30, 56_lag_yrvPRjja, 53_lag_mhfATL60, 50_lag_traTLS, 58_lag_stratZ50ndj04, 58_lag_pdoSSTjfm, 50_lag_tripol1, 56_lag_traFB, 53_lag_seurTSjfm, 57_lag_traMC, 59_lag_amo3, 59_lag_atlSICjfm, 50_lag_traBO, 59_lag_arcTSjfm, 58_lag_yrvPRjja, 56_lag_mhfATL45, 52_lag_ismPRjja, 55_lag_stratZ50ndj04, 56_lag_shSICmar_1235_50"
LinearRegression,46,30,mhfATL60,slow,1760.5,2005.5,0.8,61,51,51,16.223037341720513,-0.19030395370311293,1235,"['58_lag_yrvPRjja', '51_lag_54_median_mhfATL45', '56_lag_mhfATL45', '59_lag_naoPSLjfm', '58_lag_amo1', '51_lag_atlSICsep', '59_lag_pdoSSTjfm', '59_lag_atlSICjfm', '54_lag_mhfIP30', '59_lag_traFSC', '53_lag_seurTSjfm', '59_lag_stratZ50ndj03', '56_lag_traEC', '58_lag_stratZ50ndj04', '60_lag_stratZ50ndj01', '58_lag_scpPSLjfm', '55_lag_mhfIP30', '57_lag_shSICmar', '51_lag_nppc2SSTjfm', '56_lag_eurPSLjfm', '58_lag_stratZ50ndj03', '57_lag_traMC', '51_lag_traFS', '60_lag_wnorPRjfm', '51_lag_stratZ50ndj01', '59_lag_arcTSjfm', '51_lag_traBS', '60_lag_nchinaPRjja', '60_lag_tripol3', '56_lag_shSICmar']","[0.10109031260173958, 0.23512814527126724, 0.02672331394772551, 0.011106054467479472, 0.33316826213749423, 0.20660327759041436, 0.20168846310634694, 0.14175371073730195, 0.13185476765513576, 0.11113788876989016, 0.06247452511144793, 0.114626428797358, 0.021193767583951893, 0.09152378957303826, 0.028263812390182257, 0.12960702978331182, 0.10195602193886315, 0.0075061209320404255, 0.0865502881113909, 0.11351923515572612, 0.10603166918136234, 0.19746726529990305, 0.13183190358899508, 0.17949105227397433, 0.14185874302264714, 0.2218047715760817, 0.14800927696083907, 0.163250378969346, 0.2887680376330309, 0.2424724062734303]","58_lag_yrvPRjja, 51_lag_54_median_mhfATL45, 56_lag_mhfATL45, 59_lag_naoPSLjfm, 58_lag_amo1, 51_lag_atlSICsep, 59_lag_pdoSSTjfm, 59_lag_atlSICjfm, 54_lag_mhfIP30, 59_lag_traFSC, 53_lag_seurTSjfm, 59_lag_stratZ50ndj03, 56_lag_traEC, 58_lag_stratZ50ndj04, 60_lag_stratZ50ndj01, 58_lag_scpPSLjfm, 55_lag_mhfIP30, 57_lag_shSICmar, 51_lag_nppc2SSTjfm, 56_lag_eurPSLjfm, 58_lag_stratZ50ndj03, 57_lag_traMC, 51_lag_traFS, 60_lag_wnorPRjfm, 51_lag_stratZ50ndj01, 59_lag_arcTSjfm, 51_lag_traBS, 60_lag_nchinaPRjja, 60_lag_tripol3, 56_lag_shSICmar_1235_51"
LinearRegression,47,30,mhfATL60,slow,1761.5,2005.5,0.8,62,52,52,20.13129287394894,-0.2661624476902973,1235,"['58_lag_pdoSSTjfm', '61_lag_mhfIP30', '52_lag_atlSICsep', '55_lag_neurTSjfm', '57_lag_traTLS', '59_lag_shSICsep', '52_lag_nhSICsep', '60_lag_tripol3', '58_lag_scpPSLjfm', '59_lag_naoPSLjfm', '58_lag_stratZ50ndj04', '60_lag_stratZ50ndj01', '57_lag_traMC', '58_lag_stratZ50ndj01', '56_lag_yrvPRjja', '61_lag_nchinaPRjja', '52_lag_traEU', '57_lag_shSICmar', '55_lag_traEU', '60_lag_traMC', '61_lag_traFSC', '52_lag_ismPRjja', '59_lag_stratZ50ndj03', '57_lag_satlSSTjfm', '61_lag_traFB', '52_lag_stratZ50ndj01', '59_lag_arcTSjfm', '59_lag_traFSC', '56_lag_shSICmar', '60_lag_nchinaPRjja']","[0.19904547977264342, 0.1030189937177252, 0.08914618391461882, 0.044018484159916466, 0.1041696476102332, 0.009748212961179814, 0.4390571960775364, 0.24914579960246344, 0.09652188184988986, 0.1445017136581528, 0.16370725979528064, 0.06145074926400433, 0.19597235941971106, 0.17811484397631325, 0.14959333864698898, 0.12455488152989919, 0.07556833530688054, 0.018749363850249678, 0.10334788163696318, 0.11628976405491787, 0.08690811855630226, 0.026146278707089562, 0.17292844890809703, 0.11616465180704211, 0.1285027622786541, 0.004205174988931421, 0.0546887739933093, 0.19061174110990906, 0.18124403577500028, 0.1727150403851156]","58_lag_pdoSSTjfm, 61_lag_mhfIP30, 52_lag_atlSICsep, 55_lag_neurTSjfm, 57_lag_traTLS, 59_lag_shSICsep, 52_lag_nhSICsep, 60_lag_tripol3, 58_lag_scpPSLjfm, 59_lag_naoPSLjfm, 58_lag_stratZ50ndj04, 60_lag_stratZ50ndj01, 57_lag_traMC, 58_lag_stratZ50ndj01, 56_lag_yrvPRjja, 61_lag_nchinaPRjja, 52_lag_traEU, 57_lag_shSICmar, 55_lag_traEU, 60_lag_traMC, 61_lag_traFSC, 52_lag_ismPRjja, 59_lag_stratZ50ndj03, 57_lag_satlSSTjfm, 61_lag_traFB, 52_lag_stratZ50ndj01, 59_lag_arcTSjfm, 59_lag_traFSC, 56_lag_shSICmar, 60_lag_nchinaPRjja_1235_52"
LinearRegression,48,30,mhfATL60,slow,1762.5,2005.5,0.8,63,53,53,19.042594534954798,-0.3445718642641506,1235,"['58_lag_stratZ50ndj04', '59_lag_stratZ50ndj03', '57_lag_traFB', '60_lag_tripol3', '62_lag_stratZ50ndj04', '58_lag_stratZ50ndj01', '56_lag_yrvPRjja', '55_lag_traEU', '59_lag_arcTSjfm', '56_lag_mhfATL45', '62_lag_amo1', '53_lag_traEC', '58_lag_scpPSLjfm', '60_lag_stratZ50ndj01', '62_lag_wnorPRjfm', '53_lag_seurTSjfm', '59_lag_shSICsep', '62_lag_seurTSjfm', '58_lag_traDP', '61_lag_mhfIP30', '62_lag_mhfATL60', '55_lag_neurTSjfm', '53_lag_nhSICsep', '62_lag_stratZ50ndj03', '61_lag_traFSC', '56_lag_shSICmar', '59_lag_traFSC', '62_lag_stratZ50ndj01', '61_lag_traFB', '60_lag_nchinaPRjja']","[0.09297156723203927, 0.05793055197573156, 0.22488678102951426, 0.26498910112237944, 0.08418116505314492, 0.1387459572651278, 0.1825455605335021, 0.07571238721477153, 0.05877614032072406, 0.20012471216513486, 0.15379244620572563, 0.11797472936325863, 0.13202142252458104, 0.10959121649370636, 0.19203817393845687, 0.03873467305348035, 0.02340054230669896, 0.15811737317872346, 0.06741830815592614, 0.14552919753875515, 0.021572345815246613, 0.07810149354937616, 0.32251240600222125, 0.06398003771802319, 0.20145254722454956, 0.14384935835154877, 0.01502999228314579, 0.16661484290844647, 0.19154365065084866, 0.18389171692681014]","58_lag_stratZ50ndj04, 59_lag_stratZ50ndj03, 57_lag_traFB, 60_lag_tripol3, 62_lag_stratZ50ndj04, 58_lag_stratZ50ndj01, 56_lag_yrvPRjja, 55_lag_traEU, 59_lag_arcTSjfm, 56_lag_mhfATL45, 62_lag_amo1, 53_lag_traEC, 58_lag_scpPSLjfm, 60_lag_stratZ50ndj01, 62_lag_wnorPRjfm, 53_lag_seurTSjfm, 59_lag_shSICsep, 62_lag_seurTSjfm, 58_lag_traDP, 61_lag_mhfIP30, 62_lag_mhfATL60, 55_lag_neurTSjfm, 53_lag_nhSICsep, 62_lag_stratZ50ndj03, 61_lag_traFSC, 56_lag_shSICmar, 59_lag_traFSC, 62_lag_stratZ50ndj01, 61_lag_traFB, 60_lag_nchinaPRjja_1235_53"
LinearRegression,49,30,mhfATL60,slow,1763.5,2005.5,0.8,64,54,54,17.969489769605435,-0.20784145263852594,1235,"['58_lag_pdoSSTjfm', '54_lag_stratZ50ndj04', '58_lag_traMC', '62_lag_tripol1', '62_lag_mhfATL60', '54_lag_61_median_naoPSLjfm', '63_lag_eurPSLjfm', '57_lag_stratZ50ndj01', '60_lag_tripol3', '54_lag_57_median_eapPSLjfm', '62_lag_stratZ50ndj03', '58_lag_stratZ50ndj03', '63_lag_gyreSSTjfm', '61_lag_mhfIP30', '59_lag_stratZ50ndj02', '61_lag_traFSC', '63_lag_ismPRjja', '63_lag_ormenSSTjfm', '56_lag_mhfATL45', '54_lag_atlSICsep', '58_lag_scpPSLjfm', '61_lag_traEU', '60_lag_nchinaPRjja', '59_lag_traFSC', '54_lag_cetTSjfm', '61_lag_traFB', '58_lag_traDP', '62_lag_stratZ50ndj01', '56_lag_shSICmar', '63_lag_seurTSjfm']","[0.21570788873358018, 0.2799569337113548, 0.04543518287048501, 0.10495123933267891, 0.1612474006418621, 0.3086595338980896, 0.04612898379304298, 0.09055246551359142, 0.17907601287265468, 0.2867602250093586, 0.05335024574905746, 0.16043398215494498, 0.1931151146905747, 0.11528947299447673, 0.018200961275134483, 0.12524370415158753, 0.11876179100800616, 0.033836602494851445, 0.07221359902802721, 0.07450623660941817, 0.15981316764162962, 0.06393401962731766, 0.14343104713996793, 0.0023354220020107425, 0.06316305014708178, 0.1460993177957236, 0.12777038479488892, 0.0785113799499961, 0.28701419879798706, 0.14891360106555304]","58_lag_pdoSSTjfm, 54_lag_stratZ50ndj04, 58_lag_traMC, 62_lag_tripol1, 62_lag_mhfATL60, 54_lag_61_median_naoPSLjfm, 63_lag_eurPSLjfm, 57_lag_stratZ50ndj01, 60_lag_tripol3, 54_lag_57_median_eapPSLjfm, 62_lag_stratZ50ndj03, 58_lag_stratZ50ndj03, 63_lag_gyreSSTjfm, 61_lag_mhfIP30, 59_lag_stratZ50ndj02, 61_lag_traFSC, 63_lag_ismPRjja, 63_lag_ormenSSTjfm, 56_lag_mhfATL45, 54_lag_atlSICsep, 58_lag_scpPSLjfm, 61_lag_traEU, 60_lag_nchinaPRjja, 59_lag_traFSC, 54_lag_cetTSjfm, 61_lag_traFB, 58_lag_traDP, 62_lag_stratZ50ndj01, 56_lag_shSICmar, 63_lag_seurTSjfm_1235_54"
LinearRegression,50,30,mhfATL60,slow,1764.5,2005.5,0.8,65,55,55,16.750451612879086,-0.20143803024499501,1235,"['55_lag_56_median_shSICmar', '58_lag_scpPSLjfm', '62_lag_scpPSLjfm', '64_lag_traEC', '57_lag_stratZ50ndj01', '60_lag_traEU', '57_lag_traBO', '59_lag_stratZ50ndj02', '58_lag_traFB', '63_lag_shSICmar', '62_lag_shSICmar', '61_lag_traFSC', '58_lag_pdoSSTjfm', '59_lag_arcTSjfm', '64_lag_gyreSSTjfm', '55_lag_neurTSjfm', '60_lag_stratZ50ndj01', '62_lag_stratZ50ndj01', '64_lag_alpi', '59_lag_traFSC', '64_lag_ormenSSTjfm', '55_lag_traEU', '61_lag_traEU', '63_lag_ismPRjja', '58_lag_traDP', '61_lag_traFB', '63_lag_seurTSjfm', '55_lag_stratZ50ndj03', '60_lag_nchinaPRjja', '64_lag_nchinaPRjja']","[0.2004013771114965, 0.11126805342430293, 0.09907446664099265, 0.07178175414803273, 0.002328716769653688, 0.0801911502511066, 0.10704027139675042, 0.11526595774985103, 0.1378294055533428, 0.07324662943036614, 0.2471834316717891, 0.12198258149328509, 0.26939985161072594, 0.2090405998346557, 0.17267793549412372, 0.020405725967704923, 0.06851775294697919, 0.046932148245355215, 0.08545809684130852, 0.030930793179477053, 0.06954097401410622, 0.03498445055205991, 0.020689243568448, 0.1322981389888196, 0.10853505659589643, 0.1360195493386464, 0.09560823685162981, 0.01883408667476162, 0.14533873391574725, 0.1037882436865627]","55_lag_56_median_shSICmar, 58_lag_scpPSLjfm, 62_lag_scpPSLjfm, 64_lag_traEC, 57_lag_stratZ50ndj01, 60_lag_traEU, 57_lag_traBO, 59_lag_stratZ50ndj02, 58_lag_traFB, 63_lag_shSICmar, 62_lag_shSICmar, 61_lag_traFSC, 58_lag_pdoSSTjfm, 59_lag_arcTSjfm, 64_lag_gyreSSTjfm, 55_lag_neurTSjfm, 60_lag_stratZ50ndj01, 62_lag_stratZ50ndj01, 64_lag_alpi, 59_lag_traFSC, 64_lag_ormenSSTjfm, 55_lag_traEU, 61_lag_traEU, 63_lag_ismPRjja, 58_lag_traDP, 61_lag_traFB, 63_lag_seurTSjfm, 55_lag_stratZ50ndj03, 60_lag_nchinaPRjja, 64_lag_nchinaPRjja_1235_55"
LinearRegression,51,30,mhfATL60,slow,1765.5,2005.5,0.8,66,56,56,15.750792682542581,-0.2531918753711197,1235,"['64_lag_atlSICjfm', '65_lag_ormenSSTjfm', '58_lag_traFB', '65_lag_traEC', '64_lag_gyreSSTjfm', '60_lag_traMC', '64_lag_stratZ50ndj01', '56_lag_eapPSLjfm', '64_lag_eurPSLjfm', '60_lag_traEU', '65_lag_mhfIP30', '63_lag_ismPRjja', '56_lag_traIFC', '56_lag_61_median_naoPSLjfm', '56_lag_traEC', '62_lag_shSICmar', '60_lag_tripol3', '63_lag_seurTSjfm', '58_lag_traMC', '65_lag_tripol3', '65_lag_traMC', '56_lag_yrvPRjja', '65_lag_traIT', '65_lag_stratZ50ndj01', '65_lag_mhfATL60', '60_lag_nchinaPRjja', '56_lag_shSICmar', '62_lag_stratZ50ndj01', '61_lag_traFB', '64_lag_nchinaPRjja']","[0.09281246473922865, 0.025674249652409276, 0.125490644088825, 0.09248852573829147, 0.1406194479072161, 0.060536742121902194, 0.033447578344476175, 0.04703051313765578, 0.08784495152156294, 0.08119044451240333, 0.13871165811838465, 0.13104072872727743, 0.08195853848337216, 0.347529941506936, 0.021862677122907702, 0.0913411365127733, 0.1803791284456124, 0.1476597198048414, 0.08652148006823705, 0.22896239651849545, 0.08441306335567586, 0.15904144889924196, 0.15139041522032037, 0.012315532531946038, 0.2315756566633441, 0.10966786303102655, 0.21010243004547705, 0.04174256265286718, 0.2276686455891678, 0.08691210249284102]","64_lag_atlSICjfm, 65_lag_ormenSSTjfm, 58_lag_traFB, 65_lag_traEC, 64_lag_gyreSSTjfm, 60_lag_traMC, 64_lag_stratZ50ndj01, 56_lag_eapPSLjfm, 64_lag_eurPSLjfm, 60_lag_traEU, 65_lag_mhfIP30, 63_lag_ismPRjja, 56_lag_traIFC, 56_lag_61_median_naoPSLjfm, 56_lag_traEC, 62_lag_shSICmar, 60_lag_tripol3, 63_lag_seurTSjfm, 58_lag_traMC, 65_lag_tripol3, 65_lag_traMC, 56_lag_yrvPRjja, 65_lag_traIT, 65_lag_stratZ50ndj01, 65_lag_mhfATL60, 60_lag_nchinaPRjja, 56_lag_shSICmar, 62_lag_stratZ50ndj01, 61_lag_traFB, 64_lag_nchinaPRjja_1235_56"
LinearRegression,52,30,mhfATL60,slow,1766.5,2005.5,0.8,67,57,57,17.828524119432828,-0.4105108262743913,1235,"['57_lag_ismPRjja', '61_lag_traEU', '60_lag_traCA', '66_lag_arcTSjfm', '62_lag_shSICmar', '66_lag_traEC', '61_lag_traFB', '65_lag_traDS', '61_lag_traDP', '61_lag_shSICsep', '64_lag_gyreSSTjfm', '66_lag_stratZ50ndj04', '59_lag_stratZ50ndj02', '64_lag_yrvPRjja', '63_lag_seurTSjfm', '64_lag_eurPSLjfm', '64_lag_alpi', '65_lag_traEC', '65_lag_tripol3', '60_lag_traMC', '65_lag_mhfATL60', '63_lag_shSICmar', '65_lag_traMC', '65_lag_traIT', '64_lag_nchinaPRjja', '60_lag_nchinaPRjja', '57_lag_traMC', '60_lag_tripol3', '62_lag_stratZ50ndj01', '65_lag_stratZ50ndj01']","[0.021072607277044186, 0.014858107241188245, 0.06039506445137478, 0.14327965752370203, 0.15549676633867981, 0.07301174240926328, 0.11057155958654791, 0.31178463823481956, 0.021681462347728806, 0.08708662254020796, 0.0702084143419547, 0.09157595891863682, 0.054371829153036164, 0.13511722274344248, 0.14027488123997292, 0.10472692535726852, 0.04373797590325172, 0.038584199492845486, 0.14305744460136371, 0.09472455545138635, 0.23706927851199214, 0.0672615304290077, 0.18159924436268288, 0.1478365564924596, 0.1100205708109402, 0.15359537945855098, 0.12635358976319233, 0.2759553406163949, 0.05591205297379975, 0.06816043016556642]","57_lag_ismPRjja, 61_lag_traEU, 60_lag_traCA, 66_lag_arcTSjfm, 62_lag_shSICmar, 66_lag_traEC, 61_lag_traFB, 65_lag_traDS, 61_lag_traDP, 61_lag_shSICsep, 64_lag_gyreSSTjfm, 66_lag_stratZ50ndj04, 59_lag_stratZ50ndj02, 64_lag_yrvPRjja, 63_lag_seurTSjfm, 64_lag_eurPSLjfm, 64_lag_alpi, 65_lag_traEC, 65_lag_tripol3, 60_lag_traMC, 65_lag_mhfATL60, 63_lag_shSICmar, 65_lag_traMC, 65_lag_traIT, 64_lag_nchinaPRjja, 60_lag_nchinaPRjja, 57_lag_traMC, 60_lag_tripol3, 62_lag_stratZ50ndj01, 65_lag_stratZ50ndj01_1235_57"
LinearRegression,53,30,mhfATL60,slow,1767.5,2005.5,0.8,68,58,58,20.241666185452235,-0.4238766401340007,1235,"['61_lag_stratZ50ndj04', '66_lag_traEC', '64_lag_eurPSLjfm', '66_lag_stratZ50ndj04', '62_lag_traCA', '58_lag_ismPRjja', '65_lag_tripol3', '61_lag_mhfIP30', '66_lag_traBS', '58_lag_stratZ50ndj03', '61_lag_shSICsep', '58_lag_tripol1', '65_lag_satlSSTjfm', '58_lag_traMC', '58_lag_scpPSLjfm', '64_lag_yrvPRjja', '64_lag_nchinaPRjja', '66_lag_nchinaPRjja', '60_lag_nchinaPRjja', '65_lag_traMC', '65_lag_eurPSLjfm', '58_lag_yrvPRjja', '65_lag_mhfATL60', '58_lag_pdoSSTjfm', '65_lag_stratZ50ndj01', '65_lag_traIT', '60_lag_traMC', '63_lag_shSICmar', '62_lag_stratZ50ndj01', '60_lag_tripol3']","[0.08732374693927827, 0.2001001372297991, 0.09102456399198848, 0.1123043410107583, 0.13804441422499736, 0.03152361003972155, 0.10424766370403829, 0.015650384585588453, 0.054258846511342, 0.10761059873708102, 0.1614468068485577, 0.11534043776940607, 0.23210353413188117, 0.062104759468784035, 0.20603840438336926, 0.11570515857717732, 0.09307108160402615, 0.01712500199632605, 0.20307804612258532, 0.030743301869391483, 0.03510329530064461, 0.09551051961855073, 0.26066667926899006, 0.3672714965310139, 0.04602098856809558, 0.16317515919166725, 0.15694739893312265, 0.07548556969584579, 0.10677387011927358, 0.30365905138103366]","61_lag_stratZ50ndj04, 66_lag_traEC, 64_lag_eurPSLjfm, 66_lag_stratZ50ndj04, 62_lag_traCA, 58_lag_ismPRjja, 65_lag_tripol3, 61_lag_mhfIP30, 66_lag_traBS, 58_lag_stratZ50ndj03, 61_lag_shSICsep, 58_lag_tripol1, 65_lag_satlSSTjfm, 58_lag_traMC, 58_lag_scpPSLjfm, 64_lag_yrvPRjja, 64_lag_nchinaPRjja, 66_lag_nchinaPRjja, 60_lag_nchinaPRjja, 65_lag_traMC, 65_lag_eurPSLjfm, 58_lag_yrvPRjja, 65_lag_mhfATL60, 58_lag_pdoSSTjfm, 65_lag_stratZ50ndj01, 65_lag_traIT, 60_lag_traMC, 63_lag_shSICmar, 62_lag_stratZ50ndj01, 60_lag_tripol3_1235_58"
LinearRegression,54,30,mhfATL60,slow,1768.5,2005.5,0.8,69,59,59,16.354346298580612,-0.09806073028789573,1235,"['66_lag_amo2', '68_lag_traMC', '63_lag_traMC', '64_lag_yrvPRjja', '68_lag_traBO', '68_lag_AMOCann', '65_lag_tripol3', '59_lag_62_median_alpi', '61_lag_naoPSLjfm', '67_lag_yrvPRjja', '65_lag_traMC', '64_lag_gyreSSTjfm', '68_lag_traCA', '59_lag_62_median_mhfIP30', '68_lag_traFB', '65_lag_mhfATL60', '65_lag_stratZ50ndj01', '68_lag_nhSICsep', '60_lag_tripol3', '59_lag_60_median_tripol3', '59_lag_traIFC', '65_lag_satlSSTjfm', '68_lag_stratZ50ndj02', '66_lag_yrvPRjja', '62_lag_stratZ50ndj01', '65_lag_eurPSLjfm', '59_lag_stratZ50ndj03', '59_lag_shSICmar', '63_lag_shSICmar', '65_lag_traIT']","[0.022744557647387857, 0.11592411619203423, 0.032822365262915355, 0.07575222313467492, 0.22419595342127172, 0.25725474026850637, 0.12147145343755922, 0.1090174148011195, 0.019740515836639265, 0.09435060708655751, 0.17977894759201735, 0.26652248463233646, 0.005317679742380111, 0.2944480961025439, 0.02273903902264107, 0.16998422186628626, 0.09494652890425528, 0.289875171334574, 2633408844952.1426, 2633408844952.389, 0.0966025402373646, 0.19871710750413624, 0.02620599259892935, 0.17003593855099364, 0.10045505751587964, 0.05213932810879314, 0.1311342940878956, 0.13656026358635728, 0.02135001664284553, 0.08284247561068454]","66_lag_amo2, 68_lag_traMC, 63_lag_traMC, 64_lag_yrvPRjja, 68_lag_traBO, 68_lag_AMOCann, 65_lag_tripol3, 59_lag_62_median_alpi, 61_lag_naoPSLjfm, 67_lag_yrvPRjja, 65_lag_traMC, 64_lag_gyreSSTjfm, 68_lag_traCA, 59_lag_62_median_mhfIP30, 68_lag_traFB, 65_lag_mhfATL60, 65_lag_stratZ50ndj01, 68_lag_nhSICsep, 60_lag_tripol3, 59_lag_60_median_tripol3, 59_lag_traIFC, 65_lag_satlSSTjfm, 68_lag_stratZ50ndj02, 66_lag_yrvPRjja, 62_lag_stratZ50ndj01, 65_lag_eurPSLjfm, 59_lag_stratZ50ndj03, 59_lag_shSICmar, 63_lag_shSICmar, 65_lag_traIT_1235_59"
LinearRegression,55,30,mhfATL60,slow,1769.5,2005.5,0.8,70,60,60,17.18400318416241,-0.24505703032964385,1235,"['64_lag_stratZ50ndj04', '62_lag_stratZ50ndj02', '60_lag_yrvPRjja', '60_lag_ismPRjja', '69_lag_stratZ50ndj03', '65_lag_tripol3', '66_lag_yrvPRjja', '65_lag_mhfATL60', '65_lag_atlSICjfm', '65_lag_traMC', '64_lag_traEC', '62_lag_stratZ50ndj01', '68_lag_traFB', '66_lag_nchinaPRjja', '68_lag_traBO', '68_lag_tripol3', '69_lag_wnorPRjfm', '62_lag_scpPSLjfm', '68_lag_AMOCann', '67_lag_yrvPRjja', '65_lag_eurPSLjfm', '65_lag_traIT', '60_lag_tripol3', '69_lag_traEU', '68_lag_nhSICsep', '65_lag_satlSSTjfm', '63_lag_shSICmar', '60_lag_traMC', '60_lag_nchinaPRjja', '68_lag_stratZ50ndj02']","[0.03638953947186942, 0.1438268362433097, 0.005588119875109963, 0.04528976940822414, 0.028496199387457795, 0.1286887334728776, 0.18469304018875748, 0.20800690140097364, 0.07321350107692673, 0.17269239423742166, 0.10779853802959095, 0.10063454545542648, 0.034927753660005265, 0.08847203624498202, 0.16698780988293607, 0.07770949744936789, 0.02603339500845529, 0.05230643026444309, 0.1695199725339203, 0.1505514255784023, 0.0010398167940335462, 0.046084907839068684, 0.25138183227881794, 0.06316528828860649, 0.300286675919631, 0.346936496123052, 0.003739851643858371, 0.1177875115312729, 0.16310034333342602, 0.0028411299541494985]","64_lag_stratZ50ndj04, 62_lag_stratZ50ndj02, 60_lag_yrvPRjja, 60_lag_ismPRjja, 69_lag_stratZ50ndj03, 65_lag_tripol3, 66_lag_yrvPRjja, 65_lag_mhfATL60, 65_lag_atlSICjfm, 65_lag_traMC, 64_lag_traEC, 62_lag_stratZ50ndj01, 68_lag_traFB, 66_lag_nchinaPRjja, 68_lag_traBO, 68_lag_tripol3, 69_lag_wnorPRjfm, 62_lag_scpPSLjfm, 68_lag_AMOCann, 67_lag_yrvPRjja, 65_lag_eurPSLjfm, 65_lag_traIT, 60_lag_tripol3, 69_lag_traEU, 68_lag_nhSICsep, 65_lag_satlSSTjfm, 63_lag_shSICmar, 60_lag_traMC, 60_lag_nchinaPRjja, 68_lag_stratZ50ndj02_1235_60"
LinearRegression,56,30,mhfATL60,slow,1770.5,2005.5,0.8,71,61,61,16.22839943714226,-0.02053670179851852,1235,"['61_lag_amoSSTmjjaso', '65_lag_mhfATL60', '66_lag_traBS', '63_lag_traMC', '65_lag_alpi', '61_lag_traCA', '61_lag_64_median_tripol3', '65_lag_amo1', '68_lag_traFB', '65_lag_ensoSSTjfm', '70_lag_pdoSSTjfm', '64_lag_alpi', '65_lag_eurPSLjfm', '70_lag_AMOCann', '68_lag_nhSICsep', '66_lag_nchinaPRjja', '65_lag_traMC', '66_lag_traEU', '64_lag_yrvPRjja', '65_lag_satlSSTjfm', '61_lag_AMOCann', '69_lag_stratZ50ndj03', '65_lag_traIT', '70_lag_nchinaPRjja', '69_lag_traEU', '61_lag_shSICsep', '61_lag_shSICmar', '61_lag_mhfATL30', '68_lag_AMOCann', '68_lag_stratZ50ndj02']","[0.17310617596489472, 0.2178741856857998, 0.0761797610682745, 0.13632234303156107, 0.06834687718562556, 0.013133306546472566, 0.2752266877703098, 0.1569949340089831, 0.03771068059198633, 0.03945976419688892, 0.2439189239083847, 0.06828466548359688, 0.00484691806668637, 0.28365005011255096, 0.4104975440217026, 0.1108183357227041, 0.16621835243558775, 0.011724111531166037, 0.15994745295694585, 0.3589544115009921, 0.07574098008210513, 0.1523333669239833, 0.15915962474253098, 0.0625446740216256, 0.06418385516532099, 0.16311384539585483, 0.16017885381930505, 0.20532119957103054, 0.031025051623573788, 0.09341426615130809]","61_lag_amoSSTmjjaso, 65_lag_mhfATL60, 66_lag_traBS, 63_lag_traMC, 65_lag_alpi, 61_lag_traCA, 61_lag_64_median_tripol3, 65_lag_amo1, 68_lag_traFB, 65_lag_ensoSSTjfm, 70_lag_pdoSSTjfm, 64_lag_alpi, 65_lag_eurPSLjfm, 70_lag_AMOCann, 68_lag_nhSICsep, 66_lag_nchinaPRjja, 65_lag_traMC, 66_lag_traEU, 64_lag_yrvPRjja, 65_lag_satlSSTjfm, 61_lag_AMOCann, 69_lag_stratZ50ndj03, 65_lag_traIT, 70_lag_nchinaPRjja, 69_lag_traEU, 61_lag_shSICsep, 61_lag_shSICmar, 61_lag_mhfATL30, 68_lag_AMOCann, 68_lag_stratZ50ndj02_1235_61"
LinearRegression,57,30,mhfATL60,slow,1771.5,2005.5,0.8,72,62,62,16.42293762957108,0.011690879335345836,1235,"['65_lag_stratZ50ndj01', '68_lag_traBO', '62_lag_67_median_traIT', '62_lag_63_median_nppc2SSTjfm', '63_lag_nppc2SSTjfm', '65_lag_eurPSLjfm', '67_lag_yrvPRjja', '62_lag_stratZ50ndj01', '64_lag_shSICsep', '69_lag_nchinaPRjja', '64_lag_yrvPRjja', '66_lag_seurTSjfm', '62_lag_shSICmar', '64_lag_alpi', '71_lag_ginwSSTjfm', '65_lag_satlSSTjfm', '71_lag_ormenSSTjfm', '70_lag_AMOCann', '68_lag_nhSICsep', '71_lag_shSICsep', '65_lag_traMC', '65_lag_traIT', '62_lag_traFS', '66_lag_traEU', '62_lag_traCA', '68_lag_seurTSjfm', '68_lag_AMOCann', '69_lag_traEU', '71_lag_alpi', '68_lag_stratZ50ndj02']","[0.028350767740672484, 0.25762942197872624, 0.25292948034400975, 12071035324211.064, 12071035324211.197, 0.06595797854026007, 0.13918447044415994, 0.1412607851619737, 0.07366760271988512, 0.00019761875829502724, 0.1523542905093395, 0.1485071844521249, 0.09763573001097837, 0.09531079806806966, 0.13642283614433567, 0.34666809884659744, 0.005657524289896157, 0.12408229952119079, 0.2926582314821206, 0.056698274202197654, 0.05875733869157721, 0.039674445603440286, 0.09452110497324465, 0.14507472643000377, 0.01997556780544839, 0.1248902811006952, 0.1977073424669639, 0.08652730687437861, 0.15023254837673752, 0.06756110666594084]","65_lag_stratZ50ndj01, 68_lag_traBO, 62_lag_67_median_traIT, 62_lag_63_median_nppc2SSTjfm, 63_lag_nppc2SSTjfm, 65_lag_eurPSLjfm, 67_lag_yrvPRjja, 62_lag_stratZ50ndj01, 64_lag_shSICsep, 69_lag_nchinaPRjja, 64_lag_yrvPRjja, 66_lag_seurTSjfm, 62_lag_shSICmar, 64_lag_alpi, 71_lag_ginwSSTjfm, 65_lag_satlSSTjfm, 71_lag_ormenSSTjfm, 70_lag_AMOCann, 68_lag_nhSICsep, 71_lag_shSICsep, 65_lag_traMC, 65_lag_traIT, 62_lag_traFS, 66_lag_traEU, 62_lag_traCA, 68_lag_seurTSjfm, 68_lag_AMOCann, 69_lag_traEU, 71_lag_alpi, 68_lag_stratZ50ndj02_1235_62"
LinearRegression,58,30,mhfATL60,slow,1772.5,2005.5,0.8,73,63,63,16.187435647984675,0.0053089912657530505,1235,"['72_lag_atlSICsep', '71_lag_mhfIP30', '70_lag_nchinaPRjja', '63_lag_66_median_alpi', '71_lag_yrvPRjja', '66_lag_traEU', '63_lag_68_median_scpPSLjfm', '67_lag_atlSICsep', '66_lag_neurTSjfm', '63_lag_67_median_traIT', '69_lag_stratZ50ndj04', '69_lag_stratZ50ndj01', '63_lag_seurTSjfm', '72_lag_amo1', '65_lag_satlSSTjfm', '71_lag_scpPSLjfm', '69_lag_tripol3', '65_lag_traIT', '68_lag_seurTSjfm', '66_lag_seurTSjfm', '63_lag_nppc2SSTjfm', '68_lag_nhSICsep', '69_lag_traEU', '71_lag_alpi', '71_lag_shSICsep', '72_lag_stratZ50ndj02', '63_lag_traEU', '65_lag_traMC', '68_lag_stratZ50ndj02', '72_lag_ismPRjja']","[0.2089414614801788, 0.09983832536320614, 0.07987445615644179, 0.0650248215748732, 0.019784160398714345, 0.0713241046679019, 0.24362491470330913, 0.14708834155473838, 0.17453721919706788, 0.27308947931194594, 0.08046279157769956, 0.09150073851729072, 0.04469383505687013, 0.1562495518735721, 0.30609960706615275, 0.039208309762682504, 0.22954851391311018, 0.0017126429288596597, 0.08285864248577647, 0.13467612898453302, 0.03567099827419797, 0.3783024319991114, 0.04790410904189213, 0.12643518449216973, 0.08096587812976959, 0.14098549357393686, 0.04238574362784485, 0.11300277684933206, 0.04336339374705562, 0.061282190031447865]","72_lag_atlSICsep, 71_lag_mhfIP30, 70_lag_nchinaPRjja, 63_lag_66_median_alpi, 71_lag_yrvPRjja, 66_lag_traEU, 63_lag_68_median_scpPSLjfm, 67_lag_atlSICsep, 66_lag_neurTSjfm, 63_lag_67_median_traIT, 69_lag_stratZ50ndj04, 69_lag_stratZ50ndj01, 63_lag_seurTSjfm, 72_lag_amo1, 65_lag_satlSSTjfm, 71_lag_scpPSLjfm, 69_lag_tripol3, 65_lag_traIT, 68_lag_seurTSjfm, 66_lag_seurTSjfm, 63_lag_nppc2SSTjfm, 68_lag_nhSICsep, 69_lag_traEU, 71_lag_alpi, 71_lag_shSICsep, 72_lag_stratZ50ndj02, 63_lag_traEU, 65_lag_traMC, 68_lag_stratZ50ndj02, 72_lag_ismPRjja_1235_63"
LinearRegression,59,30,mhfATL60,slow,1773.5,2005.5,0.8,74,64,64,13.67405713337178,0.2606308937437923,1235,"['64_lag_67_median_traFB', '64_lag_yrvPRjja', '71_lag_stratZ50ndj03', '64_lag_traEU', '72_lag_satlSSTjfm', '70_lag_nppc3SSTjfm', '73_lag_pdoSSTjfm', '64_lag_67_median_traIT', '69_lag_stratZ50ndj04', '72_lag_atlSICsep', '72_lag_neurTSjfm', '66_lag_seurTSjfm', '70_lag_nchinaPRjja', '68_lag_seurTSjfm', '67_lag_traFB', '69_lag_stratZ50ndj01', '68_lag_traFB', '68_lag_nhSICsep', '71_lag_mhfIP30', '69_lag_tripol3', '66_lag_traBS', '71_lag_shSICsep', '73_lag_amo1', '69_lag_traEU', '73_lag_shSICmar', '68_lag_stratZ50ndj02', '72_lag_stratZ50ndj02', '71_lag_alpi', '72_lag_ismPRjja', '64_lag_eurPSLjfm']","[0.3039795235985792, 0.14710685806703655, 0.013247355799460752, 0.10080935806778618, 0.42370040520237906, 0.1169240255431605, 0.1359084116631247, 0.3157015549816493, 0.1933035892220132, 0.15629204559854065, 0.04277497239463958, 0.2317013206068455, 0.036919129053077204, 0.13030717481681556, 0.022553307509171353, 0.06566677752792559, 0.09036125143893432, 0.3458461772945451, 0.04795840513319872, 0.22717786325461944, 0.11198832157734728, 0.06835787896290942, 0.27666780085869924, 0.03987341231445129, 0.0063313370949636275, 0.05132763997636462, 0.15833618945521455, 0.15847122134442462, 0.02756536258237457, 0.0944376716931924]","64_lag_67_median_traFB, 64_lag_yrvPRjja, 71_lag_stratZ50ndj03, 64_lag_traEU, 72_lag_satlSSTjfm, 70_lag_nppc3SSTjfm, 73_lag_pdoSSTjfm, 64_lag_67_median_traIT, 69_lag_stratZ50ndj04, 72_lag_atlSICsep, 72_lag_neurTSjfm, 66_lag_seurTSjfm, 70_lag_nchinaPRjja, 68_lag_seurTSjfm, 67_lag_traFB, 69_lag_stratZ50ndj01, 68_lag_traFB, 68_lag_nhSICsep, 71_lag_mhfIP30, 69_lag_tripol3, 66_lag_traBS, 71_lag_shSICsep, 73_lag_amo1, 69_lag_traEU, 73_lag_shSICmar, 68_lag_stratZ50ndj02, 72_lag_stratZ50ndj02, 71_lag_alpi, 72_lag_ismPRjja, 64_lag_eurPSLjfm_1235_64"
LinearRegression,60,30,mhfATL60,slow,1774.5,2005.5,0.8,75,65,65,12.321466560054755,0.19773797802925253,1235,"['67_lag_scpPSLjfm', '74_lag_yrvPRjja', '68_lag_seurTSjfm', '67_lag_mhfIP30', '71_lag_traCA', '73_lag_eapPSLjfm', '67_lag_traFB', '72_lag_atlSICsep', '69_lag_stratZ50ndj01', '68_lag_ismPRjja', '72_lag_yrvPRjja', '69_lag_traEU', '69_lag_tripol3', '68_lag_stratZ50ndj02', '69_lag_stratZ50ndj04', '74_lag_traWP', '65_lag_neurTSjfm', '73_lag_stratZ50ndj01', '69_lag_mhfIP30', '71_lag_stratZ50ndj04', '68_lag_nhSICsep', '65_lag_traIT', '71_lag_mhfIP30', '72_lag_stratZ50ndj02', '73_lag_shSICmar', '71_lag_alpi', '65_lag_traMC', '72_lag_ismPRjja', '65_lag_stratZ50ndj03', '65_lag_eurPSLjfm']","[0.0832533776334408, 0.04509550188269479, 0.14957748227232862, 0.035807051625278044, 0.04596141359062133, 0.05042635193704052, 0.06325425936394594, 0.1859284016586885, 0.08054984013449244, 0.043641906108092265, 0.06997373455418447, 0.0739193064462416, 0.20137805140887627, 0.06675086621376067, 0.16443402565137244, 0.2511699900494523, 0.13244960962367347, 0.12693435762431585, 0.02189137643459073, 0.08037823957891259, 0.307305936462988, 0.11666305835051777, 0.11566142153385613, 0.09804136861780866, 0.01139616417981926, 0.11006848005463361, 0.12361738328662839, 0.11759931153988323, 0.0654902076640534, 0.12503159190423047]","67_lag_scpPSLjfm, 74_lag_yrvPRjja, 68_lag_seurTSjfm, 67_lag_mhfIP30, 71_lag_traCA, 73_lag_eapPSLjfm, 67_lag_traFB, 72_lag_atlSICsep, 69_lag_stratZ50ndj01, 68_lag_ismPRjja, 72_lag_yrvPRjja, 69_lag_traEU, 69_lag_tripol3, 68_lag_stratZ50ndj02, 69_lag_stratZ50ndj04, 74_lag_traWP, 65_lag_neurTSjfm, 73_lag_stratZ50ndj01, 69_lag_mhfIP30, 71_lag_stratZ50ndj04, 68_lag_nhSICsep, 65_lag_traIT, 71_lag_mhfIP30, 72_lag_stratZ50ndj02, 73_lag_shSICmar, 71_lag_alpi, 65_lag_traMC, 72_lag_ismPRjja, 65_lag_stratZ50ndj03, 65_lag_eurPSLjfm_1235_65"
LinearRegression,61,30,mhfATL60,slow,1775.5,2005.5,0.8,76,66,66,17.159411869722792,-0.020436795801860985,1235,"['71_lag_mhfIP30', '73_lag_amo1', '72_lag_stratZ50ndj01', '75_lag_amo1', '73_lag_stratZ50ndj01', '74_lag_traWP', '73_lag_wnorPRjfm', '73_lag_shSICmar', '72_lag_yrvPRjja', '66_lag_traEC', '68_lag_atlSICsep', '66_lag_seurTSjfm', '75_lag_shSICsep', '66_lag_neurTSjfm', '68_lag_nhSICsep', '68_lag_ginwSSTjfm', '69_lag_traEU', '69_lag_stratZ50ndj04', '75_lag_nchinaPRjja', '68_lag_stratZ50ndj02', '71_lag_stratZ50ndj04', '75_lag_traWP', '69_lag_mhfIP30', '75_lag_AMOCann', '72_lag_mhfIP30', '74_lag_yrvPRjja', '69_lag_tripol3', '72_lag_stratZ50ndj02', '73_lag_eapPSLjfm', '69_lag_stratZ50ndj01']","[0.16835539607531436, 0.31775477362801624, 0.019093498949493443, 0.06369328353360232, 0.12778708154477053, 0.24672767280516164, 0.12567266336845698, 0.06165600989559219, 0.059838880650111656, 0.06790584859192778, 0.25724265892521503, 0.06806707528187188, 0.02946003381237794, 0.17394084870468493, 0.3198683656982359, 0.0453857030851001, 0.033290815340388864, 0.05272494888906092, 0.012701304266292776, 0.06871690420190865, 0.030631131741762695, 0.20104512675517305, 0.012105012031769988, 0.05961182055396903, 0.20683705602460462, 0.04107304160124976, 0.21461200539217842, 0.12406602900731803, 0.12852025354547292, 0.06493034951647342]","71_lag_mhfIP30, 73_lag_amo1, 72_lag_stratZ50ndj01, 75_lag_amo1, 73_lag_stratZ50ndj01, 74_lag_traWP, 73_lag_wnorPRjfm, 73_lag_shSICmar, 72_lag_yrvPRjja, 66_lag_traEC, 68_lag_atlSICsep, 66_lag_seurTSjfm, 75_lag_shSICsep, 66_lag_neurTSjfm, 68_lag_nhSICsep, 68_lag_ginwSSTjfm, 69_lag_traEU, 69_lag_stratZ50ndj04, 75_lag_nchinaPRjja, 68_lag_stratZ50ndj02, 71_lag_stratZ50ndj04, 75_lag_traWP, 69_lag_mhfIP30, 75_lag_AMOCann, 72_lag_mhfIP30, 74_lag_yrvPRjja, 69_lag_tripol3, 72_lag_stratZ50ndj02, 73_lag_eapPSLjfm, 69_lag_stratZ50ndj01_1235_66"
LinearRegression,62,30,mhfATL60,slow,1776.5,2005.5,0.8,77,67,67,13.524276902054972,0.02028119596678829,1235,"['68_lag_nhSICsep', '67_lag_68_median_nhSICsep', '72_lag_nchinaPRjja', '67_lag_traBS', '67_lag_traIFC', '73_lag_traTLS', '73_lag_wnorPRjfm', '71_lag_stratZ50ndj04', '70_lag_ginwSSTjfm', '69_lag_traEU', '67_lag_yrvPRjja', '75_lag_amo1', '75_lag_traWP', '75_lag_AMOCann', '69_lag_tripol3', '74_lag_yrvPRjja', '70_lag_nchinaPRjja', '74_lag_atlSICjfm', '72_lag_yrvPRjja', '75_lag_shSICsep', '73_lag_eapPSLjfm', '72_lag_mhfIP30', '72_lag_stratZ50ndj02', '76_lag_stratZ50ndj02', '67_lag_samPSLann', '67_lag_70_median_ismPRjja', '73_lag_shSICmar', '76_lag_shSICsep', '76_lag_stratZ50ndj03', '69_lag_stratZ50ndj01']","[0.1474350190193375, 0.14743501901933742, 0.12131808089291465, 0.0020563916972642063, 0.14609930709448274, 0.19882921859446395, 0.12164193694494532, 0.13330233368054425, 0.14586140285857696, 0.056864822952320496, 0.08103755499531594, 0.010579682476864097, 0.25047264006534836, 0.038661809494273496, 0.18841747558927158, 0.03767355333495195, 0.1185911766829679, 0.12533153763273452, 0.061254605223335805, 0.04118109414020525, 0.03199400542408691, 0.04768833381913606, 0.19661146656015463, 0.025177450847580038, 0.15687928289840708, 0.32185430428595313, 0.08280575304358098, 0.12355574477140709, 0.1016398951484865, 0.13231173381664274]","68_lag_nhSICsep, 67_lag_68_median_nhSICsep, 72_lag_nchinaPRjja, 67_lag_traBS, 67_lag_traIFC, 73_lag_traTLS, 73_lag_wnorPRjfm, 71_lag_stratZ50ndj04, 70_lag_ginwSSTjfm, 69_lag_traEU, 67_lag_yrvPRjja, 75_lag_amo1, 75_lag_traWP, 75_lag_AMOCann, 69_lag_tripol3, 74_lag_yrvPRjja, 70_lag_nchinaPRjja, 74_lag_atlSICjfm, 72_lag_yrvPRjja, 75_lag_shSICsep, 73_lag_eapPSLjfm, 72_lag_mhfIP30, 72_lag_stratZ50ndj02, 76_lag_stratZ50ndj02, 67_lag_samPSLann, 67_lag_70_median_ismPRjja, 73_lag_shSICmar, 76_lag_shSICsep, 76_lag_stratZ50ndj03, 69_lag_stratZ50ndj01_1235_67"
LinearRegression,63,30,mhfATL60,slow,1777.5,2005.5,0.8,78,68,68,14.854049789439948,-0.15447759616927287,1235,"['70_lag_tripol3', '68_lag_nchinaPRjja', '68_lag_69_median_arcTSjfm', '69_lag_arcTSjfm', '73_lag_traTLS', '68_lag_mhfATL45', '75_lag_stratZ50ndj03', '70_lag_samPSLann', '68_lag_ginwSSTjfm', '68_lag_ismPRjja', '68_lag_traFS', '73_lag_shSICmar', '73_lag_eapPSLjfm', '70_lag_ginwSSTjfm', '74_lag_atlSICjfm', '72_lag_mhfIP30', '72_lag_stratZ50ndj02', '76_lag_stratZ50ndj03', '75_lag_AMOCann', '76_lag_traDS', '68_lag_69_median_stratZ50ndj01', '77_lag_shSICmar', '69_lag_stratZ50ndj01', '68_lag_nhSICsep', '75_lag_ensoSSTjfm', '76_lag_shSICsep', '68_lag_atlSICsep', '75_lag_traWP', '76_lag_stratZ50ndj02', '77_lag_traCA']","[0.1044889445122849, 0.08881009033000664, 505927708034.04584, 505927708034.17114, 0.18863707853095416, 0.026551819154883912, 0.012496972919702, 0.1002365540326961, 0.049553599739274076, 0.13299172691942404, 0.16872780943648125, 0.04238481565802111, 0.021798367596171406, 0.1688351851572457, 0.10827713509702881, 0.06882652652338031, 0.15275370456655252, 0.09687766498732972, 0.010915119751875438, 0.12167404461896904, 498495966984.2825, 0.18448782067236444, 498495966984.36237, 0.3847978820184379, 0.09750982028049338, 0.18203597595681328, 0.10370763539081872, 0.26976879650314917, 0.04809260956767162, 0.07557989001518914]","70_lag_tripol3, 68_lag_nchinaPRjja, 68_lag_69_median_arcTSjfm, 69_lag_arcTSjfm, 73_lag_traTLS, 68_lag_mhfATL45, 75_lag_stratZ50ndj03, 70_lag_samPSLann, 68_lag_ginwSSTjfm, 68_lag_ismPRjja, 68_lag_traFS, 73_lag_shSICmar, 73_lag_eapPSLjfm, 70_lag_ginwSSTjfm, 74_lag_atlSICjfm, 72_lag_mhfIP30, 72_lag_stratZ50ndj02, 76_lag_stratZ50ndj03, 75_lag_AMOCann, 76_lag_traDS, 68_lag_69_median_stratZ50ndj01, 77_lag_shSICmar, 69_lag_stratZ50ndj01, 68_lag_nhSICsep, 75_lag_ensoSSTjfm, 76_lag_shSICsep, 68_lag_atlSICsep, 75_lag_traWP, 76_lag_stratZ50ndj02, 77_lag_traCA_1235_68"
LinearRegression,64,30,mhfATL60,slow,1778.5,2005.5,0.8,79,69,69,15.524043638006546,0.028174559620722926,1235,"['74_lag_traFB', '75_lag_AMOCann', '72_lag_stratZ50ndj02', '78_lag_arcTSjfm', '76_lag_shSICsep', '78_lag_traBS', '72_lag_mhfIP30', '73_lag_eapPSLjfm', '76_lag_traEC', '69_lag_72_median_traDP', '77_lag_traEU', '75_lag_shSICsep', '77_lag_scpPSLjfm', '76_lag_stratZ50ndj04', '78_lag_nhSICjfm', '75_lag_traWP', '69_lag_traMC', '77_lag_shSICmar', '77_lag_yrvPRjja', '76_lag_traBS', '72_lag_yrvPRjja', '78_lag_traWP', '69_lag_arcTSjfm', '78_lag_mhfATL30', '77_lag_traCA', '76_lag_stratZ50ndj03', '76_lag_stratZ50ndj02', '69_lag_stratZ50ndj01', '78_lag_stratZ50ndj01', '78_lag_atlSICsep']","[0.1731640631997027, 0.05808308362554861, 0.14503602817628974, 0.25156248713551654, 0.13764614394071326, 0.03829555654920688, 0.06853606158275903, 0.012003888481046929, 0.031741702396697415, 0.4047217121546305, 0.021387390058377802, 0.09075928564498704, 0.08386974138306527, 0.14578335539331277, 0.021097443985406656, 0.09439393490914134, 0.1817250934306085, 0.16359429954673962, 0.15625413142523342, 0.09676879345747953, 0.11951650570718665, 0.05525289624381422, 0.24121706875561005, 0.21879255945769954, 0.008123140484512185, 0.17962034366047427, 0.12338200142629728, 0.1128992422127079, 0.034550070074659454, 0.275703130945888]","74_lag_traFB, 75_lag_AMOCann, 72_lag_stratZ50ndj02, 78_lag_arcTSjfm, 76_lag_shSICsep, 78_lag_traBS, 72_lag_mhfIP30, 73_lag_eapPSLjfm, 76_lag_traEC, 69_lag_72_median_traDP, 77_lag_traEU, 75_lag_shSICsep, 77_lag_scpPSLjfm, 76_lag_stratZ50ndj04, 78_lag_nhSICjfm, 75_lag_traWP, 69_lag_traMC, 77_lag_shSICmar, 77_lag_yrvPRjja, 76_lag_traBS, 72_lag_yrvPRjja, 78_lag_traWP, 69_lag_arcTSjfm, 78_lag_mhfATL30, 77_lag_traCA, 76_lag_stratZ50ndj03, 76_lag_stratZ50ndj02, 69_lag_stratZ50ndj01, 78_lag_stratZ50ndj01, 78_lag_atlSICsep_1235_69"
LinearRegression,65,30,mhfATL60,slow,1779.5,2005.5,0.8,80,70,70,13.484711156865064,0.12473930445792522,1235,"['74_lag_traEC', '76_lag_traEC', '73_lag_amo1', '72_lag_eurPSLjfm', '78_lag_traWP', '75_lag_traWP', '76_lag_stratZ50ndj03', '79_lag_atlSICjfm', '70_lag_mhfATL30', '77_lag_traEU', '70_lag_samPSLann', '72_lag_stratZ50ndj02', '77_lag_traCA', '76_lag_traBS', '79_lag_ormenSSTjfm', '70_lag_nchinaPRjja', '79_lag_ginwSSTjfm', '77_lag_atlSICjfm', '77_lag_shSICmar', '73_lag_shSICsep', '70_lag_ginwSSTjfm', '74_lag_atlSICjfm', '70_lag_traBS', '70_lag_AMOCann', '78_lag_atlSICsep', '74_lag_traDP', '76_lag_stratZ50ndj02', '79_lag_nchinaPRjja', '77_lag_yrvPRjja', '78_lag_stratZ50ndj01']","[0.09525175280482276, 0.0264246879023936, 0.2844427312586782, 0.10069800149768528, 0.14117304890773663, 0.1851210304888688, 0.09459758792372737, 0.13987080849366132, 0.03119062666492046, 0.11415355166092166, 0.06908390622943493, 0.05597274267267164, 0.12034021380557826, 0.0045036903285287045, 0.12244385880479054, 0.08265145226799563, 0.0706762741720066, 0.04703372203680366, 0.09587233469547776, 0.012568949705871416, 0.18492158799457883, 0.22717081335752784, 0.24625681135528446, 0.2912864505875597, 0.20383335310792203, 0.054039865550297286, 0.007632161184717972, 0.02506497954985292, 0.12768149042820667, 0.10564283417573535]","74_lag_traEC, 76_lag_traEC, 73_lag_amo1, 72_lag_eurPSLjfm, 78_lag_traWP, 75_lag_traWP, 76_lag_stratZ50ndj03, 79_lag_atlSICjfm, 70_lag_mhfATL30, 77_lag_traEU, 70_lag_samPSLann, 72_lag_stratZ50ndj02, 77_lag_traCA, 76_lag_traBS, 79_lag_ormenSSTjfm, 70_lag_nchinaPRjja, 79_lag_ginwSSTjfm, 77_lag_atlSICjfm, 77_lag_shSICmar, 73_lag_shSICsep, 70_lag_ginwSSTjfm, 74_lag_atlSICjfm, 70_lag_traBS, 70_lag_AMOCann, 78_lag_atlSICsep, 74_lag_traDP, 76_lag_stratZ50ndj02, 79_lag_nchinaPRjja, 77_lag_yrvPRjja, 78_lag_stratZ50ndj01_1235_70"
LinearRegression,66,30,mhfATL60,slow,1780.5,2005.5,0.8,81,71,71,16.492098476960667,-0.13413050408895005,1235,"['76_lag_traBS', '76_lag_stratZ50ndj04', '77_lag_atlSICsep', '80_lag_stratZ50ndj01', '75_lag_wnorPRjfm', '71_lag_traDP', '78_lag_traDP', '75_lag_traWP', '76_lag_shSICsep', '79_lag_ormenSSTjfm', '77_lag_traEU', '72_lag_stratZ50ndj02', '71_lag_72_median_stratZ50ndj02', '71_lag_amo3', '78_lag_atlSICsep', '76_lag_stratZ50ndj02', '78_lag_wnorPRjfm', '74_lag_yrvPRjja', '78_lag_mhfATL30', '73_lag_shSICsep', '79_lag_ginwSSTjfm', '77_lag_traMC', '77_lag_shSICmar', '76_lag_stratZ50ndj01', '80_lag_traWP', '78_lag_stratZ50ndj01', '77_lag_yrvPRjja', '80_lag_shSICsep', '79_lag_nchinaPRjja', '74_lag_traDP']","[0.1005840209530426, 0.18725630686663208, 0.16663566081204442, 0.03491112389538913, 0.1481950257597738, 0.3009990147588531, 0.11659136170958079, 0.17874511029476775, 0.18875202408805594, 0.09477104481730964, 0.12152023769817748, 0.054788333493810674, 0.0547883334938104, 0.31099709108779944, 0.18646123884003127, 0.07478627790455514, 0.16401416296714458, 0.08987558488145599, 0.1011744682279708, 0.07186114645997953, 0.12575329850176153, 0.09604529238589324, 0.05900345139126679, 0.09116026661014567, 0.14129489606610576, 0.15957088824824628, 0.0406477795731755, 0.09807607429533019, 0.06795842540893546, 0.3331321322935412]","76_lag_traBS, 76_lag_stratZ50ndj04, 77_lag_atlSICsep, 80_lag_stratZ50ndj01, 75_lag_wnorPRjfm, 71_lag_traDP, 78_lag_traDP, 75_lag_traWP, 76_lag_shSICsep, 79_lag_ormenSSTjfm, 77_lag_traEU, 72_lag_stratZ50ndj02, 71_lag_72_median_stratZ50ndj02, 71_lag_amo3, 78_lag_atlSICsep, 76_lag_stratZ50ndj02, 78_lag_wnorPRjfm, 74_lag_yrvPRjja, 78_lag_mhfATL30, 73_lag_shSICsep, 79_lag_ginwSSTjfm, 77_lag_traMC, 77_lag_shSICmar, 76_lag_stratZ50ndj01, 80_lag_traWP, 78_lag_stratZ50ndj01, 77_lag_yrvPRjja, 80_lag_shSICsep, 79_lag_nchinaPRjja, 74_lag_traDP_1235_71"
LinearRegression,67,30,mhfATL60,slow,1781.5,2005.5,0.8,82,72,72,17.44634395068189,-0.07976736573836274,1235,"['81_lag_traEC', '77_lag_traEU', '77_lag_shSICmar', '75_lag_stratZ50ndj02', '80_lag_alpi', '76_lag_stratZ50ndj02', '72_lag_75_median_ismPRjja', '75_lag_shSICsep', '72_lag_75_median_nchinaPRjja', '78_lag_traWP', '78_lag_traBS', '72_lag_atlSICsep', '78_lag_traFB', '78_lag_shSICsep', '81_lag_nchinaPRjja', '77_lag_yrvPRjja', '72_lag_75_median_atlSICjfm', '72_lag_eurPSLjfm', '77_lag_traMC', '78_lag_atlSICsep', '72_lag_mhfIP30', '80_lag_traWP', '74_lag_yrvPRjja', '76_lag_stratZ50ndj01', '74_lag_traDP', '78_lag_stratZ50ndj01', '72_lag_stratZ50ndj02', '80_lag_shSICsep', '81_lag_neurTSjfm', '79_lag_nchinaPRjja']","[0.027525321091105972, 0.03743265197737388, 0.10477569062454943, 0.1226649986770399, 0.07405539397587178, 0.1252062675873731, 0.3738770038877116, 0.11218312330110035, 0.044398004986601236, 0.18681115436707188, 0.06931990545985672, 0.07694980298635153, 0.07284479337952243, 0.010321449739759977, 0.08377435473421391, 0.16160438348024478, 0.29056261584890714, 0.07505450639685982, 0.0854106615663673, 0.20421360399948135, 0.1540843963295014, 0.012203737417062675, 0.11438884314593217, 0.10372260015351295, 0.18529141782568606, 0.03645272104507301, 0.13702832164415857, 0.09792150954893122, 0.19339196340160403, 0.1162857312876691]","81_lag_traEC, 77_lag_traEU, 77_lag_shSICmar, 75_lag_stratZ50ndj02, 80_lag_alpi, 76_lag_stratZ50ndj02, 72_lag_75_median_ismPRjja, 75_lag_shSICsep, 72_lag_75_median_nchinaPRjja, 78_lag_traWP, 78_lag_traBS, 72_lag_atlSICsep, 78_lag_traFB, 78_lag_shSICsep, 81_lag_nchinaPRjja, 77_lag_yrvPRjja, 72_lag_75_median_atlSICjfm, 72_lag_eurPSLjfm, 77_lag_traMC, 78_lag_atlSICsep, 72_lag_mhfIP30, 80_lag_traWP, 74_lag_yrvPRjja, 76_lag_stratZ50ndj01, 74_lag_traDP, 78_lag_stratZ50ndj01, 72_lag_stratZ50ndj02, 80_lag_shSICsep, 81_lag_neurTSjfm, 79_lag_nchinaPRjja_1235_72"
LinearRegression,68,30,mhfATL60,slow,1782.5,2005.5,0.8,83,73,73,15.73703266496147,-0.11880205435910332,1235,"['76_lag_traBS', '77_lag_traEU', '76_lag_stratZ50ndj02', '80_lag_shSICmar', '82_lag_traWP', '82_lag_traFB', '81_lag_stratZ50ndj02', '81_lag_scpPSLjfm', '73_lag_eurPSLjfm', '80_lag_stratZ50ndj01', '82_lag_nppc2SSTjfm', '80_lag_traWP', '82_lag_mhfIP30', '79_lag_ginwSSTjfm', '80_lag_alpi', '74_lag_traDP', '73_lag_74_median_traDP', '78_lag_traFB', '75_lag_shSICsep', '76_lag_traTLS', '79_lag_ormenSSTjfm', '73_lag_amo1', '78_lag_shSICsep', '78_lag_stratZ50ndj01', '73_lag_ismPRjja', '78_lag_atlSICsep', '76_lag_stratZ50ndj01', '81_lag_neurTSjfm', '80_lag_shSICsep', '79_lag_nchinaPRjja']","[0.027924201559224003, 0.09013063198958958, 0.04297034380938516, 0.04406598983441577, 0.08617770561854171, 0.1650096219384431, 0.018781091003644546, 0.05220770153045046, 0.10807801612681871, 0.0007283026951054372, 0.16859852911635664, 0.12010249600942235, 0.08468688385213465, 0.20027301927833158, 0.03634152796618696, 4207107747594.8354, 4207107747594.727, 0.07572239344231164, 0.0935463320653571, 0.11677368662781773, 0.031248819731928067, 0.20286461203331416, 0.07214449578354781, 0.051660910374253716, 0.10046116989633977, 0.17278555340463203, 0.08061228901963427, 0.21603800332713277, 0.15094463160626526, 0.08521614635153246]","76_lag_traBS, 77_lag_traEU, 76_lag_stratZ50ndj02, 80_lag_shSICmar, 82_lag_traWP, 82_lag_traFB, 81_lag_stratZ50ndj02, 81_lag_scpPSLjfm, 73_lag_eurPSLjfm, 80_lag_stratZ50ndj01, 82_lag_nppc2SSTjfm, 80_lag_traWP, 82_lag_mhfIP30, 79_lag_ginwSSTjfm, 80_lag_alpi, 74_lag_traDP, 73_lag_74_median_traDP, 78_lag_traFB, 75_lag_shSICsep, 76_lag_traTLS, 79_lag_ormenSSTjfm, 73_lag_amo1, 78_lag_shSICsep, 78_lag_stratZ50ndj01, 73_lag_ismPRjja, 78_lag_atlSICsep, 76_lag_stratZ50ndj01, 81_lag_neurTSjfm, 80_lag_shSICsep, 79_lag_nchinaPRjja_1235_73"
LinearRegression,69,30,mhfATL60,slow,1783.5,2005.5,0.8,84,74,74,15.54285029824506,0.011094779558636522,1235,"['80_lag_eurPSLjfm', '78_lag_traDP', '83_lag_nppc2SSTjfm', '76_lag_stratZ50ndj01', '81_lag_traEC', '82_lag_atlSICjfm', '80_lag_shSICmar', '83_lag_mhfIP30', '76_lag_traTLS', '74_lag_77_median_tripol2', '74_lag_77_median_traCA', '74_lag_79_median_pdoSSTjfm', '74_lag_alpi', '83_lag_traBO', '81_lag_scpPSLjfm', '80_lag_stratZ50ndj02', '79_lag_ormenSSTjfm', '76_lag_stratZ50ndj02', '78_lag_traTLS', '78_lag_traFB', '74_lag_77_median_ensoSSTjfm', '79_lag_ginwSSTjfm', '78_lag_atlSICsep', '83_lag_traEC', '74_lag_traDP', '77_lag_traCA', '78_lag_stratZ50ndj01', '81_lag_neurTSjfm', '80_lag_shSICsep', '79_lag_nchinaPRjja']","[0.0067988775344916, 0.04412733617821056, 0.13960365584357765, 0.03837099521212546, 0.10186826421208099, 0.003588794638716093, 0.09215619196306699, 0.07132486236973676, 0.09029794548137629, 0.5134577386989506, 0.14753491711004554, 0.2510762669988569, 0.04476873178109454, 0.17927385580307897, 0.05572690208483458, 0.12606934438154319, 0.03272455199851383, 0.03416888454663067, 0.06379703820653752, 0.05340967641218097, 0.6003125116320794, 0.1925060355172223, 0.18767888051392292, 0.21974370595205428, 0.28395579986491915, 0.10246799801089386, 0.06328066310330756, 0.2193629539890999, 0.13814159182352875, 0.16213970920990453]","80_lag_eurPSLjfm, 78_lag_traDP, 83_lag_nppc2SSTjfm, 76_lag_stratZ50ndj01, 81_lag_traEC, 82_lag_atlSICjfm, 80_lag_shSICmar, 83_lag_mhfIP30, 76_lag_traTLS, 74_lag_77_median_tripol2, 74_lag_77_median_traCA, 74_lag_79_median_pdoSSTjfm, 74_lag_alpi, 83_lag_traBO, 81_lag_scpPSLjfm, 80_lag_stratZ50ndj02, 79_lag_ormenSSTjfm, 76_lag_stratZ50ndj02, 78_lag_traTLS, 78_lag_traFB, 74_lag_77_median_ensoSSTjfm, 79_lag_ginwSSTjfm, 78_lag_atlSICsep, 83_lag_traEC, 74_lag_traDP, 77_lag_traCA, 78_lag_stratZ50ndj01, 81_lag_neurTSjfm, 80_lag_shSICsep, 79_lag_nchinaPRjja_1235_74"
LinearRegression,70,30,mhfATL60,slow,1784.5,2005.5,0.8,85,75,75,15.816551100176476,0.007915643172270777,1235,"['80_lag_AMOCann', '84_lag_samPSLann', '75_lag_shSICsep', '80_lag_traFB', '78_lag_traDP', '84_lag_cetTSjfm', '81_lag_arcTSjfm', '75_lag_amo1', '78_lag_traWP', '79_lag_ormenSSTjfm', '77_lag_traBS', '84_lag_traFSC', '75_lag_78_median_traTLS', '83_lag_shSICsep', '77_lag_shSICmar', '80_lag_ginwSSTjfm', '78_lag_stratZ50ndj01', '78_lag_traTLS', '78_lag_traFB', '82_lag_mhfIP30', '84_lag_traWP', '83_lag_yrvPRjja', '80_lag_stratZ50ndj02', '75_lag_ensoSSTjfm', '81_lag_neurTSjfm', '75_lag_alpi', '84_lag_mhfATL60', '83_lag_traEC', '80_lag_shSICsep', '79_lag_nchinaPRjja']","[0.05549193014675029, 0.2386858191289183, 0.06203026346968838, 0.1415309279061371, 0.12333091916416698, 0.06170417397140661, 0.11250388742457765, 0.29076028837661866, 0.133123255020433, 0.012581421154110569, 0.030553072692117465, 0.04030801532009807, 0.16834477185079266, 0.04646291555794407, 0.06863313034954825, 0.09125240430141103, 0.06576519815385982, 0.030577042782262073, 0.028794871415514355, 0.06970021396025208, 0.004272392941932872, 0.05440706664653391, 0.12303833156517308, 0.14553634425214845, 0.14530348390620987, 0.13107059389937106, 0.08494562463240372, 0.22855844292632077, 0.07115377159099671, 0.16962278444240408]","80_lag_AMOCann, 84_lag_samPSLann, 75_lag_shSICsep, 80_lag_traFB, 78_lag_traDP, 84_lag_cetTSjfm, 81_lag_arcTSjfm, 75_lag_amo1, 78_lag_traWP, 79_lag_ormenSSTjfm, 77_lag_traBS, 84_lag_traFSC, 75_lag_78_median_traTLS, 83_lag_shSICsep, 77_lag_shSICmar, 80_lag_ginwSSTjfm, 78_lag_stratZ50ndj01, 78_lag_traTLS, 78_lag_traFB, 82_lag_mhfIP30, 84_lag_traWP, 83_lag_yrvPRjja, 80_lag_stratZ50ndj02, 75_lag_ensoSSTjfm, 81_lag_neurTSjfm, 75_lag_alpi, 84_lag_mhfATL60, 83_lag_traEC, 80_lag_shSICsep, 79_lag_nchinaPRjja_1235_75"
LinearRegression,71,30,mhfATL60,slow,1785.5,2005.5,0.8,86,76,76,17.3306965407105,-0.048234134129151285,1235,"['78_lag_traWP', '78_lag_traTLS', '76_lag_traFS', '84_lag_traFSC', '76_lag_79_median_traMC', '84_lag_samPSLann', '83_lag_alpi', '79_lag_ormenSSTjfm', '84_lag_mhfATL60', '78_lag_traDP', '76_lag_stratZ50ndj01', '76_lag_81_median_ensoSSTjfm', '78_lag_stratZ50ndj01', '78_lag_atlSICsep', '76_lag_atlSICsep', '82_lag_traWP', '83_lag_traTLS', '83_lag_traBO', '83_lag_traFS', '76_lag_traEU', '80_lag_shSICsep', '81_lag_shSICsep', '76_lag_traCA', '83_lag_yrvPRjja', '81_lag_neurTSjfm', '85_lag_alpi', '76_lag_mhfATL30', '80_lag_stratZ50ndj02', '83_lag_traEC', '79_lag_nchinaPRjja']","[0.045082348127148036, 0.11103828668492968, 0.17763636102336283, 0.11189853698376429, 0.1654282784184951, 0.16520948492747098, 0.032487854716983025, 0.03744944748620086, 0.13188870534374775, 0.02983819408846877, 0.07222682920201712, 0.2841960761417196, 0.0824367716325475, 0.17238085932195402, 0.18113166739532788, 0.1224120238389093, 0.16740797433643748, 0.206036222997854, 0.06632026567804247, 0.12224585743085095, 0.06540437122276332, 0.02179527396563104, 0.14759701296076047, 0.1391085514393973, 0.0930966459392085, 0.0643905929053194, 0.2746399947443908, 0.20502625840507044, 0.21147345664554804, 0.11667230285401713]","78_lag_traWP, 78_lag_traTLS, 76_lag_traFS, 84_lag_traFSC, 76_lag_79_median_traMC, 84_lag_samPSLann, 83_lag_alpi, 79_lag_ormenSSTjfm, 84_lag_mhfATL60, 78_lag_traDP, 76_lag_stratZ50ndj01, 76_lag_81_median_ensoSSTjfm, 78_lag_stratZ50ndj01, 78_lag_atlSICsep, 76_lag_atlSICsep, 82_lag_traWP, 83_lag_traTLS, 83_lag_traBO, 83_lag_traFS, 76_lag_traEU, 80_lag_shSICsep, 81_lag_shSICsep, 76_lag_traCA, 83_lag_yrvPRjja, 81_lag_neurTSjfm, 85_lag_alpi, 76_lag_mhfATL30, 80_lag_stratZ50ndj02, 83_lag_traEC, 79_lag_nchinaPRjja_1235_76"
LinearRegression,72,30,mhfATL60,slow,1786.5,2005.5,0.8,87,77,77,16.87144638151495,-0.14681785163565875,1235,"['79_lag_ormenSSTjfm', '77_lag_78_median_stratZ50ndj01', '78_lag_stratZ50ndj01', '86_lag_atlSICsep', '82_lag_traTLS', '83_lag_alpi', '85_lag_traFSC', '80_lag_AMOCann', '81_lag_eurPSLjfm', '83_lag_traFS', '82_lag_traFB', '78_lag_atlSICsep', '77_lag_78_median_atlSICsep', '80_lag_shSICsep', '83_lag_traIFC', '77_lag_atlSICsep', '84_lag_shSICsep', '84_lag_tripol1', '86_lag_eapPSLjfm', '77_lag_yrvPRjja', '83_lag_traBO', '81_lag_neurTSjfm', '81_lag_shSICsep', '83_lag_yrvPRjja', '80_lag_stratZ50ndj02', '82_lag_traWP', '86_lag_shSICsep', '86_lag_atlSICjfm', '83_lag_traEC', '79_lag_nchinaPRjja']","[0.0459411426205379, 16318264383106.826, 16318264383106.705, 0.09899727597314441, 0.1964594477412454, 0.02384333178238725, 0.21561118311671407, 0.11867064202028244, 0.0993442692448213, 0.02574231818086213, 0.12803800927529987, 2921321732466.728, 2921321732466.882, 0.07983079956829572, 0.02593388230706604, 0.0363191909260079, 0.10363987225907219, 0.0341796875, 0.13983154296875, 0.1015625, 0.269775390625, 0.13671875, 0.01416015625, 0.05810546875, 0.144287109375, 0.165130615234375, 0.1497802734375, 0.12060546875, 0.1982421875, 0.17041015625]","79_lag_ormenSSTjfm, 77_lag_78_median_stratZ50ndj01, 78_lag_stratZ50ndj01, 86_lag_atlSICsep, 82_lag_traTLS, 83_lag_alpi, 85_lag_traFSC, 80_lag_AMOCann, 81_lag_eurPSLjfm, 83_lag_traFS, 82_lag_traFB, 78_lag_atlSICsep, 77_lag_78_median_atlSICsep, 80_lag_shSICsep, 83_lag_traIFC, 77_lag_atlSICsep, 84_lag_shSICsep, 84_lag_tripol1, 86_lag_eapPSLjfm, 77_lag_yrvPRjja, 83_lag_traBO, 81_lag_neurTSjfm, 81_lag_shSICsep, 83_lag_yrvPRjja, 80_lag_stratZ50ndj02, 82_lag_traWP, 86_lag_shSICsep, 86_lag_atlSICjfm, 83_lag_traEC, 79_lag_nchinaPRjja_1235_77"
LinearRegression,73,30,mhfATL60,slow,1787.5,2005.5,0.8,88,78,78,15.26676905912779,-7.562538188782622e-05,1235,"['78_lag_traTLS', '78_lag_traBS', '87_lag_traMC', '81_lag_shSICsep', '78_lag_81_median_seurTSjfm', '87_lag_shSICsep', '86_lag_atlSICsep', '86_lag_eurPSLjfm', '83_lag_yrvPRjja', '78_lag_stratZ50ndj01', '81_lag_scpPSLjfm', '82_lag_traFB', '78_lag_ismPRjja', '83_lag_traFS', '80_lag_AMOCann', '81_lag_neurTSjfm', '78_lag_traDP', '80_lag_shSICsep', '78_lag_traWP', '87_lag_scpPSLjfm', '80_lag_stratZ50ndj02', '86_lag_shSICsep', '87_lag_ginwSSTjfm', '83_lag_traEC', '83_lag_traBO', '79_lag_nchinaPRjja', '78_lag_79_median_nchinaPRjja', '86_lag_atlSICjfm', '82_lag_traWP', '78_lag_atlSICsep']","[0.0005316031154374881, 0.07294554483632817, 0.033431509948564954, 0.00887160009322906, 0.23048018546178028, 0.040205956337738095, 0.08783846876285349, 0.07991798370488276, 0.032105521280542886, 0.06789053404975379, 0.09424228509830328, 0.18643444144880786, 0.020229921212690075, 0.03782990504973792, 0.06902419408883141, 0.15280459700174076, 0.023921296157093413, 0.0850271317909041, 0.14138957302100866, 0.07583303724062879, 0.13163032317013582, 0.04659430180436326, 0.15783795686206142, 0.25723618436676987, 0.2524411516148249, 4083292316158.1924, 4083292316158.314, 0.09626105453345003, 0.1426020535671832, 0.09676714437271845]","78_lag_traTLS, 78_lag_traBS, 87_lag_traMC, 81_lag_shSICsep, 78_lag_81_median_seurTSjfm, 87_lag_shSICsep, 86_lag_atlSICsep, 86_lag_eurPSLjfm, 83_lag_yrvPRjja, 78_lag_stratZ50ndj01, 81_lag_scpPSLjfm, 82_lag_traFB, 78_lag_ismPRjja, 83_lag_traFS, 80_lag_AMOCann, 81_lag_neurTSjfm, 78_lag_traDP, 80_lag_shSICsep, 78_lag_traWP, 87_lag_scpPSLjfm, 80_lag_stratZ50ndj02, 86_lag_shSICsep, 87_lag_ginwSSTjfm, 83_lag_traEC, 83_lag_traBO, 79_lag_nchinaPRjja, 78_lag_79_median_nchinaPRjja, 86_lag_atlSICjfm, 82_lag_traWP, 78_lag_atlSICsep_1235_78"
LinearRegression,74,30,mhfATL60,slow,1788.5,2005.5,0.8,89,79,79,15.383624095046695,0.09936610506126041,1235,"['80_lag_stratZ50ndj02', '79_lag_80_median_stratZ50ndj02', '88_lag_cetTSjfm', '87_lag_atlSICjfm', '86_lag_atlSICsep', '87_lag_arcTSjfm', '83_lag_traFS', '79_lag_80_median_AMOCann', '84_lag_tripol1', '80_lag_AMOCann', '87_lag_traMC', '87_lag_scpPSLjfm', '79_lag_traIT', '87_lag_nhSICjfm', '88_lag_shSICsep', '82_lag_traFB', '79_lag_ormenSSTjfm', '88_lag_tripol3', '87_lag_stratZ50ndj03', '79_lag_traMC', '86_lag_shSICsep', '88_lag_traBS', '83_lag_traEC', '86_lag_eurPSLjfm', '87_lag_ginwSSTjfm', '81_lag_neurTSjfm', '83_lag_traBO', '82_lag_traWP', '86_lag_atlSICjfm', '79_lag_nchinaPRjja']","[0.05214327585051291, 0.052143275850512996, 0.05874854717984997, 0.06673456518018155, 0.1426042051016105, 0.015379865033886261, 0.07134336150040442, 0.05644206416058232, 0.14514426623568014, 0.056442064160582256, 0.09004902003534399, 0.09900384829500439, 0.05991777565961797, 0.7167153415702301, 0.08427148536448567, 0.13148917430862878, 0.008367452560312922, 0.04738581409398333, 0.0004886944404906798, 0.011107574900796464, 0.09427444457843294, 0.1518805318841907, 0.24886466827429013, 0.11779397821258729, 0.06349973923783508, 0.16855625198929658, 0.25283184734663955, 0.00968022058631462, 0.21570006697821678, 0.12112139332221854]","80_lag_stratZ50ndj02, 79_lag_80_median_stratZ50ndj02, 88_lag_cetTSjfm, 87_lag_atlSICjfm, 86_lag_atlSICsep, 87_lag_arcTSjfm, 83_lag_traFS, 79_lag_80_median_AMOCann, 84_lag_tripol1, 80_lag_AMOCann, 87_lag_traMC, 87_lag_scpPSLjfm, 79_lag_traIT, 87_lag_nhSICjfm, 88_lag_shSICsep, 82_lag_traFB, 79_lag_ormenSSTjfm, 88_lag_tripol3, 87_lag_stratZ50ndj03, 79_lag_traMC, 86_lag_shSICsep, 88_lag_traBS, 83_lag_traEC, 86_lag_eurPSLjfm, 87_lag_ginwSSTjfm, 81_lag_neurTSjfm, 83_lag_traBO, 82_lag_traWP, 86_lag_atlSICjfm, 79_lag_nchinaPRjja_1235_79"
LinearRegression,75,30,mhfATL60,slow,1789.5,2005.5,0.8,90,80,80,18.430205626611045,-0.1710590621164979,1235,"['87_lag_scpPSLjfm', '84_lag_tripol1', '80_lag_traEC', '88_lag_alpi', '87_lag_eurPSLjfm', '80_lag_81_median_neurTSjfm', '81_lag_neurTSjfm', '89_lag_satlSSTjfm', '83_lag_traTLS', '88_lag_traWP', '85_lag_cetTSjfm', '80_lag_AMOCann', '86_lag_eurPSLjfm', '87_lag_traFB', '88_lag_shSICsep', '89_lag_eurPSLjfm', '87_lag_nhSICjfm', '89_lag_traWP', '86_lag_nchinaPRjja', '86_lag_shSICsep', '87_lag_stratZ50ndj03', '88_lag_traDP', '83_lag_traBO', '89_lag_AMOCann', '82_lag_traWP', '83_lag_traEC', '89_lag_yrvPRjja', '87_lag_ginwSSTjfm', '88_lag_traBS', '86_lag_atlSICjfm']","[0.047155147094522336, 0.1131514238204941, 0.03295965610901379, 0.0339630923266697, 0.07088837721578518, 8077945107437.391, 8077945107437.616, 0.17267491279471592, 0.2514311479979518, 0.19518655598086854, 0.024253675236630634, 0.07028991475559686, 0.14739790865574917, 0.15285132063290266, 0.11647956962814263, 0.08011326800098825, 0.5207214918044699, 0.12191612322105613, 0.06512616050247808, 0.0073557621771521, 0.03749970317358168, 0.230070191766283, 0.31638901765462274, 0.10466560717667102, 0.01963477377583336, 0.2230048553917272, 0.09024107560746765, 0.06657020035473682, 0.10349081020789172, 0.3174417639771199]","87_lag_scpPSLjfm, 84_lag_tripol1, 80_lag_traEC, 88_lag_alpi, 87_lag_eurPSLjfm, 80_lag_81_median_neurTSjfm, 81_lag_neurTSjfm, 89_lag_satlSSTjfm, 83_lag_traTLS, 88_lag_traWP, 85_lag_cetTSjfm, 80_lag_AMOCann, 86_lag_eurPSLjfm, 87_lag_traFB, 88_lag_shSICsep, 89_lag_eurPSLjfm, 87_lag_nhSICjfm, 89_lag_traWP, 86_lag_nchinaPRjja, 86_lag_shSICsep, 87_lag_stratZ50ndj03, 88_lag_traDP, 83_lag_traBO, 89_lag_AMOCann, 82_lag_traWP, 83_lag_traEC, 89_lag_yrvPRjja, 87_lag_ginwSSTjfm, 88_lag_traBS, 86_lag_atlSICjfm_1235_80"
LinearRegression,76,30,mhfATL60,slow,1790.5,2005.5,0.8,91,81,81,16.720446904175148,-0.09935465587718584,1235,"['87_lag_nppc2SSTjfm', '83_lag_traFS', '84_lag_tripol3', '90_lag_pdoSSTjfm', '89_lag_mhfATL30', '90_lag_neurTSjfm', '83_lag_traBO', '81_lag_mhfATL45', '87_lag_atlSICjfm', '86_lag_alpi', '90_lag_atlSICjfm', '90_lag_ginwSSTjfm', '88_lag_seurTSjfm', '87_lag_nhSICjfm', '81_lag_eurPSLjfm', '88_lag_traWP', '87_lag_ginwSSTjfm', '81_lag_neurTSjfm', '90_lag_tripol1', '86_lag_eurPSLjfm', '89_lag_AMOCann', '81_lag_atlSICsep', '89_lag_traMC', '90_lag_stratZ50ndj03', '88_lag_traBS', '83_lag_traEC', '88_lag_traDP', '86_lag_atlSICjfm', '89_lag_yrvPRjja', '90_lag_shSICmar']","[0.1756659690467814, 0.01491709145293739, 0.11868697701771001, 0.02507575738405412, 0.08082473601103152, 0.12103179175918208, 0.2666013081273654, 0.07018234794053098, 0.14347217157470563, 0.03027613127217605, 0.0240843475337058, 0.12046948279550743, 0.04696490756832769, 0.2641667378354776, 0.070113672004289, 0.15207848455355222, 0.010378864312717458, 0.13926870405356157, 0.2155779764838442, 0.07592676948099444, 0.19155481268164623, 0.024964850335062235, 0.22267274035332627, 0.0997501637413533, 0.26122677552679135, 0.1337676026826334, 0.2016817962994104, 0.2548211471886444, 0.14967025173976437, 0.13054021865083426]","87_lag_nppc2SSTjfm, 83_lag_traFS, 84_lag_tripol3, 90_lag_pdoSSTjfm, 89_lag_mhfATL30, 90_lag_neurTSjfm, 83_lag_traBO, 81_lag_mhfATL45, 87_lag_atlSICjfm, 86_lag_alpi, 90_lag_atlSICjfm, 90_lag_ginwSSTjfm, 88_lag_seurTSjfm, 87_lag_nhSICjfm, 81_lag_eurPSLjfm, 88_lag_traWP, 87_lag_ginwSSTjfm, 81_lag_neurTSjfm, 90_lag_tripol1, 86_lag_eurPSLjfm, 89_lag_AMOCann, 81_lag_atlSICsep, 89_lag_traMC, 90_lag_stratZ50ndj03, 88_lag_traBS, 83_lag_traEC, 88_lag_traDP, 86_lag_atlSICjfm, 89_lag_yrvPRjja, 90_lag_shSICmar_1235_81"
LinearRegression,77,30,mhfATL60,slow,1791.5,2005.5,0.8,92,82,82,18.809157794295075,-0.293035917864752,1235,"['89_lag_mhfATL30', '82_lag_85_median_seurTSjfm', '88_lag_shSICsep', '90_lag_atlSICjfm', '90_lag_traFSC', '82_lag_traFSC', '90_lag_stratZ50ndj02', '88_lag_seurTSjfm', '86_lag_alpi', '86_lag_traFB', '90_lag_tripol1', '82_lag_traBO', '91_lag_alpi', '82_lag_traWP', '90_lag_ginwSSTjfm', '88_lag_traBS', '89_lag_AMOCann', '86_lag_atlSICjfm', '82_lag_traFS', '90_lag_stratZ50ndj03', '91_lag_nppc3SSTjfm', '88_lag_traDP', '86_lag_eurPSLjfm', '91_lag_mhfIP30', '89_lag_yrvPRjja', '82_lag_83_median_traEC', '83_lag_traEC', '90_lag_shSICmar', '91_lag_traWP', '91_lag_atlSICjfm']","[0.05491501969445013, 0.15071975519512798, 0.006341111170425509, 0.05007741490036222, 0.13520156895851076, 0.10982543943262678, 0.03871262745330001, 0.09791473095537277, 0.0502693051506049, 0.28472202488912013, 0.13410343369486855, 0.11271055757804371, 0.026673042346459265, 0.11167364465924887, 0.10657104011540089, 0.19805551561588997, 0.17569791913342345, 0.08021784475572301, 0.19672887042288467, 0.16064351044659617, 0.19998955472938645, 0.22710764528791588, 0.08384581690315042, 0.060392816963133276, 0.11805805755624596, 3370411960222.81, 3370411960223.049, 0.1092889167385388, 0.13960945708432895, 0.22431562187551302]","89_lag_mhfATL30, 82_lag_85_median_seurTSjfm, 88_lag_shSICsep, 90_lag_atlSICjfm, 90_lag_traFSC, 82_lag_traFSC, 90_lag_stratZ50ndj02, 88_lag_seurTSjfm, 86_lag_alpi, 86_lag_traFB, 90_lag_tripol1, 82_lag_traBO, 91_lag_alpi, 82_lag_traWP, 90_lag_ginwSSTjfm, 88_lag_traBS, 89_lag_AMOCann, 86_lag_atlSICjfm, 82_lag_traFS, 90_lag_stratZ50ndj03, 91_lag_nppc3SSTjfm, 88_lag_traDP, 86_lag_eurPSLjfm, 91_lag_mhfIP30, 89_lag_yrvPRjja, 82_lag_83_median_traEC, 83_lag_traEC, 90_lag_shSICmar, 91_lag_traWP, 91_lag_atlSICjfm_1235_82"
LinearRegression,78,30,mhfATL60,slow,1792.5,2005.5,0.8,93,83,83,19.72821207874645,-0.19530370223116708,1235,"['87_lag_ginwSSTjfm', '89_lag_mhfATL30', '86_lag_atlSICjfm', '83_lag_86_median_nchinaPRjja', '89_lag_satlSSTjfm', '92_lag_traBS', '90_lag_tripol1', '89_lag_traMC', '89_lag_arcTSjfm', '83_lag_traTLS', '86_lag_eurPSLjfm', '83_lag_shSICsep', '88_lag_shSICsep', '92_lag_gyreSSTjfm', '91_lag_neurTSjfm', '91_lag_nppc3SSTjfm', '89_lag_yrvPRjja', '92_lag_mhfIP30', '90_lag_stratZ50ndj03', '88_lag_traBS', '90_lag_atlSICjfm', '89_lag_AMOCann', '90_lag_ginwSSTjfm', '88_lag_traDP', '83_lag_traFS', '83_lag_traBO', '90_lag_shSICmar', '91_lag_traWP', '91_lag_atlSICjfm', '83_lag_traEC']","[0.15439879236220888, 0.07032155997158626, 0.14376601731034758, 0.016393487930274824, 0.11883455090196583, 0.004880622071161796, 0.15362514522427892, 0.08469043979266788, 0.06053782492189689, 0.18071065462947675, 0.16001021869188847, 0.06959260257571236, 0.021386288931110053, 0.1799312460382307, 0.086204452151584, 0.13862359910785252, 0.15472695416166934, 0.04730859931559142, 0.07649109671654486, 0.1551979627689492, 0.017610133394659284, 0.14051426438817693, 0.19606593489422539, 0.21040943394874767, 0.045217156653482055, 0.21962531720752726, 0.04416274395893778, 0.12411345131137272, 0.22361778133831461, 0.19781108070145345]","87_lag_ginwSSTjfm, 89_lag_mhfATL30, 86_lag_atlSICjfm, 83_lag_86_median_nchinaPRjja, 89_lag_satlSSTjfm, 92_lag_traBS, 90_lag_tripol1, 89_lag_traMC, 89_lag_arcTSjfm, 83_lag_traTLS, 86_lag_eurPSLjfm, 83_lag_shSICsep, 88_lag_shSICsep, 92_lag_gyreSSTjfm, 91_lag_neurTSjfm, 91_lag_nppc3SSTjfm, 89_lag_yrvPRjja, 92_lag_mhfIP30, 90_lag_stratZ50ndj03, 88_lag_traBS, 90_lag_atlSICjfm, 89_lag_AMOCann, 90_lag_ginwSSTjfm, 88_lag_traDP, 83_lag_traFS, 83_lag_traBO, 90_lag_shSICmar, 91_lag_traWP, 91_lag_atlSICjfm, 83_lag_traEC_1235_83"
LinearRegression,79,30,mhfATL60,slow,1793.5,2005.5,0.8,94,84,84,18.479437122232333,-0.17267621476746367,1235,"['90_lag_stratZ50ndj04', '84_lag_samPSLann', '89_lag_satlSSTjfm', '93_lag_nppc2SSTjfm', '93_lag_ismPRjja', '87_lag_yrvPRjja', '93_lag_traWP', '87_lag_eurPSLjfm', '84_lag_87_median_eurPSLjfm', '90_lag_stratZ50ndj02', '84_lag_87_median_scpPSLjfm', '92_lag_traBS', '91_lag_neurTSjfm', '87_lag_ginwSSTjfm', '90_lag_shSICmar', '90_lag_ginwSSTjfm', '93_lag_mhfATL60', '88_lag_traBS', '89_lag_yrvPRjja', '90_lag_stratZ50ndj03', '91_lag_nppc3SSTjfm', '88_lag_mhfIP30', '92_lag_ismPRjja', '89_lag_AMOCann', '88_lag_traDP', '92_lag_mhfIP30', '91_lag_traWP', '90_lag_atlSICjfm', '89_lag_traMC', '91_lag_atlSICjfm']","[0.09772716211142911, 0.07561093530896795, 0.14927696915006392, 0.14052179078629315, 0.019933148140870417, 0.013651197191426516, 0.13224511031635636, 0.02591666402119481, 0.21337327071190101, 0.038119109689313015, 0.24742713801583835, 0.09545382504617021, 0.06945875625265496, 0.07060310632742818, 0.07951738040771723, 0.15822179785674662, 0.0655790748148492, 0.06787370789593891, 0.106647852393076, 0.07813911986764652, 0.1314100280519518, 0.06207528839876326, 0.08557356588671078, 0.06761340792457578, 0.2874984608252458, 0.10255337229105312, 0.12578387393414203, 0.08200515494966426, 0.058659841894341494, 0.14906345384964376]","90_lag_stratZ50ndj04, 84_lag_samPSLann, 89_lag_satlSSTjfm, 93_lag_nppc2SSTjfm, 93_lag_ismPRjja, 87_lag_yrvPRjja, 93_lag_traWP, 87_lag_eurPSLjfm, 84_lag_87_median_eurPSLjfm, 90_lag_stratZ50ndj02, 84_lag_87_median_scpPSLjfm, 92_lag_traBS, 91_lag_neurTSjfm, 87_lag_ginwSSTjfm, 90_lag_shSICmar, 90_lag_ginwSSTjfm, 93_lag_mhfATL60, 88_lag_traBS, 89_lag_yrvPRjja, 90_lag_stratZ50ndj03, 91_lag_nppc3SSTjfm, 88_lag_mhfIP30, 92_lag_ismPRjja, 89_lag_AMOCann, 88_lag_traDP, 92_lag_mhfIP30, 91_lag_traWP, 90_lag_atlSICjfm, 89_lag_traMC, 91_lag_atlSICjfm_1235_84"
LinearRegression,80,30,mhfATL60,slow,1794.5,2005.5,0.8,95,85,87,17.622327020228706,0.16537546976172182,1235,"['93_lag_gyreSSTjfm', '87_lag_traMC', '93_lag_ismPRjja', '90_lag_ginwSSTjfm', '87_lag_atlSICjfm', '90_lag_stratZ50ndj04', '87_lag_yrvPRjja', '92_lag_yrvPRjja', '89_lag_traEC', '91_lag_nppc3SSTjfm', '90_lag_stratZ50ndj02', '89_lag_ismPRjja', '94_lag_shSICmar', '93_lag_scpPSLjfm', '94_lag_wnorPRjfm', '88_lag_traDP', '90_lag_scpPSLjfm', '94_lag_traIFC', '90_lag_shSICmar', '89_lag_AMOCann', '87_lag_eurPSLjfm', '92_lag_traBS', '89_lag_yrvPRjja', '88_lag_mhfIP30', '91_lag_traWP', '90_lag_atlSICjfm', '92_lag_ismPRjja', '90_lag_stratZ50ndj03', '89_lag_traMC', '91_lag_atlSICjfm']","[0.27104807002229303, 0.06395919913633356, 0.059573844460455064, 0.13604846335688392, 0.01819087968830823, 0.055153973461246744, 0.06282184753615885, 0.11144921474550462, 0.08164804481638509, 0.24196431243756644, 0.03928655127199029, 0.12529300250505274, 0.2243311422896892, 0.06926957536931673, 0.16335073951368972, 0.187082472144067, 0.11437135618290227, 0.12256313984691171, 0.1306362470643479, 0.14007664894445612, 0.09717530307555794, 0.09548494091657371, 0.011079867431376303, 0.041937303442415585, 0.13052084934813307, 0.023150269639790437, 0.1002910713894014, 0.06178018298219452, 0.1206489728872206, 0.07601138055146282]","93_lag_gyreSSTjfm, 87_lag_traMC, 93_lag_ismPRjja, 90_lag_ginwSSTjfm, 87_lag_atlSICjfm, 90_lag_stratZ50ndj04, 87_lag_yrvPRjja, 92_lag_yrvPRjja, 89_lag_traEC, 91_lag_nppc3SSTjfm, 90_lag_stratZ50ndj02, 89_lag_ismPRjja, 94_lag_shSICmar, 93_lag_scpPSLjfm, 94_lag_wnorPRjfm, 88_lag_traDP, 90_lag_scpPSLjfm, 94_lag_traIFC, 90_lag_shSICmar, 89_lag_AMOCann, 87_lag_eurPSLjfm, 92_lag_traBS, 89_lag_yrvPRjja, 88_lag_mhfIP30, 91_lag_traWP, 90_lag_atlSICjfm, 92_lag_ismPRjja, 90_lag_stratZ50ndj03, 89_lag_traMC, 91_lag_atlSICjfm_1235_87"
LinearRegression,81,30,mhfATL60,slow,1795.5,2005.5,0.8,96,86,86,16.561132425039087,0.18621703231593723,1235,"['91_lag_neurTSjfm', '86_lag_traEC', '95_lag_traEC', '89_lag_arcTSjfm', '86_lag_traIFC', '89_lag_yrvPRjja', '92_lag_mhfIP30', '94_lag_traFS', '86_lag_mhfATL30', '92_lag_traBS', '92_lag_yrvPRjja', '89_lag_traEC', '95_lag_traMC', '86_lag_eurPSLjfm', '94_lag_wnorPRjfm', '88_lag_traBS', '92_lag_ismPRjja', '95_lag_traFB', '94_lag_shSICmar', '90_lag_atlSICjfm', '90_lag_shSICmar', '88_lag_traDP', '95_lag_shSICmar', '88_lag_mhfIP30', '94_lag_traIFC', '91_lag_traWP', '90_lag_stratZ50ndj03', '91_lag_atlSICjfm', '95_lag_mhfATL60', '89_lag_traMC']","[0.0877720690502479, 0.0663683750230109, 0.17410408442027034, 0.12087826592665113, 0.08755424373520478, 0.15053385740749542, 0.07101657434802176, 0.11184590661571302, 0.043448876283060545, 0.07828894261405975, 0.07587860514350983, 0.14315671231080665, 0.21085829036509834, 0.09724106725531821, 0.08345619291279617, 0.08599750298083704, 0.10100100257304892, 0.16166663242290244, 0.14884002407227023, 0.07006097786136453, 0.1485854650131325, 0.22235705340016654, 0.18021296027448935, 0.10397054056359047, 0.12067786057170786, 0.10516696087451342, 0.14919272127525296, 0.06403451198180547, 0.0929431693751399, 0.11508556202254014]","91_lag_neurTSjfm, 86_lag_traEC, 95_lag_traEC, 89_lag_arcTSjfm, 86_lag_traIFC, 89_lag_yrvPRjja, 92_lag_mhfIP30, 94_lag_traFS, 86_lag_mhfATL30, 92_lag_traBS, 92_lag_yrvPRjja, 89_lag_traEC, 95_lag_traMC, 86_lag_eurPSLjfm, 94_lag_wnorPRjfm, 88_lag_traBS, 92_lag_ismPRjja, 95_lag_traFB, 94_lag_shSICmar, 90_lag_atlSICjfm, 90_lag_shSICmar, 88_lag_traDP, 95_lag_shSICmar, 88_lag_mhfIP30, 94_lag_traIFC, 91_lag_traWP, 90_lag_stratZ50ndj03, 91_lag_atlSICjfm, 95_lag_mhfATL60, 89_lag_traMC_1235_86"
LinearRegression,82,30,mhfATL60,slow,1796.5,2005.5,0.8,97,87,87,14.64161484646173,0.2614974856399787,1235,"['87_lag_88_median_traBS', '88_lag_traBS', '89_lag_AMOCann', '92_lag_traBS', '87_lag_nhSICjfm', '87_lag_88_median_traDP', '88_lag_traDP', '91_lag_atlSICsep', '87_lag_stratZ50ndj03', '94_lag_traBS', '90_lag_stratZ50ndj04', '87_lag_92_median_alpi', '95_lag_traFB', '90_lag_shSICmar', '94_lag_wnorPRjfm', '87_lag_eurPSLjfm', '92_lag_ismPRjja', '95_lag_traMC', '87_lag_ginwSSTjfm', '91_lag_neurTSjfm', '87_lag_atlSICjfm', '90_lag_atlSICjfm', '90_lag_stratZ50ndj03', '94_lag_traIFC', '96_lag_traIFC', '91_lag_traWP', '95_lag_mhfATL60', '95_lag_shSICmar', '91_lag_atlSICjfm', '89_lag_traMC']","[2425300011.1492853, 2425300011.25644, 0.0026474823121494287, 0.043506536213526494, 0.1548835177566711, 5286977369260.705, 5286977369260.906, 0.08543669225718002, 0.02764200051027044, 0.011230735089841322, 0.047914628592168905, 0.10951796556761, 0.13438168368667103, 0.1489780168357161, 0.08288178475948312, 0.05326759453068799, 0.08216876419944338, 0.16380959749221802, 0.0005235727876424789, 0.05184832215309143, 0.021428287029266357, 0.09911303967237473, 0.11436855792999268, 0.09718888998031616, 0.05183607339859009, 0.15709681436419487, 0.12188541889190674, 0.21607056260108948, 0.15077069401741028, 0.08690658211708069]","87_lag_88_median_traBS, 88_lag_traBS, 89_lag_AMOCann, 92_lag_traBS, 87_lag_nhSICjfm, 87_lag_88_median_traDP, 88_lag_traDP, 91_lag_atlSICsep, 87_lag_stratZ50ndj03, 94_lag_traBS, 90_lag_stratZ50ndj04, 87_lag_92_median_alpi, 95_lag_traFB, 90_lag_shSICmar, 94_lag_wnorPRjfm, 87_lag_eurPSLjfm, 92_lag_ismPRjja, 95_lag_traMC, 87_lag_ginwSSTjfm, 91_lag_neurTSjfm, 87_lag_atlSICjfm, 90_lag_atlSICjfm, 90_lag_stratZ50ndj03, 94_lag_traIFC, 96_lag_traIFC, 91_lag_traWP, 95_lag_mhfATL60, 95_lag_shSICmar, 91_lag_atlSICjfm, 89_lag_traMC_1235_87"
LinearRegression,83,30,mhfATL60,slow,1797.5,2005.5,0.8,98,88,88,16.853974870944597,0.14606545545866453,1235,"['94_lag_traFSC', '94_lag_wnorPRjfm', '90_lag_stratZ50ndj03', '88_lag_naoPSLjfm', '92_lag_traMC', '93_lag_stratZ50ndj01', '89_lag_traMC', '88_lag_89_median_traMC', '97_lag_traFSC', '94_lag_traBS', '92_lag_ismPRjja', '88_lag_samPSLann', '90_lag_atlSICjfm', '95_lag_traMC', '95_lag_traFB', '96_lag_wnorPRjfm', '91_lag_neurTSjfm', '91_lag_atlSICsep', '88_lag_shSICsep', '92_lag_mhfIP30', '97_lag_traDS', '88_lag_mhfIP30', '88_lag_traBS', '88_lag_traDS', '90_lag_shSICmar', '94_lag_traIFC', '91_lag_atlSICjfm', '88_lag_traDP', '96_lag_traIFC', '91_lag_traWP']","[0.19931188793916457, 0.20223559369524852, 0.127900649084789, 0.06987396476033562, 0.0061122101290295204, 0.1515301906358788, 0.0543926699260968, 0.054392669926101506, 0.05278615264141713, 0.035369605032806145, 0.03878292456338043, 0.266032592278654, 0.007056434516910941, 0.21292371869045423, 0.08181193702322226, 0.033777039001707455, 0.15502337963711624, 0.1462796172463704, 0.013212258753431759, 0.050749353715502404, 0.22700314376165218, 0.24196569512394353, 0.12301913924535073, 0.20558489244762693, 0.12640105447656336, 0.06553969890326426, 0.14015562480887128, 0.11626752953234665, 0.04723851958033144, 0.17874928040422072]","94_lag_traFSC, 94_lag_wnorPRjfm, 90_lag_stratZ50ndj03, 88_lag_naoPSLjfm, 92_lag_traMC, 93_lag_stratZ50ndj01, 89_lag_traMC, 88_lag_89_median_traMC, 97_lag_traFSC, 94_lag_traBS, 92_lag_ismPRjja, 88_lag_samPSLann, 90_lag_atlSICjfm, 95_lag_traMC, 95_lag_traFB, 96_lag_wnorPRjfm, 91_lag_neurTSjfm, 91_lag_atlSICsep, 88_lag_shSICsep, 92_lag_mhfIP30, 97_lag_traDS, 88_lag_mhfIP30, 88_lag_traBS, 88_lag_traDS, 90_lag_shSICmar, 94_lag_traIFC, 91_lag_atlSICjfm, 88_lag_traDP, 96_lag_traIFC, 91_lag_traWP_1235_88"
LinearRegression,84,30,mhfATL60,slow,1798.5,2005.5,0.8,99,89,89,14.093228807980449,0.2741538077096041,1235,"['89_lag_90_median_shSICmar', '90_lag_shSICmar', '95_lag_mhfATL60', '98_lag_traEU', '89_lag_90_median_atlSICjfm', '90_lag_atlSICjfm', '91_lag_mhfIP30', '89_lag_traDS', '89_lag_traMC', '97_lag_scpPSLjfm', '97_lag_samPSLann', '97_lag_traFSC', '98_lag_mhfATL45', '92_lag_ismPRjja', '97_lag_traMC', '96_lag_traIFC', '94_lag_traFSC', '98_lag_gyreSSTjfm', '95_lag_traFB', '97_lag_traDS', '94_lag_traIFC', '89_lag_arcTSjfm', '91_lag_neurTSjfm', '91_lag_atlSICsep', '91_lag_atlSICjfm', '96_lag_wnorPRjfm', '89_lag_traEC', '91_lag_traWP', '98_lag_traEC', '92_lag_mhfIP30']","[0.05973075063978957, 0.05973075063978961, 0.14709854261853356, 0.023370566548508723, 0.012856413508585048, 0.012856413508584795, 0.07103987368273094, 0.13865369355989385, 0.08332508442085088, 0.12769101791738863, 0.1051847999919411, 0.062287864988842215, 0.1163948636997359, 0.09788891725594212, 0.05663688117899264, 0.04039681151000355, 0.11700680616770139, 0.13753528696000386, 0.11765939079864612, 0.1767379481167222, 0.14550692166657395, 0.1305431978958222, 0.14728018449268326, 0.136269080067394, 0.2196138859261301, 0.061701973531508726, 0.09814554051736057, 0.10439407772504265, 0.05691738251651522, 0.05349916924340395]","89_lag_90_median_shSICmar, 90_lag_shSICmar, 95_lag_mhfATL60, 98_lag_traEU, 89_lag_90_median_atlSICjfm, 90_lag_atlSICjfm, 91_lag_mhfIP30, 89_lag_traDS, 89_lag_traMC, 97_lag_scpPSLjfm, 97_lag_samPSLann, 97_lag_traFSC, 98_lag_mhfATL45, 92_lag_ismPRjja, 97_lag_traMC, 96_lag_traIFC, 94_lag_traFSC, 98_lag_gyreSSTjfm, 95_lag_traFB, 97_lag_traDS, 94_lag_traIFC, 89_lag_arcTSjfm, 91_lag_neurTSjfm, 91_lag_atlSICsep, 91_lag_atlSICjfm, 96_lag_wnorPRjfm, 89_lag_traEC, 91_lag_traWP, 98_lag_traEC, 92_lag_mhfIP30_1235_89"
LinearRegression,85,30,mhfATL60,slow,1799.5,2005.5,0.8,100,90,90,15.3402608190086,0.15984674352772665,1235,"['95_lag_traFB', '96_lag_traIFC', '94_lag_wnorPRjfm', '98_lag_gyreSSTjfm', '92_lag_stratZ50ndj01', '97_lag_samPSLann', '96_lag_mhfATL45', '90_lag_traFS', '90_lag_shSICmar', '97_lag_traDS', '98_lag_stratZ50ndj01', '98_lag_ismPRjja', '94_lag_traMC', '90_lag_atlSICjfm', '99_lag_ismPRjja', '95_lag_traIFC', '96_lag_wnorPRjfm', '97_lag_scpPSLjfm', '92_lag_ismPRjja', '90_lag_stratZ50ndj03', '94_lag_traFSC', '99_lag_shSICsep', '90_lag_91_median_traWP', '91_lag_traWP', '95_lag_mhfATL60', '92_lag_mhfIP30', '97_lag_traMC', '94_lag_traIFC', '90_lag_scpPSLjfm', '98_lag_traEC']","[0.12168646235540322, 0.02835016975469233, 0.1710648627596246, 0.07955186153538976, 0.09064245730539519, 0.1193350220056494, 0.05082807466503729, 0.16477564117886714, 0.06850598574086131, 0.18197209707777542, 0.03029672719672086, 0.10699819490296629, 0.2125611828298472, 0.05215966418787672, 0.08864687224741823, 0.10637240994305086, 0.08449491090843925, 0.10709326181564219, 0.06560664547293266, 0.09160354349949146, 0.1937042037420042, 0.031856163160344945, 3929687989789.7505, 3929687989789.6055, 0.1922450960307146, 0.036148083507021804, 0.06886691149058063, 0.049058422499534564, 0.08750002634466546, 0.12552752764348324]","95_lag_traFB, 96_lag_traIFC, 94_lag_wnorPRjfm, 98_lag_gyreSSTjfm, 92_lag_stratZ50ndj01, 97_lag_samPSLann, 96_lag_mhfATL45, 90_lag_traFS, 90_lag_shSICmar, 97_lag_traDS, 98_lag_stratZ50ndj01, 98_lag_ismPRjja, 94_lag_traMC, 90_lag_atlSICjfm, 99_lag_ismPRjja, 95_lag_traIFC, 96_lag_wnorPRjfm, 97_lag_scpPSLjfm, 92_lag_ismPRjja, 90_lag_stratZ50ndj03, 94_lag_traFSC, 99_lag_shSICsep, 90_lag_91_median_traWP, 91_lag_traWP, 95_lag_mhfATL60, 92_lag_mhfIP30, 97_lag_traMC, 94_lag_traIFC, 90_lag_scpPSLjfm, 98_lag_traEC_1235_90"
