model,num_irrelevant,max_allowed_features,target_feature,dataset,year_start,year_end,splitsize,max_lag,init_lag,max_forecast,mae_score,corr_score,n_total_features,selected_feature_list,feature_importances,selected_features
LRforcedPSO,0,30,stratZ50ndj04,picntrl,1514.5,2050.5,0.6,15,1,1,23.83817252052166,-0.009736801288344966,1728,"['1_lag_7_median_tripol1', '7_lag_eurPSLjfm', '5_lag_shSICsep', '5_lag_tripol2', '7_lag_traTLS', '1_lag_6_median_nhTSjfm', '1_lag_8_median_traFB', '1_lag_10_median_cetTSjfm', '1_lag_12_median_AMOCann', '7_lag_amo2', '1_lag_12_median_traIFC', '14_lag_traFSC', '1_lag_alpi', '10_lag_ormenSSTjfm', '14_lag_eurPSLjfm', '12_lag_nppc2SSTjfm', '1_lag_11_median_mhfATL60', '1_lag_13_median_mhfATL45', '5_lag_traBO', '14_lag_traWP', '2_lag_labSSTjfm', '1_lag_3_median_amo2', '1_lag_12_median_traFSC', '14_lag_traCA', '3_lag_tripol3', '1_lag_2_median_cetTSjfm', '13_lag_shTSjfm', '10_lag_scpPSLjfm', '1_lag_10_median_scpPSLjfm', '13_lag_amo2']","[7.685119922737882, 9.579665049621525, 4.104578406524826, 1.4291423502741694, 2.8327756023514805, 2.5375633533650426, 5.804501066846141, 3.234397185136313, 5.974231201454893, 2.9013419968750203, 9.358091642167285, 2.7997786389987622, 9.423415935101678, 2.5467340206738083, 7.372244699954145, 8.14653513529813, 1.4467257842785344, 1.0611770027173844, 1.4944065142513363, 0.19577159932222976, 0.5939241904138619, 1.7289217814167905, 0.48750881962343584, 4.179812270183504, 0.05134079150857396, 8.799181761935639, 3.2573329687720793, 1.7293701598373268, 8.200016498022627, 2.0455439030770055]","1_lag_7_median_tripol1, 7_lag_eurPSLjfm, 5_lag_shSICsep, 5_lag_tripol2, 7_lag_traTLS, 1_lag_6_median_nhTSjfm, 1_lag_8_median_traFB, 1_lag_10_median_cetTSjfm, 1_lag_12_median_AMOCann, 7_lag_amo2, 1_lag_12_median_traIFC, 14_lag_traFSC, 1_lag_alpi, 10_lag_ormenSSTjfm, 14_lag_eurPSLjfm, 12_lag_nppc2SSTjfm, 1_lag_11_median_mhfATL60, 1_lag_13_median_mhfATL45, 5_lag_traBO, 14_lag_traWP, 2_lag_labSSTjfm, 1_lag_3_median_amo2, 1_lag_12_median_traFSC, 14_lag_traCA, 3_lag_tripol3, 1_lag_2_median_cetTSjfm, 13_lag_shTSjfm, 10_lag_scpPSLjfm, 1_lag_10_median_scpPSLjfm, 13_lag_amo2_1728_1"
LRforcedPSO,1,30,stratZ50ndj04,picntrl,1515.5,2050.5,0.6,16,1,1,22.686175567879662,0.03487404040184604,1856,"['1_lag_13_median_shSICmar', '1_lag_12_median_glomaSSTjfm', '9_lag_traEC', '1_lag_9_median_amo2', '1_lag_3_median_traIFC', '3_lag_seurTSjfm', '1_lag_8_median_traTLS', '14_lag_arcTSjfm', '10_lag_ormenSSTjfm', '7_lag_traTLS', '1_lag_12_median_naoPSLjfm', '15_lag_cetTSjfm', '10_lag_traIFC', '9_lag_mhfATL60', '1_lag_5_median_traFSC', '1_lag_15_median_seurTSjfm', '6_lag_mhfATL45', '1_lag_10_median_tripol1', '15_lag_amo2', '1_lag_2_median_traEU', '1_lag_6_median_glomaSSTjfm', '8_lag_alpi', '1_lag_4_median_amo1', '13_lag_scpPSLjfm', '1_lag_2_median_nppc2SSTjfm', '1_lag_8_median_stratZ50ndj04', '14_lag_traFS', '13_lag_tripol1', '1_lag_12_median_labSSTjfm', '1_lag_10_median_stratZ50ndj01']","[0.22083440650684238, 8.751839744826583, 1.630703970549563, 6.598957469790896, 9.966876730804861, 2.082547525016899, 0.8642114244909642, 3.9057134682870114, 7.136659366988192, 5.648163704290424, 4.876388937287475, 2.2887287829660146, 5.041782921823332, 3.5913449667505724, 1.166401252016854, 3.387428208710059, 4.294489654364629, 7.5825585314255015, 1.4108447589221704, 1.8660098701678134, 2.149602852044456, 2.948228126514378, 7.425093211515623, 4.7938880769142145, 1.9250540077543157, 2.450235273940768, 8.005115272591139, 4.416115441626321, 7.752878114021069, 1.7894171661683984]","1_lag_13_median_shSICmar, 1_lag_12_median_glomaSSTjfm, 9_lag_traEC, 1_lag_9_median_amo2, 1_lag_3_median_traIFC, 3_lag_seurTSjfm, 1_lag_8_median_traTLS, 14_lag_arcTSjfm, 10_lag_ormenSSTjfm, 7_lag_traTLS, 1_lag_12_median_naoPSLjfm, 15_lag_cetTSjfm, 10_lag_traIFC, 9_lag_mhfATL60, 1_lag_5_median_traFSC, 1_lag_15_median_seurTSjfm, 6_lag_mhfATL45, 1_lag_10_median_tripol1, 15_lag_amo2, 1_lag_2_median_traEU, 1_lag_6_median_glomaSSTjfm, 8_lag_alpi, 1_lag_4_median_amo1, 13_lag_scpPSLjfm, 1_lag_2_median_nppc2SSTjfm, 1_lag_8_median_stratZ50ndj04, 14_lag_traFS, 13_lag_tripol1, 1_lag_12_median_labSSTjfm, 1_lag_10_median_stratZ50ndj01_1856_1"
LRforcedPSO,2,30,stratZ50ndj04,picntrl,1516.5,2050.5,0.6,17,1,1,19.956820442471567,0.06047922601560722,1984,"['14_lag_traDS', '1_lag_traIT', '10_lag_traIT', '16_lag_traEC', '1_lag_13_median_stratZ50ndj02', '1_lag_12_median_traFS', '1_lag_9_median_gyreSSTjfm', '8_lag_traWP', '1_lag_3_median_nppc3SSTjfm', '1_lag_13_median_traFSC', '1_lag_3_median_ensoSSTjfm', '15_lag_stratZ50ndj04', '1_lag_12_median_traFB', '13_lag_nhTSjfm', '1_lag_nppc2SSTjfm', '1_lag_15_median_samPSLann', '12_lag_glTSjfm', '16_lag_labSSTjfm', '13_lag_ginwSSTjfm', '10_lag_glomaSSTjfm', '2_lag_stratZ50ndj01', '1_lag_7_median_alpi', '7_lag_scpPSLjfm', '1_lag_15_median_labSSTjfm', '1_lag_3_median_traFS', '10_lag_atlSICsep', '1_lag_13_median_cetTSjfm', '1_lag_3_median_alpi', '1_lag_10_median_mhfATL60', '1_lag_10_median_amo2']","[8.030975913131922, 6.502609105707116, 1.192642577250325, 1.8634600741338492, 3.6639042104603874, 3.5905539920767247, 5.695807462498868, 1.6630178994192395, 3.204073502177187, 4.191432099282755, 5.127107275497435, 2.2394765953199762, 3.265563127662068, 9.990614423911012, 1.1550298723328005, 2.5157873871592535, 2.9400702459584593, 2.0403213502556783, 0.39118985907349213, 0.8039071261358437, 4.284403538232475, 0.8651509780408801, 3.911678524627341, 1.3831732313262428, 1.6019055825345916, 0.4031748358752214, 0.10770292326449393, 8.630207404481439, 1.9562685212495907, 0.7469275176622521]","14_lag_traDS, 1_lag_traIT, 10_lag_traIT, 16_lag_traEC, 1_lag_13_median_stratZ50ndj02, 1_lag_12_median_traFS, 1_lag_9_median_gyreSSTjfm, 8_lag_traWP, 1_lag_3_median_nppc3SSTjfm, 1_lag_13_median_traFSC, 1_lag_3_median_ensoSSTjfm, 15_lag_stratZ50ndj04, 1_lag_12_median_traFB, 13_lag_nhTSjfm, 1_lag_nppc2SSTjfm, 1_lag_15_median_samPSLann, 12_lag_glTSjfm, 16_lag_labSSTjfm, 13_lag_ginwSSTjfm, 10_lag_glomaSSTjfm, 2_lag_stratZ50ndj01, 1_lag_7_median_alpi, 7_lag_scpPSLjfm, 1_lag_15_median_labSSTjfm, 1_lag_3_median_traFS, 10_lag_atlSICsep, 1_lag_13_median_cetTSjfm, 1_lag_3_median_alpi, 1_lag_10_median_mhfATL60, 1_lag_10_median_amo2_1984_1"
LRforcedPSO,3,30,stratZ50ndj04,picntrl,1517.5,2050.5,0.6,18,1,1,27.26569101246488,-0.04930881674890828,2112,"['1_lag_3_median_traEU', '1_lag_11_median_amo3', '15_lag_labSSTjfm', '7_lag_stratZ50ndj03', '4_lag_atlSICsep', '4_lag_ensoSSTjfm', '16_lag_atlSICsep', '1_lag_AMOCann', '17_lag_amo2', '7_lag_ginwSSTjfm', '8_lag_amo3', '1_lag_14_median_alpi', '1_lag_16_median_glomaSSTjfm', '2_lag_traWP', '12_lag_traIT', '11_lag_traIFC', '4_lag_yrvPRjja', '17_lag_traIT', '1_lag_6_median_naoPSLjfm', '1_lag_8_median_amo3', '1_lag_6_median_amoSSTmjjaso', '11_lag_traTLS', '1_lag_11_median_traTLS', '1_lag_10_median_traMC', '1_lag_13_median_eapPSLjfm', '4_lag_eurPSLjfm', '1_lag_5_median_nppc2SSTjfm', '1_lag_15_median_nppc3SSTjfm', '1_lag_12_median_nchinaPRjja', '1_lag_11_median_traIT']","[2.7589162141472894, 4.744445702478577, 0.7543415225645962, 0.9993347940693535, 5.856238048261337, 5.356439822799713, 6.410553400277892, 2.0339112026358315, 0.8881042870020632, 5.781685166425156, 3.5661671534929607, 3.940519165977774, 5.06860911621855, 7.694259080151104, 5.041733961053268, 0.48120398642241824, 5.7051915762988585, 1.2969513805453463, 7.917943306017241, 3.306739912295267, 3.047915063018918, 4.837758460194287, 6.792689484706537, 6.986587051888321, 5.393496396833692, 6.517309993528123, 2.09635277292856, 7.601811365629555, 0.3116470656741761, 0.9473417374065622]","1_lag_3_median_traEU, 1_lag_11_median_amo3, 15_lag_labSSTjfm, 7_lag_stratZ50ndj03, 4_lag_atlSICsep, 4_lag_ensoSSTjfm, 16_lag_atlSICsep, 1_lag_AMOCann, 17_lag_amo2, 7_lag_ginwSSTjfm, 8_lag_amo3, 1_lag_14_median_alpi, 1_lag_16_median_glomaSSTjfm, 2_lag_traWP, 12_lag_traIT, 11_lag_traIFC, 4_lag_yrvPRjja, 17_lag_traIT, 1_lag_6_median_naoPSLjfm, 1_lag_8_median_amo3, 1_lag_6_median_amoSSTmjjaso, 11_lag_traTLS, 1_lag_11_median_traTLS, 1_lag_10_median_traMC, 1_lag_13_median_eapPSLjfm, 4_lag_eurPSLjfm, 1_lag_5_median_nppc2SSTjfm, 1_lag_15_median_nppc3SSTjfm, 1_lag_12_median_nchinaPRjja, 1_lag_11_median_traIT_2112_1"
LRforcedPSO,4,30,stratZ50ndj04,picntrl,1518.5,2050.5,0.6,19,1,1,29.15209518012239,-0.11077155751682602,2240,"['1_lag_17_median_traWP', '1_lag_9_median_nppc3SSTjfm', '1_lag_12_median_stratZ50ndj02', '1_lag_7_median_eapPSLjfm', '15_lag_traEC', '1_lag_9_median_amo1', '1_lag_3_median_amo2', '1_lag_7_median_ginwSSTjfm', '6_lag_mhfATL60', '1_lag_amo1', '1_lag_11_median_stratZ50ndj03', '10_lag_amoSSTmjjaso', '1_lag_14_median_nhTSjfm', '14_lag_traFS', '1_lag_10_median_seurTSjfm', '1_lag_traDP', '1_lag_mhfATL60', '1_lag_12_median_yrvPRjja', '13_lag_eapPSLjfm', '14_lag_traIFC', '1_lag_17_median_amo2', '1_lag_16_median_tripol2', '5_lag_traDP', '1_lag_5_median_mhfATL45', '11_lag_tripol2', '1_lag_5_median_ginwSSTjfm', '1_lag_16_median_stratZ50ndj03', '4_lag_glomaSSTjfm', '1_lag_6_median_nhSICjfm', '1_lag_2_median_glTSjfm']","[3.639669815286066, 2.6079116807493623, 2.041018031167434, 7.06382782019523, 0.49242110183897125, 2.6837678237384033, 1.5809336226950048, 1.3006546197276752, 1.891331011342828, 1.280348245891851, 7.013917857051513, 2.0621933518614117, 1.5446733061728875, 0.8690060981788754, 9.462859941900735, 9.715502033235033, 2.5673285352136226, 1.9547281203974993, 5.683250866467624, 5.071331557549733, 0.5748169294155403, 7.394588819861077, 3.271661900926979, 9.572995168547397, 6.079268260869828, 0.052576800731088724, 3.2069099239653625, 1.7385024666162963, 8.56969768596417, 0.31706948469752483]","1_lag_17_median_traWP, 1_lag_9_median_nppc3SSTjfm, 1_lag_12_median_stratZ50ndj02, 1_lag_7_median_eapPSLjfm, 15_lag_traEC, 1_lag_9_median_amo1, 1_lag_3_median_amo2, 1_lag_7_median_ginwSSTjfm, 6_lag_mhfATL60, 1_lag_amo1, 1_lag_11_median_stratZ50ndj03, 10_lag_amoSSTmjjaso, 1_lag_14_median_nhTSjfm, 14_lag_traFS, 1_lag_10_median_seurTSjfm, 1_lag_traDP, 1_lag_mhfATL60, 1_lag_12_median_yrvPRjja, 13_lag_eapPSLjfm, 14_lag_traIFC, 1_lag_17_median_amo2, 1_lag_16_median_tripol2, 5_lag_traDP, 1_lag_5_median_mhfATL45, 11_lag_tripol2, 1_lag_5_median_ginwSSTjfm, 1_lag_16_median_stratZ50ndj03, 4_lag_glomaSSTjfm, 1_lag_6_median_nhSICjfm, 1_lag_2_median_glTSjfm_2240_1"
LRforcedPSO,5,30,stratZ50ndj04,picntrl,1519.5,2050.5,0.6,20,1,1,20.36689711534762,0.019423342881526324,2368,"['1_lag_18_median_yrvPRjja', '1_lag_6_median_arcTSjfm', '2_lag_nchinaPRjja', '5_lag_ensoSSTjfm', '1_lag_18_median_traBO', '1_lag_17_median_shTSjfm', '8_lag_mhfIP30', '1_lag_15_median_stratZ50ndj02', '1_lag_7_median_stratZ50ndj02', '15_lag_shSICmar', '4_lag_neurTSjfm', '2_lag_nppc2SSTjfm', '11_lag_seurTSjfm', '16_lag_traCA', '1_lag_8_median_samPSLann', '1_lag_5_median_stratZ50ndj01', '8_lag_mhfATL45', '5_lag_glTSjfm', '1_lag_19_median_traWP', '6_lag_pdoSSTjfm', '4_lag_traBO', '1_lag_16_median_naoPSLjfm', '1_lag_8_median_traWP', '1_lag_19_median_tripol2', '1_lag_17_median_arcTSjfm', '19_lag_nppc2SSTjfm', '1_lag_12_median_traFS', '1_lag_16_median_satlSSTjfm', '1_lag_9_median_traFS', '6_lag_cetTSjfm']","[3.527195392373188, 6.53314376989242, 3.2286079297813375, 9.38620496656052, 4.365739409833653, 4.5575257884086575, 8.180458759270309, 1.8434525533865944, 5.135535634617366, 7.432634108596741, 5.695180296986852, 6.561526661879423, 4.141830400521396, 1.8932829836100868, 0.584281420847514, 2.0205475174304643, 1.6607926756455864, 3.392093390341909, 5.416735077801311, 0.8685507596985751, 0.7362270641995199, 2.991249669417826, 0.24633637831320065, 4.312523490858391, 2.1174346949688605, 6.313854881954457, 0.4594449260263218, 2.119382290871423, 5.149873732501675, 3.3293481084591754]","1_lag_18_median_yrvPRjja, 1_lag_6_median_arcTSjfm, 2_lag_nchinaPRjja, 5_lag_ensoSSTjfm, 1_lag_18_median_traBO, 1_lag_17_median_shTSjfm, 8_lag_mhfIP30, 1_lag_15_median_stratZ50ndj02, 1_lag_7_median_stratZ50ndj02, 15_lag_shSICmar, 4_lag_neurTSjfm, 2_lag_nppc2SSTjfm, 11_lag_seurTSjfm, 16_lag_traCA, 1_lag_8_median_samPSLann, 1_lag_5_median_stratZ50ndj01, 8_lag_mhfATL45, 5_lag_glTSjfm, 1_lag_19_median_traWP, 6_lag_pdoSSTjfm, 4_lag_traBO, 1_lag_16_median_naoPSLjfm, 1_lag_8_median_traWP, 1_lag_19_median_tripol2, 1_lag_17_median_arcTSjfm, 19_lag_nppc2SSTjfm, 1_lag_12_median_traFS, 1_lag_16_median_satlSSTjfm, 1_lag_9_median_traFS, 6_lag_cetTSjfm_2368_1"
LRforcedPSO,6,30,stratZ50ndj04,picntrl,1520.5,2050.5,0.6,21,1,1,23.91558600364209,-0.03816818146801303,2496,"['19_lag_traIFC', '1_lag_19_median_traCA', '1_lag_traEC', '12_lag_eapPSLjfm', '19_lag_shSICsep', '1_lag_12_median_ormenSSTjfm', '1_lag_2_median_traWP', '13_lag_shSICmar', '1_lag_5_median_alpi', '10_lag_traIT', '1_lag_8_median_tripol3', '9_lag_traTLS', '9_lag_traDS', '9_lag_mhfATL60', '16_lag_amo2', '10_lag_mhfIP30', '1_lag_7_median_mhfATL60', '1_lag_12_median_amo1', '18_lag_stratZ50ndj03', '1_lag_13_median_stratZ50ndj02', '16_lag_amo1', '1_lag_12_median_traWP', '1_lag_13_median_ismPRjja', '1_lag_6_median_traTLS', '9_lag_AMOCann', '1_lag_6_median_stratZ50ndj03', '6_lag_nchinaPRjja', '8_lag_mhfIP30', '15_lag_stratZ50ndj01', '1_lag_4_median_nppc2SSTjfm']","[3.6588395000718403, 2.8291195175840684, 4.311228379476585, 3.637264121932553, 3.116981163838787, 0.2715260268700703, 5.891271202105088, 9.121438021112816, 3.007290236348581, 5.067908062007335, 6.62254229641146, 0.16586331629105544, 7.343128859452321, 2.704859727936773, 3.4901933223156156, 6.283697960615042, 4.294733003934137, 2.0893065631674546, 7.728068520476253, 6.284657229043486, 1.2132539764688168, 0.6688867373483465, 6.751763126209038, 1.2574028003137592, 9.446908963307132, 0.2468085823736672, 3.5294678666465717, 0.35999994997659535, 3.6967234747554336, 1.9482449590167121]","19_lag_traIFC, 1_lag_19_median_traCA, 1_lag_traEC, 12_lag_eapPSLjfm, 19_lag_shSICsep, 1_lag_12_median_ormenSSTjfm, 1_lag_2_median_traWP, 13_lag_shSICmar, 1_lag_5_median_alpi, 10_lag_traIT, 1_lag_8_median_tripol3, 9_lag_traTLS, 9_lag_traDS, 9_lag_mhfATL60, 16_lag_amo2, 10_lag_mhfIP30, 1_lag_7_median_mhfATL60, 1_lag_12_median_amo1, 18_lag_stratZ50ndj03, 1_lag_13_median_stratZ50ndj02, 16_lag_amo1, 1_lag_12_median_traWP, 1_lag_13_median_ismPRjja, 1_lag_6_median_traTLS, 9_lag_AMOCann, 1_lag_6_median_stratZ50ndj03, 6_lag_nchinaPRjja, 8_lag_mhfIP30, 15_lag_stratZ50ndj01, 1_lag_4_median_nppc2SSTjfm_2496_1"
LRforcedPSO,7,30,stratZ50ndj04,picntrl,1521.5,2050.5,0.6,22,2,2,26.56262953561928,-0.052254429392695666,2496,"['2_lag_13_median_ensoSSTjfm', '2_lag_16_median_traFSC', '13_lag_tripol3', '4_lag_shTSjfm', '6_lag_mhfIP30', '11_lag_traFSC', '2_lag_20_median_seurTSjfm', '11_lag_nhSICsep', '3_lag_stratZ50ndj03', '8_lag_ginwSSTjfm', '2_lag_18_median_samPSLann', '2_lag_15_median_neurTSjfm', '9_lag_amo3', '13_lag_cetTSjfm', '2_lag_18_median_naoPSLjfm', '2_lag_17_median_traBS', '2_lag_nhSICjfm', '2_lag_21_median_traFB', '7_lag_seurTSjfm', '11_lag_traDS', '15_lag_traIT', '2_lag_4_median_traDP', '4_lag_shSICmar', '9_lag_traIFC', '2_lag_5_median_ismPRjja', '5_lag_ormenSSTjfm', '2_lag_11_median_traEU', '2_lag_8_median_cetTSjfm', '17_lag_mhfATL45', '2_lag_21_median_tripol2']","[9.352015099410359, 2.010651269550877, 3.0440991047244665, 3.9532911519396396, 4.966509202234979, 6.504158278603793, 7.178113659851462, 1.1024440506561444, 2.682531720579913, 1.2802204614245642, 4.64512409540538, 5.078562178998121, 4.593494112680094, 0.6899513254774288, 3.1830986294853965, 6.783491961077901, 5.231556603522702, 6.681812634667419, 2.6999044462452133, 2.424627636860839, 3.0596184508957958, 9.38395603112031, 6.228914609352284, 6.725211337089214, 2.6525110210870606, 2.0496802898428745, 1.1059043909319968, 2.5138064520531387, 8.960781271314026, 8.159544207082734]","2_lag_13_median_ensoSSTjfm, 2_lag_16_median_traFSC, 13_lag_tripol3, 4_lag_shTSjfm, 6_lag_mhfIP30, 11_lag_traFSC, 2_lag_20_median_seurTSjfm, 11_lag_nhSICsep, 3_lag_stratZ50ndj03, 8_lag_ginwSSTjfm, 2_lag_18_median_samPSLann, 2_lag_15_median_neurTSjfm, 9_lag_amo3, 13_lag_cetTSjfm, 2_lag_18_median_naoPSLjfm, 2_lag_17_median_traBS, 2_lag_nhSICjfm, 2_lag_21_median_traFB, 7_lag_seurTSjfm, 11_lag_traDS, 15_lag_traIT, 2_lag_4_median_traDP, 4_lag_shSICmar, 9_lag_traIFC, 2_lag_5_median_ismPRjja, 5_lag_ormenSSTjfm, 2_lag_11_median_traEU, 2_lag_8_median_cetTSjfm, 17_lag_mhfATL45, 2_lag_21_median_tripol2_2496_2"
LRforcedPSO,8,30,stratZ50ndj04,picntrl,1522.5,2050.5,0.6,23,3,3,22.945156797161864,0.018864612515331346,2496,"['9_lag_traEU', '3_lag_13_median_mhfATL45', '3_lag_14_median_AMOCann', '3_lag_4_median_amoSSTmjjaso', '5_lag_eurPSLjfm', '3_lag_16_median_scpPSLjfm', '3_lag_15_median_nhTSjfm', '3_lag_15_median_eapPSLjfm', '14_lag_stratZ50ndj01', '3_lag_13_median_yrvPRjja', '3_lag_17_median_amo1', '3_lag_10_median_traDS', '3_lag_13_median_stratZ50ndj02', '3_lag_22_median_shSICsep', '20_lag_tripol1', '3_lag_12_median_labSSTjfm', '8_lag_traMC', '19_lag_scpPSLjfm', '20_lag_traDS', '3_lag_12_median_nhTSjfm', '18_lag_atlSICjfm', '3_lag_17_median_samPSLann', '3_lag_4_median_arcTSjfm', '15_lag_mhfATL30', '3_lag_12_median_shTSjfm', '3_lag_21_median_naoPSLjfm', '17_lag_seurTSjfm', '3_lag_8_median_nppc3SSTjfm', '3_lag_11_median_traFS', '19_lag_neurTSjfm']","[1.8775593651588967, 9.189188559472456, 8.360219822991674, 3.264681231708508, 3.773565216241847, 0.9253271288193403, 5.768107369049131, 5.268139356497194, 0.47263810206422896, 4.1062335493896285, 5.405655648468191, 5.6413771012606055, 2.7183939940400625, 5.442742251078096, 1.5380259066125888, 4.226612127682149, 5.087822894354015, 8.903030363610586, 8.352819701590175, 2.890752240760605, 8.18856438399634, 1.3847082886837399, 6.329767785201071, 4.0501789023753005, 1.6004911177120569, 0.783194022008546, 1.6641217642930446, 8.27670751242972, 6.859225843303811, 1.2858965620982055]","9_lag_traEU, 3_lag_13_median_mhfATL45, 3_lag_14_median_AMOCann, 3_lag_4_median_amoSSTmjjaso, 5_lag_eurPSLjfm, 3_lag_16_median_scpPSLjfm, 3_lag_15_median_nhTSjfm, 3_lag_15_median_eapPSLjfm, 14_lag_stratZ50ndj01, 3_lag_13_median_yrvPRjja, 3_lag_17_median_amo1, 3_lag_10_median_traDS, 3_lag_13_median_stratZ50ndj02, 3_lag_22_median_shSICsep, 20_lag_tripol1, 3_lag_12_median_labSSTjfm, 8_lag_traMC, 19_lag_scpPSLjfm, 20_lag_traDS, 3_lag_12_median_nhTSjfm, 18_lag_atlSICjfm, 3_lag_17_median_samPSLann, 3_lag_4_median_arcTSjfm, 15_lag_mhfATL30, 3_lag_12_median_shTSjfm, 3_lag_21_median_naoPSLjfm, 17_lag_seurTSjfm, 3_lag_8_median_nppc3SSTjfm, 3_lag_11_median_traFS, 19_lag_neurTSjfm_2496_3"
LRforcedPSO,9,30,stratZ50ndj04,picntrl,1523.5,2050.5,0.6,24,4,4,23.290067981645905,-0.04467933915321877,2496,"['14_lag_atlSICjfm', '4_lag_5_median_stratZ50ndj02', '14_lag_stratZ50ndj01', '4_lag_11_median_satlSSTjfm', '4_lag_15_median_arcTSjfm', '4_lag_15_median_stratZ50ndj04', '21_lag_stratZ50ndj03', '11_lag_labSSTjfm', '6_lag_scpPSLjfm', '10_lag_atlSICjfm', '4_lag_20_median_shSICmar', '10_lag_traTLS', '4_lag_18_median_shTSjfm', '4_lag_18_median_nhTSjfm', '4_lag_7_median_traCA', '4_lag_13_median_yrvPRjja', '22_lag_yrvPRjja', '4_lag_10_median_tripol2', '4_lag_11_median_shSICsep', '12_lag_traIFC', '18_lag_traWP', '4_lag_5_median_nhSICjfm', '11_lag_traTLS', '13_lag_amo2', '4_lag_11_median_cetTSjfm', '14_lag_nppc3SSTjfm', '14_lag_nhSICjfm', '8_lag_mhfIP30', '14_lag_nhTSjfm', '4_lag_9_median_tripol3']","[9.30986350018846, 1.4616898982490838, 8.223655698042897, 4.8621474453629165, 1.186190874352862, 0.12820438825519886, 7.116942796726416, 7.588034606139731, 2.9296124606422502, 2.103048610197029, 5.666582291232503, 5.075073359529137, 3.5124254547741263, 1.2892104486250346, 4.731075945131087, 2.139434486481143, 3.121070258342522, 5.923968761631201, 0.8178957476903097, 6.312361900673487, 4.081469422166535, 0.2308527110763734, 0.6961279631736517, 7.0738436903967745, 2.2934121754918246, 2.510304021770235, 8.945433790112496, 2.0632051609282698, 4.433760387046865, 1.140769842172535]","14_lag_atlSICjfm, 4_lag_5_median_stratZ50ndj02, 14_lag_stratZ50ndj01, 4_lag_11_median_satlSSTjfm, 4_lag_15_median_arcTSjfm, 4_lag_15_median_stratZ50ndj04, 21_lag_stratZ50ndj03, 11_lag_labSSTjfm, 6_lag_scpPSLjfm, 10_lag_atlSICjfm, 4_lag_20_median_shSICmar, 10_lag_traTLS, 4_lag_18_median_shTSjfm, 4_lag_18_median_nhTSjfm, 4_lag_7_median_traCA, 4_lag_13_median_yrvPRjja, 22_lag_yrvPRjja, 4_lag_10_median_tripol2, 4_lag_11_median_shSICsep, 12_lag_traIFC, 18_lag_traWP, 4_lag_5_median_nhSICjfm, 11_lag_traTLS, 13_lag_amo2, 4_lag_11_median_cetTSjfm, 14_lag_nppc3SSTjfm, 14_lag_nhSICjfm, 8_lag_mhfIP30, 14_lag_nhTSjfm, 4_lag_9_median_tripol3_2496_4"
LRforcedPSO,10,30,stratZ50ndj04,picntrl,1524.5,2050.5,0.6,25,5,5,26.64742408225097,-0.12981384049456662,2496,"['15_lag_nhTSjfm', '5_lag_10_median_AMOCann', '22_lag_tripol2', '5_lag_18_median_AMOCann', '5_lag_18_median_stratZ50ndj03', '5_lag_20_median_stratZ50ndj04', '21_lag_atlSICsep', '5_lag_21_median_yrvPRjja', '5_lag_10_median_glomaSSTjfm', '18_lag_naoPSLjfm', '24_lag_AMOCann', '5_lag_16_median_eurPSLjfm', '5_lag_seurTSjfm', '5_lag_23_median_stratZ50ndj02', '5_lag_19_median_tripol3', '5_lag_7_median_ensoSSTjfm', '9_lag_eapPSLjfm', '5_lag_19_median_traIT', '9_lag_traDP', '10_lag_traEU', '9_lag_ismPRjja', '19_lag_ensoSSTjfm', '19_lag_scpPSLjfm', '5_lag_12_median_traIFC', '5_lag_19_median_traFB', '5_lag_19_median_mhfATL60', '5_lag_18_median_ginwSSTjfm', '11_lag_mhfATL45', '5_lag_17_median_mhfIP30', '5_lag_18_median_traBS']","[0.1969585205427915, 5.67426212230956, 2.052384781669618, 5.843579623114918, 2.7958657761534766, 1.008229570860788, 4.545532985563021, 9.457676112713411, 5.940470718946578, 7.251488360614127, 5.569278761727585, 1.4927892522203194, 0.1692382782836983, 2.3044120509838084, 2.17498838285956, 9.85431356854769, 4.44740691888023, 3.7358491902225275, 8.530878990443021, 2.526881248736668, 0.6480328855519453, 7.6050352117223206, 3.6065820446667196, 6.385359744749309, 1.7762222996728774, 9.614044445745872, 8.501622296929114, 3.0603262922921655, 6.8617299551059645, 2.409495681823623]","15_lag_nhTSjfm, 5_lag_10_median_AMOCann, 22_lag_tripol2, 5_lag_18_median_AMOCann, 5_lag_18_median_stratZ50ndj03, 5_lag_20_median_stratZ50ndj04, 21_lag_atlSICsep, 5_lag_21_median_yrvPRjja, 5_lag_10_median_glomaSSTjfm, 18_lag_naoPSLjfm, 24_lag_AMOCann, 5_lag_16_median_eurPSLjfm, 5_lag_seurTSjfm, 5_lag_23_median_stratZ50ndj02, 5_lag_19_median_tripol3, 5_lag_7_median_ensoSSTjfm, 9_lag_eapPSLjfm, 5_lag_19_median_traIT, 9_lag_traDP, 10_lag_traEU, 9_lag_ismPRjja, 19_lag_ensoSSTjfm, 19_lag_scpPSLjfm, 5_lag_12_median_traIFC, 5_lag_19_median_traFB, 5_lag_19_median_mhfATL60, 5_lag_18_median_ginwSSTjfm, 11_lag_mhfATL45, 5_lag_17_median_mhfIP30, 5_lag_18_median_traBS_2496_5"
LRforcedPSO,11,30,stratZ50ndj04,picntrl,1525.5,2050.5,0.6,26,6,6,27.611960394560683,-0.09284822859007702,2496,"['24_lag_atlSICsep', '19_lag_nhSICjfm', '6_lag_14_median_shTSjfm', '23_lag_amo3', '12_lag_ormenSSTjfm', '6_lag_8_median_samPSLann', '7_lag_shTSjfm', '23_lag_traWP', '7_lag_tripol3', '6_lag_7_median_atlSICjfm', '16_lag_amo2', '6_lag_16_median_wnorPRjfm', '15_lag_shTSjfm', '6_lag_25_median_atlSICsep', '6_lag_16_median_ismPRjja', '20_lag_mhfATL45', '6_lag_13_median_nhSICsep', '25_lag_yrvPRjja', '25_lag_arcTSjfm', '6_lag_13_median_traFS', '6_lag_12_median_traDP', '12_lag_scpPSLjfm', '6_lag_19_median_traIFC', '6_lag_22_median_stratZ50ndj04', '13_lag_shSICmar', '6_lag_23_median_glTSjfm', '24_lag_ensoSSTjfm', '19_lag_traFB', '6_lag_16_median_stratZ50ndj04', '22_lag_tripol1']","[5.673177819792601, 3.9308883330020112, 4.540753357121212, 7.521273724019029, 9.073401484205961, 7.050160758408312, 8.286146854108999, 5.124233823063255, 6.146508205508743, 7.397776445972262, 1.3605312146272492, 4.403592490975033, 1.8970517795475246, 8.082992519886947, 8.620563229252713, 2.211897118174903, 0.2768980306109796, 2.149224801103289, 7.395720449940675, 9.403580193279776, 0.8632543335913887, 2.850882747014385, 5.906945818394853, 5.039604077270798, 6.086391003849581, 1.7668880773532436, 0.909021764621059, 2.940190480923299, 4.62370408799758, 4.251724659190456]","24_lag_atlSICsep, 19_lag_nhSICjfm, 6_lag_14_median_shTSjfm, 23_lag_amo3, 12_lag_ormenSSTjfm, 6_lag_8_median_samPSLann, 7_lag_shTSjfm, 23_lag_traWP, 7_lag_tripol3, 6_lag_7_median_atlSICjfm, 16_lag_amo2, 6_lag_16_median_wnorPRjfm, 15_lag_shTSjfm, 6_lag_25_median_atlSICsep, 6_lag_16_median_ismPRjja, 20_lag_mhfATL45, 6_lag_13_median_nhSICsep, 25_lag_yrvPRjja, 25_lag_arcTSjfm, 6_lag_13_median_traFS, 6_lag_12_median_traDP, 12_lag_scpPSLjfm, 6_lag_19_median_traIFC, 6_lag_22_median_stratZ50ndj04, 13_lag_shSICmar, 6_lag_23_median_glTSjfm, 24_lag_ensoSSTjfm, 19_lag_traFB, 6_lag_16_median_stratZ50ndj04, 22_lag_tripol1_2496_6"
LRforcedPSO,12,30,stratZ50ndj04,picntrl,1526.5,2050.5,0.6,27,7,7,21.749735259249178,-0.036215068948802394,2496,"['22_lag_traMC', '7_lag_11_median_glomaSSTjfm', '7_lag_25_median_glTSjfm', '23_lag_wnorPRjfm', '18_lag_traDS', '7_lag_25_median_seurTSjfm', '17_lag_tripol2', '7_lag_10_median_wnorPRjfm', '22_lag_mhfIP30', '18_lag_shSICsep', '11_lag_traCA', '7_lag_23_median_ginwSSTjfm', '7_lag_14_median_traFB', '21_lag_ensoSSTjfm', '7_lag_18_median_shTSjfm', '16_lag_amoSSTmjjaso', '7_lag_11_median_atlSICjfm', '8_lag_amo3', '10_lag_traFS', '7_lag_16_median_wnorPRjfm', '7_lag_22_median_tripol3', '7_lag_23_median_labSSTjfm', '7_lag_11_median_traCA', '7_lag_23_median_AMOCann', '7_lag_14_median_yrvPRjja', '7_lag_15_median_traDP', '7_lag_18_median_AMOCann', '7_lag_10_median_traDS', '7_lag_25_median_arcTSjfm', '7_lag_11_median_stratZ50ndj04']","[9.402020574265784, 5.033589948559051, 6.15648686600619, 6.3682873116234475, 3.9635191324313794, 0.9912578617513681, 6.2860330556559205, 0.8782986887362512, 2.8675145678865688, 3.1974119966368164, 3.318610624632578, 1.9932415269067683, 0.569964914727688, 3.133096657184902, 0.35273338847287405, 6.204966585358434, 3.0048387745526206, 1.5851730923669383, 6.503947801252856, 3.428633186221255, 1.6566259612077854, 2.4111414801750684, 8.43168236091605, 4.887989845691065, 0.11025654243116989, 8.082943086552408, 0.07449530549426697, 7.983460642128168, 2.1031711957985486, 8.785387439444278]","22_lag_traMC, 7_lag_11_median_glomaSSTjfm, 7_lag_25_median_glTSjfm, 23_lag_wnorPRjfm, 18_lag_traDS, 7_lag_25_median_seurTSjfm, 17_lag_tripol2, 7_lag_10_median_wnorPRjfm, 22_lag_mhfIP30, 18_lag_shSICsep, 11_lag_traCA, 7_lag_23_median_ginwSSTjfm, 7_lag_14_median_traFB, 21_lag_ensoSSTjfm, 7_lag_18_median_shTSjfm, 16_lag_amoSSTmjjaso, 7_lag_11_median_atlSICjfm, 8_lag_amo3, 10_lag_traFS, 7_lag_16_median_wnorPRjfm, 7_lag_22_median_tripol3, 7_lag_23_median_labSSTjfm, 7_lag_11_median_traCA, 7_lag_23_median_AMOCann, 7_lag_14_median_yrvPRjja, 7_lag_15_median_traDP, 7_lag_18_median_AMOCann, 7_lag_10_median_traDS, 7_lag_25_median_arcTSjfm, 7_lag_11_median_stratZ50ndj04_2496_7"
LRforcedPSO,13,30,stratZ50ndj04,picntrl,1527.5,2050.5,0.6,28,8,8,27.830349897554882,0.13839207765462522,2496,"['8_lag_21_median_AMOCann', '8_lag_23_median_glTSjfm', '8_lag_9_median_mhfATL60', '24_lag_eurPSLjfm', '9_lag_mhfIP30', '8_lag_20_median_atlSICsep', '8_lag_11_median_gyreSSTjfm', '9_lag_nppc2SSTjfm', '16_lag_alpi', '24_lag_eapPSLjfm', '8_lag_15_median_eapPSLjfm', '8_lag_27_median_glomaSSTjfm', '8_lag_18_median_stratZ50ndj04', '19_lag_traBO', '8_lag_14_median_traFB', '8_lag_16_median_traFSC', '8_lag_14_median_mhfIP30', '8_lag_11_median_traTLS', '17_lag_amo2', '8_lag_9_median_traTLS', '26_lag_neurTSjfm', '9_lag_traDP', '18_lag_stratZ50ndj01', '8_lag_25_median_nppc2SSTjfm', '8_lag_12_median_nppc3SSTjfm', '20_lag_mhfATL60', '8_lag_23_median_nhSICjfm', '8_lag_19_median_nhSICjfm', '8_lag_10_median_stratZ50ndj01', '8_lag_27_median_traFSC']","[4.2040462401785526, 4.706395087875643, 4.601726142469971, 3.5880070702171807, 3.125870146367573, 2.845503470620516, 6.245949220900542, 1.0834086863065338, 1.1717674566005307, 2.187518302269087, 1.1350563767977349, 7.35206769801227, 7.093648927948717, 4.611578107601279, 2.317170196772567, 0.011391379069127794, 1.9787250317867393, 4.717730411360879, 7.1958275698621925, 7.543768899036859, 3.3691845452960756, 5.1624687568930305, 7.157809561028317, 0.05369179333779783, 8.225838565548214, 4.406499833475756, 4.56603853340823, 3.2896447318254456, 6.823251525563741, 8.357164533837508]","8_lag_21_median_AMOCann, 8_lag_23_median_glTSjfm, 8_lag_9_median_mhfATL60, 24_lag_eurPSLjfm, 9_lag_mhfIP30, 8_lag_20_median_atlSICsep, 8_lag_11_median_gyreSSTjfm, 9_lag_nppc2SSTjfm, 16_lag_alpi, 24_lag_eapPSLjfm, 8_lag_15_median_eapPSLjfm, 8_lag_27_median_glomaSSTjfm, 8_lag_18_median_stratZ50ndj04, 19_lag_traBO, 8_lag_14_median_traFB, 8_lag_16_median_traFSC, 8_lag_14_median_mhfIP30, 8_lag_11_median_traTLS, 17_lag_amo2, 8_lag_9_median_traTLS, 26_lag_neurTSjfm, 9_lag_traDP, 18_lag_stratZ50ndj01, 8_lag_25_median_nppc2SSTjfm, 8_lag_12_median_nppc3SSTjfm, 20_lag_mhfATL60, 8_lag_23_median_nhSICjfm, 8_lag_19_median_nhSICjfm, 8_lag_10_median_stratZ50ndj01, 8_lag_27_median_traFSC_2496_8"
LRforcedPSO,14,30,stratZ50ndj04,picntrl,1528.5,2050.5,0.6,29,9,9,21.286831802218583,0.035153432792008284,2496,"['9_lag_20_median_nchinaPRjja', '9_lag_15_median_shSICmar', '9_lag_19_median_traFS', '10_lag_stratZ50ndj04', '9_lag_16_median_eapPSLjfm', '18_lag_shSICmar', '12_lag_tripol3', '16_lag_mhfATL60', '26_lag_ismPRjja', '17_lag_stratZ50ndj04', '26_lag_pdoSSTjfm', '14_lag_mhfIP30', '20_lag_gyreSSTjfm', '9_lag_20_median_wnorPRjfm', '9_lag_26_median_tripol2', '17_lag_traDS', '9_lag_26_median_amo1', '10_lag_traDS', '9_lag_16_median_traFSC', '28_lag_traDS', '9_lag_13_median_nchinaPRjja', '9_lag_28_median_AMOCann', '26_lag_gyreSSTjfm', '9_lag_22_median_traIT', '9_lag_12_median_nppc3SSTjfm', '18_lag_amo3', '9_lag_23_median_traBS', '15_lag_AMOCann', '22_lag_atlSICsep', '9_lag_11_median_labSSTjfm']","[1.152874898528193, 6.264671166749729, 6.198830812492691, 4.398614850543201, 8.204730644447356, 1.6694056742478924, 3.762650828561359, 7.018478462282847, 3.859599678291861, 6.62161482997861, 2.5327035739736203, 8.361463061036659, 6.929353759146048, 0.27506805197271333, 6.207869210922702, 1.2272334783746253, 1.5509462126257425, 0.8172268134868936, 9.907391688959525, 4.3487199090886985, 0.4141113705991817, 5.373271075040067, 0.7805200896870286, 0.07057346738938541, 7.097595660775657, 3.7671095997247095, 0.10376685798703633, 1.9518723457005756, 9.374333563764875, 2.0208347798060666]","9_lag_20_median_nchinaPRjja, 9_lag_15_median_shSICmar, 9_lag_19_median_traFS, 10_lag_stratZ50ndj04, 9_lag_16_median_eapPSLjfm, 18_lag_shSICmar, 12_lag_tripol3, 16_lag_mhfATL60, 26_lag_ismPRjja, 17_lag_stratZ50ndj04, 26_lag_pdoSSTjfm, 14_lag_mhfIP30, 20_lag_gyreSSTjfm, 9_lag_20_median_wnorPRjfm, 9_lag_26_median_tripol2, 17_lag_traDS, 9_lag_26_median_amo1, 10_lag_traDS, 9_lag_16_median_traFSC, 28_lag_traDS, 9_lag_13_median_nchinaPRjja, 9_lag_28_median_AMOCann, 26_lag_gyreSSTjfm, 9_lag_22_median_traIT, 9_lag_12_median_nppc3SSTjfm, 18_lag_amo3, 9_lag_23_median_traBS, 15_lag_AMOCann, 22_lag_atlSICsep, 9_lag_11_median_labSSTjfm_2496_9"
LRforcedPSO,15,30,stratZ50ndj04,picntrl,1529.5,2050.5,0.6,30,10,10,23.776305844119904,-0.0549115377977594,2496,"['10_lag_17_median_nhTSjfm', '17_lag_traDS', '15_lag_gyreSSTjfm', '10_lag_22_median_ginwSSTjfm', '25_lag_nchinaPRjja', '21_lag_ismPRjja', '10_lag_15_median_shSICmar', '10_lag_16_median_traEU', '27_lag_atlSICsep', '23_lag_stratZ50ndj01', '10_lag_24_median_wnorPRjfm', '17_lag_stratZ50ndj03', '10_lag_14_median_nchinaPRjja', '10_lag_25_median_traIT', '17_lag_mhfATL30', '24_lag_amoSSTmjjaso', '13_lag_traDP', '10_lag_20_median_stratZ50ndj02', '18_lag_pdoSSTjfm', '18_lag_yrvPRjja', '10_lag_28_median_glTSjfm', '19_lag_tripol1', '10_lag_20_median_atlSICsep', '23_lag_eapPSLjfm', '16_lag_nppc2SSTjfm', '29_lag_mhfATL60', '24_lag_mhfIP30', '14_lag_traDP', '19_lag_mhfATL45', '12_lag_shSICmar']","[2.2290424437187397, 6.993403785107873, 2.388074757023963, 4.381598103548294, 2.2009519218287625, 9.115635191893809, 0.05794021116141934, 8.231425145527716, 8.87877721371957, 6.439350997974813, 2.1109485661362815, 3.9491552224056665, 4.133158503228762, 1.9837575859284247, 1.7548492686184822, 2.7722790805314945, 7.858858047794119, 7.89861419449049, 3.1375795169328713, 0.9763165728102603, 2.5727537664725038, 5.0928853650659605, 7.016557600938977, 6.475360961264873, 7.856058807498577, 3.084094286007275, 0.1716534398724523, 8.211352284440423, 7.00167245417449, 2.602208332969762]","10_lag_17_median_nhTSjfm, 17_lag_traDS, 15_lag_gyreSSTjfm, 10_lag_22_median_ginwSSTjfm, 25_lag_nchinaPRjja, 21_lag_ismPRjja, 10_lag_15_median_shSICmar, 10_lag_16_median_traEU, 27_lag_atlSICsep, 23_lag_stratZ50ndj01, 10_lag_24_median_wnorPRjfm, 17_lag_stratZ50ndj03, 10_lag_14_median_nchinaPRjja, 10_lag_25_median_traIT, 17_lag_mhfATL30, 24_lag_amoSSTmjjaso, 13_lag_traDP, 10_lag_20_median_stratZ50ndj02, 18_lag_pdoSSTjfm, 18_lag_yrvPRjja, 10_lag_28_median_glTSjfm, 19_lag_tripol1, 10_lag_20_median_atlSICsep, 23_lag_eapPSLjfm, 16_lag_nppc2SSTjfm, 29_lag_mhfATL60, 24_lag_mhfIP30, 14_lag_traDP, 19_lag_mhfATL45, 12_lag_shSICmar_2496_10"
LRforcedPSO,16,30,stratZ50ndj04,picntrl,1530.5,2050.5,0.6,31,11,11,24.070906506641165,0.05835352896118173,2496,"['22_lag_traBS', '11_lag_12_median_amo2', '29_lag_arcTSjfm', '25_lag_tripol2', '11_lag_23_median_shSICmar', '11_lag_27_median_shSICmar', '11_lag_18_median_nhSICsep', '11_lag_26_median_traFB', '11_lag_24_median_traIT', '29_lag_glTSjfm', '23_lag_amo1', '11_lag_17_median_stratZ50ndj04', '12_lag_cetTSjfm', '15_lag_naoPSLjfm', '28_lag_samPSLann', '12_lag_amoSSTmjjaso', '18_lag_tripol1', '11_lag_13_median_atlSICjfm', '11_lag_20_median_atlSICsep', '11_lag_atlSICjfm', '11_lag_30_median_traMC', '11_lag_30_median_eapPSLjfm', '11_lag_traCA', '21_lag_stratZ50ndj04', '16_lag_eapPSLjfm', '26_lag_shSICsep', '12_lag_tripol1', '18_lag_stratZ50ndj03', '24_lag_amo2', '11_lag_13_median_ginwSSTjfm']","[1.6484633375563362, 4.704054080284818, 3.8872049429191318, 3.964541213674895, 6.2124733737375095, 2.5944490170994055, 4.263568325917991, 5.622243188474747, 9.204057137701211, 6.9549597923536925, 0.77148479436595, 2.414721897016314, 6.100141415739884, 9.154206221488847, 0.30569214982536863, 6.498451054268273, 0.4001798789357629, 0.36813156806014646, 0.9390507271242949, 2.9263069914713906, 2.8361020609021566, 0.21526187345851433, 4.6471841754064, 1.7151793729285707, 7.115940923104274, 7.230164790009028, 0.17140113186147232, 5.005067501201497, 7.438483815776408, 8.874361844349405]","22_lag_traBS, 11_lag_12_median_amo2, 29_lag_arcTSjfm, 25_lag_tripol2, 11_lag_23_median_shSICmar, 11_lag_27_median_shSICmar, 11_lag_18_median_nhSICsep, 11_lag_26_median_traFB, 11_lag_24_median_traIT, 29_lag_glTSjfm, 23_lag_amo1, 11_lag_17_median_stratZ50ndj04, 12_lag_cetTSjfm, 15_lag_naoPSLjfm, 28_lag_samPSLann, 12_lag_amoSSTmjjaso, 18_lag_tripol1, 11_lag_13_median_atlSICjfm, 11_lag_20_median_atlSICsep, 11_lag_atlSICjfm, 11_lag_30_median_traMC, 11_lag_30_median_eapPSLjfm, 11_lag_traCA, 21_lag_stratZ50ndj04, 16_lag_eapPSLjfm, 26_lag_shSICsep, 12_lag_tripol1, 18_lag_stratZ50ndj03, 24_lag_amo2, 11_lag_13_median_ginwSSTjfm_2496_11"
LRforcedPSO,17,30,stratZ50ndj04,picntrl,1531.5,2050.5,0.6,32,12,12,24.39265612276351,-0.07374793576582167,2496,"['12_lag_16_median_traFS', '16_lag_mhfATL60', '12_lag_13_median_eurPSLjfm', '12_lag_19_median_traBO', '12_lag_19_median_nhSICjfm', '22_lag_yrvPRjja', '12_lag_30_median_pdoSSTjfm', '28_lag_ormenSSTjfm', '31_lag_traBS', '24_lag_traTLS', '12_lag_29_median_traWP', '31_lag_gyreSSTjfm', '27_lag_ensoSSTjfm', '12_lag_cetTSjfm', '12_lag_23_median_atlSICjfm', '12_lag_29_median_satlSSTjfm', '12_lag_30_median_alpi', '12_lag_18_median_labSSTjfm', '22_lag_atlSICjfm', '20_lag_traDP', '30_lag_glTSjfm', '12_lag_18_median_nhTSjfm', '29_lag_traIT', '19_lag_stratZ50ndj04', '12_lag_23_median_mhfIP30', '12_lag_19_median_traFB', '12_lag_22_median_seurTSjfm', '12_lag_20_median_yrvPRjja', '12_lag_13_median_amo2', '12_lag_14_median_ormenSSTjfm']","[6.487811969616665, 2.6830979990181003, 2.859134644647005, 3.3729929275214987, 0.560292444222835, 7.460836768608328, 0.9641533747070739, 4.860039913288919, 1.7302179229574133, 6.963501630659973, 7.893827925371568, 3.251886704053158, 5.4836858301604625, 0.03667475682450139, 1.4524475635954222, 5.447604754916437, 4.490222670936841, 3.6315198482438262, 7.536250775629885, 3.096758210032114, 0.06030424075246188, 9.243338930396973, 0.8644453938376593, 2.1925236171151656, 7.1585039385236655, 2.1120409457367595, 3.4759476053065157, 6.780779930820657, 1.6822212513954948, 6.779698977556279]","12_lag_16_median_traFS, 16_lag_mhfATL60, 12_lag_13_median_eurPSLjfm, 12_lag_19_median_traBO, 12_lag_19_median_nhSICjfm, 22_lag_yrvPRjja, 12_lag_30_median_pdoSSTjfm, 28_lag_ormenSSTjfm, 31_lag_traBS, 24_lag_traTLS, 12_lag_29_median_traWP, 31_lag_gyreSSTjfm, 27_lag_ensoSSTjfm, 12_lag_cetTSjfm, 12_lag_23_median_atlSICjfm, 12_lag_29_median_satlSSTjfm, 12_lag_30_median_alpi, 12_lag_18_median_labSSTjfm, 22_lag_atlSICjfm, 20_lag_traDP, 30_lag_glTSjfm, 12_lag_18_median_nhTSjfm, 29_lag_traIT, 19_lag_stratZ50ndj04, 12_lag_23_median_mhfIP30, 12_lag_19_median_traFB, 12_lag_22_median_seurTSjfm, 12_lag_20_median_yrvPRjja, 12_lag_13_median_amo2, 12_lag_14_median_ormenSSTjfm_2496_12"
LRforcedPSO,18,30,stratZ50ndj04,picntrl,1532.5,2050.5,0.6,33,13,13,25.369542796547936,0.05875708312859096,2496,"['13_lag_23_median_traMC', '24_lag_ismPRjja', '13_lag_16_median_wnorPRjfm', '19_lag_atlSICjfm', '20_lag_traDP', '31_lag_pdoSSTjfm', '13_lag_32_median_stratZ50ndj04', '13_lag_15_median_traFSC', '13_lag_26_median_traDP', '13_lag_scpPSLjfm', '30_lag_AMOCann', '26_lag_nchinaPRjja', '13_lag_17_median_ismPRjja', '30_lag_scpPSLjfm', '13_lag_21_median_traEU', '13_lag_25_median_pdoSSTjfm', '24_lag_nhSICjfm', '18_lag_traIT', '17_lag_eurPSLjfm', '13_lag_20_median_eurPSLjfm', '13_lag_30_median_atlSICsep', '16_lag_shSICmar', '14_lag_nhSICsep', '28_lag_nchinaPRjja', '13_lag_30_median_scpPSLjfm', '13_lag_21_median_traWP', '30_lag_shTSjfm', '13_lag_22_median_tripol2', '25_lag_traTLS', '28_lag_mhfATL30']","[2.3038856911694783, 3.2537010678533314, 5.057903132899191, 6.791402918015466, 0.7734088391472742, 9.647187023294117, 3.2684040760493733, 1.187734317261416, 9.932619251355579, 5.928988392048149, 4.59383192732671, 9.251360696132082, 7.832417298839701, 4.1015803554512065, 6.090325973483138, 1.521202598927081, 4.37723342007593, 2.9155969047027863, 0.475352147717496, 2.8836859752202937, 0.6635294047457556, 7.948479428608813, 1.0961263245022899, 7.623985651623304, 4.220516623595676, 4.848206578575532, 8.950534420064582, 3.268960376103367, 2.217417331177889, 4.061825510211776]","13_lag_23_median_traMC, 24_lag_ismPRjja, 13_lag_16_median_wnorPRjfm, 19_lag_atlSICjfm, 20_lag_traDP, 31_lag_pdoSSTjfm, 13_lag_32_median_stratZ50ndj04, 13_lag_15_median_traFSC, 13_lag_26_median_traDP, 13_lag_scpPSLjfm, 30_lag_AMOCann, 26_lag_nchinaPRjja, 13_lag_17_median_ismPRjja, 30_lag_scpPSLjfm, 13_lag_21_median_traEU, 13_lag_25_median_pdoSSTjfm, 24_lag_nhSICjfm, 18_lag_traIT, 17_lag_eurPSLjfm, 13_lag_20_median_eurPSLjfm, 13_lag_30_median_atlSICsep, 16_lag_shSICmar, 14_lag_nhSICsep, 28_lag_nchinaPRjja, 13_lag_30_median_scpPSLjfm, 13_lag_21_median_traWP, 30_lag_shTSjfm, 13_lag_22_median_tripol2, 25_lag_traTLS, 28_lag_mhfATL30_2496_13"
LRforcedPSO,19,30,stratZ50ndj04,picntrl,1533.5,2050.5,0.6,34,14,14,28.507376888239225,-0.0403961550253209,2496,"['29_lag_shSICsep', '14_lag_32_median_traFB', '18_lag_pdoSSTjfm', '33_lag_amoSSTmjjaso', '18_lag_traCA', '30_lag_naoPSLjfm', '14_lag_30_median_traIFC', '27_lag_arcTSjfm', '14_lag_17_median_traEU', '14_lag_16_median_mhfATL30', '18_lag_amo1', '23_lag_nppc3SSTjfm', '24_lag_ismPRjja', '28_lag_traFSC', '14_lag_26_median_scpPSLjfm', '14_lag_23_median_ginwSSTjfm', '29_lag_traTLS', '14_lag_28_median_labSSTjfm', '14_lag_24_median_nhSICsep', '25_lag_seurTSjfm', '18_lag_nppc3SSTjfm', '14_lag_22_median_mhfATL45', '33_lag_traDP', '32_lag_glTSjfm', '14_lag_29_median_AMOCann', '17_lag_traTLS', '16_lag_alpi', '14_lag_25_median_stratZ50ndj04', '30_lag_shTSjfm', '29_lag_eurPSLjfm']","[2.111969621766283, 9.169869933552754, 0.8039836063212391, 8.070336613658338, 3.786950098491932, 1.2093046398533573, 0.08047976604344953, 6.416082592945656, 1.5087876941051288, 1.196655709623741, 1.6170115474365119, 5.392732314257391, 6.033024292867832, 4.369985438646042, 7.677061877935765, 4.890050662056318, 5.632387283991873, 5.172153339820579, 6.247748032822589, 1.6493608140652523, 0.6599504286792381, 8.064579209694074, 0.8310268784217083, 4.762951594477755, 5.585109835240232, 0.39574048958834496, 4.6851159778897085, 2.9043606618349767, 9.009642439751989, 8.498893579675908]","29_lag_shSICsep, 14_lag_32_median_traFB, 18_lag_pdoSSTjfm, 33_lag_amoSSTmjjaso, 18_lag_traCA, 30_lag_naoPSLjfm, 14_lag_30_median_traIFC, 27_lag_arcTSjfm, 14_lag_17_median_traEU, 14_lag_16_median_mhfATL30, 18_lag_amo1, 23_lag_nppc3SSTjfm, 24_lag_ismPRjja, 28_lag_traFSC, 14_lag_26_median_scpPSLjfm, 14_lag_23_median_ginwSSTjfm, 29_lag_traTLS, 14_lag_28_median_labSSTjfm, 14_lag_24_median_nhSICsep, 25_lag_seurTSjfm, 18_lag_nppc3SSTjfm, 14_lag_22_median_mhfATL45, 33_lag_traDP, 32_lag_glTSjfm, 14_lag_29_median_AMOCann, 17_lag_traTLS, 16_lag_alpi, 14_lag_25_median_stratZ50ndj04, 30_lag_shTSjfm, 29_lag_eurPSLjfm_2496_14"
LRforcedPSO,20,30,stratZ50ndj04,picntrl,1534.5,2050.5,0.6,35,15,15,18.7417835324501,0.0968451096783071,2496,"['15_lag_33_median_stratZ50ndj02', '21_lag_stratZ50ndj04', '15_lag_26_median_nchinaPRjja', '32_lag_traFB', '15_lag_30_median_seurTSjfm', '15_lag_32_median_traMC', '15_lag_28_median_amo1', '19_lag_eurPSLjfm', '15_lag_25_median_seurTSjfm', '29_lag_samPSLann', '15_lag_21_median_glTSjfm', '34_lag_tripol1', '15_lag_24_median_pdoSSTjfm', '28_lag_nppc2SSTjfm', '15_lag_23_median_traFB', '15_lag_21_median_atlSICsep', '15_lag_33_median_amoSSTmjjaso', '16_lag_traEU', '26_lag_glomaSSTjfm', '15_lag_26_median_traBO', '30_lag_nppc3SSTjfm', '24_lag_nchinaPRjja', '15_lag_27_median_traDS', '15_lag_16_median_AMOCann', '15_lag_23_median_amoSSTmjjaso', '19_lag_ormenSSTjfm', '21_lag_nhTSjfm', '15_lag_18_median_ismPRjja', '34_lag_alpi', '15_lag_24_median_yrvPRjja']","[0.07467112060105308, 4.486408402373371, 3.0717604932116487, 9.381143339418838, 4.322769252249488, 5.462464157114512, 1.9177041714403167, 0.06254504734688204, 1.085968379957432, 3.218974574188442, 2.9284354911269617, 2.8432476019825303, 6.817661256079557, 2.3659220643588057, 5.069150707709367, 2.865612450588742, 6.68480203159022, 2.371332091304403, 4.918471190946306, 6.123377299603023, 1.3802152246685555, 0.47362044774385126, 3.9462342563764246, 5.830288613519812, 3.446017189580548, 0.04228851942144907, 7.67638921340216, 6.188480235673131, 2.7614324878511827, 1.0282830242640237]","15_lag_33_median_stratZ50ndj02, 21_lag_stratZ50ndj04, 15_lag_26_median_nchinaPRjja, 32_lag_traFB, 15_lag_30_median_seurTSjfm, 15_lag_32_median_traMC, 15_lag_28_median_amo1, 19_lag_eurPSLjfm, 15_lag_25_median_seurTSjfm, 29_lag_samPSLann, 15_lag_21_median_glTSjfm, 34_lag_tripol1, 15_lag_24_median_pdoSSTjfm, 28_lag_nppc2SSTjfm, 15_lag_23_median_traFB, 15_lag_21_median_atlSICsep, 15_lag_33_median_amoSSTmjjaso, 16_lag_traEU, 26_lag_glomaSSTjfm, 15_lag_26_median_traBO, 30_lag_nppc3SSTjfm, 24_lag_nchinaPRjja, 15_lag_27_median_traDS, 15_lag_16_median_AMOCann, 15_lag_23_median_amoSSTmjjaso, 19_lag_ormenSSTjfm, 21_lag_nhTSjfm, 15_lag_18_median_ismPRjja, 34_lag_alpi, 15_lag_24_median_yrvPRjja_2496_15"
LRforcedPSO,21,30,stratZ50ndj04,picntrl,1535.5,2050.5,0.6,36,16,16,28.372566013592603,0.036411188026103235,2496,"['16_lag_24_median_yrvPRjja', '16_lag_27_median_satlSSTjfm', '30_lag_labSSTjfm', '23_lag_traIFC', '16_lag_25_median_traEU', '16_lag_26_median_traEC', '30_lag_nhTSjfm', '16_lag_22_median_tripol1', '17_lag_traMC', '16_lag_27_median_tripol2', '29_lag_ensoSSTjfm', '33_lag_mhfATL60', '16_lag_33_median_nppc3SSTjfm', '16_lag_31_median_traTLS', '16_lag_21_median_mhfIP30', '16_lag_17_median_yrvPRjja', '21_lag_tripol3', '23_lag_traFB', '16_lag_35_median_tripol3', '22_lag_traFS', '23_lag_traMC', '16_lag_32_median_atlSICsep', '16_lag_17_median_scpPSLjfm', '16_lag_23_median_pdoSSTjfm', '16_lag_alpi', '16_lag_27_median_tripol3', '16_lag_19_median_stratZ50ndj04', '31_lag_nchinaPRjja', '16_lag_shTSjfm', '16_lag_glomaSSTjfm']","[6.365158229174095, 7.536626399803932, 7.419201995708429, 3.41168283698706, 9.096740932353839, 7.42880418165317, 2.300302121764773, 9.938612277307135, 6.506252343115008, 5.384555713862397, 4.964124575704405, 3.3724448010117687, 7.021507770586728, 8.232909920237137, 9.621280723080275, 2.3891004764449413, 5.234802536993913, 1.8307375829829997, 1.6118180165645857, 3.3728421111375972, 1.1229446217081218, 4.56840134361925, 0.12772662452644035, 0.08063998715501519, 9.616476281732249, 5.534330121551408, 6.8030801620695875, 5.616069833658754, 8.166793570370377, 3.366394186710867]","16_lag_24_median_yrvPRjja, 16_lag_27_median_satlSSTjfm, 30_lag_labSSTjfm, 23_lag_traIFC, 16_lag_25_median_traEU, 16_lag_26_median_traEC, 30_lag_nhTSjfm, 16_lag_22_median_tripol1, 17_lag_traMC, 16_lag_27_median_tripol2, 29_lag_ensoSSTjfm, 33_lag_mhfATL60, 16_lag_33_median_nppc3SSTjfm, 16_lag_31_median_traTLS, 16_lag_21_median_mhfIP30, 16_lag_17_median_yrvPRjja, 21_lag_tripol3, 23_lag_traFB, 16_lag_35_median_tripol3, 22_lag_traFS, 23_lag_traMC, 16_lag_32_median_atlSICsep, 16_lag_17_median_scpPSLjfm, 16_lag_23_median_pdoSSTjfm, 16_lag_alpi, 16_lag_27_median_tripol3, 16_lag_19_median_stratZ50ndj04, 31_lag_nchinaPRjja, 16_lag_shTSjfm, 16_lag_glomaSSTjfm_2496_16"
LRforcedPSO,22,30,stratZ50ndj04,picntrl,1536.5,2050.5,0.6,37,17,17,22.534184528145918,0.03222071999119339,2496,"['27_lag_traMC', '17_lag_26_median_traWP', '28_lag_traIFC', '17_lag_19_median_eurPSLjfm', '25_lag_traFSC', '20_lag_stratZ50ndj02', '32_lag_AMOCann', '25_lag_nppc2SSTjfm', '20_lag_traEU', '17_lag_29_median_labSSTjfm', '31_lag_wnorPRjfm', '28_lag_nppc2SSTjfm', '28_lag_satlSSTjfm', '17_lag_20_median_stratZ50ndj02', '17_lag_32_median_arcTSjfm', '17_lag_20_median_satlSSTjfm', '20_lag_glomaSSTjfm', '17_lag_18_median_nchinaPRjja', '17_lag_31_median_mhfATL60', '18_lag_traIFC', '17_lag_traCA', '17_lag_35_median_traDP', '17_lag_28_median_ormenSSTjfm', '20_lag_scpPSLjfm', '23_lag_neurTSjfm', '17_lag_21_median_nppc2SSTjfm', '33_lag_cetTSjfm', '17_lag_22_median_traBO', '17_lag_34_median_traDP', '35_lag_stratZ50ndj03']","[4.526844822698239, 0.4378550002179047, 2.1838695306031575, 7.592568539640496, 8.126119581531164, 0.5859460461225368, 3.2513764823629003, 1.267504397844446, 2.1656659343819396, 4.931091227395887, 6.3956836931271415, 5.008652301446041, 1.6891041590542617, 3.6811570757236307, 3.9175454347539507, 1.780707033514254, 3.2183283349039584, 2.465124440297015, 6.00868551450449, 0.2874011103194274, 3.7462642932614365, 4.4388769178743726, 2.217058125368494, 5.317586042025644, 6.486061157532056, 2.8077277150119206, 7.572413924360215, 2.578640403837234, 1.3136326381044725, 5.0996267990072175]","27_lag_traMC, 17_lag_26_median_traWP, 28_lag_traIFC, 17_lag_19_median_eurPSLjfm, 25_lag_traFSC, 20_lag_stratZ50ndj02, 32_lag_AMOCann, 25_lag_nppc2SSTjfm, 20_lag_traEU, 17_lag_29_median_labSSTjfm, 31_lag_wnorPRjfm, 28_lag_nppc2SSTjfm, 28_lag_satlSSTjfm, 17_lag_20_median_stratZ50ndj02, 17_lag_32_median_arcTSjfm, 17_lag_20_median_satlSSTjfm, 20_lag_glomaSSTjfm, 17_lag_18_median_nchinaPRjja, 17_lag_31_median_mhfATL60, 18_lag_traIFC, 17_lag_traCA, 17_lag_35_median_traDP, 17_lag_28_median_ormenSSTjfm, 20_lag_scpPSLjfm, 23_lag_neurTSjfm, 17_lag_21_median_nppc2SSTjfm, 33_lag_cetTSjfm, 17_lag_22_median_traBO, 17_lag_34_median_traDP, 35_lag_stratZ50ndj03_2496_17"
LRforcedPSO,23,30,stratZ50ndj04,picntrl,1537.5,2050.5,0.6,38,18,18,25.925630446321186,-0.0025758295553850404,2496,"['18_lag_21_median_tripol1', '18_lag_34_median_yrvPRjja', '18_lag_naoPSLjfm', '32_lag_satlSSTjfm', '18_lag_19_median_naoPSLjfm', '18_lag_28_median_nchinaPRjja', '35_lag_stratZ50ndj03', '18_lag_29_median_nhTSjfm', '18_lag_36_median_mhfIP30', '18_lag_28_median_mhfATL60', '18_lag_31_median_traFS', '18_lag_25_median_amo1', '34_lag_glomaSSTjfm', '31_lag_amo3', '33_lag_nhSICsep', '32_lag_mhfIP30', '18_lag_20_median_mhfATL30', '30_lag_naoPSLjfm', '31_lag_stratZ50ndj01', '33_lag_shSICmar', '18_lag_32_median_tripol2', '18_lag_35_median_traFS', '18_lag_27_median_ormenSSTjfm', '18_lag_37_median_traIFC', '18_lag_29_median_tripol2', '18_lag_20_median_seurTSjfm', '18_lag_traEU', '18_lag_33_median_yrvPRjja', '18_lag_stratZ50ndj04', '18_lag_20_median_mhfIP30']","[5.0619119562318815, 2.040839446742167, 7.798523488470575, 2.9273135689648164, 0.9665748642366268, 4.558617228246797, 4.8254807779782745, 2.3066462965271324, 8.548093070632666, 1.6810397669978645, 8.941806347709438, 9.338271972491242, 4.460440886592185, 9.045520661939637, 4.932409318885414, 2.3953459097578857, 5.3381907882046775, 8.090781399204015, 4.462589876921655, 1.3511256719661482, 1.585331474202425, 2.957357857851136, 8.86406157089177, 6.008102171741408, 1.744054003503761, 0.032623577982649365, 4.834920461357157, 3.3170354987774786, 0.28525233254123883, 1.8246661869471108]","18_lag_21_median_tripol1, 18_lag_34_median_yrvPRjja, 18_lag_naoPSLjfm, 32_lag_satlSSTjfm, 18_lag_19_median_naoPSLjfm, 18_lag_28_median_nchinaPRjja, 35_lag_stratZ50ndj03, 18_lag_29_median_nhTSjfm, 18_lag_36_median_mhfIP30, 18_lag_28_median_mhfATL60, 18_lag_31_median_traFS, 18_lag_25_median_amo1, 34_lag_glomaSSTjfm, 31_lag_amo3, 33_lag_nhSICsep, 32_lag_mhfIP30, 18_lag_20_median_mhfATL30, 30_lag_naoPSLjfm, 31_lag_stratZ50ndj01, 33_lag_shSICmar, 18_lag_32_median_tripol2, 18_lag_35_median_traFS, 18_lag_27_median_ormenSSTjfm, 18_lag_37_median_traIFC, 18_lag_29_median_tripol2, 18_lag_20_median_seurTSjfm, 18_lag_traEU, 18_lag_33_median_yrvPRjja, 18_lag_stratZ50ndj04, 18_lag_20_median_mhfIP30_2496_18"
LRforcedPSO,24,30,stratZ50ndj04,picntrl,1538.5,2050.5,0.6,39,19,19,23.497895882919906,0.0293617743566413,2496,"['31_lag_gyreSSTjfm', '33_lag_nhSICsep', '19_lag_33_median_seurTSjfm', '23_lag_nppc3SSTjfm', '19_lag_23_median_satlSSTjfm', '19_lag_23_median_mhfATL30', '19_lag_22_median_traFSC', '19_lag_30_median_traMC', '21_lag_traFS', '19_lag_28_median_scpPSLjfm', '19_lag_36_median_cetTSjfm', '19_lag_29_median_ensoSSTjfm', '19_lag_30_median_nhSICsep', '25_lag_ormenSSTjfm', '19_lag_25_median_wnorPRjfm', '21_lag_arcTSjfm', '19_lag_23_median_scpPSLjfm', '38_lag_amo2', '19_lag_36_median_traFSC', '21_lag_amo2', '29_lag_alpi', '19_lag_29_median_AMOCann', '19_lag_36_median_nhTSjfm', '19_lag_33_median_stratZ50ndj02', '32_lag_scpPSLjfm', '19_lag_samPSLann', '29_lag_stratZ50ndj04', '20_lag_wnorPRjfm', '26_lag_amo3', '19_lag_26_median_alpi']","[4.459170156902266, 1.399253013999072, 5.320839244473252, 7.984162270300992, 7.0176774135065685, 6.630030863271955, 2.4461612418246865, 6.428786393736981, 5.263241865656809, 2.49426671476148, 1.1770328967798545, 5.01355521929824, 7.970384828368604, 9.727702974792034, 2.783597719919566, 4.60429274956314, 4.322315740300587, 2.934710970904799, 3.411225704672125, 0.5504865671379111, 1.4818211075188064, 8.576173792788584, 2.3662742146965243, 7.475721443958632, 1.339334905823602, 1.9721307892456572, 5.214065699869391, 1.7990952194048742, 7.0924135133267585, 1.0615496846652412]","31_lag_gyreSSTjfm, 33_lag_nhSICsep, 19_lag_33_median_seurTSjfm, 23_lag_nppc3SSTjfm, 19_lag_23_median_satlSSTjfm, 19_lag_23_median_mhfATL30, 19_lag_22_median_traFSC, 19_lag_30_median_traMC, 21_lag_traFS, 19_lag_28_median_scpPSLjfm, 19_lag_36_median_cetTSjfm, 19_lag_29_median_ensoSSTjfm, 19_lag_30_median_nhSICsep, 25_lag_ormenSSTjfm, 19_lag_25_median_wnorPRjfm, 21_lag_arcTSjfm, 19_lag_23_median_scpPSLjfm, 38_lag_amo2, 19_lag_36_median_traFSC, 21_lag_amo2, 29_lag_alpi, 19_lag_29_median_AMOCann, 19_lag_36_median_nhTSjfm, 19_lag_33_median_stratZ50ndj02, 32_lag_scpPSLjfm, 19_lag_samPSLann, 29_lag_stratZ50ndj04, 20_lag_wnorPRjfm, 26_lag_amo3, 19_lag_26_median_alpi_2496_19"
LRforcedPSO,25,30,stratZ50ndj04,picntrl,1539.5,2050.5,0.6,40,20,20,26.0006630576114,0.09359191541098658,2496,"['20_lag_30_median_shSICmar', '20_lag_33_median_glTSjfm', '30_lag_atlSICsep', '32_lag_nppc2SSTjfm', '32_lag_nhSICsep', '20_lag_31_median_shTSjfm', '20_lag_22_median_stratZ50ndj03', '33_lag_traWP', '27_lag_traBS', '20_lag_34_median_gyreSSTjfm', '20_lag_34_median_samPSLann', '20_lag_21_median_tripol2', '31_lag_shSICmar', '34_lag_arcTSjfm', '20_lag_24_median_pdoSSTjfm', '20_lag_27_median_amo3', '37_lag_nhSICjfm', '24_lag_mhfATL45', '20_lag_31_median_naoPSLjfm', '27_lag_yrvPRjja', '20_lag_glTSjfm', '22_lag_tripol2', '35_lag_gyreSSTjfm', '20_lag_37_median_mhfATL45', '20_lag_31_median_scpPSLjfm', '37_lag_labSSTjfm', '33_lag_eapPSLjfm', '20_lag_21_median_ormenSSTjfm', '27_lag_mhfATL60', '20_lag_39_median_atlSICjfm']","[8.51581755833302, 3.1819288305358384, 4.733656523070033, 8.891127573760485, 9.465395463710841, 4.580662020156985, 7.559677939084624, 2.422230397379595, 5.763378798056575, 9.842038260221237, 3.526259916507321, 4.074062155878671, 0.4592766604926357, 9.512803490527816, 1.7773669347901837, 1.339590712417781, 5.577103765835714, 1.9341029845315827, 5.559367124232075, 3.280490561343413, 2.2507657752272303, 1.9464878862518216, 4.298231034939015, 9.282611014613881, 5.956141119818067, 3.3760661570655675, 0.2535275976381186, 0.9121282128387964, 3.7406622723371967, 9.553370588064876]","20_lag_30_median_shSICmar, 20_lag_33_median_glTSjfm, 30_lag_atlSICsep, 32_lag_nppc2SSTjfm, 32_lag_nhSICsep, 20_lag_31_median_shTSjfm, 20_lag_22_median_stratZ50ndj03, 33_lag_traWP, 27_lag_traBS, 20_lag_34_median_gyreSSTjfm, 20_lag_34_median_samPSLann, 20_lag_21_median_tripol2, 31_lag_shSICmar, 34_lag_arcTSjfm, 20_lag_24_median_pdoSSTjfm, 20_lag_27_median_amo3, 37_lag_nhSICjfm, 24_lag_mhfATL45, 20_lag_31_median_naoPSLjfm, 27_lag_yrvPRjja, 20_lag_glTSjfm, 22_lag_tripol2, 35_lag_gyreSSTjfm, 20_lag_37_median_mhfATL45, 20_lag_31_median_scpPSLjfm, 37_lag_labSSTjfm, 33_lag_eapPSLjfm, 20_lag_21_median_ormenSSTjfm, 27_lag_mhfATL60, 20_lag_39_median_atlSICjfm_2496_20"
LRforcedPSO,26,30,stratZ50ndj04,picntrl,1540.5,2050.5,0.6,41,21,21,25.115612124492927,0.0329034858703737,2496,"['21_lag_22_median_traEC', '35_lag_amo1', '21_lag_24_median_stratZ50ndj04', '21_lag_34_median_traIT', '24_lag_alpi', '21_lag_40_median_glomaSSTjfm', '21_lag_32_median_stratZ50ndj02', '21_lag_31_median_traIT', '21_lag_38_median_ginwSSTjfm', '30_lag_tripol1', '21_lag_27_median_ginwSSTjfm', '21_lag_34_median_shTSjfm', '40_lag_traIT', '21_lag_29_median_mhfATL30', '29_lag_nhSICsep', '21_lag_27_median_pdoSSTjfm', '34_lag_traIT', '21_lag_27_median_samPSLann', '21_lag_38_median_nchinaPRjja', '31_lag_atlSICsep', '21_lag_24_median_stratZ50ndj02', '24_lag_nhSICsep', '23_lag_amo2', '37_lag_traFSC', '21_lag_32_median_shTSjfm', '21_lag_29_median_gyreSSTjfm', '22_lag_atlSICsep', '21_lag_25_median_eurPSLjfm', '21_lag_mhfATL60', '26_lag_traBS']","[5.854767839041514, 1.5823265957303896, 7.144374587042044, 1.2932305581593084, 2.220007821575953, 1.2726016527366308, 0.5493614481512168, 1.6311533566989045, 8.076006657082903, 1.4927227008125676, 3.169693769331568, 4.142974029336781, 8.860365696288754, 0.04180451473057545, 6.67015268747162, 3.379059058825886, 9.292339302166566, 7.2136373958201805, 3.390203564401782, 0.17066640985961357, 2.112858574426131, 8.844487903697916, 3.5397612704100894, 6.917845320088427, 4.899384140802672, 0.23823142556813082, 6.55018528924328, 1.0422355896652036, 1.796168415949964, 2.0446547891427826]","21_lag_22_median_traEC, 35_lag_amo1, 21_lag_24_median_stratZ50ndj04, 21_lag_34_median_traIT, 24_lag_alpi, 21_lag_40_median_glomaSSTjfm, 21_lag_32_median_stratZ50ndj02, 21_lag_31_median_traIT, 21_lag_38_median_ginwSSTjfm, 30_lag_tripol1, 21_lag_27_median_ginwSSTjfm, 21_lag_34_median_shTSjfm, 40_lag_traIT, 21_lag_29_median_mhfATL30, 29_lag_nhSICsep, 21_lag_27_median_pdoSSTjfm, 34_lag_traIT, 21_lag_27_median_samPSLann, 21_lag_38_median_nchinaPRjja, 31_lag_atlSICsep, 21_lag_24_median_stratZ50ndj02, 24_lag_nhSICsep, 23_lag_amo2, 37_lag_traFSC, 21_lag_32_median_shTSjfm, 21_lag_29_median_gyreSSTjfm, 22_lag_atlSICsep, 21_lag_25_median_eurPSLjfm, 21_lag_mhfATL60, 26_lag_traBS_2496_21"
LRforcedPSO,27,30,stratZ50ndj04,picntrl,1541.5,2050.5,0.6,42,22,22,21.28978653220404,-0.18369072564280964,2496,"['39_lag_scpPSLjfm', '22_lag_41_median_traFB', '32_lag_shSICsep', '36_lag_nhSICsep', '22_lag_33_median_ginwSSTjfm', '39_lag_ensoSSTjfm', '28_lag_tripol1', '22_lag_34_median_tripol2', '22_lag_26_median_ensoSSTjfm', '22_lag_27_median_alpi', '22_lag_37_median_traFB', '24_lag_mhfATL45', '22_lag_32_median_tripol2', '25_lag_tripol2', '40_lag_traWP', '40_lag_traBO', '22_lag_25_median_wnorPRjfm', '25_lag_traDP', '22_lag_25_median_glTSjfm', '27_lag_mhfATL45', '22_lag_30_median_arcTSjfm', '22_lag_37_median_shTSjfm', '22_lag_23_median_AMOCann', '22_lag_33_median_alpi', '22_lag_23_median_alpi', '22_lag_24_median_gyreSSTjfm', '22_lag_30_median_amo3', '22_lag_30_median_traEC', '28_lag_samPSLann', '24_lag_stratZ50ndj04']","[5.448295090313239, 5.862974824186306, 5.467511129061114, 0.966156145323481, 4.407424986062017, 5.135768595756005, 0.44211092317654277, 3.1516176589492026, 1.4779977092399665, 2.216057620962797, 7.887568947859258, 0.3317094327128558, 6.927059805124043, 6.114338324912647, 1.3284420105822665, 0.5596373262197574, 4.495430573884375, 3.9438601489657508, 1.7988229473422752, 3.6175764413452, 2.0411809356704698, 4.537337477122392, 2.853284586842925, 0.9603706167333925, 5.021044204457489, 6.0669504370573755, 0.5996787104677832, 1.7792370339219978, 1.1572529751626455, 2.8384306193576965]","39_lag_scpPSLjfm, 22_lag_41_median_traFB, 32_lag_shSICsep, 36_lag_nhSICsep, 22_lag_33_median_ginwSSTjfm, 39_lag_ensoSSTjfm, 28_lag_tripol1, 22_lag_34_median_tripol2, 22_lag_26_median_ensoSSTjfm, 22_lag_27_median_alpi, 22_lag_37_median_traFB, 24_lag_mhfATL45, 22_lag_32_median_tripol2, 25_lag_tripol2, 40_lag_traWP, 40_lag_traBO, 22_lag_25_median_wnorPRjfm, 25_lag_traDP, 22_lag_25_median_glTSjfm, 27_lag_mhfATL45, 22_lag_30_median_arcTSjfm, 22_lag_37_median_shTSjfm, 22_lag_23_median_AMOCann, 22_lag_33_median_alpi, 22_lag_23_median_alpi, 22_lag_24_median_gyreSSTjfm, 22_lag_30_median_amo3, 22_lag_30_median_traEC, 28_lag_samPSLann, 24_lag_stratZ50ndj04_2496_22"
LRforcedPSO,28,30,stratZ50ndj04,picntrl,1542.5,2050.5,0.6,43,23,23,21.23866686071389,0.108262258459674,2496,"['23_lag_31_median_traEC', '23_lag_32_median_amoSSTmjjaso', '23_lag_39_median_nhSICsep', '23_lag_27_median_seurTSjfm', '23_lag_36_median_shSICsep', '23_lag_28_median_ormenSSTjfm', '25_lag_stratZ50ndj02', '23_lag_24_median_traIFC', '23_lag_30_median_shSICsep', '26_lag_eapPSLjfm', '26_lag_ginwSSTjfm', '41_lag_stratZ50ndj04', '33_lag_nppc2SSTjfm', '40_lag_traBS', '40_lag_mhfATL60', '41_lag_amo2', '23_lag_34_median_traDS', '27_lag_cetTSjfm', '24_lag_traIFC', '23_lag_26_median_traDS', '23_lag_42_median_traMC', '37_lag_stratZ50ndj03', '32_lag_shSICmar', '35_lag_neurTSjfm', '23_lag_40_median_samPSLann', '23_lag_33_median_eurPSLjfm', '23_lag_28_median_atlSICjfm', '23_lag_37_median_yrvPRjja', '36_lag_eurPSLjfm', '36_lag_ginwSSTjfm']","[6.2304886532635635, 2.9490404850881617, 6.0020502961013875, 2.7780111144937756, 9.228234057516268, 0.8702651463510431, 7.816766880369791, 8.767002798864452, 6.473540311865442, 5.625059817771099, 0.609199430921592, 1.0116967538656212, 8.193940334552925, 1.032943998584475, 0.1707097375936968, 3.9981044053625725, 3.7355768287874813, 2.774245841604057, 1.611857309811132, 0.357267437657411, 3.079293141785609, 4.451467969274658, 2.787087175284661, 0.8087161225764845, 3.223084623746879, 6.065410553137167, 1.6367900075822135, 0.8630175280977586, 3.5816636896792176, 9.97226481923699]","23_lag_31_median_traEC, 23_lag_32_median_amoSSTmjjaso, 23_lag_39_median_nhSICsep, 23_lag_27_median_seurTSjfm, 23_lag_36_median_shSICsep, 23_lag_28_median_ormenSSTjfm, 25_lag_stratZ50ndj02, 23_lag_24_median_traIFC, 23_lag_30_median_shSICsep, 26_lag_eapPSLjfm, 26_lag_ginwSSTjfm, 41_lag_stratZ50ndj04, 33_lag_nppc2SSTjfm, 40_lag_traBS, 40_lag_mhfATL60, 41_lag_amo2, 23_lag_34_median_traDS, 27_lag_cetTSjfm, 24_lag_traIFC, 23_lag_26_median_traDS, 23_lag_42_median_traMC, 37_lag_stratZ50ndj03, 32_lag_shSICmar, 35_lag_neurTSjfm, 23_lag_40_median_samPSLann, 23_lag_33_median_eurPSLjfm, 23_lag_28_median_atlSICjfm, 23_lag_37_median_yrvPRjja, 36_lag_eurPSLjfm, 36_lag_ginwSSTjfm_2496_23"
LRforcedPSO,29,30,stratZ50ndj04,picntrl,1543.5,2050.5,0.6,44,24,24,23.343060919633963,0.03053763702611487,2496,"['24_lag_43_median_mhfATL30', '42_lag_arcTSjfm', '24_lag_26_median_atlSICsep', '24_lag_30_median_labSSTjfm', '24_lag_33_median_tripol3', '25_lag_tripol2', '24_lag_29_median_mhfATL30', '30_lag_mhfATL45', '31_lag_nhSICjfm', '24_lag_38_median_stratZ50ndj04', '25_lag_stratZ50ndj03', '27_lag_neurTSjfm', '41_lag_amo2', '24_lag_36_median_mhfATL60', '24_lag_34_median_yrvPRjja', '24_lag_mhfATL45', '24_lag_39_median_traMC', '26_lag_eurPSLjfm', '24_lag_41_median_mhfIP30', '35_lag_ensoSSTjfm', '24_lag_25_median_tripol3', '37_lag_nhSICsep', '38_lag_samPSLann', '38_lag_traIT', '24_lag_31_median_stratZ50ndj04', '26_lag_ensoSSTjfm', '24_lag_42_median_traIT', '26_lag_traWP', '24_lag_40_median_traBO', '24_lag_26_median_samPSLann']","[0.5810467249078695, 0.22833273493553818, 4.8300047755101865, 6.66529071755005, 8.82756367865671, 4.059641397151573, 3.033708305936993, 3.4132835676957534, 0.38672269466214715, 7.029909447277557, 0.31267414175147934, 7.193363241052133, 7.341064909172111, 5.733051036711849, 0.42030922697769135, 2.3756465797923294, 1.2065388484158497, 0.6420253001294967, 0.24444558201991384, 4.817484022866898, 9.85463889986486, 5.306440511398414, 8.327661819766014, 7.871833602516819, 1.3819092067404526, 7.878263464253301, 7.280031290899012, 4.798108165312723, 5.840154453029523, 4.831408696786983]","24_lag_43_median_mhfATL30, 42_lag_arcTSjfm, 24_lag_26_median_atlSICsep, 24_lag_30_median_labSSTjfm, 24_lag_33_median_tripol3, 25_lag_tripol2, 24_lag_29_median_mhfATL30, 30_lag_mhfATL45, 31_lag_nhSICjfm, 24_lag_38_median_stratZ50ndj04, 25_lag_stratZ50ndj03, 27_lag_neurTSjfm, 41_lag_amo2, 24_lag_36_median_mhfATL60, 24_lag_34_median_yrvPRjja, 24_lag_mhfATL45, 24_lag_39_median_traMC, 26_lag_eurPSLjfm, 24_lag_41_median_mhfIP30, 35_lag_ensoSSTjfm, 24_lag_25_median_tripol3, 37_lag_nhSICsep, 38_lag_samPSLann, 38_lag_traIT, 24_lag_31_median_stratZ50ndj04, 26_lag_ensoSSTjfm, 24_lag_42_median_traIT, 26_lag_traWP, 24_lag_40_median_traBO, 24_lag_26_median_samPSLann_2496_24"
LRforcedPSO,30,30,stratZ50ndj04,picntrl,1544.5,2050.5,0.6,45,25,25,23.224491148523004,0.09759714266116183,2496,"['25_lag_31_median_eurPSLjfm', '25_lag_43_median_traFB', '25_lag_32_median_amo2', '25_lag_41_median_mhfIP30', '30_lag_samPSLann', '25_lag_27_median_traBS', '33_lag_eapPSLjfm', '41_lag_neurTSjfm', '28_lag_traFSC', '34_lag_stratZ50ndj04', '25_lag_43_median_traDP', '36_lag_nhSICsep', '31_lag_traWP', '25_lag_33_median_atlSICjfm', '25_lag_32_median_eapPSLjfm', '25_lag_30_median_traFSC', '25_lag_36_median_traCA', '29_lag_shSICmar', '25_lag_40_median_stratZ50ndj01', '44_lag_pdoSSTjfm', '25_lag_30_median_mhfATL60', '25_lag_44_median_glomaSSTjfm', '39_lag_traFSC', '25_lag_samPSLann', '25_lag_31_median_traCA', '26_lag_arcTSjfm', '25_lag_32_median_ormenSSTjfm', '32_lag_traBS', '40_lag_labSSTjfm', '33_lag_tripol2']","[0.15780647418133853, 4.576331428859213, 5.719218668645835, 1.6412380794702468, 0.7499574904913668, 6.7995195651700024, 2.55273760968182, 9.495374080464451, 7.3289733525302125, 0.12923735599435204, 8.16004015119423, 6.813661070929655, 4.732114378261167, 0.7011811192291244, 5.882109357917251, 9.032155714762219, 6.029198347154061, 3.247591241116316, 4.002141837569948, 3.365717403120163, 0.12383660797944529, 4.863161330756402, 7.746489623234709, 0.21102160292119265, 1.2984377166782064, 2.6421512123878585, 4.891137645172405, 3.4374818823990356, 0.31341987968231777, 1.3552656146546482]","25_lag_31_median_eurPSLjfm, 25_lag_43_median_traFB, 25_lag_32_median_amo2, 25_lag_41_median_mhfIP30, 30_lag_samPSLann, 25_lag_27_median_traBS, 33_lag_eapPSLjfm, 41_lag_neurTSjfm, 28_lag_traFSC, 34_lag_stratZ50ndj04, 25_lag_43_median_traDP, 36_lag_nhSICsep, 31_lag_traWP, 25_lag_33_median_atlSICjfm, 25_lag_32_median_eapPSLjfm, 25_lag_30_median_traFSC, 25_lag_36_median_traCA, 29_lag_shSICmar, 25_lag_40_median_stratZ50ndj01, 44_lag_pdoSSTjfm, 25_lag_30_median_mhfATL60, 25_lag_44_median_glomaSSTjfm, 39_lag_traFSC, 25_lag_samPSLann, 25_lag_31_median_traCA, 26_lag_arcTSjfm, 25_lag_32_median_ormenSSTjfm, 32_lag_traBS, 40_lag_labSSTjfm, 33_lag_tripol2_2496_25"
LRforcedPSO,31,30,stratZ50ndj04,picntrl,1545.5,2050.5,0.6,46,26,26,21.611290424828965,0.022343122565788888,2496,"['26_lag_35_median_AMOCann', '37_lag_tripol1', '26_lag_42_median_amo1', '26_lag_28_median_naoPSLjfm', '26_lag_32_median_nhSICjfm', '26_lag_27_median_shTSjfm', '30_lag_traIFC', '33_lag_traDP', '39_lag_traIFC', '30_lag_gyreSSTjfm', '26_lag_34_median_nppc2SSTjfm', '41_lag_arcTSjfm', '26_lag_stratZ50ndj01', '28_lag_traIFC', '41_lag_nppc3SSTjfm', '26_lag_28_median_mhfATL60', '26_lag_mhfATL60', '26_lag_43_median_nhSICsep', '40_lag_eurPSLjfm', '26_lag_40_median_traIT', '30_lag_stratZ50ndj02', '26_lag_43_median_traFSC', '29_lag_atlSICjfm', '26_lag_34_median_ormenSSTjfm', '26_lag_42_median_traBO', '37_lag_samPSLann', '40_lag_wnorPRjfm', '34_lag_cetTSjfm', '26_lag_31_median_atlSICjfm', '26_lag_37_median_mhfATL30']","[8.434699663405002, 8.082512627174264, 1.1901251819452963, 8.69036481694922, 3.5471867742759926, 4.830475233160072, 0.6467752175910988, 5.731847157565181, 2.376588287542953, 2.086890988788152, 2.1197512176582496, 1.3373337122762248, 8.182232187904756, 4.308090012368863, 0.5005291947092196, 4.512275583068557, 6.066338617238895, 1.3876912264997543, 4.063284185282665, 1.3854806650723557, 5.16461261057384, 1.7972107013348335, 5.986394013598391, 3.5513729810538095, 6.273248013321899, 9.534309228797074, 1.3848903596763318, 5.81925149249399, 3.4901235507861887, 4.180641310565241]","26_lag_35_median_AMOCann, 37_lag_tripol1, 26_lag_42_median_amo1, 26_lag_28_median_naoPSLjfm, 26_lag_32_median_nhSICjfm, 26_lag_27_median_shTSjfm, 30_lag_traIFC, 33_lag_traDP, 39_lag_traIFC, 30_lag_gyreSSTjfm, 26_lag_34_median_nppc2SSTjfm, 41_lag_arcTSjfm, 26_lag_stratZ50ndj01, 28_lag_traIFC, 41_lag_nppc3SSTjfm, 26_lag_28_median_mhfATL60, 26_lag_mhfATL60, 26_lag_43_median_nhSICsep, 40_lag_eurPSLjfm, 26_lag_40_median_traIT, 30_lag_stratZ50ndj02, 26_lag_43_median_traFSC, 29_lag_atlSICjfm, 26_lag_34_median_ormenSSTjfm, 26_lag_42_median_traBO, 37_lag_samPSLann, 40_lag_wnorPRjfm, 34_lag_cetTSjfm, 26_lag_31_median_atlSICjfm, 26_lag_37_median_mhfATL30_2496_26"
LRforcedPSO,32,30,stratZ50ndj04,picntrl,1546.5,2050.5,0.6,47,27,27,25.152537882309225,0.2068927690970004,2496,"['27_lag_33_median_ormenSSTjfm', '27_lag_43_median_tripol2', '27_lag_35_median_tripol3', '27_lag_33_median_samPSLann', '27_lag_32_median_traWP', '27_lag_40_median_mhfATL30', '27_lag_29_median_stratZ50ndj01', '27_lag_38_median_eapPSLjfm', '37_lag_traIFC', '27_lag_42_median_samPSLann', '40_lag_ginwSSTjfm', '27_lag_35_median_pdoSSTjfm', '30_lag_traWP', '27_lag_ismPRjja', '33_lag_stratZ50ndj01', '42_lag_traBS', '27_lag_39_median_traDP', '37_lag_scpPSLjfm', '27_lag_33_median_traBS', '27_lag_30_median_stratZ50ndj02', '27_lag_46_median_stratZ50ndj04', '34_lag_seurTSjfm', '39_lag_mhfATL30', '37_lag_traTLS', '36_lag_seurTSjfm', '27_lag_40_median_cetTSjfm', '27_lag_38_median_nchinaPRjja', '27_lag_29_median_ormenSSTjfm', '27_lag_38_median_glTSjfm', '27_lag_28_median_traBO']","[3.740718018653551, 5.379666168345736, 7.881740664345038, 5.571221195850802, 6.948300616504359, 3.7328430375280846, 2.143019844121959, 0.07071331670769787, 0.760013912322643, 1.953051559983063, 3.14570526204694, 3.2281601916344886, 5.117140809626177, 0.8795842361067976, 5.368579237974485, 3.715914846497295, 6.012589368635846, 4.165810330341433, 5.027721238500602, 3.777663778576521, 2.376894128098783, 4.597057908120719, 6.982125386715591, 2.368258634438556, 3.512640542132088, 2.101993784727412, 6.982813697624604, 3.774952622294583, 2.0661465899672704, 1.1649299774278266]","27_lag_33_median_ormenSSTjfm, 27_lag_43_median_tripol2, 27_lag_35_median_tripol3, 27_lag_33_median_samPSLann, 27_lag_32_median_traWP, 27_lag_40_median_mhfATL30, 27_lag_29_median_stratZ50ndj01, 27_lag_38_median_eapPSLjfm, 37_lag_traIFC, 27_lag_42_median_samPSLann, 40_lag_ginwSSTjfm, 27_lag_35_median_pdoSSTjfm, 30_lag_traWP, 27_lag_ismPRjja, 33_lag_stratZ50ndj01, 42_lag_traBS, 27_lag_39_median_traDP, 37_lag_scpPSLjfm, 27_lag_33_median_traBS, 27_lag_30_median_stratZ50ndj02, 27_lag_46_median_stratZ50ndj04, 34_lag_seurTSjfm, 39_lag_mhfATL30, 37_lag_traTLS, 36_lag_seurTSjfm, 27_lag_40_median_cetTSjfm, 27_lag_38_median_nchinaPRjja, 27_lag_29_median_ormenSSTjfm, 27_lag_38_median_glTSjfm, 27_lag_28_median_traBO_2496_27"
LRforcedPSO,33,30,stratZ50ndj04,picntrl,1547.5,2050.5,0.6,48,28,28,25.371382944956565,0.08314018111954205,2496,"['32_lag_tripol1', '28_lag_43_median_alpi', '28_lag_41_median_amo2', '30_lag_traCA', '37_lag_glomaSSTjfm', '35_lag_cetTSjfm', '28_lag_35_median_tripol2', '45_lag_tripol2', '39_lag_tripol2', '28_lag_40_median_amo3', '28_lag_30_median_traTLS', '36_lag_traFB', '28_lag_44_median_atlSICsep', '47_lag_labSSTjfm', '28_lag_33_median_satlSSTjfm', '39_lag_nhTSjfm', '28_lag_46_median_traFSC', '28_lag_43_median_amoSSTmjjaso', '28_lag_29_median_labSSTjfm', '36_lag_seurTSjfm', '28_lag_37_median_traFS', '39_lag_labSSTjfm', '28_lag_39_median_traWP', '39_lag_traEC', '34_lag_atlSICsep', '32_lag_atlSICsep', '39_lag_stratZ50ndj02', '47_lag_eapPSLjfm', '28_lag_36_median_traIFC', '36_lag_traDS']","[4.936782888526373, 4.072758862696686, 3.0778456574490107, 4.4539338029852065, 4.812894279246718, 2.835386066838945, 1.2216589643901656, 7.855652036233941, 1.7967366588821534, 5.247186731962261, 5.735087151030651, 1.2642680115255445, 5.5768345530866, 1.5963989740393032, 3.0714458919567083, 5.31382913259565, 9.215843724270131, 1.5517158227431729, 6.263427177969593, 2.402816160933046, 0.5057588334981222, 9.13439412348605, 9.308353800908954, 9.862129391299025, 5.061379750073854, 4.6762209525209535, 3.6217010648279686, 2.42965936722927, 6.219371480842244, 9.069622585206067]","32_lag_tripol1, 28_lag_43_median_alpi, 28_lag_41_median_amo2, 30_lag_traCA, 37_lag_glomaSSTjfm, 35_lag_cetTSjfm, 28_lag_35_median_tripol2, 45_lag_tripol2, 39_lag_tripol2, 28_lag_40_median_amo3, 28_lag_30_median_traTLS, 36_lag_traFB, 28_lag_44_median_atlSICsep, 47_lag_labSSTjfm, 28_lag_33_median_satlSSTjfm, 39_lag_nhTSjfm, 28_lag_46_median_traFSC, 28_lag_43_median_amoSSTmjjaso, 28_lag_29_median_labSSTjfm, 36_lag_seurTSjfm, 28_lag_37_median_traFS, 39_lag_labSSTjfm, 28_lag_39_median_traWP, 39_lag_traEC, 34_lag_atlSICsep, 32_lag_atlSICsep, 39_lag_stratZ50ndj02, 47_lag_eapPSLjfm, 28_lag_36_median_traIFC, 36_lag_traDS_2496_28"
LRforcedPSO,34,30,stratZ50ndj04,picntrl,1548.5,2050.5,0.6,49,29,29,24.17601987824678,0.01707080049511263,2496,"['29_lag_33_median_glTSjfm', '29_lag_43_median_traDS', '29_lag_satlSSTjfm', '42_lag_gyreSSTjfm', '36_lag_shTSjfm', '29_lag_33_median_wnorPRjfm', '29_lag_38_median_traFS', '29_lag_32_median_traDS', '44_lag_traBS', '29_lag_32_median_mhfATL30', '39_lag_traFS', '39_lag_traBO', '30_lag_shSICmar', '39_lag_ismPRjja', '43_lag_tripol1', '30_lag_mhfATL45', '29_lag_48_median_AMOCann', '29_lag_39_median_nhTSjfm', '39_lag_wnorPRjfm', '29_lag_31_median_tripol1', '39_lag_traEC', '41_lag_nchinaPRjja', '40_lag_ismPRjja', '47_lag_stratZ50ndj02', '42_lag_alpi', '30_lag_amo1', '46_lag_nppc2SSTjfm', '47_lag_arcTSjfm', '29_lag_30_median_traWP', '29_lag_35_median_amo1']","[2.148485808446612, 3.2100009781451604, 4.63921027733361, 1.2484567920177554, 7.156851858920081, 1.6298023777460955, 3.592521965436795, 9.280216611219688, 3.8732605511741376, 6.514277342276497, 4.607431124097058, 0.1762061542629496, 1.029531858845738, 7.633484110782655, 1.342247768633582, 7.913092955658239, 2.567635814806093, 4.048958502375715, 6.702492275532368, 2.3397586510985295, 9.560149755624497, 0.5979554406169445, 4.8696373054986, 2.9289998085905715, 6.1819215250667305, 9.818661317683688, 0.05762650524163426, 2.1587266929880977, 0.13024793567323556, 4.1444155067488015]","29_lag_33_median_glTSjfm, 29_lag_43_median_traDS, 29_lag_satlSSTjfm, 42_lag_gyreSSTjfm, 36_lag_shTSjfm, 29_lag_33_median_wnorPRjfm, 29_lag_38_median_traFS, 29_lag_32_median_traDS, 44_lag_traBS, 29_lag_32_median_mhfATL30, 39_lag_traFS, 39_lag_traBO, 30_lag_shSICmar, 39_lag_ismPRjja, 43_lag_tripol1, 30_lag_mhfATL45, 29_lag_48_median_AMOCann, 29_lag_39_median_nhTSjfm, 39_lag_wnorPRjfm, 29_lag_31_median_tripol1, 39_lag_traEC, 41_lag_nchinaPRjja, 40_lag_ismPRjja, 47_lag_stratZ50ndj02, 42_lag_alpi, 30_lag_amo1, 46_lag_nppc2SSTjfm, 47_lag_arcTSjfm, 29_lag_30_median_traWP, 29_lag_35_median_amo1_2496_29"
LRforcedPSO,35,30,stratZ50ndj04,picntrl,1549.5,2050.5,0.6,50,30,30,25.083453170924685,0.05693381801131924,2496,"['30_lag_31_median_gyreSSTjfm', '30_lag_39_median_nppc3SSTjfm', '30_lag_31_median_shSICsep', '46_lag_nppc3SSTjfm', '30_lag_39_median_eapPSLjfm', '33_lag_shTSjfm', '30_lag_37_median_scpPSLjfm', '30_lag_45_median_shSICmar', '35_lag_traDS', '38_lag_nppc2SSTjfm', '37_lag_ginwSSTjfm', '30_lag_40_median_ensoSSTjfm', '38_lag_arcTSjfm', '45_lag_arcTSjfm', '30_lag_31_median_traDS', '30_lag_38_median_traTLS', '30_lag_36_median_stratZ50ndj02', '30_lag_labSSTjfm', '46_lag_amo3', '41_lag_tripol1', '30_lag_47_median_glomaSSTjfm', '46_lag_atlSICsep', '46_lag_mhfATL60', '30_lag_32_median_mhfATL45', '39_lag_stratZ50ndj02', '33_lag_traIFC', '30_lag_37_median_arcTSjfm', '49_lag_traMC', '30_lag_42_median_labSSTjfm', '38_lag_pdoSSTjfm']","[4.229367867385441, 0.5177385348671173, 2.8689457867320733, 3.3970025314004593, 6.529145791013584, 4.930834182520862, 0.714680226783905, 1.7184590280230587, 7.5301694713853635, 3.2438579805086416, 2.355522118952786, 0.22572360765658317, 7.1983560246305185, 4.0563199858236025, 3.1708758275823623, 7.16091504790217, 5.173704429920414, 7.410366488864049, 8.316668714801413, 3.2749810369173957, 4.433694093343846, 0.5211557696931184, 4.535834725838073, 3.560933412428657, 7.2969144960300785, 9.020412249851663, 4.618424937416121, 4.339561423108506, 6.604386611112501, 4.924629085502275]","30_lag_31_median_gyreSSTjfm, 30_lag_39_median_nppc3SSTjfm, 30_lag_31_median_shSICsep, 46_lag_nppc3SSTjfm, 30_lag_39_median_eapPSLjfm, 33_lag_shTSjfm, 30_lag_37_median_scpPSLjfm, 30_lag_45_median_shSICmar, 35_lag_traDS, 38_lag_nppc2SSTjfm, 37_lag_ginwSSTjfm, 30_lag_40_median_ensoSSTjfm, 38_lag_arcTSjfm, 45_lag_arcTSjfm, 30_lag_31_median_traDS, 30_lag_38_median_traTLS, 30_lag_36_median_stratZ50ndj02, 30_lag_labSSTjfm, 46_lag_amo3, 41_lag_tripol1, 30_lag_47_median_glomaSSTjfm, 46_lag_atlSICsep, 46_lag_mhfATL60, 30_lag_32_median_mhfATL45, 39_lag_stratZ50ndj02, 33_lag_traIFC, 30_lag_37_median_arcTSjfm, 49_lag_traMC, 30_lag_42_median_labSSTjfm, 38_lag_pdoSSTjfm_2496_30"
LRforcedPSO,36,30,stratZ50ndj04,picntrl,1550.5,2050.5,0.6,51,31,31,23.08197874288119,0.0948350449954011,2496,"['37_lag_traFB', '31_lag_49_median_tripol3', '38_lag_traIFC', '31_lag_34_median_stratZ50ndj02', '43_lag_traIT', '37_lag_mhfATL45', '46_lag_stratZ50ndj02', '31_lag_44_median_traFB', '50_lag_ensoSSTjfm', '46_lag_naoPSLjfm', '45_lag_nchinaPRjja', '31_lag_44_median_scpPSLjfm', '35_lag_traFS', '36_lag_amo3', '31_lag_47_median_seurTSjfm', '35_lag_nhTSjfm', '31_lag_37_median_seurTSjfm', '37_lag_traIT', '47_lag_wnorPRjfm', '31_lag_37_median_ismPRjja', '31_lag_43_median_ensoSSTjfm', '37_lag_traEU', '45_lag_seurTSjfm', '31_lag_42_median_glTSjfm', '31_lag_36_median_tripol1', '42_lag_traTLS', '31_lag_41_median_glomaSSTjfm', '31_lag_36_median_traFB', '31_lag_39_median_traFB', '36_lag_ormenSSTjfm']","[6.541852447950049, 4.178629068343371, 4.499359566741193, 7.496852519027697, 3.756558106662947, 6.3328175252751295, 0.36013114942791624, 3.248713440336866, 4.010211175612227, 0.31101266146003503, 9.292039321145584, 0.6595510677229388, 1.0440200460600657, 6.784867849856635, 4.991837229627675, 2.9050419248920605, 1.444649972604397, 7.0758916105981235, 3.398848738896035, 9.984422635010258, 3.035988617005925, 5.853170096384335, 0.2823321420293041, 1.5892790907236929, 1.85806035655445, 2.595197594060874, 7.970556037974994, 0.9149995352239504, 0.256939499557129, 3.473599754220391]","37_lag_traFB, 31_lag_49_median_tripol3, 38_lag_traIFC, 31_lag_34_median_stratZ50ndj02, 43_lag_traIT, 37_lag_mhfATL45, 46_lag_stratZ50ndj02, 31_lag_44_median_traFB, 50_lag_ensoSSTjfm, 46_lag_naoPSLjfm, 45_lag_nchinaPRjja, 31_lag_44_median_scpPSLjfm, 35_lag_traFS, 36_lag_amo3, 31_lag_47_median_seurTSjfm, 35_lag_nhTSjfm, 31_lag_37_median_seurTSjfm, 37_lag_traIT, 47_lag_wnorPRjfm, 31_lag_37_median_ismPRjja, 31_lag_43_median_ensoSSTjfm, 37_lag_traEU, 45_lag_seurTSjfm, 31_lag_42_median_glTSjfm, 31_lag_36_median_tripol1, 42_lag_traTLS, 31_lag_41_median_glomaSSTjfm, 31_lag_36_median_traFB, 31_lag_39_median_traFB, 36_lag_ormenSSTjfm_2496_31"
LRforcedPSO,37,30,stratZ50ndj04,picntrl,1551.5,2050.5,0.6,52,32,32,22.68215912455855,0.0036355262450393023,2496,"['32_lag_43_median_nppc3SSTjfm', '32_lag_47_median_traBO', '32_lag_37_median_mhfATL60', '33_lag_atlSICjfm', '32_lag_38_median_samPSLann', '46_lag_nhSICsep', '48_lag_shSICmar', '32_lag_42_median_stratZ50ndj04', '43_lag_nhSICsep', '46_lag_eurPSLjfm', '41_lag_scpPSLjfm', '45_lag_traDP', '51_lag_amo2', '40_lag_shSICsep', '32_lag_46_median_scpPSLjfm', '40_lag_eapPSLjfm', '32_lag_45_median_nchinaPRjja', '32_lag_40_median_nhSICjfm', '32_lag_45_median_nhSICsep', '32_lag_38_median_nhSICjfm', '32_lag_47_median_amoSSTmjjaso', '48_lag_tripol3', '32_lag_39_median_traBO', '43_lag_shSICsep', '32_lag_48_median_traBS', '32_lag_43_median_alpi', '32_lag_47_median_tripol1', '42_lag_traWP', '38_lag_wnorPRjfm', '32_lag_39_median_traDP']","[0.9065821751590963, 1.5554600884123921, 0.9814595629716543, 5.447724859655665, 0.8307351946501456, 9.62868331452341, 4.853563711917294, 5.073950077022978, 1.4726471462732036, 2.1002729925356434, 0.46359088801247594, 6.596268257807594, 6.572858677834436, 5.987932525168727, 4.121220145118068, 0.01640498214394448, 2.888660428480736, 2.8922364075958313, 9.641733930645007, 7.733887979187162, 2.1098694065633428, 1.958875944331048, 6.951459721983908, 1.8735176004682526, 6.695645455515802, 0.917800998936606, 7.479242615231186, 3.2495342185779386, 2.075250761688089, 2.3850635733854215]","32_lag_43_median_nppc3SSTjfm, 32_lag_47_median_traBO, 32_lag_37_median_mhfATL60, 33_lag_atlSICjfm, 32_lag_38_median_samPSLann, 46_lag_nhSICsep, 48_lag_shSICmar, 32_lag_42_median_stratZ50ndj04, 43_lag_nhSICsep, 46_lag_eurPSLjfm, 41_lag_scpPSLjfm, 45_lag_traDP, 51_lag_amo2, 40_lag_shSICsep, 32_lag_46_median_scpPSLjfm, 40_lag_eapPSLjfm, 32_lag_45_median_nchinaPRjja, 32_lag_40_median_nhSICjfm, 32_lag_45_median_nhSICsep, 32_lag_38_median_nhSICjfm, 32_lag_47_median_amoSSTmjjaso, 48_lag_tripol3, 32_lag_39_median_traBO, 43_lag_shSICsep, 32_lag_48_median_traBS, 32_lag_43_median_alpi, 32_lag_47_median_tripol1, 42_lag_traWP, 38_lag_wnorPRjfm, 32_lag_39_median_traDP_2496_32"
LRforcedPSO,38,30,stratZ50ndj04,picntrl,1552.5,2050.5,0.6,53,33,33,24.745698339484434,-0.09106544550609703,2496,"['33_lag_49_median_samPSLann', '33_lag_37_median_nhSICsep', '43_lag_stratZ50ndj04', '42_lag_scpPSLjfm', '33_lag_42_median_nchinaPRjja', '33_lag_36_median_stratZ50ndj04', '37_lag_traCA', '50_lag_neurTSjfm', '34_lag_traTLS', '47_lag_shSICsep', '33_lag_49_median_shTSjfm', '33_lag_52_median_nppc3SSTjfm', '33_lag_47_median_traBS', '38_lag_traBO', '33_lag_41_median_mhfATL60', '33_lag_40_median_nhSICjfm', '43_lag_neurTSjfm', '33_lag_34_median_stratZ50ndj04', '47_lag_mhfIP30', '36_lag_samPSLann', '44_lag_ismPRjja', '33_lag_37_median_AMOCann', '33_lag_39_median_traBO', '33_lag_36_median_ensoSSTjfm', '33_lag_38_median_atlSICsep', '33_lag_38_median_traFB', '52_lag_atlSICsep', '33_lag_43_median_traIFC', '33_lag_40_median_nhTSjfm', '40_lag_traWP']","[5.1207977240280345, 1.8508078914395298, 0.09732810075572118, 0.8356933513846947, 9.550745669094368, 0.2559914562291983, 6.584157780109635, 1.6635943695659243, 2.567943240429482, 3.0562790356744767, 9.829698017276076, 4.057718554239611, 1.4355443024960284, 4.835979434842914, 0.5292291227992223, 3.9663543862706785, 7.921542121118215, 7.377168076034977, 3.5745554122697687, 0.21552452855565996, 4.816914351726966, 2.4563436012486086, 9.799657378273704, 4.699056253483507, 4.994769136543983, 0.27535896318936537, 5.948114711581727, 4.6651992083638625, 4.158205198600218, 1.3329017647171923]","33_lag_49_median_samPSLann, 33_lag_37_median_nhSICsep, 43_lag_stratZ50ndj04, 42_lag_scpPSLjfm, 33_lag_42_median_nchinaPRjja, 33_lag_36_median_stratZ50ndj04, 37_lag_traCA, 50_lag_neurTSjfm, 34_lag_traTLS, 47_lag_shSICsep, 33_lag_49_median_shTSjfm, 33_lag_52_median_nppc3SSTjfm, 33_lag_47_median_traBS, 38_lag_traBO, 33_lag_41_median_mhfATL60, 33_lag_40_median_nhSICjfm, 43_lag_neurTSjfm, 33_lag_34_median_stratZ50ndj04, 47_lag_mhfIP30, 36_lag_samPSLann, 44_lag_ismPRjja, 33_lag_37_median_AMOCann, 33_lag_39_median_traBO, 33_lag_36_median_ensoSSTjfm, 33_lag_38_median_atlSICsep, 33_lag_38_median_traFB, 52_lag_atlSICsep, 33_lag_43_median_traIFC, 33_lag_40_median_nhTSjfm, 40_lag_traWP_2496_33"
LRforcedPSO,39,30,stratZ50ndj04,picntrl,1553.5,2050.5,0.6,54,34,34,21.643667290870937,0.07495147024403805,2496,"['41_lag_nchinaPRjja', '38_lag_arcTSjfm', '34_lag_amo1', '34_lag_44_median_shSICmar', '34_lag_45_median_traFSC', '34_lag_38_median_stratZ50ndj02', '34_lag_48_median_tripol2', '34_lag_51_median_traTLS', '34_lag_49_median_traBS', '41_lag_traFS', '41_lag_pdoSSTjfm', '35_lag_mhfATL45', '34_lag_43_median_samPSLann', '40_lag_tripol3', '46_lag_labSSTjfm', '45_lag_traIT', '43_lag_glomaSSTjfm', '34_lag_42_median_traIFC', '52_lag_shSICmar', '48_lag_traFB', '46_lag_stratZ50ndj02', '37_lag_satlSSTjfm', '35_lag_eapPSLjfm', '38_lag_traDP', '34_lag_satlSSTjfm', '34_lag_52_median_naoPSLjfm', '36_lag_nppc2SSTjfm', '46_lag_mhfIP30', '34_lag_53_median_glomaSSTjfm', '38_lag_tripol3']","[2.802375358747897, 7.365327323791021, 4.696426457215526, 4.182391319308795, 1.1227780930916254, 3.1812118431674445, 1.2618960132941854, 0.6701093437942838, 0.48417928026264256, 6.794943703730514, 1.8524726138883114, 0.4861944047621929, 0.1513272350033823, 5.07808640903615, 4.884024176786024, 7.8739787172212505, 3.978479190635012, 1.9083826825997523, 2.2730288476605267, 2.961339881320468, 1.15117803587742, 0.2337961948958096, 4.163657612323912, 1.3014970496967937, 3.884119860542139, 5.66109969267335, 9.045903293524848, 4.618783854803952, 5.9568498084609445, 7.187664098461493]","41_lag_nchinaPRjja, 38_lag_arcTSjfm, 34_lag_amo1, 34_lag_44_median_shSICmar, 34_lag_45_median_traFSC, 34_lag_38_median_stratZ50ndj02, 34_lag_48_median_tripol2, 34_lag_51_median_traTLS, 34_lag_49_median_traBS, 41_lag_traFS, 41_lag_pdoSSTjfm, 35_lag_mhfATL45, 34_lag_43_median_samPSLann, 40_lag_tripol3, 46_lag_labSSTjfm, 45_lag_traIT, 43_lag_glomaSSTjfm, 34_lag_42_median_traIFC, 52_lag_shSICmar, 48_lag_traFB, 46_lag_stratZ50ndj02, 37_lag_satlSSTjfm, 35_lag_eapPSLjfm, 38_lag_traDP, 34_lag_satlSSTjfm, 34_lag_52_median_naoPSLjfm, 36_lag_nppc2SSTjfm, 46_lag_mhfIP30, 34_lag_53_median_glomaSSTjfm, 38_lag_tripol3_2496_34"
LRforcedPSO,40,30,stratZ50ndj04,picntrl,1554.5,2050.5,0.6,55,35,35,22.595253440074952,0.025372971745968004,2496,"['47_lag_arcTSjfm', '35_lag_54_median_eapPSLjfm', '35_lag_53_median_nchinaPRjja', '35_lag_36_median_naoPSLjfm', '36_lag_nhTSjfm', '50_lag_traCA', '39_lag_traFB', '35_lag_42_median_traDS', '35_lag_51_median_amo1', '44_lag_amoSSTmjjaso', '35_lag_52_median_stratZ50ndj04', '42_lag_amo2', '35_lag_38_median_glomaSSTjfm', '49_lag_ormenSSTjfm', '46_lag_traFB', '42_lag_gyreSSTjfm', '35_lag_49_median_traMC', '35_lag_36_median_traMC', '37_lag_gyreSSTjfm', '43_lag_amo1', '35_lag_54_median_samPSLann', '35_lag_44_median_alpi', '35_lag_45_median_yrvPRjja', '49_lag_shTSjfm', '49_lag_alpi', '35_lag_45_median_stratZ50ndj02', '47_lag_shSICmar', '35_lag_52_median_mhfATL60', '48_lag_stratZ50ndj02', '36_lag_tripol3']","[1.9378889976290807, 0.8307164030795491, 6.894935671815837, 6.101721595994089, 3.576479095282772, 1.4884126792912156, 3.8461495483747576, 1.543473762473333, 1.0221565419211665, 1.2874828856084441, 4.49100114773975, 7.094770939424237, 4.1284854108870395, 3.6745028164910885, 6.220017814929095, 1.3543804654764973, 4.6038234236806055, 3.508537603289586, 4.585651084948365, 1.7853584177831454, 3.513985806007815, 5.495063537528463, 6.675696763667183, 5.646706501028078, 6.226675698245425, 3.7138054845600132, 6.04144134960978, 6.48859410499864, 1.5566408414550565, 0.6171096669953116]","47_lag_arcTSjfm, 35_lag_54_median_eapPSLjfm, 35_lag_53_median_nchinaPRjja, 35_lag_36_median_naoPSLjfm, 36_lag_nhTSjfm, 50_lag_traCA, 39_lag_traFB, 35_lag_42_median_traDS, 35_lag_51_median_amo1, 44_lag_amoSSTmjjaso, 35_lag_52_median_stratZ50ndj04, 42_lag_amo2, 35_lag_38_median_glomaSSTjfm, 49_lag_ormenSSTjfm, 46_lag_traFB, 42_lag_gyreSSTjfm, 35_lag_49_median_traMC, 35_lag_36_median_traMC, 37_lag_gyreSSTjfm, 43_lag_amo1, 35_lag_54_median_samPSLann, 35_lag_44_median_alpi, 35_lag_45_median_yrvPRjja, 49_lag_shTSjfm, 49_lag_alpi, 35_lag_45_median_stratZ50ndj02, 47_lag_shSICmar, 35_lag_52_median_mhfATL60, 48_lag_stratZ50ndj02, 36_lag_tripol3_2496_35"
LRforcedPSO,41,30,stratZ50ndj04,picntrl,1555.5,2050.5,0.6,56,36,36,24.382791757596266,0.01621549743568841,2496,"['39_lag_amo2', '36_lag_44_median_traBO', '45_lag_traDP', '49_lag_pdoSSTjfm', '52_lag_shTSjfm', '47_lag_shSICsep', '53_lag_traTLS', '36_lag_43_median_arcTSjfm', '36_lag_54_median_shSICmar', '36_lag_37_median_traDS', '36_lag_50_median_traMC', '36_lag_53_median_scpPSLjfm', '36_lag_45_median_mhfATL60', '42_lag_ginwSSTjfm', '36_lag_41_median_nhSICjfm', '42_lag_stratZ50ndj04', '36_lag_40_median_eurPSLjfm', '42_lag_amo3', '36_lag_41_median_amo1', '42_lag_ismPRjja', '36_lag_47_median_glTSjfm', '36_lag_37_median_eapPSLjfm', '52_lag_amo3', '50_lag_nppc3SSTjfm', '47_lag_samPSLann', '41_lag_alpi', '45_lag_labSSTjfm', '38_lag_traTLS', '49_lag_samPSLann', '46_lag_nppc3SSTjfm']","[7.576264249559557, 7.919540621053098, 1.9475801172039127, 6.347560705206039, 2.0788726171892735, 2.667551784777653, 0.9096361107949953, 7.486152297230337, 0.8290190027443529, 6.131902410312399, 3.916094678261155, 0.1901239133833208, 9.253449409835177, 3.6638651418952666, 2.598154684028473, 1.8116503124601468, 7.701582251889196, 0.7402671587996661, 4.57831561107255, 5.439741110997698, 4.189821543558329, 4.040065229707402, 9.814214692665713, 5.433282559339629, 4.768136980700419, 6.4667827334639725, 0.019510195386088114, 3.5487252513650596, 3.1460394197898562, 6.47402082172799]","39_lag_amo2, 36_lag_44_median_traBO, 45_lag_traDP, 49_lag_pdoSSTjfm, 52_lag_shTSjfm, 47_lag_shSICsep, 53_lag_traTLS, 36_lag_43_median_arcTSjfm, 36_lag_54_median_shSICmar, 36_lag_37_median_traDS, 36_lag_50_median_traMC, 36_lag_53_median_scpPSLjfm, 36_lag_45_median_mhfATL60, 42_lag_ginwSSTjfm, 36_lag_41_median_nhSICjfm, 42_lag_stratZ50ndj04, 36_lag_40_median_eurPSLjfm, 42_lag_amo3, 36_lag_41_median_amo1, 42_lag_ismPRjja, 36_lag_47_median_glTSjfm, 36_lag_37_median_eapPSLjfm, 52_lag_amo3, 50_lag_nppc3SSTjfm, 47_lag_samPSLann, 41_lag_alpi, 45_lag_labSSTjfm, 38_lag_traTLS, 49_lag_samPSLann, 46_lag_nppc3SSTjfm_2496_36"
LRforcedPSO,42,30,stratZ50ndj04,picntrl,1556.5,2050.5,0.6,57,37,37,24.017275223625518,0.08977264962506261,2496,"['54_lag_amo3', '43_lag_scpPSLjfm', '37_lag_49_median_amo2', '43_lag_wnorPRjfm', '47_lag_traBO', '37_lag_51_median_traMC', '37_lag_56_median_tripol2', '37_lag_41_median_tripol2', '50_lag_shSICmar', '56_lag_AMOCann', '37_lag_48_median_traWP', '37_lag_49_median_traBO', '37_lag_43_median_nppc3SSTjfm', '38_lag_seurTSjfm', '52_lag_stratZ50ndj01', '50_lag_labSSTjfm', '37_lag_52_median_traFSC', '37_lag_38_median_ginwSSTjfm', '37_lag_39_median_stratZ50ndj04', '54_lag_stratZ50ndj01', '56_lag_traWP', '38_lag_traBS', '37_lag_40_median_satlSSTjfm', '37_lag_41_median_amo1', '37_lag_53_median_mhfATL60', '37_lag_50_median_stratZ50ndj04', '50_lag_traTLS', '37_lag_45_median_amo1', '37_lag_traBS', '44_lag_shSICsep']","[4.387533847064473, 2.9666308316668797, 5.319822986663741, 1.6468537835077015, 2.4820517218690625, 2.737477513006718, 9.418277802433153, 1.862527746366272, 8.58884646666582, 8.66954429924819, 2.300430782364856, 2.988726164665138, 5.213779387346662, 5.16843389204044, 2.924254064606611, 3.726329902733239, 2.6955575912360192, 5.192910415616017, 4.4373132673514615, 4.310095426408724, 0.9462235199303581, 3.4503536361882903, 3.2916190826707403, 8.078459775780448, 0.12007101296412159, 1.4490866719665174, 4.37084094072989, 2.477525751197982, 1.6484570378924719, 5.760256633877541]","54_lag_amo3, 43_lag_scpPSLjfm, 37_lag_49_median_amo2, 43_lag_wnorPRjfm, 47_lag_traBO, 37_lag_51_median_traMC, 37_lag_56_median_tripol2, 37_lag_41_median_tripol2, 50_lag_shSICmar, 56_lag_AMOCann, 37_lag_48_median_traWP, 37_lag_49_median_traBO, 37_lag_43_median_nppc3SSTjfm, 38_lag_seurTSjfm, 52_lag_stratZ50ndj01, 50_lag_labSSTjfm, 37_lag_52_median_traFSC, 37_lag_38_median_ginwSSTjfm, 37_lag_39_median_stratZ50ndj04, 54_lag_stratZ50ndj01, 56_lag_traWP, 38_lag_traBS, 37_lag_40_median_satlSSTjfm, 37_lag_41_median_amo1, 37_lag_53_median_mhfATL60, 37_lag_50_median_stratZ50ndj04, 50_lag_traTLS, 37_lag_45_median_amo1, 37_lag_traBS, 44_lag_shSICsep_2496_37"
LRforcedPSO,43,30,stratZ50ndj04,picntrl,1557.5,2050.5,0.6,58,38,38,22.011608911968437,0.08689820515016804,2496,"['38_lag_39_median_tripol3', '38_lag_44_median_naoPSLjfm', '51_lag_nchinaPRjja', '38_lag_54_median_stratZ50ndj01', '38_lag_55_median_traBO', '38_lag_56_median_samPSLann', '38_lag_46_median_amo3', '38_lag_55_median_amo1', '38_lag_50_median_tripol1', '39_lag_traBO', '38_lag_47_median_traWP', '49_lag_traMC', '38_lag_54_median_traTLS', '38_lag_43_median_traEU', '38_lag_52_median_nhSICsep', '38_lag_57_median_nchinaPRjja', '38_lag_42_median_eurPSLjfm', '47_lag_satlSSTjfm', '49_lag_arcTSjfm', '46_lag_nhSICjfm', '38_lag_44_median_neurTSjfm', '38_lag_42_median_nhSICsep', '38_lag_56_median_amo1', '49_lag_shSICmar', '47_lag_traFSC', '51_lag_traDS', '49_lag_stratZ50ndj04', '38_lag_40_median_neurTSjfm', '41_lag_mhfATL30', '38_lag_39_median_traBO']","[0.43715650522549154, 5.373954793940352, 9.75264292805214, 2.5623887124013223, 3.5694750847874257, 7.504458188337992, 9.351055180442472, 7.4125713677583605, 0.234997221168447, 6.624060035127657, 5.3996929628386, 0.5131646679137187, 0.005484181815827327, 5.386494482640614, 4.219416634744132, 5.603108645043292, 0.12599197794076922, 4.338238412705781, 2.4512266462085153, 1.1820214949292165, 7.048881448428258, 8.311308890964316, 6.570948802137995, 0.6126785417332741, 0.3605882756168928, 7.257825160375056, 5.400000914621533, 4.22803104592138, 3.0364691185230868, 6.101455384592853]","38_lag_39_median_tripol3, 38_lag_44_median_naoPSLjfm, 51_lag_nchinaPRjja, 38_lag_54_median_stratZ50ndj01, 38_lag_55_median_traBO, 38_lag_56_median_samPSLann, 38_lag_46_median_amo3, 38_lag_55_median_amo1, 38_lag_50_median_tripol1, 39_lag_traBO, 38_lag_47_median_traWP, 49_lag_traMC, 38_lag_54_median_traTLS, 38_lag_43_median_traEU, 38_lag_52_median_nhSICsep, 38_lag_57_median_nchinaPRjja, 38_lag_42_median_eurPSLjfm, 47_lag_satlSSTjfm, 49_lag_arcTSjfm, 46_lag_nhSICjfm, 38_lag_44_median_neurTSjfm, 38_lag_42_median_nhSICsep, 38_lag_56_median_amo1, 49_lag_shSICmar, 47_lag_traFSC, 51_lag_traDS, 49_lag_stratZ50ndj04, 38_lag_40_median_neurTSjfm, 41_lag_mhfATL30, 38_lag_39_median_traBO_2496_38"
LRforcedPSO,44,30,stratZ50ndj04,picntrl,1558.5,2050.5,0.6,59,39,39,24.057250841385617,-0.050922048964430505,2496,"['56_lag_stratZ50ndj02', '39_lag_55_median_stratZ50ndj02', '39_lag_55_median_traFB', '44_lag_arcTSjfm', '57_lag_alpi', '46_lag_amo2', '39_lag_40_median_atlSICjfm', '39_lag_43_median_traBO', '39_lag_55_median_shTSjfm', '39_lag_51_median_stratZ50ndj02', '39_lag_51_median_wnorPRjfm', '39_lag_42_median_traEU', '39_lag_43_median_tripol3', '39_lag_55_median_wnorPRjfm', '39_lag_49_median_ismPRjja', '39_lag_41_median_traDP', '39_lag_48_median_yrvPRjja', '44_lag_glomaSSTjfm', '39_lag_45_median_stratZ50ndj04', '39_lag_53_median_amo3', '39_lag_48_median_amo1', '39_lag_43_median_nchinaPRjja', '44_lag_stratZ50ndj04', '55_lag_traTLS', '40_lag_shSICmar', '39_lag_42_median_shSICmar', '42_lag_pdoSSTjfm', '39_lag_57_median_gyreSSTjfm', '57_lag_traMC', '57_lag_mhfATL45']","[7.210898094294073, 7.6389551772987545, 5.152331403504311, 6.147195321405196, 2.1644230427273348, 5.905577269503706, 5.174373138529855, 4.663146839046249, 8.481392832146142, 8.421616712974558, 4.456694531046694, 0.13549048550712683, 7.593801215390032, 2.4558926691363903, 8.718618749269105, 8.742079257686008, 9.352125614024063, 5.916427186408637, 0.06890250990786662, 0.1152469823028639, 6.911293694131562, 2.2346854366439732, 4.7732048244395475, 1.933691432127798, 4.193440405824873, 2.1198664860078704, 5.474440579997864, 1.2656507008204603, 2.682129452536026, 2.917464237673162]","56_lag_stratZ50ndj02, 39_lag_55_median_stratZ50ndj02, 39_lag_55_median_traFB, 44_lag_arcTSjfm, 57_lag_alpi, 46_lag_amo2, 39_lag_40_median_atlSICjfm, 39_lag_43_median_traBO, 39_lag_55_median_shTSjfm, 39_lag_51_median_stratZ50ndj02, 39_lag_51_median_wnorPRjfm, 39_lag_42_median_traEU, 39_lag_43_median_tripol3, 39_lag_55_median_wnorPRjfm, 39_lag_49_median_ismPRjja, 39_lag_41_median_traDP, 39_lag_48_median_yrvPRjja, 44_lag_glomaSSTjfm, 39_lag_45_median_stratZ50ndj04, 39_lag_53_median_amo3, 39_lag_48_median_amo1, 39_lag_43_median_nchinaPRjja, 44_lag_stratZ50ndj04, 55_lag_traTLS, 40_lag_shSICmar, 39_lag_42_median_shSICmar, 42_lag_pdoSSTjfm, 39_lag_57_median_gyreSSTjfm, 57_lag_traMC, 57_lag_mhfATL45_2496_39"
LRforcedPSO,45,30,stratZ50ndj04,picntrl,1559.5,2050.5,0.6,60,40,40,20.229563537699818,0.15156979581160773,2496,"['40_lag_53_median_traDS', '47_lag_amo1', '40_lag_58_median_traEU', '40_lag_57_median_traFSC', '49_lag_amo2', '40_lag_54_median_amoSSTmjjaso', '40_lag_55_median_wnorPRjfm', '40_lag_54_median_traDS', '49_lag_traBS', '40_lag_47_median_wnorPRjfm', '40_lag_56_median_labSSTjfm', '40_lag_55_median_traBO', '53_lag_traEU', '40_lag_41_median_traDS', '40_lag_41_median_alpi', '40_lag_51_median_traFSC', '56_lag_arcTSjfm', '47_lag_traTLS', '40_lag_51_median_neurTSjfm', '56_lag_mhfATL30', '52_lag_shSICsep', '57_lag_traWP', '40_lag_58_median_ismPRjja', '50_lag_mhfIP30', '59_lag_stratZ50ndj02', '50_lag_tripol3', '47_lag_traWP', '48_lag_amoSSTmjjaso', '41_lag_traFB', '40_lag_41_median_eurPSLjfm']","[7.9742701978612684, 0.8225470691002243, 1.9284550069686741, 5.933757771418566, 7.044041869854741, 5.127633001220914, 4.654206450154373, 7.570239611641291, 2.9350062912744406, 3.715685833460384, 7.753355576066014, 0.8898631161828057, 0.7653054248090143, 5.514618990407627, 0.6140055069638262, 8.775920536820127, 3.6422979855873745, 8.67476966645027, 0.2722077908560472, 2.9415347260260916, 2.172446762802398, 6.538977272224567, 5.4233196304079945, 8.953652644213232, 2.2281033870976703, 4.657631156000697, 0.10646339206036615, 4.831087790262396, 8.908276088080925, 2.113670585285414]","40_lag_53_median_traDS, 47_lag_amo1, 40_lag_58_median_traEU, 40_lag_57_median_traFSC, 49_lag_amo2, 40_lag_54_median_amoSSTmjjaso, 40_lag_55_median_wnorPRjfm, 40_lag_54_median_traDS, 49_lag_traBS, 40_lag_47_median_wnorPRjfm, 40_lag_56_median_labSSTjfm, 40_lag_55_median_traBO, 53_lag_traEU, 40_lag_41_median_traDS, 40_lag_41_median_alpi, 40_lag_51_median_traFSC, 56_lag_arcTSjfm, 47_lag_traTLS, 40_lag_51_median_neurTSjfm, 56_lag_mhfATL30, 52_lag_shSICsep, 57_lag_traWP, 40_lag_58_median_ismPRjja, 50_lag_mhfIP30, 59_lag_stratZ50ndj02, 50_lag_tripol3, 47_lag_traWP, 48_lag_amoSSTmjjaso, 41_lag_traFB, 40_lag_41_median_eurPSLjfm_2496_40"
LRforcedPSO,46,30,stratZ50ndj04,picntrl,1560.5,2050.5,0.6,61,41,41,20.082617097203418,-0.097701512981322,2496,"['49_lag_shSICsep', '43_lag_nhTSjfm', '41_lag_46_median_traMC', '41_lag_49_median_ginwSSTjfm', '41_lag_56_median_stratZ50ndj03', '41_lag_59_median_traFS', '41_lag_58_median_ormenSSTjfm', '43_lag_mhfATL45', '41_lag_52_median_tripol2', '41_lag_51_median_mhfATL60', '41_lag_58_median_labSSTjfm', '41_lag_56_median_tripol3', '41_lag_54_median_amoSSTmjjaso', '41_lag_42_median_traTLS', '41_lag_57_median_nppc2SSTjfm', '41_lag_50_median_atlSICjfm', '41_lag_44_median_atlSICjfm', '41_lag_54_median_gyreSSTjfm', '41_lag_47_median_scpPSLjfm', '48_lag_ginwSSTjfm', '41_lag_51_median_traBO', '41_lag_43_median_traBS', '56_lag_eapPSLjfm', '41_lag_54_median_stratZ50ndj02', '41_lag_42_median_arcTSjfm', '48_lag_scpPSLjfm', '45_lag_stratZ50ndj03', '44_lag_nhSICsep', '56_lag_ensoSSTjfm', '44_lag_ormenSSTjfm']","[2.5217566858570395, 4.315217833711104, 5.103203470272009, 3.337998034970175, 0.729167432337622, 4.98625865654819, 2.2286085184754256, 4.854952379531255, 6.682411333641074, 0.9867283324240521, 0.23378248728667828, 3.094451754198799, 6.7620500619427695, 3.45126003253357, 9.123476341893614, 2.706990116693449, 5.172300021612672, 5.562584638132659, 1.4198564639591797, 5.03498815680188, 6.629328748988641, 4.089080302300513, 3.4325281293565, 5.287031953247723, 2.521004788621206, 5.3574057021501975, 3.5812073115293934, 7.487348974401836, 5.79405426167342, 1.9584044928514075]","49_lag_shSICsep, 43_lag_nhTSjfm, 41_lag_46_median_traMC, 41_lag_49_median_ginwSSTjfm, 41_lag_56_median_stratZ50ndj03, 41_lag_59_median_traFS, 41_lag_58_median_ormenSSTjfm, 43_lag_mhfATL45, 41_lag_52_median_tripol2, 41_lag_51_median_mhfATL60, 41_lag_58_median_labSSTjfm, 41_lag_56_median_tripol3, 41_lag_54_median_amoSSTmjjaso, 41_lag_42_median_traTLS, 41_lag_57_median_nppc2SSTjfm, 41_lag_50_median_atlSICjfm, 41_lag_44_median_atlSICjfm, 41_lag_54_median_gyreSSTjfm, 41_lag_47_median_scpPSLjfm, 48_lag_ginwSSTjfm, 41_lag_51_median_traBO, 41_lag_43_median_traBS, 56_lag_eapPSLjfm, 41_lag_54_median_stratZ50ndj02, 41_lag_42_median_arcTSjfm, 48_lag_scpPSLjfm, 45_lag_stratZ50ndj03, 44_lag_nhSICsep, 56_lag_ensoSSTjfm, 44_lag_ormenSSTjfm_2496_41"
LRforcedPSO,47,30,stratZ50ndj04,picntrl,1561.5,2050.5,0.6,62,42,42,22.85855579127147,0.10026072754783834,2496,"['42_lag_43_median_glTSjfm', '42_lag_43_median_traDP', '54_lag_amo1', '42_lag_61_median_ginwSSTjfm', '57_lag_tripol3', '60_lag_stratZ50ndj02', '46_lag_amo1', '42_lag_45_median_stratZ50ndj02', '42_lag_52_median_scpPSLjfm', '51_lag_traEU', '61_lag_traBO', '60_lag_shTSjfm', '54_lag_eurPSLjfm', '58_lag_traFB', '42_lag_50_median_pdoSSTjfm', '61_lag_traFS', '42_lag_57_median_tripol3', '45_lag_wnorPRjfm', '42_lag_57_median_glomaSSTjfm', '42_lag_53_median_amoSSTmjjaso', '54_lag_glomaSSTjfm', '47_lag_seurTSjfm', '50_lag_naoPSLjfm', '42_lag_yrvPRjja', '42_lag_50_median_gyreSSTjfm', '42_lag_58_median_traCA', '42_lag_pdoSSTjfm', '42_lag_53_median_eapPSLjfm', '42_lag_52_median_mhfATL30', '43_lag_shTSjfm']","[6.162885860999928, 8.064509980610236, 1.7031547631261184, 2.7972878705715987, 1.9415789066618157, 2.461844931980689, 7.304791866660484, 4.995776636338178, 2.0995926781475927, 4.1116955102431385, 5.809644996064412, 3.002043602476556, 0.3041046358138111, 4.322563371531578, 2.861670152934364, 7.269641481801887, 1.2285737073163752, 7.945880850255435, 0.8853701933594458, 8.590368040188439, 2.236737838339506, 3.8454793778568614, 4.916070810937693, 2.643576649264416, 2.0074499377255925, 8.70012666905168, 5.450759138288714, 1.5395592650050638, 7.769396772261857, 7.801618988630232]","42_lag_43_median_glTSjfm, 42_lag_43_median_traDP, 54_lag_amo1, 42_lag_61_median_ginwSSTjfm, 57_lag_tripol3, 60_lag_stratZ50ndj02, 46_lag_amo1, 42_lag_45_median_stratZ50ndj02, 42_lag_52_median_scpPSLjfm, 51_lag_traEU, 61_lag_traBO, 60_lag_shTSjfm, 54_lag_eurPSLjfm, 58_lag_traFB, 42_lag_50_median_pdoSSTjfm, 61_lag_traFS, 42_lag_57_median_tripol3, 45_lag_wnorPRjfm, 42_lag_57_median_glomaSSTjfm, 42_lag_53_median_amoSSTmjjaso, 54_lag_glomaSSTjfm, 47_lag_seurTSjfm, 50_lag_naoPSLjfm, 42_lag_yrvPRjja, 42_lag_50_median_gyreSSTjfm, 42_lag_58_median_traCA, 42_lag_pdoSSTjfm, 42_lag_53_median_eapPSLjfm, 42_lag_52_median_mhfATL30, 43_lag_shTSjfm_2496_42"
LRforcedPSO,48,30,stratZ50ndj04,picntrl,1562.5,2050.5,0.6,63,43,43,25.545340099689078,0.08518470260788819,2496,"['54_lag_labSSTjfm', '50_lag_wnorPRjfm', '43_lag_50_median_tripol1', '43_lag_59_median_traCA', '52_lag_nhSICsep', '43_lag_55_median_tripol1', '43_lag_58_median_mhfIP30', '56_lag_mhfATL60', '43_lag_59_median_shTSjfm', '43_lag_62_median_traIT', '44_lag_cetTSjfm', '51_lag_gyreSSTjfm', '60_lag_nchinaPRjja', '56_lag_pdoSSTjfm', '43_lag_61_median_atlSICjfm', '43_lag_62_median_traEU', '44_lag_nchinaPRjja', '61_lag_traFB', '43_lag_44_median_alpi', '62_lag_traEU', '48_lag_ismPRjja', '50_lag_labSSTjfm', '43_lag_52_median_mhfATL45', '59_lag_traDP', '52_lag_stratZ50ndj01', '43_lag_57_median_glomaSSTjfm', '43_lag_45_median_stratZ50ndj03', '50_lag_traCA', '58_lag_nppc3SSTjfm', '49_lag_yrvPRjja']","[4.726173180520412, 1.3808435543777335, 4.743742231892698, 1.8104655094419897, 2.7895954669032044, 2.9915003619685248, 1.9450191649937931, 3.122157262000636, 1.20934405395327, 7.760548388258641, 3.80466500198861, 7.604019042770513, 7.985454858553678, 4.03189245692306, 6.448053607884281, 3.1282626112141916, 0.6711528602719419, 8.733167974517364, 4.0452214465270515, 8.163106236044975, 5.500670441932445, 0.5457502208519198, 9.503773553393184, 9.682559320787163, 1.67358508246582, 0.9327560663771468, 1.247971073084349, 4.50374344126956, 3.010702886426535, 6.255556774325917]","54_lag_labSSTjfm, 50_lag_wnorPRjfm, 43_lag_50_median_tripol1, 43_lag_59_median_traCA, 52_lag_nhSICsep, 43_lag_55_median_tripol1, 43_lag_58_median_mhfIP30, 56_lag_mhfATL60, 43_lag_59_median_shTSjfm, 43_lag_62_median_traIT, 44_lag_cetTSjfm, 51_lag_gyreSSTjfm, 60_lag_nchinaPRjja, 56_lag_pdoSSTjfm, 43_lag_61_median_atlSICjfm, 43_lag_62_median_traEU, 44_lag_nchinaPRjja, 61_lag_traFB, 43_lag_44_median_alpi, 62_lag_traEU, 48_lag_ismPRjja, 50_lag_labSSTjfm, 43_lag_52_median_mhfATL45, 59_lag_traDP, 52_lag_stratZ50ndj01, 43_lag_57_median_glomaSSTjfm, 43_lag_45_median_stratZ50ndj03, 50_lag_traCA, 58_lag_nppc3SSTjfm, 49_lag_yrvPRjja_2496_43"
LRforcedPSO,49,30,stratZ50ndj04,picntrl,1563.5,2050.5,0.6,64,44,44,20.26531684338899,0.05701881193457647,2496,"['45_lag_ginwSSTjfm', '45_lag_shSICmar', '57_lag_stratZ50ndj02', '44_lag_54_median_traBO', '44_lag_60_median_cetTSjfm', '44_lag_48_median_stratZ50ndj03', '44_lag_61_median_traTLS', '44_lag_56_median_tripol2', '51_lag_labSSTjfm', '59_lag_traWP', '51_lag_mhfIP30', '46_lag_amo1', '44_lag_56_median_naoPSLjfm', '44_lag_52_median_arcTSjfm', '51_lag_atlSICjfm', '57_lag_AMOCann', '63_lag_stratZ50ndj04', '44_lag_ormenSSTjfm', '57_lag_neurTSjfm', '44_lag_48_median_yrvPRjja', '49_lag_traEU', '44_lag_56_median_traBO', '44_lag_54_median_labSSTjfm', '53_lag_traEU', '45_lag_tripol1', '44_lag_52_median_traDP', '44_lag_52_median_scpPSLjfm', '48_lag_shSICmar', '46_lag_eapPSLjfm', '46_lag_tripol1']","[0.06664894202920024, 1.5589005370617315, 1.7744848021607638, 8.61253062977135, 0.45248332646479206, 5.942550659987347, 0.45289855783030397, 1.7744452351989555, 9.812873837017303, 1.3848424923944442, 3.1575124483135735, 2.221288883551697, 1.7739782937813775, 0.49381848225639224, 7.43739486894853, 4.520837252481473, 7.743530434455601, 9.490687343818017, 1.0793474935704843, 5.31935790325617, 0.2652779247858046, 3.896126030826956, 6.295654586304931, 6.169566135839549, 5.5905615764408, 1.9170684214631564, 5.696697687191472, 1.0729342636069088, 1.4496769177435063, 7.3755912489574715]","45_lag_ginwSSTjfm, 45_lag_shSICmar, 57_lag_stratZ50ndj02, 44_lag_54_median_traBO, 44_lag_60_median_cetTSjfm, 44_lag_48_median_stratZ50ndj03, 44_lag_61_median_traTLS, 44_lag_56_median_tripol2, 51_lag_labSSTjfm, 59_lag_traWP, 51_lag_mhfIP30, 46_lag_amo1, 44_lag_56_median_naoPSLjfm, 44_lag_52_median_arcTSjfm, 51_lag_atlSICjfm, 57_lag_AMOCann, 63_lag_stratZ50ndj04, 44_lag_ormenSSTjfm, 57_lag_neurTSjfm, 44_lag_48_median_yrvPRjja, 49_lag_traEU, 44_lag_56_median_traBO, 44_lag_54_median_labSSTjfm, 53_lag_traEU, 45_lag_tripol1, 44_lag_52_median_traDP, 44_lag_52_median_scpPSLjfm, 48_lag_shSICmar, 46_lag_eapPSLjfm, 46_lag_tripol1_2496_44"
LRforcedPSO,50,30,stratZ50ndj04,picntrl,1564.5,2050.5,0.6,65,45,45,21.24490717287564,0.007090677100141449,2496,"['52_lag_ginwSSTjfm', '55_lag_tripol2', '45_lag_47_median_scpPSLjfm', '58_lag_nchinaPRjja', '45_lag_54_median_gyreSSTjfm', '50_lag_tripol1', '54_lag_mhfATL60', '62_lag_ismPRjja', '45_lag_60_median_nppc3SSTjfm', '45_lag_63_median_shTSjfm', '45_lag_50_median_traEU', '45_lag_61_median_traIFC', '45_lag_50_median_AMOCann', '63_lag_tripol2', '55_lag_naoPSLjfm', '45_lag_64_median_traFSC', '45_lag_51_median_mhfATL60', '46_lag_amo2', '45_lag_49_median_amoSSTmjjaso', '52_lag_atlSICsep', '45_lag_57_median_wnorPRjfm', '45_lag_48_median_ginwSSTjfm', '45_lag_46_median_amo3', '45_lag_61_median_shSICsep', '63_lag_traFS', '47_lag_stratZ50ndj02', '45_lag_61_median_traBS', '57_lag_glTSjfm', '52_lag_traFSC', '45_lag_46_median_AMOCann']","[8.966414881589255, 7.387739097319532, 1.4342988867777855, 0.4775378245055748, 1.6943243668204495, 7.329365151022209, 5.617793534827404, 5.722743996506141, 0.30159577113477454, 3.7361260818747377, 4.1351310212716434, 2.098814046204409, 9.320117974267099, 7.416198299620369, 6.227783190335952, 0.43187544042730686, 2.841105673142259, 0.35974698490838186, 7.400839056548754, 7.173570855071123, 0.5114154599924525, 5.045913533759357, 1.2080328697722127, 0.5414963181560228, 1.1550189905004977, 5.9325773935174695, 6.4180300986865895, 1.8643784653328517, 1.335236866092588, 2.8642695769792725]","52_lag_ginwSSTjfm, 55_lag_tripol2, 45_lag_47_median_scpPSLjfm, 58_lag_nchinaPRjja, 45_lag_54_median_gyreSSTjfm, 50_lag_tripol1, 54_lag_mhfATL60, 62_lag_ismPRjja, 45_lag_60_median_nppc3SSTjfm, 45_lag_63_median_shTSjfm, 45_lag_50_median_traEU, 45_lag_61_median_traIFC, 45_lag_50_median_AMOCann, 63_lag_tripol2, 55_lag_naoPSLjfm, 45_lag_64_median_traFSC, 45_lag_51_median_mhfATL60, 46_lag_amo2, 45_lag_49_median_amoSSTmjjaso, 52_lag_atlSICsep, 45_lag_57_median_wnorPRjfm, 45_lag_48_median_ginwSSTjfm, 45_lag_46_median_amo3, 45_lag_61_median_shSICsep, 63_lag_traFS, 47_lag_stratZ50ndj02, 45_lag_61_median_traBS, 57_lag_glTSjfm, 52_lag_traFSC, 45_lag_46_median_AMOCann_2496_45"
LRforcedPSO,51,30,stratZ50ndj04,picntrl,1565.5,2050.5,0.6,66,46,46,26.97376157752923,-0.050286311116303925,2496,"['46_lag_64_median_stratZ50ndj03', '46_lag_51_median_stratZ50ndj01', '59_lag_traEU', '49_lag_eapPSLjfm', '61_lag_samPSLann', '46_lag_54_median_mhfATL30', '46_lag_62_median_traIT', '46_lag_63_median_wnorPRjfm', '56_lag_AMOCann', '60_lag_wnorPRjfm', '64_lag_seurTSjfm', '59_lag_ginwSSTjfm', '46_lag_58_median_yrvPRjja', '54_lag_traEC', '61_lag_yrvPRjja', '62_lag_stratZ50ndj02', '46_lag_49_median_tripol1', '65_lag_samPSLann', '46_lag_63_median_traFB', '59_lag_amo2', '46_lag_64_median_neurTSjfm', '55_lag_traIFC', '46_lag_48_median_glomaSSTjfm', '46_lag_60_median_nppc2SSTjfm', '52_lag_amoSSTmjjaso', '46_lag_52_median_stratZ50ndj04', '60_lag_nhSICsep', '56_lag_traCA', '46_lag_53_median_glTSjfm', '53_lag_glTSjfm']","[5.847259528432229, 7.639988782831466, 0.4839409240823773, 4.362602329152459, 1.3822323063815212, 7.468336248463244, 7.56798060100013, 6.550663848555562, 0.4558922845749702, 6.166250354061386, 5.729717272872095, 0.621566966751395, 2.5361378241652304, 2.858603793031575, 4.8118992767721736, 3.268082510108041, 0.006941871721684478, 5.584710451822527, 9.393275275169152, 0.5518813020381312, 0.5145263127852591, 1.1912876096327896, 4.111478592027225, 4.868612816921825, 2.5333194738757925, 5.232916765439363, 5.200302769496023, 1.5121465000637517, 1.777497038088267, 6.258875897222794]","46_lag_64_median_stratZ50ndj03, 46_lag_51_median_stratZ50ndj01, 59_lag_traEU, 49_lag_eapPSLjfm, 61_lag_samPSLann, 46_lag_54_median_mhfATL30, 46_lag_62_median_traIT, 46_lag_63_median_wnorPRjfm, 56_lag_AMOCann, 60_lag_wnorPRjfm, 64_lag_seurTSjfm, 59_lag_ginwSSTjfm, 46_lag_58_median_yrvPRjja, 54_lag_traEC, 61_lag_yrvPRjja, 62_lag_stratZ50ndj02, 46_lag_49_median_tripol1, 65_lag_samPSLann, 46_lag_63_median_traFB, 59_lag_amo2, 46_lag_64_median_neurTSjfm, 55_lag_traIFC, 46_lag_48_median_glomaSSTjfm, 46_lag_60_median_nppc2SSTjfm, 52_lag_amoSSTmjjaso, 46_lag_52_median_stratZ50ndj04, 60_lag_nhSICsep, 56_lag_traCA, 46_lag_53_median_glTSjfm, 53_lag_glTSjfm_2496_46"
LRforcedPSO,52,30,stratZ50ndj04,picntrl,1566.5,2050.5,0.6,67,47,47,27.014732424914996,0.05038800782537805,2496,"['64_lag_traMC', '47_lag_51_median_atlSICjfm', '48_lag_ismPRjja', '47_lag_49_median_mhfATL30', '47_lag_52_median_ismPRjja', '62_lag_stratZ50ndj03', '58_lag_nhTSjfm', '66_lag_nhSICjfm', '47_lag_59_median_mhfATL45', '47_lag_58_median_atlSICjfm', '49_lag_mhfATL60', '47_lag_59_median_stratZ50ndj02', '47_lag_59_median_traIFC', '53_lag_traFB', '47_lag_66_median_scpPSLjfm', '47_lag_63_median_traEC', '47_lag_65_median_nchinaPRjja', '47_lag_51_median_glomaSSTjfm', '47_lag_49_median_scpPSLjfm', '47_lag_57_median_labSSTjfm', '47_lag_52_median_amo1', '47_lag_58_median_ormenSSTjfm', '57_lag_tripol1', '57_lag_traBS', '53_lag_gyreSSTjfm', '47_lag_66_median_atlSICsep', '57_lag_amoSSTmjjaso', '50_lag_stratZ50ndj01', '47_lag_57_median_seurTSjfm', '47_lag_64_median_traWP']","[2.4833773436703694, 6.2868319007975675, 1.3731021798964562, 8.882939453801766, 4.764860693177779, 1.2102107326556997, 2.4280175014269982, 5.908321330173245, 1.7035576100183505, 6.767439147596008, 7.704716030462556, 1.4576248558036973, 7.371491233969243, 3.4940637781344153, 6.959337757920963, 7.682611086105804, 5.141046840619019, 7.427259483754058, 8.204042541693529, 2.570040730221672, 1.1673370008975716, 4.350766404725586, 8.31264274248619, 1.694303045209482, 2.30057790137945, 0.12221139835246575, 4.158707778160158, 0.45087888732059334, 2.203131170796933, 0.2660791787116228]","64_lag_traMC, 47_lag_51_median_atlSICjfm, 48_lag_ismPRjja, 47_lag_49_median_mhfATL30, 47_lag_52_median_ismPRjja, 62_lag_stratZ50ndj03, 58_lag_nhTSjfm, 66_lag_nhSICjfm, 47_lag_59_median_mhfATL45, 47_lag_58_median_atlSICjfm, 49_lag_mhfATL60, 47_lag_59_median_stratZ50ndj02, 47_lag_59_median_traIFC, 53_lag_traFB, 47_lag_66_median_scpPSLjfm, 47_lag_63_median_traEC, 47_lag_65_median_nchinaPRjja, 47_lag_51_median_glomaSSTjfm, 47_lag_49_median_scpPSLjfm, 47_lag_57_median_labSSTjfm, 47_lag_52_median_amo1, 47_lag_58_median_ormenSSTjfm, 57_lag_tripol1, 57_lag_traBS, 53_lag_gyreSSTjfm, 47_lag_66_median_atlSICsep, 57_lag_amoSSTmjjaso, 50_lag_stratZ50ndj01, 47_lag_57_median_seurTSjfm, 47_lag_64_median_traWP_2496_47"
LRforcedPSO,53,30,stratZ50ndj04,picntrl,1567.5,2050.5,0.6,68,48,48,19.456006418464703,0.0237935117667895,2496,"['48_lag_59_median_naoPSLjfm', '61_lag_amo3', '48_lag_52_median_traDP', '66_lag_amo1', '54_lag_nppc2SSTjfm', '48_lag_49_median_atlSICjfm', '48_lag_50_median_traCA', '66_lag_traFSC', '48_lag_56_median_traDP', '48_lag_60_median_traDP', '48_lag_59_median_nppc2SSTjfm', '48_lag_59_median_tripol2', '61_lag_mhfATL45', '48_lag_60_median_pdoSSTjfm', '48_lag_56_median_nchinaPRjja', '48_lag_59_median_traDP', '59_lag_glomaSSTjfm', '48_lag_52_median_pdoSSTjfm', '48_lag_52_median_traEC', '48_lag_67_median_traFB', '54_lag_traFB', '48_lag_57_median_samPSLann', '55_lag_traBS', '50_lag_traFSC', '63_lag_glomaSSTjfm', '62_lag_mhfATL30', '48_lag_51_median_mhfATL30', '48_lag_62_median_stratZ50ndj04', '66_lag_traDP', '48_lag_52_median_traDS']","[9.097387090656287, 8.348415699511918, 1.9377950038198826, 1.5055546835674711, 2.5676228567270556, 5.726199694534717, 4.800033436589355, 0.2625418504218864, 0.2264429399247625, 7.017900309328187, 0.39464460321863015, 1.4558943569996448, 7.941685383726583, 2.7365843616697294, 0.6692988314964978, 7.718962976329628, 6.9464486381458705, 6.24073665527623, 6.0456923481176545, 1.5523439885767694, 8.615943519362501, 1.5887205507872757, 0.6125941760853042, 7.094560923035602, 6.477947111412693, 6.4115810247055975, 1.0402323141586063, 2.0114036772388832, 1.726708893859957, 0.1498500392401052]","48_lag_59_median_naoPSLjfm, 61_lag_amo3, 48_lag_52_median_traDP, 66_lag_amo1, 54_lag_nppc2SSTjfm, 48_lag_49_median_atlSICjfm, 48_lag_50_median_traCA, 66_lag_traFSC, 48_lag_56_median_traDP, 48_lag_60_median_traDP, 48_lag_59_median_nppc2SSTjfm, 48_lag_59_median_tripol2, 61_lag_mhfATL45, 48_lag_60_median_pdoSSTjfm, 48_lag_56_median_nchinaPRjja, 48_lag_59_median_traDP, 59_lag_glomaSSTjfm, 48_lag_52_median_pdoSSTjfm, 48_lag_52_median_traEC, 48_lag_67_median_traFB, 54_lag_traFB, 48_lag_57_median_samPSLann, 55_lag_traBS, 50_lag_traFSC, 63_lag_glomaSSTjfm, 62_lag_mhfATL30, 48_lag_51_median_mhfATL30, 48_lag_62_median_stratZ50ndj04, 66_lag_traDP, 48_lag_52_median_traDS_2496_48"
LRforcedPSO,54,30,stratZ50ndj04,picntrl,1568.5,2050.5,0.6,69,49,49,24.878962131193052,-0.15709826928649212,2496,"['61_lag_nppc3SSTjfm', '49_lag_68_median_gyreSSTjfm', '49_lag_55_median_traCA', '57_lag_traCA', '49_lag_63_median_nppc3SSTjfm', '64_lag_tripol2', '49_lag_62_median_nppc3SSTjfm', '49_lag_50_median_amoSSTmjjaso', '49_lag_59_median_traIT', '53_lag_eapPSLjfm', '49_lag_50_median_traMC', '64_lag_traDS', '61_lag_ormenSSTjfm', '49_lag_50_median_traTLS', '56_lag_traBS', '49_lag_52_median_eurPSLjfm', '49_lag_53_median_tripol1', '49_lag_61_median_ormenSSTjfm', '68_lag_atlSICjfm', '49_lag_52_median_tripol2', '68_lag_tripol2', '49_lag_55_median_ginwSSTjfm', '54_lag_nchinaPRjja', '56_lag_tripol1', '49_lag_66_median_amo1', '49_lag_62_median_mhfATL60', '49_lag_66_median_atlSICjfm', '49_lag_64_median_mhfATL45', '52_lag_traWP', '61_lag_labSSTjfm']","[1.9191955311220976, 6.551058953988143, 3.4730585552673787, 7.508224236499313, 2.2814340780073152, 6.650071837302125, 0.006410137688611428, 3.224815983605165, 6.309775780547863, 5.579285786642643, 5.500935202981175, 1.1087712315669336, 8.399156769674725, 5.62317910927592, 0.48171212025284404, 4.65892825643531, 7.059322099454665, 2.6610897997609406, 4.203681473479319, 4.572222215559059, 8.020498225144411, 1.7314909364030662, 8.9268687445656, 0.08817046433464704, 4.010357533380679, 0.9839106167609106, 0.3036040881342572, 1.973693135977415, 7.513253324417963, 2.664850413981391]","61_lag_nppc3SSTjfm, 49_lag_68_median_gyreSSTjfm, 49_lag_55_median_traCA, 57_lag_traCA, 49_lag_63_median_nppc3SSTjfm, 64_lag_tripol2, 49_lag_62_median_nppc3SSTjfm, 49_lag_50_median_amoSSTmjjaso, 49_lag_59_median_traIT, 53_lag_eapPSLjfm, 49_lag_50_median_traMC, 64_lag_traDS, 61_lag_ormenSSTjfm, 49_lag_50_median_traTLS, 56_lag_traBS, 49_lag_52_median_eurPSLjfm, 49_lag_53_median_tripol1, 49_lag_61_median_ormenSSTjfm, 68_lag_atlSICjfm, 49_lag_52_median_tripol2, 68_lag_tripol2, 49_lag_55_median_ginwSSTjfm, 54_lag_nchinaPRjja, 56_lag_tripol1, 49_lag_66_median_amo1, 49_lag_62_median_mhfATL60, 49_lag_66_median_atlSICjfm, 49_lag_64_median_mhfATL45, 52_lag_traWP, 61_lag_labSSTjfm_2496_49"
LRforcedPSO,55,30,stratZ50ndj04,picntrl,1569.5,2050.5,0.6,70,50,50,18.955677000471038,-0.005989413171672275,2496,"['50_lag_69_median_ormenSSTjfm', '50_lag_60_median_gyreSSTjfm', '60_lag_seurTSjfm', '50_lag_55_median_mhfATL30', '50_lag_61_median_glomaSSTjfm', '52_lag_traBO', '62_lag_stratZ50ndj04', '54_lag_traEU', '69_lag_scpPSLjfm', '50_lag_traTLS', '53_lag_amoSSTmjjaso', '59_lag_ismPRjja', '50_lag_66_median_tripol1', '66_lag_atlSICsep', '50_lag_66_median_nchinaPRjja', '52_lag_alpi', '50_lag_67_median_amoSSTmjjaso', '50_lag_59_median_traMC', '50_lag_66_median_gyreSSTjfm', '55_lag_traTLS', '56_lag_neurTSjfm', '50_lag_51_median_atlSICjfm', '50_lag_63_median_traFB', '69_lag_ensoSSTjfm', '65_lag_AMOCann', '59_lag_nchinaPRjja', '50_lag_68_median_cetTSjfm', '52_lag_ensoSSTjfm', '63_lag_gyreSSTjfm', '50_lag_53_median_yrvPRjja']","[4.493871039206523, 2.115427502256959, 4.0318953847941525, 7.218548470783023, 2.8090865521710136, 4.307286063217322, 0.9586234426096532, 1.744048912136142, 3.307269476341288, 2.696489963437627, 2.34463683101999, 2.215296023571632, 6.444505639363886, 5.014667180973113, 3.877866601105156, 2.3463967824136276, 0.9840710531035377, 0.22035791478704425, 7.9154055010164175, 1.6071571659928434, 2.4863101225819957, 4.440405448293035, 7.961327932500179, 1.187486293906586, 3.620181121140334, 6.5949491306423695, 9.372476523472637, 2.5542447366404586, 8.934524956928609, 0.25742675349106037]","50_lag_69_median_ormenSSTjfm, 50_lag_60_median_gyreSSTjfm, 60_lag_seurTSjfm, 50_lag_55_median_mhfATL30, 50_lag_61_median_glomaSSTjfm, 52_lag_traBO, 62_lag_stratZ50ndj04, 54_lag_traEU, 69_lag_scpPSLjfm, 50_lag_traTLS, 53_lag_amoSSTmjjaso, 59_lag_ismPRjja, 50_lag_66_median_tripol1, 66_lag_atlSICsep, 50_lag_66_median_nchinaPRjja, 52_lag_alpi, 50_lag_67_median_amoSSTmjjaso, 50_lag_59_median_traMC, 50_lag_66_median_gyreSSTjfm, 55_lag_traTLS, 56_lag_neurTSjfm, 50_lag_51_median_atlSICjfm, 50_lag_63_median_traFB, 69_lag_ensoSSTjfm, 65_lag_AMOCann, 59_lag_nchinaPRjja, 50_lag_68_median_cetTSjfm, 52_lag_ensoSSTjfm, 63_lag_gyreSSTjfm, 50_lag_53_median_yrvPRjja_2496_50"
LRforcedPSO,56,30,stratZ50ndj04,picntrl,1570.5,2050.5,0.6,71,51,51,24.380696139246222,0.012215762158963668,2496,"['68_lag_shSICsep', '66_lag_samPSLann', '62_lag_traFSC', '52_lag_nhSICsep', '51_lag_56_median_traTLS', '51_lag_69_median_traMC', '62_lag_amo1', '51_lag_64_median_nhTSjfm', '53_lag_mhfIP30', '51_lag_61_median_ormenSSTjfm', '51_lag_57_median_atlSICsep', '51_lag_67_median_traFS', '60_lag_samPSLann', '51_lag_AMOCann', '51_lag_64_median_nhSICsep', '51_lag_58_median_traTLS', '54_lag_wnorPRjfm', '69_lag_mhfATL30', '51_lag_59_median_shTSjfm', '51_lag_54_median_traDP', '51_lag_58_median_neurTSjfm', '51_lag_62_median_traIFC', '64_lag_cetTSjfm', '51_lag_57_median_eurPSLjfm', '51_lag_65_median_nchinaPRjja', '63_lag_alpi', '51_lag_66_median_mhfIP30', '51_lag_59_median_gyreSSTjfm', '51_lag_66_median_nppc2SSTjfm', '58_lag_traBO']","[2.815973923223818, 0.5524241037672759, 8.86905166058195, 3.58336268104509, 8.613833211788934, 4.7649618077837115, 5.5928474965328245, 3.2010710132341735, 7.328005538946968, 3.6815560851309836, 1.4673791773310754, 0.18248505944774784, 2.657684133482034, 0.8336538875697563, 3.1518864774866273, 1.3248692703790095, 7.661356707243998, 0.5015986817518421, 0.8352177664834528, 0.8502133055629724, 6.595807275679611, 5.404729084597697, 3.238237150061803, 6.775732469209279, 6.510286003069254, 0.25853302438138215, 2.8912853043827056, 2.982480498771107, 9.387174234148837, 2.026646464039745]","68_lag_shSICsep, 66_lag_samPSLann, 62_lag_traFSC, 52_lag_nhSICsep, 51_lag_56_median_traTLS, 51_lag_69_median_traMC, 62_lag_amo1, 51_lag_64_median_nhTSjfm, 53_lag_mhfIP30, 51_lag_61_median_ormenSSTjfm, 51_lag_57_median_atlSICsep, 51_lag_67_median_traFS, 60_lag_samPSLann, 51_lag_AMOCann, 51_lag_64_median_nhSICsep, 51_lag_58_median_traTLS, 54_lag_wnorPRjfm, 69_lag_mhfATL30, 51_lag_59_median_shTSjfm, 51_lag_54_median_traDP, 51_lag_58_median_neurTSjfm, 51_lag_62_median_traIFC, 64_lag_cetTSjfm, 51_lag_57_median_eurPSLjfm, 51_lag_65_median_nchinaPRjja, 63_lag_alpi, 51_lag_66_median_mhfIP30, 51_lag_59_median_gyreSSTjfm, 51_lag_66_median_nppc2SSTjfm, 58_lag_traBO_2496_51"
LRforcedPSO,57,30,stratZ50ndj04,picntrl,1571.5,2050.5,0.6,72,52,52,22.664797775748365,-0.009863119909273167,2496,"['57_lag_stratZ50ndj01', '52_lag_57_median_mhfATL30', '69_lag_ginwSSTjfm', '69_lag_traEU', '52_lag_63_median_glTSjfm', '71_lag_arcTSjfm', '58_lag_ormenSSTjfm', '53_lag_shTSjfm', '52_lag_68_median_pdoSSTjfm', '52_lag_68_median_arcTSjfm', '52_lag_69_median_ginwSSTjfm', '52_lag_53_median_traIFC', '52_lag_65_median_amo3', '52_lag_53_median_naoPSLjfm', '52_lag_70_median_shSICsep', '52_lag_59_median_alpi', '64_lag_neurTSjfm', '52_lag_69_median_arcTSjfm', '67_lag_eurPSLjfm', '52_lag_60_median_ensoSSTjfm', '61_lag_mhfIP30', '52_lag_68_median_eurPSLjfm', '52_lag_70_median_wnorPRjfm', '53_lag_samPSLann', '67_lag_nppc3SSTjfm', '53_lag_scpPSLjfm', '65_lag_satlSSTjfm', '66_lag_satlSSTjfm', '65_lag_scpPSLjfm', '52_lag_68_median_ginwSSTjfm']","[5.706709537935149, 2.3355114579513314, 3.3379384170291893, 5.059140115172374, 3.7907698617486707, 0.8088861044713962, 3.0669311426200334, 1.0258538636172077, 1.9671612390880924, 9.7928488491062, 4.15681064316651, 4.058447038853805, 2.7853794432724364, 3.1152696386555707, 3.6534559132300526, 4.501086478379722, 2.017793474427876, 8.790151028304486, 3.3677956855160005, 0.38788596074674686, 6.923541285089549, 8.008582033902144, 9.134615819313549, 5.0182701246430454, 0.026628121116365477, 4.991048335918013, 8.135091614969035, 1.791769943523029, 9.123155217564033, 4.059690039207742]","57_lag_stratZ50ndj01, 52_lag_57_median_mhfATL30, 69_lag_ginwSSTjfm, 69_lag_traEU, 52_lag_63_median_glTSjfm, 71_lag_arcTSjfm, 58_lag_ormenSSTjfm, 53_lag_shTSjfm, 52_lag_68_median_pdoSSTjfm, 52_lag_68_median_arcTSjfm, 52_lag_69_median_ginwSSTjfm, 52_lag_53_median_traIFC, 52_lag_65_median_amo3, 52_lag_53_median_naoPSLjfm, 52_lag_70_median_shSICsep, 52_lag_59_median_alpi, 64_lag_neurTSjfm, 52_lag_69_median_arcTSjfm, 67_lag_eurPSLjfm, 52_lag_60_median_ensoSSTjfm, 61_lag_mhfIP30, 52_lag_68_median_eurPSLjfm, 52_lag_70_median_wnorPRjfm, 53_lag_samPSLann, 67_lag_nppc3SSTjfm, 53_lag_scpPSLjfm, 65_lag_satlSSTjfm, 66_lag_satlSSTjfm, 65_lag_scpPSLjfm, 52_lag_68_median_ginwSSTjfm_2496_52"
LRforcedPSO,58,30,stratZ50ndj04,picntrl,1572.5,2050.5,0.6,73,53,53,26.77099857601139,-0.00863958090434084,2496,"['61_lag_amo3', '69_lag_ismPRjja', '53_lag_57_median_eapPSLjfm', '53_lag_62_median_stratZ50ndj03', '53_lag_70_median_naoPSLjfm', '55_lag_stratZ50ndj03', '53_lag_69_median_traMC', '53_lag_64_median_stratZ50ndj01', '53_lag_71_median_naoPSLjfm', '53_lag_56_median_stratZ50ndj02', '70_lag_ginwSSTjfm', '58_lag_tripol2', '53_lag_56_median_shSICsep', '53_lag_68_median_stratZ50ndj03', '53_lag_59_median_traIT', '53_lag_67_median_yrvPRjja', '53_lag_60_median_traBO', '53_lag_67_median_traIT', '55_lag_pdoSSTjfm', '69_lag_traWP', '53_lag_68_median_stratZ50ndj02', '53_lag_59_median_pdoSSTjfm', '53_lag_64_median_glTSjfm', '69_lag_traFS', '63_lag_nhSICjfm', '53_lag_59_median_amo2', '71_lag_amo3', '64_lag_amo1', '53_lag_59_median_shTSjfm', '53_lag_72_median_traMC']","[3.61830741023331, 8.609632136700506, 0.6834651378836796, 8.003008793458545, 2.3092612823988006, 7.04973567740065, 3.4296173763580917, 2.345394491746271, 7.8015932270554655, 5.78577674570958, 2.4504405182205407, 3.3336701109470006, 6.139559891850407, 0.25776398579206017, 5.042297832339225, 6.9467239848670115, 7.700995984546548, 8.472910629747384, 6.848090436855683, 0.01509899017178995, 4.704672477980424, 5.547733443425107, 2.1398077582981383, 2.8225614248401047, 4.156906919645545, 7.913502013387037, 7.044243298320129, 1.655988096173676, 3.0551684356107565, 1.4111810994326834]","61_lag_amo3, 69_lag_ismPRjja, 53_lag_57_median_eapPSLjfm, 53_lag_62_median_stratZ50ndj03, 53_lag_70_median_naoPSLjfm, 55_lag_stratZ50ndj03, 53_lag_69_median_traMC, 53_lag_64_median_stratZ50ndj01, 53_lag_71_median_naoPSLjfm, 53_lag_56_median_stratZ50ndj02, 70_lag_ginwSSTjfm, 58_lag_tripol2, 53_lag_56_median_shSICsep, 53_lag_68_median_stratZ50ndj03, 53_lag_59_median_traIT, 53_lag_67_median_yrvPRjja, 53_lag_60_median_traBO, 53_lag_67_median_traIT, 55_lag_pdoSSTjfm, 69_lag_traWP, 53_lag_68_median_stratZ50ndj02, 53_lag_59_median_pdoSSTjfm, 53_lag_64_median_glTSjfm, 69_lag_traFS, 63_lag_nhSICjfm, 53_lag_59_median_amo2, 71_lag_amo3, 64_lag_amo1, 53_lag_59_median_shTSjfm, 53_lag_72_median_traMC_2496_53"
LRforcedPSO,59,30,stratZ50ndj04,picntrl,1573.5,2050.5,0.6,74,54,54,26.37928630166678,0.023573304548657824,2496,"['63_lag_traTLS', '58_lag_traTLS', '63_lag_nchinaPRjja', '54_lag_64_median_shTSjfm', '54_lag_68_median_shSICsep', '58_lag_gyreSSTjfm', '62_lag_seurTSjfm', '71_lag_traFS', '57_lag_samPSLann', '66_lag_traIT', '69_lag_mhfATL45', '54_lag_61_median_mhfATL30', '70_lag_nhSICjfm', '63_lag_traBO', '54_lag_69_median_stratZ50ndj03', '54_lag_63_median_traBS', '54_lag_61_median_nppc3SSTjfm', '70_lag_traFSC', '70_lag_traBO', '56_lag_stratZ50ndj04', '54_lag_68_median_mhfATL45', '54_lag_64_median_traBS', '54_lag_62_median_traFB', '54_lag_68_median_alpi', '62_lag_naoPSLjfm', '54_lag_62_median_ormenSSTjfm', '54_lag_58_median_nhTSjfm', '54_lag_57_median_seurTSjfm', '54_lag_traWP', '55_lag_traWP']","[2.946890964129123, 4.98920716475542, 5.326872733920862, 7.287360561266738, 6.18386203142578, 2.064749498511132, 2.225236312379762, 4.472812504815879, 2.1178724174460477, 3.750997266439189, 2.1201468615592525, 2.061546792536255, 5.601703140192658, 1.3085778167858049, 7.618699191826078, 4.141250400549918, 0.179278712262823, 1.077290276646977, 8.90933968994629, 6.903149034964513, 9.95229953939355, 0.8586619259171151, 5.478419731708538, 5.2516048389993175, 1.9102479369650727, 6.616994687009889, 4.84835264288564, 0.019497218521269843, 3.994551862837085, 2.8510833099085637]","63_lag_traTLS, 58_lag_traTLS, 63_lag_nchinaPRjja, 54_lag_64_median_shTSjfm, 54_lag_68_median_shSICsep, 58_lag_gyreSSTjfm, 62_lag_seurTSjfm, 71_lag_traFS, 57_lag_samPSLann, 66_lag_traIT, 69_lag_mhfATL45, 54_lag_61_median_mhfATL30, 70_lag_nhSICjfm, 63_lag_traBO, 54_lag_69_median_stratZ50ndj03, 54_lag_63_median_traBS, 54_lag_61_median_nppc3SSTjfm, 70_lag_traFSC, 70_lag_traBO, 56_lag_stratZ50ndj04, 54_lag_68_median_mhfATL45, 54_lag_64_median_traBS, 54_lag_62_median_traFB, 54_lag_68_median_alpi, 62_lag_naoPSLjfm, 54_lag_62_median_ormenSSTjfm, 54_lag_58_median_nhTSjfm, 54_lag_57_median_seurTSjfm, 54_lag_traWP, 55_lag_traWP_2496_54"
LRforcedPSO,60,30,stratZ50ndj04,picntrl,1574.5,2050.5,0.6,75,55,55,24.946146484516028,0.11260514802707515,2496,"['59_lag_stratZ50ndj03', '72_lag_eurPSLjfm', '66_lag_shSICmar', '55_lag_69_median_traEC', '55_lag_64_median_seurTSjfm', '55_lag_62_median_stratZ50ndj04', '57_lag_scpPSLjfm', '55_lag_58_median_satlSSTjfm', '57_lag_satlSSTjfm', '55_lag_65_median_traFS', '65_lag_amo1', '61_lag_traDS', '55_lag_66_median_shSICsep', '61_lag_ginwSSTjfm', '55_lag_67_median_traFS', '74_lag_cetTSjfm', '59_lag_nchinaPRjja', '71_lag_seurTSjfm', '67_lag_wnorPRjfm', '55_lag_57_median_tripol3', '55_lag_eapPSLjfm', '65_lag_traMC', '55_lag_65_median_traFSC', '55_lag_71_median_shSICsep', '66_lag_tripol2', '74_lag_AMOCann', '55_lag_65_median_traDP', '55_lag_71_median_glomaSSTjfm', '61_lag_arcTSjfm', '55_lag_66_median_glTSjfm']","[1.4987620741083418, 6.089931235223901, 1.955939939174625, 9.493979277219346, 5.058348138631537, 5.167171010784974, 9.594727740526839, 8.703182220529415, 0.010091508224665091, 9.534336713875186, 4.892585840870282, 5.156294482772024, 3.129332383284691, 6.085017506853578, 0.023691477018916274, 4.321188319526124, 1.8961267245098394, 0.6848316402562755, 4.962432270424824, 3.6374626821203098, 0.6780666976617624, 7.222506861086096, 5.0094436522925285, 7.32918467377241, 3.33633383294635, 3.8389456010794216, 3.8628832034406058, 5.777537789635508, 6.729813561410513, 8.494630786270069]","59_lag_stratZ50ndj03, 72_lag_eurPSLjfm, 66_lag_shSICmar, 55_lag_69_median_traEC, 55_lag_64_median_seurTSjfm, 55_lag_62_median_stratZ50ndj04, 57_lag_scpPSLjfm, 55_lag_58_median_satlSSTjfm, 57_lag_satlSSTjfm, 55_lag_65_median_traFS, 65_lag_amo1, 61_lag_traDS, 55_lag_66_median_shSICsep, 61_lag_ginwSSTjfm, 55_lag_67_median_traFS, 74_lag_cetTSjfm, 59_lag_nchinaPRjja, 71_lag_seurTSjfm, 67_lag_wnorPRjfm, 55_lag_57_median_tripol3, 55_lag_eapPSLjfm, 65_lag_traMC, 55_lag_65_median_traFSC, 55_lag_71_median_shSICsep, 66_lag_tripol2, 74_lag_AMOCann, 55_lag_65_median_traDP, 55_lag_71_median_glomaSSTjfm, 61_lag_arcTSjfm, 55_lag_66_median_glTSjfm_2496_55"
LRforcedPSO,61,30,stratZ50ndj04,picntrl,1575.5,2050.5,0.6,76,56,56,18.755845345061275,0.04310192408451204,2496,"['64_lag_traFB', '56_lag_amo2', '60_lag_yrvPRjja', '63_lag_traDP', '62_lag_glomaSSTjfm', '56_lag_nhTSjfm', '56_lag_65_median_shSICsep', '56_lag_71_median_atlSICsep', '56_lag_68_median_eurPSLjfm', '56_lag_60_median_glTSjfm', '61_lag_seurTSjfm', '56_lag_64_median_alpi', '69_lag_traFB', '56_lag_68_median_stratZ50ndj03', '58_lag_traDP', '74_lag_arcTSjfm', '57_lag_traTLS', '56_lag_68_median_nhSICjfm', '56_lag_68_median_stratZ50ndj02', '57_lag_traDP', '67_lag_mhfATL60', '69_lag_satlSSTjfm', '67_lag_atlSICjfm', '63_lag_mhfATL45', '73_lag_cetTSjfm', '56_lag_57_median_glTSjfm', '65_lag_stratZ50ndj02', '56_lag_69_median_nhTSjfm', '56_lag_66_median_amoSSTmjjaso', '66_lag_ismPRjja']","[2.267130242981697, 0.05741357614795106, 1.3855038242222673, 6.26327380754748, 2.6698301102961093, 0.1857286857980185, 7.477519731322895, 3.721437447929727, 5.063764748396803, 7.190989267790462, 7.509004108644383, 4.399513591679479, 1.8690859651859437, 3.7845899600666577, 5.392610144481209, 3.654385234810775, 0.8407867568784866, 5.108075978797215, 8.68666750915482, 2.564073131611952, 1.3670986301321477, 4.805445321419142, 5.5259184916834725, 0.7232325639554364, 0.9826426420660823, 3.0365986458769605, 0.31030191672468455, 6.212328424990902, 1.3365988216985976, 7.214029082747199]","64_lag_traFB, 56_lag_amo2, 60_lag_yrvPRjja, 63_lag_traDP, 62_lag_glomaSSTjfm, 56_lag_nhTSjfm, 56_lag_65_median_shSICsep, 56_lag_71_median_atlSICsep, 56_lag_68_median_eurPSLjfm, 56_lag_60_median_glTSjfm, 61_lag_seurTSjfm, 56_lag_64_median_alpi, 69_lag_traFB, 56_lag_68_median_stratZ50ndj03, 58_lag_traDP, 74_lag_arcTSjfm, 57_lag_traTLS, 56_lag_68_median_nhSICjfm, 56_lag_68_median_stratZ50ndj02, 57_lag_traDP, 67_lag_mhfATL60, 69_lag_satlSSTjfm, 67_lag_atlSICjfm, 63_lag_mhfATL45, 73_lag_cetTSjfm, 56_lag_57_median_glTSjfm, 65_lag_stratZ50ndj02, 56_lag_69_median_nhTSjfm, 56_lag_66_median_amoSSTmjjaso, 66_lag_ismPRjja_2496_56"
LRforcedPSO,62,30,stratZ50ndj04,picntrl,1576.5,2050.5,0.6,77,57,57,27.17638864451041,0.019152877767155175,2496,"['71_lag_traDP', '57_lag_65_median_traBO', '57_lag_67_median_scpPSLjfm', '59_lag_satlSSTjfm', '57_lag_66_median_stratZ50ndj01', '65_lag_neurTSjfm', '69_lag_alpi', '72_lag_traCA', '61_lag_traEC', '57_lag_69_median_eurPSLjfm', '57_lag_60_median_stratZ50ndj01', '74_lag_wnorPRjfm', '57_lag_59_median_neurTSjfm', '57_lag_61_median_naoPSLjfm', '72_lag_traMC', '61_lag_traBO', '57_lag_58_median_traIFC', '60_lag_naoPSLjfm', '57_lag_75_median_labSSTjfm', '72_lag_stratZ50ndj03', '57_lag_73_median_traIT', '57_lag_70_median_shSICmar', '57_lag_59_median_stratZ50ndj01', '75_lag_wnorPRjfm', '57_lag_58_median_stratZ50ndj02', '60_lag_nchinaPRjja', '57_lag_72_median_stratZ50ndj01', '57_lag_67_median_eapPSLjfm', '57_lag_61_median_eurPSLjfm', '57_lag_65_median_eurPSLjfm']","[0.3352200618567842, 7.897079790043399, 9.096744939148964, 7.228687030113122, 2.590401429849482, 4.29124904663103, 0.17219395563640383, 3.3372410208075713, 2.441660485752166, 8.551375341160185, 2.1635985192482394, 6.590685752938869, 0.7465234188651699, 8.477772490803488, 0.44917314034430156, 5.811191868269974, 6.77460680686361, 5.993056237540683, 3.908228821311548, 8.218666439517023, 8.475236380320549, 8.695691095199109, 6.7990443472945845, 3.4353698273290476, 1.2059519161573213, 4.95182277382618, 2.823979433737702, 1.5301152055497553, 4.439679044836129, 2.256532613796809]","71_lag_traDP, 57_lag_65_median_traBO, 57_lag_67_median_scpPSLjfm, 59_lag_satlSSTjfm, 57_lag_66_median_stratZ50ndj01, 65_lag_neurTSjfm, 69_lag_alpi, 72_lag_traCA, 61_lag_traEC, 57_lag_69_median_eurPSLjfm, 57_lag_60_median_stratZ50ndj01, 74_lag_wnorPRjfm, 57_lag_59_median_neurTSjfm, 57_lag_61_median_naoPSLjfm, 72_lag_traMC, 61_lag_traBO, 57_lag_58_median_traIFC, 60_lag_naoPSLjfm, 57_lag_75_median_labSSTjfm, 72_lag_stratZ50ndj03, 57_lag_73_median_traIT, 57_lag_70_median_shSICmar, 57_lag_59_median_stratZ50ndj01, 75_lag_wnorPRjfm, 57_lag_58_median_stratZ50ndj02, 60_lag_nchinaPRjja, 57_lag_72_median_stratZ50ndj01, 57_lag_67_median_eapPSLjfm, 57_lag_61_median_eurPSLjfm, 57_lag_65_median_eurPSLjfm_2496_57"
LRforcedPSO,63,30,stratZ50ndj04,picntrl,1577.5,2050.5,0.6,78,58,58,26.853607444113752,-0.03460085912417219,2496,"['58_lag_64_median_shTSjfm', '58_lag_73_median_eapPSLjfm', '69_lag_mhfATL45', '66_lag_ensoSSTjfm', '60_lag_arcTSjfm', '58_lag_ismPRjja', '58_lag_70_median_tripol1', '58_lag_74_median_nppc3SSTjfm', '58_lag_63_median_traFS', '58_lag_67_median_glTSjfm', '58_lag_62_median_atlSICjfm', '58_lag_73_median_labSSTjfm', '58_lag_65_median_traBS', '75_lag_wnorPRjfm', '58_lag_63_median_pdoSSTjfm', '59_lag_stratZ50ndj01', '70_lag_satlSSTjfm', '58_lag_73_median_ormenSSTjfm', '64_lag_mhfATL45', '58_lag_stratZ50ndj02', '58_lag_72_median_stratZ50ndj04', '58_lag_74_median_traCA', '58_lag_61_median_samPSLann', '58_lag_77_median_alpi', '64_lag_mhfATL60', '67_lag_yrvPRjja', '64_lag_seurTSjfm', '58_lag_amo3', '62_lag_tripol2', '58_lag_71_median_glTSjfm']","[8.09785307130873, 4.872396975839008, 0.6499643783870805, 5.524104819297619, 4.268647352223425, 7.4198767902364064, 0.14632468595115355, 7.8906302286141505, 6.740022595692217, 5.586461787983845, 0.12603841740408228, 0.23313916289352576, 1.2754028781075544, 5.992954743056899, 2.7567505992160335, 0.7942134836577193, 2.1226290917966706, 0.07812638037051833, 8.406777632325637, 1.2275073736913793, 7.547924905100555, 1.7469730345916528, 1.9691243966243626, 1.0990394712934677, 5.543467267837929, 1.6682140438948387, 0.33872173220654744, 0.04003722564204004, 9.722962058209912, 5.20539639174695]","58_lag_64_median_shTSjfm, 58_lag_73_median_eapPSLjfm, 69_lag_mhfATL45, 66_lag_ensoSSTjfm, 60_lag_arcTSjfm, 58_lag_ismPRjja, 58_lag_70_median_tripol1, 58_lag_74_median_nppc3SSTjfm, 58_lag_63_median_traFS, 58_lag_67_median_glTSjfm, 58_lag_62_median_atlSICjfm, 58_lag_73_median_labSSTjfm, 58_lag_65_median_traBS, 75_lag_wnorPRjfm, 58_lag_63_median_pdoSSTjfm, 59_lag_stratZ50ndj01, 70_lag_satlSSTjfm, 58_lag_73_median_ormenSSTjfm, 64_lag_mhfATL45, 58_lag_stratZ50ndj02, 58_lag_72_median_stratZ50ndj04, 58_lag_74_median_traCA, 58_lag_61_median_samPSLann, 58_lag_77_median_alpi, 64_lag_mhfATL60, 67_lag_yrvPRjja, 64_lag_seurTSjfm, 58_lag_amo3, 62_lag_tripol2, 58_lag_71_median_glTSjfm_2496_58"
LRforcedPSO,64,30,stratZ50ndj04,picntrl,1578.5,2050.5,0.6,79,59,59,19.77381122782404,0.02238391450508797,2496,"['59_lag_74_median_mhfATL45', '59_lag_69_median_tripol1', '76_lag_nhSICjfm', '59_lag_shSICmar', '59_lag_76_median_tripol1', '73_lag_shSICsep', '59_lag_70_median_amo2', '61_lag_satlSSTjfm', '59_lag_eurPSLjfm', '63_lag_traBO', '59_lag_75_median_scpPSLjfm', '59_lag_73_median_ismPRjja', '59_lag_72_median_atlSICjfm', '59_lag_63_median_naoPSLjfm', '59_lag_60_median_mhfATL60', '59_lag_61_median_gyreSSTjfm', '59_lag_64_median_atlSICjfm', '59_lag_61_median_amo3', '59_lag_77_median_ensoSSTjfm', '59_lag_62_median_traWP', '76_lag_naoPSLjfm', '59_lag_67_median_yrvPRjja', '61_lag_cetTSjfm', '59_lag_67_median_stratZ50ndj01', '59_lag_64_median_pdoSSTjfm', '72_lag_AMOCann', '59_lag_70_median_samPSLann', '59_lag_72_median_traDP', '78_lag_atlSICsep', '59_lag_65_median_amo1']","[1.7416362988568963, 6.573760812092959, 5.118179720231273, 2.3717079232963663, 9.73940871251896, 0.24858604352418823, 0.495563392862719, 3.1463834075370194, 2.4465107027859734, 5.883948196305355, 4.562907899620161, 0.5542417224712022, 1.8449723988140896, 3.0688681060851977, 4.532465142768773, 3.831757959154775, 6.226470809646214, 1.2518873342101138, 5.785262571148269, 5.860675417159474, 1.7019622208670562, 8.009552710380872, 1.0931362388702297, 4.052546498338046, 0.9026974438794397, 0.9208338312770792, 8.230674202703309, 4.634991950951976, 6.311511088400675, 1.2517754864213053]","59_lag_74_median_mhfATL45, 59_lag_69_median_tripol1, 76_lag_nhSICjfm, 59_lag_shSICmar, 59_lag_76_median_tripol1, 73_lag_shSICsep, 59_lag_70_median_amo2, 61_lag_satlSSTjfm, 59_lag_eurPSLjfm, 63_lag_traBO, 59_lag_75_median_scpPSLjfm, 59_lag_73_median_ismPRjja, 59_lag_72_median_atlSICjfm, 59_lag_63_median_naoPSLjfm, 59_lag_60_median_mhfATL60, 59_lag_61_median_gyreSSTjfm, 59_lag_64_median_atlSICjfm, 59_lag_61_median_amo3, 59_lag_77_median_ensoSSTjfm, 59_lag_62_median_traWP, 76_lag_naoPSLjfm, 59_lag_67_median_yrvPRjja, 61_lag_cetTSjfm, 59_lag_67_median_stratZ50ndj01, 59_lag_64_median_pdoSSTjfm, 72_lag_AMOCann, 59_lag_70_median_samPSLann, 59_lag_72_median_traDP, 78_lag_atlSICsep, 59_lag_65_median_amo1_2496_59"
LRforcedPSO,65,30,stratZ50ndj04,picntrl,1579.5,2050.5,0.6,80,60,60,28.301050278551283,-0.05810571282330658,2496,"['60_lag_67_median_seurTSjfm', '65_lag_yrvPRjja', '60_lag_72_median_traTLS', '60_lag_76_median_AMOCann', '63_lag_nhSICsep', '60_lag_77_median_ensoSSTjfm', '75_lag_neurTSjfm', '60_lag_77_median_traFS', '60_lag_70_median_nppc2SSTjfm', '74_lag_traFB', '60_lag_75_median_traTLS', '77_lag_traTLS', '60_lag_68_median_traFS', '60_lag_70_median_mhfATL30', '60_lag_67_median_amo3', '70_lag_wnorPRjfm', '60_lag_78_median_traFSC', '60_lag_67_median_stratZ50ndj02', '60_lag_64_median_atlSICsep', '62_lag_traBO', '69_lag_labSSTjfm', '61_lag_pdoSSTjfm', '60_lag_71_median_stratZ50ndj04', '60_lag_63_median_traEC', '64_lag_nppc3SSTjfm', '60_lag_74_median_shTSjfm', '77_lag_traEU', '64_lag_wnorPRjfm', '60_lag_77_median_traIFC', '60_lag_63_median_tripol1']","[2.2630725609986317, 2.530722419284672, 1.7836091267377423, 2.546708465866036, 9.227604711503972, 3.8929938915643314, 1.3589769578421222, 6.616183519682405, 2.0666943703788343, 7.954483287216906, 1.075089397556857, 0.40307054352337346, 7.751571783335795, 4.240054775530899, 0.8211056219290285, 2.1945357698680734, 4.496305102443504, 2.111501394238644, 8.301580601144087, 3.7631409337814823, 8.178838407043099, 5.463148300679039, 3.2026745357832613, 0.15149710162282304, 3.6905290794561463, 4.517277413723431, 1.1640786747349967, 8.78229596360137, 1.3802907175295953, 6.413860584193607]","60_lag_67_median_seurTSjfm, 65_lag_yrvPRjja, 60_lag_72_median_traTLS, 60_lag_76_median_AMOCann, 63_lag_nhSICsep, 60_lag_77_median_ensoSSTjfm, 75_lag_neurTSjfm, 60_lag_77_median_traFS, 60_lag_70_median_nppc2SSTjfm, 74_lag_traFB, 60_lag_75_median_traTLS, 77_lag_traTLS, 60_lag_68_median_traFS, 60_lag_70_median_mhfATL30, 60_lag_67_median_amo3, 70_lag_wnorPRjfm, 60_lag_78_median_traFSC, 60_lag_67_median_stratZ50ndj02, 60_lag_64_median_atlSICsep, 62_lag_traBO, 69_lag_labSSTjfm, 61_lag_pdoSSTjfm, 60_lag_71_median_stratZ50ndj04, 60_lag_63_median_traEC, 64_lag_nppc3SSTjfm, 60_lag_74_median_shTSjfm, 77_lag_traEU, 64_lag_wnorPRjfm, 60_lag_77_median_traIFC, 60_lag_63_median_tripol1_2496_60"
LRforcedPSO,66,30,stratZ50ndj04,picntrl,1580.5,2050.5,0.6,81,61,61,21.485901714644566,0.06173243072868377,2496,"['61_lag_79_median_traFSC', '61_lag_76_median_tripol3', '61_lag_71_median_atlSICsep', '62_lag_glomaSSTjfm', '61_lag_70_median_ormenSSTjfm', '77_lag_traFSC', '73_lag_traEC', '71_lag_amoSSTmjjaso', '61_lag_80_median_stratZ50ndj04', '61_lag_79_median_tripol2', '61_lag_67_median_cetTSjfm', '72_lag_eapPSLjfm', '61_lag_73_median_eurPSLjfm', '61_lag_scpPSLjfm', '78_lag_traIT', '61_lag_77_median_traCA', '75_lag_stratZ50ndj04', '76_lag_eurPSLjfm', '71_lag_traFS', '62_lag_alpi', '61_lag_75_median_pdoSSTjfm', '61_lag_80_median_traBO', '61_lag_70_median_amoSSTmjjaso', '61_lag_66_median_traFB', '72_lag_amo3', '61_lag_66_median_mhfATL60', '61_lag_78_median_shSICsep', '61_lag_77_median_labSSTjfm', '61_lag_75_median_amo1', '78_lag_ensoSSTjfm']","[1.0072427697036552, 9.224797204663979, 9.796192221445239, 8.219810320800391, 0.01362581078564773, 3.4710702578768355, 4.492305067137378, 0.6454955417849444, 1.1539185325350392, 5.311125992205403, 3.9641641008360367, 2.4967699350520327, 7.989157231035854, 6.981358808085048, 0.8052839187872927, 3.0836761649428404, 3.1479949910627063, 3.588392520971107, 4.116770532812264, 0.2244631705600142, 9.520629457804006, 4.245977552945403, 6.845713693611906, 2.0872818309430468, 0.04859225002746115, 7.724947201296896, 2.0828541566694785, 0.6876367093568625, 2.016140841248804, 3.8572306317553906]","61_lag_79_median_traFSC, 61_lag_76_median_tripol3, 61_lag_71_median_atlSICsep, 62_lag_glomaSSTjfm, 61_lag_70_median_ormenSSTjfm, 77_lag_traFSC, 73_lag_traEC, 71_lag_amoSSTmjjaso, 61_lag_80_median_stratZ50ndj04, 61_lag_79_median_tripol2, 61_lag_67_median_cetTSjfm, 72_lag_eapPSLjfm, 61_lag_73_median_eurPSLjfm, 61_lag_scpPSLjfm, 78_lag_traIT, 61_lag_77_median_traCA, 75_lag_stratZ50ndj04, 76_lag_eurPSLjfm, 71_lag_traFS, 62_lag_alpi, 61_lag_75_median_pdoSSTjfm, 61_lag_80_median_traBO, 61_lag_70_median_amoSSTmjjaso, 61_lag_66_median_traFB, 72_lag_amo3, 61_lag_66_median_mhfATL60, 61_lag_78_median_shSICsep, 61_lag_77_median_labSSTjfm, 61_lag_75_median_amo1, 78_lag_ensoSSTjfm_2496_61"
LRforcedPSO,67,30,stratZ50ndj04,picntrl,1581.5,2050.5,0.6,82,62,62,25.55754047373029,-0.05460411234901384,2496,"['73_lag_nhTSjfm', '62_lag_80_median_neurTSjfm', '62_lag_70_median_eurPSLjfm', '72_lag_traBO', '80_lag_nppc2SSTjfm', '62_lag_72_median_mhfATL45', '62_lag_77_median_atlSICsep', '62_lag_64_median_mhfATL60', '65_lag_mhfATL60', '62_lag_65_median_mhfATL60', '66_lag_traFB', '78_lag_mhfATL30', '68_lag_nhSICjfm', '81_lag_amo3', '71_lag_eurPSLjfm', '62_lag_65_median_traDP', '62_lag_72_median_stratZ50ndj01', '62_lag_70_median_stratZ50ndj03', '68_lag_traFB', '62_lag_73_median_eapPSLjfm', '62_lag_73_median_yrvPRjja', '62_lag_79_median_traTLS', '66_lag_tripol2', '62_lag_68_median_stratZ50ndj03', '74_lag_traEC', '62_lag_71_median_traTLS', '68_lag_yrvPRjja', '66_lag_traDS', '62_lag_80_median_ismPRjja', '69_lag_eapPSLjfm']","[8.168179153707726, 1.7078761570231134, 5.222641134597064, 4.769331817008517, 1.9231930231008079, 4.615592717697479, 2.075000213574709, 1.8373772034020082, 7.0519295462211495, 6.164068202637647, 5.258676103888861, 2.303390172010844, 1.7124284339815468, 1.7154424544989073, 4.343743930694622, 7.234218656095841, 3.370461192060983, 8.929620061949457, 0.8291708028522642, 4.105289335364446, 4.665447224592764, 7.682526622143255, 7.429127452584044, 2.919701429532447, 7.661407051077379, 6.20703253903616, 4.2861687173014555, 1.286123559984338, 3.2424333755885453, 1.251764734107537]","73_lag_nhTSjfm, 62_lag_80_median_neurTSjfm, 62_lag_70_median_eurPSLjfm, 72_lag_traBO, 80_lag_nppc2SSTjfm, 62_lag_72_median_mhfATL45, 62_lag_77_median_atlSICsep, 62_lag_64_median_mhfATL60, 65_lag_mhfATL60, 62_lag_65_median_mhfATL60, 66_lag_traFB, 78_lag_mhfATL30, 68_lag_nhSICjfm, 81_lag_amo3, 71_lag_eurPSLjfm, 62_lag_65_median_traDP, 62_lag_72_median_stratZ50ndj01, 62_lag_70_median_stratZ50ndj03, 68_lag_traFB, 62_lag_73_median_eapPSLjfm, 62_lag_73_median_yrvPRjja, 62_lag_79_median_traTLS, 66_lag_tripol2, 62_lag_68_median_stratZ50ndj03, 74_lag_traEC, 62_lag_71_median_traTLS, 68_lag_yrvPRjja, 66_lag_traDS, 62_lag_80_median_ismPRjja, 69_lag_eapPSLjfm_2496_62"
LRforcedPSO,68,30,stratZ50ndj04,picntrl,1582.5,2050.5,0.6,83,63,63,22.102556942915726,0.10358323772666163,2496,"['63_lag_77_median_atlSICjfm', '72_lag_amo1', '63_lag_69_median_traTLS', '78_lag_nhSICjfm', '63_lag_66_median_yrvPRjja', '63_lag_74_median_mhfATL60', '67_lag_labSSTjfm', '78_lag_nhSICsep', '70_lag_ormenSSTjfm', '81_lag_atlSICjfm', '63_lag_65_median_cetTSjfm', '75_lag_traWP', '63_lag_71_median_eurPSLjfm', '63_lag_73_median_labSSTjfm', '69_lag_cetTSjfm', '63_lag_75_median_traIFC', '63_lag_66_median_pdoSSTjfm', '70_lag_ensoSSTjfm', '63_lag_67_median_samPSLann', '63_lag_68_median_mhfATL60', '67_lag_tripol1', '63_lag_74_median_traIT', '69_lag_nhSICsep', '71_lag_satlSSTjfm', '73_lag_traTLS', '81_lag_ensoSSTjfm', '63_lag_arcTSjfm', '66_lag_naoPSLjfm', '77_lag_seurTSjfm', '63_lag_72_median_traFB']","[5.354230612301432, 6.48937017135022, 1.8828982412305102, 6.231447804609903, 7.400422038232513, 1.4982468496450618, 7.307247223617177, 1.6630344611649548, 8.197557140004212, 5.524533053937116, 8.46551942173125, 0.9500520559834769, 0.8792699644079782, 8.771465450609423, 6.715199509543295, 7.951425609023815, 2.3918106128862497, 2.717222163317232, 6.7668424608457345, 1.5184455713264438, 1.115438915204109, 3.966131124754897, 1.24861047881436, 5.03313777737908, 8.672795643605625, 3.6240230648410847, 5.743771203815999, 0.49377757698993996, 0.3767543640153761, 1.9533993692032166]","63_lag_77_median_atlSICjfm, 72_lag_amo1, 63_lag_69_median_traTLS, 78_lag_nhSICjfm, 63_lag_66_median_yrvPRjja, 63_lag_74_median_mhfATL60, 67_lag_labSSTjfm, 78_lag_nhSICsep, 70_lag_ormenSSTjfm, 81_lag_atlSICjfm, 63_lag_65_median_cetTSjfm, 75_lag_traWP, 63_lag_71_median_eurPSLjfm, 63_lag_73_median_labSSTjfm, 69_lag_cetTSjfm, 63_lag_75_median_traIFC, 63_lag_66_median_pdoSSTjfm, 70_lag_ensoSSTjfm, 63_lag_67_median_samPSLann, 63_lag_68_median_mhfATL60, 67_lag_tripol1, 63_lag_74_median_traIT, 69_lag_nhSICsep, 71_lag_satlSSTjfm, 73_lag_traTLS, 81_lag_ensoSSTjfm, 63_lag_arcTSjfm, 66_lag_naoPSLjfm, 77_lag_seurTSjfm, 63_lag_72_median_traFB_2496_63"
LRforcedPSO,69,30,stratZ50ndj04,picntrl,1583.5,2050.5,0.6,84,64,64,19.254592702142066,-0.02750618388323989,2496,"['64_lag_68_median_traWP', '64_lag_65_median_mhfATL60', '76_lag_seurTSjfm', '64_lag_78_median_traWP', '65_lag_seurTSjfm', '68_lag_shTSjfm', '69_lag_cetTSjfm', '78_lag_nppc2SSTjfm', '71_lag_tripol3', '65_lag_traEU', '68_lag_glTSjfm', '64_lag_82_median_eurPSLjfm', '79_lag_labSSTjfm', '82_lag_yrvPRjja', '69_lag_traEC', '73_lag_satlSSTjfm', '64_lag_77_median_amoSSTmjjaso', '80_lag_traFSC', '65_lag_traFS', '76_lag_traFB', '81_lag_stratZ50ndj03', '77_lag_nhSICjfm', '64_lag_76_median_alpi', '64_lag_79_median_samPSLann', '64_lag_81_median_ismPRjja', '64_lag_71_median_traDS', '64_lag_76_median_shSICsep', '70_lag_mhfATL60', '64_lag_70_median_stratZ50ndj04', '64_lag_65_median_mhfATL30']","[1.1272836576327823, 0.35095849724337214, 5.431144363597287, 2.8323476820217444, 4.663406951686624, 1.9780551053868844, 0.5487305945687808, 2.695975423370495, 0.2880849635366296, 1.610924223561172, 3.3500962262079774, 3.3625281714641417, 6.0903635509506096, 6.943260572133061, 5.601232027040264, 3.534554203008902, 1.478887457487419, 5.218839640173432, 0.8194966295848651, 7.243115439247479, 4.884502424856871, 0.41871773788198396, 0.3206630482385364, 9.91429156623888, 0.3540308141734805, 2.5767448548943435, 3.50786429597993, 0.3681646770033744, 1.0426430779969547, 3.5426530995382937]","64_lag_68_median_traWP, 64_lag_65_median_mhfATL60, 76_lag_seurTSjfm, 64_lag_78_median_traWP, 65_lag_seurTSjfm, 68_lag_shTSjfm, 69_lag_cetTSjfm, 78_lag_nppc2SSTjfm, 71_lag_tripol3, 65_lag_traEU, 68_lag_glTSjfm, 64_lag_82_median_eurPSLjfm, 79_lag_labSSTjfm, 82_lag_yrvPRjja, 69_lag_traEC, 73_lag_satlSSTjfm, 64_lag_77_median_amoSSTmjjaso, 80_lag_traFSC, 65_lag_traFS, 76_lag_traFB, 81_lag_stratZ50ndj03, 77_lag_nhSICjfm, 64_lag_76_median_alpi, 64_lag_79_median_samPSLann, 64_lag_81_median_ismPRjja, 64_lag_71_median_traDS, 64_lag_76_median_shSICsep, 70_lag_mhfATL60, 64_lag_70_median_stratZ50ndj04, 64_lag_65_median_mhfATL30_2496_64"
LRforcedPSO,70,30,stratZ50ndj04,picntrl,1584.5,2050.5,0.6,85,65,65,25.519589698661534,0.06601604346287979,2496,"['65_lag_81_median_shSICsep', '78_lag_ginwSSTjfm', '70_lag_glTSjfm', '67_lag_nhTSjfm', '65_lag_75_median_nhSICjfm', '76_lag_nppc3SSTjfm', '82_lag_glomaSSTjfm', '74_lag_glTSjfm', '75_lag_traEU', '65_lag_69_median_nppc2SSTjfm', '84_lag_mhfIP30', '65_lag_77_median_nppc3SSTjfm', '65_lag_71_median_traEU', '72_lag_traBO', '68_lag_mhfATL30', '65_lag_stratZ50ndj01', '65_lag_73_median_traFSC', '65_lag_79_median_neurTSjfm', '81_lag_cetTSjfm', '71_lag_nppc3SSTjfm', '84_lag_tripol1', '65_lag_78_median_mhfATL60', '65_lag_nchinaPRjja', '65_lag_68_median_stratZ50ndj04', '67_lag_glomaSSTjfm', '65_lag_69_median_wnorPRjfm', '65_lag_71_median_stratZ50ndj04', '65_lag_81_median_mhfATL30', '65_lag_77_median_eapPSLjfm', '65_lag_67_median_mhfATL30']","[0.2624506864773952, 5.874137729521427, 7.645503137461517, 0.23156117997664438, 0.1594554883017274, 4.928560555492574, 5.564260114161861, 3.2594358436433923, 1.1540843651283499, 4.931747818869157, 8.660755666404604, 1.7146097355892884, 6.455299305645795, 1.3109805162777732, 0.9386524072360558, 4.557868222980284, 0.31139609370848653, 7.4257591510539775, 5.381408779311732, 3.29923048223222, 7.5885069153695355, 4.1420835466245105, 3.066910284902127, 0.6733765622737522, 5.284412362813569, 7.450906050119808, 9.727536872023105, 3.35012359630122, 5.679905541441849, 3.421653118826786]","65_lag_81_median_shSICsep, 78_lag_ginwSSTjfm, 70_lag_glTSjfm, 67_lag_nhTSjfm, 65_lag_75_median_nhSICjfm, 76_lag_nppc3SSTjfm, 82_lag_glomaSSTjfm, 74_lag_glTSjfm, 75_lag_traEU, 65_lag_69_median_nppc2SSTjfm, 84_lag_mhfIP30, 65_lag_77_median_nppc3SSTjfm, 65_lag_71_median_traEU, 72_lag_traBO, 68_lag_mhfATL30, 65_lag_stratZ50ndj01, 65_lag_73_median_traFSC, 65_lag_79_median_neurTSjfm, 81_lag_cetTSjfm, 71_lag_nppc3SSTjfm, 84_lag_tripol1, 65_lag_78_median_mhfATL60, 65_lag_nchinaPRjja, 65_lag_68_median_stratZ50ndj04, 67_lag_glomaSSTjfm, 65_lag_69_median_wnorPRjfm, 65_lag_71_median_stratZ50ndj04, 65_lag_81_median_mhfATL30, 65_lag_77_median_eapPSLjfm, 65_lag_67_median_mhfATL30_2496_65"
LRforcedPSO,71,30,stratZ50ndj04,picntrl,1585.5,2050.5,0.6,86,66,66,23.079616197795982,0.02392293528263156,2496,"['74_lag_stratZ50ndj01', '66_lag_77_median_scpPSLjfm', '69_lag_scpPSLjfm', '83_lag_eurPSLjfm', '66_lag_76_median_traTLS', '66_lag_81_median_naoPSLjfm', '84_lag_traIT', '66_lag_82_median_ensoSSTjfm', '66_lag_78_median_stratZ50ndj01', '79_lag_ginwSSTjfm', '71_lag_labSSTjfm', '67_lag_arcTSjfm', '66_lag_pdoSSTjfm', '66_lag_70_median_nhSICsep', '67_lag_nhSICjfm', '81_lag_atlSICjfm', '66_lag_80_median_glTSjfm', '73_lag_traBO', '66_lag_83_median_AMOCann', '84_lag_shTSjfm', '78_lag_eurPSLjfm', '77_lag_yrvPRjja', '67_lag_nppc2SSTjfm', '66_lag_85_median_nppc3SSTjfm', '75_lag_nhSICsep', '80_lag_nhTSjfm', '77_lag_stratZ50ndj03', '66_lag_85_median_mhfATL60', '83_lag_amo2', '66_lag_81_median_mhfIP30']","[3.211755432395961, 2.9585337448820166, 0.16244706185686653, 5.4243370902992805, 2.1104737293173255, 9.8116485082218, 5.485699261870639, 0.40612978254904064, 0.8453125032120781, 6.267463019929851, 7.506452518691184, 1.5597958412405521, 5.2200153325027525, 1.2048840314523197, 4.451853928141036, 4.215705152014073, 6.062032714113695, 9.64675767369406, 3.7720811208498404, 5.970562132761961, 0.3484269998754801, 4.668312664016254, 5.908460783851625, 6.695648539606466, 5.015885630582943, 3.282001303546938, 5.131407206801337, 2.258146706808521, 5.850168689827214, 2.2104966061766067]","74_lag_stratZ50ndj01, 66_lag_77_median_scpPSLjfm, 69_lag_scpPSLjfm, 83_lag_eurPSLjfm, 66_lag_76_median_traTLS, 66_lag_81_median_naoPSLjfm, 84_lag_traIT, 66_lag_82_median_ensoSSTjfm, 66_lag_78_median_stratZ50ndj01, 79_lag_ginwSSTjfm, 71_lag_labSSTjfm, 67_lag_arcTSjfm, 66_lag_pdoSSTjfm, 66_lag_70_median_nhSICsep, 67_lag_nhSICjfm, 81_lag_atlSICjfm, 66_lag_80_median_glTSjfm, 73_lag_traBO, 66_lag_83_median_AMOCann, 84_lag_shTSjfm, 78_lag_eurPSLjfm, 77_lag_yrvPRjja, 67_lag_nppc2SSTjfm, 66_lag_85_median_nppc3SSTjfm, 75_lag_nhSICsep, 80_lag_nhTSjfm, 77_lag_stratZ50ndj03, 66_lag_85_median_mhfATL60, 83_lag_amo2, 66_lag_81_median_mhfIP30_2496_66"
LRforcedPSO,72,30,stratZ50ndj04,picntrl,1586.5,2050.5,0.6,87,67,67,21.30450088902695,-0.010411745841784842,2496,"['69_lag_naoPSLjfm', '81_lag_tripol2', '79_lag_amo2', '67_lag_79_median_yrvPRjja', '67_lag_72_median_eapPSLjfm', '78_lag_traDS', '71_lag_ginwSSTjfm', '75_lag_tripol1', '76_lag_gyreSSTjfm', '67_lag_84_median_amo3', '67_lag_85_median_shSICsep', '67_lag_74_median_stratZ50ndj02', '67_lag_84_median_shSICmar', '73_lag_mhfIP30', '80_lag_traMC', '67_lag_79_median_pdoSSTjfm', '75_lag_traDS', '67_lag_75_median_arcTSjfm', '83_lag_naoPSLjfm', '67_lag_74_median_mhfATL60', '67_lag_70_median_ginwSSTjfm', '68_lag_traTLS', '79_lag_naoPSLjfm', '67_lag_amoSSTmjjaso', '86_lag_eapPSLjfm', '67_lag_86_median_traFB', '67_lag_69_median_traFSC', '67_lag_76_median_nhTSjfm', '71_lag_arcTSjfm', '67_lag_72_median_ismPRjja']","[2.746690486725802, 6.69676498763621, 3.5416496080018556, 3.0207489800337513, 7.323603900595668, 4.420251138376827, 3.7225784586717587, 2.895591731248297, 9.999877872052224, 7.054859964866433, 3.449437891625511, 1.4124053543113035, 0.0989288101680792, 9.255657915858277, 2.5721623566379126, 6.898200547609923, 2.6773646351054463, 1.0602266175999624, 1.5585015426182096, 6.965087570442236, 5.5109802569977155, 5.468889779187176, 4.048405762149107, 0.6244047126090972, 1.124013596994093, 3.9250409296055437, 5.467140297834259, 2.614380170326765, 1.1412336070436186, 6.94170100888522]","69_lag_naoPSLjfm, 81_lag_tripol2, 79_lag_amo2, 67_lag_79_median_yrvPRjja, 67_lag_72_median_eapPSLjfm, 78_lag_traDS, 71_lag_ginwSSTjfm, 75_lag_tripol1, 76_lag_gyreSSTjfm, 67_lag_84_median_amo3, 67_lag_85_median_shSICsep, 67_lag_74_median_stratZ50ndj02, 67_lag_84_median_shSICmar, 73_lag_mhfIP30, 80_lag_traMC, 67_lag_79_median_pdoSSTjfm, 75_lag_traDS, 67_lag_75_median_arcTSjfm, 83_lag_naoPSLjfm, 67_lag_74_median_mhfATL60, 67_lag_70_median_ginwSSTjfm, 68_lag_traTLS, 79_lag_naoPSLjfm, 67_lag_amoSSTmjjaso, 86_lag_eapPSLjfm, 67_lag_86_median_traFB, 67_lag_69_median_traFSC, 67_lag_76_median_nhTSjfm, 71_lag_arcTSjfm, 67_lag_72_median_ismPRjja_2496_67"
LRforcedPSO,73,30,stratZ50ndj04,picntrl,1587.5,2050.5,0.6,88,68,68,25.441946836012864,-0.015262624781971476,2496,"['77_lag_tripol3', '70_lag_stratZ50ndj03', '68_lag_81_median_amoSSTmjjaso', '68_lag_83_median_nhSICsep', '82_lag_stratZ50ndj02', '68_lag_84_median_eurPSLjfm', '68_lag_78_median_traDS', '84_lag_yrvPRjja', '86_lag_mhfIP30', '68_lag_78_median_shSICsep', '68_lag_72_median_eapPSLjfm', '68_lag_87_median_nhTSjfm', '68_lag_82_median_atlSICsep', '81_lag_pdoSSTjfm', '84_lag_satlSSTjfm', '68_lag_84_median_traBS', '68_lag_73_median_amoSSTmjjaso', '69_lag_stratZ50ndj01', '69_lag_tripol3', '68_lag_neurTSjfm', '83_lag_atlSICsep', '68_lag_77_median_nhSICjfm', '79_lag_eurPSLjfm', '68_lag_stratZ50ndj03', '68_lag_80_median_ginwSSTjfm', '68_lag_77_median_ensoSSTjfm', '68_lag_71_median_samPSLann', '74_lag_traBO', '69_lag_ismPRjja', '84_lag_ormenSSTjfm']","[6.480169123267117, 2.0420925783242723, 6.955303330837882, 0.3625128377173592, 1.4566332785048157, 1.115425549292329, 4.632394492101678, 6.7461896130535415, 1.2327349932764786, 6.276781512936932, 3.2439416561105716, 0.5444442189946912, 7.451016988372135, 4.726041792295359, 2.2430316750068187, 4.489373970042125, 7.4526562527698985, 0.9493316016613278, 2.54335522584401, 0.6294293978013812, 9.980918745043786, 4.276114280452276, 4.350946483067533, 4.6340566458331285, 7.49551977853751, 1.8345099540911587, 5.393162923588058, 4.190347723969069, 0.2868691561386747, 4.77755485795366]","77_lag_tripol3, 70_lag_stratZ50ndj03, 68_lag_81_median_amoSSTmjjaso, 68_lag_83_median_nhSICsep, 82_lag_stratZ50ndj02, 68_lag_84_median_eurPSLjfm, 68_lag_78_median_traDS, 84_lag_yrvPRjja, 86_lag_mhfIP30, 68_lag_78_median_shSICsep, 68_lag_72_median_eapPSLjfm, 68_lag_87_median_nhTSjfm, 68_lag_82_median_atlSICsep, 81_lag_pdoSSTjfm, 84_lag_satlSSTjfm, 68_lag_84_median_traBS, 68_lag_73_median_amoSSTmjjaso, 69_lag_stratZ50ndj01, 69_lag_tripol3, 68_lag_neurTSjfm, 83_lag_atlSICsep, 68_lag_77_median_nhSICjfm, 79_lag_eurPSLjfm, 68_lag_stratZ50ndj03, 68_lag_80_median_ginwSSTjfm, 68_lag_77_median_ensoSSTjfm, 68_lag_71_median_samPSLann, 74_lag_traBO, 69_lag_ismPRjja, 84_lag_ormenSSTjfm_2496_68"
LRforcedPSO,74,30,stratZ50ndj04,picntrl,1588.5,2050.5,0.6,89,69,69,24.17376573380322,0.08483280180059594,2496,"['88_lag_arcTSjfm', '69_lag_80_median_samPSLann', '69_lag_85_median_traBO', '69_lag_85_median_labSSTjfm', '80_lag_traMC', '84_lag_wnorPRjfm', '69_lag_71_median_naoPSLjfm', '69_lag_70_median_tripol1', '69_lag_88_median_arcTSjfm', '73_lag_nchinaPRjja', '69_lag_74_median_eurPSLjfm', '69_lag_73_median_stratZ50ndj02', '78_lag_traMC', '69_lag_74_median_samPSLann', '81_lag_atlSICsep', '82_lag_shSICsep', '85_lag_amoSSTmjjaso', '69_lag_80_median_mhfATL45', '69_lag_traBS', '76_lag_glTSjfm', '69_lag_72_median_traDS', '69_lag_72_median_arcTSjfm', '73_lag_glomaSSTjfm', '69_lag_86_median_mhfATL45', '76_lag_traTLS', '88_lag_stratZ50ndj02', '69_lag_80_median_cetTSjfm', '69_lag_75_median_mhfIP30', '69_lag_83_median_traEU', '69_lag_81_median_shSICsep']","[0.2176605430856764, 8.230376679361129, 7.861554888726474, 3.3743403787348765, 4.841044674192855, 4.928035832666633, 4.038565537997798, 0.06481105260936637, 8.013055121498077, 5.471462200276026, 1.4472799483808512, 3.6897904124474312, 1.1612415163054166, 5.0137617074976895, 2.1282193047297486, 2.7098375080704695, 3.430657257527228, 4.828670835769993, 9.576116970766847, 0.006896520052126931, 7.562504556006808, 5.250966339180572, 9.645163323621052, 6.346652642382693, 0.9944069376602123, 2.5873155476018113, 5.235002756136193, 5.217311525072397, 2.693569007819752, 6.597197005678574]","88_lag_arcTSjfm, 69_lag_80_median_samPSLann, 69_lag_85_median_traBO, 69_lag_85_median_labSSTjfm, 80_lag_traMC, 84_lag_wnorPRjfm, 69_lag_71_median_naoPSLjfm, 69_lag_70_median_tripol1, 69_lag_88_median_arcTSjfm, 73_lag_nchinaPRjja, 69_lag_74_median_eurPSLjfm, 69_lag_73_median_stratZ50ndj02, 78_lag_traMC, 69_lag_74_median_samPSLann, 81_lag_atlSICsep, 82_lag_shSICsep, 85_lag_amoSSTmjjaso, 69_lag_80_median_mhfATL45, 69_lag_traBS, 76_lag_glTSjfm, 69_lag_72_median_traDS, 69_lag_72_median_arcTSjfm, 73_lag_glomaSSTjfm, 69_lag_86_median_mhfATL45, 76_lag_traTLS, 88_lag_stratZ50ndj02, 69_lag_80_median_cetTSjfm, 69_lag_75_median_mhfIP30, 69_lag_83_median_traEU, 69_lag_81_median_shSICsep_2496_69"
LRforcedPSO,75,30,stratZ50ndj04,picntrl,1589.5,2050.5,0.6,90,70,70,23.569762422009454,0.026335139819781306,2496,"['76_lag_stratZ50ndj03', '87_lag_traEU', '70_lag_83_median_traDS', '70_lag_82_median_naoPSLjfm', '70_lag_84_median_tripol2', '86_lag_atlSICsep', '79_lag_traFSC', '73_lag_traIT', '70_lag_88_median_traEU', '70_lag_87_median_traWP', '84_lag_AMOCann', '70_lag_seurTSjfm', '70_lag_74_median_traDP', '88_lag_mhfATL45', '74_lag_eurPSLjfm', '86_lag_nhSICjfm', '70_lag_76_median_mhfATL30', '70_lag_75_median_tripol1', '84_lag_stratZ50ndj01', '70_lag_77_median_atlSICjfm', '70_lag_76_median_shSICsep', '70_lag_87_median_stratZ50ndj02', '70_lag_86_median_alpi', '70_lag_76_median_amo1', '89_lag_cetTSjfm', '72_lag_mhfATL60', '70_lag_72_median_scpPSLjfm', '70_lag_glTSjfm', '83_lag_ginwSSTjfm', '72_lag_shSICmar']","[6.134735091615562, 0.6687189912900227, 4.480201818275682, 7.823551440964426, 1.532249451916714, 3.8250917166154803, 5.463895249401554, 2.219841773841228, 3.574404245131591, 7.848110806366854, 5.394555020400274, 6.275495572388065, 7.841284460233325, 2.7720767508302444, 2.645136853217398, 6.248963249684623, 7.365932291853456, 5.850446431195946, 1.927568556110117, 9.516522121723348, 1.5102508292867771, 5.7975378093659335, 4.890313647742136, 2.1733851693954875, 3.2275837631860487, 0.9300854514287753, 6.786865707561287, 3.75683443435301, 0.6240650451891625, 2.762744846726699]","76_lag_stratZ50ndj03, 87_lag_traEU, 70_lag_83_median_traDS, 70_lag_82_median_naoPSLjfm, 70_lag_84_median_tripol2, 86_lag_atlSICsep, 79_lag_traFSC, 73_lag_traIT, 70_lag_88_median_traEU, 70_lag_87_median_traWP, 84_lag_AMOCann, 70_lag_seurTSjfm, 70_lag_74_median_traDP, 88_lag_mhfATL45, 74_lag_eurPSLjfm, 86_lag_nhSICjfm, 70_lag_76_median_mhfATL30, 70_lag_75_median_tripol1, 84_lag_stratZ50ndj01, 70_lag_77_median_atlSICjfm, 70_lag_76_median_shSICsep, 70_lag_87_median_stratZ50ndj02, 70_lag_86_median_alpi, 70_lag_76_median_amo1, 89_lag_cetTSjfm, 72_lag_mhfATL60, 70_lag_72_median_scpPSLjfm, 70_lag_glTSjfm, 83_lag_ginwSSTjfm, 72_lag_shSICmar_2496_70"
LRforcedPSO,76,30,stratZ50ndj04,picntrl,1590.5,2050.5,0.6,91,71,71,27.35012233504427,-0.11410113658055232,2496,"['72_lag_wnorPRjfm', '71_lag_85_median_glomaSSTjfm', '78_lag_tripol2', '71_lag_77_median_mhfATL45', '71_lag_84_median_seurTSjfm', '88_lag_labSSTjfm', '71_lag_82_median_mhfATL45', '80_lag_scpPSLjfm', '71_lag_78_median_arcTSjfm', '71_lag_74_median_shSICmar', '71_lag_76_median_neurTSjfm', '71_lag_89_median_traDS', '71_lag_88_median_cetTSjfm', '71_lag_samPSLann', '71_lag_86_median_traDP', '71_lag_75_median_mhfATL30', '71_lag_72_median_traFSC', '77_lag_seurTSjfm', '85_lag_eurPSLjfm', '71_lag_85_median_naoPSLjfm', '88_lag_gyreSSTjfm', '71_lag_77_median_ensoSSTjfm', '71_lag_83_median_naoPSLjfm', '71_lag_78_median_traEU', '71_lag_90_median_traIT', '71_lag_87_median_nhTSjfm', '75_lag_atlSICsep', '71_lag_76_median_nppc3SSTjfm', '71_lag_78_median_gyreSSTjfm', '71_lag_72_median_stratZ50ndj02']","[8.989899981768508, 5.975810058946447, 1.246323045134023, 9.657669014362034, 6.333362998999037, 2.5607239536577726, 7.957806568141155, 1.038606796497728, 1.7169582326319919, 6.775581025516981, 9.615464730066307, 7.449027039439116, 6.202358759048316, 8.672114504997673, 1.8505798106633051, 9.522446112711414, 2.0085017581669735, 1.937855528173916, 1.2508105455980907, 9.589439479576038, 7.099653791567306, 0.42825723350338585, 6.903320801448757, 0.7271629465426717, 9.719481598523409, 0.8702540324054233, 1.6858516734739695, 9.516770250490335, 4.184174547007391, 2.4315683995129733]","72_lag_wnorPRjfm, 71_lag_85_median_glomaSSTjfm, 78_lag_tripol2, 71_lag_77_median_mhfATL45, 71_lag_84_median_seurTSjfm, 88_lag_labSSTjfm, 71_lag_82_median_mhfATL45, 80_lag_scpPSLjfm, 71_lag_78_median_arcTSjfm, 71_lag_74_median_shSICmar, 71_lag_76_median_neurTSjfm, 71_lag_89_median_traDS, 71_lag_88_median_cetTSjfm, 71_lag_samPSLann, 71_lag_86_median_traDP, 71_lag_75_median_mhfATL30, 71_lag_72_median_traFSC, 77_lag_seurTSjfm, 85_lag_eurPSLjfm, 71_lag_85_median_naoPSLjfm, 88_lag_gyreSSTjfm, 71_lag_77_median_ensoSSTjfm, 71_lag_83_median_naoPSLjfm, 71_lag_78_median_traEU, 71_lag_90_median_traIT, 71_lag_87_median_nhTSjfm, 75_lag_atlSICsep, 71_lag_76_median_nppc3SSTjfm, 71_lag_78_median_gyreSSTjfm, 71_lag_72_median_stratZ50ndj02_2496_71"
LRforcedPSO,77,30,stratZ50ndj04,picntrl,1591.5,2050.5,0.6,92,72,72,27.981798348087494,0.017505056024653666,2496,"['81_lag_traTLS', '83_lag_arcTSjfm', '73_lag_traIFC', '72_lag_88_median_traBS', '83_lag_traDP', '72_lag_80_median_shSICmar', '82_lag_amo3', '91_lag_neurTSjfm', '72_lag_86_median_tripol1', '72_lag_79_median_nppc3SSTjfm', '72_lag_91_median_traEU', '72_lag_82_median_traBS', '72_lag_amo2', '72_lag_80_median_amo2', '75_lag_amo3', '82_lag_tripol1', '78_lag_samPSLann', '88_lag_nppc2SSTjfm', '83_lag_nhSICjfm', '72_lag_82_median_samPSLann', '73_lag_traFS', '72_lag_73_median_glomaSSTjfm', '81_lag_amo1', '91_lag_stratZ50ndj01', '72_lag_81_median_traFB', '76_lag_traFB', '76_lag_mhfATL45', '72_lag_87_median_atlSICsep', '72_lag_84_median_traBO', '72_lag_77_median_mhfATL30']","[1.867726946056079, 9.61823192217076, 3.1238077954039305, 2.0960894400982895, 4.82239242329819, 9.51982149421092, 3.3469678549968407, 3.8630002138625175, 6.750013285326439, 5.829932150864019, 1.9974859413938475, 1.6645572505163067, 1.3259703615163776, 7.468974837390152, 2.732106079976358, 8.226275017044284, 3.796063695587839, 6.505219520487044, 4.9307291931864805, 2.9203696938550436, 5.719924370327583, 3.179855189587723, 3.2788566014132705, 4.031544473738279, 4.4815055545645315, 4.042379389411503, 3.5660320613533063, 5.502567814814078, 8.860839459128286, 2.3178846412228493]","81_lag_traTLS, 83_lag_arcTSjfm, 73_lag_traIFC, 72_lag_88_median_traBS, 83_lag_traDP, 72_lag_80_median_shSICmar, 82_lag_amo3, 91_lag_neurTSjfm, 72_lag_86_median_tripol1, 72_lag_79_median_nppc3SSTjfm, 72_lag_91_median_traEU, 72_lag_82_median_traBS, 72_lag_amo2, 72_lag_80_median_amo2, 75_lag_amo3, 82_lag_tripol1, 78_lag_samPSLann, 88_lag_nppc2SSTjfm, 83_lag_nhSICjfm, 72_lag_82_median_samPSLann, 73_lag_traFS, 72_lag_73_median_glomaSSTjfm, 81_lag_amo1, 91_lag_stratZ50ndj01, 72_lag_81_median_traFB, 76_lag_traFB, 76_lag_mhfATL45, 72_lag_87_median_atlSICsep, 72_lag_84_median_traBO, 72_lag_77_median_mhfATL30_2496_72"
LRforcedPSO,78,30,stratZ50ndj04,picntrl,1592.5,2050.5,0.6,93,73,73,28.347807603882956,-0.00576846397862696,2496,"['73_lag_78_median_amo3', '79_lag_cetTSjfm', '73_lag_88_median_stratZ50ndj03', '79_lag_traWP', '78_lag_nhSICjfm', '73_lag_87_median_nhSICjfm', '73_lag_81_median_alpi', '92_lag_nppc2SSTjfm', '86_lag_samPSLann', '89_lag_traDS', '91_lag_nhSICjfm', '86_lag_traIFC', '86_lag_ginwSSTjfm', '85_lag_amoSSTmjjaso', '73_lag_91_median_shSICmar', '84_lag_mhfIP30', '87_lag_traFB', '73_lag_76_median_traMC', '74_lag_neurTSjfm', '73_lag_80_median_nhSICsep', '90_lag_traEU', '73_lag_79_median_mhfIP30', '89_lag_eurPSLjfm', '73_lag_77_median_traIFC', '88_lag_ormenSSTjfm', '84_lag_amo3', '84_lag_traBS', '73_lag_88_median_traBS', '73_lag_80_median_wnorPRjfm', '73_lag_86_median_shSICmar']","[4.440065649468552, 2.669221440621836, 8.361331978208963, 3.6642421382694312, 1.7970384731229814, 7.832942228927449, 6.604371725341858, 7.18725485346021, 5.877353800625237, 4.259876638271098, 2.9277218537106027, 6.1613237200646225, 0.3347929686633897, 2.7528210780385933, 8.97730810477251, 2.3986227194666228, 0.11548885451115432, 2.9278447302992827, 5.285259034034757, 7.7524164382587095, 4.016554273439976, 3.6724288015614093, 2.982511627256958, 6.427141166365402, 5.0615658083600685, 8.590806685896526, 0.543600014447911, 3.9815881928482018, 7.447929789951296, 1.878131032300141]","73_lag_78_median_amo3, 79_lag_cetTSjfm, 73_lag_88_median_stratZ50ndj03, 79_lag_traWP, 78_lag_nhSICjfm, 73_lag_87_median_nhSICjfm, 73_lag_81_median_alpi, 92_lag_nppc2SSTjfm, 86_lag_samPSLann, 89_lag_traDS, 91_lag_nhSICjfm, 86_lag_traIFC, 86_lag_ginwSSTjfm, 85_lag_amoSSTmjjaso, 73_lag_91_median_shSICmar, 84_lag_mhfIP30, 87_lag_traFB, 73_lag_76_median_traMC, 74_lag_neurTSjfm, 73_lag_80_median_nhSICsep, 90_lag_traEU, 73_lag_79_median_mhfIP30, 89_lag_eurPSLjfm, 73_lag_77_median_traIFC, 88_lag_ormenSSTjfm, 84_lag_amo3, 84_lag_traBS, 73_lag_88_median_traBS, 73_lag_80_median_wnorPRjfm, 73_lag_86_median_shSICmar_2496_73"
LRforcedPSO,79,30,stratZ50ndj04,picntrl,1593.5,2050.5,0.6,94,74,74,26.46412229767978,-0.15834353172480345,2496,"['86_lag_shTSjfm', '74_lag_AMOCann', '79_lag_ismPRjja', '74_lag_79_median_wnorPRjfm', '74_lag_87_median_naoPSLjfm', '86_lag_nppc2SSTjfm', '74_lag_79_median_amoSSTmjjaso', '80_lag_traBO', '74_lag_88_median_scpPSLjfm', '88_lag_ginwSSTjfm', '80_lag_amo3', '74_lag_92_median_traCA', '84_lag_traIT', '74_lag_78_median_naoPSLjfm', '80_lag_traWP', '74_lag_81_median_gyreSSTjfm', '74_lag_79_median_mhfATL60', '74_lag_85_median_nppc3SSTjfm', '74_lag_84_median_tripol2', '74_lag_80_median_neurTSjfm', '74_lag_ormenSSTjfm', '74_lag_80_median_traFB', '82_lag_traFS', '74_lag_86_median_glomaSSTjfm', '74_lag_82_median_stratZ50ndj01', '79_lag_AMOCann', '74_lag_77_median_pdoSSTjfm', '74_lag_89_median_mhfIP30', '74_lag_90_median_nppc3SSTjfm', '82_lag_nhSICjfm']","[6.794027211483014, 9.669757378673442, 2.119035929775709, 0.11793290101265619, 0.24194024797891522, 4.204580711710424, 5.827256132170184, 2.6306247738050264, 3.329360922787343, 1.4412093871112557, 2.3733775323029054, 7.528880193261816, 0.7485815895387802, 9.471356442538912, 5.569592259975593, 3.397099885802657, 0.7692802510740666, 5.103037974137317, 2.5452327026297095, 3.017837508552404, 8.725425016775123, 0.924255664753943, 0.26786201354704176, 8.355058864125297, 2.5288715955083374, 3.1427815594727235, 6.8656840196827895, 7.251522604838854, 7.385760852851382, 2.7417620495214408]","86_lag_shTSjfm, 74_lag_AMOCann, 79_lag_ismPRjja, 74_lag_79_median_wnorPRjfm, 74_lag_87_median_naoPSLjfm, 86_lag_nppc2SSTjfm, 74_lag_79_median_amoSSTmjjaso, 80_lag_traBO, 74_lag_88_median_scpPSLjfm, 88_lag_ginwSSTjfm, 80_lag_amo3, 74_lag_92_median_traCA, 84_lag_traIT, 74_lag_78_median_naoPSLjfm, 80_lag_traWP, 74_lag_81_median_gyreSSTjfm, 74_lag_79_median_mhfATL60, 74_lag_85_median_nppc3SSTjfm, 74_lag_84_median_tripol2, 74_lag_80_median_neurTSjfm, 74_lag_ormenSSTjfm, 74_lag_80_median_traFB, 82_lag_traFS, 74_lag_86_median_glomaSSTjfm, 74_lag_82_median_stratZ50ndj01, 79_lag_AMOCann, 74_lag_77_median_pdoSSTjfm, 74_lag_89_median_mhfIP30, 74_lag_90_median_nppc3SSTjfm, 82_lag_nhSICjfm_2496_74"
LRforcedPSO,80,30,stratZ50ndj04,picntrl,1594.5,2050.5,0.6,95,75,75,25.022505502879117,-0.11847879488223127,2496,"['90_lag_ensoSSTjfm', '83_lag_shSICmar', '75_lag_76_median_glTSjfm', '88_lag_nhTSjfm', '93_lag_traIT', '75_lag_90_median_traMC', '87_lag_traBS', '75_lag_93_median_amo3', '89_lag_traBS', '84_lag_eapPSLjfm', '75_lag_91_median_traFSC', '81_lag_traBO', '75_lag_80_median_satlSSTjfm', '80_lag_nppc2SSTjfm', '75_lag_76_median_traEC', '82_lag_nchinaPRjja', '75_lag_77_median_pdoSSTjfm', '75_lag_85_median_traEC', '88_lag_traEC', '75_lag_78_median_amo1', '75_lag_84_median_eapPSLjfm', '90_lag_ormenSSTjfm', '75_lag_80_median_alpi', '75_lag_85_median_nppc3SSTjfm', '76_lag_ensoSSTjfm', '75_lag_88_median_traIFC', '94_lag_mhfATL45', '75_lag_79_median_traMC', '82_lag_naoPSLjfm', '75_lag_86_median_amo3']","[0.263787892082723, 8.470640577428487, 7.0448006588910275, 5.331071239972869, 1.4258109792384754, 9.12267881299401, 0.7929264453770184, 0.8805201730588212, 4.279697491064029, 5.553957159257983, 0.9027296870598196, 4.590522819334591, 0.013883301275184223, 7.102573871241309, 4.017125128081496, 2.283245598831215, 0.5069178460667558, 9.261825816553916, 4.901710187142561, 6.238268361952423, 0.46978493996376436, 4.285622122110944, 0.06631679493119336, 0.49485908546227186, 6.492715280729902, 5.6681137077060795, 2.1706829220178836, 0.8923507161111068, 4.105617410204523, 6.321470062239939]","90_lag_ensoSSTjfm, 83_lag_shSICmar, 75_lag_76_median_glTSjfm, 88_lag_nhTSjfm, 93_lag_traIT, 75_lag_90_median_traMC, 87_lag_traBS, 75_lag_93_median_amo3, 89_lag_traBS, 84_lag_eapPSLjfm, 75_lag_91_median_traFSC, 81_lag_traBO, 75_lag_80_median_satlSSTjfm, 80_lag_nppc2SSTjfm, 75_lag_76_median_traEC, 82_lag_nchinaPRjja, 75_lag_77_median_pdoSSTjfm, 75_lag_85_median_traEC, 88_lag_traEC, 75_lag_78_median_amo1, 75_lag_84_median_eapPSLjfm, 90_lag_ormenSSTjfm, 75_lag_80_median_alpi, 75_lag_85_median_nppc3SSTjfm, 76_lag_ensoSSTjfm, 75_lag_88_median_traIFC, 94_lag_mhfATL45, 75_lag_79_median_traMC, 82_lag_naoPSLjfm, 75_lag_86_median_amo3_2496_75"
LRforcedPSO,81,30,stratZ50ndj04,picntrl,1595.5,2050.5,0.6,96,76,76,25.595123605694273,-0.0028401854317376446,2496,"['76_lag_78_median_tripol2', '76_lag_94_median_glTSjfm', '95_lag_satlSSTjfm', '76_lag_93_median_cetTSjfm', '85_lag_samPSLann', '76_lag_85_median_traEU', '76_lag_84_median_traDS', '76_lag_87_median_tripol3', '76_lag_94_median_cetTSjfm', '86_lag_ormenSSTjfm', '76_lag_81_median_stratZ50ndj01', '76_lag_84_median_amo3', '76_lag_90_median_mhfATL30', '86_lag_traTLS', '86_lag_amo3', '76_lag_87_median_amo2', '76_lag_86_median_traDS', '76_lag_88_median_wnorPRjfm', '76_lag_78_median_atlSICsep', '76_lag_93_median_stratZ50ndj04', '76_lag_86_median_samPSLann', '76_lag_85_median_neurTSjfm', '76_lag_85_median_ormenSSTjfm', '77_lag_arcTSjfm', '76_lag_78_median_glTSjfm', '76_lag_81_median_shSICmar', '77_lag_mhfATL45', '93_lag_atlSICsep', '77_lag_satlSSTjfm', '76_lag_84_median_ginwSSTjfm']","[7.474369623282524, 5.501914433863728, 4.68306620328714, 8.314608322190473, 6.8663292223889805, 1.5522426354594039, 7.6756705087520665, 1.3765229914777528, 4.114267138184125, 5.244860841317449, 4.724087103820745, 3.981304637734917, 7.724530482714197, 0.981861467899197, 2.687288843371478, 8.096610781621905, 2.830792917817085, 8.093068382831937, 4.316278852099966, 1.9101365674196558, 1.9401340897716413, 9.20456870407137, 4.183807306405227, 0.5630670763572638, 3.6162487058009756, 0.6106459662042933, 1.012083066693295, 2.6002587988800556, 2.1206969009662444, 5.895869974602695]","76_lag_78_median_tripol2, 76_lag_94_median_glTSjfm, 95_lag_satlSSTjfm, 76_lag_93_median_cetTSjfm, 85_lag_samPSLann, 76_lag_85_median_traEU, 76_lag_84_median_traDS, 76_lag_87_median_tripol3, 76_lag_94_median_cetTSjfm, 86_lag_ormenSSTjfm, 76_lag_81_median_stratZ50ndj01, 76_lag_84_median_amo3, 76_lag_90_median_mhfATL30, 86_lag_traTLS, 86_lag_amo3, 76_lag_87_median_amo2, 76_lag_86_median_traDS, 76_lag_88_median_wnorPRjfm, 76_lag_78_median_atlSICsep, 76_lag_93_median_stratZ50ndj04, 76_lag_86_median_samPSLann, 76_lag_85_median_neurTSjfm, 76_lag_85_median_ormenSSTjfm, 77_lag_arcTSjfm, 76_lag_78_median_glTSjfm, 76_lag_81_median_shSICmar, 77_lag_mhfATL45, 93_lag_atlSICsep, 77_lag_satlSSTjfm, 76_lag_84_median_ginwSSTjfm_2496_76"
LRforcedPSO,82,30,stratZ50ndj04,picntrl,1596.5,2050.5,0.6,97,77,77,22.74064372346134,-0.020809092083445464,2496,"['77_lag_82_median_traFB', '77_lag_79_median_atlSICsep', '77_lag_87_median_nhSICjfm', '87_lag_traBO', '86_lag_shSICmar', '77_lag_shTSjfm', '86_lag_nhTSjfm', '88_lag_glTSjfm', '77_lag_87_median_stratZ50ndj01', '84_lag_nhSICjfm', '77_lag_86_median_yrvPRjja', '84_lag_cetTSjfm', '87_lag_stratZ50ndj02', '91_lag_naoPSLjfm', '88_lag_atlSICjfm', '77_lag_91_median_ormenSSTjfm', '94_lag_traBO', '77_lag_87_median_arcTSjfm', '77_lag_85_median_neurTSjfm', '77_lag_82_median_traDS', '77_lag_89_median_shSICsep', '78_lag_glTSjfm', '85_lag_nhTSjfm', '77_lag_88_median_ormenSSTjfm', '93_lag_traFB', '77_lag_91_median_traEC', '77_lag_84_median_cetTSjfm', '77_lag_85_median_traFSC', '77_lag_82_median_amo2', '96_lag_gyreSSTjfm']","[1.0643886523876809, 7.620560578407865, 1.0563143889768831, 3.839375926607836, 4.9330117667450395, 0.4688724538524731, 3.334427087049832, 1.8001739799087098, 5.918322797706406, 2.08005663011442, 6.25302740594138, 2.5296964440796703, 6.166131259866955, 1.839731698297065, 9.456205090082463, 8.223726501692546, 2.465298875065807, 8.315525409480756, 5.7692259230045595, 4.837352557831139, 7.237940850989254, 5.960987372033273, 0.5920939419020712, 7.447106156202851, 2.7414656133278097, 2.013626428257913, 5.993546780087917, 6.313047481268239, 1.8942662228083798, 0.2943266356616121]","77_lag_82_median_traFB, 77_lag_79_median_atlSICsep, 77_lag_87_median_nhSICjfm, 87_lag_traBO, 86_lag_shSICmar, 77_lag_shTSjfm, 86_lag_nhTSjfm, 88_lag_glTSjfm, 77_lag_87_median_stratZ50ndj01, 84_lag_nhSICjfm, 77_lag_86_median_yrvPRjja, 84_lag_cetTSjfm, 87_lag_stratZ50ndj02, 91_lag_naoPSLjfm, 88_lag_atlSICjfm, 77_lag_91_median_ormenSSTjfm, 94_lag_traBO, 77_lag_87_median_arcTSjfm, 77_lag_85_median_neurTSjfm, 77_lag_82_median_traDS, 77_lag_89_median_shSICsep, 78_lag_glTSjfm, 85_lag_nhTSjfm, 77_lag_88_median_ormenSSTjfm, 93_lag_traFB, 77_lag_91_median_traEC, 77_lag_84_median_cetTSjfm, 77_lag_85_median_traFSC, 77_lag_82_median_amo2, 96_lag_gyreSSTjfm_2496_77"
LRforcedPSO,83,30,stratZ50ndj04,picntrl,1597.5,2050.5,0.6,98,78,78,26.2224252734417,-0.07193893339117555,2496,"['78_lag_88_median_stratZ50ndj03', '79_lag_traBS', '83_lag_mhfATL30', '78_lag_yrvPRjja', '78_lag_89_median_glTSjfm', '78_lag_93_median_samPSLann', '78_lag_93_median_shSICsep', '78_lag_79_median_nhSICjfm', '78_lag_87_median_eurPSLjfm', '78_lag_91_median_mhfIP30', '78_lag_84_median_seurTSjfm', '78_lag_90_median_nhSICjfm', '78_lag_83_median_traBS', '78_lag_86_median_stratZ50ndj01', '79_lag_nchinaPRjja', '94_lag_satlSSTjfm', '78_lag_82_median_traDP', '78_lag_91_median_traFSC', '82_lag_stratZ50ndj03', '84_lag_stratZ50ndj04', '78_lag_95_median_atlSICsep', '95_lag_traFS', '78_lag_91_median_traIT', '78_lag_83_median_ormenSSTjfm', '78_lag_94_median_traBS', '78_lag_stratZ50ndj03', '78_lag_92_median_arcTSjfm', '80_lag_glTSjfm', '78_lag_86_median_traWP', '96_lag_shTSjfm']","[2.47563432848877, 2.914737577260742, 3.605318272380207, 4.1418148668917105, 4.852025390231843, 2.9672914132359036, 1.2958663507137036, 7.765016583413267, 2.656570847160518, 0.5447555766422525, 7.116008427418702, 1.804247840152172, 8.848448790704227, 1.478372354211908, 4.941346381645264, 6.878996040435723, 1.5817778500999964, 0.09827942266863054, 0.7709996855934325, 5.299610972413966, 6.976358650820874, 9.530696520063707, 6.500750082574495, 5.328575304015639, 5.1156028919241265, 0.69373012158729, 3.2429086846503594, 0.4811095902206972, 5.118506371808866, 5.389587816826116]","78_lag_88_median_stratZ50ndj03, 79_lag_traBS, 83_lag_mhfATL30, 78_lag_yrvPRjja, 78_lag_89_median_glTSjfm, 78_lag_93_median_samPSLann, 78_lag_93_median_shSICsep, 78_lag_79_median_nhSICjfm, 78_lag_87_median_eurPSLjfm, 78_lag_91_median_mhfIP30, 78_lag_84_median_seurTSjfm, 78_lag_90_median_nhSICjfm, 78_lag_83_median_traBS, 78_lag_86_median_stratZ50ndj01, 79_lag_nchinaPRjja, 94_lag_satlSSTjfm, 78_lag_82_median_traDP, 78_lag_91_median_traFSC, 82_lag_stratZ50ndj03, 84_lag_stratZ50ndj04, 78_lag_95_median_atlSICsep, 95_lag_traFS, 78_lag_91_median_traIT, 78_lag_83_median_ormenSSTjfm, 78_lag_94_median_traBS, 78_lag_stratZ50ndj03, 78_lag_92_median_arcTSjfm, 80_lag_glTSjfm, 78_lag_86_median_traWP, 96_lag_shTSjfm_2496_78"
LRforcedPSO,84,30,stratZ50ndj04,picntrl,1598.5,2050.5,0.6,99,79,79,25.321522746864712,-0.06510360455534593,2496,"['79_lag_84_median_eapPSLjfm', '79_lag_85_median_eapPSLjfm', '98_lag_stratZ50ndj03', '82_lag_seurTSjfm', '79_lag_shSICsep', '79_lag_83_median_ormenSSTjfm', '79_lag_96_median_shTSjfm', '85_lag_traIFC', '79_lag_89_median_traWP', '81_lag_eurPSLjfm', '87_lag_amo1', '79_lag_94_median_ginwSSTjfm', '87_lag_satlSSTjfm', '97_lag_gyreSSTjfm', '79_lag_90_median_stratZ50ndj02', '87_lag_alpi', '85_lag_nhTSjfm', '79_lag_82_median_traDP', '79_lag_traFS', '84_lag_amo3', '92_lag_traBO', '79_lag_85_median_traIFC', '92_lag_atlSICjfm', '79_lag_97_median_wnorPRjfm', '97_lag_tripol1', '79_lag_98_median_traEU', '90_lag_traWP', '79_lag_93_median_amo3', '92_lag_nhTSjfm', '97_lag_traDP']","[6.672738146788152, 0.8947047778471333, 7.122494954819079, 9.514244429240847, 3.174685055374553, 2.1606980352442093, 2.767152136642686, 1.2659073907508773, 1.0934487125945154, 0.8320789273866858, 4.03506268264211, 9.986804520007823, 0.24969918986870177, 1.5343131395053522, 0.9602601676734874, 4.270207214083342, 5.23315797543241, 8.861840236173947, 6.905847103742304, 8.25963978779555, 1.5798576551083237, 3.4608456270459538, 8.335263209668568, 2.8087004761579397, 3.9669642369933182, 3.7374843723661435, 2.419140416792139, 5.435376476956401, 2.688167225516583, 0.24693243276180432]","79_lag_84_median_eapPSLjfm, 79_lag_85_median_eapPSLjfm, 98_lag_stratZ50ndj03, 82_lag_seurTSjfm, 79_lag_shSICsep, 79_lag_83_median_ormenSSTjfm, 79_lag_96_median_shTSjfm, 85_lag_traIFC, 79_lag_89_median_traWP, 81_lag_eurPSLjfm, 87_lag_amo1, 79_lag_94_median_ginwSSTjfm, 87_lag_satlSSTjfm, 97_lag_gyreSSTjfm, 79_lag_90_median_stratZ50ndj02, 87_lag_alpi, 85_lag_nhTSjfm, 79_lag_82_median_traDP, 79_lag_traFS, 84_lag_amo3, 92_lag_traBO, 79_lag_85_median_traIFC, 92_lag_atlSICjfm, 79_lag_97_median_wnorPRjfm, 97_lag_tripol1, 79_lag_98_median_traEU, 90_lag_traWP, 79_lag_93_median_amo3, 92_lag_nhTSjfm, 97_lag_traDP_2496_79"
LRforcedPSO,85,30,stratZ50ndj04,picntrl,1599.5,2050.5,0.6,100,80,80,23.64901504056101,0.06969582688882195,2496,"['80_lag_98_median_stratZ50ndj01', '93_lag_nhSICsep', '95_lag_traFB', '80_lag_86_median_traEC', '80_lag_90_median_stratZ50ndj01', '80_lag_96_median_traFSC', '80_lag_97_median_mhfATL45', '80_lag_85_median_nchinaPRjja', '80_lag_96_median_traEU', '80_lag_91_median_tripol2', '80_lag_91_median_nhTSjfm', '80_lag_86_median_samPSLann', '80_lag_96_median_glomaSSTjfm', '80_lag_85_median_ismPRjja', '80_lag_84_median_cetTSjfm', '80_lag_88_median_nhSICsep', '80_lag_85_median_amoSSTmjjaso', '91_lag_eurPSLjfm', '88_lag_pdoSSTjfm', '80_lag_82_median_tripol1', '93_lag_gyreSSTjfm', '81_lag_nhTSjfm', '80_lag_93_median_mhfIP30', '80_lag_87_median_traMC', '83_lag_stratZ50ndj02', '80_lag_92_median_atlSICjfm', '80_lag_85_median_ginwSSTjfm', '89_lag_tripol1', '80_lag_87_median_gyreSSTjfm', '80_lag_89_median_gyreSSTjfm']","[4.198996099267324, 0.9053256322109338, 2.6446058073119243, 4.511223061161955, 4.427766683536467, 3.5315089738192995, 2.3824865415273173, 5.836285617026082, 6.284675787506806, 2.7981504290387207, 2.594624833782939, 1.6054145696984072, 7.869290154185318, 3.302293828649412, 7.295745588806987, 1.7000624556513255, 0.5440748135536015, 0.7172753702558126, 2.171974201076342, 4.518154348701833, 4.24631138100283, 5.881954455022139, 7.7965867762400265, 4.956331941521707, 2.9045985683852535, 3.413012007496704, 3.375085961564226, 8.507870138692164, 6.232668737890986, 1.4074761933771303]","80_lag_98_median_stratZ50ndj01, 93_lag_nhSICsep, 95_lag_traFB, 80_lag_86_median_traEC, 80_lag_90_median_stratZ50ndj01, 80_lag_96_median_traFSC, 80_lag_97_median_mhfATL45, 80_lag_85_median_nchinaPRjja, 80_lag_96_median_traEU, 80_lag_91_median_tripol2, 80_lag_91_median_nhTSjfm, 80_lag_86_median_samPSLann, 80_lag_96_median_glomaSSTjfm, 80_lag_85_median_ismPRjja, 80_lag_84_median_cetTSjfm, 80_lag_88_median_nhSICsep, 80_lag_85_median_amoSSTmjjaso, 91_lag_eurPSLjfm, 88_lag_pdoSSTjfm, 80_lag_82_median_tripol1, 93_lag_gyreSSTjfm, 81_lag_nhTSjfm, 80_lag_93_median_mhfIP30, 80_lag_87_median_traMC, 83_lag_stratZ50ndj02, 80_lag_92_median_atlSICjfm, 80_lag_85_median_ginwSSTjfm, 89_lag_tripol1, 80_lag_87_median_gyreSSTjfm, 80_lag_89_median_gyreSSTjfm_2496_80"
