model,num_irrelevant,max_allowed_features,target_feature,dataset,year_start,year_end,splitsize,max_lag,init_lag,max_forecast,mae_score,corr_score,n_total_features,selected_feature_list,feature_importances,selected_features
LRforcedPSO,0,6,mhfIP30,slow,866.5,2005.5,0.8,15,5,5,13.479795243467358,-0.010645579919026562,1235,"['7_lag_amo1', '8_lag_mhfATL30', '5_lag_7_median_traIT', '5_lag_13_median_seurTSjfm', '5_lag_12_median_shTSjfm', '5_lag_8_median_tripol3']","[2.2729851426689014, 1.7651002368031483, 1.7974801223305261, 1.7393984967241227, 1.7271753715261766, 2.04549370111465]","7_lag_amo1, 8_lag_mhfATL30, 5_lag_7_median_traIT, 5_lag_13_median_seurTSjfm, 5_lag_12_median_shTSjfm, 5_lag_8_median_tripol3_1235_5"
LRforcedPSO,1,6,mhfIP30,slow,867.5,2005.5,0.8,16,6,6,13.280217859925573,0.11434418680371215,1235,"['13_lag_wnorPRjfm', '15_lag_tripol2', '10_lag_gyreSSTjfm', '13_lag_tripol3', '12_lag_traFSC', '6_lag_14_median_pdoSSTjfm']","[5.925971648431643, 0.051155409797800644, 2.821007470229013, 2.6230325173381397, 0.6139287795537882, 2.4510797251865712]","13_lag_wnorPRjfm, 15_lag_tripol2, 10_lag_gyreSSTjfm, 13_lag_tripol3, 12_lag_traFSC, 6_lag_14_median_pdoSSTjfm_1235_6"
LRforcedPSO,2,6,mhfIP30,slow,868.5,2005.5,0.8,17,7,7,13.05280300927101,-0.04749112827525929,1235,"['7_lag_mhfATL45', '7_lag_9_median_traBS', '7_lag_11_median_nchinaPRjja', '7_lag_15_median_amoSSTmjjaso', '7_lag_mhfIP30', '13_lag_tripol1']","[1.1362416890228815, 1.4263690175654087, 1.456521580388819, 1.1384157639900743, 1.207873399662982, 1.5149250941312145]","7_lag_mhfATL45, 7_lag_9_median_traBS, 7_lag_11_median_nchinaPRjja, 7_lag_15_median_amoSSTmjjaso, 7_lag_mhfIP30, 13_lag_tripol1_1235_7"
LRforcedPSO,3,6,mhfIP30,slow,869.5,2005.5,0.8,18,8,8,15.153207252791793,-0.04465912391159153,1235,"['8_lag_17_median_naoPSLjfm', '8_lag_naoPSLjfm', '11_lag_traTLS', '17_lag_mhfATL60', '8_lag_11_median_nhSICjfm', '11_lag_nhTSjfm']","[0.3526654812171799, 0.5872471055267354, 0.9603688414338087, 4.16008140680395, 2.0369110139193047, 3.477464545732529]","8_lag_17_median_naoPSLjfm, 8_lag_naoPSLjfm, 11_lag_traTLS, 17_lag_mhfATL60, 8_lag_11_median_nhSICjfm, 11_lag_nhTSjfm_1235_8"
LRforcedPSO,4,6,mhfIP30,slow,870.5,2005.5,0.8,19,9,9,12.823343969281824,0.02405108218328628,1235,"['10_lag_amo2', '16_lag_mhfIP30', '9_lag_15_median_yrvPRjja', '9_lag_shSICsep', '9_lag_11_median_atlSICsep', '9_lag_17_median_yrvPRjja']","[0.04737453023588856, 0.7158089723067906, 0.21240767330784394, 0.8666648484585195, 1.09504361718564, 4.663013800449576]","10_lag_amo2, 16_lag_mhfIP30, 9_lag_15_median_yrvPRjja, 9_lag_shSICsep, 9_lag_11_median_atlSICsep, 9_lag_17_median_yrvPRjja_1235_9"
LRforcedPSO,5,6,mhfIP30,slow,871.5,2005.5,0.8,20,10,10,13.878617371944115,0.008621802654376388,1235,"['19_lag_shTSjfm', '10_lag_12_median_wnorPRjfm', '10_lag_18_median_traWP', '10_lag_18_median_traDP', '19_lag_eurPSLjfm', '13_lag_traMC']","[3.747888082138445, 2.2165702936159226, 1.7643577265432242, 2.7588240719419366, 1.1722664027813607, 3.917712595577621]","19_lag_shTSjfm, 10_lag_12_median_wnorPRjfm, 10_lag_18_median_traWP, 10_lag_18_median_traDP, 19_lag_eurPSLjfm, 13_lag_traMC_1235_10"
LRforcedPSO,6,6,mhfIP30,slow,872.5,2005.5,0.8,21,11,11,13.85552669959518,0.06461442855864058,1235,"['16_lag_ismPRjja', '17_lag_amoSSTmjjaso', '13_lag_tripol3', '11_lag_14_median_pdoSSTjfm', '14_lag_ormenSSTjfm', '17_lag_wnorPRjfm']","[1.9406955334454992, 2.638739305575273, 3.2246507228979127, 4.608778366268038, 0.47349807860025805, 0.828710999880462]","16_lag_ismPRjja, 17_lag_amoSSTmjjaso, 13_lag_tripol3, 11_lag_14_median_pdoSSTjfm, 14_lag_ormenSSTjfm, 17_lag_wnorPRjfm_1235_11"
LRforcedPSO,7,6,mhfIP30,slow,873.5,2005.5,0.8,22,12,12,14.187161527291956,-0.042809929131602635,1235,"['12_lag_15_median_nhSICsep', '18_lag_traEU', '20_lag_AMOCann', '16_lag_arcTSjfm', '17_lag_nhSICsep', '18_lag_shSICsep']","[2.443878750639703, 3.587771146100426, 1.013462781978923, 0.11391899447181508, 1.4189351155606218, 5.079886809482527]","12_lag_15_median_nhSICsep, 18_lag_traEU, 20_lag_AMOCann, 16_lag_arcTSjfm, 17_lag_nhSICsep, 18_lag_shSICsep_1235_12"
LRforcedPSO,8,6,mhfIP30,slow,874.5,2005.5,0.8,23,13,13,12.681486281396158,0.017358081967483827,1235,"['13_lag_14_median_cetTSjfm', '13_lag_22_median_traBS', '22_lag_traDP', '13_lag_16_median_shSICsep', '13_lag_20_median_ensoSSTjfm', '13_lag_16_median_tripol2']","[2.4493819631956413, 2.179179237467667, 1.837093363356427, 2.0140137904584505, 2.0213054536220394, 1.8370728112511723]","13_lag_14_median_cetTSjfm, 13_lag_22_median_traBS, 22_lag_traDP, 13_lag_16_median_shSICsep, 13_lag_20_median_ensoSSTjfm, 13_lag_16_median_tripol2_1235_13"
LRforcedPSO,9,6,mhfIP30,slow,875.5,2005.5,0.8,24,14,14,12.827771874855634,-0.015864421327898157,1235,"['14_lag_16_median_ginwSSTjfm', '21_lag_ensoSSTjfm', '20_lag_ensoSSTjfm', '16_lag_glTSjfm', '16_lag_traIFC', '14_lag_15_median_amoSSTmjjaso']","[1.5947301975803942, 1.4906005500477726, 1.7705503703376801, 1.5621198738172315, 1.977422970014081, 1.8117846687921582]","14_lag_16_median_ginwSSTjfm, 21_lag_ensoSSTjfm, 20_lag_ensoSSTjfm, 16_lag_glTSjfm, 16_lag_traIFC, 14_lag_15_median_amoSSTmjjaso_1235_14"
LRforcedPSO,10,6,mhfIP30,slow,876.5,2005.5,0.8,25,15,15,13.303307654098665,0.04008336726247092,1235,"['15_lag_18_median_tripol1', '15_lag_20_median_traIT', '15_lag_17_median_traDP', '15_lag_20_median_traBS', '15_lag_19_median_amo1', '15_lag_nppc3SSTjfm']","[4.762256645392881, 2.0732006713988866, 2.079501256590646, 1.1214788166518925, 0.009992514772349637, 0.6509029825832684]","15_lag_18_median_tripol1, 15_lag_20_median_traIT, 15_lag_17_median_traDP, 15_lag_20_median_traBS, 15_lag_19_median_amo1, 15_lag_nppc3SSTjfm_1235_15"
LRforcedPSO,11,6,mhfIP30,slow,877.5,2005.5,0.8,26,16,16,12.82758320623123,-0.047544493689058186,1235,"['17_lag_stratZ50ndj01', '22_lag_mhfATL60', '16_lag_amoSSTmjjaso', '19_lag_nchinaPRjja', '21_lag_samPSLann', '24_lag_mhfATL60']","[0.9993721792416175, 1.19692125832973, 1.266831789291609, 1.0684264642817216, 1.0193246609568736, 1.2547128891410053]","17_lag_stratZ50ndj01, 22_lag_mhfATL60, 16_lag_amoSSTmjjaso, 19_lag_nchinaPRjja, 21_lag_samPSLann, 24_lag_mhfATL60_1235_16"
LRforcedPSO,12,6,mhfIP30,slow,878.5,2005.5,0.8,27,17,17,13.070473159691046,-0.05537012806153922,1235,"['17_lag_mhfIP30', '17_lag_22_median_mhfATL45', '19_lag_traFSC', '20_lag_traFSC', '24_lag_neurTSjfm', '24_lag_traIT']","[1.66196715374301, 1.6619664759401718, 1.6620686714167385, 2.2159474624507514, 1.661980638207588, 1.6619799610201036]","17_lag_mhfIP30, 17_lag_22_median_mhfATL45, 19_lag_traFSC, 20_lag_traFSC, 24_lag_neurTSjfm, 24_lag_traIT_1235_17"
LRforcedPSO,13,6,mhfIP30,slow,879.5,2005.5,0.8,28,18,18,12.42939782739114,0.06113591474647674,1235,"['18_lag_neurTSjfm', '23_lag_traTLS', '21_lag_glTSjfm', '18_lag_20_median_shSICsep', '21_lag_atlSICjfm', '18_lag_25_median_pdoSSTjfm']","[1.7658638024184767, 1.851997597480924, 1.5695591799619215, 1.9841762401202814, 1.7678520652808611, 1.7481336749775902]","18_lag_neurTSjfm, 23_lag_traTLS, 21_lag_glTSjfm, 18_lag_20_median_shSICsep, 21_lag_atlSICjfm, 18_lag_25_median_pdoSSTjfm_1235_18"
LRforcedPSO,14,6,mhfIP30,slow,880.5,2005.5,0.8,29,19,19,13.943325183276219,-0.006797648197114754,1235,"['19_lag_20_median_mhfIP30', '19_lag_25_median_traFB', '28_lag_naoPSLjfm', '19_lag_26_median_ormenSSTjfm', '19_lag_21_median_atlSICsep', '25_lag_naoPSLjfm']","[0.9813843565341518, 0.7060913830179594, 4.578128693988259, 5.939279468489342, 2.786157916919292, 1.3705642662275572]","19_lag_20_median_mhfIP30, 19_lag_25_median_traFB, 28_lag_naoPSLjfm, 19_lag_26_median_ormenSSTjfm, 19_lag_21_median_atlSICsep, 25_lag_naoPSLjfm_1235_19"
LRforcedPSO,15,6,mhfIP30,slow,881.5,2005.5,0.8,30,20,20,13.619601247952764,0.0484445252511344,1235,"['27_lag_stratZ50ndj02', '21_lag_AMOCann', '20_lag_23_median_mhfATL60', '29_lag_atlSICsep', '20_lag_25_median_amoSSTmjjaso', '29_lag_nppc3SSTjfm']","[2.214931367743627, 2.6817437871720187, 2.3253661960418466, 2.953241823506358, 2.793056411740393, 2.846142566340108]","27_lag_stratZ50ndj02, 21_lag_AMOCann, 20_lag_23_median_mhfATL60, 29_lag_atlSICsep, 20_lag_25_median_amoSSTmjjaso, 29_lag_nppc3SSTjfm_1235_20"
LRforcedPSO,16,6,mhfIP30,slow,882.5,2005.5,0.8,31,21,21,13.070448741630026,-0.025975562396035237,1235,"['21_lag_30_median_amoSSTmjjaso', '21_lag_27_median_traIT', '21_lag_23_median_yrvPRjja', '21_lag_29_median_naoPSLjfm', '24_lag_glomaSSTjfm', '25_lag_neurTSjfm']","[0.7804929672181977, 3.550196360263932, 0.6236371817481619, 1.9274991569730027, 0.17316956641211334, 0.20635783809326114]","21_lag_30_median_amoSSTmjjaso, 21_lag_27_median_traIT, 21_lag_23_median_yrvPRjja, 21_lag_29_median_naoPSLjfm, 24_lag_glomaSSTjfm, 25_lag_neurTSjfm_1235_21"
LRforcedPSO,17,6,mhfIP30,slow,883.5,2005.5,0.8,32,22,22,12.253448872295408,0.055545050811891816,1235,"['22_lag_28_median_traDP', '22_lag_24_median_gyreSSTjfm', '22_lag_29_median_naoPSLjfm', '22_lag_30_median_traFB', '22_lag_29_median_traEU', '23_lag_neurTSjfm']","[1.6557214655998422, 1.2780211963407673, 1.6752511293753325, 1.6917045192665174, 1.6747487140024881, 1.678378108547072]","22_lag_28_median_traDP, 22_lag_24_median_gyreSSTjfm, 22_lag_29_median_naoPSLjfm, 22_lag_30_median_traFB, 22_lag_29_median_traEU, 23_lag_neurTSjfm_1235_22"
LRforcedPSO,18,6,mhfIP30,slow,884.5,2005.5,0.8,33,23,23,13.024529549592804,-0.038686532171993034,1235,"['28_lag_mhfATL45', '23_lag_27_median_mhfIP30', '23_lag_28_median_scpPSLjfm', '26_lag_nhTSjfm', '23_lag_25_median_tripol1', '24_lag_mhfATL60']","[2.0068014193504236, 2.4156411062018575, 2.0804077780500725, 2.070944846395374, 1.9840203705801016, 2.6451905587804774]","28_lag_mhfATL45, 23_lag_27_median_mhfIP30, 23_lag_28_median_scpPSLjfm, 26_lag_nhTSjfm, 23_lag_25_median_tripol1, 24_lag_mhfATL60_1235_23"
LRforcedPSO,19,6,mhfIP30,slow,885.5,2005.5,0.8,34,24,24,12.35541138324696,0.04087871924480918,1235,"['24_lag_32_median_tripol1', '24_lag_naoPSLjfm', '27_lag_shSICsep', '25_lag_traMC', '24_lag_27_median_tripol1', '29_lag_traDS']","[2.3022303926582204, 0.5788487836587244, 2.7652002694512223, 0.7367915917615981, 1.5401043915297201, 0.6098382825038797]","24_lag_32_median_tripol1, 24_lag_naoPSLjfm, 27_lag_shSICsep, 25_lag_traMC, 24_lag_27_median_tripol1, 29_lag_traDS_1235_24"
LRforcedPSO,20,6,mhfIP30,slow,886.5,2005.5,0.8,35,25,25,13.058527460865745,0.02458533721531704,1235,"['29_lag_amoSSTmjjaso', '25_lag_27_median_shTSjfm', '25_lag_32_median_traIT', '34_lag_ginwSSTjfm', '34_lag_tripol3', '25_lag_26_median_traWP']","[4.573489505301447, 0.43277374902451804, 1.497092971917393, 2.218870463723346, 0.48123441061811256, 1.3735701130606586]","29_lag_amoSSTmjjaso, 25_lag_27_median_shTSjfm, 25_lag_32_median_traIT, 34_lag_ginwSSTjfm, 34_lag_tripol3, 25_lag_26_median_traWP_1235_25"
LRforcedPSO,21,6,mhfIP30,slow,887.5,2005.5,0.8,36,26,26,13.688752344871443,-0.04768019097252591,1235,"['26_lag_29_median_alpi', '33_lag_ginwSSTjfm', '26_lag_traBO', '26_lag_28_median_labSSTjfm', '26_lag_32_median_nhTSjfm', '30_lag_stratZ50ndj01']","[1.6153103435079679, 3.126922983160025, 1.8873847108788748, 1.1877873128734056, 1.4319133068316, 3.091424854344371]","26_lag_29_median_alpi, 33_lag_ginwSSTjfm, 26_lag_traBO, 26_lag_28_median_labSSTjfm, 26_lag_32_median_nhTSjfm, 30_lag_stratZ50ndj01_1235_26"
LRforcedPSO,22,6,mhfIP30,slow,888.5,2005.5,0.8,37,27,27,13.221581750417428,-0.020207776185963894,1235,"['27_lag_33_median_traTLS', '36_lag_nhSICsep', '27_lag_33_median_ginwSSTjfm', '31_lag_traIT', '27_lag_satlSSTjfm', '27_lag_29_median_wnorPRjfm']","[0.6102828185456755, 3.0704135132063897, 0.7375747767264418, 1.367016634848424, 2.33939611353009, 1.0909095735537822]","27_lag_33_median_traTLS, 36_lag_nhSICsep, 27_lag_33_median_ginwSSTjfm, 31_lag_traIT, 27_lag_satlSSTjfm, 27_lag_29_median_wnorPRjfm_1235_27"
LRforcedPSO,23,6,mhfIP30,slow,889.5,2005.5,0.8,38,28,29,12.89928881591987,0.05711624826117635,1235,"['29_lag_traTLS', '32_lag_gyreSSTjfm', '37_lag_gyreSSTjfm', '34_lag_stratZ50ndj01', '30_lag_amo3', '32_lag_neurTSjfm']","[0.18312388283873915, 0.19717355346507048, 3.4626107020274794, 1.327155299410201, 1.6575578402947588, 1.4849492088222167]","29_lag_traTLS, 32_lag_gyreSSTjfm, 37_lag_gyreSSTjfm, 34_lag_stratZ50ndj01, 30_lag_amo3, 32_lag_neurTSjfm_1235_29"
LRforcedPSO,24,6,mhfIP30,slow,890.5,2005.5,0.8,39,29,29,12.835121155080538,0.02664700471891419,1235,"['29_lag_stratZ50ndj04', '38_lag_amo1', '37_lag_atlSICjfm', '29_lag_38_median_traBS', '29_lag_31_median_tripol2', '29_lag_32_median_naoPSLjfm']","[0.11171535693930323, 3.9141780791557856, 0.37480840711057084, 0.9440622617016317, 0.8701053879699217, 0.9155792670218883]","29_lag_stratZ50ndj04, 38_lag_amo1, 37_lag_atlSICjfm, 29_lag_38_median_traBS, 29_lag_31_median_tripol2, 29_lag_32_median_naoPSLjfm_1235_29"
LRforcedPSO,25,6,mhfIP30,slow,891.5,2005.5,0.8,40,30,30,12.486031030509007,0.0034092504156707495,1235,"['32_lag_atlSICsep', '36_lag_glomaSSTjfm', '33_lag_traDP', '36_lag_glTSjfm', '30_lag_39_median_traIT', '32_lag_eapPSLjfm']","[1.2075528693248139, 1.233675496773908, 1.2654131997987415, 1.406513895349496, 1.3508779433610916, 1.5713380712488492]","32_lag_atlSICsep, 36_lag_glomaSSTjfm, 33_lag_traDP, 36_lag_glTSjfm, 30_lag_39_median_traIT, 32_lag_eapPSLjfm_1235_30"
LRforcedPSO,26,6,mhfIP30,slow,892.5,2005.5,0.8,41,31,33,13.120224637683782,-0.02778272014857079,1235,"['33_lag_tripol3', '38_lag_traEU', '36_lag_shTSjfm', '33_lag_nchinaPRjja', '38_lag_stratZ50ndj03', '40_lag_nppc2SSTjfm']","[2.123265236120055, 3.7571722665226464, 0.3216137282819673, 0.32591016864164857, 0.9223116087318246, 2.3819953261840396]","33_lag_tripol3, 38_lag_traEU, 36_lag_shTSjfm, 33_lag_nchinaPRjja, 38_lag_stratZ50ndj03, 40_lag_nppc2SSTjfm_1235_33"
LRforcedPSO,27,6,mhfIP30,slow,893.5,2005.5,0.8,42,32,32,12.886192040019937,0.04674891397937705,1235,"['37_lag_traEU', '37_lag_eurPSLjfm', '33_lag_traBO', '32_lag_34_median_shSICmar', '32_lag_shSICmar', '41_lag_mhfATL45']","[1.8839805454997656, 2.5118357216975054, 1.9033664049147558, 2.4914857926812966, 2.017537113456195, 1.884042888063545]","37_lag_traEU, 37_lag_eurPSLjfm, 33_lag_traBO, 32_lag_34_median_shSICmar, 32_lag_shSICmar, 41_lag_mhfATL45_1235_32"
LRforcedPSO,28,6,mhfIP30,slow,894.5,2005.5,0.8,43,33,33,14.195351940300403,-0.001869616952494478,1235,"['36_lag_scpPSLjfm', '37_lag_tripol3', '33_lag_39_median_samPSLann', '33_lag_36_median_shTSjfm', '33_lag_39_median_nhSICsep', '41_lag_ormenSSTjfm']","[1.2074315868953605, 3.1628083098008997, 0.39892130883881904, 3.116964160113504, 4.0976278568876, 3.4140089778020304]","36_lag_scpPSLjfm, 37_lag_tripol3, 33_lag_39_median_samPSLann, 33_lag_36_median_shTSjfm, 33_lag_39_median_nhSICsep, 41_lag_ormenSSTjfm_1235_33"
LRforcedPSO,29,6,mhfIP30,slow,895.5,2005.5,0.8,44,34,35,14.021640853935528,-0.05539790876626041,1235,"['38_lag_pdoSSTjfm', '40_lag_tripol2', '43_lag_traBO', '35_lag_tripol2', '43_lag_wnorPRjfm', '43_lag_traMC']","[3.656616787086522, 2.233350737806992, 1.4576011223686525, 2.9999549187390917, 0.887118845554113, 3.8170826807481113]","38_lag_pdoSSTjfm, 40_lag_tripol2, 43_lag_traBO, 35_lag_tripol2, 43_lag_wnorPRjfm, 43_lag_traMC_1235_35"
LRforcedPSO,30,6,mhfIP30,slow,896.5,2005.5,0.8,45,35,35,13.499688233833721,0.0446139872682996,1235,"['35_lag_39_median_mhfIP30', '37_lag_ginwSSTjfm', '35_lag_36_median_amo1', '40_lag_arcTSjfm', '35_lag_44_median_shSICsep', '35_lag_41_median_eurPSLjfm']","[5.438545726307562, 4.087190312411288, 1.2307664474649265, 2.427202030227047, 0.21305174693582352, 1.0578669319341127]","35_lag_39_median_mhfIP30, 37_lag_ginwSSTjfm, 35_lag_36_median_amo1, 40_lag_arcTSjfm, 35_lag_44_median_shSICsep, 35_lag_41_median_eurPSLjfm_1235_35"
LRforcedPSO,31,6,mhfIP30,slow,897.5,2005.5,0.8,46,36,36,12.440958626300114,0.035604444294559556,1235,"['36_lag_44_median_mhfATL30', '36_lag_39_median_glomaSSTjfm', '36_lag_40_median_atlSICjfm', '36_lag_39_median_AMOCann', '39_lag_amo1', '44_lag_arcTSjfm']","[1.7440687216572937, 1.3080532795527604, 1.7440052501319734, 1.308083292091015, 1.3628854774146963, 1.308064999402819]","36_lag_44_median_mhfATL30, 36_lag_39_median_glomaSSTjfm, 36_lag_40_median_atlSICjfm, 36_lag_39_median_AMOCann, 39_lag_amo1, 44_lag_arcTSjfm_1235_36"
LRforcedPSO,32,6,mhfIP30,slow,898.5,2005.5,0.8,47,37,37,12.951046584756233,-0.0016825585224286431,1235,"['41_lag_shSICsep', '41_lag_nppc2SSTjfm', '42_lag_stratZ50ndj03', '37_lag_43_median_tripol3', '37_lag_stratZ50ndj04', '37_lag_44_median_samPSLann']","[1.5425629731455555, 4.398623943587571, 2.861026472633153, 1.6234976838943727, 0.18261367313093757, 1.8712064857152022]","41_lag_shSICsep, 41_lag_nppc2SSTjfm, 42_lag_stratZ50ndj03, 37_lag_43_median_tripol3, 37_lag_stratZ50ndj04, 37_lag_44_median_samPSLann_1235_37"
LRforcedPSO,33,6,mhfIP30,slow,899.5,2005.5,0.8,48,38,38,14.324683743503224,-0.016991353001944712,1235,"['38_lag_44_median_traBS', '47_lag_eurPSLjfm', '47_lag_amo2', '38_lag_41_median_samPSLann', '47_lag_mhfATL30', '47_lag_gyreSSTjfm']","[0.7179731616309795, 3.3227896643737775, 2.4821232482531013, 3.9476075857458586, 5.055225655393771, 2.1688459010375727]","38_lag_44_median_traBS, 47_lag_eurPSLjfm, 47_lag_amo2, 38_lag_41_median_samPSLann, 47_lag_mhfATL30, 47_lag_gyreSSTjfm_1235_38"
LRforcedPSO,34,6,mhfIP30,slow,900.5,2005.5,0.8,49,39,39,13.345888913132132,0.10306079625222664,1235,"['47_lag_traTLS', '42_lag_traBS', '48_lag_shTSjfm', '43_lag_nhSICsep', '39_lag_41_median_amoSSTmjjaso', '44_lag_nppc2SSTjfm']","[4.595834478359557, 3.437052395671884, 3.412952544727574, 1.9558441685680812, 1.7017272393967424, 0.38658028959112656]","47_lag_traTLS, 42_lag_traBS, 48_lag_shTSjfm, 43_lag_nhSICsep, 39_lag_41_median_amoSSTmjjaso, 44_lag_nppc2SSTjfm_1235_39"
LRforcedPSO,35,6,mhfIP30,slow,901.5,2005.5,0.8,50,40,40,13.727464563686942,-0.0038039953861054164,1235,"['46_lag_solFORC', '40_lag_48_median_AMOCann', '42_lag_traBS', '49_lag_nppc3SSTjfm', '47_lag_glTSjfm', '40_lag_47_median_stratZ50ndj02']","[0.37056460779190203, 0.5803668437356553, 0.6448351914247361, 0.6138837661193399, 2.527197401700332, 4.51241240774138]","46_lag_solFORC, 40_lag_48_median_AMOCann, 42_lag_traBS, 49_lag_nppc3SSTjfm, 47_lag_glTSjfm, 40_lag_47_median_stratZ50ndj02_1235_40"
LRforcedPSO,36,6,mhfIP30,slow,902.5,2005.5,0.8,51,41,41,12.459411266755055,0.04511550156186298,1235,"['48_lag_traTLS', '41_lag_46_median_seurTSjfm', '41_lag_43_median_samPSLann', '41_lag_42_median_AMOCann', '41_lag_49_median_cetTSjfm', '41_lag_50_median_stratZ50ndj01']","[1.6578620551273762, 1.3203019103862876, 1.2822681525931376, 1.273444045054604, 1.4054025825668814, 1.2737192504048611]","48_lag_traTLS, 41_lag_46_median_seurTSjfm, 41_lag_43_median_samPSLann, 41_lag_42_median_AMOCann, 41_lag_49_median_cetTSjfm, 41_lag_50_median_stratZ50ndj01_1235_41"
LRforcedPSO,37,6,mhfIP30,slow,903.5,2005.5,0.8,52,42,42,13.999629355552278,-0.03257483242807551,1235,"['42_lag_46_median_nhSICjfm', '42_lag_49_median_samPSLann', '42_lag_49_median_nhSICsep', '42_lag_44_median_scpPSLjfm', '49_lag_amo2', '50_lag_neurTSjfm']","[2.3960888709334056, 2.301730827733151, 2.3093817391703633, 2.381214804745105, 3.067064451637073, 2.78580969866327]","42_lag_46_median_nhSICjfm, 42_lag_49_median_samPSLann, 42_lag_49_median_nhSICsep, 42_lag_44_median_scpPSLjfm, 49_lag_amo2, 50_lag_neurTSjfm_1235_42"
LRforcedPSO,38,6,mhfIP30,slow,904.5,2005.5,0.8,53,43,43,13.478221786254817,-0.04306076356020032,1235,"['52_lag_traFS', '50_lag_wnorPRjfm', '52_lag_stratZ50ndj01', '43_lag_49_median_nppc2SSTjfm', '43_lag_47_median_shTSjfm', '51_lag_alpi']","[0.19417294943975882, 0.03589793830826693, 2.1879960983182256, 0.6411761409508401, 3.1843944843292977, 1.8859130540686735]","52_lag_traFS, 50_lag_wnorPRjfm, 52_lag_stratZ50ndj01, 43_lag_49_median_nppc2SSTjfm, 43_lag_47_median_shTSjfm, 51_lag_alpi_1235_43"
LRforcedPSO,39,6,mhfIP30,slow,905.5,2005.5,0.8,54,44,44,15.102225621723731,-0.01545204769451557,1235,"['44_lag_49_median_mhfIP30', '44_lag_52_median_stratZ50ndj04', '44_lag_53_median_amo2', '51_lag_traDS', '44_lag_52_median_traWP', '46_lag_traMC']","[0.3793604767729182, 4.097469567986954, 3.8003607943680855, 0.5391649686722602, 0.31074803872073886, 3.668179568912917]","44_lag_49_median_mhfIP30, 44_lag_52_median_stratZ50ndj04, 44_lag_53_median_amo2, 51_lag_traDS, 44_lag_52_median_traWP, 46_lag_traMC_1235_44"
LRforcedPSO,40,6,mhfIP30,slow,906.5,2005.5,0.8,55,45,45,13.443449130885536,-0.03644319503590215,1235,"['45_lag_53_median_nppc3SSTjfm', '49_lag_glTSjfm', '45_lag_49_median_atlSICjfm', '45_lag_49_median_traFB', '45_lag_50_median_naoPSLjfm', '45_lag_46_median_wnorPRjfm']","[2.277002583090953, 0.48486714746570847, 3.298024583131836, 2.519159731626033, 0.7709975696526783, 0.5481753510239997]","45_lag_53_median_nppc3SSTjfm, 49_lag_glTSjfm, 45_lag_49_median_atlSICjfm, 45_lag_49_median_traFB, 45_lag_50_median_naoPSLjfm, 45_lag_46_median_wnorPRjfm_1235_45"
LRforcedPSO,41,6,mhfIP30,slow,907.5,2005.5,0.8,56,46,46,13.441689911348236,0.04306404627378227,1235,"['46_lag_52_median_atlSICjfm', '46_lag_47_median_eapPSLjfm', '48_lag_scpPSLjfm', '50_lag_eurPSLjfm', '55_lag_tripol3', '53_lag_stratZ50ndj01']","[1.181260235185329, 3.7466809593088097, 1.2411352363938288, 1.0189564915831166, 4.4099593007188, 0.45511418370779033]","46_lag_52_median_atlSICjfm, 46_lag_47_median_eapPSLjfm, 48_lag_scpPSLjfm, 50_lag_eurPSLjfm, 55_lag_tripol3, 53_lag_stratZ50ndj01_1235_46"
LRforcedPSO,42,6,mhfIP30,slow,908.5,2005.5,0.8,57,47,47,13.532366344925137,0.01608920871954819,1235,"['47_lag_55_median_amo3', '56_lag_traEC', '47_lag_50_median_amo2', '47_lag_52_median_solFORC', '47_lag_nppc3SSTjfm', '47_lag_56_median_stratZ50ndj02']","[2.4662355957178654, 0.6692591137906234, 2.975565628096488, 0.2862776146034598, 1.462789999121588, 3.952084573198544]","47_lag_55_median_amo3, 56_lag_traEC, 47_lag_50_median_amo2, 47_lag_52_median_solFORC, 47_lag_nppc3SSTjfm, 47_lag_56_median_stratZ50ndj02_1235_47"
LRforcedPSO,43,6,mhfIP30,slow,909.5,2005.5,0.8,58,48,48,12.721331684075098,0.15492303941540578,1235,"['51_lag_ensoSSTjfm', '48_lag_49_median_nhTSjfm', '48_lag_51_median_AMOCann', '48_lag_51_median_tripol1', '48_lag_54_median_shSICsep', '48_lag_52_median_traCA']","[3.287809666196951, 3.4646532115724575, 2.865679354910058, 2.602965661200695, 2.8768429042079067, 2.6502021450208617]","51_lag_ensoSSTjfm, 48_lag_49_median_nhTSjfm, 48_lag_51_median_AMOCann, 48_lag_51_median_tripol1, 48_lag_54_median_shSICsep, 48_lag_52_median_traCA_1235_48"
LRforcedPSO,44,6,mhfIP30,slow,910.5,2005.5,0.8,59,49,49,12.891130979189851,-0.016251065441510698,1235,"['57_lag_tripol2', '52_lag_neurTSjfm', '49_lag_nhSICjfm', '49_lag_51_median_traCA', '57_lag_nhTSjfm', '58_lag_mhfATL60']","[1.4476829269417006, 1.4446960192343994, 0.527873581464025, 1.7554568928583194, 1.2103203351328453, 2.122408452037286]","57_lag_tripol2, 52_lag_neurTSjfm, 49_lag_nhSICjfm, 49_lag_51_median_traCA, 57_lag_nhTSjfm, 58_lag_mhfATL60_1235_49"
LRforcedPSO,45,6,mhfIP30,slow,911.5,2005.5,0.8,60,50,50,12.936017432378666,0.04467930359855696,1235,"['50_lag_glTSjfm', '50_lag_56_median_labSSTjfm', '57_lag_satlSSTjfm', '50_lag_56_median_atlSICjfm', '56_lag_traIT', '50_lag_54_median_atlSICsep']","[1.2257625464285216, 0.27147459819262565, 3.761050928130521, 4.097567543888211, 0.46102872333339917, 2.607887812320997]","50_lag_glTSjfm, 50_lag_56_median_labSSTjfm, 57_lag_satlSSTjfm, 50_lag_56_median_atlSICjfm, 56_lag_traIT, 50_lag_54_median_atlSICsep_1235_50"
LRforcedPSO,46,6,mhfIP30,slow,912.5,2005.5,0.8,61,51,51,12.97586491688157,-0.0028577467807087828,1235,"['59_lag_ginwSSTjfm', '53_lag_traWP', '60_lag_solFORC', '51_lag_54_median_mhfATL60', '51_lag_55_median_mhfATL45', '51_lag_53_median_satlSSTjfm']","[0.681485816919496, 1.3530645787557738, 2.6574424019081473, 0.15153725040504717, 3.746731915141554, 2.5757127350672686]","59_lag_ginwSSTjfm, 53_lag_traWP, 60_lag_solFORC, 51_lag_54_median_mhfATL60, 51_lag_55_median_mhfATL45, 51_lag_53_median_satlSSTjfm_1235_51"
LRforcedPSO,47,6,mhfIP30,slow,913.5,2005.5,0.8,62,52,52,13.66884620333226,-0.017692746597434895,1235,"['52_lag_57_median_eurPSLjfm', '52_lag_56_median_cetTSjfm', '52_lag_53_median_traBO', '52_lag_61_median_ismPRjja', '52_lag_60_median_seurTSjfm', '52_lag_56_median_shSICmar']","[0.8179866783363359, 5.673957748610189, 1.1091640539091774, 2.193367482302456, 0.5021652540763384, 2.0772865896913224]","52_lag_57_median_eurPSLjfm, 52_lag_56_median_cetTSjfm, 52_lag_53_median_traBO, 52_lag_61_median_ismPRjja, 52_lag_60_median_seurTSjfm, 52_lag_56_median_shSICmar_1235_52"
LRforcedPSO,48,6,mhfIP30,slow,914.5,2005.5,0.8,63,53,53,13.906243355876844,-0.043549512291952704,1235,"['54_lag_eurPSLjfm', '56_lag_mhfIP30', '59_lag_traEC', '53_lag_58_median_nhSICjfm', '61_lag_naoPSLjfm', '53_lag_56_median_amoSSTmjjaso']","[2.6246601111078074, 2.6297269400063055, 2.3358372839485644, 2.022529863700651, 2.130240221330874, 1.9726761910562531]","54_lag_eurPSLjfm, 56_lag_mhfIP30, 59_lag_traEC, 53_lag_58_median_nhSICjfm, 61_lag_naoPSLjfm, 53_lag_56_median_amoSSTmjjaso_1235_53"
LRforcedPSO,49,6,mhfIP30,slow,915.5,2005.5,0.8,64,54,54,12.436514386313515,0.06354989020247497,1235,"['59_lag_traBO', '59_lag_nhSICsep', '54_lag_55_median_traFS', '59_lag_samPSLann', '62_lag_wnorPRjfm', '54_lag_56_median_traDP']","[1.2187720493838579, 1.211365794836809, 1.6020769184760635, 1.2082999027191503, 1.2170445077871788, 1.2368043666994306]","59_lag_traBO, 59_lag_nhSICsep, 54_lag_55_median_traFS, 59_lag_samPSLann, 62_lag_wnorPRjfm, 54_lag_56_median_traDP_1235_54"
LRforcedPSO,50,6,mhfIP30,slow,916.5,2005.5,0.8,65,55,55,13.693772667000466,-0.020965540980995095,1235,"['55_lag_56_median_traDS', '55_lag_58_median_traTLS', '55_lag_56_median_mhfATL60', '60_lag_traCA', '55_lag_traFS', '55_lag_64_median_amo2']","[2.4712391704820633, 2.5862122565821206, 2.359409327940627, 2.8912151803842625, 2.3334379046303244, 3.0333445547909217]","55_lag_56_median_traDS, 55_lag_58_median_traTLS, 55_lag_56_median_mhfATL60, 60_lag_traCA, 55_lag_traFS, 55_lag_64_median_amo2_1235_55"
LRforcedPSO,51,6,mhfIP30,slow,917.5,2005.5,0.8,66,56,56,12.836444069221056,-0.022952145168940445,1235,"['59_lag_tripol2', '63_lag_gyreSSTjfm', '65_lag_amo1', '65_lag_mhfATL30', '56_lag_59_median_nhSICsep', '56_lag_traFS']","[1.3960439300297613, 1.420878518886404, 1.6252075177690974, 1.8572550263692298, 1.395148593294773, 1.3990628903108127]","59_lag_tripol2, 63_lag_gyreSSTjfm, 65_lag_amo1, 65_lag_mhfATL30, 56_lag_59_median_nhSICsep, 56_lag_traFS_1235_56"
LRforcedPSO,52,6,mhfIP30,slow,918.5,2005.5,0.8,67,57,57,13.255549262133018,0.05600616858092851,1235,"['57_lag_tripol3', '57_lag_66_median_traFS', '57_lag_66_median_mhfATL30', '57_lag_64_median_atlSICsep', '60_lag_traEU', '62_lag_scpPSLjfm']","[2.5101389435065253, 2.240650280106106, 2.4253635100263415, 2.5336036381465705, 2.332314357362997, 2.592748477529782]","57_lag_tripol3, 57_lag_66_median_traFS, 57_lag_66_median_mhfATL30, 57_lag_64_median_atlSICsep, 60_lag_traEU, 62_lag_scpPSLjfm_1235_57"
LRforcedPSO,53,6,mhfIP30,slow,919.5,2005.5,0.8,68,58,58,13.421206592928915,0.05984141940121943,1235,"['58_lag_62_median_tripol1', '67_lag_atlSICsep', '67_lag_tripol1', '58_lag_63_median_traBS', '58_lag_62_median_yrvPRjja', '63_lag_amo3']","[3.771952124406992, 4.696063022378825, 4.175058121797132, 0.6685481453245181, 0.6506517993208423, 0.676764138296388]","58_lag_62_median_tripol1, 67_lag_atlSICsep, 67_lag_tripol1, 58_lag_63_median_traBS, 58_lag_62_median_yrvPRjja, 63_lag_amo3_1235_58"
LRforcedPSO,54,6,mhfIP30,slow,920.5,2005.5,0.8,69,59,59,13.630931365381615,-0.01175824245586198,1235,"['62_lag_tripol2', '64_lag_labSSTjfm', '60_lag_shTSjfm', '59_lag_67_median_amoSSTmjjaso', '67_lag_traEU', '59_lag_67_median_scpPSLjfm']","[1.678751892164787, 2.2361542760477864, 2.119496926575281, 1.7326957868302868, 2.1701471388361147, 1.8891742937970755]","62_lag_tripol2, 64_lag_labSSTjfm, 60_lag_shTSjfm, 59_lag_67_median_amoSSTmjjaso, 67_lag_traEU, 59_lag_67_median_scpPSLjfm_1235_59"
LRforcedPSO,55,6,mhfIP30,slow,921.5,2005.5,0.8,70,60,60,12.87274157528327,-0.011406616466680423,1235,"['60_lag_traBO', '68_lag_alpi', '60_lag_67_median_traMC', '60_lag_62_median_mhfATL45', '60_lag_66_median_glomaSSTjfm', '60_lag_61_median_atlSICjfm']","[1.8782867104547982, 1.6916123004616375, 2.019936447874179, 1.7072244462944126, 1.773604919749047, 1.8336549598912326]","60_lag_traBO, 68_lag_alpi, 60_lag_67_median_traMC, 60_lag_62_median_mhfATL45, 60_lag_66_median_glomaSSTjfm, 60_lag_61_median_atlSICjfm_1235_60"
LRforcedPSO,56,6,mhfIP30,slow,922.5,2005.5,0.8,71,61,61,13.127555430968071,-0.015244703907930921,1235,"['61_lag_65_median_mhfATL30', '63_lag_mhfATL30', '61_lag_70_median_yrvPRjja', '61_lag_70_median_traFSC', '66_lag_pdoSSTjfm', '61_lag_63_median_pdoSSTjfm']","[1.9929539129870215, 1.7472157952731562, 2.329621022367412, 2.295715857425606, 2.322318269621319, 1.9671291103942448]","61_lag_65_median_mhfATL30, 63_lag_mhfATL30, 61_lag_70_median_yrvPRjja, 61_lag_70_median_traFSC, 66_lag_pdoSSTjfm, 61_lag_63_median_pdoSSTjfm_1235_61"
LRforcedPSO,57,6,mhfIP30,slow,923.5,2005.5,0.8,72,62,62,13.263421187360171,-0.07242282407445952,1235,"['69_lag_traFS', '62_lag_65_median_nhSICjfm', '71_lag_tripol2', '66_lag_stratZ50ndj02', '64_lag_traBS', '62_lag_63_median_stratZ50ndj04']","[1.523897298358824, 1.5297195884592092, 1.951042307499844, 1.566118578728053, 1.4882633581143845, 1.7366567319530501]","69_lag_traFS, 62_lag_65_median_nhSICjfm, 71_lag_tripol2, 66_lag_stratZ50ndj02, 64_lag_traBS, 62_lag_63_median_stratZ50ndj04_1235_62"
LRforcedPSO,58,6,mhfIP30,slow,924.5,2005.5,0.8,73,63,63,12.650442084563215,-0.056078995198299404,1235,"['70_lag_amo3', '63_lag_64_median_amo2', '70_lag_tripol1', '63_lag_68_median_labSSTjfm', '63_lag_72_median_shSICsep', '63_lag_66_median_tripol3']","[1.3065597344244309, 1.2362710877437635, 1.3766142079937425, 1.1841421514179002, 1.0327014484569588, 1.234136884244567]","70_lag_amo3, 63_lag_64_median_amo2, 70_lag_tripol1, 63_lag_68_median_labSSTjfm, 63_lag_72_median_shSICsep, 63_lag_66_median_tripol3_1235_63"
LRforcedPSO,59,6,mhfIP30,slow,925.5,2005.5,0.8,74,64,64,13.37977500507001,0.056892098575670624,1235,"['70_lag_ismPRjja', '64_lag_66_median_mhfATL45', '70_lag_amo2', '71_lag_seurTSjfm', '64_lag_67_median_cetTSjfm', '64_lag_67_median_traFS']","[0.33310988482388737, 2.141116292200822, 2.6654270377433793, 0.8709889869516196, 4.687708051216859, 0.7367129929289984]","70_lag_ismPRjja, 64_lag_66_median_mhfATL45, 70_lag_amo2, 71_lag_seurTSjfm, 64_lag_67_median_cetTSjfm, 64_lag_67_median_traFS_1235_64"
LRforcedPSO,60,6,mhfIP30,slow,926.5,2005.5,0.8,75,65,65,12.910740388138956,-0.06396749617515018,1235,"['70_lag_ismPRjja', '68_lag_amo3', '67_lag_labSSTjfm', '65_lag_70_median_tripol2', '65_lag_74_median_traFB', '65_lag_74_median_traIFC']","[1.7274037405998839, 1.5487501634502747, 1.7293049186989318, 1.7284000578557244, 1.4399083695025454, 1.302791979514043]","70_lag_ismPRjja, 68_lag_amo3, 67_lag_labSSTjfm, 65_lag_70_median_tripol2, 65_lag_74_median_traFB, 65_lag_74_median_traIFC_1235_65"
LRforcedPSO,61,6,mhfIP30,slow,927.5,2005.5,0.8,76,66,67,13.520076887678634,-0.10999776721688805,1235,"['71_lag_labSSTjfm', '67_lag_eurPSLjfm', '73_lag_stratZ50ndj03', '67_lag_mhfIP30', '74_lag_stratZ50ndj01', '75_lag_tripol2']","[1.9756683716899026, 0.5310845265803614, 0.7885393363138142, 0.30810114134759026, 0.9374581875803134, 4.9557315364230945]","71_lag_labSSTjfm, 67_lag_eurPSLjfm, 73_lag_stratZ50ndj03, 67_lag_mhfIP30, 74_lag_stratZ50ndj01, 75_lag_tripol2_1235_67"
LRforcedPSO,62,6,mhfIP30,slow,928.5,2005.5,0.8,77,67,67,12.553544580614378,0.029133606500312655,1235,"['69_lag_nchinaPRjja', '67_lag_75_median_naoPSLjfm', '71_lag_labSSTjfm', '67_lag_76_median_traFS', '76_lag_amo3', '67_lag_76_median_traCA']","[2.1846213596868735, 2.308490392684067, 2.1847007653034507, 2.3027403124236843, 2.1853312590342, 2.9128280259898434]","69_lag_nchinaPRjja, 67_lag_75_median_naoPSLjfm, 71_lag_labSSTjfm, 67_lag_76_median_traFS, 76_lag_amo3, 67_lag_76_median_traCA_1235_67"
LRforcedPSO,63,6,mhfIP30,slow,929.5,2005.5,0.8,78,68,68,13.870580223292935,-0.06145329073444955,1235,"['72_lag_traFSC', '68_lag_75_median_pdoSSTjfm', '68_lag_gyreSSTjfm', '69_lag_labSSTjfm', '68_lag_glomaSSTjfm', '73_lag_nhSICjfm']","[0.828808289863483, 1.820380301038707, 0.5959961819221391, 6.255123165374155, 0.2700271602143154, 0.9206584248931939]","72_lag_traFSC, 68_lag_75_median_pdoSSTjfm, 68_lag_gyreSSTjfm, 69_lag_labSSTjfm, 68_lag_glomaSSTjfm, 73_lag_nhSICjfm_1235_68"
LRforcedPSO,64,6,mhfIP30,slow,930.5,2005.5,0.8,79,69,69,13.497444276681836,-0.003988125145777968,1235,"['70_lag_amo3', '71_lag_nhTSjfm', '69_lag_78_median_ismPRjja', '69_lag_traCA', '71_lag_eapPSLjfm', '69_lag_71_median_traCA']","[0.03570209098595889, 0.5632988953436158, 6.195445808209463, 0.15317303181556774, 1.0801856204682299, 0.3391920079398947]","70_lag_amo3, 71_lag_nhTSjfm, 69_lag_78_median_ismPRjja, 69_lag_traCA, 71_lag_eapPSLjfm, 69_lag_71_median_traCA_1235_69"
LRforcedPSO,65,6,mhfIP30,slow,931.5,2005.5,0.8,80,70,70,13.020134453857787,0.02120739390106016,1235,"['70_lag_78_median_atlSICsep', '70_lag_74_median_wnorPRjfm', '70_lag_77_median_traTLS', '70_lag_76_median_shTSjfm', '78_lag_samPSLann', '74_lag_stratZ50ndj03']","[1.557827043840082, 1.9092332393818943, 1.5358183787019446, 1.7868656343368718, 2.0457394166525678, 1.7569636822233408]","70_lag_78_median_atlSICsep, 70_lag_74_median_wnorPRjfm, 70_lag_77_median_traTLS, 70_lag_76_median_shTSjfm, 78_lag_samPSLann, 74_lag_stratZ50ndj03_1235_70"
LRforcedPSO,66,6,mhfIP30,slow,932.5,2005.5,0.8,81,71,71,13.419947374858266,-0.015620072299226063,1235,"['71_lag_73_median_ismPRjja', '77_lag_mhfATL60', '71_lag_80_median_traFS', '78_lag_glTSjfm', '74_lag_solFORC', '71_lag_75_median_nhSICjfm']","[1.5208386031874355, 5.178958744985314, 1.6907133268862466, 0.4741003072387251, 2.3967022411124006, 2.387624561247115]","71_lag_73_median_ismPRjja, 77_lag_mhfATL60, 71_lag_80_median_traFS, 78_lag_glTSjfm, 74_lag_solFORC, 71_lag_75_median_nhSICjfm_1235_71"
LRforcedPSO,67,6,mhfIP30,slow,933.5,2005.5,0.8,82,72,72,12.850722832626706,0.04978883596982834,1235,"['80_lag_shSICsep', '72_lag_74_median_naoPSLjfm', '73_lag_eurPSLjfm', '75_lag_nhSICsep', '81_lag_mhfATL45', '74_lag_traWP']","[3.357298434794364, 0.05531250826397205, 0.17952891696634765, 2.4742926853872804, 1.5158548859030851, 3.612458648828458]","80_lag_shSICsep, 72_lag_74_median_naoPSLjfm, 73_lag_eurPSLjfm, 75_lag_nhSICsep, 81_lag_mhfATL45, 74_lag_traWP_1235_72"
LRforcedPSO,68,6,mhfIP30,slow,934.5,2005.5,0.8,83,73,73,12.882094573365386,0.016590936610215417,1235,"['73_lag_80_median_stratZ50ndj04', '78_lag_traFS', '74_lag_nppc2SSTjfm', '74_lag_amo2', '73_lag_81_median_traIFC', '73_lag_81_median_shTSjfm']","[1.87790208799085, 1.7355880273678916, 1.8912349152795334, 1.5261531819622511, 2.0292868284390577, 1.7426049004380735]","73_lag_80_median_stratZ50ndj04, 78_lag_traFS, 74_lag_nppc2SSTjfm, 74_lag_amo2, 73_lag_81_median_traIFC, 73_lag_81_median_shTSjfm_1235_73"
LRforcedPSO,69,6,mhfIP30,slow,935.5,2005.5,0.8,84,74,74,13.271970688205222,-0.043469438024270446,1235,"['74_lag_nchinaPRjja', '75_lag_mhfIP30', '83_lag_stratZ50ndj04', '74_lag_traDS', '77_lag_glomaSSTjfm', '80_lag_traWP']","[0.5399850910022579, 0.12225719408981917, 0.12605589326871325, 1.8631326161837656, 4.232077437649808, 4.532565224781251]","74_lag_nchinaPRjja, 75_lag_mhfIP30, 83_lag_stratZ50ndj04, 74_lag_traDS, 77_lag_glomaSSTjfm, 80_lag_traWP_1235_74"
LRforcedPSO,70,6,mhfIP30,slow,936.5,2005.5,0.8,85,75,75,12.516621314503418,0.059359180804198594,1235,"['78_lag_atlSICjfm', '75_lag_78_median_samPSLann', '75_lag_78_median_wnorPRjfm', '82_lag_yrvPRjja', '75_lag_81_median_shTSjfm', '75_lag_84_median_nppc3SSTjfm']","[1.539018908975639, 1.5560900357880114, 1.6932776661625342, 1.5457157999724456, 1.5234176508057238, 1.2764917402323424]","78_lag_atlSICjfm, 75_lag_78_median_samPSLann, 75_lag_78_median_wnorPRjfm, 82_lag_yrvPRjja, 75_lag_81_median_shTSjfm, 75_lag_84_median_nppc3SSTjfm_1235_75"
LRforcedPSO,71,6,mhfIP30,slow,937.5,2005.5,0.8,86,76,76,12.37336209067268,0.07109626895589075,1235,"['76_lag_84_median_mhfATL45', '77_lag_naoPSLjfm', '83_lag_glomaSSTjfm', '76_lag_81_median_shTSjfm', '76_lag_84_median_atlSICjfm', '76_lag_77_median_AMOCann']","[0.9516366439655194, 1.1417346392886603, 0.8576508284161287, 0.9165147196385817, 0.917774407190115, 0.8835882349755546]","76_lag_84_median_mhfATL45, 77_lag_naoPSLjfm, 83_lag_glomaSSTjfm, 76_lag_81_median_shTSjfm, 76_lag_84_median_atlSICjfm, 76_lag_77_median_AMOCann_1235_76"
LRforcedPSO,72,6,mhfIP30,slow,938.5,2005.5,0.8,87,77,77,12.93677795942803,-0.0579292534296729,1235,"['77_lag_81_median_mhfIP30', '81_lag_gyreSSTjfm', '77_lag_82_median_stratZ50ndj01', '82_lag_traEC', '81_lag_traFSC', '79_lag_traFB']","[1.5773104362513237, 1.2641726600673184, 1.6107368881253077, 1.2221898236564952, 1.373921434705713, 1.231676017512421]","77_lag_81_median_mhfIP30, 81_lag_gyreSSTjfm, 77_lag_82_median_stratZ50ndj01, 82_lag_traEC, 81_lag_traFSC, 79_lag_traFB_1235_77"
LRforcedPSO,73,6,mhfIP30,slow,939.5,2005.5,0.8,88,78,78,13.75697643217753,-0.0327208054470774,1235,"['82_lag_naoPSLjfm', '78_lag_83_median_gyreSSTjfm', '84_lag_ginwSSTjfm', '86_lag_nhSICsep', '84_lag_traFS', '82_lag_traFSC']","[3.5923652148482934, 3.77423832353538, 3.035795235171679, 2.846598859546772, 2.8925118005006434, 3.7655682201070766]","82_lag_naoPSLjfm, 78_lag_83_median_gyreSSTjfm, 84_lag_ginwSSTjfm, 86_lag_nhSICsep, 84_lag_traFS, 82_lag_traFSC_1235_78"
LRforcedPSO,74,6,mhfIP30,slow,940.5,2005.5,0.8,89,79,79,13.396937451776722,0.0018190498020204714,1235,"['81_lag_stratZ50ndj03', '79_lag_85_median_nppc3SSTjfm', '79_lag_85_median_mhfATL30', '83_lag_satlSSTjfm', '87_lag_satlSSTjfm', '87_lag_seurTSjfm']","[2.1569091105264633, 3.7097195792410664, 0.4409427096446006, 5.198936428692711, 2.0515141264001002, 0.4911318599831134]","81_lag_stratZ50ndj03, 79_lag_85_median_nppc3SSTjfm, 79_lag_85_median_mhfATL30, 83_lag_satlSSTjfm, 87_lag_satlSSTjfm, 87_lag_seurTSjfm_1235_79"
LRforcedPSO,75,6,mhfIP30,slow,941.5,2005.5,0.8,90,80,80,12.970074230941377,0.0036562865905538002,1235,"['80_lag_89_median_traFS', '82_lag_AMOCann', '80_lag_82_median_traFSC', '80_lag_89_median_neurTSjfm', '80_lag_83_median_stratZ50ndj02', '80_lag_85_median_tripol2']","[0.35545527259511367, 1.5857575027533226, 1.2583734313487298, 2.0994431322735334, 2.059311007269045, 2.1056937982062163]","80_lag_89_median_traFS, 82_lag_AMOCann, 80_lag_82_median_traFSC, 80_lag_89_median_neurTSjfm, 80_lag_83_median_stratZ50ndj02, 80_lag_85_median_tripol2_1235_80"
LRforcedPSO,76,6,mhfIP30,slow,942.5,2005.5,0.8,91,81,81,12.74832480133738,0.06345716046527647,1235,"['82_lag_amoSSTmjjaso', '83_lag_amo2', '81_lag_83_median_glomaSSTjfm', '81_lag_85_median_eurPSLjfm', '81_lag_88_median_traFSC', '88_lag_traWP']","[1.7461332662737998, 0.6958324274252874, 2.7685685068496646, 1.401771253004508, 4.055328596397647, 0.871271719561415]","82_lag_amoSSTmjjaso, 83_lag_amo2, 81_lag_83_median_glomaSSTjfm, 81_lag_85_median_eurPSLjfm, 81_lag_88_median_traFSC, 88_lag_traWP_1235_81"
LRforcedPSO,77,6,mhfIP30,slow,943.5,2005.5,0.8,92,82,82,13.53958681692261,0.03610152038539078,1235,"['82_lag_84_median_eurPSLjfm', '82_lag_88_median_ensoSSTjfm', '82_lag_85_median_traFB', '82_lag_91_median_traWP', '86_lag_shTSjfm', '82_lag_89_median_traMC']","[0.854727197576107, 2.260224945246714, 0.18976491715275046, 6.964692437091411, 4.533268697146745, 1.56954010822475]","82_lag_84_median_eurPSLjfm, 82_lag_88_median_ensoSSTjfm, 82_lag_85_median_traFB, 82_lag_91_median_traWP, 86_lag_shTSjfm, 82_lag_89_median_traMC_1235_82"
LRforcedPSO,78,6,mhfIP30,slow,944.5,2005.5,0.8,93,83,83,12.663932508838815,0.1317879359445841,1235,"['91_lag_tripol2', '83_lag_84_median_mhfIP30', '83_lag_87_median_atlSICsep', '83_lag_91_median_nhSICsep', '83_lag_85_median_traEU', '83_lag_89_median_amoSSTmjjaso']","[1.7566895314964956, 1.6686360652720704, 1.538260005972975, 1.570416732335126, 2.0483718372440816, 1.9068633636007648]","91_lag_tripol2, 83_lag_84_median_mhfIP30, 83_lag_87_median_atlSICsep, 83_lag_91_median_nhSICsep, 83_lag_85_median_traEU, 83_lag_89_median_amoSSTmjjaso_1235_83"
LRforcedPSO,79,6,mhfIP30,slow,945.5,2005.5,0.8,94,84,84,13.692224000994992,-0.009985483791736256,1235,"['88_lag_alpi', '84_lag_85_median_amoSSTmjjaso', '84_lag_89_median_traWP', '93_lag_traIT', '84_lag_93_median_stratZ50ndj04', '88_lag_ensoSSTjfm']","[5.420435355374213, 0.9712870520033778, 1.049501083861319, 1.1637825025383464, 1.2763975957059586, 3.386844555785684]","88_lag_alpi, 84_lag_85_median_amoSSTmjjaso, 84_lag_89_median_traWP, 93_lag_traIT, 84_lag_93_median_stratZ50ndj04, 88_lag_ensoSSTjfm_1235_84"
LRforcedPSO,80,6,mhfIP30,slow,946.5,2005.5,0.8,95,85,85,13.605874142071116,-0.05561131786757534,1235,"['91_lag_amoSSTmjjaso', '85_lag_91_median_traBS', '85_lag_90_median_traTLS', '85_lag_86_median_traBO', '90_lag_nppc2SSTjfm', '85_lag_87_median_nppc2SSTjfm']","[1.9811730837669028, 1.431249192884552, 2.9218067158193595, 4.218185534800156, 2.239583908898684, 1.264321679981622]","91_lag_amoSSTmjjaso, 85_lag_91_median_traBS, 85_lag_90_median_traTLS, 85_lag_86_median_traBO, 90_lag_nppc2SSTjfm, 85_lag_87_median_nppc2SSTjfm_1235_85"
LRforcedPSO,81,6,mhfIP30,slow,947.5,2005.5,0.8,96,86,86,14.769583755052732,-0.03887466697866078,1235,"['93_lag_amo1', '86_lag_95_median_mhfATL60', '90_lag_eurPSLjfm', '94_lag_shSICmar', '86_lag_90_median_alpi', '86_lag_88_median_traBS']","[0.8705002016690848, 4.494557568146322, 5.869087470335344, 0.8854435662473499, 3.578890659145813, 4.149735816443942]","93_lag_amo1, 86_lag_95_median_mhfATL60, 90_lag_eurPSLjfm, 94_lag_shSICmar, 86_lag_90_median_alpi, 86_lag_88_median_traBS_1235_86"
LRforcedPSO,82,6,mhfIP30,slow,948.5,2005.5,0.8,97,87,87,13.156671991287864,0.022104624525661688,1235,"['87_lag_92_median_seurTSjfm', '94_lag_pdoSSTjfm', '87_lag_89_median_traFSC', '87_lag_91_median_alpi', '87_lag_89_median_mhfATL60', '87_lag_94_median_ismPRjja']","[2.17251669977603, 1.8006200163571657, 1.8846511421448968, 1.7181526649929333, 1.6293875248320255, 1.8179472508780725]","87_lag_92_median_seurTSjfm, 94_lag_pdoSSTjfm, 87_lag_89_median_traFSC, 87_lag_91_median_alpi, 87_lag_89_median_mhfATL60, 87_lag_94_median_ismPRjja_1235_87"
LRforcedPSO,83,6,mhfIP30,slow,949.5,2005.5,0.8,98,88,88,12.990762382786512,0.036479189394568276,1235,"['97_lag_solFORC', '88_lag_90_median_amo2', '91_lag_traMC', '88_lag_93_median_traMC', '88_lag_samPSLann', '94_lag_labSSTjfm']","[3.720955183840773, 0.6915698950297546, 0.42373355753613673, 0.7279817285754735, 0.04457684427437414, 4.7113254163939295]","97_lag_solFORC, 88_lag_90_median_amo2, 91_lag_traMC, 88_lag_93_median_traMC, 88_lag_samPSLann, 94_lag_labSSTjfm_1235_88"
LRforcedPSO,84,6,mhfIP30,slow,950.5,2005.5,0.8,99,89,89,12.646048332565439,-0.02503101637717724,1235,"['89_lag_92_median_nhTSjfm', '89_lag_94_median_mhfATL45', '93_lag_traBS', '91_lag_alpi', '96_lag_ismPRjja', '95_lag_nhSICjfm']","[1.654645709363133, 1.6564491302683113, 1.2423371369138232, 1.2423395451697206, 1.2424793494283992, 1.2423385502499849]","89_lag_92_median_nhTSjfm, 89_lag_94_median_mhfATL45, 93_lag_traBS, 91_lag_alpi, 96_lag_ismPRjja, 95_lag_nhSICjfm_1235_89"
LRforcedPSO,85,6,mhfIP30,slow,951.5,2005.5,0.8,100,90,90,12.490128251894518,0.028268979935735735,1235,"['90_lag_96_median_yrvPRjja', '93_lag_scpPSLjfm', '93_lag_traFS', '98_lag_amo3', '96_lag_samPSLann', '90_lag_98_median_glTSjfm']","[1.3967736108781523, 1.3907469584101746, 1.3246967287417684, 1.7451587034412073, 1.7589502033467896, 1.4083584484010891]","90_lag_96_median_yrvPRjja, 93_lag_scpPSLjfm, 93_lag_traFS, 98_lag_amo3, 96_lag_samPSLann, 90_lag_98_median_glTSjfm_1235_90"
