model,num_irrelevant,max_allowed_features,target_feature,dataset,year_start,year_end,splitsize,max_lag,init_lag,max_forecast,mae_score,corr_score,n_total_features,selected_feature_list,feature_importances,selected_features
LRforcedPSO,0,6,stratZ50ndj01,shigh,866.5,2005.5,0.4,15,1,1,14.785971724052967,0.016049510828946924,1755,"['9_lag_shTSjfm', '2_lag_tripol1', '1_lag_7_median_stratZ50ndj02', '7_lag_amo2', '14_lag_traCA', '7_lag_traWP']","[3.1602287713628296, 2.168403601829226, 2.037125609532529, 5.9234143564293, 3.1527580567873503, 3.490566377197646]","9_lag_shTSjfm, 2_lag_tripol1, 1_lag_7_median_stratZ50ndj02, 7_lag_amo2, 14_lag_traCA, 7_lag_traWP_1755_1"
LRforcedPSO,1,6,stratZ50ndj01,shigh,867.5,2005.5,0.4,16,1,1,14.334142037037283,-0.020771517264232122,1885,"['1_lag_15_median_mhfIP30', '5_lag_traIFC', '15_lag_traBO', '1_lag_ginwSSTjfm', '1_lag_10_median_ginwSSTjfm', '2_lag_scpPSLjfm']","[4.715796564059183, 0.07515096522490339, 1.6548335740664672, 0.10904096722931023, 2.524489308147844, 0.14780436347388282]","1_lag_15_median_mhfIP30, 5_lag_traIFC, 15_lag_traBO, 1_lag_ginwSSTjfm, 1_lag_10_median_ginwSSTjfm, 2_lag_scpPSLjfm_1885_1"
LRforcedPSO,2,6,stratZ50ndj01,shigh,868.5,2005.5,0.4,17,1,1,14.152603050785224,0.007487607942479331,2015,"['1_lag_4_median_atlSICsep', '1_lag_6_median_stratZ50ndj04', '3_lag_eurPSLjfm', '13_lag_nppc3SSTjfm', '14_lag_mhfATL45', '6_lag_gyreSSTjfm']","[0.5542419043875562, 3.0462925790791306, 1.1888289150990659, 1.7907574319983777, 2.522872214286487, 1.2716184959327475]","1_lag_4_median_atlSICsep, 1_lag_6_median_stratZ50ndj04, 3_lag_eurPSLjfm, 13_lag_nppc3SSTjfm, 14_lag_mhfATL45, 6_lag_gyreSSTjfm_2015_1"
LRforcedPSO,3,6,stratZ50ndj01,shigh,869.5,2005.5,0.4,18,1,1,14.171588049189799,-0.014524396283347127,2145,"['1_lag_14_median_traIT', '1_lag_3_median_glomaSSTjfm', '1_lag_9_median_seurTSjfm', '1_lag_8_median_traFS', '10_lag_amo2', '11_lag_traEU']","[1.8174869096374007, 2.423310599901684, 1.8174829500322982, 1.8653373862271916, 1.8174829499267215, 1.8176206026681183]","1_lag_14_median_traIT, 1_lag_3_median_glomaSSTjfm, 1_lag_9_median_seurTSjfm, 1_lag_8_median_traFS, 10_lag_amo2, 11_lag_traEU_2145_1"
LRforcedPSO,4,6,stratZ50ndj01,shigh,870.5,2005.5,0.4,19,1,1,13.866759070080416,0.0511875556168849,2275,"['1_lag_18_median_amo1', '1_lag_14_median_cetTSjfm', '1_lag_6_median_nppc3SSTjfm', '9_lag_amo2', '18_lag_traMC', '1_lag_4_median_traEU']","[1.3030501221990314, 1.3025721056731923, 1.3007443758181612, 1.3007239160247435, 1.5105075285973082, 1.7341429275188691]","1_lag_18_median_amo1, 1_lag_14_median_cetTSjfm, 1_lag_6_median_nppc3SSTjfm, 9_lag_amo2, 18_lag_traMC, 1_lag_4_median_traEU_2275_1"
LRforcedPSO,5,6,stratZ50ndj01,shigh,871.5,2005.5,0.4,20,1,1,13.904339426564626,-0.01970460309173675,2405,"['16_lag_samPSLann', '10_lag_traBS', '8_lag_traFS', '1_lag_4_median_gyreSSTjfm', '1_lag_6_median_scpPSLjfm', '3_lag_arcTSjfm']","[1.0163157423222273, 0.8439037248790466, 0.4484214674193243, 2.2193566368295325, 1.427900740755497, 1.6554235626306237]","16_lag_samPSLann, 10_lag_traBS, 8_lag_traFS, 1_lag_4_median_gyreSSTjfm, 1_lag_6_median_scpPSLjfm, 3_lag_arcTSjfm_2405_1"
LRforcedPSO,6,6,stratZ50ndj01,shigh,872.5,2005.5,0.4,21,1,1,14.506149845280637,0.0058858786475674526,2535,"['6_lag_seurTSjfm', '1_lag_17_median_traTLS', '1_lag_15_median_tripol2', '19_lag_eapPSLjfm', '1_lag_15_median_eurPSLjfm', '12_lag_stratZ50ndj03']","[1.2056396111632477, 1.9934149048348075, 2.8604989896225845, 4.48650333888009, 0.1971530923535969, 0.9042953683959976]","6_lag_seurTSjfm, 1_lag_17_median_traTLS, 1_lag_15_median_tripol2, 19_lag_eapPSLjfm, 1_lag_15_median_eurPSLjfm, 12_lag_stratZ50ndj03_2535_1"
LRforcedPSO,7,6,stratZ50ndj01,shigh,873.5,2005.5,0.4,22,2,2,15.017290295827559,-0.014546335845301118,2535,"['2_lag_19_median_traFB', '5_lag_amo3', '2_lag_18_median_seurTSjfm', '2_lag_17_median_tripol2', '20_lag_tripol2', '19_lag_cetTSjfm']","[0.9391235848621733, 3.851873966153761, 0.45549088764977697, 1.116583014063341, 2.976579459369045, 2.275893512935099]","2_lag_19_median_traFB, 5_lag_amo3, 2_lag_18_median_seurTSjfm, 2_lag_17_median_tripol2, 20_lag_tripol2, 19_lag_cetTSjfm_2535_2"
LRforcedPSO,8,6,stratZ50ndj01,shigh,874.5,2005.5,0.4,23,3,3,14.210327474362986,-0.04095654928369835,2535,"['17_lag_stratZ50ndj01', '17_lag_nhTSjfm', '3_lag_5_median_nhSICsep', '4_lag_tripol3', '3_lag_14_median_traIFC', '8_lag_samPSLann']","[0.31615604778319195, 3.8534763096366724, 2.2916575439206133, 0.9469305919437154, 0.035520464528964624, 1.9232219922691094]","17_lag_stratZ50ndj01, 17_lag_nhTSjfm, 3_lag_5_median_nhSICsep, 4_lag_tripol3, 3_lag_14_median_traIFC, 8_lag_samPSLann_2535_3"
LRforcedPSO,9,6,stratZ50ndj01,shigh,875.5,2005.5,0.4,24,4,4,15.442764331196088,0.010573424743923494,2535,"['13_lag_samPSLann', '22_lag_mhfATL60', '4_lag_18_median_traFB', '4_lag_5_median_shSICsep', '4_lag_17_median_shTSjfm', '4_lag_20_median_solFORC']","[2.8323186036403225, 3.308409565334909, 1.3801718250305388, 0.19398954064093132, 6.102288538246803, 3.5466009807862005]","13_lag_samPSLann, 22_lag_mhfATL60, 4_lag_18_median_traFB, 4_lag_5_median_shSICsep, 4_lag_17_median_shTSjfm, 4_lag_20_median_solFORC_2535_4"
LRforcedPSO,10,6,stratZ50ndj01,shigh,876.5,2005.5,0.4,25,5,5,13.721458911958619,0.011786818965363993,2535,"['15_lag_labSSTjfm', '12_lag_amoSSTmjjaso', '5_lag_19_median_stratZ50ndj01', '19_lag_AMOCann', '5_lag_20_median_atlSICjfm', '5_lag_21_median_traIFC']","[1.2365439247617636, 1.1645001370926176, 0.9274625434744139, 0.9274599176097267, 0.9274529389627241, 1.2366023667385941]","15_lag_labSSTjfm, 12_lag_amoSSTmjjaso, 5_lag_19_median_stratZ50ndj01, 19_lag_AMOCann, 5_lag_20_median_atlSICjfm, 5_lag_21_median_traIFC_2535_5"
LRforcedPSO,11,6,stratZ50ndj01,shigh,877.5,2005.5,0.4,26,6,6,15.41694384618065,-0.0065619966808051,2535,"['6_lag_8_median_shTSjfm', '6_lag_10_median_arcTSjfm', '10_lag_wnorPRjfm', '6_lag_13_median_traDP', '18_lag_satlSSTjfm', '6_lag_19_median_satlSSTjfm']","[0.744580117876442, 3.4307994036403677, 0.5131569233704898, 1.2172897142578556, 7.454210714712728, 6.616494876505538]","6_lag_8_median_shTSjfm, 6_lag_10_median_arcTSjfm, 10_lag_wnorPRjfm, 6_lag_13_median_traDP, 18_lag_satlSSTjfm, 6_lag_19_median_satlSSTjfm_2535_6"
LRforcedPSO,12,6,stratZ50ndj01,shigh,878.5,2005.5,0.4,27,7,7,14.460987312927646,-0.019148316628035185,2535,"['16_lag_gyreSSTjfm', '16_lag_eapPSLjfm', '7_lag_9_median_shSICmar', '9_lag_traFB', '7_lag_22_median_traFS', '17_lag_mhfATL30']","[2.3696590696284, 2.0716825667074605, 2.745835687145155, 2.0659333839793095, 2.0637346553383136, 2.0617303896224857]","16_lag_gyreSSTjfm, 16_lag_eapPSLjfm, 7_lag_9_median_shSICmar, 9_lag_traFB, 7_lag_22_median_traFS, 17_lag_mhfATL30_2535_7"
LRforcedPSO,13,6,stratZ50ndj01,shigh,879.5,2005.5,0.4,28,8,8,14.580320267143954,-0.10003941761874642,2535,"['8_lag_21_median_seurTSjfm', '8_lag_23_median_traIT', '8_lag_24_median_glomaSSTjfm', '9_lag_traFSC', '8_lag_22_median_eurPSLjfm', '9_lag_mhfIP30']","[2.150472395115566, 2.222635061629345, 2.2556720689717276, 2.201459570977615, 2.5652665397371965, 2.8500568742071617]","8_lag_21_median_seurTSjfm, 8_lag_23_median_traIT, 8_lag_24_median_glomaSSTjfm, 9_lag_traFSC, 8_lag_22_median_eurPSLjfm, 9_lag_mhfIP30_2535_8"
LRforcedPSO,14,6,stratZ50ndj01,shigh,880.5,2005.5,0.4,29,9,9,13.989757813994999,0.006355212449422255,2535,"['10_lag_tripol2', '23_lag_shSICsep', '9_lag_nhSICjfm', '24_lag_mhfATL30', '9_lag_27_median_traTLS', '19_lag_satlSSTjfm']","[2.1290122908999587, 2.1927437192164767, 1.3834965155862644, 1.5637734708411202, 3.696248315059803, 1.9986595637020628]","10_lag_tripol2, 23_lag_shSICsep, 9_lag_nhSICjfm, 24_lag_mhfATL30, 9_lag_27_median_traTLS, 19_lag_satlSSTjfm_2535_9"
LRforcedPSO,15,6,stratZ50ndj01,shigh,881.5,2005.5,0.4,30,10,10,15.01169270627748,-0.012631027329028405,2535,"['10_lag_18_median_mhfIP30', '22_lag_eurPSLjfm', '10_lag_12_median_mhfATL45', '17_lag_traWP', '10_lag_16_median_seurTSjfm', '10_lag_19_median_nchinaPRjja']","[0.3334117293246859, 0.23314888341819184, 3.288154681051603, 0.5498640684151965, 3.418560807221983, 5.565299234836253]","10_lag_18_median_mhfIP30, 22_lag_eurPSLjfm, 10_lag_12_median_mhfATL45, 17_lag_traWP, 10_lag_16_median_seurTSjfm, 10_lag_19_median_nchinaPRjja_2535_10"
LRforcedPSO,16,6,stratZ50ndj01,shigh,882.5,2005.5,0.4,31,11,11,14.243188363021446,0.0193086090860085,2535,"['29_lag_atlSICjfm', '11_lag_24_median_yrvPRjja', '11_lag_19_median_amo1', '11_lag_27_median_traFB', '23_lag_stratZ50ndj04', '30_lag_alpi']","[1.4758968720082017, 1.9678624960109123, 1.8923096836531241, 1.80252233841082, 1.6335958365465455, 1.7764744061178335]","29_lag_atlSICjfm, 11_lag_24_median_yrvPRjja, 11_lag_19_median_amo1, 11_lag_27_median_traFB, 23_lag_stratZ50ndj04, 30_lag_alpi_2535_11"
LRforcedPSO,17,6,stratZ50ndj01,shigh,883.5,2005.5,0.4,32,12,12,15.974384122635634,0.030075420821645254,2535,"['22_lag_labSSTjfm', '18_lag_neurTSjfm', '12_lag_16_median_eapPSLjfm', '12_lag_19_median_ensoSSTjfm', '25_lag_shSICmar', '16_lag_mhfIP30']","[1.9496196683927263, 2.089692826351806, 6.0912912576797185, 6.588994593388232, 0.3852100167538648, 0.619650679599534]","22_lag_labSSTjfm, 18_lag_neurTSjfm, 12_lag_16_median_eapPSLjfm, 12_lag_19_median_ensoSSTjfm, 25_lag_shSICmar, 16_lag_mhfIP30_2535_12"
LRforcedPSO,18,6,stratZ50ndj01,shigh,884.5,2005.5,0.4,33,13,13,14.01912349047313,-0.028420441143310948,2535,"['13_lag_16_median_stratZ50ndj01', '29_lag_traEC', '13_lag_25_median_ginwSSTjfm', '13_lag_27_median_neurTSjfm', '13_lag_15_median_naoPSLjfm', '13_lag_30_median_traIT']","[1.3917056404774393, 1.4056619729607507, 1.8521259935486887, 1.4131147876751213, 1.3916837468899665, 1.410944240045098]","13_lag_16_median_stratZ50ndj01, 29_lag_traEC, 13_lag_25_median_ginwSSTjfm, 13_lag_27_median_neurTSjfm, 13_lag_15_median_naoPSLjfm, 13_lag_30_median_traIT_2535_13"
LRforcedPSO,19,6,stratZ50ndj01,shigh,885.5,2005.5,0.4,34,14,14,13.86651022348745,0.05064858570624987,2535,"['17_lag_seurTSjfm', '14_lag_33_median_nhSICjfm', '14_lag_33_median_ensoSSTjfm', '16_lag_ormenSSTjfm', '16_lag_shTSjfm', '17_lag_stratZ50ndj01']","[1.2680547173720988, 3.471669996696802, 1.3806174632000143, 2.840733897485787, 2.0146156598351244, 1.3616683945757764]","17_lag_seurTSjfm, 14_lag_33_median_nhSICjfm, 14_lag_33_median_ensoSSTjfm, 16_lag_ormenSSTjfm, 16_lag_shTSjfm, 17_lag_stratZ50ndj01_2535_14"
LRforcedPSO,20,6,stratZ50ndj01,shigh,886.5,2005.5,0.4,35,15,15,14.736366419421843,-0.006793995864974126,2535,"['34_lag_arcTSjfm', '30_lag_traIFC', '31_lag_solFORC', '26_lag_ismPRjja', '15_lag_shSICsep', '25_lag_arcTSjfm']","[3.4011071649075353, 2.403004403147248, 1.3518978506571138, 0.6846949963296893, 7.082252521319237, 1.0535106522313278]","34_lag_arcTSjfm, 30_lag_traIFC, 31_lag_solFORC, 26_lag_ismPRjja, 15_lag_shSICsep, 25_lag_arcTSjfm_2535_15"
LRforcedPSO,21,6,stratZ50ndj01,shigh,887.5,2005.5,0.4,36,16,16,14.646362604529838,0.049213940051570405,2535,"['20_lag_satlSSTjfm', '18_lag_shTSjfm', '21_lag_traFSC', '16_lag_20_median_nhSICsep', '35_lag_seurTSjfm', '16_lag_33_median_alpi']","[3.646461325097472, 1.7530833118530786, 1.5417002226858862, 0.7633161028447439, 2.361764734593712, 2.060764009316955]","20_lag_satlSSTjfm, 18_lag_shTSjfm, 21_lag_traFSC, 16_lag_20_median_nhSICsep, 35_lag_seurTSjfm, 16_lag_33_median_alpi_2535_16"
LRforcedPSO,22,6,stratZ50ndj01,shigh,888.5,2005.5,0.4,37,17,17,14.444190427234924,0.06706359674136526,2535,"['17_lag_23_median_mhfATL30', '32_lag_tripol1', '17_lag_31_median_ismPRjja', '17_lag_28_median_neurTSjfm', '20_lag_tripol3', '34_lag_cetTSjfm']","[4.880135661326754, 5.0419103474431815, 0.7223707581883598, 1.400457539249274, 2.5700836526574022, 0.8935622609736544]","17_lag_23_median_mhfATL30, 32_lag_tripol1, 17_lag_31_median_ismPRjja, 17_lag_28_median_neurTSjfm, 20_lag_tripol3, 34_lag_cetTSjfm_2535_17"
LRforcedPSO,23,6,stratZ50ndj01,shigh,889.5,2005.5,0.4,38,18,18,14.733096749136816,-0.06949135269850083,2535,"['31_lag_glTSjfm', '28_lag_ormenSSTjfm', '18_lag_32_median_atlSICjfm', '37_lag_gyreSSTjfm', '18_lag_23_median_alpi', '23_lag_traIT']","[2.6994550962474473, 2.5254641745730977, 2.053581318836373, 2.025544910874846, 2.024614280794789, 2.207356943290282]","31_lag_glTSjfm, 28_lag_ormenSSTjfm, 18_lag_32_median_atlSICjfm, 37_lag_gyreSSTjfm, 18_lag_23_median_alpi, 23_lag_traIT_2535_18"
LRforcedPSO,24,6,stratZ50ndj01,shigh,890.5,2005.5,0.4,39,19,19,14.233578652930781,-0.01954509880211292,2535,"['19_lag_23_median_samPSLann', '30_lag_AMOCann', '19_lag_alpi', '19_lag_35_median_traEC', '19_lag_23_median_traDP', '19_lag_20_median_traTLS']","[1.856930412947296, 1.8842825683607511, 1.957326892487535, 1.5632107819163705, 2.084230979874237, 1.6387969023031599]","19_lag_23_median_samPSLann, 30_lag_AMOCann, 19_lag_alpi, 19_lag_35_median_traEC, 19_lag_23_median_traDP, 19_lag_20_median_traTLS_2535_19"
LRforcedPSO,25,6,stratZ50ndj01,shigh,891.5,2005.5,0.4,40,20,20,14.043418068911999,0.021625002981900742,2535,"['22_lag_ormenSSTjfm', '20_lag_36_median_shSICsep', '32_lag_eapPSLjfm', '27_lag_traDS', '20_lag_atlSICsep', '33_lag_amo2']","[2.773521411451747, 3.2830579250862257, 0.6360193368769647, 0.28545539195034664, 1.6514629178874038, 2.7102966869000884]","22_lag_ormenSSTjfm, 20_lag_36_median_shSICsep, 32_lag_eapPSLjfm, 27_lag_traDS, 20_lag_atlSICsep, 33_lag_amo2_2535_20"
LRforcedPSO,26,6,stratZ50ndj01,shigh,892.5,2005.5,0.4,41,21,21,14.514239965928047,0.0010441228328245114,2535,"['28_lag_atlSICsep', '21_lag_26_median_glomaSSTjfm', '21_lag_32_median_wnorPRjfm', '21_lag_37_median_mhfATL45', '38_lag_labSSTjfm', '21_lag_23_median_scpPSLjfm']","[2.198898255273374, 2.5293217129500434, 1.4550382439446814, 0.9292665605416985, 0.3527153664134186, 3.525610113391531]","28_lag_atlSICsep, 21_lag_26_median_glomaSSTjfm, 21_lag_32_median_wnorPRjfm, 21_lag_37_median_mhfATL45, 38_lag_labSSTjfm, 21_lag_23_median_scpPSLjfm_2535_21"
LRforcedPSO,27,6,stratZ50ndj01,shigh,893.5,2005.5,0.4,42,22,22,14.569510896908168,-0.00981105315487876,2535,"['22_lag_40_median_traFB', '25_lag_mhfATL60', '33_lag_traCA', '25_lag_seurTSjfm', '22_lag_25_median_shSICmar', '24_lag_ismPRjja']","[1.7429769724620847, 0.9267012149660232, 3.6883354808865683, 0.8560456915994585, 3.0832367249385033, 4.549307892162036]","22_lag_40_median_traFB, 25_lag_mhfATL60, 33_lag_traCA, 25_lag_seurTSjfm, 22_lag_25_median_shSICmar, 24_lag_ismPRjja_2535_22"
LRforcedPSO,28,6,stratZ50ndj01,shigh,894.5,2005.5,0.4,43,23,23,14.546274718360806,0.06511160502685177,2535,"['23_lag_34_median_nhSICjfm', '31_lag_seurTSjfm', '38_lag_traBS', '28_lag_traMC', '36_lag_mhfIP30', '39_lag_mhfATL45']","[3.590761076786505, 3.404108227769282, 2.693116779543497, 2.6931445665852003, 2.693070808543207, 2.6930729809740446]","23_lag_34_median_nhSICjfm, 31_lag_seurTSjfm, 38_lag_traBS, 28_lag_traMC, 36_lag_mhfIP30, 39_lag_mhfATL45_2535_23"
LRforcedPSO,29,6,stratZ50ndj01,shigh,895.5,2005.5,0.4,44,24,24,13.936468369902597,0.019146030785633386,2535,"['38_lag_amo3', '39_lag_eurPSLjfm', '24_lag_38_median_mhfATL60', '24_lag_31_median_atlSICsep', '24_lag_42_median_traIFC', '24_lag_29_median_tripol2']","[1.6091198266439735, 2.145483577379519, 1.6091127639361402, 1.6091129922709486, 1.6122485088737752, 1.6091126921263839]","38_lag_amo3, 39_lag_eurPSLjfm, 24_lag_38_median_mhfATL60, 24_lag_31_median_atlSICsep, 24_lag_42_median_traIFC, 24_lag_29_median_tripol2_2535_24"
LRforcedPSO,30,6,stratZ50ndj01,shigh,896.5,2005.5,0.4,45,25,25,15.990990164610219,-0.02226863442042609,2535,"['26_lag_ginwSSTjfm', '34_lag_traCA', '30_lag_traBO', '40_lag_glomaSSTjfm', '25_lag_39_median_traFB', '25_lag_26_median_nhTSjfm']","[3.528628016541866, 2.5535715621108004, 0.7074878854763345, 1.5000661960954087, 7.395565709829061, 0.31600487362936036]","26_lag_ginwSSTjfm, 34_lag_traCA, 30_lag_traBO, 40_lag_glomaSSTjfm, 25_lag_39_median_traFB, 25_lag_26_median_nhTSjfm_2535_25"
LRforcedPSO,31,6,stratZ50ndj01,shigh,897.5,2005.5,0.4,46,26,26,14.564299869424909,0.03246728900591806,2535,"['38_lag_traEU', '38_lag_eurPSLjfm', '26_lag_38_median_traIFC', '26_lag_32_median_traIFC', '45_lag_glomaSSTjfm', '26_lag_arcTSjfm']","[0.08250451864871522, 3.6754731996850722, 2.0250416691237874, 4.902749013227199, 3.5921388459524106, 1.7761748398704906]","38_lag_traEU, 38_lag_eurPSLjfm, 26_lag_38_median_traIFC, 26_lag_32_median_traIFC, 45_lag_glomaSSTjfm, 26_lag_arcTSjfm_2535_26"
LRforcedPSO,32,6,stratZ50ndj01,shigh,898.5,2005.5,0.4,47,27,27,13.855431814005472,0.05635021759889811,2535,"['34_lag_eurPSLjfm', '44_lag_eurPSLjfm', '27_lag_32_median_traBO', '27_lag_43_median_gyreSSTjfm', '27_lag_39_median_traEC', '27_lag_32_median_ormenSSTjfm']","[1.8936970300732372, 1.9823262611033585, 1.946825341997065, 2.522871875551377, 2.438883129196695, 1.8922953342374613]","34_lag_eurPSLjfm, 44_lag_eurPSLjfm, 27_lag_32_median_traBO, 27_lag_43_median_gyreSSTjfm, 27_lag_39_median_traEC, 27_lag_32_median_ormenSSTjfm_2535_27"
LRforcedPSO,33,6,stratZ50ndj01,shigh,899.5,2005.5,0.4,48,28,28,14.549394965704053,-0.0058384755933597,2535,"['32_lag_ormenSSTjfm', '45_lag_traDP', '36_lag_wnorPRjfm', '40_lag_traBO', '28_lag_43_median_AMOCann', '38_lag_atlSICsep']","[0.25440752386190724, 4.81404563775812, 0.8919721875192277, 3.5038877734363787, 0.11150623608301302, 1.647987804939925]","32_lag_ormenSSTjfm, 45_lag_traDP, 36_lag_wnorPRjfm, 40_lag_traBO, 28_lag_43_median_AMOCann, 38_lag_atlSICsep_2535_28"
LRforcedPSO,34,6,stratZ50ndj01,shigh,900.5,2005.5,0.4,49,29,29,14.199019226365726,0.03097330753192521,2535,"['31_lag_traFSC', '29_lag_48_median_gyreSSTjfm', '29_lag_44_median_nppc3SSTjfm', '35_lag_nhSICsep', '29_lag_32_median_traWP', '38_lag_yrvPRjja']","[3.0249867707666533, 0.838390279276414, 3.5705783734790852, 4.683524830409645, 1.482448970920025, 1.5739306937210067]","31_lag_traFSC, 29_lag_48_median_gyreSSTjfm, 29_lag_44_median_nppc3SSTjfm, 35_lag_nhSICsep, 29_lag_32_median_traWP, 38_lag_yrvPRjja_2535_29"
LRforcedPSO,35,6,stratZ50ndj01,shigh,901.5,2005.5,0.4,50,30,30,15.195460413522708,0.008298999822525365,2535,"['46_lag_traDP', '40_lag_AMOCann', '40_lag_traEC', '30_lag_41_median_gyreSSTjfm', '30_lag_42_median_amo1', '31_lag_glomaSSTjfm']","[1.8914860792150268, 1.8898448052791532, 1.9301947322402662, 2.511318108724681, 1.8870217526468727, 1.8835696593527929]","46_lag_traDP, 40_lag_AMOCann, 40_lag_traEC, 30_lag_41_median_gyreSSTjfm, 30_lag_42_median_amo1, 31_lag_glomaSSTjfm_2535_30"
LRforcedPSO,36,6,stratZ50ndj01,shigh,902.5,2005.5,0.4,51,31,31,14.991470608152325,-0.08311967297279123,2535,"['31_lag_36_median_yrvPRjja', '31_lag_33_median_alpi', '31_lag_36_median_AMOCann', '31_lag_34_median_cetTSjfm', '33_lag_traCA', '43_lag_seurTSjfm']","[3.9205535614823077, 0.06417108306120411, 2.879581745502893, 0.8599209884863832, 5.748757594087676, 1.4813113333678078]","31_lag_36_median_yrvPRjja, 31_lag_33_median_alpi, 31_lag_36_median_AMOCann, 31_lag_34_median_cetTSjfm, 33_lag_traCA, 43_lag_seurTSjfm_2535_31"
LRforcedPSO,37,6,stratZ50ndj01,shigh,903.5,2005.5,0.4,52,32,32,13.904616096748848,0.002341553326076627,2535,"['32_lag_48_median_naoPSLjfm', '51_lag_nppc2SSTjfm', '32_lag_43_median_nhSICsep', '50_lag_mhfIP30', '43_lag_ensoSSTjfm', '32_lag_35_median_traEU']","[1.4096503354640195, 1.2237304893394543, 1.4589320241099286, 1.2286496971620127, 1.4033838541834498, 1.631013474740305]","32_lag_48_median_naoPSLjfm, 51_lag_nppc2SSTjfm, 32_lag_43_median_nhSICsep, 50_lag_mhfIP30, 43_lag_ensoSSTjfm, 32_lag_35_median_traEU_2535_32"
LRforcedPSO,38,6,stratZ50ndj01,shigh,904.5,2005.5,0.4,53,33,33,14.03548068854969,0.04524097946195425,2535,"['41_lag_stratZ50ndj01', '33_lag_41_median_ismPRjja', '51_lag_traDS', '52_lag_traIT', '33_lag_38_median_mhfATL30', '33_lag_50_median_seurTSjfm']","[3.144674078939506, 1.0639498723656828, 1.227148489172265, 2.4519452456851294, 2.55575769037264, 5.4541076361698355]","41_lag_stratZ50ndj01, 33_lag_41_median_ismPRjja, 51_lag_traDS, 52_lag_traIT, 33_lag_38_median_mhfATL30, 33_lag_50_median_seurTSjfm_2535_33"
LRforcedPSO,39,6,stratZ50ndj01,shigh,905.5,2005.5,0.4,54,34,34,13.886585648170872,-0.04352317633050988,2535,"['34_lag_53_median_ormenSSTjfm', '46_lag_nhTSjfm', '34_lag_47_median_amo1', '34_lag_37_median_wnorPRjfm', '39_lag_atlSICjfm', '34_lag_48_median_wnorPRjfm']","[1.270544635588888, 1.2808025053952574, 1.6858207899138027, 1.264438510689303, 1.3261357827538571, 1.2651109218083125]","34_lag_53_median_ormenSSTjfm, 46_lag_nhTSjfm, 34_lag_47_median_amo1, 34_lag_37_median_wnorPRjfm, 39_lag_atlSICjfm, 34_lag_48_median_wnorPRjfm_2535_34"
LRforcedPSO,40,6,stratZ50ndj01,shigh,906.5,2005.5,0.4,55,35,35,14.253888004986766,-0.007814325012033285,2535,"['48_lag_seurTSjfm', '49_lag_ginwSSTjfm', '35_lag_48_median_ginwSSTjfm', '35_lag_49_median_traDS', '37_lag_wnorPRjfm', '35_lag_44_median_traFS']","[2.276889430265748, 2.276165816215824, 2.277339302283518, 3.034886645018304, 2.276285282469939, 2.276174771060157]","48_lag_seurTSjfm, 49_lag_ginwSSTjfm, 35_lag_48_median_ginwSSTjfm, 35_lag_49_median_traDS, 37_lag_wnorPRjfm, 35_lag_44_median_traFS_2535_35"
LRforcedPSO,41,6,stratZ50ndj01,shigh,907.5,2005.5,0.4,56,36,36,15.728949489475315,-0.042136558769933996,2535,"['40_lag_traIFC', '41_lag_amo3', '47_lag_stratZ50ndj03', '51_lag_satlSSTjfm', '36_lag_37_median_mhfIP30', '40_lag_alpi']","[3.6010468438213112, 3.170872497978709, 2.9129201853508473, 2.701200479178322, 2.7313988688100412, 3.4566632825826122]","40_lag_traIFC, 41_lag_amo3, 47_lag_stratZ50ndj03, 51_lag_satlSSTjfm, 36_lag_37_median_mhfIP30, 40_lag_alpi_2535_36"
LRforcedPSO,42,6,stratZ50ndj01,shigh,908.5,2005.5,0.4,57,37,37,13.978703758377522,0.0045806587709376085,2535,"['39_lag_glomaSSTjfm', '48_lag_traTLS', '37_lag_38_median_shTSjfm', '37_lag_44_median_shTSjfm', '37_lag_38_median_mhfATL45', '37_lag_46_median_eapPSLjfm']","[4.933832564807661, 0.8752941843544111, 3.306016226612347, 3.9797621629652458, 1.5882149206184781, 0.5285572770677476]","39_lag_glomaSSTjfm, 48_lag_traTLS, 37_lag_38_median_shTSjfm, 37_lag_44_median_shTSjfm, 37_lag_38_median_mhfATL45, 37_lag_46_median_eapPSLjfm_2535_37"
LRforcedPSO,43,6,stratZ50ndj01,shigh,909.5,2005.5,0.4,58,38,38,13.77818494617965,0.02017386014717942,2535,"['49_lag_wnorPRjfm', '40_lag_tripol3', '38_lag_45_median_eapPSLjfm', '38_lag_44_median_gyreSSTjfm', '38_lag_44_median_pdoSSTjfm', '38_lag_42_median_nppc3SSTjfm']","[1.7749511251366288, 1.8691447086356925, 1.4041507384579148, 1.410506145528023, 1.6879287259167282, 1.4032395087147764]","49_lag_wnorPRjfm, 40_lag_tripol3, 38_lag_45_median_eapPSLjfm, 38_lag_44_median_gyreSSTjfm, 38_lag_44_median_pdoSSTjfm, 38_lag_42_median_nppc3SSTjfm_2535_38"
LRforcedPSO,44,6,stratZ50ndj01,shigh,910.5,2005.5,0.4,59,39,39,14.419526815921456,0.055963573840616114,2535,"['39_lag_51_median_pdoSSTjfm', '41_lag_traTLS', '54_lag_wnorPRjfm', '51_lag_alpi', '39_lag_48_median_traEU', '39_lag_49_median_atlSICsep']","[3.2195268769145287, 0.18868649068063803, 0.20354017634060817, 3.841635214306889, 3.7469100013482537, 0.9474389297458963]","39_lag_51_median_pdoSSTjfm, 41_lag_traTLS, 54_lag_wnorPRjfm, 51_lag_alpi, 39_lag_48_median_traEU, 39_lag_49_median_atlSICsep_2535_39"
LRforcedPSO,45,6,stratZ50ndj01,shigh,911.5,2005.5,0.4,60,40,40,14.161037099087421,0.0624976954776383,2535,"['53_lag_shSICmar', '40_lag_43_median_ismPRjja', '40_lag_46_median_yrvPRjja', '43_lag_ormenSSTjfm', '53_lag_tripol3', '44_lag_cetTSjfm']","[1.9507225161727542, 1.9506122645811566, 1.9506034733300384, 1.9506041872896143, 2.6008010492834504, 1.9506008581619891]","53_lag_shSICmar, 40_lag_43_median_ismPRjja, 40_lag_46_median_yrvPRjja, 43_lag_ormenSSTjfm, 53_lag_tripol3, 44_lag_cetTSjfm_2535_40"
LRforcedPSO,46,6,stratZ50ndj01,shigh,912.5,2005.5,0.4,61,41,41,14.047844342309274,-0.03613220413985126,2535,"['53_lag_glTSjfm', '41_lag_46_median_nhSICsep', '52_lag_mhfATL45', '54_lag_mhfATL30', '41_lag_53_median_stratZ50ndj03', '51_lag_nhSICjfm']","[0.5130477588851754, 0.47492381520541116, 3.416645195057983, 3.2048801297006735, 0.4714358907776841, 1.1068466058601985]","53_lag_glTSjfm, 41_lag_46_median_nhSICsep, 52_lag_mhfATL45, 54_lag_mhfATL30, 41_lag_53_median_stratZ50ndj03, 51_lag_nhSICjfm_2535_41"
LRforcedPSO,47,6,stratZ50ndj01,shigh,913.5,2005.5,0.4,62,42,42,13.688784111312627,0.05035279405380619,2535,"['42_lag_43_median_alpi', '50_lag_cetTSjfm', '42_lag_traIT', '59_lag_alpi', '42_lag_54_median_atlSICjfm', '47_lag_amoSSTmjjaso']","[1.3310605738374877, 1.2939478216380054, 1.4486983520904329, 1.723513734987805, 1.663592439183386, 1.4441838724228429]","42_lag_43_median_alpi, 50_lag_cetTSjfm, 42_lag_traIT, 59_lag_alpi, 42_lag_54_median_atlSICjfm, 47_lag_amoSSTmjjaso_2535_42"
LRforcedPSO,48,6,stratZ50ndj01,shigh,914.5,2005.5,0.4,63,43,43,15.269365195816972,0.03969526961560562,2535,"['56_lag_traMC', '43_lag_50_median_amo3', '50_lag_seurTSjfm', '57_lag_eurPSLjfm', '62_lag_traFS', '43_lag_53_median_eurPSLjfm']","[7.440721434111104, 1.3697897183050838, 0.3708426474141078, 0.1289054060563508, 1.3652027972427163, 3.2851223271221786]","56_lag_traMC, 43_lag_50_median_amo3, 50_lag_seurTSjfm, 57_lag_eurPSLjfm, 62_lag_traFS, 43_lag_53_median_eurPSLjfm_2535_43"
LRforcedPSO,49,6,stratZ50ndj01,shigh,915.5,2005.5,0.4,64,44,44,13.89064102345785,0.004937693865063222,2535,"['44_lag_59_median_samPSLann', '44_lag_48_median_traWP', '44_lag_48_median_traTLS', '44_lag_50_median_shSICsep', '44_lag_61_median_shSICsep', '44_lag_60_median_scpPSLjfm']","[1.2686164671274636, 2.4353325184564785, 1.0319716872623257, 3.44890117063769, 0.09009849907730327, 2.5361456318092976]","44_lag_59_median_samPSLann, 44_lag_48_median_traWP, 44_lag_48_median_traTLS, 44_lag_50_median_shSICsep, 44_lag_61_median_shSICsep, 44_lag_60_median_scpPSLjfm_2535_44"
LRforcedPSO,50,6,stratZ50ndj01,shigh,916.5,2005.5,0.4,65,45,45,13.91007975695176,-0.015266201096466174,2535,"['45_lag_58_median_mhfIP30', '59_lag_traEC', '45_lag_57_median_labSSTjfm', '57_lag_nhTSjfm', '45_lag_56_median_traWP', '45_lag_49_median_seurTSjfm']","[1.8582430188072379, 2.417859100881475, 1.8884982752041668, 2.4776567866029042, 1.9005435113675138, 1.858244457784629]","45_lag_58_median_mhfIP30, 59_lag_traEC, 45_lag_57_median_labSSTjfm, 57_lag_nhTSjfm, 45_lag_56_median_traWP, 45_lag_49_median_seurTSjfm_2535_45"
LRforcedPSO,51,6,stratZ50ndj01,shigh,917.5,2005.5,0.4,66,46,46,14.425833840888377,0.04522660175609596,2535,"['55_lag_amo3', '46_lag_48_median_shSICsep', '46_lag_60_median_traBS', '46_lag_55_median_amo3', '46_lag_54_median_traDS', '59_lag_nppc2SSTjfm']","[3.5223444259972236, 1.271061310429559, 0.3751088874202182, 1.2970354830053665, 4.280820336575459, 1.8742324550260943]","55_lag_amo3, 46_lag_48_median_shSICsep, 46_lag_60_median_traBS, 46_lag_55_median_amo3, 46_lag_54_median_traDS, 59_lag_nppc2SSTjfm_2535_46"
LRforcedPSO,52,6,stratZ50ndj01,shigh,918.5,2005.5,0.4,67,47,47,15.377630676739873,0.02827546060725096,2535,"['58_lag_traDP', '57_lag_nhSICsep', '47_lag_60_median_stratZ50ndj04', '66_lag_AMOCann', '57_lag_samPSLann', '47_lag_50_median_neurTSjfm']","[3.293130266781789, 3.658573909526199, 2.284907383319621, 0.488213146396415, 2.584415531548661, 0.15524820015120078]","58_lag_traDP, 57_lag_nhSICsep, 47_lag_60_median_stratZ50ndj04, 66_lag_AMOCann, 57_lag_samPSLann, 47_lag_50_median_neurTSjfm_2535_47"
LRforcedPSO,53,6,stratZ50ndj01,shigh,919.5,2005.5,0.4,68,48,48,14.302461850079608,-0.009286194236913918,2535,"['48_lag_63_median_shTSjfm', '53_lag_traFB', '48_lag_50_median_ormenSSTjfm', '48_lag_63_median_traBO', '50_lag_nhSICsep', '48_lag_64_median_arcTSjfm']","[4.105998554881063, 3.0760646227378086, 2.6104945153574217, 2.1104534299393496, 0.23589093799154703, 1.5494990786798528]","48_lag_63_median_shTSjfm, 53_lag_traFB, 48_lag_50_median_ormenSSTjfm, 48_lag_63_median_traBO, 50_lag_nhSICsep, 48_lag_64_median_arcTSjfm_2535_48"
LRforcedPSO,54,6,stratZ50ndj01,shigh,920.5,2005.5,0.4,69,49,49,14.249187681227982,-0.005659386006948877,2535,"['55_lag_eurPSLjfm', '55_lag_ginwSSTjfm', '49_lag_58_median_solFORC', '59_lag_traIFC', '49_lag_67_median_cetTSjfm', '57_lag_nppc3SSTjfm']","[1.987427631296432, 1.9434987586182313, 2.099946357084301, 2.364203896420256, 2.442995761410538, 2.5825501332776635]","55_lag_eurPSLjfm, 55_lag_ginwSSTjfm, 49_lag_58_median_solFORC, 59_lag_traIFC, 49_lag_67_median_cetTSjfm, 57_lag_nppc3SSTjfm_2535_49"
LRforcedPSO,55,6,stratZ50ndj01,shigh,921.5,2005.5,0.4,70,50,50,14.329891743872114,-0.005423126663430821,2535,"['50_lag_56_median_wnorPRjfm', '59_lag_traDS', '62_lag_stratZ50ndj04', '69_lag_gyreSSTjfm', '50_lag_traFSC', '50_lag_51_median_stratZ50ndj01']","[2.271104302085108, 2.6390440914439974, 2.2856604975313584, 2.828155201630415, 2.191143228237663, 2.14283516416597]","50_lag_56_median_wnorPRjfm, 59_lag_traDS, 62_lag_stratZ50ndj04, 69_lag_gyreSSTjfm, 50_lag_traFSC, 50_lag_51_median_stratZ50ndj01_2535_50"
LRforcedPSO,56,6,stratZ50ndj01,shigh,922.5,2005.5,0.4,71,51,51,14.887278443307649,0.04931863544347371,2535,"['65_lag_tripol2', '61_lag_amoSSTmjjaso', '59_lag_seurTSjfm', '51_lag_64_median_nhTSjfm', '51_lag_60_median_yrvPRjja', '68_lag_glTSjfm']","[5.81642270332247, 0.30393352141748764, 2.0184855187297117, 3.4277860504989333, 0.9425965686421467, 1.4093180773433147]","65_lag_tripol2, 61_lag_amoSSTmjjaso, 59_lag_seurTSjfm, 51_lag_64_median_nhTSjfm, 51_lag_60_median_yrvPRjja, 68_lag_glTSjfm_2535_51"
LRforcedPSO,57,6,stratZ50ndj01,shigh,923.5,2005.5,0.4,72,52,52,13.665792642215221,0.02344932215448178,2535,"['52_lag_68_median_neurTSjfm', '68_lag_neurTSjfm', '52_lag_61_median_stratZ50ndj01', '53_lag_gyreSSTjfm', '63_lag_ormenSSTjfm', '54_lag_amo2']","[0.8871290222167294, 0.9710614492497377, 1.074423265852495, 0.828907055199598, 0.8382321759831742, 1.1052093999124206]","52_lag_68_median_neurTSjfm, 68_lag_neurTSjfm, 52_lag_61_median_stratZ50ndj01, 53_lag_gyreSSTjfm, 63_lag_ormenSSTjfm, 54_lag_amo2_2535_52"
LRforcedPSO,58,6,stratZ50ndj01,shigh,924.5,2005.5,0.4,73,53,53,14.083869635997813,0.014897918658108975,2535,"['57_lag_naoPSLjfm', '63_lag_arcTSjfm', '58_lag_nhTSjfm', '53_lag_61_median_gyreSSTjfm', '53_lag_54_median_glTSjfm', '53_lag_69_median_traDP']","[1.4423829836185675, 1.7790149483114055, 1.875368313413258, 1.6050767526149399, 1.4423967674916192, 1.9231773114914001]","57_lag_naoPSLjfm, 63_lag_arcTSjfm, 58_lag_nhTSjfm, 53_lag_61_median_gyreSSTjfm, 53_lag_54_median_glTSjfm, 53_lag_69_median_traDP_2535_53"
LRforcedPSO,59,6,stratZ50ndj01,shigh,925.5,2005.5,0.4,74,54,54,13.8675018058395,0.057362771691961335,2535,"['54_lag_nhTSjfm', '57_lag_solFORC', '65_lag_amo1', '54_lag_72_median_solFORC', '54_lag_62_median_AMOCann', '54_lag_57_median_traBO']","[0.9723522797682094, 4.2102876187630205, 4.392957300891636, 4.731862304353958, 0.12525445468584806, 1.6047163241327471]","54_lag_nhTSjfm, 57_lag_solFORC, 65_lag_amo1, 54_lag_72_median_solFORC, 54_lag_62_median_AMOCann, 54_lag_57_median_traBO_2535_54"
LRforcedPSO,60,6,stratZ50ndj01,shigh,926.5,2005.5,0.4,75,55,55,15.945687396367653,-0.02393236876231598,2535,"['55_lag_62_median_scpPSLjfm', '55_lag_64_median_solFORC', '55_lag_58_median_traIFC', '55_lag_66_median_seurTSjfm', '55_lag_wnorPRjfm', '55_lag_68_median_glomaSSTjfm']","[5.149559689524947, 5.032687598390364, 0.2403608540496105, 3.9166042144786832, 0.46394363593105403, 5.094979439075862]","55_lag_62_median_scpPSLjfm, 55_lag_64_median_solFORC, 55_lag_58_median_traIFC, 55_lag_66_median_seurTSjfm, 55_lag_wnorPRjfm, 55_lag_68_median_glomaSSTjfm_2535_55"
LRforcedPSO,61,6,stratZ50ndj01,shigh,927.5,2005.5,0.4,76,56,56,13.942988370190402,-0.03349776805783859,2535,"['56_lag_64_median_scpPSLjfm', '59_lag_traCA', '57_lag_traBS', '56_lag_70_median_eurPSLjfm', '56_lag_65_median_mhfATL30', '69_lag_traMC']","[1.4151170462330516, 1.80155001538923, 1.4892348877614765, 2.8951193949306226, 2.131429168294212, 0.6458300079376063]","56_lag_64_median_scpPSLjfm, 59_lag_traCA, 57_lag_traBS, 56_lag_70_median_eurPSLjfm, 56_lag_65_median_mhfATL30, 69_lag_traMC_2535_56"
LRforcedPSO,62,6,stratZ50ndj01,shigh,928.5,2005.5,0.4,77,57,57,14.069333422145261,0.07219710389269039,2535,"['69_lag_traDP', '57_lag_60_median_ismPRjja', '66_lag_shSICsep', '57_lag_59_median_traFS', '57_lag_58_median_stratZ50ndj02', '57_lag_70_median_stratZ50ndj04']","[2.818923032394313, 0.6719396490109641, 0.05212177802909679, 2.7060256620986856, 0.8372331580961561, 4.1492502934458875]","69_lag_traDP, 57_lag_60_median_ismPRjja, 66_lag_shSICsep, 57_lag_59_median_traFS, 57_lag_58_median_stratZ50ndj02, 57_lag_70_median_stratZ50ndj04_2535_57"
LRforcedPSO,63,6,stratZ50ndj01,shigh,929.5,2005.5,0.4,78,58,58,14.063617832805996,0.07790621491697655,2535,"['70_lag_amo3', '58_lag_68_median_amoSSTmjjaso', '76_lag_stratZ50ndj03', '58_lag_66_median_ismPRjja', '58_lag_66_median_mhfIP30', '58_lag_61_median_atlSICjfm']","[2.344333428105574, 2.1536874927327645, 3.9943872745724605, 2.995461494975956, 0.0015586458558978222, 1.3170877710891826]","70_lag_amo3, 58_lag_68_median_amoSSTmjjaso, 76_lag_stratZ50ndj03, 58_lag_66_median_ismPRjja, 58_lag_66_median_mhfIP30, 58_lag_61_median_atlSICjfm_2535_58"
LRforcedPSO,64,6,stratZ50ndj01,shigh,930.5,2005.5,0.4,79,59,59,14.440519859965088,0.030328884687368968,2535,"['68_lag_nppc3SSTjfm', '64_lag_gyreSSTjfm', '59_lag_78_median_mhfATL30', '59_lag_74_median_traEU', '70_lag_traIT', '59_lag_71_median_samPSLann']","[2.005025633288419, 6.209021171807684, 0.5584345796436914, 0.8249561117736945, 2.6628505518367245, 0.25939553228715617]","68_lag_nppc3SSTjfm, 64_lag_gyreSSTjfm, 59_lag_78_median_mhfATL30, 59_lag_74_median_traEU, 70_lag_traIT, 59_lag_71_median_samPSLann_2535_59"
LRforcedPSO,65,6,stratZ50ndj01,shigh,931.5,2005.5,0.4,80,60,60,15.513601355871161,0.004832055527996309,2535,"['60_lag_78_median_shTSjfm', '60_lag_67_median_shSICsep', '60_lag_68_median_nchinaPRjja', '60_lag_71_median_stratZ50ndj02', '64_lag_mhfATL30', '76_lag_amo3']","[4.4381161390075885, 1.2683285175604997, 1.991000979065749, 0.4056976778884014, 5.237881572186364, 1.605193883627491]","60_lag_78_median_shTSjfm, 60_lag_67_median_shSICsep, 60_lag_68_median_nchinaPRjja, 60_lag_71_median_stratZ50ndj02, 64_lag_mhfATL30, 76_lag_amo3_2535_60"
LRforcedPSO,66,6,stratZ50ndj01,shigh,932.5,2005.5,0.4,81,61,61,14.238618491816528,0.012462016203267996,2535,"['62_lag_traCA', '69_lag_amo3', '76_lag_nppc3SSTjfm', '61_lag_68_median_nhTSjfm', '61_lag_gyreSSTjfm', '61_lag_mhfIP30']","[1.6112833618444293, 2.0833151217059624, 2.0968586359788017, 1.7231777432645548, 1.760201869288106, 1.7861114904357267]","62_lag_traCA, 69_lag_amo3, 76_lag_nppc3SSTjfm, 61_lag_68_median_nhTSjfm, 61_lag_gyreSSTjfm, 61_lag_mhfIP30_2535_61"
LRforcedPSO,67,6,stratZ50ndj01,shigh,933.5,2005.5,0.4,82,62,62,15.384064401302686,-0.020758773113173652,2535,"['65_lag_yrvPRjja', '71_lag_traWP', '73_lag_nhTSjfm', '62_lag_68_median_nppc2SSTjfm', '78_lag_traDS', '62_lag_73_median_mhfATL60']","[0.5665316048810816, 1.513136239704087, 4.125322224473482, 3.9170433907400826, 2.692938408903367, 0.1891475982542694]","65_lag_yrvPRjja, 71_lag_traWP, 73_lag_nhTSjfm, 62_lag_68_median_nppc2SSTjfm, 78_lag_traDS, 62_lag_73_median_mhfATL60_2535_62"
LRforcedPSO,68,6,stratZ50ndj01,shigh,934.5,2005.5,0.4,83,63,63,14.695581839936704,0.03554099216907314,2535,"['63_lag_78_median_amo3', '69_lag_ormenSSTjfm', '63_lag_66_median_wnorPRjfm', '78_lag_arcTSjfm', '63_lag_69_median_stratZ50ndj02', '79_lag_nchinaPRjja']","[3.470086699048731, 2.1715021116138633, 0.6049310714112703, 5.27329598836776, 1.5878095113271495, 0.035418607473456376]","63_lag_78_median_amo3, 69_lag_ormenSSTjfm, 63_lag_66_median_wnorPRjfm, 78_lag_arcTSjfm, 63_lag_69_median_stratZ50ndj02, 79_lag_nchinaPRjja_2535_63"
LRforcedPSO,69,6,stratZ50ndj01,shigh,935.5,2005.5,0.4,84,64,64,13.88101572240902,0.050104754820938985,2535,"['67_lag_traIT', '64_lag_79_median_amo2', '81_lag_traFB', '68_lag_mhfATL30', '67_lag_nhSICjfm', '77_lag_traBS']","[2.3425329222084996, 1.9470804946237288, 2.589249562729935, 2.32316963949797, 2.119003762021672, 2.065920221810367]","67_lag_traIT, 64_lag_79_median_amo2, 81_lag_traFB, 68_lag_mhfATL30, 67_lag_nhSICjfm, 77_lag_traBS_2535_64"
LRforcedPSO,70,6,stratZ50ndj01,shigh,936.5,2005.5,0.4,85,65,65,14.794064131930062,-0.0025978083697877014,2535,"['65_lag_83_median_gyreSSTjfm', '76_lag_eurPSLjfm', '81_lag_gyreSSTjfm', '65_lag_74_median_nppc2SSTjfm', '66_lag_shTSjfm', '80_lag_amoSSTmjjaso']","[2.5339721976448892, 2.2487731316315447, 0.6643447412799457, 3.2441850041784566, 3.11946373355285, 0.6750548296381371]","65_lag_83_median_gyreSSTjfm, 76_lag_eurPSLjfm, 81_lag_gyreSSTjfm, 65_lag_74_median_nppc2SSTjfm, 66_lag_shTSjfm, 80_lag_amoSSTmjjaso_2535_65"
LRforcedPSO,71,6,stratZ50ndj01,shigh,937.5,2005.5,0.4,86,66,66,14.904747840664811,-0.044912228575356344,2535,"['72_lag_labSSTjfm', '66_lag_71_median_cetTSjfm', '78_lag_traWP', '66_lag_84_median_amo1', '77_lag_stratZ50ndj01', '66_lag_traFS']","[0.8644006529634023, 3.1079402648444763, 2.476309750621539, 0.7148070808566249, 4.072495399315952, 1.184224023370131]","72_lag_labSSTjfm, 66_lag_71_median_cetTSjfm, 78_lag_traWP, 66_lag_84_median_amo1, 77_lag_stratZ50ndj01, 66_lag_traFS_2535_66"
LRforcedPSO,72,6,stratZ50ndj01,shigh,938.5,2005.5,0.4,87,67,67,14.873597407648724,-0.034906544391969094,2535,"['85_lag_gyreSSTjfm', '70_lag_traEC', '83_lag_neurTSjfm', '67_lag_68_median_samPSLann', '74_lag_wnorPRjfm', '70_lag_seurTSjfm']","[5.161753638613118, 2.06203992862128, 2.0608440372054844, 0.15518028178698628, 4.289942740492567, 0.19141978492420542]","85_lag_gyreSSTjfm, 70_lag_traEC, 83_lag_neurTSjfm, 67_lag_68_median_samPSLann, 74_lag_wnorPRjfm, 70_lag_seurTSjfm_2535_67"
LRforcedPSO,73,6,stratZ50ndj01,shigh,939.5,2005.5,0.4,88,68,68,15.473456213088262,-0.004612793058284437,2535,"['84_lag_mhfATL30', '83_lag_nhSICsep', '68_lag_84_median_traEC', '81_lag_glTSjfm', '68_lag_72_median_cetTSjfm', '68_lag_71_median_glomaSSTjfm']","[2.688786109801315, 3.154381770254828, 1.9837845504668454, 1.4089281021889626, 4.577477849048474, 0.6640852660107317]","84_lag_mhfATL30, 83_lag_nhSICsep, 68_lag_84_median_traEC, 81_lag_glTSjfm, 68_lag_72_median_cetTSjfm, 68_lag_71_median_glomaSSTjfm_2535_68"
LRforcedPSO,74,6,stratZ50ndj01,shigh,940.5,2005.5,0.4,89,69,69,14.26329151909115,-0.05473080025290653,2535,"['71_lag_nhSICsep', '69_lag_traEU', '69_lag_73_median_ginwSSTjfm', '73_lag_tripol1', '69_lag_traBS', '69_lag_71_median_nppc2SSTjfm']","[1.1677260413705746, 0.2918066314233787, 2.151185162399102, 2.2206716215282363, 2.7616014256804355, 2.1424997816496116]","71_lag_nhSICsep, 69_lag_traEU, 69_lag_73_median_ginwSSTjfm, 73_lag_tripol1, 69_lag_traBS, 69_lag_71_median_nppc2SSTjfm_2535_69"
LRforcedPSO,75,6,stratZ50ndj01,shigh,941.5,2005.5,0.4,90,70,70,14.681742918788125,0.023040603849402964,2535,"['70_lag_79_median_shSICsep', '70_lag_86_median_traBO', '71_lag_amo1', '87_lag_neurTSjfm', '75_lag_nhTSjfm', '70_lag_77_median_stratZ50ndj02']","[1.9788222398564876, 6.185556760284911, 1.5505459837132545, 1.1976230710752063, 0.5735266213586954, 4.975054826553258]","70_lag_79_median_shSICsep, 70_lag_86_median_traBO, 71_lag_amo1, 87_lag_neurTSjfm, 75_lag_nhTSjfm, 70_lag_77_median_stratZ50ndj02_2535_70"
LRforcedPSO,76,6,stratZ50ndj01,shigh,942.5,2005.5,0.4,91,71,71,13.80489804967428,0.01628603699147312,2535,"['79_lag_tripol3', '85_lag_ismPRjja', '71_lag_74_median_ormenSSTjfm', '86_lag_stratZ50ndj01', '89_lag_neurTSjfm', '77_lag_stratZ50ndj02']","[1.680469513347962, 2.1272075741138785, 1.6758541290091102, 1.694776857426536, 1.7184656259342606, 2.1256523898539115]","79_lag_tripol3, 85_lag_ismPRjja, 71_lag_74_median_ormenSSTjfm, 86_lag_stratZ50ndj01, 89_lag_neurTSjfm, 77_lag_stratZ50ndj02_2535_71"
LRforcedPSO,77,6,stratZ50ndj01,shigh,943.5,2005.5,0.4,92,72,72,15.310656296082632,-0.06685788137161582,2535,"['72_lag_79_median_traFS', '72_lag_90_median_traMC', '72_lag_80_median_nppc2SSTjfm', '72_lag_84_median_nchinaPRjja', '77_lag_ginwSSTjfm', '76_lag_traBO']","[4.592942613135563, 1.1218287215832135, 0.831978028960858, 0.5091895758208551, 1.3046475442322958, 6.76981807254271]","72_lag_79_median_traFS, 72_lag_90_median_traMC, 72_lag_80_median_nppc2SSTjfm, 72_lag_84_median_nchinaPRjja, 77_lag_ginwSSTjfm, 76_lag_traBO_2535_72"
LRforcedPSO,78,6,stratZ50ndj01,shigh,944.5,2005.5,0.4,93,73,73,13.897961124296732,-0.025955307325323328,2535,"['87_lag_traWP', '73_lag_84_median_tripol1', '76_lag_glTSjfm', '87_lag_mhfATL60', '73_lag_82_median_traBS', '73_lag_84_median_traIT']","[1.418269653549721, 1.426532688545743, 1.7892195415502947, 1.8796768299361766, 1.8085719034234837, 1.7219630890811504]","87_lag_traWP, 73_lag_84_median_tripol1, 76_lag_glTSjfm, 87_lag_mhfATL60, 73_lag_82_median_traBS, 73_lag_84_median_traIT_2535_73"
LRforcedPSO,79,6,stratZ50ndj01,shigh,945.5,2005.5,0.4,94,74,74,14.447319539901887,0.04507012768715316,2535,"['74_lag_81_median_mhfATL60', '74_lag_83_median_traFSC', '74_lag_86_median_arcTSjfm', '93_lag_amo3', '92_lag_mhfATL45', '81_lag_amo1']","[1.6743369835471318, 1.6295734490885803, 1.449547670627195, 1.9240769678751, 1.8441024882747976, 1.444948932395021]","74_lag_81_median_mhfATL60, 74_lag_83_median_traFSC, 74_lag_86_median_arcTSjfm, 93_lag_amo3, 92_lag_mhfATL45, 81_lag_amo1_2535_74"
LRforcedPSO,80,6,stratZ50ndj01,shigh,946.5,2005.5,0.4,95,75,75,13.937769700435553,0.030934698734639082,2535,"['81_lag_nchinaPRjja', '85_lag_traFB', '75_lag_80_median_tripol2', '77_lag_ensoSSTjfm', '75_lag_85_median_traIFC', '89_lag_gyreSSTjfm']","[3.9678081830760448, 0.1450263987948741, 0.7149960744269119, 0.18084240978533295, 1.1356158483460028, 2.269154135881754]","81_lag_nchinaPRjja, 85_lag_traFB, 75_lag_80_median_tripol2, 77_lag_ensoSSTjfm, 75_lag_85_median_traIFC, 89_lag_gyreSSTjfm_2535_75"
LRforcedPSO,81,6,stratZ50ndj01,shigh,947.5,2005.5,0.4,96,76,76,15.009452530942397,-0.01482598921869436,2535,"['91_lag_traEC', '76_lag_80_median_mhfATL30', '91_lag_gyreSSTjfm', '76_lag_95_median_traBS', '76_lag_82_median_mhfIP30', '76_lag_89_median_traCA']","[3.0472669787172517, 2.6843961653637294, 1.3395653731200632, 0.7319201752772315, 1.5128628222489056, 3.5313769308673297]","91_lag_traEC, 76_lag_80_median_mhfATL30, 91_lag_gyreSSTjfm, 76_lag_95_median_traBS, 76_lag_82_median_mhfIP30, 76_lag_89_median_traCA_2535_76"
LRforcedPSO,82,6,stratZ50ndj01,shigh,948.5,2005.5,0.4,97,77,77,13.929105378990513,-0.059097848904817396,2535,"['94_lag_nppc3SSTjfm', '77_lag_83_median_cetTSjfm', '77_lag_91_median_nhSICjfm', '88_lag_traEC', '96_lag_labSSTjfm', '80_lag_amoSSTmjjaso']","[1.4332398150919088, 1.9106306735028107, 1.7295764290926652, 1.5749913214731155, 1.8792525292072297, 1.591692873731634]","94_lag_nppc3SSTjfm, 77_lag_83_median_cetTSjfm, 77_lag_91_median_nhSICjfm, 88_lag_traEC, 96_lag_labSSTjfm, 80_lag_amoSSTmjjaso_2535_77"
LRforcedPSO,83,6,stratZ50ndj01,shigh,949.5,2005.5,0.4,98,78,78,14.162133335067196,0.03324368443744089,2535,"['78_lag_86_median_stratZ50ndj01', '78_lag_traIT', '78_lag_80_median_ginwSSTjfm', '78_lag_96_median_mhfATL45', '89_lag_atlSICsep', '78_lag_88_median_amo2']","[2.2580460442815666, 2.290964177697554, 1.7600074113486601, 2.341298814701599, 1.7563355830050378, 1.808486501511123]","78_lag_86_median_stratZ50ndj01, 78_lag_traIT, 78_lag_80_median_ginwSSTjfm, 78_lag_96_median_mhfATL45, 89_lag_atlSICsep, 78_lag_88_median_amo2_2535_78"
LRforcedPSO,84,6,stratZ50ndj01,shigh,950.5,2005.5,0.4,99,79,79,14.633969832697817,0.021782913626755905,2535,"['83_lag_mhfATL45', '89_lag_amo3', '96_lag_stratZ50ndj01', '79_lag_84_median_eapPSLjfm', '79_lag_97_median_naoPSLjfm', '79_lag_93_median_yrvPRjja']","[4.8349331174654875, 1.7046195521309215, 1.6119107211665895, 1.4838417597071079, 0.6061205661044138, 1.6469180717888996]","83_lag_mhfATL45, 89_lag_amo3, 96_lag_stratZ50ndj01, 79_lag_84_median_eapPSLjfm, 79_lag_97_median_naoPSLjfm, 79_lag_93_median_yrvPRjja_2535_79"
LRforcedPSO,85,6,stratZ50ndj01,shigh,951.5,2005.5,0.4,100,80,80,13.759176722742113,-0.00844458587927464,2535,"['80_lag_84_median_traWP', '80_lag_89_median_tripol3', '80_lag_90_median_atlSICjfm', '94_lag_stratZ50ndj01', '80_lag_89_median_atlSICjfm', '80_lag_98_median_neurTSjfm']","[3.0935769061364553, 2.6518190893061018, 8.359943483938618, 0.9835072009428831, 6.587658055100597, 0.4047212169337193]","80_lag_84_median_traWP, 80_lag_89_median_tripol3, 80_lag_90_median_atlSICjfm, 94_lag_stratZ50ndj01, 80_lag_89_median_atlSICjfm, 80_lag_98_median_neurTSjfm_2535_80"
