model,num_irrelevant,max_allowed_features,target_feature,dataset,year_start,year_end,splitsize,max_lag,init_lag,max_forecast,mae_score,corr_score,n_total_features,selected_feature_list,feature_importances,selected_features
LinearRegression,0,6,traCA,slow,1514.5,2005.5,0.8,15,1,1,15.306649391907778,0.21804088151876458,1755,"['14_lag_amo1', '6_lag_neurTSjfm', '4_lag_stratZ50ndj03', '6_lag_stratZ50ndj03', '9_lag_neurTSjfm', '1_lag_atlSICjfm']","[0.016856275441087677, 0.03329148218829432, 0.1267631843962751, 0.11014591766789344, 0.08384847401346363, 0.241101669233327]","14_lag_amo1, 6_lag_neurTSjfm, 4_lag_stratZ50ndj03, 6_lag_stratZ50ndj03, 9_lag_neurTSjfm, 1_lag_atlSICjfm_1755_1"
LinearRegression,1,6,traCA,slow,1515.5,2005.5,0.8,16,1,1,15.641110645015837,0.19128284240493265,1885,"['1_lag_eurPSLjfm', '9_lag_neurTSjfm', '1_lag_traEC', '6_lag_stratZ50ndj03', '15_lag_shSICmar', '1_lag_atlSICjfm']","[0.08980758349752141, 0.0704825290932077, 0.1561136562700533, 0.11008282692849594, 0.11480843987942324, 0.2679571223672222]","1_lag_eurPSLjfm, 9_lag_neurTSjfm, 1_lag_traEC, 6_lag_stratZ50ndj03, 15_lag_shSICmar, 1_lag_atlSICjfm_1885_1"
LinearRegression,2,6,traCA,slow,1516.5,2005.5,0.8,17,1,1,15.358542380882097,0.13120478734306548,2015,"['11_lag_stratZ50ndj02', '7_lag_yrvPRjja', '6_lag_stratZ50ndj03', '14_lag_amo1', '1_lag_traEC', '1_lag_atlSICjfm']","[0.10592855054583636, 0.10230178461712844, 0.11172570417661778, 0.021064490608584542, 0.1637242649128992, 0.28701781221486694]","11_lag_stratZ50ndj02, 7_lag_yrvPRjja, 6_lag_stratZ50ndj03, 14_lag_amo1, 1_lag_traEC, 1_lag_atlSICjfm_2015_1"
LinearRegression,3,6,traCA,slow,1517.5,2005.5,0.8,18,1,1,15.270671378468167,0.17111274517385291,2145,"['6_lag_stratZ50ndj03', '14_lag_amo1', '9_lag_neurTSjfm', '11_lag_stratZ50ndj02', '1_lag_traEC', '1_lag_atlSICjfm']","[0.11981421817601798, 0.028303010877984296, 0.0739279650416186, 0.10668347411005442, 0.15073042832918648, 0.27440270942604966]","6_lag_stratZ50ndj03, 14_lag_amo1, 9_lag_neurTSjfm, 11_lag_stratZ50ndj02, 1_lag_traEC, 1_lag_atlSICjfm_2145_1"
LinearRegression,4,6,traCA,slow,1518.5,2005.5,0.8,19,1,1,15.25036887493145,0.17234630650774055,2275,"['6_lag_stratZ50ndj03', '9_lag_neurTSjfm', '11_lag_stratZ50ndj02', '14_lag_amo1', '1_lag_traEC', '1_lag_atlSICjfm']","[0.12108171271340736, 0.07389381685015874, 0.10664559371515885, 0.02973157285487628, 0.1478093727139359, 0.2739829694378114]","6_lag_stratZ50ndj03, 9_lag_neurTSjfm, 11_lag_stratZ50ndj02, 14_lag_amo1, 1_lag_traEC, 1_lag_atlSICjfm_2275_1"
LinearRegression,5,6,traCA,slow,1519.5,2005.5,0.8,20,1,1,12.311460353732468,0.5689021779272155,2405,"['11_lag_stratZ50ndj02', '1_lag_traEC', '7_lag_yrvPRjja', '6_lag_stratZ50ndj03', '1_lag_traCA', '1_lag_atlSICjfm']","[0.11965935606379215, 0.12164869842287951, 0.06053821020092899, 0.07584020888400522, 0.5161376942461297, 0.20040262696572628]","11_lag_stratZ50ndj02, 1_lag_traEC, 7_lag_yrvPRjja, 6_lag_stratZ50ndj03, 1_lag_traCA, 1_lag_atlSICjfm_2405_1"
LinearRegression,6,6,traCA,slow,1520.5,2005.5,0.8,21,1,1,12.283989736728175,0.5830351248753601,2535,"['7_lag_ismPRjja', '9_lag_neurTSjfm', '6_lag_stratZ50ndj03', '11_lag_stratZ50ndj02', '1_lag_traCA', '1_lag_atlSICjfm']","[0.07108258491739382, 0.0810981932961712, 0.08348198704127921, 0.11497942291676533, 0.5265702249727681, 0.1856888475245075]","7_lag_ismPRjja, 9_lag_neurTSjfm, 6_lag_stratZ50ndj03, 11_lag_stratZ50ndj02, 1_lag_traCA, 1_lag_atlSICjfm_2535_1"
LinearRegression,7,6,traCA,slow,1521.5,2005.5,0.8,22,1,1,12.66345334344766,0.5476953278436774,2665,"['7_lag_yrvPRjja', '21_lag_stratZ50ndj01', '6_lag_nchinaPRjja', '6_lag_stratZ50ndj03', '1_lag_traCA', '1_lag_atlSICjfm']","[0.05385342569754197, 0.07272202300854547, 0.05080897984975903, 0.0915045402346259, 0.5201792955982908, 0.17317512372502475]","7_lag_yrvPRjja, 21_lag_stratZ50ndj01, 6_lag_nchinaPRjja, 6_lag_stratZ50ndj03, 1_lag_traCA, 1_lag_atlSICjfm_2665_1"
LinearRegression,8,6,traCA,slow,1522.5,2005.5,0.8,23,1,1,12.691893441507133,0.5372000236054262,2795,"['9_lag_neurTSjfm', '11_lag_stratZ50ndj02', '22_lag_stratZ50ndj01', '6_lag_stratZ50ndj03', '1_lag_atlSICjfm', '1_lag_traCA']","[0.09318604567971832, 0.13181675174875648, 0.1601123353302597, 0.09544129192545799, 0.18191591194258772, 0.5365127158148356]","9_lag_neurTSjfm, 11_lag_stratZ50ndj02, 22_lag_stratZ50ndj01, 6_lag_stratZ50ndj03, 1_lag_atlSICjfm, 1_lag_traCA_2795_1"
LinearRegression,9,6,traCA,slow,1523.5,2005.5,0.8,24,1,1,12.690196682385064,0.5373252789155185,2925,"['9_lag_neurTSjfm', '22_lag_stratZ50ndj01', '11_lag_stratZ50ndj02', '6_lag_stratZ50ndj03', '1_lag_atlSICjfm', '1_lag_traCA']","[0.09159505634043488, 0.15962458846674832, 0.1324754572680278, 0.09536291089116689, 0.18237502248744683, 0.5373095984817166]","9_lag_neurTSjfm, 22_lag_stratZ50ndj01, 11_lag_stratZ50ndj02, 6_lag_stratZ50ndj03, 1_lag_atlSICjfm, 1_lag_traCA_2925_1"
LinearRegression,10,6,traCA,slow,1524.5,2005.5,0.8,25,1,1,12.649832613867435,0.5364783418584865,3055,"['11_lag_stratZ50ndj02', '24_lag_atlSICjfm', '6_lag_stratZ50ndj03', '22_lag_stratZ50ndj01', '1_lag_atlSICjfm', '1_lag_traCA']","[0.13269972118565085, 0.09109955516643126, 0.08005209382905665, 0.16954653280505538, 0.18694362526805927, 0.54192571914563]","11_lag_stratZ50ndj02, 24_lag_atlSICjfm, 6_lag_stratZ50ndj03, 22_lag_stratZ50ndj01, 1_lag_atlSICjfm, 1_lag_traCA_3055_1"
LinearRegression,11,6,traCA,slow,1525.5,2005.5,0.8,26,1,1,12.743093914007403,0.5171570720482849,3185,"['11_lag_stratZ50ndj02', '25_lag_traWP', '7_lag_yrvPRjja', '22_lag_stratZ50ndj01', '1_lag_atlSICjfm', '1_lag_traCA']","[0.13991583543705574, 0.05988496194095369, 0.056772982676216485, 0.1485622451915925, 0.19131562562910592, 0.5393742533939242]","11_lag_stratZ50ndj02, 25_lag_traWP, 7_lag_yrvPRjja, 22_lag_stratZ50ndj01, 1_lag_atlSICjfm, 1_lag_traCA_3185_1"
LinearRegression,12,6,traCA,slow,1526.5,2005.5,0.8,27,1,1,12.233875027264125,0.5406213223883413,3315,"['7_lag_yrvPRjja', '16_lag_traTLS', '22_lag_stratZ50ndj01', '11_lag_stratZ50ndj02', '1_lag_atlSICjfm', '1_lag_traCA']","[0.06958325310549993, 0.08778063574390374, 0.1451512822561004, 0.13727401609626907, 0.19342374056942938, 0.5345618393836512]","7_lag_yrvPRjja, 16_lag_traTLS, 22_lag_stratZ50ndj01, 11_lag_stratZ50ndj02, 1_lag_atlSICjfm, 1_lag_traCA_3315_1"
LinearRegression,13,6,traCA,slow,1527.5,2005.5,0.8,28,1,1,12.08644327441615,0.5532511845648598,3445,"['16_lag_traTLS', '11_lag_stratZ50ndj02', '22_lag_stratZ50ndj01', '1_lag_atlSICjfm', '27_lag_alpi', '1_lag_traCA']","[0.0725580807575329, 0.14112447564894104, 0.15133590808029068, 0.18970794677592492, 0.09503327395310285, 0.5408244818576899]","16_lag_traTLS, 11_lag_stratZ50ndj02, 22_lag_stratZ50ndj01, 1_lag_atlSICjfm, 27_lag_alpi, 1_lag_traCA_3445_1"
LinearRegression,14,6,traCA,slow,1528.5,2005.5,0.8,29,1,1,12.081588709223917,0.5534588801184668,3575,"['16_lag_traTLS', '1_lag_atlSICjfm', '11_lag_stratZ50ndj02', '22_lag_stratZ50ndj01', '27_lag_alpi', '1_lag_traCA']","[0.07200215884776684, 0.18976022561347772, 0.1414080360343937, 0.15096277328456967, 0.09426605558896334, 0.5414868511197842]","16_lag_traTLS, 1_lag_atlSICjfm, 11_lag_stratZ50ndj02, 22_lag_stratZ50ndj01, 27_lag_alpi, 1_lag_traCA_3575_1"
LinearRegression,15,6,traCA,slow,1529.5,2005.5,0.8,30,1,1,12.063800281131085,0.555323701897509,3705,"['11_lag_stratZ50ndj02', '1_lag_atlSICjfm', '16_lag_traTLS', '22_lag_stratZ50ndj01', '27_lag_alpi', '1_lag_traCA']","[0.13770246466202296, 0.18613685071721697, 0.0754924747316244, 0.149864785997438, 0.09216221516997454, 0.5412753439773059]","11_lag_stratZ50ndj02, 1_lag_atlSICjfm, 16_lag_traTLS, 22_lag_stratZ50ndj01, 27_lag_alpi, 1_lag_traCA_3705_1"
LinearRegression,16,6,traCA,slow,1530.5,2005.5,0.8,31,1,1,12.069040017999518,0.555043091033097,3835,"['11_lag_stratZ50ndj02', '1_lag_atlSICjfm', '16_lag_traTLS', '22_lag_stratZ50ndj01', '27_lag_alpi', '1_lag_traCA']","[0.13768076994542772, 0.1854485453547165, 0.07445552460384797, 0.15140951404355152, 0.09252339863278611, 0.5406685424269643]","11_lag_stratZ50ndj02, 1_lag_atlSICjfm, 16_lag_traTLS, 22_lag_stratZ50ndj01, 27_lag_alpi, 1_lag_traCA_3835_1"
LinearRegression,17,6,traCA,slow,1531.5,2005.5,0.8,32,2,7,14.58275976802694,0.10223191627055972,3835,"['7_lag_yrvPRjja', '25_lag_traMC', '15_lag_shSICmar', '16_lag_traTLS', '22_lag_stratZ50ndj01', '27_lag_alpi']","[0.08871500842749518, 0.17398023020442402, 0.07233347227250303, 0.1300682328229741, 0.10344892142072838, 0.08034848670396948]","7_lag_yrvPRjja, 25_lag_traMC, 15_lag_shSICmar, 16_lag_traTLS, 22_lag_stratZ50ndj01, 27_lag_alpi_3835_7"
LinearRegression,18,6,traCA,slow,1532.5,2005.5,0.8,33,3,7,14.692838870784643,0.11831769928846633,3835,"['32_lag_nppc3SSTjfm', '21_lag_stratZ50ndj01', '7_lag_stratZ50ndj03', '16_lag_traTLS', '22_lag_stratZ50ndj01', '27_lag_alpi']","[0.2664706409583679, 0.08073911355100391, 0.12192020662919689, 0.11579733820327423, 0.11196033853868453, 0.09545718187081359]","32_lag_nppc3SSTjfm, 21_lag_stratZ50ndj01, 7_lag_stratZ50ndj03, 16_lag_traTLS, 22_lag_stratZ50ndj01, 27_lag_alpi_3835_7"
LinearRegression,19,6,traCA,slow,1533.5,2005.5,0.8,34,4,7,15.568494097175295,0.007618364446004522,3835,"['21_lag_stratZ50ndj01', '13_lag_stratZ50ndj03', '7_lag_stratZ50ndj03', '16_lag_traTLS', '22_lag_stratZ50ndj01', '27_lag_alpi']","[0.08549268307979324, 0.11330632493661762, 0.1356752018413867, 0.11904712817209546, 0.10397395237640633, 0.0958831227151754]","21_lag_stratZ50ndj01, 13_lag_stratZ50ndj03, 7_lag_stratZ50ndj03, 16_lag_traTLS, 22_lag_stratZ50ndj01, 27_lag_alpi_3835_7"
LinearRegression,20,6,traCA,slow,1534.5,2005.5,0.8,35,5,7,15.166965768565694,0.040930791565259333,3835,"['7_lag_stratZ50ndj03', '26_lag_nppc2SSTjfm', '16_lag_traTLS', '13_lag_stratZ50ndj03', '27_lag_alpi', '22_lag_stratZ50ndj01']","[0.13489563342916092, 0.12932069474704272, 0.12175921931884141, 0.11376455535040794, 0.08154279817247566, 0.09311134682577196]","7_lag_stratZ50ndj03, 26_lag_nppc2SSTjfm, 16_lag_traTLS, 13_lag_stratZ50ndj03, 27_lag_alpi, 22_lag_stratZ50ndj01_3835_7"
LinearRegression,21,6,traCA,slow,1535.5,2005.5,0.8,36,6,13,14.690840213778685,0.09775895087605796,3835,"['13_lag_stratZ50ndj03', '32_lag_nppc3SSTjfm', '26_lag_nppc2SSTjfm', '16_lag_traTLS', '27_lag_alpi', '22_lag_stratZ50ndj01']","[0.12343648856012855, 0.2908848335810813, 0.10057235043260082, 0.10657611452412097, 0.09386555406109648, 0.11310060586253179]","13_lag_stratZ50ndj03, 32_lag_nppc3SSTjfm, 26_lag_nppc2SSTjfm, 16_lag_traTLS, 27_lag_alpi, 22_lag_stratZ50ndj01_3835_13"
LinearRegression,22,6,traCA,slow,1536.5,2005.5,0.8,37,7,13,14.7508621404301,0.09275778711818776,3835,"['13_lag_stratZ50ndj03', '32_lag_nppc3SSTjfm', '26_lag_nppc2SSTjfm', '16_lag_traTLS', '27_lag_alpi', '22_lag_stratZ50ndj01']","[0.12018842401800969, 0.29829251052609584, 0.09488277879327588, 0.10781921863082294, 0.0966099609001958, 0.11222454974155559]","13_lag_stratZ50ndj03, 32_lag_nppc3SSTjfm, 26_lag_nppc2SSTjfm, 16_lag_traTLS, 27_lag_alpi, 22_lag_stratZ50ndj01_3835_13"
LinearRegression,23,6,traCA,slow,1537.5,2005.5,0.8,38,8,13,14.740053334535288,0.09186463687859926,3835,"['26_lag_nppc2SSTjfm', '32_lag_nppc3SSTjfm', '13_lag_stratZ50ndj03', '16_lag_traTLS', '27_lag_alpi', '22_lag_stratZ50ndj01']","[0.08391817540691981, 0.30343044978025113, 0.1201302321015909, 0.11222569503465812, 0.10015784062700661, 0.10737315150226988]","26_lag_nppc2SSTjfm, 32_lag_nppc3SSTjfm, 13_lag_stratZ50ndj03, 16_lag_traTLS, 27_lag_alpi, 22_lag_stratZ50ndj01_3835_13"
LinearRegression,24,6,traCA,slow,1538.5,2005.5,0.8,39,9,16,15.20909596826849,0.022734918734027738,3835,"['26_lag_nppc2SSTjfm', '35_lag_eapPSLjfm', '32_lag_nppc3SSTjfm', '16_lag_traTLS', '27_lag_alpi', '22_lag_stratZ50ndj01']","[0.09403697232515477, 0.1745491549341153, 0.2751997014694704, 0.1394405264893932, 0.08913102188608926, 0.11225072417437057]","26_lag_nppc2SSTjfm, 35_lag_eapPSLjfm, 32_lag_nppc3SSTjfm, 16_lag_traTLS, 27_lag_alpi, 22_lag_stratZ50ndj01_3835_16"
LinearRegression,25,6,traCA,slow,1539.5,2005.5,0.8,40,10,16,15.288519599754991,-0.014258663476063957,3835,"['39_lag_traWP', '35_lag_eapPSLjfm', '16_lag_traTLS', '32_lag_nppc3SSTjfm', '22_lag_stratZ50ndj01', '27_lag_alpi']","[0.11439900826169111, 0.17019050726472518, 0.13043070454130556, 0.27990970686769384, 0.11571118158454484, 0.10252518738947439]","39_lag_traWP, 35_lag_eapPSLjfm, 16_lag_traTLS, 32_lag_nppc3SSTjfm, 22_lag_stratZ50ndj01, 27_lag_alpi_3835_16"
LinearRegression,26,6,traCA,slow,1540.5,2005.5,0.8,41,11,16,15.505336489022493,-0.05565475591633192,3835,"['35_lag_eapPSLjfm', '26_lag_nppc2SSTjfm', '31_lag_alpi', '16_lag_traTLS', '22_lag_stratZ50ndj01', '27_lag_alpi']","[0.168705060024368, 0.10777352311431845, 0.06089121087666926, 0.1387785935561651, 0.1096473200699396, 0.08313932574861407]","35_lag_eapPSLjfm, 26_lag_nppc2SSTjfm, 31_lag_alpi, 16_lag_traTLS, 22_lag_stratZ50ndj01, 27_lag_alpi_3835_16"
LinearRegression,27,6,traCA,slow,1541.5,2005.5,0.8,42,12,16,14.95902306768912,0.1099641128150678,3835,"['26_lag_nppc2SSTjfm', '16_lag_traTLS', '41_lag_ginwSSTjfm', '32_lag_nchinaPRjja', '22_lag_stratZ50ndj01', '27_lag_alpi']","[0.10461463974359743, 0.14136705161212826, 0.13485519368467583, 0.1272155489764231, 0.09186400886779222, 0.1049118880930232]","26_lag_nppc2SSTjfm, 16_lag_traTLS, 41_lag_ginwSSTjfm, 32_lag_nchinaPRjja, 22_lag_stratZ50ndj01, 27_lag_alpi_3835_16"
LinearRegression,28,6,traCA,slow,1542.5,2005.5,0.8,43,13,22,14.68518301588446,0.12189353734534013,3835,"['32_lag_nchinaPRjja', '30_lag_atlSICjfm', '39_lag_traWP', '41_lag_ginwSSTjfm', '22_lag_stratZ50ndj01', '27_lag_alpi']","[0.11118907394432351, 0.13121214536050213, 0.07029783488776631, 0.1077289725492959, 0.10146202021360154, 0.12358155728687845]","32_lag_nchinaPRjja, 30_lag_atlSICjfm, 39_lag_traWP, 41_lag_ginwSSTjfm, 22_lag_stratZ50ndj01, 27_lag_alpi_3835_22"
LinearRegression,29,6,traCA,slow,1543.5,2005.5,0.8,44,14,22,14.345561690009944,0.16035389982793744,3835,"['26_lag_nppc2SSTjfm', '25_lag_traMC', '41_lag_ginwSSTjfm', '39_lag_traWP', '22_lag_stratZ50ndj01', '27_lag_alpi']","[0.08615591469591066, 0.1950206858441296, 0.1318904310820965, 0.100990263799422, 0.10067531704531223, 0.11467508892828865]","26_lag_nppc2SSTjfm, 25_lag_traMC, 41_lag_ginwSSTjfm, 39_lag_traWP, 22_lag_stratZ50ndj01, 27_lag_alpi_3835_22"
LinearRegression,30,6,traCA,slow,1544.5,2005.5,0.8,45,15,22,13.883818441134231,0.2332067068946934,3835,"['42_lag_tripol3', '41_lag_ginwSSTjfm', '25_lag_traMC', '39_lag_traWP', '22_lag_stratZ50ndj01', '27_lag_alpi']","[0.22898242895595106, 0.13016886303159286, 0.2006187042745326, 0.0769422634607786, 0.11392659871230938, 0.11579263944497632]","42_lag_tripol3, 41_lag_ginwSSTjfm, 25_lag_traMC, 39_lag_traWP, 22_lag_stratZ50ndj01, 27_lag_alpi_3835_22"
LinearRegression,31,6,traCA,slow,1545.5,2005.5,0.8,46,16,22,13.978740070946532,0.22602180290267018,3835,"['25_lag_traMC', '42_lag_tripol3', '39_lag_traWP', '45_lag_eurPSLjfm', '22_lag_stratZ50ndj01', '27_lag_alpi']","[0.2003162589449687, 0.24443634418250793, 0.0745839513571892, 0.08189333264361799, 0.12199957437055041, 0.10531757169443262]","25_lag_traMC, 42_lag_tripol3, 39_lag_traWP, 45_lag_eurPSLjfm, 22_lag_stratZ50ndj01, 27_lag_alpi_3835_22"
LinearRegression,32,6,traCA,slow,1546.5,2005.5,0.8,47,17,22,15.128347155289866,0.0449079174969853,3835,"['38_lag_stratZ50ndj03', '46_lag_nchinaPRjja', '39_lag_traWP', '45_lag_eurPSLjfm', '22_lag_stratZ50ndj01', '27_lag_alpi']","[0.03248083905014361, 0.09171370716367096, 0.10488190547671726, 0.05827487325005261, 0.10575838525891132, 0.10934310735286858]","38_lag_stratZ50ndj03, 46_lag_nchinaPRjja, 39_lag_traWP, 45_lag_eurPSLjfm, 22_lag_stratZ50ndj01, 27_lag_alpi_3835_22"
LinearRegression,33,6,traCA,slow,1547.5,2005.5,0.8,48,18,22,14.147729536519169,0.16575040800484267,3835,"['31_lag_yrvPRjja', '42_lag_tripol3', '39_lag_traWP', '45_lag_eurPSLjfm', '22_lag_stratZ50ndj01', '27_lag_alpi']","[0.0573244470752643, 0.24802592476039048, 0.09237025758224401, 0.07205154167587646, 0.11691790557461162, 0.09923584331567367]","31_lag_yrvPRjja, 42_lag_tripol3, 39_lag_traWP, 45_lag_eurPSLjfm, 22_lag_stratZ50ndj01, 27_lag_alpi_3835_22"
LinearRegression,34,6,traCA,slow,1548.5,2005.5,0.8,49,19,22,14.317384718495274,0.13851311401194935,3835,"['38_lag_stratZ50ndj03', '45_lag_eurPSLjfm', '42_lag_tripol3', '39_lag_traWP', '22_lag_stratZ50ndj01', '27_lag_alpi']","[0.047995855346635745, 0.06751870336124075, 0.25659593826825744, 0.08844872849201928, 0.11676288113534836, 0.10157094121883062]","38_lag_stratZ50ndj03, 45_lag_eurPSLjfm, 42_lag_tripol3, 39_lag_traWP, 22_lag_stratZ50ndj01, 27_lag_alpi_3835_22"
LinearRegression,35,6,traCA,slow,1549.5,2005.5,0.8,50,20,22,14.443037690260365,0.1018852612673551,3835,"['45_lag_shSICsep', '48_lag_shSICsep', '42_lag_tripol3', '39_lag_traWP', '22_lag_stratZ50ndj01', '27_lag_alpi']","[0.024861354844646015, 0.12230502286808191, 0.24680382772723794, 0.08977101558298427, 0.11329164500726661, 0.09703384679681144]","45_lag_shSICsep, 48_lag_shSICsep, 42_lag_tripol3, 39_lag_traWP, 22_lag_stratZ50ndj01, 27_lag_alpi_3835_22"
LinearRegression,36,6,traCA,slow,1550.5,2005.5,0.8,51,21,27,13.861884639428922,0.2328821443986515,3835,"['48_lag_shSICsep', '33_lag_pdoSSTjfm', '45_lag_shSICsep', '42_lag_tripol3', '39_lag_traWP', '27_lag_alpi']","[0.1287678013035468, 0.1449798439804943, 0.022631761615165308, 0.22187531499609928, 0.08689963930870563, 0.08983258417175494]","48_lag_shSICsep, 33_lag_pdoSSTjfm, 45_lag_shSICsep, 42_lag_tripol3, 39_lag_traWP, 27_lag_alpi_3835_27"
LinearRegression,37,6,traCA,slow,1551.5,2005.5,0.8,52,22,22,14.189514895607854,0.11004810845413701,3835,"['42_lag_tripol3', '45_lag_shSICsep', '49_lag_pdoSSTjfm', '39_lag_traWP', '27_lag_alpi', '22_lag_stratZ50ndj01']","[0.22453995172635402, 0.07248496354546644, 0.15162659328524858, 0.08167601195595765, 0.10318537258161331, 0.12927800741199408]","42_lag_tripol3, 45_lag_shSICsep, 49_lag_pdoSSTjfm, 39_lag_traWP, 27_lag_alpi, 22_lag_stratZ50ndj01_3835_22"
LinearRegression,38,6,traCA,slow,1552.5,2005.5,0.8,53,23,27,14.864953091989516,-0.007519589320317937,3835,"['48_lag_shSICsep', '48_lag_nchinaPRjja', '39_lag_traWP', '49_lag_pdoSSTjfm', '42_lag_tripol3', '27_lag_alpi']","[0.15848865196744472, 0.06534983447145101, 0.08394069776502644, 0.14874917757836392, 0.20144811796307252, 0.08810464705799782]","48_lag_shSICsep, 48_lag_nchinaPRjja, 39_lag_traWP, 49_lag_pdoSSTjfm, 42_lag_tripol3, 27_lag_alpi_3835_27"
LinearRegression,39,6,traCA,slow,1553.5,2005.5,0.8,54,24,24,15.894566960908728,-0.12480858497080458,3835,"['48_lag_nchinaPRjja', '39_lag_traWP', '48_lag_shSICsep', '27_lag_alpi', '24_lag_ismPRjja', '34_lag_nchinaPRjja']","[0.07283226171698688, 0.10028189331964552, 0.14795354154364063, 0.08555241298070969, 0.05646184338107445, 0.09557527712062236]","48_lag_nchinaPRjja, 39_lag_traWP, 48_lag_shSICsep, 27_lag_alpi, 24_lag_ismPRjja, 34_lag_nchinaPRjja_3835_24"
LinearRegression,40,6,traCA,slow,1554.5,2005.5,0.8,55,25,27,16.518317320567977,-0.21848176850597997,3835,"['27_lag_alpi', '35_lag_eapPSLjfm', '34_lag_nchinaPRjja', '48_lag_nchinaPRjja', '48_lag_shSICsep', '39_lag_traWP']","[0.08370285647539602, 0.1639475449486034, 0.09458803313107805, 0.08787466742942265, 0.14440267999134682, 0.10716744307502647]","27_lag_alpi, 35_lag_eapPSLjfm, 34_lag_nchinaPRjja, 48_lag_nchinaPRjja, 48_lag_shSICsep, 39_lag_traWP_3835_27"
LinearRegression,41,6,traCA,slow,1555.5,2005.5,0.8,56,26,34,15.881234931614335,-0.18586406433700395,3835,"['55_lag_traBS', '35_lag_eapPSLjfm', '34_lag_nchinaPRjja', '48_lag_nchinaPRjja', '54_lag_nchinaPRjja', '39_lag_traWP']","[0.10562943075821697, 0.16073195733841614, 0.1117843731330984, 0.09118009968594588, 0.1001738269536988, 0.11503917250960181]","55_lag_traBS, 35_lag_eapPSLjfm, 34_lag_nchinaPRjja, 48_lag_nchinaPRjja, 54_lag_nchinaPRjja, 39_lag_traWP_3835_34"
LinearRegression,42,6,traCA,slow,1556.5,2005.5,0.8,57,27,27,15.730181717278949,-0.16270014210525294,3835,"['27_lag_nchinaPRjja', '27_lag_alpi', '35_lag_eapPSLjfm', '48_lag_nchinaPRjja', '54_lag_nchinaPRjja', '39_lag_traWP']","[0.09543712260866008, 0.0945594873212131, 0.15922271144706765, 0.06912130076682324, 0.08853809983108443, 0.12124818684546963]","27_lag_nchinaPRjja, 27_lag_alpi, 35_lag_eapPSLjfm, 48_lag_nchinaPRjja, 54_lag_nchinaPRjja, 39_lag_traWP_3835_27"
LinearRegression,43,6,traCA,slow,1557.5,2005.5,0.8,58,28,33,14.225598193415875,0.23646855552101942,3835,"['33_lag_pdoSSTjfm', '37_lag_traWP', '54_lag_nchinaPRjja', '42_lag_tripol3', '39_lag_traWP', '48_lag_nchinaPRjja']","[0.15972968503490742, 0.06841986055444155, 0.11117964613859091, 0.222516033633954, 0.09997825816917254, 0.07056547061197285]","33_lag_pdoSSTjfm, 37_lag_traWP, 54_lag_nchinaPRjja, 42_lag_tripol3, 39_lag_traWP, 48_lag_nchinaPRjja_3835_33"
LinearRegression,44,6,traCA,slow,1558.5,2005.5,0.8,59,29,39,14.678190161751456,0.049856736036374014,3835,"['57_lag_stratZ50ndj03', '45_lag_shSICsep', '42_lag_tripol3', '39_lag_traWP', '58_lag_stratZ50ndj01', '48_lag_nchinaPRjja']","[0.05843961659548049, 0.07394818025591605, 0.2369644770147732, 0.08807326413238727, 0.09719009715610423, 0.06250805544695734]","57_lag_stratZ50ndj03, 45_lag_shSICsep, 42_lag_tripol3, 39_lag_traWP, 58_lag_stratZ50ndj01, 48_lag_nchinaPRjja_3835_39"
LinearRegression,45,6,traCA,slow,1559.5,2005.5,0.8,60,30,37,15.330918130970682,-0.18690133753220536,3835,"['48_lag_nchinaPRjja', '45_lag_shSICsep', '37_lag_traWP', '39_lag_traWP', '58_lag_stratZ50ndj01', '59_lag_nchinaPRjja']","[0.0628064071663079, 0.07400237845503681, 0.05844314697295032, 0.10718565648732051, 0.09210100256675202, 0.09561112544614031]","48_lag_nchinaPRjja, 45_lag_shSICsep, 37_lag_traWP, 39_lag_traWP, 58_lag_stratZ50ndj01, 59_lag_nchinaPRjja_3835_37"
LinearRegression,46,6,traCA,slow,1560.5,2005.5,0.8,61,31,39,15.911090932900482,-0.29441826512973013,3835,"['48_lag_shSICsep', '48_lag_nchinaPRjja', '52_lag_nchinaPRjja', '58_lag_stratZ50ndj01', '39_lag_traWP', '59_lag_nchinaPRjja']","[0.17444132354348182, 0.058173045969695525, 0.11127864290532334, 0.10857715045152638, 0.08501231296761969, 0.09912512885056253]","48_lag_shSICsep, 48_lag_nchinaPRjja, 52_lag_nchinaPRjja, 58_lag_stratZ50ndj01, 39_lag_traWP, 59_lag_nchinaPRjja_3835_39"
LinearRegression,47,6,traCA,slow,1561.5,2005.5,0.8,62,32,37,15.770331813320134,-0.2593690953262495,3835,"['48_lag_shSICsep', '48_lag_nchinaPRjja', '37_lag_traWP', '58_lag_stratZ50ndj01', '39_lag_traWP', '59_lag_nchinaPRjja']","[0.1710014369707097, 0.06327996074023742, 0.07569071866857521, 0.10473161844860135, 0.10738938190938101, 0.09422335994335193]","48_lag_shSICsep, 48_lag_nchinaPRjja, 37_lag_traWP, 58_lag_stratZ50ndj01, 39_lag_traWP, 59_lag_nchinaPRjja_3835_37"
LinearRegression,48,6,traCA,slow,1562.5,2005.5,0.8,63,33,33,14.87714569105032,0.035432258169326214,3835,"['54_lag_nchinaPRjja', '58_lag_stratZ50ndj01', '33_lag_pdoSSTjfm', '39_lag_traWP', '59_lag_nchinaPRjja', '48_lag_nchinaPRjja']","[0.1052819489504706, 0.07649654814115105, 0.1745220685810288, 0.1097277215167302, 0.10235128095446766, 0.05724618008072656]","54_lag_nchinaPRjja, 58_lag_stratZ50ndj01, 33_lag_pdoSSTjfm, 39_lag_traWP, 59_lag_nchinaPRjja, 48_lag_nchinaPRjja_3835_33"
LinearRegression,49,6,traCA,slow,1563.5,2005.5,0.8,64,34,36,15.766623968888227,-0.21952953906758044,3835,"['36_lag_stratZ50ndj02', '58_lag_shSICsep', '59_lag_nchinaPRjja', '48_lag_nchinaPRjja', '58_lag_stratZ50ndj01', '39_lag_traWP']","[0.06331068549527775, 0.2008220417487629, 0.10767729920088945, 0.047677781372344186, 0.09349972238996535, 0.11772563864120947]","36_lag_stratZ50ndj02, 58_lag_shSICsep, 59_lag_nchinaPRjja, 48_lag_nchinaPRjja, 58_lag_stratZ50ndj01, 39_lag_traWP_3835_36"
LinearRegression,50,6,traCA,slow,1564.5,2005.5,0.8,65,35,39,16.18626249081335,-0.20100387465152064,3835,"['46_lag_nchinaPRjja', '48_lag_shSICsep', '58_lag_shSICsep', '48_lag_nchinaPRjja', '39_lag_traWP', '58_lag_stratZ50ndj01']","[0.09456667484145047, 0.1335128185488985, 0.17449963500866517, 0.06520930095166372, 0.10799421150872529, 0.12021726205885387]","46_lag_nchinaPRjja, 48_lag_shSICsep, 58_lag_shSICsep, 48_lag_nchinaPRjja, 39_lag_traWP, 58_lag_stratZ50ndj01_3835_39"
LinearRegression,51,6,traCA,slow,1565.5,2005.5,0.8,66,36,39,14.91056490532163,0.031037818363429923,3835,"['40_lag_tripol3', '46_lag_nchinaPRjja', '39_lag_traWP', '48_lag_shSICsep', '58_lag_stratZ50ndj01', '48_lag_nchinaPRjja']","[0.2889267076768454, 0.10291362176763197, 0.1153749574682493, 0.1408808377208413, 0.11653042640709355, 0.08247319845913283]","40_lag_tripol3, 46_lag_nchinaPRjja, 39_lag_traWP, 48_lag_shSICsep, 58_lag_stratZ50ndj01, 48_lag_nchinaPRjja_3835_39"
LinearRegression,52,6,traCA,slow,1566.5,2005.5,0.8,67,37,40,14.572473021961736,0.08246315431276335,3835,"['42_lag_eurPSLjfm', '46_lag_nchinaPRjja', '40_lag_tripol3', '52_lag_nchinaPRjja', '58_lag_stratZ50ndj01', '48_lag_nchinaPRjja']","[0.12843016795165837, 0.11197755466441033, 0.29083892088508806, 0.12900434871534194, 0.11098782740040875, 0.07939293430568486]","42_lag_eurPSLjfm, 46_lag_nchinaPRjja, 40_lag_tripol3, 52_lag_nchinaPRjja, 58_lag_stratZ50ndj01, 48_lag_nchinaPRjja_3835_40"
LinearRegression,53,6,traCA,slow,1567.5,2005.5,0.8,68,38,44,15.855359761615773,-0.17955587763295477,3835,"['58_lag_shSICsep', '46_lag_nchinaPRjja', '44_lag_eapPSLjfm', '48_lag_nchinaPRjja', '58_lag_stratZ50ndj01', '52_lag_nchinaPRjja']","[0.1699250399441945, 0.09094260233629195, 0.18832167169700423, 0.06229634841689914, 0.10446850884182121, 0.11575269399690831]","58_lag_shSICsep, 46_lag_nchinaPRjja, 44_lag_eapPSLjfm, 48_lag_nchinaPRjja, 58_lag_stratZ50ndj01, 52_lag_nchinaPRjja_3835_44"
LinearRegression,54,6,traCA,slow,1568.5,2005.5,0.8,69,39,39,15.836449123777895,-0.17031024626771926,3835,"['46_lag_nchinaPRjja', '58_lag_shSICsep', '44_lag_eapPSLjfm', '39_lag_traWP', '58_lag_stratZ50ndj01', '52_lag_nchinaPRjja']","[0.09017878562930437, 0.1756053340119603, 0.19276385263600443, 0.09355523460761443, 0.11150158510163216, 0.11071163605864925]","46_lag_nchinaPRjja, 58_lag_shSICsep, 44_lag_eapPSLjfm, 39_lag_traWP, 58_lag_stratZ50ndj01, 52_lag_nchinaPRjja_3835_39"
LinearRegression,55,6,traCA,slow,1569.5,2005.5,0.8,70,40,40,15.014236496878626,-0.09950998942242598,3835,"['58_lag_alpi', '48_lag_traFS', '58_lag_shSICsep', '40_lag_tripol3', '58_lag_stratZ50ndj01', '52_lag_nchinaPRjja']","[0.061593786865198376, 0.12522482425354994, 0.1655974156939911, 0.24921778498211952, 0.09728312476310702, 0.13101085864431544]","58_lag_alpi, 48_lag_traFS, 58_lag_shSICsep, 40_lag_tripol3, 58_lag_stratZ50ndj01, 52_lag_nchinaPRjja_3835_40"
LinearRegression,56,6,traCA,slow,1570.5,2005.5,0.8,71,41,44,16.068866509852395,-0.28905228948973005,3835,"['70_lag_alpi', '44_lag_eapPSLjfm', '70_lag_stratZ50ndj01', '58_lag_shSICsep', '58_lag_stratZ50ndj01', '52_lag_nchinaPRjja']","[0.06466065019008574, 0.20431876452701003, 0.09890965008299049, 0.1772006480755911, 0.10082689084426902, 0.10287485056560022]","70_lag_alpi, 44_lag_eapPSLjfm, 70_lag_stratZ50ndj01, 58_lag_shSICsep, 58_lag_stratZ50ndj01, 52_lag_nchinaPRjja_3835_44"
LinearRegression,57,6,traCA,slow,1571.5,2005.5,0.8,72,42,48,15.867474402301202,-0.37058830892654193,3835,"['70_lag_stratZ50ndj01', '48_lag_shSICsep', '58_lag_shSICsep', '59_lag_nchinaPRjja', '52_lag_nchinaPRjja', '58_lag_stratZ50ndj01']","[0.07726538882440062, 0.14188477035843586, 0.18297942705503478, 0.12133659337112451, 0.1092671246980308, 0.09937562252285487]","70_lag_stratZ50ndj01, 48_lag_shSICsep, 58_lag_shSICsep, 59_lag_nchinaPRjja, 52_lag_nchinaPRjja, 58_lag_stratZ50ndj01_3835_48"
LinearRegression,58,6,traCA,slow,1572.5,2005.5,0.8,73,43,48,16.21912863357951,-0.33966748255943935,3835,"['48_lag_shSICsep', '52_lag_nchinaPRjja', '59_lag_nchinaPRjja', '51_lag_eurPSLjfm', '58_lag_shSICsep', '58_lag_stratZ50ndj01']","[0.13983362716168446, 0.12498687857573952, 0.10575911227344695, 0.1611225746077614, 0.18682571733142628, 0.11179196152810612]","48_lag_shSICsep, 52_lag_nchinaPRjja, 59_lag_nchinaPRjja, 51_lag_eurPSLjfm, 58_lag_shSICsep, 58_lag_stratZ50ndj01_3835_48"
LinearRegression,59,6,traCA,slow,1573.5,2005.5,0.8,74,44,44,16.2253047529887,-0.17538982243549478,3835,"['71_lag_traWP', '48_lag_shSICsep', '52_lag_nchinaPRjja', '58_lag_shSICsep', '44_lag_eapPSLjfm', '58_lag_stratZ50ndj01']","[0.18913934428996945, 0.1555073668056596, 0.116879499177964, 0.17067533950273778, 0.1953495100903654, 0.12405748759671184]","71_lag_traWP, 48_lag_shSICsep, 52_lag_nchinaPRjja, 58_lag_shSICsep, 44_lag_eapPSLjfm, 58_lag_stratZ50ndj01_3835_44"
LinearRegression,60,6,traCA,slow,1574.5,2005.5,0.8,75,45,48,15.907887758677106,-0.2113437469830789,3835,"['71_lag_traWP', '48_lag_nchinaPRjja', '51_lag_eurPSLjfm', '58_lag_shSICsep', '58_lag_stratZ50ndj01', '52_lag_nchinaPRjja']","[0.16142138438715664, 0.044402811536122716, 0.15476629815683143, 0.19718712755424106, 0.10874039094642685, 0.11070795663283771]","71_lag_traWP, 48_lag_nchinaPRjja, 51_lag_eurPSLjfm, 58_lag_shSICsep, 58_lag_stratZ50ndj01, 52_lag_nchinaPRjja_3835_48"
LinearRegression,61,6,traCA,slow,1575.5,2005.5,0.8,76,46,48,15.901841535073554,-0.21767249064626934,3835,"['71_lag_traWP', '48_lag_nchinaPRjja', '51_lag_eurPSLjfm', '57_lag_nchinaPRjja', '58_lag_stratZ50ndj01', '58_lag_shSICsep']","[0.16527176369295524, 0.04460438720490123, 0.14354615331038026, 0.0756201846506063, 0.10587250404901385, 0.20976682115627188]","71_lag_traWP, 48_lag_nchinaPRjja, 51_lag_eurPSLjfm, 57_lag_nchinaPRjja, 58_lag_stratZ50ndj01, 58_lag_shSICsep_3835_48"
LinearRegression,62,6,traCA,slow,1576.5,2005.5,0.8,77,47,52,16.046510288588568,-0.28678781708663476,3835,"['57_lag_nchinaPRjja', '52_lag_nchinaPRjja', '71_lag_traWP', '75_lag_nchinaPRjja', '58_lag_stratZ50ndj01', '58_lag_shSICsep']","[0.10001233869507518, 0.11149473110099536, 0.16717451437495265, 0.09109147322266953, 0.10848489350498275, 0.2046411081450306]","57_lag_nchinaPRjja, 52_lag_nchinaPRjja, 71_lag_traWP, 75_lag_nchinaPRjja, 58_lag_stratZ50ndj01, 58_lag_shSICsep_3835_52"
LinearRegression,63,6,traCA,slow,1577.5,2005.5,0.8,78,48,48,15.846008110572019,-0.2801992678723367,3835,"['73_lag_nchinaPRjja', '52_lag_nchinaPRjja', '58_lag_stratZ50ndj01', '48_lag_shSICsep', '58_lag_shSICsep', '48_lag_nchinaPRjja']","[0.025494629748154925, 0.1144292956896159, 0.12489388926014379, 0.13195242344689312, 0.17277587904136624, 0.05423513692077299]","73_lag_nchinaPRjja, 52_lag_nchinaPRjja, 58_lag_stratZ50ndj01, 48_lag_shSICsep, 58_lag_shSICsep, 48_lag_nchinaPRjja_3835_48"
LinearRegression,64,6,traCA,slow,1578.5,2005.5,0.8,79,49,52,15.816127544786749,-0.25306152255978187,3835,"['76_lag_ismPRjja', '52_lag_nchinaPRjja', '59_lag_nchinaPRjja', '58_lag_stratZ50ndj01', '60_lag_yrvPRjja', '58_lag_shSICsep']","[0.05005141973718673, 0.1061556188725391, 0.11557719552505691, 0.10690921595411687, 0.1633470790568748, 0.19222699443542857]","76_lag_ismPRjja, 52_lag_nchinaPRjja, 59_lag_nchinaPRjja, 58_lag_stratZ50ndj01, 60_lag_yrvPRjja, 58_lag_shSICsep_3835_52"
LinearRegression,65,6,traCA,slow,1579.5,2005.5,0.8,80,50,57,15.915521317063154,-0.2063686040651934,3835,"['73_lag_nchinaPRjja', '78_lag_traBS', '59_lag_nchinaPRjja', '57_lag_nchinaPRjja', '60_lag_yrvPRjja', '58_lag_shSICsep']","[0.04122692208703773, 0.061524168606289224, 0.13028282182447734, 0.0893903840084904, 0.1672745431975648, 0.1962420461955423]","73_lag_nchinaPRjja, 78_lag_traBS, 59_lag_nchinaPRjja, 57_lag_nchinaPRjja, 60_lag_yrvPRjja, 58_lag_shSICsep_3835_57"
LinearRegression,66,6,traCA,slow,1580.5,2005.5,0.8,81,51,51,16.30003982303956,-0.2498931872710908,3835,"['76_lag_ismPRjja', '60_lag_yrvPRjja', '70_lag_alpi', '59_lag_nchinaPRjja', '51_lag_eurPSLjfm', '58_lag_shSICsep']","[0.043689063507332544, 0.15636883799059192, 0.05896657237307759, 0.1187758101342278, 0.15251280658765143, 0.19318991592684953]","76_lag_ismPRjja, 60_lag_yrvPRjja, 70_lag_alpi, 59_lag_nchinaPRjja, 51_lag_eurPSLjfm, 58_lag_shSICsep_3835_51"
LinearRegression,67,6,traCA,slow,1581.5,2005.5,0.8,82,52,52,15.801245284539519,-0.16540816041685769,3835,"['59_lag_nchinaPRjja', '71_lag_traWP', '75_lag_nchinaPRjja', '60_lag_yrvPRjja', '76_lag_ismPRjja', '52_lag_nchinaPRjja']","[0.12939902977722287, 0.19565407973149507, 0.08725865534841182, 0.16629731020697702, 0.04123191962045858, 0.09878765169040199]","59_lag_nchinaPRjja, 71_lag_traWP, 75_lag_nchinaPRjja, 60_lag_yrvPRjja, 76_lag_ismPRjja, 52_lag_nchinaPRjja_3835_52"
LinearRegression,68,6,traCA,slow,1582.5,2005.5,0.8,83,53,59,15.86409706488827,-0.18341570559449666,3835,"['77_lag_traEU', '60_lag_yrvPRjja', '59_lag_nchinaPRjja', '75_lag_nchinaPRjja', '71_lag_traWP', '76_lag_ismPRjja']","[0.19867223690295185, 0.17802645441563064, 0.1289134188189423, 0.08454102946081196, 0.2163260273271802, 0.024085638072015025]","77_lag_traEU, 60_lag_yrvPRjja, 59_lag_nchinaPRjja, 75_lag_nchinaPRjja, 71_lag_traWP, 76_lag_ismPRjja_3835_59"
LinearRegression,69,6,traCA,slow,1583.5,2005.5,0.8,84,54,59,15.673783202529394,-0.12449013087369802,3835,"['73_lag_nchinaPRjja', '60_lag_yrvPRjja', '76_lag_ismPRjja', '59_lag_nchinaPRjja', '75_lag_nchinaPRjja', '71_lag_traWP']","[0.05663082505826806, 0.1878108880632245, 0.038460863333047726, 0.1326379748321323, 0.09443385194116063, 0.20448314774992088]","73_lag_nchinaPRjja, 60_lag_yrvPRjja, 76_lag_ismPRjja, 59_lag_nchinaPRjja, 75_lag_nchinaPRjja, 71_lag_traWP_3835_59"
LinearRegression,70,6,traCA,slow,1584.5,2005.5,0.8,85,55,59,15.510673604396015,-0.08358647752628076,3835,"['71_lag_traWP', '71_lag_mhfIP30', '59_lag_nchinaPRjja', '76_lag_ismPRjja', '60_lag_yrvPRjja', '75_lag_nchinaPRjja']","[0.2096584945266483, 0.16571020308222517, 0.12324095700167106, 0.034741023616036176, 0.17651231961008432, 0.07485547436137792]","71_lag_traWP, 71_lag_mhfIP30, 59_lag_nchinaPRjja, 76_lag_ismPRjja, 60_lag_yrvPRjja, 75_lag_nchinaPRjja_3835_59"
LinearRegression,71,6,traCA,slow,1585.5,2005.5,0.8,86,56,59,15.711280126791666,-0.18845773508843744,3835,"['76_lag_ismPRjja', '75_lag_nchinaPRjja', '59_lag_nchinaPRjja', '71_lag_mhfIP30', '60_lag_yrvPRjja', '77_lag_traEU']","[0.030157000281878354, 0.07403754539535623, 0.10970911698090309, 0.14807546593167564, 0.1838407048411068, 0.18160060840233327]","76_lag_ismPRjja, 75_lag_nchinaPRjja, 59_lag_nchinaPRjja, 71_lag_mhfIP30, 60_lag_yrvPRjja, 77_lag_traEU_3835_59"
LinearRegression,72,6,traCA,slow,1586.5,2005.5,0.8,87,57,59,16.705817947692672,-0.2838660122809022,3835,"['80_lag_traDS', '71_lag_mhfIP30', '60_lag_yrvPRjja', '59_lag_nchinaPRjja', '77_lag_traEU', '86_lag_shSICmar']","[0.3205308929896635, 0.1823293791944044, 0.20443164701669989, 0.09791413928518397, 0.18445883723240653, 0.17933327389444587]","80_lag_traDS, 71_lag_mhfIP30, 60_lag_yrvPRjja, 59_lag_nchinaPRjja, 77_lag_traEU, 86_lag_shSICmar_3835_59"
LinearRegression,73,6,traCA,slow,1587.5,2005.5,0.8,88,58,58,17.094335690486293,-0.36912494114687067,3835,"['70_lag_alpi', '86_lag_shSICmar', '71_lag_traWP', '80_lag_traDS', '77_lag_traEU', '58_lag_shSICsep']","[0.05367663396447732, 0.18652521825824628, 0.16390791984232808, 0.26799310527326886, 0.2005104595725848, 0.229056367226611]","70_lag_alpi, 86_lag_shSICmar, 71_lag_traWP, 80_lag_traDS, 77_lag_traEU, 58_lag_shSICsep_3835_58"
LinearRegression,74,6,traCA,slow,1588.5,2005.5,0.8,89,59,59,17.19634276817124,-0.3749451515248742,3835,"['80_lag_traDS', '71_lag_traWP', '77_lag_traEU', '70_lag_alpi', '75_lag_nchinaPRjja', '59_lag_nchinaPRjja']","[0.24091065865073308, 0.16526499641978887, 0.2098433797431939, 0.08158060466503923, 0.087884052671127, 0.1314399893140674]","80_lag_traDS, 71_lag_traWP, 77_lag_traEU, 70_lag_alpi, 75_lag_nchinaPRjja, 59_lag_nchinaPRjja_3835_59"
LinearRegression,75,6,traCA,slow,1589.5,2005.5,0.8,90,60,60,16.325884407319375,-0.18433799998827363,3835,"['86_lag_shSICmar', '80_lag_traDS', '70_lag_alpi', '60_lag_yrvPRjja', '60_lag_ismPRjja', '60_lag_shSICmar']","[0.1919988863959122, 0.268605175370078, 0.050889813198045, 0.17638660772656223, 0.04416287230599591, 0.1698505159941371]","86_lag_shSICmar, 80_lag_traDS, 70_lag_alpi, 60_lag_yrvPRjja, 60_lag_ismPRjja, 60_lag_shSICmar_3835_60"
LinearRegression,76,6,traCA,slow,1590.5,2005.5,0.8,91,61,70,16.465729033333684,-0.2715836795295106,3835,"['77_lag_traEU', '80_lag_traDS', '70_lag_alpi', '76_lag_traIT', '78_lag_ismPRjja', '73_lag_nchinaPRjja']","[0.17923505919754912, 0.240817327488098, 0.06925866091614188, 0.21769942224759822, 0.13455124946532288, 0.04593880820039561]","77_lag_traEU, 80_lag_traDS, 70_lag_alpi, 76_lag_traIT, 78_lag_ismPRjja, 73_lag_nchinaPRjja_3835_70"
LinearRegression,77,6,traCA,slow,1591.5,2005.5,0.8,92,62,70,15.877988907172318,-0.2787544346466478,3835,"['87_lag_stratZ50ndj02', '80_lag_traDS', '75_lag_nchinaPRjja', '70_lag_alpi', '78_lag_ismPRjja', '73_lag_nchinaPRjja']","[0.03234824106040658, 0.24753367813876634, 0.08207109758162867, 0.07992454072598265, 0.17388591013041113, 0.05062804247435351]","87_lag_stratZ50ndj02, 80_lag_traDS, 75_lag_nchinaPRjja, 70_lag_alpi, 78_lag_ismPRjja, 73_lag_nchinaPRjja_3835_70"
LinearRegression,78,6,traCA,slow,1592.5,2005.5,0.8,93,63,70,15.725815163249964,-0.0693916013111928,3835,"['77_lag_traEU', '71_lag_traWP', '79_lag_traTLS', '70_lag_alpi', '87_lag_stratZ50ndj02', '78_lag_ismPRjja']","[0.17356763228447372, 0.20774809621357182, 0.0385499963333866, 0.090011084447333, 0.04044346343484882, 0.14415458169193573]","77_lag_traEU, 71_lag_traWP, 79_lag_traTLS, 70_lag_alpi, 87_lag_stratZ50ndj02, 78_lag_ismPRjja_3835_70"
LinearRegression,79,6,traCA,slow,1593.5,2005.5,0.8,94,64,71,14.693437028026429,0.21206408095033075,3835,"['71_lag_traWP', '77_lag_yrvPRjja', '77_lag_traEU', '93_lag_nppc2SSTjfm', '87_lag_stratZ50ndj02', '78_lag_ismPRjja']","[0.218481511778165, 0.11482469638978854, 0.16094221497807748, 0.28356073667703796, 0.05196829525605283, 0.16210076410900962]","71_lag_traWP, 77_lag_yrvPRjja, 77_lag_traEU, 93_lag_nppc2SSTjfm, 87_lag_stratZ50ndj02, 78_lag_ismPRjja_3835_71"
LinearRegression,80,6,traCA,slow,1594.5,2005.5,0.8,95,65,73,15.19429996751026,-0.04126069591992008,3835,"['73_lag_nchinaPRjja', '77_lag_traEU', '87_lag_stratZ50ndj02', '77_lag_yrvPRjja', '78_lag_ismPRjja', '89_lag_yrvPRjja']","[0.022226048108559483, 0.15013449268255785, 0.01898392756305857, 0.09141072709415168, 0.13633242525568823, 0.1535726573436548]","73_lag_nchinaPRjja, 77_lag_traEU, 87_lag_stratZ50ndj02, 77_lag_yrvPRjja, 78_lag_ismPRjja, 89_lag_yrvPRjja_3835_73"
LinearRegression,81,6,traCA,slow,1595.5,2005.5,0.8,96,66,66,15.732047425617592,-0.09720932112075445,3835,"['66_lag_traCA', '78_lag_ismPRjja', '94_lag_nchinaPRjja', '77_lag_yrvPRjja', '77_lag_traEU', '89_lag_yrvPRjja']","[0.09757877903514205, 0.13959819539600773, 0.08171811927438462, 0.0856980226584501, 0.15870485149879043, 0.1562674899414086]","66_lag_traCA, 78_lag_ismPRjja, 94_lag_nchinaPRjja, 77_lag_yrvPRjja, 77_lag_traEU, 89_lag_yrvPRjja_3835_66"
LinearRegression,82,6,traCA,slow,1596.5,2005.5,0.8,97,67,77,15.900993904627768,-0.11753179248878796,3835,"['77_lag_traEU', '78_lag_ismPRjja', '77_lag_yrvPRjja', '86_lag_traBS', '89_lag_yrvPRjja', '94_lag_nchinaPRjja']","[0.15832513322080854, 0.12238164374039377, 0.07891432803080631, 0.20320442837196503, 0.16766734728345453, 0.08796927518009218]","77_lag_traEU, 78_lag_ismPRjja, 77_lag_yrvPRjja, 86_lag_traBS, 89_lag_yrvPRjja, 94_lag_nchinaPRjja_3835_77"
LinearRegression,83,6,traCA,slow,1597.5,2005.5,0.8,98,68,77,15.761023388381357,-0.07324200791658794,3835,"['82_lag_tripol3', '77_lag_yrvPRjja', '78_lag_ismPRjja', '95_lag_yrvPRjja', '86_lag_traBS', '94_lag_nchinaPRjja']","[0.21697019005760923, 0.10770212545327582, 0.17904099868513762, 0.17494823724184094, 0.19062453589056463, 0.0830658147069824]","82_lag_tripol3, 77_lag_yrvPRjja, 78_lag_ismPRjja, 95_lag_yrvPRjja, 86_lag_traBS, 94_lag_nchinaPRjja_3835_77"
LinearRegression,84,6,traCA,slow,1598.5,2005.5,0.8,99,69,69,15.57595097475402,-0.07252760232228243,3835,"['76_lag_traIT', '86_lag_traBS', '95_lag_yrvPRjja', '69_lag_nchinaPRjja', '78_lag_ismPRjja', '94_lag_nchinaPRjja']","[0.257817141140168, 0.19408967966081547, 0.1679175558114588, 0.03257342221911419, 0.18539873826503878, 0.06826904622354757]","76_lag_traIT, 86_lag_traBS, 95_lag_yrvPRjja, 69_lag_nchinaPRjja, 78_lag_ismPRjja, 94_lag_nchinaPRjja_3835_69"
LinearRegression,85,6,traCA,slow,1599.5,2005.5,0.8,100,70,77,15.59878218717813,-0.038005027146309885,3835,"['77_lag_traEU', '89_lag_yrvPRjja', '79_lag_ginwSSTjfm', '95_lag_yrvPRjja', '78_lag_ismPRjja', '94_lag_nchinaPRjja']","[0.13775085414861937, 0.1784633685169411, 0.13231151700054372, 0.14499544973323406, 0.1422920170408913, 0.08627153277732284]","77_lag_traEU, 89_lag_yrvPRjja, 79_lag_ginwSSTjfm, 95_lag_yrvPRjja, 78_lag_ismPRjja, 94_lag_nchinaPRjja_3835_77"
