model,num_irrelevant,max_allowed_features,target_feature,dataset,year_start,year_end,splitsize,max_lag,init_lag,max_forecast,mae_score,corr_score,n_total_features,selected_feature_list,feature_importances,selected_features
LinearRegression,0,30,ensoSSTjfm,slow,866.5,2005.5,0.6,15,5,5,12.242809089301412,-0.005352480997794845,1235,"['9_lag_nppc3SSTjfm', '14_lag_amo1', '5_lag_8_median_alpi', '5_lag_10_median_stratZ50ndj01', '5_lag_10_median_traTLS', '9_lag_wnorPRjfm', '5_lag_9_median_mhfIP30', '5_lag_10_median_nchinaPRjja', '5_lag_14_median_gyreSSTjfm', '5_lag_10_median_traEC', '11_lag_arcTSjfm', '5_lag_14_median_traEC', '13_lag_amo1', '9_lag_cetTSjfm', '5_lag_13_median_stratZ50ndj01', '5_lag_10_median_atlSICsep', '5_lag_8_median_stratZ50ndj01', '5_lag_8_median_AMOCann', '5_lag_11_median_alpi', '5_lag_9_median_ginwSSTjfm', '5_lag_10_median_ormenSSTjfm', '5_lag_8_median_amo1', '5_lag_14_median_naoPSLjfm', '5_lag_10_median_traFS', '14_lag_glomaSSTjfm', '5_lag_9_median_eurPSLjfm', '5_lag_8_median_traBS', '5_lag_10_median_mhfATL60', '5_lag_10_median_traWP', '5_lag_12_median_traFB']","[0.022199144550793602, 0.16379746010263707, 0.04453407361683262, 0.024211658665337574, 0.10780914206759401, 0.07613848875125666, 0.05934165866475055, 0.06118735764035448, 0.07336911216923349, 0.120475508446307, 0.003434289373250446, 0.0789948775250082, 0.0370645353459655, 0.1274391914996733, 0.07446933872596512, 0.01278604484314654, 0.021359297092789022, 0.06796461694132697, 0.0529757195352439, 0.009722711319826584, 0.012512556948406143, 0.033040069554268886, 0.16026817822780068, 0.05799336736909334, 0.010309339164301257, 0.007414471215431366, 0.036262871201618495, 0.016888044823150365, 0.03443562038475089, 0.006199478318856301]","9_lag_nppc3SSTjfm, 14_lag_amo1, 5_lag_8_median_alpi, 5_lag_10_median_stratZ50ndj01, 5_lag_10_median_traTLS, 9_lag_wnorPRjfm, 5_lag_9_median_mhfIP30, 5_lag_10_median_nchinaPRjja, 5_lag_14_median_gyreSSTjfm, 5_lag_10_median_traEC, 11_lag_arcTSjfm, 5_lag_14_median_traEC, 13_lag_amo1, 9_lag_cetTSjfm, 5_lag_13_median_stratZ50ndj01, 5_lag_10_median_atlSICsep, 5_lag_8_median_stratZ50ndj01, 5_lag_8_median_AMOCann, 5_lag_11_median_alpi, 5_lag_9_median_ginwSSTjfm, 5_lag_10_median_ormenSSTjfm, 5_lag_8_median_amo1, 5_lag_14_median_naoPSLjfm, 5_lag_10_median_traFS, 14_lag_glomaSSTjfm, 5_lag_9_median_eurPSLjfm, 5_lag_8_median_traBS, 5_lag_10_median_mhfATL60, 5_lag_10_median_traWP, 5_lag_12_median_traFB_1235_5"
LinearRegression,1,30,ensoSSTjfm,slow,867.5,2005.5,0.6,16,6,6,13.009586151318317,-0.1512088002601897,1235,"['6_lag_9_median_glTSjfm', '6_lag_12_median_traCA', '6_lag_11_median_traWP', '6_lag_9_median_shTSjfm', '13_lag_ginwSSTjfm', '8_lag_arcTSjfm', '6_lag_11_median_stratZ50ndj03', '9_lag_mhfATL60', '9_lag_ormenSSTjfm', '6_lag_15_median_nppc2SSTjfm', '8_lag_pdoSSTjfm', '6_lag_11_median_stratZ50ndj01', '8_lag_traDP', '9_lag_labSSTjfm', '13_lag_traFSC', '13_lag_traIFC', '6_lag_15_median_satlSSTjfm', '6_lag_11_median_mhfATL45', '6_lag_11_median_amoSSTmjjaso', '6_lag_9_median_stratZ50ndj01', '6_lag_13_median_traIFC', '6_lag_11_median_satlSSTjfm', '6_lag_12_median_stratZ50ndj01', '6_lag_13_median_traCA', '6_lag_9_median_mhfATL60', '6_lag_15_median_traWP', '10_lag_traDP', '6_lag_10_median_atlSICsep', '15_lag_traDP', '14_lag_glomaSSTjfm']","[0.15754170389048014, 0.3481012529144696, 0.017190222230825405, 0.22446517286386708, 0.12390193308698913, 0.1128821467858966, 0.03389151771075326, 0.1005767362745743, 0.06825322166512696, 0.1359056948086713, 0.012992749378143136, 0.14452050203071876, 0.11095566545897201, 0.05651783724005038, 0.12120082650287704, 0.011847309739927753, 0.2584458630535742, 0.18442358305222342, 0.06051844056532665, 0.20008132965437136, 0.021724735670484954, 0.1466495332819908, 0.012405058313231727, 0.25139421260923955, 0.03125111970970823, 0.2483553375656606, 0.090563525646892, 0.033669781975302765, 0.18450113372681226, 0.11831387719393037]","6_lag_9_median_glTSjfm, 6_lag_12_median_traCA, 6_lag_11_median_traWP, 6_lag_9_median_shTSjfm, 13_lag_ginwSSTjfm, 8_lag_arcTSjfm, 6_lag_11_median_stratZ50ndj03, 9_lag_mhfATL60, 9_lag_ormenSSTjfm, 6_lag_15_median_nppc2SSTjfm, 8_lag_pdoSSTjfm, 6_lag_11_median_stratZ50ndj01, 8_lag_traDP, 9_lag_labSSTjfm, 13_lag_traFSC, 13_lag_traIFC, 6_lag_15_median_satlSSTjfm, 6_lag_11_median_mhfATL45, 6_lag_11_median_amoSSTmjjaso, 6_lag_9_median_stratZ50ndj01, 6_lag_13_median_traIFC, 6_lag_11_median_satlSSTjfm, 6_lag_12_median_stratZ50ndj01, 6_lag_13_median_traCA, 6_lag_9_median_mhfATL60, 6_lag_15_median_traWP, 10_lag_traDP, 6_lag_10_median_atlSICsep, 15_lag_traDP, 14_lag_glomaSSTjfm_1235_6"
LinearRegression,2,30,ensoSSTjfm,slow,868.5,2005.5,0.6,17,7,7,12.602693076959136,-0.010616873897589361,1235,"['7_lag_14_median_traTLS', '13_lag_amoSSTmjjaso', '9_lag_pdoSSTjfm', '7_lag_14_median_traDP', '7_lag_12_median_nhTSjfm', '11_lag_traWP', '7_lag_14_median_amo3', '7_lag_10_median_tripol1', '7_lag_12_median_neurTSjfm', '9_lag_traDP', '7_lag_13_median_ismPRjja', '7_lag_16_median_traFB', '7_lag_12_median_traIFC', '14_lag_nhTSjfm', '10_lag_tripol1', '7_lag_12_median_mhfIP30', '7_lag_13_median_traIFC', '14_lag_amo1', '7_lag_16_median_naoPSLjfm', '14_lag_tripol1', '9_lag_wnorPRjfm', '16_lag_AMOCann', '7_lag_14_median_traCA', '7_lag_11_median_neurTSjfm', '13_lag_traIFC', '7_lag_15_median_satlSSTjfm', '7_lag_ensoSSTjfm', '7_lag_14_median_traMC', '7_lag_10_median_nppc2SSTjfm', '15_lag_traDP']","[0.164445085084685, 0.08762412664270441, 0.008191406935192477, 0.4183936559666254, 0.07627437503415035, 0.0973379033841214, 0.08531021800894324, 0.07726612995704027, 0.045924611717307245, 0.17127145449755904, 0.034730242209064045, 0.06807755405061626, 0.3871882306197392, 0.0289749480111054, 0.011642844292587497, 0.08465505959281185, 0.42500431217336976, 0.18694590750972287, 0.014887482600224041, 0.04937898663446107, 0.016054241434458716, 0.002919565091448754, 0.06027672916844129, 0.03450070733011741, 0.0397516976069724, 0.1103312061935083, 0.032666281405495434, 0.11423677095224186, 0.08499077229384577, 0.22657086670140963]","7_lag_14_median_traTLS, 13_lag_amoSSTmjjaso, 9_lag_pdoSSTjfm, 7_lag_14_median_traDP, 7_lag_12_median_nhTSjfm, 11_lag_traWP, 7_lag_14_median_amo3, 7_lag_10_median_tripol1, 7_lag_12_median_neurTSjfm, 9_lag_traDP, 7_lag_13_median_ismPRjja, 7_lag_16_median_traFB, 7_lag_12_median_traIFC, 14_lag_nhTSjfm, 10_lag_tripol1, 7_lag_12_median_mhfIP30, 7_lag_13_median_traIFC, 14_lag_amo1, 7_lag_16_median_naoPSLjfm, 14_lag_tripol1, 9_lag_wnorPRjfm, 16_lag_AMOCann, 7_lag_14_median_traCA, 7_lag_11_median_neurTSjfm, 13_lag_traIFC, 7_lag_15_median_satlSSTjfm, 7_lag_ensoSSTjfm, 7_lag_14_median_traMC, 7_lag_10_median_nppc2SSTjfm, 15_lag_traDP_1235_7"
LinearRegression,3,30,ensoSSTjfm,slow,869.5,2005.5,0.6,18,8,8,11.952120410384923,0.1988820509608888,1235,"['8_lag_15_median_traEU', '8_lag_11_median_nppc2SSTjfm', '14_lag_mhfATL30', '8_lag_12_median_traTLS', '8_lag_13_median_traBO', '8_lag_16_median_naoPSLjfm', '14_lag_glomaSSTjfm', '8_lag_15_median_seurTSjfm', '8_lag_11_median_traBO', '8_lag_13_median_arcTSjfm', '8_lag_14_median_traIFC', '16_lag_glomaSSTjfm', '15_lag_cetTSjfm', '8_lag_11_median_neurTSjfm', '8_lag_13_median_traIFC', '8_lag_15_median_samPSLann', '8_lag_16_median_traTLS', '13_lag_traFSC', '8_lag_15_median_eurPSLjfm', '10_lag_cetTSjfm', '14_lag_tripol1', '8_lag_11_median_yrvPRjja', '13_lag_mhfATL60', '14_lag_AMOCann', '8_lag_16_median_yrvPRjja', '15_lag_traDP', '13_lag_traIFC', '8_lag_14_median_neurTSjfm', '8_lag_16_median_wnorPRjfm', '8_lag_11_median_amo1']","[0.02574665267564735, 0.04297491440766965, 0.10772515775946853, 0.08243737704623309, 0.017675613613510176, 0.006009982707871525, 0.08114976462117936, 0.0788557854661677, 0.061537417551866626, 0.08535464155235233, 0.1491409391095355, 0.06001925603259007, 0.007039945891301416, 0.03875338917104494, 0.09128168575370765, 0.11016800510535611, 0.02979363678033259, 0.07027527635461733, 0.059783885519651664, 0.07997349495566937, 0.061009956437433004, 0.04517476098944648, 0.01752699624881359, 0.040843989894938294, 0.002959061497678344, 0.017825520344193078, 0.019841763684514777, 0.10239173704562503, 0.1655479472896986, 0.05862280476369766]","8_lag_15_median_traEU, 8_lag_11_median_nppc2SSTjfm, 14_lag_mhfATL30, 8_lag_12_median_traTLS, 8_lag_13_median_traBO, 8_lag_16_median_naoPSLjfm, 14_lag_glomaSSTjfm, 8_lag_15_median_seurTSjfm, 8_lag_11_median_traBO, 8_lag_13_median_arcTSjfm, 8_lag_14_median_traIFC, 16_lag_glomaSSTjfm, 15_lag_cetTSjfm, 8_lag_11_median_neurTSjfm, 8_lag_13_median_traIFC, 8_lag_15_median_samPSLann, 8_lag_16_median_traTLS, 13_lag_traFSC, 8_lag_15_median_eurPSLjfm, 10_lag_cetTSjfm, 14_lag_tripol1, 8_lag_11_median_yrvPRjja, 13_lag_mhfATL60, 14_lag_AMOCann, 8_lag_16_median_yrvPRjja, 15_lag_traDP, 13_lag_traIFC, 8_lag_14_median_neurTSjfm, 8_lag_16_median_wnorPRjfm, 8_lag_11_median_amo1_1235_8"
LinearRegression,4,30,ensoSSTjfm,slow,870.5,2005.5,0.6,19,9,9,12.239739369495233,0.09582915745130256,1235,"['9_lag_16_median_mhfATL60', '11_lag_nhSICsep', '9_lag_16_median_traTLS', '9_lag_16_median_shSICmar', '9_lag_12_median_traDP', '14_lag_nhTSjfm', '15_lag_cetTSjfm', '9_lag_17_median_traTLS', '9_lag_15_median_atlSICsep', '14_lag_tripol1', '9_lag_16_median_ensoSSTjfm', '9_lag_16_median_eurPSLjfm', '9_lag_14_median_pdoSSTjfm', '9_lag_15_median_nchinaPRjja', '9_lag_18_median_shSICsep', '9_lag_12_median_tripol1', '12_lag_mhfATL45', '9_lag_13_median_wnorPRjfm', '9_lag_14_median_arcTSjfm', '9_lag_17_median_ismPRjja', '13_lag_traTLS', '9_lag_13_median_traEU', '13_lag_traIFC', '15_lag_traDP', '13_lag_mhfATL60', '9_lag_12_median_labSSTjfm', '9_lag_16_median_nhTSjfm', '9_lag_13_median_samPSLann', '9_lag_13_median_eurPSLjfm', '9_lag_13_median_traTLS']","[0.14599335341432923, 0.035819879768073985, 0.42788358596816145, 0.06921417296071729, 0.13732267051020997, 0.035313965268464614, 0.0181311599928997, 0.39088638181801205, 0.034369777939749595, 0.02011888521783686, 0.016665988766014595, 0.1310636848778709, 0.10339157262268411, 0.03086110252243449, 0.05079108079077231, 0.06760595957306638, 0.06145458997680775, 0.10379127849304078, 0.03878813805447738, 0.04849295140693414, 0.0713922601960549, 0.0283382989557151, 0.028072367118545494, 0.1407177549420178, 0.08554494624345356, 0.056978600597462174, 0.023797281838380303, 0.2627822808719963, 0.2070678158199499, 0.03536009776413795]","9_lag_16_median_mhfATL60, 11_lag_nhSICsep, 9_lag_16_median_traTLS, 9_lag_16_median_shSICmar, 9_lag_12_median_traDP, 14_lag_nhTSjfm, 15_lag_cetTSjfm, 9_lag_17_median_traTLS, 9_lag_15_median_atlSICsep, 14_lag_tripol1, 9_lag_16_median_ensoSSTjfm, 9_lag_16_median_eurPSLjfm, 9_lag_14_median_pdoSSTjfm, 9_lag_15_median_nchinaPRjja, 9_lag_18_median_shSICsep, 9_lag_12_median_tripol1, 12_lag_mhfATL45, 9_lag_13_median_wnorPRjfm, 9_lag_14_median_arcTSjfm, 9_lag_17_median_ismPRjja, 13_lag_traTLS, 9_lag_13_median_traEU, 13_lag_traIFC, 15_lag_traDP, 13_lag_mhfATL60, 9_lag_12_median_labSSTjfm, 9_lag_16_median_nhTSjfm, 9_lag_13_median_samPSLann, 9_lag_13_median_eurPSLjfm, 9_lag_13_median_traTLS_1235_9"
LinearRegression,5,30,ensoSSTjfm,slow,871.5,2005.5,0.6,20,10,10,13.05876877429574,-0.17369989456065005,1235,"['10_lag_17_median_cetTSjfm', '10_lag_15_median_nhSICjfm', '10_lag_15_median_mhfATL45', '16_lag_amo1', '10_lag_13_median_satlSSTjfm', '10_lag_14_median_naoPSLjfm', '10_lag_13_median_shSICmar', '10_lag_15_median_eurPSLjfm', '10_lag_15_median_atlSICsep', '10_lag_17_median_shSICsep', '10_lag_19_median_nhSICsep', '19_lag_labSSTjfm', '10_lag_17_median_shSICmar', '14_lag_nhTSjfm', '16_lag_AMOCann', '10_lag_18_median_mhfATL45', '10_lag_18_median_yrvPRjja', '10_lag_17_median_stratZ50ndj03', '10_lag_15_median_mhfATL60', '10_lag_glomaSSTjfm', '10_lag_17_median_traIFC', '10_lag_15_median_neurTSjfm', '10_lag_14_median_wnorPRjfm', '19_lag_traIT', '10_lag_16_median_mhfATL30', '10_lag_14_median_traEU', '10_lag_13_median_traTLS', '14_lag_amo1', '10_lag_16_median_wnorPRjfm', '15_lag_traDP']","[0.1347331910577332, 0.011553990125975754, 0.09148575737908006, 0.020367282726077122, 0.10286122034508645, 0.13907155958379444, 0.030710830786583276, 0.11047902824903082, 0.06933784533837653, 0.11241258436649164, 0.09224868616030636, 0.041033573859471775, 0.054209598243260146, 0.03694952119373863, 0.006728589275387716, 0.09309205955065622, 0.04628130294880083, 0.037538515988173204, 0.001620936188070854, 0.27655855542942726, 0.09395110162314955, 0.015032895215040053, 0.006631722147593314, 0.0712366882126791, 0.0055007248886806605, 0.041490476288361514, 0.03239756558810572, 0.17226137810266354, 0.0073257012472629415, 0.02131164814793106]","10_lag_17_median_cetTSjfm, 10_lag_15_median_nhSICjfm, 10_lag_15_median_mhfATL45, 16_lag_amo1, 10_lag_13_median_satlSSTjfm, 10_lag_14_median_naoPSLjfm, 10_lag_13_median_shSICmar, 10_lag_15_median_eurPSLjfm, 10_lag_15_median_atlSICsep, 10_lag_17_median_shSICsep, 10_lag_19_median_nhSICsep, 19_lag_labSSTjfm, 10_lag_17_median_shSICmar, 14_lag_nhTSjfm, 16_lag_AMOCann, 10_lag_18_median_mhfATL45, 10_lag_18_median_yrvPRjja, 10_lag_17_median_stratZ50ndj03, 10_lag_15_median_mhfATL60, 10_lag_glomaSSTjfm, 10_lag_17_median_traIFC, 10_lag_15_median_neurTSjfm, 10_lag_14_median_wnorPRjfm, 19_lag_traIT, 10_lag_16_median_mhfATL30, 10_lag_14_median_traEU, 10_lag_13_median_traTLS, 14_lag_amo1, 10_lag_16_median_wnorPRjfm, 15_lag_traDP_1235_10"
LinearRegression,6,30,ensoSSTjfm,slow,872.5,2005.5,0.6,21,11,11,12.20590290413922,0.06618560109445862,1235,"['17_lag_traTLS', '11_lag_18_median_traIT', '11_lag_15_median_stratZ50ndj02', '11_lag_16_median_eurPSLjfm', '11_lag_20_median_traIT', '11_lag_18_median_eurPSLjfm', '11_lag_14_median_shSICmar', '11_lag_18_median_traFSC', '16_lag_labSSTjfm', '11_lag_18_median_nppc2SSTjfm', '17_lag_mhfATL60', '14_lag_ensoSSTjfm', '11_lag_20_median_naoPSLjfm', '11_lag_14_median_traMC', '11_lag_16_median_mhfATL45', '11_lag_14_median_wnorPRjfm', '11_lag_16_median_atlSICsep', '11_lag_15_median_mhfATL60', '18_lag_amo1', '11_lag_19_median_seurTSjfm', '11_lag_20_median_traBS', '11_lag_14_median_traCA', '11_lag_20_median_traTLS', '11_lag_16_median_traEU', '11_lag_17_median_wnorPRjfm', '11_lag_20_median_traFS', '11_lag_14_median_mhfATL60', '11_lag_16_median_traDS', '15_lag_tripol1', '14_lag_amo1']","[0.007522045700997329, 0.41108598778245425, 0.09818949419424626, 0.04652748801375391, 0.3543690827552814, 0.02076211723052746, 0.05683706477038681, 0.22964492370223372, 0.05536521612794413, 0.00473594833658535, 0.040206982236859055, 0.031054050488792524, 0.028342749670537813, 0.008668785831583503, 0.03750654571298159, 0.04529869010120491, 0.057196694850562974, 0.023868894775078593, 0.13157731955172303, 0.01652695685276716, 0.030213792085301925, 0.05023494878880948, 0.036979239482899856, 0.06134617583795471, 0.0032445112153358345, 0.11899781955109456, 0.05863726101202908, 0.10358214329525872, 0.00027706116275716397, 0.1959649448445013]","17_lag_traTLS, 11_lag_18_median_traIT, 11_lag_15_median_stratZ50ndj02, 11_lag_16_median_eurPSLjfm, 11_lag_20_median_traIT, 11_lag_18_median_eurPSLjfm, 11_lag_14_median_shSICmar, 11_lag_18_median_traFSC, 16_lag_labSSTjfm, 11_lag_18_median_nppc2SSTjfm, 17_lag_mhfATL60, 14_lag_ensoSSTjfm, 11_lag_20_median_naoPSLjfm, 11_lag_14_median_traMC, 11_lag_16_median_mhfATL45, 11_lag_14_median_wnorPRjfm, 11_lag_16_median_atlSICsep, 11_lag_15_median_mhfATL60, 18_lag_amo1, 11_lag_19_median_seurTSjfm, 11_lag_20_median_traBS, 11_lag_14_median_traCA, 11_lag_20_median_traTLS, 11_lag_16_median_traEU, 11_lag_17_median_wnorPRjfm, 11_lag_20_median_traFS, 11_lag_14_median_mhfATL60, 11_lag_16_median_traDS, 15_lag_tripol1, 14_lag_amo1_1235_11"
LinearRegression,7,30,ensoSSTjfm,slow,873.5,2005.5,0.6,22,12,12,12.33942792409743,0.057444041762613716,1235,"['17_lag_amo1', '17_lag_traEC', '12_lag_pdoSSTjfm', '18_lag_amo1', '14_lag_samPSLann', '20_lag_traFSC', '12_lag_16_median_traMC', '14_lag_tripol1', '12_lag_16_median_traFS', '12_lag_16_median_nchinaPRjja', '12_lag_17_median_samPSLann', '12_lag_21_median_wnorPRjfm', '12_lag_17_median_traEC', '12_lag_16_median_ormenSSTjfm', '12_lag_17_median_nhTSjfm', '12_lag_17_median_neurTSjfm', '12_lag_18_median_traFS', '12_lag_17_median_stratZ50ndj04', '12_lag_17_median_mhfATL60', '16_lag_amo3', '12_lag_15_median_amoSSTmjjaso', '12_lag_18_median_mhfIP30', '20_lag_satlSSTjfm', '12_lag_17_median_amo1', '12_lag_16_median_mhfATL45', '17_lag_nhSICjfm', '12_lag_18_median_nchinaPRjja', '15_lag_tripol1', '20_lag_shTSjfm', '12_lag_15_median_traFS']","[0.07420492620946935, 0.04923995494648613, 0.015662640970202975, 0.08220288968540822, 0.04023082233576639, 0.028363908391155053, 0.17306846528059294, 0.09218106532374296, 0.29988487450048673, 0.028158692757102543, 0.13810378919997177, 0.08666085267616624, 0.02801203586362811, 0.012609307407559894, 0.0013993233746282163, 0.011210229870081276, 0.0512000181001581, 0.050242561513919495, 0.04233874362293068, 0.01980039006946767, 0.028628438287246736, 0.020593549345698785, 0.08323736275003031, 0.2779981111409231, 0.03985677814855546, 0.023801551484281588, 0.08143264693699523, 0.04563464592071057, 0.1299340536555578, 0.2000223086291545]","17_lag_amo1, 17_lag_traEC, 12_lag_pdoSSTjfm, 18_lag_amo1, 14_lag_samPSLann, 20_lag_traFSC, 12_lag_16_median_traMC, 14_lag_tripol1, 12_lag_16_median_traFS, 12_lag_16_median_nchinaPRjja, 12_lag_17_median_samPSLann, 12_lag_21_median_wnorPRjfm, 12_lag_17_median_traEC, 12_lag_16_median_ormenSSTjfm, 12_lag_17_median_nhTSjfm, 12_lag_17_median_neurTSjfm, 12_lag_18_median_traFS, 12_lag_17_median_stratZ50ndj04, 12_lag_17_median_mhfATL60, 16_lag_amo3, 12_lag_15_median_amoSSTmjjaso, 12_lag_18_median_mhfIP30, 20_lag_satlSSTjfm, 12_lag_17_median_amo1, 12_lag_16_median_mhfATL45, 17_lag_nhSICjfm, 12_lag_18_median_nchinaPRjja, 15_lag_tripol1, 20_lag_shTSjfm, 12_lag_15_median_traFS_1235_12"
LinearRegression,8,30,ensoSSTjfm,slow,874.5,2005.5,0.6,23,13,13,12.267171651179012,0.10764190303242341,1235,"['15_lag_tripol1', '13_lag_glomaSSTjfm', '13_lag_17_median_traWP', '13_lag_16_median_mhfATL45', '13_lag_20_median_ismPRjja', '20_lag_traFB', '20_lag_shTSjfm', '13_lag_20_median_stratZ50ndj03', '13_lag_AMOCann', '13_lag_20_median_naoPSLjfm', '16_lag_glomaSSTjfm', '20_lag_satlSSTjfm', '20_lag_AMOCann', '17_lag_nhSICjfm', '13_lag_20_median_pdoSSTjfm', '13_lag_16_median_nppc2SSTjfm', '13_lag_16_median_traFS', '13_lag_20_median_traCA', '13_lag_17_median_wnorPRjfm', '13_lag_16_median_traEC', '16_lag_traDP', '13_lag_16_median_tripol3', '13_lag_21_median_traEU', '13_lag_20_median_traIT', '13_lag_18_median_eapPSLjfm', '13_lag_20_median_atlSICsep', '13_lag_18_median_seurTSjfm', '13_lag_18_median_arcTSjfm', '13_lag_17_median_eapPSLjfm', '13_lag_22_median_ismPRjja']","[0.01276162081987462, 0.022355051192641077, 0.08438890642386578, 0.00731364503396609, 0.11205591245430468, 0.08118559667693567, 0.14090904389327102, 0.15249466425926533, 0.05928276990414273, 0.1646495215636259, 0.07767655632039404, 0.11357102717166981, 0.10048566090728525, 0.048901726950067045, 0.02583525357959039, 0.018395698405407956, 0.02536594048804201, 0.13527436374536878, 0.12095465171844916, 0.08611979130226327, 0.029813816126436035, 0.1541855163379579, 0.13887848142913525, 0.02639294259979739, 0.17526304284600863, 0.040805658506236325, 0.007436396877968252, 0.05017195308951217, 0.042986984308128584, 0.16263622226681926]","15_lag_tripol1, 13_lag_glomaSSTjfm, 13_lag_17_median_traWP, 13_lag_16_median_mhfATL45, 13_lag_20_median_ismPRjja, 20_lag_traFB, 20_lag_shTSjfm, 13_lag_20_median_stratZ50ndj03, 13_lag_AMOCann, 13_lag_20_median_naoPSLjfm, 16_lag_glomaSSTjfm, 20_lag_satlSSTjfm, 20_lag_AMOCann, 17_lag_nhSICjfm, 13_lag_20_median_pdoSSTjfm, 13_lag_16_median_nppc2SSTjfm, 13_lag_16_median_traFS, 13_lag_20_median_traCA, 13_lag_17_median_wnorPRjfm, 13_lag_16_median_traEC, 16_lag_traDP, 13_lag_16_median_tripol3, 13_lag_21_median_traEU, 13_lag_20_median_traIT, 13_lag_18_median_eapPSLjfm, 13_lag_20_median_atlSICsep, 13_lag_18_median_seurTSjfm, 13_lag_18_median_arcTSjfm, 13_lag_17_median_eapPSLjfm, 13_lag_22_median_ismPRjja_1235_13"
LinearRegression,9,30,ensoSSTjfm,slow,875.5,2005.5,0.6,24,14,14,12.500114326047134,0.09470422964171785,1235,"['14_lag_19_median_nhTSjfm', '14_lag_18_median_traWP', '14_lag_18_median_cetTSjfm', '14_lag_17_median_shSICsep', '14_lag_23_median_traMC', '17_lag_amo2', '18_lag_ginwSSTjfm', '14_lag_23_median_pdoSSTjfm', '14_lag_20_median_ginwSSTjfm', '18_lag_labSSTjfm', '20_lag_ensoSSTjfm', '14_lag_18_median_shSICmar', '14_lag_17_median_traDS', '14_lag_17_median_traBS', '14_lag_17_median_traEC', '14_lag_18_median_nchinaPRjja', '14_lag_19_median_shTSjfm', '18_lag_pdoSSTjfm', '14_lag_19_median_traBS', '14_lag_21_median_ismPRjja', '21_lag_nhSICjfm', '14_lag_21_median_naoPSLjfm', '22_lag_tripol2', '14_lag_17_median_traFSC', '14_lag_18_median_stratZ50ndj03', '14_lag_17_median_traFB', '14_lag_23_median_traBS', '14_lag_21_median_gyreSSTjfm', '14_lag_amo1', '14_lag_23_median_shSICmar']","[0.12706407267983313, 0.21283051168189349, 0.17515221298260295, 0.03788132046413397, 0.12590199556065765, 0.037623994602585996, 0.0834543054864344, 0.06263790475230951, 0.031643031039238906, 0.01616611538241494, 0.001199961362452832, 0.03159865756694867, 0.0001333947856340716, 0.010681134253382909, 0.03796735330719722, 0.08228036067860574, 0.32221321215391013, 0.01447361599482154, 0.027274506948026404, 0.022850209140344357, 0.054239134303445936, 0.017437210319584256, 0.03318973386790576, 0.04092099529159349, 0.004526979159353479, 0.16658922171383, 0.09679251342844603, 0.024890037181709596, 0.15366196891033457, 0.00962087184803766]","14_lag_19_median_nhTSjfm, 14_lag_18_median_traWP, 14_lag_18_median_cetTSjfm, 14_lag_17_median_shSICsep, 14_lag_23_median_traMC, 17_lag_amo2, 18_lag_ginwSSTjfm, 14_lag_23_median_pdoSSTjfm, 14_lag_20_median_ginwSSTjfm, 18_lag_labSSTjfm, 20_lag_ensoSSTjfm, 14_lag_18_median_shSICmar, 14_lag_17_median_traDS, 14_lag_17_median_traBS, 14_lag_17_median_traEC, 14_lag_18_median_nchinaPRjja, 14_lag_19_median_shTSjfm, 18_lag_pdoSSTjfm, 14_lag_19_median_traBS, 14_lag_21_median_ismPRjja, 21_lag_nhSICjfm, 14_lag_21_median_naoPSLjfm, 22_lag_tripol2, 14_lag_17_median_traFSC, 14_lag_18_median_stratZ50ndj03, 14_lag_17_median_traFB, 14_lag_23_median_traBS, 14_lag_21_median_gyreSSTjfm, 14_lag_amo1, 14_lag_23_median_shSICmar_1235_14"
LinearRegression,10,30,ensoSSTjfm,slow,876.5,2005.5,0.6,25,15,15,12.420248522340627,0.005504165076513842,1235,"['15_lag_23_median_shSICmar', '17_lag_AMOCann', '22_lag_tripol2', '15_lag_23_median_traIFC', '15_lag_19_median_traCA', '23_lag_traTLS', '15_lag_23_median_cetTSjfm', '19_lag_cetTSjfm', '15_lag_20_median_traBO', '15_lag_19_median_tripol1', '15_lag_21_median_satlSSTjfm', '15_lag_21_median_traTLS', '15_lag_22_median_tripol3', '15_lag_20_median_nppc3SSTjfm', '15_lag_18_median_nhSICjfm', '15_lag_21_median_alpi', '15_lag_18_median_traDS', '15_lag_21_median_shSICmar', '15_lag_21_median_wnorPRjfm', '15_lag_22_median_ginwSSTjfm', '18_lag_samPSLann', '15_lag_22_median_traIFC', '15_lag_21_median_traFB', '18_lag_AMOCann', '15_lag_22_median_stratZ50ndj02', '15_lag_amo1', '15_lag_18_median_tripol3', '15_lag_21_median_ensoSSTjfm', '15_lag_20_median_nppc2SSTjfm', '15_lag_22_median_shSICmar']","[0.19563501588814214, 0.10725777777912338, 0.050462492486987025, 0.1850175974579161, 0.01125235411824424, 0.06306525483736937, 0.020717806127118155, 0.04388368070956088, 0.09459723651400462, 0.013879110591086676, 0.005605559412548427, 0.1375668365491332, 0.07483837455572173, 0.03955102931531722, 0.024538252416368516, 0.048663771180167924, 0.07644318647526378, 0.024820446106789157, 0.03711400563403987, 0.01616664220688014, 0.004254859873438465, 0.2533615769167182, 0.13793459894565963, 0.10960265912802108, 0.17589754512382716, 0.0251108206124284, 0.0720622194511753, 0.20408387642330234, 0.07871228074525646, 0.25203126510131657]","15_lag_23_median_shSICmar, 17_lag_AMOCann, 22_lag_tripol2, 15_lag_23_median_traIFC, 15_lag_19_median_traCA, 23_lag_traTLS, 15_lag_23_median_cetTSjfm, 19_lag_cetTSjfm, 15_lag_20_median_traBO, 15_lag_19_median_tripol1, 15_lag_21_median_satlSSTjfm, 15_lag_21_median_traTLS, 15_lag_22_median_tripol3, 15_lag_20_median_nppc3SSTjfm, 15_lag_18_median_nhSICjfm, 15_lag_21_median_alpi, 15_lag_18_median_traDS, 15_lag_21_median_shSICmar, 15_lag_21_median_wnorPRjfm, 15_lag_22_median_ginwSSTjfm, 18_lag_samPSLann, 15_lag_22_median_traIFC, 15_lag_21_median_traFB, 18_lag_AMOCann, 15_lag_22_median_stratZ50ndj02, 15_lag_amo1, 15_lag_18_median_tripol3, 15_lag_21_median_ensoSSTjfm, 15_lag_20_median_nppc2SSTjfm, 15_lag_22_median_shSICmar_1235_15"
LinearRegression,11,30,ensoSSTjfm,slow,877.5,2005.5,0.6,26,16,16,12.784067409558089,-0.09160343079153592,1235,"['16_lag_23_median_traDS', '19_lag_mhfATL60', '16_lag_25_median_amo2', '16_lag_21_median_nppc2SSTjfm', '16_lag_21_median_traEC', '16_lag_20_median_traMC', '18_lag_amo3', '19_lag_nppc3SSTjfm', '16_lag_23_median_nppc3SSTjfm', '16_lag_24_median_eurPSLjfm', '16_lag_24_median_stratZ50ndj01', '16_lag_21_median_eurPSLjfm', '16_lag_22_median_mhfIP30', '16_lag_20_median_eapPSLjfm', '16_lag_25_median_traFSC', '16_lag_23_median_stratZ50ndj03', '19_lag_gyreSSTjfm', '16_lag_20_median_amo2', '16_lag_23_median_tripol1', '18_lag_AMOCann', '16_lag_22_median_mhfATL30', '16_lag_22_median_wnorPRjfm', '20_lag_stratZ50ndj04', '16_lag_23_median_shSICmar', '16_lag_22_median_traTLS', '16_lag_23_median_cetTSjfm', '16_lag_23_median_nppc2SSTjfm', '16_lag_21_median_arcTSjfm', '16_lag_23_median_stratZ50ndj02', '16_lag_23_median_traIFC']","[0.08581326413276712, 0.01943734615185793, 0.3220248162431087, 0.03999147421397901, 0.025033928694514426, 0.05160257044464763, 0.0015914555698697732, 0.07834594265433735, 0.034741292753773086, 0.33214046454896723, 0.0644987271615355, 0.2141933435511111, 0.02596826772313414, 0.006877306064456218, 0.3499778052046917, 0.002942948862070205, 0.05593223024236924, 0.08342960941377306, 0.15844030219635596, 0.035973096793951005, 0.019584236862452524, 0.18043581516106127, 0.021574658742674536, 0.016878281323272463, 0.0045244199994366905, 0.1053281901453458, 0.023434679939025364, 0.09257679033777305, 0.02729419022988857, 0.10478881346437513]","16_lag_23_median_traDS, 19_lag_mhfATL60, 16_lag_25_median_amo2, 16_lag_21_median_nppc2SSTjfm, 16_lag_21_median_traEC, 16_lag_20_median_traMC, 18_lag_amo3, 19_lag_nppc3SSTjfm, 16_lag_23_median_nppc3SSTjfm, 16_lag_24_median_eurPSLjfm, 16_lag_24_median_stratZ50ndj01, 16_lag_21_median_eurPSLjfm, 16_lag_22_median_mhfIP30, 16_lag_20_median_eapPSLjfm, 16_lag_25_median_traFSC, 16_lag_23_median_stratZ50ndj03, 19_lag_gyreSSTjfm, 16_lag_20_median_amo2, 16_lag_23_median_tripol1, 18_lag_AMOCann, 16_lag_22_median_mhfATL30, 16_lag_22_median_wnorPRjfm, 20_lag_stratZ50ndj04, 16_lag_23_median_shSICmar, 16_lag_22_median_traTLS, 16_lag_23_median_cetTSjfm, 16_lag_23_median_nppc2SSTjfm, 16_lag_21_median_arcTSjfm, 16_lag_23_median_stratZ50ndj02, 16_lag_23_median_traIFC_1235_16"
LinearRegression,12,30,ensoSSTjfm,slow,878.5,2005.5,0.6,27,17,17,12.344452983767805,0.07276023522482743,1235,"['17_lag_20_median_tripol3', '20_lag_naoPSLjfm', '26_lag_glomaSSTjfm', '17_lag_24_median_tripol1', '17_lag_22_median_mhfATL30', '17_lag_21_median_ensoSSTjfm', '17_lag_26_median_traCA', '17_lag_24_median_gyreSSTjfm', '17_lag_20_median_stratZ50ndj01', '26_lag_traDP', '25_lag_nhSICjfm', '26_lag_traIT', '17_lag_24_median_traEC', '17_lag_22_median_traEC', '17_lag_24_median_atlSICjfm', '17_lag_22_median_traIFC', '17_lag_23_median_scpPSLjfm', '17_lag_24_median_naoPSLjfm', '17_lag_26_median_stratZ50ndj02', '25_lag_amo1', '17_lag_23_median_traWP', '22_lag_tripol2', '23_lag_shSICsep', '17_lag_amo1', '17_lag_21_median_wnorPRjfm', '17_lag_23_median_cetTSjfm', '17_lag_20_median_traDS', '17_lag_24_median_traFSC', '17_lag_22_median_samPSLann', '17_lag_23_median_mhfIP30']","[0.011548291442787849, 0.017836406099613678, 0.034865198905202704, 0.014508152160824633, 0.039849684044176804, 0.07298120587076296, 0.06934537390519123, 0.055109911681050054, 0.03504774779013218, 0.00873192461647376, 0.0038635353800004356, 0.017571467325543454, 0.0014237482913477034, 0.036709870557094695, 0.012972276725586816, 0.13148004398702473, 0.11287278498006503, 0.12912885080167344, 0.1362910138517194, 0.08652354777732507, 0.25492711044392274, 0.004093791441146882, 0.09327417745066965, 0.028864691072640815, 0.01740524948575747, 0.0028750236342870257, 0.07684112453048647, 0.24016601614940192, 0.16996376435281674, 0.013585103674220748]","17_lag_20_median_tripol3, 20_lag_naoPSLjfm, 26_lag_glomaSSTjfm, 17_lag_24_median_tripol1, 17_lag_22_median_mhfATL30, 17_lag_21_median_ensoSSTjfm, 17_lag_26_median_traCA, 17_lag_24_median_gyreSSTjfm, 17_lag_20_median_stratZ50ndj01, 26_lag_traDP, 25_lag_nhSICjfm, 26_lag_traIT, 17_lag_24_median_traEC, 17_lag_22_median_traEC, 17_lag_24_median_atlSICjfm, 17_lag_22_median_traIFC, 17_lag_23_median_scpPSLjfm, 17_lag_24_median_naoPSLjfm, 17_lag_26_median_stratZ50ndj02, 25_lag_amo1, 17_lag_23_median_traWP, 22_lag_tripol2, 23_lag_shSICsep, 17_lag_amo1, 17_lag_21_median_wnorPRjfm, 17_lag_23_median_cetTSjfm, 17_lag_20_median_traDS, 17_lag_24_median_traFSC, 17_lag_22_median_samPSLann, 17_lag_23_median_mhfIP30_1235_17"
LinearRegression,13,30,ensoSSTjfm,slow,879.5,2005.5,0.6,28,18,18,12.290528926598208,0.05510813861688866,1235,"['25_lag_ensoSSTjfm', '26_lag_ensoSSTjfm', '20_lag_amo1', '18_lag_26_median_stratZ50ndj03', '18_lag_24_median_naoPSLjfm', '24_lag_traDP', '22_lag_tripol2', '18_lag_23_median_mhfATL60', '18_lag_23_median_gyreSSTjfm', '23_lag_labSSTjfm', '18_lag_23_median_satlSSTjfm', '18_lag_24_median_atlSICjfm', '18_lag_23_median_eapPSLjfm', '18_lag_27_median_ormenSSTjfm', '18_lag_23_median_cetTSjfm', '18_lag_25_median_nppc3SSTjfm', '18_lag_25_median_stratZ50ndj04', '25_lag_nhSICjfm', '18_lag_24_median_nppc2SSTjfm', '18_lag_22_median_neurTSjfm', '23_lag_shSICsep', '18_lag_22_median_traEC', '18_lag_23_median_atlSICsep', '18_lag_24_median_yrvPRjja', '21_lag_labSSTjfm', '18_lag_21_median_wnorPRjfm', '18_lag_26_median_scpPSLjfm', '18_lag_26_median_yrvPRjja', '18_lag_23_median_traIFC', '18_lag_22_median_atlSICsep']","[0.033365153976355276, 0.03501345444831959, 0.01908365957068321, 0.09144825322336253, 0.12532883737732317, 0.005158071972981082, 0.022831919507352465, 0.15372601755536833, 0.04565267127102005, 0.026950708134819132, 0.024691319365126915, 0.041509598597369614, 0.018075462543513183, 0.020613576922022616, 0.048526474391579394, 0.029504414695943563, 0.024078487092211068, 0.010118943093741012, 0.04266449287645226, 0.007859329257649789, 0.11254050189083054, 0.055526904736024195, 0.3173641415983952, 0.18847719957044862, 0.07091010046985134, 0.016926055360469008, 0.12456497709870838, 0.23842385648373307, 0.013844149546608942, 0.26248441411561924]","25_lag_ensoSSTjfm, 26_lag_ensoSSTjfm, 20_lag_amo1, 18_lag_26_median_stratZ50ndj03, 18_lag_24_median_naoPSLjfm, 24_lag_traDP, 22_lag_tripol2, 18_lag_23_median_mhfATL60, 18_lag_23_median_gyreSSTjfm, 23_lag_labSSTjfm, 18_lag_23_median_satlSSTjfm, 18_lag_24_median_atlSICjfm, 18_lag_23_median_eapPSLjfm, 18_lag_27_median_ormenSSTjfm, 18_lag_23_median_cetTSjfm, 18_lag_25_median_nppc3SSTjfm, 18_lag_25_median_stratZ50ndj04, 25_lag_nhSICjfm, 18_lag_24_median_nppc2SSTjfm, 18_lag_22_median_neurTSjfm, 23_lag_shSICsep, 18_lag_22_median_traEC, 18_lag_23_median_atlSICsep, 18_lag_24_median_yrvPRjja, 21_lag_labSSTjfm, 18_lag_21_median_wnorPRjfm, 18_lag_26_median_scpPSLjfm, 18_lag_26_median_yrvPRjja, 18_lag_23_median_traIFC, 18_lag_22_median_atlSICsep_1235_18"
LinearRegression,14,30,ensoSSTjfm,slow,880.5,2005.5,0.6,29,19,19,12.812234526094965,-0.027643420338122657,1235,"['19_lag_28_median_eurPSLjfm', '19_lag_23_median_stratZ50ndj01', '19_lag_26_median_satlSSTjfm', '19_lag_28_median_tripol2', '22_lag_nhSICjfm', '23_lag_nhTSjfm', '22_lag_mhfATL60', '19_lag_26_median_nchinaPRjja', '19_lag_24_median_AMOCann', '24_lag_amo2', '19_lag_23_median_amo1', '19_lag_24_median_yrvPRjja', '19_lag_23_median_shTSjfm', '27_lag_tripol1', '19_lag_28_median_traFSC', '19_lag_27_median_tripol2', '19_lag_23_median_mhfIP30', '19_lag_23_median_seurTSjfm', '19_lag_23_median_neurTSjfm', '19_lag_26_median_stratZ50ndj01', '19_lag_25_median_eurPSLjfm', '19_lag_23_median_stratZ50ndj02', '19_lag_24_median_ginwSSTjfm', '23_lag_ormenSSTjfm', '19_lag_23_median_traBO', '19_lag_28_median_mhfATL45', '19_lag_23_median_cetTSjfm', '19_lag_26_median_mhfATL30', '19_lag_26_median_yrvPRjja', '19_lag_24_median_traIFC']","[0.05959371192570269, 0.1150871534403615, 0.05770115717536894, 0.14660998228428584, 0.04799508033190367, 0.029449481134387084, 0.12256359330768325, 0.10943461570572299, 0.19522969294049433, 0.2738274491876645, 0.049353989189653814, 0.08961542041856173, 0.07231982236233073, 0.017947324497966113, 0.08270926292406018, 0.18612123412932743, 0.01766143275582538, 0.09031919770199111, 0.030647016490844715, 0.023384569025087076, 0.1585598362322178, 0.1151986068099992, 0.07067110470829553, 0.01435063405035493, 0.18179547738237886, 0.029281777369318446, 0.14516578781916936, 0.179977865046108, 0.18137142981501533, 0.10925977958839353]","19_lag_28_median_eurPSLjfm, 19_lag_23_median_stratZ50ndj01, 19_lag_26_median_satlSSTjfm, 19_lag_28_median_tripol2, 22_lag_nhSICjfm, 23_lag_nhTSjfm, 22_lag_mhfATL60, 19_lag_26_median_nchinaPRjja, 19_lag_24_median_AMOCann, 24_lag_amo2, 19_lag_23_median_amo1, 19_lag_24_median_yrvPRjja, 19_lag_23_median_shTSjfm, 27_lag_tripol1, 19_lag_28_median_traFSC, 19_lag_27_median_tripol2, 19_lag_23_median_mhfIP30, 19_lag_23_median_seurTSjfm, 19_lag_23_median_neurTSjfm, 19_lag_26_median_stratZ50ndj01, 19_lag_25_median_eurPSLjfm, 19_lag_23_median_stratZ50ndj02, 19_lag_24_median_ginwSSTjfm, 23_lag_ormenSSTjfm, 19_lag_23_median_traBO, 19_lag_28_median_mhfATL45, 19_lag_23_median_cetTSjfm, 19_lag_26_median_mhfATL30, 19_lag_26_median_yrvPRjja, 19_lag_24_median_traIFC_1235_19"
LinearRegression,15,30,ensoSSTjfm,slow,881.5,2005.5,0.6,30,20,20,12.273725934285574,0.0703912305223129,1235,"['22_lag_traEC', '20_lag_26_median_seurTSjfm', '20_lag_23_median_stratZ50ndj04', '20_lag_25_median_wnorPRjfm', '20_lag_26_median_yrvPRjja', '20_lag_29_median_traIT', '20_lag_27_median_stratZ50ndj02', '20_lag_27_median_mhfATL60', '20_lag_25_median_eurPSLjfm', '20_lag_28_median_nhSICjfm', '28_lag_traDP', '25_lag_mhfATL60', '20_lag_29_median_atlSICjfm', '20_lag_23_median_traMC', '20_lag_24_median_arcTSjfm', '20_lag_27_median_ormenSSTjfm', '20_lag_23_median_traBO', '27_lag_traDP', '20_lag_27_median_arcTSjfm', '29_lag_nhSICjfm', '20_lag_29_median_pdoSSTjfm', '20_lag_29_median_mhfATL60', '20_lag_25_median_stratZ50ndj04', '20_lag_27_median_tripol2', '20_lag_25_median_cetTSjfm', '20_lag_28_median_yrvPRjja', '20_lag_29_median_traBS', '20_lag_28_median_stratZ50ndj01', '25_lag_shTSjfm', '20_lag_25_median_ensoSSTjfm']","[0.045983768602288526, 0.12830874255776856, 0.22524806664433872, 0.011699393724643558, 0.024772222213619043, 0.04446474607453604, 0.0719233109102062, 0.033800927151194905, 0.0813140321241134, 0.007267881509011261, 0.1279064799438001, 0.09044608206867054, 0.00910653664961637, 0.0704133396183053, 0.011779100756076445, 0.09909412987966215, 0.09575241751531205, 0.12424284549026852, 0.14628668210781895, 0.01980519390556716, 0.02900992852148683, 0.1524256954967375, 0.2040859517038873, 0.1865232604519025, 0.12823976870285775, 0.020986090757568937, 0.024341751726571752, 0.031058262618536767, 0.04173470373313623, 0.1937730847111714]","22_lag_traEC, 20_lag_26_median_seurTSjfm, 20_lag_23_median_stratZ50ndj04, 20_lag_25_median_wnorPRjfm, 20_lag_26_median_yrvPRjja, 20_lag_29_median_traIT, 20_lag_27_median_stratZ50ndj02, 20_lag_27_median_mhfATL60, 20_lag_25_median_eurPSLjfm, 20_lag_28_median_nhSICjfm, 28_lag_traDP, 25_lag_mhfATL60, 20_lag_29_median_atlSICjfm, 20_lag_23_median_traMC, 20_lag_24_median_arcTSjfm, 20_lag_27_median_ormenSSTjfm, 20_lag_23_median_traBO, 27_lag_traDP, 20_lag_27_median_arcTSjfm, 29_lag_nhSICjfm, 20_lag_29_median_pdoSSTjfm, 20_lag_29_median_mhfATL60, 20_lag_25_median_stratZ50ndj04, 20_lag_27_median_tripol2, 20_lag_25_median_cetTSjfm, 20_lag_28_median_yrvPRjja, 20_lag_29_median_traBS, 20_lag_28_median_stratZ50ndj01, 25_lag_shTSjfm, 20_lag_25_median_ensoSSTjfm_1235_20"
LinearRegression,16,30,ensoSSTjfm,slow,882.5,2005.5,0.6,31,21,21,12.4113440449115,0.02448334668792431,1235,"['27_lag_amo3', '25_lag_shTSjfm', '21_lag_30_median_traDS', '30_lag_tripol2', '21_lag_28_median_pdoSSTjfm', '21_lag_amo2', '21_lag_27_median_wnorPRjfm', '21_lag_28_median_eapPSLjfm', '21_lag_24_median_samPSLann', '24_lag_glomaSSTjfm', '21_lag_26_median_traBO', '21_lag_26_median_tripol2', '21_lag_26_median_amo3', '21_lag_25_median_stratZ50ndj04', '21_lag_labSSTjfm', '21_lag_26_median_ormenSSTjfm', '21_lag_28_median_arcTSjfm', '21_lag_25_median_traEU', '21_lag_25_median_mhfATL30', '26_lag_cetTSjfm', '21_lag_24_median_traWP', '21_lag_26_median_pdoSSTjfm', '30_lag_labSSTjfm', '21_lag_26_median_AMOCann', '27_lag_amo1', '21_lag_24_median_traFB', '21_lag_26_median_eurPSLjfm', '25_lag_mhfATL60', '21_lag_28_median_yrvPRjja', '21_lag_24_median_traFSC']","[0.09778786782232773, 0.03241084875143532, 0.10138644261263757, 0.0005092199457780404, 0.024212146410060954, 0.01163630246347287, 0.06326606550820733, 0.11674976815842919, 0.015032259844914285, 0.24391422940816762, 0.027695677257749664, 0.04760353698800319, 0.03690068224266063, 0.17566366375228185, 0.05908386280800873, 0.017597517997388096, 0.05968688258458727, 0.13465575862247722, 0.0744276833874003, 0.05250176031236061, 0.021676406703959462, 0.031850475641427456, 0.06163996898145331, 0.12482579600059969, 0.03434145991806546, 0.016450097397421662, 0.003815150717004686, 0.09099369852948491, 0.06972422753877815, 0.08655334207271646]","27_lag_amo3, 25_lag_shTSjfm, 21_lag_30_median_traDS, 30_lag_tripol2, 21_lag_28_median_pdoSSTjfm, 21_lag_amo2, 21_lag_27_median_wnorPRjfm, 21_lag_28_median_eapPSLjfm, 21_lag_24_median_samPSLann, 24_lag_glomaSSTjfm, 21_lag_26_median_traBO, 21_lag_26_median_tripol2, 21_lag_26_median_amo3, 21_lag_25_median_stratZ50ndj04, 21_lag_labSSTjfm, 21_lag_26_median_ormenSSTjfm, 21_lag_28_median_arcTSjfm, 21_lag_25_median_traEU, 21_lag_25_median_mhfATL30, 26_lag_cetTSjfm, 21_lag_24_median_traWP, 21_lag_26_median_pdoSSTjfm, 30_lag_labSSTjfm, 21_lag_26_median_AMOCann, 27_lag_amo1, 21_lag_24_median_traFB, 21_lag_26_median_eurPSLjfm, 25_lag_mhfATL60, 21_lag_28_median_yrvPRjja, 21_lag_24_median_traFSC_1235_21"
LinearRegression,17,30,ensoSSTjfm,slow,883.5,2005.5,0.6,32,22,22,12.229023441659972,0.13038249734669644,1235,"['22_lag_29_median_yrvPRjja', '27_lag_nchinaPRjja', '22_lag_25_median_tripol1', '22_lag_25_median_atlSICjfm', '22_lag_25_median_traWP', '29_lag_AMOCann', '22_lag_30_median_mhfIP30', '22_lag_25_median_amo3', '22_lag_28_median_traEC', '22_lag_25_median_naoPSLjfm', '22_lag_28_median_traTLS', '22_lag_31_median_stratZ50ndj02', '30_lag_labSSTjfm', '28_lag_nhSICsep', '22_lag_25_median_atlSICsep', '26_lag_mhfATL60', '22_lag_27_median_nchinaPRjja', '22_lag_26_median_stratZ50ndj02', '22_lag_29_median_amo1', '22_lag_31_median_scpPSLjfm', '22_lag_31_median_mhfATL45', '22_lag_29_median_neurTSjfm', '25_lag_cetTSjfm', '22_lag_29_median_naoPSLjfm', '22_lag_31_median_traIT', '22_lag_27_median_ormenSSTjfm', '22_lag_29_median_tripol2', '22_lag_25_median_traFB', '22_lag_27_median_stratZ50ndj02', '22_lag_29_median_traBS']","[0.07499527877505563, 0.08964977228848275, 0.10104435794562201, 0.04639834945740879, 0.0029426225304292233, 0.07115385546041315, 0.04342110106745648, 0.014004268586537957, 0.1236431775655043, 0.0739585342869625, 0.04833169730498404, 0.0058381979037462175, 0.09636688092464754, 0.11002848921950253, 0.047268668547788, 0.021564182802558802, 9.26274483984035e-05, 0.2494617113530138, 0.1652367193469339, 0.04225379299514661, 0.1035182378825914, 0.16374065346940475, 0.054621746637855864, 0.11514929720407582, 0.11241807290715827, 0.12227795384067694, 0.27238713049595, 0.02995004001453587, 0.11478843763578556, 0.19025203514206074]","22_lag_29_median_yrvPRjja, 27_lag_nchinaPRjja, 22_lag_25_median_tripol1, 22_lag_25_median_atlSICjfm, 22_lag_25_median_traWP, 29_lag_AMOCann, 22_lag_30_median_mhfIP30, 22_lag_25_median_amo3, 22_lag_28_median_traEC, 22_lag_25_median_naoPSLjfm, 22_lag_28_median_traTLS, 22_lag_31_median_stratZ50ndj02, 30_lag_labSSTjfm, 28_lag_nhSICsep, 22_lag_25_median_atlSICsep, 26_lag_mhfATL60, 22_lag_27_median_nchinaPRjja, 22_lag_26_median_stratZ50ndj02, 22_lag_29_median_amo1, 22_lag_31_median_scpPSLjfm, 22_lag_31_median_mhfATL45, 22_lag_29_median_neurTSjfm, 25_lag_cetTSjfm, 22_lag_29_median_naoPSLjfm, 22_lag_31_median_traIT, 22_lag_27_median_ormenSSTjfm, 22_lag_29_median_tripol2, 22_lag_25_median_traFB, 22_lag_27_median_stratZ50ndj02, 22_lag_29_median_traBS_1235_22"
LinearRegression,18,30,ensoSSTjfm,slow,884.5,2005.5,0.6,33,23,23,12.560996507077126,-0.049859755344464164,1235,"['23_lag_30_median_stratZ50ndj03', '23_lag_31_median_traFS', '23_lag_30_median_ismPRjja', '23_lag_28_median_tripol1', '23_lag_28_median_mhfATL60', '23_lag_32_median_traEC', '23_lag_28_median_nppc3SSTjfm', '29_lag_AMOCann', '23_lag_30_median_labSSTjfm', '23_lag_32_median_neurTSjfm', '23_lag_26_median_traIFC', '23_lag_29_median_tripol1', '23_lag_28_median_traBO', '23_lag_32_median_gyreSSTjfm', '23_lag_31_median_scpPSLjfm', '23_lag_32_median_seurTSjfm', '23_lag_29_median_traEU', '23_lag_29_median_nchinaPRjja', '23_lag_26_median_shSICmar', '23_lag_27_median_stratZ50ndj02', '23_lag_30_median_naoPSLjfm', '23_lag_30_median_atlSICjfm', '23_lag_26_median_stratZ50ndj03', '23_lag_28_median_atlSICsep', '23_lag_26_median_traWP', '30_lag_traDP', '27_lag_nhTSjfm', '23_lag_amo2', '23_lag_28_median_traTLS', '31_lag_tripol2']","[0.04417494701365669, 0.05318540958150516, 0.10602768967442991, 0.14811498974903023, 0.21797793239048632, 0.2773869132397516, 0.009130958986140993, 0.10261238475288936, 0.053065985811589174, 0.10133161251791264, 0.03638269943200408, 0.10397513809047684, 0.03442547734954645, 0.05594945596157328, 0.06659871084759109, 0.03828467170062249, 0.0020719215114334078, 0.10820486861376381, 0.03283019737261617, 0.010303904845629534, 0.06470949493465096, 0.02530496929905438, 0.023149583044788164, 0.03536019888841281, 0.00612333827585552, 0.02045587025096308, 0.1297443226256488, 0.026382709798435475, 0.05906608060037233, 0.07570608195098733]","23_lag_30_median_stratZ50ndj03, 23_lag_31_median_traFS, 23_lag_30_median_ismPRjja, 23_lag_28_median_tripol1, 23_lag_28_median_mhfATL60, 23_lag_32_median_traEC, 23_lag_28_median_nppc3SSTjfm, 29_lag_AMOCann, 23_lag_30_median_labSSTjfm, 23_lag_32_median_neurTSjfm, 23_lag_26_median_traIFC, 23_lag_29_median_tripol1, 23_lag_28_median_traBO, 23_lag_32_median_gyreSSTjfm, 23_lag_31_median_scpPSLjfm, 23_lag_32_median_seurTSjfm, 23_lag_29_median_traEU, 23_lag_29_median_nchinaPRjja, 23_lag_26_median_shSICmar, 23_lag_27_median_stratZ50ndj02, 23_lag_30_median_naoPSLjfm, 23_lag_30_median_atlSICjfm, 23_lag_26_median_stratZ50ndj03, 23_lag_28_median_atlSICsep, 23_lag_26_median_traWP, 30_lag_traDP, 27_lag_nhTSjfm, 23_lag_amo2, 23_lag_28_median_traTLS, 31_lag_tripol2_1235_23"
LinearRegression,19,30,ensoSSTjfm,slow,885.5,2005.5,0.6,34,24,24,12.598003993717525,0.033421530814609246,1235,"['24_lag_33_median_nchinaPRjja', '24_lag_27_median_traDS', '28_lag_traDP', '24_lag_27_median_tripol3', '24_lag_labSSTjfm', '33_lag_atlSICjfm', '24_lag_32_median_pdoSSTjfm', '24_lag_28_median_samPSLann', '33_lag_ensoSSTjfm', '32_lag_shTSjfm', '33_lag_tripol1', '24_lag_28_median_stratZ50ndj03', '24_lag_33_median_cetTSjfm', '24_lag_28_median_ensoSSTjfm', '24_lag_32_median_gyreSSTjfm', '24_lag_29_median_traFSC', '24_lag_28_median_tripol1', '24_lag_29_median_atlSICsep', '27_lag_nhTSjfm', '24_lag_28_median_ormenSSTjfm', '24_lag_27_median_traFB', '24_lag_31_median_ensoSSTjfm', '24_lag_29_median_traTLS', '24_lag_30_median_naoPSLjfm', '24_lag_29_median_nchinaPRjja', '30_lag_traDP', '28_lag_nhTSjfm', '24_lag_28_median_mhfATL30', '24_lag_27_median_traFS', '24_lag_28_median_atlSICsep']","[0.20300169413490457, 0.19919339619997575, 0.12053676454644172, 0.024090292572875812, 0.016640985281363506, 0.10388274910079404, 0.048327239421771556, 0.08824127219380926, 0.019862262331825715, 0.1050404356339395, 0.0718840082459318, 0.014872831200396636, 0.19064812820453, 0.26950272372323747, 0.007793170009177844, 0.07987054586948364, 0.13232681508030558, 0.05100776852352322, 0.0904671771550691, 0.08681477558494528, 0.01610315242400035, 0.36637207600516486, 0.006912280447180605, 0.04396539417022445, 0.18427855012354052, 0.14094340024768803, 0.090642177960203, 0.011535321732271526, 0.04864782732566904, 0.048666458334247764]","24_lag_33_median_nchinaPRjja, 24_lag_27_median_traDS, 28_lag_traDP, 24_lag_27_median_tripol3, 24_lag_labSSTjfm, 33_lag_atlSICjfm, 24_lag_32_median_pdoSSTjfm, 24_lag_28_median_samPSLann, 33_lag_ensoSSTjfm, 32_lag_shTSjfm, 33_lag_tripol1, 24_lag_28_median_stratZ50ndj03, 24_lag_33_median_cetTSjfm, 24_lag_28_median_ensoSSTjfm, 24_lag_32_median_gyreSSTjfm, 24_lag_29_median_traFSC, 24_lag_28_median_tripol1, 24_lag_29_median_atlSICsep, 27_lag_nhTSjfm, 24_lag_28_median_ormenSSTjfm, 24_lag_27_median_traFB, 24_lag_31_median_ensoSSTjfm, 24_lag_29_median_traTLS, 24_lag_30_median_naoPSLjfm, 24_lag_29_median_nchinaPRjja, 30_lag_traDP, 28_lag_nhTSjfm, 24_lag_28_median_mhfATL30, 24_lag_27_median_traFS, 24_lag_28_median_atlSICsep_1235_24"
LinearRegression,20,30,ensoSSTjfm,slow,886.5,2005.5,0.6,35,25,25,12.2009277011491,0.11711133491567285,1235,"['34_lag_samPSLann', '34_lag_naoPSLjfm', '25_lag_34_median_amo3', '25_lag_34_median_neurTSjfm', '34_lag_traEU', '25_lag_33_median_mhfATL60', '33_lag_nppc2SSTjfm', '34_lag_atlSICjfm', '25_lag_28_median_mhfIP30', '25_lag_28_median_stratZ50ndj01', '28_lag_traFB', '25_lag_32_median_traBS', '25_lag_32_median_traIT', '25_lag_29_median_seurTSjfm', '25_lag_28_median_traFB', '28_lag_nhSICjfm', '30_lag_amo1', '25_lag_29_median_eurPSLjfm', '25_lag_30_median_mhfATL30', '25_lag_28_median_nhSICjfm', '32_lag_shTSjfm', '31_lag_tripol2', '33_lag_AMOCann', '25_lag_29_median_atlSICsep', '25_lag_32_median_stratZ50ndj01', '25_lag_31_median_traFS', '25_lag_30_median_nppc3SSTjfm', '28_lag_glomaSSTjfm', '33_lag_ensoSSTjfm', '25_lag_34_median_traFSC']","[0.09708360499899499, 0.004097276843095202, 0.06545315308146317, 0.24425846732656217, 0.036466871928631656, 0.11292702864072414, 0.007516833478097332, 0.0012789511921026616, 0.14735611626693143, 0.06075861907234532, 0.07979437427514903, 0.18142854000574538, 0.03309163295584464, 0.08555833023571438, 0.16804214637561288, 0.06352797434364695, 0.09267457325119723, 0.13632939198951793, 0.1401499036183476, 0.03812356909623438, 0.15055657910890197, 0.04093336092009383, 0.10142464435272387, 0.09976047591125473, 0.0373572625459693, 0.04933005063584726, 0.0026087192256646274, 0.015304817014945725, 0.0065777959844494855, 0.2796966183684341]","34_lag_samPSLann, 34_lag_naoPSLjfm, 25_lag_34_median_amo3, 25_lag_34_median_neurTSjfm, 34_lag_traEU, 25_lag_33_median_mhfATL60, 33_lag_nppc2SSTjfm, 34_lag_atlSICjfm, 25_lag_28_median_mhfIP30, 25_lag_28_median_stratZ50ndj01, 28_lag_traFB, 25_lag_32_median_traBS, 25_lag_32_median_traIT, 25_lag_29_median_seurTSjfm, 25_lag_28_median_traFB, 28_lag_nhSICjfm, 30_lag_amo1, 25_lag_29_median_eurPSLjfm, 25_lag_30_median_mhfATL30, 25_lag_28_median_nhSICjfm, 32_lag_shTSjfm, 31_lag_tripol2, 33_lag_AMOCann, 25_lag_29_median_atlSICsep, 25_lag_32_median_stratZ50ndj01, 25_lag_31_median_traFS, 25_lag_30_median_nppc3SSTjfm, 28_lag_glomaSSTjfm, 33_lag_ensoSSTjfm, 25_lag_34_median_traFSC_1235_25"
LinearRegression,21,30,ensoSSTjfm,slow,887.5,2005.5,0.6,36,26,26,12.14261006434035,0.08829345597395247,1235,"['33_lag_nhSICjfm', '34_lag_ensoSSTjfm', '26_lag_neurTSjfm', '26_lag_tripol1', '34_lag_samPSLann', '31_lag_ensoSSTjfm', '33_lag_cetTSjfm', '26_lag_32_median_stratZ50ndj02', '26_lag_31_median_tripol2', '26_lag_31_median_arcTSjfm', '26_lag_30_median_traWP', '33_lag_tripol1', '26_lag_32_median_eapPSLjfm', '26_lag_31_median_samPSLann', '34_lag_traDP', '28_lag_tripol1', '35_lag_naoPSLjfm', '30_lag_traDP', '33_lag_traDP', '26_lag_29_median_ormenSSTjfm', '26_lag_31_median_traEU', '34_lag_tripol2', '26_lag_33_median_traBO', '26_lag_33_median_AMOCann', '29_lag_glomaSSTjfm', '26_lag_AMOCann', '33_lag_ensoSSTjfm', '26_lag_30_median_ismPRjja', '26_lag_33_median_ismPRjja', '26_lag_30_median_pdoSSTjfm']","[0.051120773397358175, 0.07142291483049908, 0.031842872337129347, 0.08814759346702766, 0.09366999607771409, 0.006351490347840596, 0.03391754057337928, 0.07952966304039612, 0.03830610233250379, 0.03308552836412862, 0.0802996340043125, 0.06630177057429584, 0.049571414091830406, 0.015695541095182175, 0.12365265272967704, 0.06980711863292961, 0.06330976310717663, 0.06401449746760392, 0.17189244275006538, 0.13848578644576567, 0.004855040979627521, 0.13742351087734284, 0.1321958511747547, 0.002796858359350961, 0.0021368146662816582, 0.01671723601178551, 0.03170710787580431, 0.05638557649231965, 0.04001057721925601, 0.07557404546381198]","33_lag_nhSICjfm, 34_lag_ensoSSTjfm, 26_lag_neurTSjfm, 26_lag_tripol1, 34_lag_samPSLann, 31_lag_ensoSSTjfm, 33_lag_cetTSjfm, 26_lag_32_median_stratZ50ndj02, 26_lag_31_median_tripol2, 26_lag_31_median_arcTSjfm, 26_lag_30_median_traWP, 33_lag_tripol1, 26_lag_32_median_eapPSLjfm, 26_lag_31_median_samPSLann, 34_lag_traDP, 28_lag_tripol1, 35_lag_naoPSLjfm, 30_lag_traDP, 33_lag_traDP, 26_lag_29_median_ormenSSTjfm, 26_lag_31_median_traEU, 34_lag_tripol2, 26_lag_33_median_traBO, 26_lag_33_median_AMOCann, 29_lag_glomaSSTjfm, 26_lag_AMOCann, 33_lag_ensoSSTjfm, 26_lag_30_median_ismPRjja, 26_lag_33_median_ismPRjja, 26_lag_30_median_pdoSSTjfm_1235_26"
LinearRegression,22,30,ensoSSTjfm,slow,888.5,2005.5,0.6,37,27,27,12.500093358837995,-0.01673993493790024,1235,"['27_lag_34_median_traEC', '35_lag_cetTSjfm', '27_lag_36_median_traFSC', '27_lag_36_median_shSICmar', '27_lag_32_median_scpPSLjfm', '30_lag_labSSTjfm', '27_lag_35_median_traCA', '32_lag_nppc2SSTjfm', '36_lag_tripol3', '27_lag_30_median_tripol2', '27_lag_30_median_seurTSjfm', '27_lag_30_median_nhSICsep', '27_lag_30_median_atlSICsep', '33_lag_ensoSSTjfm', '27_lag_36_median_amo3', '27_lag_32_median_traIFC', '27_lag_31_median_stratZ50ndj01', '27_lag_32_median_eapPSLjfm', '27_lag_32_median_traWP', '27_lag_34_median_AMOCann', '27_lag_32_median_nhSICjfm', '32_lag_amo2', '27_lag_33_median_eurPSLjfm', '27_lag_30_median_atlSICjfm', '27_lag_34_median_ismPRjja', '27_lag_31_median_alpi', '36_lag_nhTSjfm', '27_lag_32_median_traBO', '27_lag_33_median_stratZ50ndj02', '27_lag_32_median_nhSICsep']","[0.04197831509061206, 0.016645579575987928, 0.07994465842376237, 0.06047122500965394, 0.06849456797390976, 0.11417429830587128, 0.022620286998224933, 0.015927560568020555, 0.04589913533575466, 0.07749700255729638, 0.14026010177710185, 0.08031509817134598, 0.034449664234832186, 0.007555018746202167, 0.04987924505167515, 0.1848790820899708, 0.026392659751524484, 0.09780021873265277, 0.21519162019576382, 0.14049438271986736, 0.08517387676141872, 0.24180406509401445, 0.08152432888983022, 0.0037494581202846483, 0.07343314343296443, 0.07673370929285593, 0.08608784897578575, 0.15780543576094483, 0.0007411542391524822, 0.126549372043338]","27_lag_34_median_traEC, 35_lag_cetTSjfm, 27_lag_36_median_traFSC, 27_lag_36_median_shSICmar, 27_lag_32_median_scpPSLjfm, 30_lag_labSSTjfm, 27_lag_35_median_traCA, 32_lag_nppc2SSTjfm, 36_lag_tripol3, 27_lag_30_median_tripol2, 27_lag_30_median_seurTSjfm, 27_lag_30_median_nhSICsep, 27_lag_30_median_atlSICsep, 33_lag_ensoSSTjfm, 27_lag_36_median_amo3, 27_lag_32_median_traIFC, 27_lag_31_median_stratZ50ndj01, 27_lag_32_median_eapPSLjfm, 27_lag_32_median_traWP, 27_lag_34_median_AMOCann, 27_lag_32_median_nhSICjfm, 32_lag_amo2, 27_lag_33_median_eurPSLjfm, 27_lag_30_median_atlSICjfm, 27_lag_34_median_ismPRjja, 27_lag_31_median_alpi, 36_lag_nhTSjfm, 27_lag_32_median_traBO, 27_lag_33_median_stratZ50ndj02, 27_lag_32_median_nhSICsep_1235_27"
LinearRegression,23,30,ensoSSTjfm,slow,889.5,2005.5,0.6,38,28,28,12.113652366261883,0.09419004124270637,1235,"['36_lag_ensoSSTjfm', '28_lag_31_median_traDS', '28_lag_33_median_atlSICsep', '36_lag_amo3', '28_lag_37_median_cetTSjfm', '31_lag_scpPSLjfm', '33_lag_tripol1', '28_lag_32_median_traTLS', '28_lag_35_median_yrvPRjja', '28_lag_35_median_traWP', '28_lag_35_median_ensoSSTjfm', '33_lag_traDP', '32_lag_shTSjfm', '37_lag_satlSSTjfm', '28_lag_31_median_nppc2SSTjfm', '34_lag_traDP', '28_lag_33_median_nhSICsep', '36_lag_pdoSSTjfm', '28_lag_32_median_mhfATL45', '28_lag_37_median_tripol1', '28_lag_36_median_traFSC', '28_lag_33_median_mhfIP30', '28_lag_33_median_nhSICjfm', '28_lag_32_median_yrvPRjja', '28_lag_32_median_neurTSjfm', '28_lag_35_median_traMC', '28_lag_31_median_nhSICjfm', '28_lag_33_median_amo1', '28_lag_31_median_shTSjfm', '28_lag_35_median_traIFC']","[0.04325310936843753, 0.015617628837408679, 0.08802615572802706, 0.022407123137010904, 0.1103968496683793, 0.024908708233401283, 0.09938772743406209, 0.0004873097518777677, 0.13028651511106898, 0.0363478601889555, 0.0026520007089411877, 0.18457630517717286, 0.05276215605291769, 0.05769257785494482, 0.01028054512672044, 0.1906636873118193, 0.09636198327042327, 0.024531333862352157, 0.0035879670177689565, 0.08149543195412959, 0.10001798414176882, 0.051157908556475444, 0.007398799576815324, 0.18321316674838733, 0.17642353411412529, 0.0626412426263807, 0.04491874648025545, 0.05455561485841143, 0.061425823294363496, 0.03369175420107264]","36_lag_ensoSSTjfm, 28_lag_31_median_traDS, 28_lag_33_median_atlSICsep, 36_lag_amo3, 28_lag_37_median_cetTSjfm, 31_lag_scpPSLjfm, 33_lag_tripol1, 28_lag_32_median_traTLS, 28_lag_35_median_yrvPRjja, 28_lag_35_median_traWP, 28_lag_35_median_ensoSSTjfm, 33_lag_traDP, 32_lag_shTSjfm, 37_lag_satlSSTjfm, 28_lag_31_median_nppc2SSTjfm, 34_lag_traDP, 28_lag_33_median_nhSICsep, 36_lag_pdoSSTjfm, 28_lag_32_median_mhfATL45, 28_lag_37_median_tripol1, 28_lag_36_median_traFSC, 28_lag_33_median_mhfIP30, 28_lag_33_median_nhSICjfm, 28_lag_32_median_yrvPRjja, 28_lag_32_median_neurTSjfm, 28_lag_35_median_traMC, 28_lag_31_median_nhSICjfm, 28_lag_33_median_amo1, 28_lag_31_median_shTSjfm, 28_lag_35_median_traIFC_1235_28"
LinearRegression,24,30,ensoSSTjfm,slow,890.5,2005.5,0.6,39,29,29,12.557427440581527,-0.07036755115549409,1235,"['32_lag_traIFC', '29_lag_33_median_atlSICjfm', '29_lag_32_median_traEU', '29_lag_36_median_traBS', '29_lag_32_median_satlSSTjfm', '29_lag_38_median_mhfIP30', '36_lag_pdoSSTjfm', '33_lag_traIT', '29_lag_35_median_traTLS', '29_lag_32_median_traCA', '33_lag_traDP', '34_lag_traDP', '29_lag_32_median_yrvPRjja', '29_lag_36_median_AMOCann', '29_lag_32_median_nppc2SSTjfm', '37_lag_amo1', '36_lag_labSSTjfm', '37_lag_pdoSSTjfm', '34_lag_amo1', '33_lag_tripol1', '29_lag_34_median_wnorPRjfm', '29_lag_32_median_mhfATL60', '29_lag_32_median_neurTSjfm', '29_lag_38_median_gyreSSTjfm', '29_lag_33_median_traIFC', '29_lag_34_median_mhfATL60', '29_lag_33_median_stratZ50ndj02', '29_lag_33_median_neurTSjfm', '29_lag_35_median_mhfATL45', '29_lag_34_median_nchinaPRjja']","[0.056768087148376244, 0.10998572621473479, 0.03770294972787012, 0.11669893044085759, 0.017421747594185525, 0.14435773256126427, 0.03694598003331264, 0.0532172712502032, 0.061150380599240495, 0.006881030697673405, 0.16992802862136966, 0.18780233871935856, 0.14969188039204895, 0.024672327591586225, 0.005934870216654365, 0.04192552264283649, 0.038420332064828526, 0.07877232964693057, 0.030716137529051887, 0.08274918458015285, 0.018187030477151266, 0.061541263096871884, 0.22782063084846202, 0.11019830990872781, 0.0526701930647746, 0.16173946966683062, 0.07762979565277878, 0.22666788663882112, 0.10718665802951831, 0.005060506657147112]","32_lag_traIFC, 29_lag_33_median_atlSICjfm, 29_lag_32_median_traEU, 29_lag_36_median_traBS, 29_lag_32_median_satlSSTjfm, 29_lag_38_median_mhfIP30, 36_lag_pdoSSTjfm, 33_lag_traIT, 29_lag_35_median_traTLS, 29_lag_32_median_traCA, 33_lag_traDP, 34_lag_traDP, 29_lag_32_median_yrvPRjja, 29_lag_36_median_AMOCann, 29_lag_32_median_nppc2SSTjfm, 37_lag_amo1, 36_lag_labSSTjfm, 37_lag_pdoSSTjfm, 34_lag_amo1, 33_lag_tripol1, 29_lag_34_median_wnorPRjfm, 29_lag_32_median_mhfATL60, 29_lag_32_median_neurTSjfm, 29_lag_38_median_gyreSSTjfm, 29_lag_33_median_traIFC, 29_lag_34_median_mhfATL60, 29_lag_33_median_stratZ50ndj02, 29_lag_33_median_neurTSjfm, 29_lag_35_median_mhfATL45, 29_lag_34_median_nchinaPRjja_1235_29"
LinearRegression,25,30,ensoSSTjfm,slow,891.5,2005.5,0.6,40,30,30,12.193171283380519,-0.004830591646215119,1235,"['37_lag_samPSLann', '30_lag_35_median_traMC', '30_lag_38_median_gyreSSTjfm', '30_lag_35_median_wnorPRjfm', '36_lag_satlSSTjfm', '30_lag_33_median_traDS', '30_lag_35_median_eapPSLjfm', '33_lag_labSSTjfm', '30_lag_35_median_traEU', '37_lag_gyreSSTjfm', '33_lag_traIT', '30_lag_39_median_traWP', '30_lag_39_median_traFS', '33_lag_traDP', '30_lag_33_median_traFB', '30_lag_34_median_stratZ50ndj04', '30_lag_39_median_tripol1', '38_lag_nhTSjfm', '34_lag_traDP', '36_lag_traDP', '30_lag_35_median_arcTSjfm', '30_lag_34_median_mhfIP30', '30_lag_39_median_alpi', '30_lag_35_median_seurTSjfm', '30_lag_33_median_tripol3', '30_lag_37_median_shSICmar', '30_lag_33_median_neurTSjfm', '30_lag_34_median_yrvPRjja', '30_lag_34_median_neurTSjfm', '30_lag_35_median_traIFC']","[0.01781679044774793, 0.07581754399380733, 0.06336797362692234, 0.10577933553758538, 0.055449466433918265, 0.03029743229224262, 0.09137545354684559, 0.1312301061713126, 0.057055250872938466, 0.002425568485552406, 0.022090788328672957, 0.03938787871864059, 0.009667048920415453, 0.20458847595238325, 0.020472880496113306, 0.07549713888579052, 0.005705065513366374, 0.141485887875829, 0.1128077036690613, 0.10567208217473782, 0.025598926028413644, 0.031088901334303337, 0.02397429751676529, 0.12501209548337397, 0.016960407740946114, 0.03959792918786923, 0.08450636157518132, 0.02781720594121733, 0.03503466332970048, 0.05334736045926884]","37_lag_samPSLann, 30_lag_35_median_traMC, 30_lag_38_median_gyreSSTjfm, 30_lag_35_median_wnorPRjfm, 36_lag_satlSSTjfm, 30_lag_33_median_traDS, 30_lag_35_median_eapPSLjfm, 33_lag_labSSTjfm, 30_lag_35_median_traEU, 37_lag_gyreSSTjfm, 33_lag_traIT, 30_lag_39_median_traWP, 30_lag_39_median_traFS, 33_lag_traDP, 30_lag_33_median_traFB, 30_lag_34_median_stratZ50ndj04, 30_lag_39_median_tripol1, 38_lag_nhTSjfm, 34_lag_traDP, 36_lag_traDP, 30_lag_35_median_arcTSjfm, 30_lag_34_median_mhfIP30, 30_lag_39_median_alpi, 30_lag_35_median_seurTSjfm, 30_lag_33_median_tripol3, 30_lag_37_median_shSICmar, 30_lag_33_median_neurTSjfm, 30_lag_34_median_yrvPRjja, 30_lag_34_median_neurTSjfm, 30_lag_35_median_traIFC_1235_30"
LinearRegression,26,30,ensoSSTjfm,slow,892.5,2005.5,0.6,41,31,31,12.512167489917278,-0.053752959659299805,1235,"['33_lag_traIT', '31_lag_36_median_tripol3', '31_lag_36_median_AMOCann', '31_lag_37_median_traIFC', '31_lag_40_median_traFB', '31_lag_35_median_traIT', '31_lag_38_median_tripol1', '31_lag_35_median_traFS', '36_lag_traIT', '33_lag_traDP', '38_lag_gyreSSTjfm', '40_lag_gyreSSTjfm', '31_lag_nhSICjfm', '31_lag_36_median_seurTSjfm', '35_lag_nhTSjfm', '34_lag_traDP', '34_lag_AMOCann', '31_lag_34_median_atlSICjfm', '31_lag_37_median_stratZ50ndj02', '34_lag_nhSICjfm', '31_lag_glomaSSTjfm', '39_lag_amoSSTmjjaso', '31_lag_34_median_traFB', '31_lag_34_median_traBO', '31_lag_36_median_shSICmar', '31_lag_36_median_traWP', '31_lag_36_median_traEC', '31_lag_38_median_mhfATL45', '31_lag_38_median_amo3', '31_lag_34_median_eurPSLjfm']","[0.0257548292436175, 0.03758235258545272, 0.02545003863905276, 0.007893257894819662, 0.051496542524233406, 0.023572181629496203, 0.010465038448085153, 0.03153188704247099, 0.05898317677685502, 0.17793658993585704, 0.03924189728419659, 0.05119569779833769, 0.070674047724518, 0.14314748842526248, 0.018226364763336864, 0.17641987210006485, 0.06276100583241583, 0.044501736838791425, 0.010406685517369054, 0.048475345532337066, 0.14910441318597634, 0.038643779031805596, 0.10821842705824465, 0.04444070361156949, 0.02998314655258715, 0.1276601582623491, 0.1540525766705655, 0.021530967791741597, 0.011947151945373323, 0.15713130070946102]","33_lag_traIT, 31_lag_36_median_tripol3, 31_lag_36_median_AMOCann, 31_lag_37_median_traIFC, 31_lag_40_median_traFB, 31_lag_35_median_traIT, 31_lag_38_median_tripol1, 31_lag_35_median_traFS, 36_lag_traIT, 33_lag_traDP, 38_lag_gyreSSTjfm, 40_lag_gyreSSTjfm, 31_lag_nhSICjfm, 31_lag_36_median_seurTSjfm, 35_lag_nhTSjfm, 34_lag_traDP, 34_lag_AMOCann, 31_lag_34_median_atlSICjfm, 31_lag_37_median_stratZ50ndj02, 34_lag_nhSICjfm, 31_lag_glomaSSTjfm, 39_lag_amoSSTmjjaso, 31_lag_34_median_traFB, 31_lag_34_median_traBO, 31_lag_36_median_shSICmar, 31_lag_36_median_traWP, 31_lag_36_median_traEC, 31_lag_38_median_mhfATL45, 31_lag_38_median_amo3, 31_lag_34_median_eurPSLjfm_1235_31"
LinearRegression,27,30,ensoSSTjfm,slow,893.5,2005.5,0.6,42,32,32,12.048584564034845,0.11287201093164047,1235,"['32_lag_35_median_mhfATL60', '35_lag_naoPSLjfm', '32_lag_35_median_mhfATL45', '39_lag_amoSSTmjjaso', '40_lag_amoSSTmjjaso', '35_lag_amoSSTmjjaso', '32_lag_38_median_mhfATL45', '37_lag_nppc3SSTjfm', '40_lag_amo2', '32_lag_39_median_traTLS', '32_lag_41_median_traBS', '32_lag_39_median_nhTSjfm', '32_lag_41_median_nppc3SSTjfm', '36_lag_pdoSSTjfm', '32_lag_37_median_atlSICsep', '34_lag_tripol2', '35_lag_pdoSSTjfm', '34_lag_shTSjfm', '32_lag_35_median_eurPSLjfm', '32_lag_glomaSSTjfm', '32_lag_35_median_traBO', '32_lag_37_median_traIT', '32_lag_39_median_stratZ50ndj02', '32_lag_39_median_traFS', '34_lag_amo1', '32_lag_41_median_scpPSLjfm', '38_lag_nppc3SSTjfm', '32_lag_37_median_gyreSSTjfm', '32_lag_36_median_eapPSLjfm', '32_lag_39_median_traBS']","[0.065259968164142, 0.0618398180749308, 0.08058844560413939, 0.037485293971930504, 0.09273654455240846, 0.17792882686126255, 0.13538146745030255, 0.1682456583865469, 0.11690584452725519, 0.059824345987660586, 0.01203617993900091, 0.046497609950103165, 0.12706545445681205, 0.019848340074309984, 0.035010987585520834, 0.024704737119839983, 0.033447116256196306, 0.01159981712279593, 0.021053269015547126, 0.02065020721478055, 0.03642455124318377, 0.04807479780094182, 0.047153809871812946, 0.08362878650024634, 0.07416691267147268, 0.026552986799088754, 0.15753923259847255, 0.11116378568293603, 0.04811506950257355, 0.012783841879055484]","32_lag_35_median_mhfATL60, 35_lag_naoPSLjfm, 32_lag_35_median_mhfATL45, 39_lag_amoSSTmjjaso, 40_lag_amoSSTmjjaso, 35_lag_amoSSTmjjaso, 32_lag_38_median_mhfATL45, 37_lag_nppc3SSTjfm, 40_lag_amo2, 32_lag_39_median_traTLS, 32_lag_41_median_traBS, 32_lag_39_median_nhTSjfm, 32_lag_41_median_nppc3SSTjfm, 36_lag_pdoSSTjfm, 32_lag_37_median_atlSICsep, 34_lag_tripol2, 35_lag_pdoSSTjfm, 34_lag_shTSjfm, 32_lag_35_median_eurPSLjfm, 32_lag_glomaSSTjfm, 32_lag_35_median_traBO, 32_lag_37_median_traIT, 32_lag_39_median_stratZ50ndj02, 32_lag_39_median_traFS, 34_lag_amo1, 32_lag_41_median_scpPSLjfm, 38_lag_nppc3SSTjfm, 32_lag_37_median_gyreSSTjfm, 32_lag_36_median_eapPSLjfm, 32_lag_39_median_traBS_1235_32"
LinearRegression,28,30,ensoSSTjfm,slow,894.5,2005.5,0.6,43,33,33,12.530492332084364,0.0015168068188597494,1235,"['33_lag_40_median_traDS', '33_lag_42_median_arcTSjfm', '33_lag_36_median_mhfATL30', '39_lag_amo1', '33_lag_38_median_traEC', '33_lag_40_median_stratZ50ndj01', '33_lag_40_median_mhfATL60', '33_lag_36_median_glTSjfm', '33_lag_42_median_traEU', '37_lag_AMOCann', '33_lag_41_median_traEU', '33_lag_39_median_mhfIP30', '33_lag_traDP', '35_lag_pdoSSTjfm', '33_lag_39_median_traWP', '33_lag_42_median_eurPSLjfm', '33_lag_38_median_cetTSjfm', '42_lag_traDP', '40_lag_amo2', '33_lag_36_median_traFB', '33_lag_36_median_shTSjfm', '36_lag_traDP', '40_lag_shTSjfm', '33_lag_glomaSSTjfm', '33_lag_36_median_eapPSLjfm', '33_lag_39_median_traTLS', '33_lag_42_median_traIT', '33_lag_42_median_amo1', '33_lag_36_median_traIFC', '36_lag_labSSTjfm']","[0.0019585067374382143, 0.13722323520242555, 0.10774280980788331, 0.00040571873633540417, 0.055439317542188345, 0.13950818705602763, 0.19381575301311554, 0.18635585473590813, 0.05073109870387555, 0.04164949798640044, 0.03526067890071339, 0.019772972136972728, 0.12255543692715733, 0.023260244410048845, 0.11864712784005016, 0.22430794380304478, 0.060761009226747986, 0.11566467037367706, 0.09569219507989242, 0.21300645454576445, 0.05911746229016663, 0.22905258486159547, 0.002579472705816178, 0.12166220906789377, 0.02503496823150736, 0.1160702788234104, 0.056636213736135546, 0.1713794829318734, 0.007916720952233267, 0.051452935150447854]","33_lag_40_median_traDS, 33_lag_42_median_arcTSjfm, 33_lag_36_median_mhfATL30, 39_lag_amo1, 33_lag_38_median_traEC, 33_lag_40_median_stratZ50ndj01, 33_lag_40_median_mhfATL60, 33_lag_36_median_glTSjfm, 33_lag_42_median_traEU, 37_lag_AMOCann, 33_lag_41_median_traEU, 33_lag_39_median_mhfIP30, 33_lag_traDP, 35_lag_pdoSSTjfm, 33_lag_39_median_traWP, 33_lag_42_median_eurPSLjfm, 33_lag_38_median_cetTSjfm, 42_lag_traDP, 40_lag_amo2, 33_lag_36_median_traFB, 33_lag_36_median_shTSjfm, 36_lag_traDP, 40_lag_shTSjfm, 33_lag_glomaSSTjfm, 33_lag_36_median_eapPSLjfm, 33_lag_39_median_traTLS, 33_lag_42_median_traIT, 33_lag_42_median_amo1, 33_lag_36_median_traIFC, 36_lag_labSSTjfm_1235_33"
LinearRegression,29,30,ensoSSTjfm,slow,895.5,2005.5,0.6,44,34,34,12.674908876610209,-0.052782875064193026,1235,"['34_lag_40_median_stratZ50ndj04', '34_lag_41_median_traFB', '37_lag_seurTSjfm', '34_lag_37_median_mhfATL60', '38_lag_stratZ50ndj04', '34_lag_39_median_stratZ50ndj03', '41_lag_amo3', '34_lag_37_median_traFB', '34_lag_37_median_cetTSjfm', '34_lag_42_median_tripol2', '40_lag_amo3', '34_lag_41_median_nhSICjfm', '34_lag_37_median_traBO', '34_lag_43_median_traBO', '34_lag_43_median_traCA', '40_lag_stratZ50ndj04', '34_lag_43_median_ormenSSTjfm', '34_lag_39_median_traCA', '40_lag_amo2', '34_lag_amo1', '34_lag_41_median_traDS', '38_lag_traDP', '34_lag_43_median_nhSICjfm', '34_lag_41_median_nppc2SSTjfm', '34_lag_43_median_samPSLann', '34_lag_37_median_labSSTjfm', '39_lag_traDP', '41_lag_wnorPRjfm', '34_lag_41_median_mhfATL45', '36_lag_traDP']","[0.10869822649016551, 0.007587637896277068, 0.03747810493587616, 0.0043284914303624005, 0.1496432353383138, 0.12063868066310388, 0.014279601369205063, 0.020125217341835717, 0.008233822032892128, 0.24733045193571074, 0.03943406938405614, 0.016399728066346216, 0.08401488160980182, 0.23529134348532096, 0.26981508164955864, 0.02206521461549009, 0.03787947446271737, 0.2087054641736226, 0.07895160924505124, 0.00460522980279905, 0.08436593882574216, 0.21394354329596846, 0.1416086709004899, 0.03214394811477313, 0.24472705229894506, 0.0820037770593756, 0.038746706550646944, 0.03647460948663824, 0.002872086309556365, 0.27678140797233736]","34_lag_40_median_stratZ50ndj04, 34_lag_41_median_traFB, 37_lag_seurTSjfm, 34_lag_37_median_mhfATL60, 38_lag_stratZ50ndj04, 34_lag_39_median_stratZ50ndj03, 41_lag_amo3, 34_lag_37_median_traFB, 34_lag_37_median_cetTSjfm, 34_lag_42_median_tripol2, 40_lag_amo3, 34_lag_41_median_nhSICjfm, 34_lag_37_median_traBO, 34_lag_43_median_traBO, 34_lag_43_median_traCA, 40_lag_stratZ50ndj04, 34_lag_43_median_ormenSSTjfm, 34_lag_39_median_traCA, 40_lag_amo2, 34_lag_amo1, 34_lag_41_median_traDS, 38_lag_traDP, 34_lag_43_median_nhSICjfm, 34_lag_41_median_nppc2SSTjfm, 34_lag_43_median_samPSLann, 34_lag_37_median_labSSTjfm, 39_lag_traDP, 41_lag_wnorPRjfm, 34_lag_41_median_mhfATL45, 36_lag_traDP_1235_34"
LinearRegression,30,30,ensoSSTjfm,slow,896.5,2005.5,0.6,45,35,35,12.440182760715938,-0.002742593022578729,1235,"['40_lag_amo2', '43_lag_amo1', '35_lag_40_median_traFB', '41_lag_amo2', '35_lag_42_median_wnorPRjfm', '35_lag_42_median_mhfATL30', '35_lag_42_median_ormenSSTjfm', '39_lag_labSSTjfm', '35_lag_38_median_traEU', '35_lag_39_median_traBS', '35_lag_42_median_mhfATL45', '35_lag_41_median_scpPSLjfm', '35_lag_44_median_mhfATL60', '35_lag_40_median_scpPSLjfm', '35_lag_40_median_amo2', '35_lag_41_median_traEC', '35_lag_39_median_traIFC', '35_lag_44_median_shSICmar', '35_lag_38_median_eurPSLjfm', '35_lag_39_median_traIT', '35_lag_42_median_stratZ50ndj04', '35_lag_39_median_stratZ50ndj01', '35_lag_40_median_stratZ50ndj02', '43_lag_nppc3SSTjfm', '35_lag_38_median_traMC', '35_lag_40_median_mhfATL60', '35_lag_38_median_amoSSTmjjaso', '35_lag_naoPSLjfm', '41_lag_wnorPRjfm', '35_lag_38_median_stratZ50ndj04']","[0.2953165825295124, 0.12224830180668142, 0.05147121242548565, 0.19527886860450633, 0.015072948153886401, 0.0174726943193936, 0.027381235446976463, 0.07751974708923769, 0.036888835801017754, 0.0066186977278412575, 0.03200456780339879, 0.12643380776050236, 0.08677353186498422, 0.12493466026792921, 0.2107347637064386, 0.03227560122138512, 0.023069530214496085, 0.03406045989500831, 0.08683933563305915, 0.025682639118474612, 0.22627165553245784, 0.06319614214832119, 0.0006278562263269134, 0.07199793186657566, 0.09737029408542838, 0.2373623915251439, 0.14486209716893084, 0.04013311995375862, 0.014557702928465588, 0.04384137406110053]","40_lag_amo2, 43_lag_amo1, 35_lag_40_median_traFB, 41_lag_amo2, 35_lag_42_median_wnorPRjfm, 35_lag_42_median_mhfATL30, 35_lag_42_median_ormenSSTjfm, 39_lag_labSSTjfm, 35_lag_38_median_traEU, 35_lag_39_median_traBS, 35_lag_42_median_mhfATL45, 35_lag_41_median_scpPSLjfm, 35_lag_44_median_mhfATL60, 35_lag_40_median_scpPSLjfm, 35_lag_40_median_amo2, 35_lag_41_median_traEC, 35_lag_39_median_traIFC, 35_lag_44_median_shSICmar, 35_lag_38_median_eurPSLjfm, 35_lag_39_median_traIT, 35_lag_42_median_stratZ50ndj04, 35_lag_39_median_stratZ50ndj01, 35_lag_40_median_stratZ50ndj02, 43_lag_nppc3SSTjfm, 35_lag_38_median_traMC, 35_lag_40_median_mhfATL60, 35_lag_38_median_amoSSTmjjaso, 35_lag_naoPSLjfm, 41_lag_wnorPRjfm, 35_lag_38_median_stratZ50ndj04_1235_35"
LinearRegression,31,30,ensoSSTjfm,slow,897.5,2005.5,0.6,46,36,36,12.69465331572055,-0.032817905439735603,1235,"['42_lag_amo3', '43_lag_labSSTjfm', '36_lag_43_median_stratZ50ndj01', '36_lag_pdoSSTjfm', '36_lag_40_median_ormenSSTjfm', '44_lag_amoSSTmjjaso', '36_lag_41_median_traFB', '36_lag_traDP', '36_lag_45_median_stratZ50ndj02', '36_lag_45_median_traCA', '36_lag_39_median_stratZ50ndj04', '36_lag_43_median_atlSICsep', '36_lag_45_median_nppc2SSTjfm', '36_lag_44_median_traTLS', '36_lag_39_median_eapPSLjfm', '36_lag_41_median_arcTSjfm', '36_lag_43_median_mhfATL45', '36_lag_43_median_eapPSLjfm', '36_lag_41_median_tripol1', '36_lag_39_median_cetTSjfm', '36_lag_42_median_ormenSSTjfm', '36_lag_41_median_seurTSjfm', '36_lag_40_median_mhfATL60', '36_lag_39_median_scpPSLjfm', '36_lag_44_median_ismPRjja', '36_lag_41_median_traEC', '36_lag_39_median_traMC', '36_lag_41_median_traMC', '40_lag_amo2', '36_lag_41_median_mhfATL45']","[0.11732768333162241, 0.04355195648434547, 0.02277046581341828, 0.05721959026601662, 0.29763711450842856, 0.05195810435275588, 0.11299867180251026, 0.02728716813649374, 0.0390358737638095, 0.11748856403120608, 0.11844124658227423, 0.10976140762676552, 0.027718641831596395, 0.06788902751563906, 0.06974625077710904, 0.24005307047915161, 0.2922208960273437, 0.06252289143309403, 0.18542191304957414, 0.03709302370146766, 0.32155139174230435, 0.048774721342639035, 0.0069178914493117725, 0.18635341918455778, 0.01045958382080845, 0.025843341420035016, 0.14716760230909903, 0.029308178035711112, 0.0929820808168737, 0.25045128119879795]","42_lag_amo3, 43_lag_labSSTjfm, 36_lag_43_median_stratZ50ndj01, 36_lag_pdoSSTjfm, 36_lag_40_median_ormenSSTjfm, 44_lag_amoSSTmjjaso, 36_lag_41_median_traFB, 36_lag_traDP, 36_lag_45_median_stratZ50ndj02, 36_lag_45_median_traCA, 36_lag_39_median_stratZ50ndj04, 36_lag_43_median_atlSICsep, 36_lag_45_median_nppc2SSTjfm, 36_lag_44_median_traTLS, 36_lag_39_median_eapPSLjfm, 36_lag_41_median_arcTSjfm, 36_lag_43_median_mhfATL45, 36_lag_43_median_eapPSLjfm, 36_lag_41_median_tripol1, 36_lag_39_median_cetTSjfm, 36_lag_42_median_ormenSSTjfm, 36_lag_41_median_seurTSjfm, 36_lag_40_median_mhfATL60, 36_lag_39_median_scpPSLjfm, 36_lag_44_median_ismPRjja, 36_lag_41_median_traEC, 36_lag_39_median_traMC, 36_lag_41_median_traMC, 40_lag_amo2, 36_lag_41_median_mhfATL45_1235_36"
LinearRegression,32,30,ensoSSTjfm,slow,898.5,2005.5,0.6,47,37,37,12.441768011756226,-0.05777575084267151,1235,"['37_lag_40_median_wnorPRjfm', '37_lag_45_median_traMC', '41_lag_amoSSTmjjaso', '37_lag_42_median_seurTSjfm', '37_lag_46_median_stratZ50ndj02', '37_lag_42_median_shSICsep', '37_lag_41_median_ismPRjja', '37_lag_41_median_naoPSLjfm', '43_lag_labSSTjfm', '37_lag_42_median_amo1', '37_lag_gyreSSTjfm', '41_lag_mhfIP30', '37_lag_41_median_stratZ50ndj02', '37_lag_42_median_nppc2SSTjfm', '37_lag_42_median_mhfATL30', '37_lag_41_median_mhfATL45', '42_lag_AMOCann', '37_lag_40_median_gyreSSTjfm', '37_lag_41_median_ormenSSTjfm', '37_lag_41_median_atlSICjfm', '37_lag_41_median_stratZ50ndj01', '37_lag_42_median_traIFC', '44_lag_mhfATL45', '37_lag_41_median_samPSLann', '37_lag_41_median_scpPSLjfm', '41_lag_tripol1', '37_lag_44_median_AMOCann', '46_lag_tripol2', '37_lag_40_median_naoPSLjfm', '37_lag_44_median_ismPRjja']","[0.06360595897368615, 0.06376322472536038, 0.04453874374115721, 0.04434697694407519, 0.07148006759196435, 0.06930301796557045, 0.08990052800020387, 0.014634048154326939, 0.024645441028243276, 0.11812912472314387, 0.033012273637899096, 0.01632848876750688, 0.06061637554051163, 0.06727280927261145, 0.007631857741542751, 0.048263161204732896, 0.06778860669003609, 0.007089931343761187, 0.10673973912875427, 0.06901850104852698, 0.017376131662496314, 0.14757803231043254, 0.06552724794836425, 0.10148977727738148, 0.05884699288786681, 0.020389752304619632, 0.1715508278030789, 0.03353323649404588, 0.016290769882435913, 0.15369478136427056]","37_lag_40_median_wnorPRjfm, 37_lag_45_median_traMC, 41_lag_amoSSTmjjaso, 37_lag_42_median_seurTSjfm, 37_lag_46_median_stratZ50ndj02, 37_lag_42_median_shSICsep, 37_lag_41_median_ismPRjja, 37_lag_41_median_naoPSLjfm, 43_lag_labSSTjfm, 37_lag_42_median_amo1, 37_lag_gyreSSTjfm, 41_lag_mhfIP30, 37_lag_41_median_stratZ50ndj02, 37_lag_42_median_nppc2SSTjfm, 37_lag_42_median_mhfATL30, 37_lag_41_median_mhfATL45, 42_lag_AMOCann, 37_lag_40_median_gyreSSTjfm, 37_lag_41_median_ormenSSTjfm, 37_lag_41_median_atlSICjfm, 37_lag_41_median_stratZ50ndj01, 37_lag_42_median_traIFC, 44_lag_mhfATL45, 37_lag_41_median_samPSLann, 37_lag_41_median_scpPSLjfm, 41_lag_tripol1, 37_lag_44_median_AMOCann, 46_lag_tripol2, 37_lag_40_median_naoPSLjfm, 37_lag_44_median_ismPRjja_1235_37"
LinearRegression,33,30,ensoSSTjfm,slow,899.5,2005.5,0.6,48,38,38,12.613818867023499,-0.022657058574469813,1235,"['38_lag_42_median_neurTSjfm', '38_lag_47_median_traFB', '38_lag_43_median_mhfIP30', '38_lag_47_median_cetTSjfm', '45_lag_amoSSTmjjaso', '38_lag_47_median_traFSC', '38_lag_41_median_traDP', '44_lag_mhfATL30', '38_lag_43_median_traBS', '38_lag_47_median_eapPSLjfm', '40_lag_amo2', '38_lag_41_median_cetTSjfm', '38_lag_41_median_ormenSSTjfm', '46_lag_amoSSTmjjaso', '47_lag_tripol2', '38_lag_47_median_tripol1', '38_lag_46_median_alpi', '42_lag_amo3', '38_lag_46_median_traBS', '43_lag_amo2', '38_lag_43_median_traIFC', '38_lag_41_median_traIFC', '38_lag_44_median_nchinaPRjja', '40_lag_labSSTjfm', '38_lag_45_median_mhfATL30', '43_lag_nppc3SSTjfm', '38_lag_45_median_eapPSLjfm', '38_lag_47_median_mhfATL30', '38_lag_41_median_tripol1', '38_lag_45_median_wnorPRjfm']","[0.0020419600056952414, 0.19795354040572827, 0.053088807234119975, 0.15936953510010834, 0.02718525968479575, 0.2125710970142903, 0.012969694192563922, 0.05513871302454989, 0.03427196078473989, 0.1791532538763095, 0.14554721311759633, 0.06471947005832841, 0.05862817334247405, 0.056996821319204166, 0.001827774972716373, 0.04333056841903423, 0.026270343758155103, 0.15135544875171925, 0.03499102097331074, 0.02004584706109244, 0.20653582587113595, 0.10666598392730248, 0.020653377213291094, 0.0766787655583887, 0.17275249939773493, 0.07155587308068657, 0.22849219168405568, 0.044851748159704295, 0.0785449875431933, 0.15605489545728002]","38_lag_42_median_neurTSjfm, 38_lag_47_median_traFB, 38_lag_43_median_mhfIP30, 38_lag_47_median_cetTSjfm, 45_lag_amoSSTmjjaso, 38_lag_47_median_traFSC, 38_lag_41_median_traDP, 44_lag_mhfATL30, 38_lag_43_median_traBS, 38_lag_47_median_eapPSLjfm, 40_lag_amo2, 38_lag_41_median_cetTSjfm, 38_lag_41_median_ormenSSTjfm, 46_lag_amoSSTmjjaso, 47_lag_tripol2, 38_lag_47_median_tripol1, 38_lag_46_median_alpi, 42_lag_amo3, 38_lag_46_median_traBS, 43_lag_amo2, 38_lag_43_median_traIFC, 38_lag_41_median_traIFC, 38_lag_44_median_nchinaPRjja, 40_lag_labSSTjfm, 38_lag_45_median_mhfATL30, 43_lag_nppc3SSTjfm, 38_lag_45_median_eapPSLjfm, 38_lag_47_median_mhfATL30, 38_lag_41_median_tripol1, 38_lag_45_median_wnorPRjfm_1235_38"
LinearRegression,34,30,ensoSSTjfm,slow,900.5,2005.5,0.6,49,39,39,12.882198893902993,-0.08402687198336309,1235,"['39_lag_45_median_nchinaPRjja', '39_lag_48_median_mhfATL45', '39_lag_48_median_ginwSSTjfm', '39_lag_47_median_ginwSSTjfm', '47_lag_satlSSTjfm', '46_lag_gyreSSTjfm', '39_lag_46_median_traFS', '39_lag_46_median_alpi', '39_lag_47_median_wnorPRjfm', '42_lag_naoPSLjfm', '39_lag_46_median_seurTSjfm', '39_lag_48_median_labSSTjfm', '41_lag_amo1', '39_lag_44_median_nhTSjfm', '39_lag_ormenSSTjfm', '39_lag_46_median_traBS', '39_lag_44_median_traFB', '39_lag_44_median_traEC', '39_lag_42_median_nhTSjfm', '39_lag_46_median_traMC', '39_lag_44_median_mhfATL30', '39_lag_48_median_stratZ50ndj04', '39_lag_44_median_seurTSjfm', '39_lag_42_median_cetTSjfm', '44_lag_arcTSjfm', '44_lag_glomaSSTjfm', '44_lag_mhfATL45', '39_lag_48_median_traFS', '43_lag_nppc3SSTjfm', '39_lag_48_median_traBO']","[0.059983465764066005, 0.13765661464565193, 0.4707354000784805, 0.4462082216643146, 0.09794034064992792, 0.026831912800682547, 0.2357098964652525, 0.032599038642730185, 0.08957745901753714, 0.04878921476124578, 0.06944432984506795, 0.08925675411842747, 0.012650938908886297, 0.3372258225881723, 0.00991156037393974, 0.11243524426541054, 0.014974616212469627, 0.08997701414996423, 0.3610056652890502, 0.15950149352330192, 0.0448950515341952, 0.14750203566752798, 0.03375770163760203, 0.06885966041137152, 0.13228554425418365, 0.18010761383936194, 0.13938814895204538, 0.3125022114690946, 0.14470343091430404, 0.18156421528455569]","39_lag_45_median_nchinaPRjja, 39_lag_48_median_mhfATL45, 39_lag_48_median_ginwSSTjfm, 39_lag_47_median_ginwSSTjfm, 47_lag_satlSSTjfm, 46_lag_gyreSSTjfm, 39_lag_46_median_traFS, 39_lag_46_median_alpi, 39_lag_47_median_wnorPRjfm, 42_lag_naoPSLjfm, 39_lag_46_median_seurTSjfm, 39_lag_48_median_labSSTjfm, 41_lag_amo1, 39_lag_44_median_nhTSjfm, 39_lag_ormenSSTjfm, 39_lag_46_median_traBS, 39_lag_44_median_traFB, 39_lag_44_median_traEC, 39_lag_42_median_nhTSjfm, 39_lag_46_median_traMC, 39_lag_44_median_mhfATL30, 39_lag_48_median_stratZ50ndj04, 39_lag_44_median_seurTSjfm, 39_lag_42_median_cetTSjfm, 44_lag_arcTSjfm, 44_lag_glomaSSTjfm, 44_lag_mhfATL45, 39_lag_48_median_traFS, 43_lag_nppc3SSTjfm, 39_lag_48_median_traBO_1235_39"
LinearRegression,35,30,ensoSSTjfm,slow,901.5,2005.5,0.6,50,40,40,12.970609723593823,-0.12556745243476922,1235,"['44_lag_amo2', '40_lag_43_median_scpPSLjfm', '40_lag_48_median_amo3', '40_lag_43_median_traTLS', '44_lag_arcTSjfm', '40_lag_45_median_mhfATL60', '40_lag_49_median_eapPSLjfm', '44_lag_mhfATL30', '40_lag_43_median_traDS', '40_lag_46_median_traTLS', '44_lag_mhfATL45', '40_lag_45_median_traDS', '40_lag_44_median_alpi', '43_lag_nhSICsep', '40_lag_43_median_traIT', '40_lag_45_median_nhSICsep', '49_lag_pdoSSTjfm', '40_lag_49_median_traFS', '40_lag_47_median_wnorPRjfm', '40_lag_49_median_alpi', '40_lag_45_median_traMC', '40_lag_48_median_mhfIP30', '43_lag_amo1', '40_lag_49_median_mhfIP30', '40_lag_44_median_mhfATL30', '40_lag_45_median_traEC', '40_lag_46_median_mhfATL45', '40_lag_49_median_amo3', '47_lag_gyreSSTjfm', '40_lag_45_median_seurTSjfm']","[0.0348913323411532, 0.09915885278704697, 0.4171721471924891, 0.07962429675486347, 0.047296585651331616, 0.01749259490658842, 0.0007538584749986547, 0.09236949923047273, 0.014349362363122073, 0.15110194583032596, 0.12028373849650598, 0.11578852223142527, 0.09392166403903966, 0.23864703633885265, 0.008767094066042607, 0.30700710655320484, 0.08814297054812426, 0.16890402984645084, 0.20489208071873982, 0.09307247851878472, 0.00118003959043253, 0.06586304424426957, 0.09249875863640539, 0.5029661578685731, 0.10279240821553225, 0.08651229677725224, 0.21022384410790912, 0.45110011485099233, 0.026417414545713235, 0.053806616089801584]","44_lag_amo2, 40_lag_43_median_scpPSLjfm, 40_lag_48_median_amo3, 40_lag_43_median_traTLS, 44_lag_arcTSjfm, 40_lag_45_median_mhfATL60, 40_lag_49_median_eapPSLjfm, 44_lag_mhfATL30, 40_lag_43_median_traDS, 40_lag_46_median_traTLS, 44_lag_mhfATL45, 40_lag_45_median_traDS, 40_lag_44_median_alpi, 43_lag_nhSICsep, 40_lag_43_median_traIT, 40_lag_45_median_nhSICsep, 49_lag_pdoSSTjfm, 40_lag_49_median_traFS, 40_lag_47_median_wnorPRjfm, 40_lag_49_median_alpi, 40_lag_45_median_traMC, 40_lag_48_median_mhfIP30, 43_lag_amo1, 40_lag_49_median_mhfIP30, 40_lag_44_median_mhfATL30, 40_lag_45_median_traEC, 40_lag_46_median_mhfATL45, 40_lag_49_median_amo3, 47_lag_gyreSSTjfm, 40_lag_45_median_seurTSjfm_1235_40"
LinearRegression,36,30,ensoSSTjfm,slow,902.5,2005.5,0.6,51,41,41,12.634448821523057,0.0098371004545623,1235,"['43_lag_amo1', '43_lag_nhSICsep', '41_lag_44_median_ormenSSTjfm', '41_lag_44_median_traDS', '44_lag_atlSICjfm', '41_lag_44_median_wnorPRjfm', '41_lag_46_median_mhfATL60', '41_lag_47_median_traCA', '46_lag_ormenSSTjfm', '48_lag_amo2', '45_lag_mhfATL45', '41_lag_45_median_alpi', '41_lag_46_median_traIT', '41_lag_45_median_wnorPRjfm', '41_lag_44_median_amo1', '41_lag_48_median_stratZ50ndj03', '41_lag_44_median_nppc3SSTjfm', '41_lag_44_median_amoSSTmjjaso', '41_lag_45_median_stratZ50ndj03', '43_lag_amo3', '50_lag_amoSSTmjjaso', '41_lag_47_median_nppc2SSTjfm', '43_lag_tripol1', '41_lag_46_median_mhfATL45', '41_lag_47_median_wnorPRjfm', '41_lag_46_median_traMC', '44_lag_amo2', '41_lag_44_median_eurPSLjfm', '41_lag_44_median_traFS', '41_lag_46_median_mhfATL30']","[0.04362263445314938, 0.19550137639467202, 0.03404219522871964, 0.022318370025730467, 0.057306652067554364, 0.0777668173974752, 0.13820853073062847, 0.055552774792983685, 0.05361275507022292, 0.14048085718892997, 0.07164100870742329, 0.04876413130840152, 0.038479128782357666, 0.20782209586770903, 0.049390662160241364, 0.3010747472097774, 0.10994505890617544, 0.05902825901194994, 0.28594747325301134, 0.006440012805638065, 0.09453424082070841, 0.04227586409162831, 0.06855431240075764, 0.055295642497066484, 0.04523128605920505, 0.06569565393282076, 0.09356124796443771, 0.08621750540265605, 0.06937091860348378, 0.1054102142807605]","43_lag_amo1, 43_lag_nhSICsep, 41_lag_44_median_ormenSSTjfm, 41_lag_44_median_traDS, 44_lag_atlSICjfm, 41_lag_44_median_wnorPRjfm, 41_lag_46_median_mhfATL60, 41_lag_47_median_traCA, 46_lag_ormenSSTjfm, 48_lag_amo2, 45_lag_mhfATL45, 41_lag_45_median_alpi, 41_lag_46_median_traIT, 41_lag_45_median_wnorPRjfm, 41_lag_44_median_amo1, 41_lag_48_median_stratZ50ndj03, 41_lag_44_median_nppc3SSTjfm, 41_lag_44_median_amoSSTmjjaso, 41_lag_45_median_stratZ50ndj03, 43_lag_amo3, 50_lag_amoSSTmjjaso, 41_lag_47_median_nppc2SSTjfm, 43_lag_tripol1, 41_lag_46_median_mhfATL45, 41_lag_47_median_wnorPRjfm, 41_lag_46_median_traMC, 44_lag_amo2, 41_lag_44_median_eurPSLjfm, 41_lag_44_median_traFS, 41_lag_46_median_mhfATL30_1235_41"
LinearRegression,37,30,ensoSSTjfm,slow,903.5,2005.5,0.6,52,42,42,12.624045700201732,-0.026536872904326027,1235,"['42_lag_47_median_traIT', '42_lag_47_median_nppc2SSTjfm', '42_lag_45_median_neurTSjfm', '42_lag_50_median_mhfIP30', '42_lag_51_median_nhSICsep', '51_lag_amoSSTmjjaso', '47_lag_glomaSSTjfm', '42_lag_48_median_mhfATL60', '51_lag_nhSICjfm', '42_lag_47_median_mhfATL30', '47_lag_amoSSTmjjaso', '42_lag_45_median_nppc2SSTjfm', '42_lag_45_median_eurPSLjfm', '45_lag_shTSjfm', '44_lag_labSSTjfm', '51_lag_amo1', '42_lag_43_median_tripol1', '43_lag_tripol1', '50_lag_pdoSSTjfm', '48_lag_amo2', '42_lag_50_median_traEU', '42_lag_49_median_yrvPRjja', '42_lag_46_median_atlSICsep', '42_lag_amo3', '42_lag_49_median_traEU', '42_lag_48_median_wnorPRjfm', '42_lag_47_median_yrvPRjja', '42_lag_51_median_shSICmar', '42_lag_46_median_traIT', '42_lag_45_median_mhfATL60']","[0.26234861180333724, 0.022827899381585998, 0.007400569093756786, 0.13253705931055268, 0.19937459598749158, 0.08958925815014274, 0.012466562112091325, 0.1342253812649994, 0.15750130037916757, 0.01740142165191882, 0.021253498854107416, 0.04191221150126352, 0.029963739621123506, 0.1536304019891836, 0.07418760590605081, 0.11155046057098891, 0.0246315573584217, 0.024631557358418227, 0.002804376891693633, 0.11129558379317042, 0.35620034090120406, 0.19751117269590282, 0.036846204311906564, 0.07757922445448724, 0.4887470982500569, 0.07343353595754251, 0.2260425962544887, 0.05807755131464055, 0.24345487121361725, 0.016012890931946355]","42_lag_47_median_traIT, 42_lag_47_median_nppc2SSTjfm, 42_lag_45_median_neurTSjfm, 42_lag_50_median_mhfIP30, 42_lag_51_median_nhSICsep, 51_lag_amoSSTmjjaso, 47_lag_glomaSSTjfm, 42_lag_48_median_mhfATL60, 51_lag_nhSICjfm, 42_lag_47_median_mhfATL30, 47_lag_amoSSTmjjaso, 42_lag_45_median_nppc2SSTjfm, 42_lag_45_median_eurPSLjfm, 45_lag_shTSjfm, 44_lag_labSSTjfm, 51_lag_amo1, 42_lag_43_median_tripol1, 43_lag_tripol1, 50_lag_pdoSSTjfm, 48_lag_amo2, 42_lag_50_median_traEU, 42_lag_49_median_yrvPRjja, 42_lag_46_median_atlSICsep, 42_lag_amo3, 42_lag_49_median_traEU, 42_lag_48_median_wnorPRjfm, 42_lag_47_median_yrvPRjja, 42_lag_51_median_shSICmar, 42_lag_46_median_traIT, 42_lag_45_median_mhfATL60_1235_42"
LinearRegression,38,30,ensoSSTjfm,slow,904.5,2005.5,0.6,53,43,43,12.307543242965636,0.0347244716358463,1235,"['43_lag_48_median_traFS', '43_lag_47_median_wnorPRjfm', '43_lag_52_median_traEC', '43_lag_50_median_tripol3', '43_lag_52_median_scpPSLjfm', '48_lag_mhfATL60', '43_lag_50_median_atlSICsep', '47_lag_traTLS', '52_lag_amo2', '43_lag_51_median_neurTSjfm', '45_lag_pdoSSTjfm', '45_lag_shTSjfm', '50_lag_amoSSTmjjaso', '46_lag_traTLS', '43_lag_47_median_arcTSjfm', '43_lag_52_median_mhfIP30', '43_lag_49_median_traWP', '52_lag_amoSSTmjjaso', '43_lag_46_median_eapPSLjfm', '43_lag_47_median_traMC', '43_lag_tripol1', '43_lag_48_median_eurPSLjfm', '43_lag_52_median_traBS', '43_lag_46_median_traWP', '50_lag_amo1', '43_lag_48_median_shSICmar', '43_lag_47_median_traTLS', '43_lag_48_median_neurTSjfm', '43_lag_47_median_traIT', '43_lag_49_median_traEU']","[0.11188301848951879, 0.07276148061209743, 0.07923038486618428, 0.09993667618394489, 0.21325809382590047, 0.056540696381572615, 0.024013521944512325, 0.04020053619020887, 0.1580439284810784, 0.0793637164872304, 0.008173761908676707, 0.13341109337084692, 0.04087001789527094, 0.03095945992320854, 0.0755907343356818, 0.05630273430143897, 0.016076533767297084, 0.09339308786491358, 0.025413594748029733, 0.018365941974349285, 0.03857527614577643, 0.05142413407784791, 0.10575046217828678, 0.07575562047716443, 0.0848860967392485, 0.015260389895181057, 0.1848892867293267, 0.08513257549882297, 0.15790340639020245, 0.10405404588553249]","43_lag_48_median_traFS, 43_lag_47_median_wnorPRjfm, 43_lag_52_median_traEC, 43_lag_50_median_tripol3, 43_lag_52_median_scpPSLjfm, 48_lag_mhfATL60, 43_lag_50_median_atlSICsep, 47_lag_traTLS, 52_lag_amo2, 43_lag_51_median_neurTSjfm, 45_lag_pdoSSTjfm, 45_lag_shTSjfm, 50_lag_amoSSTmjjaso, 46_lag_traTLS, 43_lag_47_median_arcTSjfm, 43_lag_52_median_mhfIP30, 43_lag_49_median_traWP, 52_lag_amoSSTmjjaso, 43_lag_46_median_eapPSLjfm, 43_lag_47_median_traMC, 43_lag_tripol1, 43_lag_48_median_eurPSLjfm, 43_lag_52_median_traBS, 43_lag_46_median_traWP, 50_lag_amo1, 43_lag_48_median_shSICmar, 43_lag_47_median_traTLS, 43_lag_48_median_neurTSjfm, 43_lag_47_median_traIT, 43_lag_49_median_traEU_1235_43"
LinearRegression,39,30,ensoSSTjfm,slow,905.5,2005.5,0.6,54,44,44,12.320534375526925,0.03549907205881865,1235,"['52_lag_ensoSSTjfm', '51_lag_mhfIP30', '44_lag_51_median_ensoSSTjfm', '44_lag_53_median_nppc3SSTjfm', '49_lag_pdoSSTjfm', '44_lag_50_median_nhSICsep', '46_lag_naoPSLjfm', '44_lag_51_median_traEU', '44_lag_47_median_shSICmar', '44_lag_47_median_atlSICjfm', '44_lag_47_median_stratZ50ndj01', '44_lag_49_median_arcTSjfm', '44_lag_51_median_scpPSLjfm', '44_lag_52_median_traIFC', '44_lag_50_median_atlSICsep', '47_lag_mhfATL60', '44_lag_48_median_traTLS', '44_lag_48_median_traIFC', '44_lag_49_median_yrvPRjja', '44_lag_47_median_traWP', '44_lag_52_median_traTLS', '44_lag_49_median_ensoSSTjfm', '44_lag_48_median_samPSLann', '44_lag_50_median_tripol3', '44_lag_47_median_traBO', '44_lag_50_median_nchinaPRjja', '44_lag_49_median_traEU', '44_lag_49_median_traFB', '44_lag_47_median_nppc2SSTjfm', '44_lag_47_median_traBS']","[0.007251752097270359, 0.06441070338911557, 0.1185973044378499, 0.048726097608784, 0.04335725244942398, 0.07137939787613638, 0.015405542168028061, 0.09873529425404336, 0.0027021111000907947, 0.07074096481760571, 0.053750307405241775, 0.17601348276971157, 0.2614393336057213, 0.01578799438091793, 0.033189164309689115, 0.05580669255011527, 0.21662228192417163, 0.13360532717971724, 0.015814101044787726, 0.0008056426941093408, 0.22715028150790362, 0.09726176073391704, 0.037878385299914115, 0.04137550262932485, 0.19462300198914784, 0.11780719017106994, 0.21754922263150386, 0.13996257931457404, 0.0010033622950299456, 0.019120061148037985]","52_lag_ensoSSTjfm, 51_lag_mhfIP30, 44_lag_51_median_ensoSSTjfm, 44_lag_53_median_nppc3SSTjfm, 49_lag_pdoSSTjfm, 44_lag_50_median_nhSICsep, 46_lag_naoPSLjfm, 44_lag_51_median_traEU, 44_lag_47_median_shSICmar, 44_lag_47_median_atlSICjfm, 44_lag_47_median_stratZ50ndj01, 44_lag_49_median_arcTSjfm, 44_lag_51_median_scpPSLjfm, 44_lag_52_median_traIFC, 44_lag_50_median_atlSICsep, 47_lag_mhfATL60, 44_lag_48_median_traTLS, 44_lag_48_median_traIFC, 44_lag_49_median_yrvPRjja, 44_lag_47_median_traWP, 44_lag_52_median_traTLS, 44_lag_49_median_ensoSSTjfm, 44_lag_48_median_samPSLann, 44_lag_50_median_tripol3, 44_lag_47_median_traBO, 44_lag_50_median_nchinaPRjja, 44_lag_49_median_traEU, 44_lag_49_median_traFB, 44_lag_47_median_nppc2SSTjfm, 44_lag_47_median_traBS_1235_44"
LinearRegression,40,30,ensoSSTjfm,slow,906.5,2005.5,0.6,55,45,45,12.041120698212362,0.14831362596084072,1235,"['45_lag_54_median_cetTSjfm', '45_lag_48_median_tripol1', '45_lag_49_median_ormenSSTjfm', '51_lag_samPSLann', '45_lag_traDP', '45_lag_54_median_atlSICjfm', '45_lag_50_median_AMOCann', '45_lag_50_median_ensoSSTjfm', '45_lag_54_median_nppc2SSTjfm', '45_lag_50_median_traEU', '53_lag_pdoSSTjfm', '45_lag_52_median_ormenSSTjfm', '45_lag_50_median_nhSICsep', '45_lag_50_median_atlSICsep', '45_lag_51_median_traEU', '45_lag_48_median_traBS', '45_lag_49_median_traBS', '45_lag_54_median_seurTSjfm', '45_lag_48_median_stratZ50ndj04', '45_lag_54_median_satlSSTjfm', '45_lag_49_median_neurTSjfm', '45_lag_54_median_alpi', '45_lag_49_median_alpi', '45_lag_49_median_traMC', '45_lag_52_median_traIT', '45_lag_50_median_stratZ50ndj01', '45_lag_48_median_nppc2SSTjfm', '45_lag_48_median_pdoSSTjfm', '45_lag_54_median_tripol1', '45_lag_51_median_alpi']","[0.17286569577817856, 0.07484890724854042, 0.05788604448471893, 0.012326789785708227, 0.014240896802580809, 0.050756336569189535, 0.06573172974476875, 0.16122872407189226, 0.058032572504851256, 0.0064420092882427294, 0.040656250114479646, 0.021869396971181114, 0.0820181954841206, 0.07675484709303294, 0.05145287329039032, 0.12160158112202273, 0.023867684091028993, 0.09205066855391095, 0.08947304881799495, 0.05280087248099836, 0.01101325454729957, 0.14978785654446797, 0.12369471098595154, 0.1342457009846987, 0.12602760942622496, 0.09947927471368989, 0.05050681537972789, 0.039062583328178545, 0.17287186982609512, 0.015077644436213705]","45_lag_54_median_cetTSjfm, 45_lag_48_median_tripol1, 45_lag_49_median_ormenSSTjfm, 51_lag_samPSLann, 45_lag_traDP, 45_lag_54_median_atlSICjfm, 45_lag_50_median_AMOCann, 45_lag_50_median_ensoSSTjfm, 45_lag_54_median_nppc2SSTjfm, 45_lag_50_median_traEU, 53_lag_pdoSSTjfm, 45_lag_52_median_ormenSSTjfm, 45_lag_50_median_nhSICsep, 45_lag_50_median_atlSICsep, 45_lag_51_median_traEU, 45_lag_48_median_traBS, 45_lag_49_median_traBS, 45_lag_54_median_seurTSjfm, 45_lag_48_median_stratZ50ndj04, 45_lag_54_median_satlSSTjfm, 45_lag_49_median_neurTSjfm, 45_lag_54_median_alpi, 45_lag_49_median_alpi, 45_lag_49_median_traMC, 45_lag_52_median_traIT, 45_lag_50_median_stratZ50ndj01, 45_lag_48_median_nppc2SSTjfm, 45_lag_48_median_pdoSSTjfm, 45_lag_54_median_tripol1, 45_lag_51_median_alpi_1235_45"
LinearRegression,41,30,ensoSSTjfm,slow,907.5,2005.5,0.6,56,46,46,11.986753260770568,0.06478685718130993,1235,"['46_lag_51_median_traIT', '51_lag_AMOCann', '46_lag_53_median_pdoSSTjfm', '46_lag_53_median_gyreSSTjfm', '51_lag_naoPSLjfm', '55_lag_labSSTjfm', '46_lag_51_median_nhTSjfm', '46_lag_52_median_wnorPRjfm', '46_lag_50_median_ensoSSTjfm', '55_lag_traIT', '46_lag_50_median_traFS', '46_lag_52_median_ginwSSTjfm', '46_lag_51_median_naoPSLjfm', '46_lag_55_median_tripol1', '46_lag_55_median_traBS', '55_lag_atlSICjfm', '53_lag_gyreSSTjfm', '46_lag_52_median_alpi', '53_lag_tripol1', '46_lag_52_median_traTLS', '46_lag_55_median_labSSTjfm', '46_lag_53_median_traDS', '46_lag_51_median_tripol1', '46_lag_51_median_cetTSjfm', '46_lag_49_median_mhfIP30', '46_lag_53_median_seurTSjfm', '46_lag_55_median_traMC', '46_lag_51_median_mhfIP30', '46_lag_53_median_traIT', '46_lag_49_median_stratZ50ndj04']","[0.1848111909492569, 0.032214819991445376, 0.20713122602950165, 0.00463406856360781, 0.008513935989712599, 0.07589477758676844, 0.27300841387258135, 0.029970076849796176, 0.201045802009021, 0.055403935872147626, 0.07753210385944169, 0.003713851838300412, 0.08469898801509716, 0.02587964210357116, 0.09615535053018791, 0.03903880805721202, 0.022549717620425992, 0.0059116638700202895, 0.024408624892011805, 0.1410922161021545, 0.0980458042142567, 0.0035607198198497423, 0.165891651441425, 0.04244519676968782, 0.049436662535186734, 0.07341234015808623, 0.1411423375603393, 0.049316337270178666, 0.06475841949094782, 0.12485463740763146]","46_lag_51_median_traIT, 51_lag_AMOCann, 46_lag_53_median_pdoSSTjfm, 46_lag_53_median_gyreSSTjfm, 51_lag_naoPSLjfm, 55_lag_labSSTjfm, 46_lag_51_median_nhTSjfm, 46_lag_52_median_wnorPRjfm, 46_lag_50_median_ensoSSTjfm, 55_lag_traIT, 46_lag_50_median_traFS, 46_lag_52_median_ginwSSTjfm, 46_lag_51_median_naoPSLjfm, 46_lag_55_median_tripol1, 46_lag_55_median_traBS, 55_lag_atlSICjfm, 53_lag_gyreSSTjfm, 46_lag_52_median_alpi, 53_lag_tripol1, 46_lag_52_median_traTLS, 46_lag_55_median_labSSTjfm, 46_lag_53_median_traDS, 46_lag_51_median_tripol1, 46_lag_51_median_cetTSjfm, 46_lag_49_median_mhfIP30, 46_lag_53_median_seurTSjfm, 46_lag_55_median_traMC, 46_lag_51_median_mhfIP30, 46_lag_53_median_traIT, 46_lag_49_median_stratZ50ndj04_1235_46"
LinearRegression,42,30,ensoSSTjfm,slow,908.5,2005.5,0.6,57,47,47,12.60598953106451,-0.03518883224423619,1235,"['47_lag_53_median_traDS', '47_lag_50_median_samPSLann', '47_lag_52_median_traFS', '47_lag_51_median_stratZ50ndj01', '47_lag_51_median_traFS', '47_lag_54_median_mhfIP30', '55_lag_amo1', '56_lag_tripol2', '47_lag_51_median_traIT', '47_lag_52_median_cetTSjfm', '47_lag_amoSSTmjjaso', '51_lag_samPSLann', '54_lag_arcTSjfm', '52_lag_shSICsep', '47_lag_52_median_amoSSTmjjaso', '47_lag_51_median_ginwSSTjfm', '55_lag_arcTSjfm', '47_lag_53_median_samPSLann', '47_lag_52_median_amo3', '47_lag_53_median_traFS', '47_lag_51_median_traEU', '47_lag_53_median_eurPSLjfm', '47_lag_51_median_traBS', '47_lag_56_median_arcTSjfm', '50_lag_amo1', '47_lag_56_median_cetTSjfm', '52_lag_AMOCann', '52_lag_glomaSSTjfm', '51_lag_amo2', '47_lag_52_median_traTLS']","[0.07526313501129302, 0.05897358891959593, 0.20813404065271784, 0.010114913343491537, 0.05411035670863349, 0.009063528529398636, 0.02133142921753286, 0.04945497154785504, 0.09604746809390557, 0.08599662916906696, 0.02428677317577098, 0.050156968823195855, 0.0161410501165307, 0.07633266524605471, 0.13803392167185152, 0.029723984839142292, 0.14820129371659488, 0.25200702205568376, 0.0682929307775346, 0.2446464005854891, 0.027117851784946162, 0.26894633422362624, 0.00740602101746979, 0.2871610824276282, 0.05849024729028152, 0.08582957003981967, 0.11058747538873655, 0.03263096563817193, 0.2363340596849396, 0.16378919954602303]","47_lag_53_median_traDS, 47_lag_50_median_samPSLann, 47_lag_52_median_traFS, 47_lag_51_median_stratZ50ndj01, 47_lag_51_median_traFS, 47_lag_54_median_mhfIP30, 55_lag_amo1, 56_lag_tripol2, 47_lag_51_median_traIT, 47_lag_52_median_cetTSjfm, 47_lag_amoSSTmjjaso, 51_lag_samPSLann, 54_lag_arcTSjfm, 52_lag_shSICsep, 47_lag_52_median_amoSSTmjjaso, 47_lag_51_median_ginwSSTjfm, 55_lag_arcTSjfm, 47_lag_53_median_samPSLann, 47_lag_52_median_amo3, 47_lag_53_median_traFS, 47_lag_51_median_traEU, 47_lag_53_median_eurPSLjfm, 47_lag_51_median_traBS, 47_lag_56_median_arcTSjfm, 50_lag_amo1, 47_lag_56_median_cetTSjfm, 52_lag_AMOCann, 52_lag_glomaSSTjfm, 51_lag_amo2, 47_lag_52_median_traTLS_1235_47"
LinearRegression,43,30,ensoSSTjfm,slow,909.5,2005.5,0.6,58,48,48,12.434364356163668,-0.061330918644436204,1235,"['48_lag_53_median_samPSLann', '48_lag_53_median_traTLS', '52_lag_AMOCann', '48_lag_51_median_tripol1', '53_lag_atlSICjfm', '48_lag_52_median_wnorPRjfm', '55_lag_amoSSTmjjaso', '48_lag_53_median_traFB', '52_lag_seurTSjfm', '48_lag_53_median_traEU', '48_lag_54_median_atlSICjfm', '48_lag_51_median_mhfIP30', '48_lag_54_median_shSICmar', '48_lag_56_median_traTLS', '57_lag_naoPSLjfm', '48_lag_55_median_shSICmar', '48_lag_55_median_yrvPRjja', '48_lag_52_median_cetTSjfm', '48_lag_52_median_stratZ50ndj02', '48_lag_51_median_stratZ50ndj01', '52_lag_stratZ50ndj04', '51_lag_naoPSLjfm', '57_lag_glomaSSTjfm', '54_lag_amo2', '48_lag_amo2', '57_lag_labSSTjfm', '48_lag_57_median_alpi', '48_lag_53_median_alpi', '55_lag_amo1', '51_lag_amo2']","[0.18301684473458898, 0.054989306524200046, 0.10993282212301982, 0.02256331850017747, 0.0029302407653737862, 0.07728706762946556, 0.02955760703383451, 0.11046610478797632, 0.028859604812079068, 0.0019588227367417204, 0.05098620117692728, 0.005199918103841668, 0.04055731790421029, 0.03099198911613418, 0.0037735814128300963, 0.11753511329486262, 0.18249842393254603, 0.07715012236668764, 0.06875769766788008, 0.050891644906245335, 0.04577497875402591, 0.005402498562929698, 0.06301490877119184, 0.04893260671387508, 0.027228630162796516, 0.020010267453038164, 0.1327626920760311, 0.08972691140442632, 0.007667756417363259, 0.16791938635795353]","48_lag_53_median_samPSLann, 48_lag_53_median_traTLS, 52_lag_AMOCann, 48_lag_51_median_tripol1, 53_lag_atlSICjfm, 48_lag_52_median_wnorPRjfm, 55_lag_amoSSTmjjaso, 48_lag_53_median_traFB, 52_lag_seurTSjfm, 48_lag_53_median_traEU, 48_lag_54_median_atlSICjfm, 48_lag_51_median_mhfIP30, 48_lag_54_median_shSICmar, 48_lag_56_median_traTLS, 57_lag_naoPSLjfm, 48_lag_55_median_shSICmar, 48_lag_55_median_yrvPRjja, 48_lag_52_median_cetTSjfm, 48_lag_52_median_stratZ50ndj02, 48_lag_51_median_stratZ50ndj01, 52_lag_stratZ50ndj04, 51_lag_naoPSLjfm, 57_lag_glomaSSTjfm, 54_lag_amo2, 48_lag_amo2, 57_lag_labSSTjfm, 48_lag_57_median_alpi, 48_lag_53_median_alpi, 55_lag_amo1, 51_lag_amo2_1235_48"
LinearRegression,44,30,ensoSSTjfm,slow,910.5,2005.5,0.6,59,49,49,12.71398782613749,-0.08136293857787175,1235,"['49_lag_56_median_tripol1', '56_lag_nhTSjfm', '49_lag_57_median_samPSLann', '54_lag_traIT', '49_lag_52_median_cetTSjfm', '49_lag_54_median_traBO', '49_lag_53_median_traMC', '49_lag_53_median_traWP', '52_lag_shTSjfm', '49_lag_55_median_scpPSLjfm', '49_lag_54_median_yrvPRjja', '49_lag_54_median_stratZ50ndj02', '49_lag_58_median_shSICsep', '49_lag_tripol1', '57_lag_wnorPRjfm', '49_lag_56_median_neurTSjfm', '49_lag_52_median_nppc3SSTjfm', '52_lag_traWP', '49_lag_54_median_shSICmar', '49_lag_55_median_traBS', '49_lag_54_median_arcTSjfm', '49_lag_55_median_tripol3', '53_lag_cetTSjfm', '49_lag_52_median_wnorPRjfm', '49_lag_54_median_neurTSjfm', '54_lag_naoPSLjfm', '49_lag_52_median_shTSjfm', '49_lag_55_median_mhfATL45', '49_lag_56_median_traEC', '49_lag_52_median_traDS']","[0.029125219172248973, 0.0584513951838941, 0.04406095056093668, 0.09677081222089301, 0.07027900211886452, 0.07320669249987412, 0.0925095495178529, 0.08927678482791383, 0.11422469545090133, 0.09399706704255757, 0.10639656692598227, 0.19406265401629028, 0.10824083702439204, 0.032330721743874545, 0.04608899510371679, 0.1005576260494495, 0.10200761040401389, 0.0576421793333644, 0.07673061622041798, 0.039295728757163424, 0.27268980853272706, 0.03755947432655719, 0.010742698499022454, 0.0020457612315117465, 0.1505404750415222, 0.026266715281906015, 0.24468999116599746, 0.03906118380535121, 0.04990954178659403, 0.09831478691700345]","49_lag_56_median_tripol1, 56_lag_nhTSjfm, 49_lag_57_median_samPSLann, 54_lag_traIT, 49_lag_52_median_cetTSjfm, 49_lag_54_median_traBO, 49_lag_53_median_traMC, 49_lag_53_median_traWP, 52_lag_shTSjfm, 49_lag_55_median_scpPSLjfm, 49_lag_54_median_yrvPRjja, 49_lag_54_median_stratZ50ndj02, 49_lag_58_median_shSICsep, 49_lag_tripol1, 57_lag_wnorPRjfm, 49_lag_56_median_neurTSjfm, 49_lag_52_median_nppc3SSTjfm, 52_lag_traWP, 49_lag_54_median_shSICmar, 49_lag_55_median_traBS, 49_lag_54_median_arcTSjfm, 49_lag_55_median_tripol3, 53_lag_cetTSjfm, 49_lag_52_median_wnorPRjfm, 49_lag_54_median_neurTSjfm, 54_lag_naoPSLjfm, 49_lag_52_median_shTSjfm, 49_lag_55_median_mhfATL45, 49_lag_56_median_traEC, 49_lag_52_median_traDS_1235_49"
LinearRegression,45,30,ensoSSTjfm,slow,911.5,2005.5,0.6,60,50,50,12.5241119985378,-0.027178449097710604,1235,"['50_lag_59_median_amo1', '50_lag_57_median_shSICmar', '50_lag_58_median_traBS', '50_lag_53_median_eapPSLjfm', '59_lag_AMOCann', '50_lag_53_median_traCA', '50_lag_56_median_tripol2', '50_lag_55_median_traDP', '57_lag_naoPSLjfm', '50_lag_57_median_stratZ50ndj03', '50_lag_58_median_mhfATL45', '50_lag_53_median_traWP', '50_lag_57_median_samPSLann', '55_lag_amo1', '58_lag_neurTSjfm', '50_lag_57_median_traIT', '50_lag_55_median_nhSICjfm', '57_lag_labSSTjfm', '50_lag_53_median_traFB', '59_lag_mhfATL60', '50_lag_54_median_neurTSjfm', '50_lag_55_median_nhSICsep', '53_lag_cetTSjfm', '50_lag_55_median_stratZ50ndj04', '50_lag_56_median_scpPSLjfm', '55_lag_nhSICjfm', '59_lag_ensoSSTjfm', '50_lag_53_median_traDS', '50_lag_55_median_scpPSLjfm', '50_lag_54_median_nchinaPRjja']","[0.06003388578666792, 0.0710470425417715, 0.0476024592897185, 0.07545093013283766, 0.045360890205390504, 0.02408420819318333, 0.12500575406162523, 0.014141170891756682, 0.009586145788746126, 0.04132964335011837, 0.003087788117019641, 0.16908047622326408, 0.0515546262985124, 0.01301174763831413, 0.11111557717564635, 0.09978980441446011, 0.15567578426694006, 0.018105333941668748, 0.19244711175726714, 0.035761373142637304, 0.07493888017377041, 0.05753581960382101, 0.007628068344164879, 0.02054152416158192, 0.23833495306910335, 0.04894331417221991, 0.0417910059478077, 0.06209051667978908, 0.16125250956121442, 0.06940416855200361]","50_lag_59_median_amo1, 50_lag_57_median_shSICmar, 50_lag_58_median_traBS, 50_lag_53_median_eapPSLjfm, 59_lag_AMOCann, 50_lag_53_median_traCA, 50_lag_56_median_tripol2, 50_lag_55_median_traDP, 57_lag_naoPSLjfm, 50_lag_57_median_stratZ50ndj03, 50_lag_58_median_mhfATL45, 50_lag_53_median_traWP, 50_lag_57_median_samPSLann, 55_lag_amo1, 58_lag_neurTSjfm, 50_lag_57_median_traIT, 50_lag_55_median_nhSICjfm, 57_lag_labSSTjfm, 50_lag_53_median_traFB, 59_lag_mhfATL60, 50_lag_54_median_neurTSjfm, 50_lag_55_median_nhSICsep, 53_lag_cetTSjfm, 50_lag_55_median_stratZ50ndj04, 50_lag_56_median_scpPSLjfm, 55_lag_nhSICjfm, 59_lag_ensoSSTjfm, 50_lag_53_median_traDS, 50_lag_55_median_scpPSLjfm, 50_lag_54_median_nchinaPRjja_1235_50"
LinearRegression,46,30,ensoSSTjfm,slow,912.5,2005.5,0.6,61,51,51,12.408549404094591,0.03229340642534034,1235,"['58_lag_traDP', '56_lag_amo1', '51_lag_56_median_traDS', '51_lag_59_median_yrvPRjja', '51_lag_58_median_traEU', '51_lag_58_median_mhfATL45', '55_lag_naoPSLjfm', '51_lag_60_median_naoPSLjfm', '51_lag_58_median_neurTSjfm', '51_lag_58_median_labSSTjfm', '55_lag_nhTSjfm', '51_lag_54_median_neurTSjfm', '51_lag_55_median_neurTSjfm', '51_lag_57_median_traFS', '55_lag_eapPSLjfm', '51_lag_56_median_scpPSLjfm', '57_lag_mhfATL30', '55_lag_amo2', '59_lag_labSSTjfm', '54_lag_traTLS', '51_lag_54_median_shSICsep', '51_lag_54_median_stratZ50ndj01', '51_lag_57_median_mhfATL30', '51_lag_59_median_alpi', '51_lag_58_median_ismPRjja', '51_lag_56_median_yrvPRjja', '51_lag_55_median_alpi', '51_lag_54_median_pdoSSTjfm', '55_lag_atlSICjfm', '51_lag_60_median_ismPRjja']","[0.010617735405409848, 0.03630092618664499, 0.031599574110430996, 0.3954082536694707, 0.04897558137690048, 0.022500082384259178, 0.03382759024409143, 0.10639228835300808, 0.21673219296865734, 0.008488730567450541, 0.08327824805378733, 0.22803062219683867, 0.43165678241406197, 0.11284912251068922, 0.03067570855232371, 0.07724042068364727, 0.05409907296803232, 0.049897743487424304, 0.022274939597631795, 0.010012828973055742, 0.08713552498059927, 0.03692196689529058, 0.10796390399970099, 0.17094355672204875, 0.020005336934407494, 0.22472741028307042, 0.03715298806412565, 0.0601605086169643, 0.018106904804924537, 0.11403824219615405]","58_lag_traDP, 56_lag_amo1, 51_lag_56_median_traDS, 51_lag_59_median_yrvPRjja, 51_lag_58_median_traEU, 51_lag_58_median_mhfATL45, 55_lag_naoPSLjfm, 51_lag_60_median_naoPSLjfm, 51_lag_58_median_neurTSjfm, 51_lag_58_median_labSSTjfm, 55_lag_nhTSjfm, 51_lag_54_median_neurTSjfm, 51_lag_55_median_neurTSjfm, 51_lag_57_median_traFS, 55_lag_eapPSLjfm, 51_lag_56_median_scpPSLjfm, 57_lag_mhfATL30, 55_lag_amo2, 59_lag_labSSTjfm, 54_lag_traTLS, 51_lag_54_median_shSICsep, 51_lag_54_median_stratZ50ndj01, 51_lag_57_median_mhfATL30, 51_lag_59_median_alpi, 51_lag_58_median_ismPRjja, 51_lag_56_median_yrvPRjja, 51_lag_55_median_alpi, 51_lag_54_median_pdoSSTjfm, 55_lag_atlSICjfm, 51_lag_60_median_ismPRjja_1235_51"
LinearRegression,47,30,ensoSSTjfm,slow,913.5,2005.5,0.6,62,52,52,12.53331371878115,-0.06187850462933352,1235,"['52_lag_57_median_traFSC', '55_lag_amo1', '52_lag_55_median_tripol3', '52_lag_57_median_nhSICsep', '55_lag_eapPSLjfm', '52_lag_57_median_nppc3SSTjfm', '52_lag_55_median_amoSSTmjjaso', '52_lag_56_median_pdoSSTjfm', '55_lag_pdoSSTjfm', '52_lag_59_median_satlSSTjfm', '61_lag_amo3', '57_lag_amo1', '52_lag_AMOCann', '52_lag_55_median_neurTSjfm', '52_lag_59_median_eurPSLjfm', '52_lag_56_median_samPSLann', '52_lag_61_median_traFSC', '52_lag_56_median_alpi', '55_lag_naoPSLjfm', '52_lag_57_median_seurTSjfm', '57_lag_nhSICjfm', '60_lag_labSSTjfm', '52_lag_55_median_samPSLann', '52_lag_59_median_alpi', '52_lag_57_median_mhfATL30', '58_lag_amo1', '52_lag_57_median_traBS', '52_lag_55_median_eapPSLjfm', '52_lag_55_median_satlSSTjfm', '61_lag_AMOCann']","[0.03787008320945544, 0.028492239271492158, 0.11059942732380598, 0.045727863698127084, 0.0038380420307941978, 0.050529094440653136, 0.05584644301302725, 0.1745344926767485, 0.10971464660343216, 0.15256369160186045, 0.0703075521597143, 0.03076676214612742, 0.07592564167954742, 0.0970828875955575, 0.06500105260705034, 0.0506221833844885, 0.08212756298489675, 0.002865481843864221, 0.009079502904076487, 0.19563119904658638, 0.1247462867737638, 0.021698894947194337, 0.007533484620131788, 0.07621544397552212, 0.02002877319890537, 0.05920875226077388, 0.01672992786816962, 0.005441792611193548, 0.22441427830621993, 0.06573482363654788]","52_lag_57_median_traFSC, 55_lag_amo1, 52_lag_55_median_tripol3, 52_lag_57_median_nhSICsep, 55_lag_eapPSLjfm, 52_lag_57_median_nppc3SSTjfm, 52_lag_55_median_amoSSTmjjaso, 52_lag_56_median_pdoSSTjfm, 55_lag_pdoSSTjfm, 52_lag_59_median_satlSSTjfm, 61_lag_amo3, 57_lag_amo1, 52_lag_AMOCann, 52_lag_55_median_neurTSjfm, 52_lag_59_median_eurPSLjfm, 52_lag_56_median_samPSLann, 52_lag_61_median_traFSC, 52_lag_56_median_alpi, 55_lag_naoPSLjfm, 52_lag_57_median_seurTSjfm, 57_lag_nhSICjfm, 60_lag_labSSTjfm, 52_lag_55_median_samPSLann, 52_lag_59_median_alpi, 52_lag_57_median_mhfATL30, 58_lag_amo1, 52_lag_57_median_traBS, 52_lag_55_median_eapPSLjfm, 52_lag_55_median_satlSSTjfm, 61_lag_AMOCann_1235_52"
LinearRegression,48,30,ensoSSTjfm,slow,914.5,2005.5,0.6,63,53,53,12.234503746225483,0.06919995182633659,1235,"['53_lag_62_median_traIFC', '53_lag_59_median_eapPSLjfm', '53_lag_60_median_alpi', '53_lag_60_median_traIFC', '53_lag_62_median_traCA', '53_lag_56_median_glTSjfm', '53_lag_57_median_traFSC', '53_lag_58_median_traEC', '53_lag_59_median_arcTSjfm', '53_lag_62_median_samPSLann', '59_lag_atlSICjfm', '53_lag_60_median_ensoSSTjfm', '53_lag_58_median_eapPSLjfm', '53_lag_62_median_nppc2SSTjfm', '53_lag_56_median_samPSLann', '53_lag_60_median_stratZ50ndj02', '53_lag_61_median_wnorPRjfm', '53_lag_56_median_shSICsep', '53_lag_57_median_scpPSLjfm', '58_lag_amo2', '53_lag_56_median_nhTSjfm', '61_lag_amo3', '59_lag_labSSTjfm', '53_lag_62_median_alpi', '53_lag_57_median_traMC', '55_lag_naoPSLjfm', '53_lag_58_median_labSSTjfm', '53_lag_57_median_mhfATL30', '61_lag_AMOCann', '53_lag_60_median_amo3']","[0.00010301049250217068, 0.21817111405088296, 0.00946486658970136, 0.02585550550387558, 0.03453628060830098, 0.07171545025611474, 0.01600599518430609, 0.062793625811373, 0.04878949137156909, 0.008004119917225312, 0.025964206212561843, 0.037833837567734445, 0.28782308562162284, 0.07196842731507602, 0.07230238960891106, 0.01933538558009267, 0.06419071652459374, 0.07317362335028281, 0.021664610595447602, 0.15663464331030721, 0.047846501566811216, 0.05155377505798467, 0.06510314273592319, 0.039792829746121985, 0.07416665061264612, 0.013727893118325764, 0.0442340684269468, 0.08927744797033611, 0.07139077063866242, 0.007011199336009487]","53_lag_62_median_traIFC, 53_lag_59_median_eapPSLjfm, 53_lag_60_median_alpi, 53_lag_60_median_traIFC, 53_lag_62_median_traCA, 53_lag_56_median_glTSjfm, 53_lag_57_median_traFSC, 53_lag_58_median_traEC, 53_lag_59_median_arcTSjfm, 53_lag_62_median_samPSLann, 59_lag_atlSICjfm, 53_lag_60_median_ensoSSTjfm, 53_lag_58_median_eapPSLjfm, 53_lag_62_median_nppc2SSTjfm, 53_lag_56_median_samPSLann, 53_lag_60_median_stratZ50ndj02, 53_lag_61_median_wnorPRjfm, 53_lag_56_median_shSICsep, 53_lag_57_median_scpPSLjfm, 58_lag_amo2, 53_lag_56_median_nhTSjfm, 61_lag_amo3, 59_lag_labSSTjfm, 53_lag_62_median_alpi, 53_lag_57_median_traMC, 55_lag_naoPSLjfm, 53_lag_58_median_labSSTjfm, 53_lag_57_median_mhfATL30, 61_lag_AMOCann, 53_lag_60_median_amo3_1235_53"
LinearRegression,49,30,ensoSSTjfm,slow,915.5,2005.5,0.6,64,54,54,12.352146194179394,0.09833165591971059,1235,"['54_lag_58_median_scpPSLjfm', '54_lag_61_median_eapPSLjfm', '62_lag_tripol3', '60_lag_atlSICsep', '54_lag_59_median_traFSC', '54_lag_glomaSSTjfm', '54_lag_60_median_traIFC', '61_lag_nhSICjfm', '54_lag_57_median_traMC', '54_lag_57_median_nppc3SSTjfm', '54_lag_60_median_nppc3SSTjfm', '54_lag_60_median_alpi', '54_lag_58_median_traMC', '54_lag_57_median_traCA', '58_lag_traBO', '59_lag_glomaSSTjfm', '62_lag_traDP', '54_lag_61_median_traFSC', '59_lag_labSSTjfm', '63_lag_labSSTjfm', '54_lag_61_median_ensoSSTjfm', '54_lag_57_median_AMOCann', '54_lag_57_median_yrvPRjja', '54_lag_57_median_cetTSjfm', '54_lag_63_median_neurTSjfm', '61_lag_AMOCann', '54_lag_61_median_arcTSjfm', '54_lag_59_median_traEU', '54_lag_59_median_AMOCann', '60_lag_labSSTjfm']","[0.007871660202194208, 0.040732008142530196, 0.06779045130082177, 0.03926511435598032, 0.047471626487280844, 0.009107877228602904, 0.1251847223695598, 0.09275854257271109, 0.11844911976283558, 0.003459927510328824, 0.037929117963630056, 0.015951819143987495, 0.0456553527927639, 0.0707490378998354, 0.13210355798065532, 0.12182183403771617, 0.04924607741709733, 0.007579832901584424, 0.08935137413857495, 0.031975165803750476, 0.13179740385458355, 0.1379607508604946, 0.09780633543989395, 0.02517270560975434, 0.05471953863105244, 0.09764019950556803, 0.12327451396542162, 0.05823555402413186, 0.16796333114873993, 0.08112353812391719]","54_lag_58_median_scpPSLjfm, 54_lag_61_median_eapPSLjfm, 62_lag_tripol3, 60_lag_atlSICsep, 54_lag_59_median_traFSC, 54_lag_glomaSSTjfm, 54_lag_60_median_traIFC, 61_lag_nhSICjfm, 54_lag_57_median_traMC, 54_lag_57_median_nppc3SSTjfm, 54_lag_60_median_nppc3SSTjfm, 54_lag_60_median_alpi, 54_lag_58_median_traMC, 54_lag_57_median_traCA, 58_lag_traBO, 59_lag_glomaSSTjfm, 62_lag_traDP, 54_lag_61_median_traFSC, 59_lag_labSSTjfm, 63_lag_labSSTjfm, 54_lag_61_median_ensoSSTjfm, 54_lag_57_median_AMOCann, 54_lag_57_median_yrvPRjja, 54_lag_57_median_cetTSjfm, 54_lag_63_median_neurTSjfm, 61_lag_AMOCann, 54_lag_61_median_arcTSjfm, 54_lag_59_median_traEU, 54_lag_59_median_AMOCann, 60_lag_labSSTjfm_1235_54"
LinearRegression,50,30,ensoSSTjfm,slow,916.5,2005.5,0.6,65,55,55,12.69362718609251,-0.04099918775711642,1235,"['55_lag_59_median_traEU', '57_lag_traWP', '59_lag_mhfIP30', '62_lag_traDP', '64_lag_traDP', '55_lag_59_median_nchinaPRjja', '55_lag_58_median_traDP', '59_lag_traBO', '55_lag_62_median_ismPRjja', '55_lag_61_median_ginwSSTjfm', '55_lag_58_median_mhfATL60', '55_lag_59_median_samPSLann', '55_lag_64_median_AMOCann', '55_lag_mhfATL30', '57_lag_seurTSjfm', '55_lag_naoPSLjfm', '58_lag_amo2', '61_lag_AMOCann', '55_lag_58_median_gyreSSTjfm', '55_lag_58_median_AMOCann', '55_lag_58_median_eurPSLjfm', '61_lag_nhSICjfm', '55_lag_61_median_amoSSTmjjaso', '55_lag_60_median_atlSICsep', '55_lag_58_median_stratZ50ndj04', '55_lag_60_median_atlSICjfm', '60_lag_labSSTjfm', '55_lag_60_median_stratZ50ndj02', '59_lag_labSSTjfm', '55_lag_61_median_eurPSLjfm']","[0.016098506457657025, 0.1575532854824835, 0.016302621553621457, 0.3504731642000946, 0.17023742107936948, 0.015997432957684767, 0.1673570120252057, 0.04820203759294318, 0.04504843956459994, 0.05868462703361329, 0.11902524763610343, 0.1649663402552571, 0.015892635377844654, 0.028822789586800054, 0.03425188278588828, 0.02279172312806525, 0.1890220919268362, 0.11936158559641995, 0.03394856429666036, 0.11183216385385211, 0.03460055235237547, 0.07846909692720068, 0.06670732450742961, 0.05197208543322314, 0.03520285654662389, 0.036238783534616306, 0.15447927018432572, 0.13910532363102174, 0.1281365082160556, 0.04857213288831772]","55_lag_59_median_traEU, 57_lag_traWP, 59_lag_mhfIP30, 62_lag_traDP, 64_lag_traDP, 55_lag_59_median_nchinaPRjja, 55_lag_58_median_traDP, 59_lag_traBO, 55_lag_62_median_ismPRjja, 55_lag_61_median_ginwSSTjfm, 55_lag_58_median_mhfATL60, 55_lag_59_median_samPSLann, 55_lag_64_median_AMOCann, 55_lag_mhfATL30, 57_lag_seurTSjfm, 55_lag_naoPSLjfm, 58_lag_amo2, 61_lag_AMOCann, 55_lag_58_median_gyreSSTjfm, 55_lag_58_median_AMOCann, 55_lag_58_median_eurPSLjfm, 61_lag_nhSICjfm, 55_lag_61_median_amoSSTmjjaso, 55_lag_60_median_atlSICsep, 55_lag_58_median_stratZ50ndj04, 55_lag_60_median_atlSICjfm, 60_lag_labSSTjfm, 55_lag_60_median_stratZ50ndj02, 59_lag_labSSTjfm, 55_lag_61_median_eurPSLjfm_1235_55"
LinearRegression,51,30,ensoSSTjfm,slow,917.5,2005.5,0.6,66,56,56,12.66587721284369,-0.02722279198913159,1235,"['56_lag_60_median_traBO', '60_lag_ensoSSTjfm', '61_lag_mhfIP30', '56_lag_59_median_traFSC', '61_lag_AMOCann', '56_lag_60_median_stratZ50ndj01', '56_lag_63_median_AMOCann', '59_lag_traIT', '56_lag_63_median_eapPSLjfm', '56_lag_60_median_yrvPRjja', '56_lag_tripol1', '56_lag_59_median_traIT', '61_lag_amo3', '56_lag_65_median_traCA', '56_lag_60_median_nppc2SSTjfm', '56_lag_59_median_neurTSjfm', '56_lag_61_median_arcTSjfm', '64_lag_traWP', '56_lag_63_median_stratZ50ndj03', '56_lag_59_median_nchinaPRjja', '56_lag_59_median_nhSICsep', '56_lag_60_median_amo1', '62_lag_seurTSjfm', '62_lag_traDP', '56_lag_64_median_yrvPRjja', '56_lag_59_median_shSICmar', '56_lag_nhTSjfm', '60_lag_labSSTjfm', '56_lag_65_median_traFSC', '56_lag_60_median_atlSICjfm']","[0.05159051219036249, 0.07148271619228447, 0.03885326094019562, 0.07721248817763823, 0.1438769763402317, 0.008353261924480746, 0.13200804964373775, 0.01639308850345132, 0.1456021318481635, 0.05029724880224192, 0.01750565212432222, 0.045425920479253916, 0.03495459479980725, 0.07085877057493803, 0.0618158864998912, 0.05856987035185914, 0.18294616047610837, 0.02161995261760674, 0.012721327146163038, 0.06323201366129252, 0.00603946611496833, 0.03343456203571702, 0.08810064250436758, 0.026878186790978087, 0.16063874506367787, 0.03428969642399317, 0.016725049007398813, 0.030818027489147727, 0.10207457760370044, 0.017634167539271536]","56_lag_60_median_traBO, 60_lag_ensoSSTjfm, 61_lag_mhfIP30, 56_lag_59_median_traFSC, 61_lag_AMOCann, 56_lag_60_median_stratZ50ndj01, 56_lag_63_median_AMOCann, 59_lag_traIT, 56_lag_63_median_eapPSLjfm, 56_lag_60_median_yrvPRjja, 56_lag_tripol1, 56_lag_59_median_traIT, 61_lag_amo3, 56_lag_65_median_traCA, 56_lag_60_median_nppc2SSTjfm, 56_lag_59_median_neurTSjfm, 56_lag_61_median_arcTSjfm, 64_lag_traWP, 56_lag_63_median_stratZ50ndj03, 56_lag_59_median_nchinaPRjja, 56_lag_59_median_nhSICsep, 56_lag_60_median_amo1, 62_lag_seurTSjfm, 62_lag_traDP, 56_lag_64_median_yrvPRjja, 56_lag_59_median_shSICmar, 56_lag_nhTSjfm, 60_lag_labSSTjfm, 56_lag_65_median_traFSC, 56_lag_60_median_atlSICjfm_1235_56"
LinearRegression,52,30,ensoSSTjfm,slow,918.5,2005.5,0.6,67,57,57,12.57308799193216,0.03638013911959347,1235,"['60_lag_mhfATL45', '57_lag_66_median_traFS', '57_lag_60_median_ginwSSTjfm', '57_lag_60_median_nchinaPRjja', '61_lag_atlSICjfm', '57_lag_60_median_stratZ50ndj03', '57_lag_65_median_mhfIP30', '61_lag_ensoSSTjfm', '57_lag_61_median_mhfATL45', '57_lag_62_median_tripol3', '57_lag_62_median_pdoSSTjfm', '57_lag_61_median_alpi', '57_lag_64_median_nchinaPRjja', '57_lag_64_median_tripol3', '57_lag_63_median_ensoSSTjfm', '57_lag_66_median_traEC', '57_lag_64_median_atlSICjfm', '57_lag_62_median_stratZ50ndj03', '57_lag_62_median_shSICsep', '65_lag_shTSjfm', '61_lag_pdoSSTjfm', '57_lag_62_median_mhfATL60', '57_lag_61_median_traBS', '57_lag_60_median_traFSC', '57_lag_62_median_seurTSjfm', '61_lag_tripol1', '65_lag_amo3', '60_lag_labSSTjfm', '57_lag_62_median_amoSSTmjjaso', '57_lag_66_median_atlSICsep']","[0.08014079882452503, 0.022214929994078342, 0.018220239178007, 0.0775731536811883, 0.006097206185930059, 0.11982829848271179, 0.26569826312515, 0.07715489918713599, 0.02054897649368599, 0.16061784209234375, 0.12364581406445699, 0.03980490872252957, 0.08885442913616484, 0.22992399865866103, 0.11715363281591758, 0.039334762465253276, 0.07488382115032827, 0.10633534968213701, 0.07837803890846012, 0.0052987448897083116, 0.319685465987265, 0.058874903856858216, 0.06045735351588428, 0.0008313300696144929, 0.028640597797471665, 0.4521797340547724, 0.10984628678963856, 0.019424574167098065, 0.2447495148469768, 0.22245694425142223]","60_lag_mhfATL45, 57_lag_66_median_traFS, 57_lag_60_median_ginwSSTjfm, 57_lag_60_median_nchinaPRjja, 61_lag_atlSICjfm, 57_lag_60_median_stratZ50ndj03, 57_lag_65_median_mhfIP30, 61_lag_ensoSSTjfm, 57_lag_61_median_mhfATL45, 57_lag_62_median_tripol3, 57_lag_62_median_pdoSSTjfm, 57_lag_61_median_alpi, 57_lag_64_median_nchinaPRjja, 57_lag_64_median_tripol3, 57_lag_63_median_ensoSSTjfm, 57_lag_66_median_traEC, 57_lag_64_median_atlSICjfm, 57_lag_62_median_stratZ50ndj03, 57_lag_62_median_shSICsep, 65_lag_shTSjfm, 61_lag_pdoSSTjfm, 57_lag_62_median_mhfATL60, 57_lag_61_median_traBS, 57_lag_60_median_traFSC, 57_lag_62_median_seurTSjfm, 61_lag_tripol1, 65_lag_amo3, 60_lag_labSSTjfm, 57_lag_62_median_amoSSTmjjaso, 57_lag_66_median_atlSICsep_1235_57"
LinearRegression,53,30,ensoSSTjfm,slow,919.5,2005.5,0.6,68,58,58,12.770209320095812,0.03725358178384206,1235,"['58_lag_65_median_traDS', '58_lag_61_median_traBS', '61_lag_pdoSSTjfm', '66_lag_amo1', '61_lag_tripol1', '58_lag_63_median_eapPSLjfm', '61_lag_amo1', '58_lag_63_median_samPSLann', '66_lag_seurTSjfm', '58_lag_63_median_wnorPRjfm', '61_lag_samPSLann', '66_lag_traDP', '58_lag_65_median_yrvPRjja', '58_lag_61_median_mhfATL30', '58_lag_61_median_ensoSSTjfm', '58_lag_64_median_mhfATL30', '58_lag_61_median_eapPSLjfm', '66_lag_arcTSjfm', '61_lag_ensoSSTjfm', '58_lag_66_median_traTLS', '66_lag_gyreSSTjfm', '58_lag_64_median_nchinaPRjja', '58_lag_65_median_wnorPRjfm', '58_lag_67_median_yrvPRjja', '63_lag_amoSSTmjjaso', '67_lag_glomaSSTjfm', '58_lag_65_median_traIFC', '64_lag_traIT', '58_lag_66_median_alpi', '58_lag_63_median_naoPSLjfm']","[0.038926031599603804, 0.030488700777381736, 0.33534604770485554, 0.17056991151572357, 0.4491895948718288, 0.11954207248706404, 0.019803944527773166, 0.030694469791717322, 0.056009568354851144, 0.05947318868171092, 0.035612180150025735, 0.043352451653792576, 0.2644851800685392, 0.007258906061965434, 0.16302016543858966, 0.02960391655646685, 0.03638833686331412, 0.08544970298101891, 0.15140187863364357, 0.15223267821838898, 0.011963739549776475, 0.07057157470237052, 0.03556564701677237, 0.14338214064053595, 0.028892940109404776, 0.030356904668079054, 0.09195439187062314, 0.05644917322949002, 0.07820965366279628, 0.12969586992448862]","58_lag_65_median_traDS, 58_lag_61_median_traBS, 61_lag_pdoSSTjfm, 66_lag_amo1, 61_lag_tripol1, 58_lag_63_median_eapPSLjfm, 61_lag_amo1, 58_lag_63_median_samPSLann, 66_lag_seurTSjfm, 58_lag_63_median_wnorPRjfm, 61_lag_samPSLann, 66_lag_traDP, 58_lag_65_median_yrvPRjja, 58_lag_61_median_mhfATL30, 58_lag_61_median_ensoSSTjfm, 58_lag_64_median_mhfATL30, 58_lag_61_median_eapPSLjfm, 66_lag_arcTSjfm, 61_lag_ensoSSTjfm, 58_lag_66_median_traTLS, 66_lag_gyreSSTjfm, 58_lag_64_median_nchinaPRjja, 58_lag_65_median_wnorPRjfm, 58_lag_67_median_yrvPRjja, 63_lag_amoSSTmjjaso, 67_lag_glomaSSTjfm, 58_lag_65_median_traIFC, 64_lag_traIT, 58_lag_66_median_alpi, 58_lag_63_median_naoPSLjfm_1235_58"
LinearRegression,54,30,ensoSSTjfm,slow,920.5,2005.5,0.6,69,59,59,12.293669922834017,0.044612099288688485,1235,"['68_lag_traDP', '59_lag_63_median_wnorPRjfm', '59_lag_66_median_neurTSjfm', '59_lag_64_median_shSICsep', '63_lag_labSSTjfm', '63_lag_amoSSTmjjaso', '64_lag_amo1', '59_lag_64_median_mhfATL60', '59_lag_64_median_labSSTjfm', '59_lag_62_median_gyreSSTjfm', '59_lag_63_median_ensoSSTjfm', '59_lag_63_median_neurTSjfm', '59_lag_62_median_traMC', '59_lag_63_median_traMC', '59_lag_65_median_atlSICsep', '64_lag_traIT', '67_lag_amo3', '66_lag_gyreSSTjfm', '59_lag_68_median_nhSICsep', '59_lag_62_median_naoPSLjfm', '59_lag_66_median_traTLS', '59_lag_64_median_seurTSjfm', '59_lag_64_median_traIFC', '66_lag_seurTSjfm', '61_lag_pdoSSTjfm', '59_lag_67_median_yrvPRjja', '59_lag_66_median_ensoSSTjfm', '59_lag_64_median_shSICmar', '65_lag_shTSjfm', '59_lag_62_median_cetTSjfm']","[0.05303330695676206, 0.0468103495766395, 0.024649739449615325, 0.007484009162335545, 0.08108332434135578, 0.05519406501192353, 0.025905314218680475, 0.08807466427042045, 0.1805988062897592, 0.08746739503583809, 0.01323063240929283, 0.02078474874489712, 0.1511952093304548, 0.07256585242748628, 0.1572114580221624, 0.04448876094059463, 0.04698203527083549, 0.0019306832294951875, 0.10502357695817223, 0.08651128680219572, 0.05325356305486617, 0.02512332834739257, 0.14947699718606738, 0.07136455514554008, 0.03465571921769949, 0.05225655202916484, 0.13708937062127555, 0.0511410542363255, 0.0008418111886125609, 0.061363366849453795]","68_lag_traDP, 59_lag_63_median_wnorPRjfm, 59_lag_66_median_neurTSjfm, 59_lag_64_median_shSICsep, 63_lag_labSSTjfm, 63_lag_amoSSTmjjaso, 64_lag_amo1, 59_lag_64_median_mhfATL60, 59_lag_64_median_labSSTjfm, 59_lag_62_median_gyreSSTjfm, 59_lag_63_median_ensoSSTjfm, 59_lag_63_median_neurTSjfm, 59_lag_62_median_traMC, 59_lag_63_median_traMC, 59_lag_65_median_atlSICsep, 64_lag_traIT, 67_lag_amo3, 66_lag_gyreSSTjfm, 59_lag_68_median_nhSICsep, 59_lag_62_median_naoPSLjfm, 59_lag_66_median_traTLS, 59_lag_64_median_seurTSjfm, 59_lag_64_median_traIFC, 66_lag_seurTSjfm, 61_lag_pdoSSTjfm, 59_lag_67_median_yrvPRjja, 59_lag_66_median_ensoSSTjfm, 59_lag_64_median_shSICmar, 65_lag_shTSjfm, 59_lag_62_median_cetTSjfm_1235_59"
LinearRegression,55,30,ensoSSTjfm,slow,921.5,2005.5,0.6,70,60,60,12.730907978336443,-0.12429391596285802,1235,"['66_lag_gyreSSTjfm', '69_lag_amoSSTmjjaso', '60_lag_68_median_naoPSLjfm', '60_lag_63_median_traCA', '60_lag_65_median_cetTSjfm', '60_lag_65_median_nhSICjfm', '66_lag_nppc3SSTjfm', '60_lag_63_median_cetTSjfm', '60_lag_69_median_tripol1', '60_lag_66_median_eurPSLjfm', '60_lag_68_median_traCA', '62_lag_amoSSTmjjaso', '66_lag_seurTSjfm', '60_lag_64_median_ormenSSTjfm', '60_lag_67_median_arcTSjfm', '60_lag_63_median_traEC', '60_lag_65_median_nppc2SSTjfm', '60_lag_64_median_alpi', '60_lag_66_median_ensoSSTjfm', '60_lag_traEC', '60_lag_67_median_traFSC', '60_lag_67_median_amo1', '68_lag_amo2', '60_lag_65_median_labSSTjfm', '69_lag_glomaSSTjfm', '60_lag_65_median_atlSICsep', '64_lag_amo1', '60_lag_67_median_yrvPRjja', '60_lag_63_median_traMC', '60_lag_64_median_wnorPRjfm']","[0.06872744815211439, 0.06951246939199213, 0.07055179726448935, 0.07606897183360471, 0.027880791373446612, 0.11513804769588964, 0.09283138076376816, 0.0207848120813449, 0.07859079316216425, 0.06705091276330931, 0.04980659858642547, 0.09780881071466714, 0.05193564013811514, 0.0018287931313040813, 0.20569041494511067, 0.05733717705102088, 0.07640589986067926, 0.00380766352731177, 0.03480155671215806, 0.027041944345061478, 0.042115856599705626, 0.16191720921275773, 0.05191037681373551, 0.1435096234731853, 0.1317338417318082, 0.16925370063708126, 0.0746654378843607, 0.02302174928866621, 0.02282413398369648, 0.04216248789167147]","66_lag_gyreSSTjfm, 69_lag_amoSSTmjjaso, 60_lag_68_median_naoPSLjfm, 60_lag_63_median_traCA, 60_lag_65_median_cetTSjfm, 60_lag_65_median_nhSICjfm, 66_lag_nppc3SSTjfm, 60_lag_63_median_cetTSjfm, 60_lag_69_median_tripol1, 60_lag_66_median_eurPSLjfm, 60_lag_68_median_traCA, 62_lag_amoSSTmjjaso, 66_lag_seurTSjfm, 60_lag_64_median_ormenSSTjfm, 60_lag_67_median_arcTSjfm, 60_lag_63_median_traEC, 60_lag_65_median_nppc2SSTjfm, 60_lag_64_median_alpi, 60_lag_66_median_ensoSSTjfm, 60_lag_traEC, 60_lag_67_median_traFSC, 60_lag_67_median_amo1, 68_lag_amo2, 60_lag_65_median_labSSTjfm, 69_lag_glomaSSTjfm, 60_lag_65_median_atlSICsep, 64_lag_amo1, 60_lag_67_median_yrvPRjja, 60_lag_63_median_traMC, 60_lag_64_median_wnorPRjfm_1235_60"
LinearRegression,56,30,ensoSSTjfm,slow,922.5,2005.5,0.6,71,61,61,12.96519493073197,-0.10672433666785933,1235,"['61_lag_67_median_stratZ50ndj02', '66_lag_amo2', '65_lag_glomaSSTjfm', '66_lag_traIFC', '61_lag_67_median_nppc2SSTjfm', '61_lag_66_median_shTSjfm', '64_lag_amo1', '67_lag_nppc3SSTjfm', '65_lag_traTLS', '61_lag_66_median_stratZ50ndj03', '69_lag_labSSTjfm', '61_lag_64_median_amo3', '61_lag_64_median_traFSC', '61_lag_64_median_samPSLann', '61_lag_67_median_traTLS', '61_lag_64_median_mhfATL60', '61_lag_70_median_stratZ50ndj04', '61_lag_ensoSSTjfm', '61_lag_68_median_traBO', '68_lag_amo1', '66_lag_nppc3SSTjfm', '61_lag_70_median_scpPSLjfm', '61_lag_67_median_scpPSLjfm', '61_lag_65_median_eapPSLjfm', '61_lag_nhSICjfm', '61_lag_64_median_stratZ50ndj04', '61_lag_64_median_wnorPRjfm', '61_lag_pdoSSTjfm', '61_lag_64_median_traEC', '61_lag_64_median_seurTSjfm']","[0.026786971357439914, 0.05481795376650124, 0.03674802276985286, 0.09124493216555049, 0.031155420798122946, 0.032795175735073956, 0.04916765165753737, 0.21164498805522977, 0.016315988044585585, 0.11575141526260908, 0.04138543632676986, 0.08542455983228851, 0.016383932135508025, 0.008464448814292905, 0.055545414783135856, 0.10096984435542457, 0.02692217475506639, 0.03516245869145682, 0.18872034556577855, 0.015634438707414787, 0.17401294631683678, 0.08068600168592963, 0.1392363018694606, 0.020187894935786398, 0.07334591252363529, 0.1757489599349684, 0.07083711224691022, 0.005986440352947075, 0.04371421922036224, 0.10119480834869787]","61_lag_67_median_stratZ50ndj02, 66_lag_amo2, 65_lag_glomaSSTjfm, 66_lag_traIFC, 61_lag_67_median_nppc2SSTjfm, 61_lag_66_median_shTSjfm, 64_lag_amo1, 67_lag_nppc3SSTjfm, 65_lag_traTLS, 61_lag_66_median_stratZ50ndj03, 69_lag_labSSTjfm, 61_lag_64_median_amo3, 61_lag_64_median_traFSC, 61_lag_64_median_samPSLann, 61_lag_67_median_traTLS, 61_lag_64_median_mhfATL60, 61_lag_70_median_stratZ50ndj04, 61_lag_ensoSSTjfm, 61_lag_68_median_traBO, 68_lag_amo1, 66_lag_nppc3SSTjfm, 61_lag_70_median_scpPSLjfm, 61_lag_67_median_scpPSLjfm, 61_lag_65_median_eapPSLjfm, 61_lag_nhSICjfm, 61_lag_64_median_stratZ50ndj04, 61_lag_64_median_wnorPRjfm, 61_lag_pdoSSTjfm, 61_lag_64_median_traEC, 61_lag_64_median_seurTSjfm_1235_61"
LinearRegression,57,30,ensoSSTjfm,slow,923.5,2005.5,0.6,72,62,62,12.627511779459226,-0.07187393400254939,1235,"['62_lag_66_median_stratZ50ndj02', '69_lag_wnorPRjfm', '62_lag_66_median_cetTSjfm', '71_lag_amo2', '62_lag_67_median_samPSLann', '66_lag_nppc3SSTjfm', '62_lag_71_median_traTLS', '62_lag_66_median_stratZ50ndj03', '62_lag_66_median_scpPSLjfm', '68_lag_wnorPRjfm', '62_lag_67_median_AMOCann', '62_lag_67_median_eapPSLjfm', '62_lag_67_median_atlSICsep', '66_lag_labSSTjfm', '62_lag_65_median_samPSLann', '62_lag_65_median_atlSICsep', '66_lag_amo2', '62_lag_70_median_gyreSSTjfm', '62_lag_68_median_mhfATL30', '65_lag_traBO', '62_lag_67_median_traTLS', '62_lag_67_median_nppc3SSTjfm', '66_lag_amo1', '70_lag_tripol2', '68_lag_arcTSjfm', '62_lag_70_median_alpi', '62_lag_67_median_traBS', '62_lag_71_median_eurPSLjfm', '62_lag_67_median_ginwSSTjfm', '62_lag_65_median_mhfATL60']","[0.04790649576003834, 0.049780521352501356, 0.026545719868673497, 0.09289196347697279, 0.009386482591758184, 0.13694997535973036, 0.19197040190147502, 0.017484011206665165, 0.0082682995907337, 0.03737478099122112, 0.06049661625685538, 0.0690022474214522, 0.08838748127658834, 0.04805964843166635, 0.0753220424772164, 0.054318179287099415, 0.03608466044553595, 0.05722706383914054, 0.056641275159466604, 0.009870880876713273, 0.17126169642492753, 0.14635518823531338, 0.08734117684712937, 0.017773387998969714, 0.14021948592483108, 0.02692022868179968, 0.07773900843294423, 0.10553768906997771, 0.07097428296753007, 0.0025480696749218676]","62_lag_66_median_stratZ50ndj02, 69_lag_wnorPRjfm, 62_lag_66_median_cetTSjfm, 71_lag_amo2, 62_lag_67_median_samPSLann, 66_lag_nppc3SSTjfm, 62_lag_71_median_traTLS, 62_lag_66_median_stratZ50ndj03, 62_lag_66_median_scpPSLjfm, 68_lag_wnorPRjfm, 62_lag_67_median_AMOCann, 62_lag_67_median_eapPSLjfm, 62_lag_67_median_atlSICsep, 66_lag_labSSTjfm, 62_lag_65_median_samPSLann, 62_lag_65_median_atlSICsep, 66_lag_amo2, 62_lag_70_median_gyreSSTjfm, 62_lag_68_median_mhfATL30, 65_lag_traBO, 62_lag_67_median_traTLS, 62_lag_67_median_nppc3SSTjfm, 66_lag_amo1, 70_lag_tripol2, 68_lag_arcTSjfm, 62_lag_70_median_alpi, 62_lag_67_median_traBS, 62_lag_71_median_eurPSLjfm, 62_lag_67_median_ginwSSTjfm, 62_lag_65_median_mhfATL60_1235_62"
LinearRegression,58,30,ensoSSTjfm,slow,924.5,2005.5,0.6,73,63,63,12.822370803028832,-0.08086388553692418,1235,"['68_lag_traFB', '63_lag_66_median_traMC', '70_lag_wnorPRjfm', '63_lag_70_median_shSICmar', '63_lag_71_median_cetTSjfm', '67_lag_tripol3', '63_lag_68_median_nhTSjfm', '63_lag_70_median_traCA', '63_lag_70_median_traIFC', '71_lag_naoPSLjfm', '66_lag_traIT', '69_lag_wnorPRjfm', '67_lag_nhSICjfm', '63_lag_70_median_satlSSTjfm', '72_lag_amo2', '63_lag_67_median_traMC', '63_lag_66_median_arcTSjfm', '63_lag_69_median_eurPSLjfm', '63_lag_70_median_gyreSSTjfm', '70_lag_tripol1', '63_lag_66_median_traCA', '63_lag_72_median_cetTSjfm', '71_lag_amo2', '63_lag_70_median_pdoSSTjfm', '63_lag_67_median_stratZ50ndj03', '67_lag_nppc3SSTjfm', '63_lag_66_median_samPSLann', '66_lag_nppc3SSTjfm', '67_lag_nppc2SSTjfm', '63_lag_70_median_alpi']","[0.023036079210966856, 0.10662468328073732, 0.032786761707166656, 0.005228044214735653, 0.06570735236933012, 0.011008497960630137, 0.2606952243021789, 0.05448846286949472, 0.04768410121735082, 0.01779250269623932, 0.00966738522137956, 0.06518343778705499, 0.003705542587706242, 0.019988227114904573, 0.16192109752171865, 0.0973269821643586, 0.0396207651336121, 0.035963898057653744, 0.01092479022739059, 0.010900488280017828, 0.009534467357895544, 0.13730541383338232, 0.20762917771711517, 0.0124336767355798, 0.18504612057402997, 0.2070427267698756, 0.07451754399767915, 0.2144577907117191, 0.02983173869536699, 0.027666863513740286]","68_lag_traFB, 63_lag_66_median_traMC, 70_lag_wnorPRjfm, 63_lag_70_median_shSICmar, 63_lag_71_median_cetTSjfm, 67_lag_tripol3, 63_lag_68_median_nhTSjfm, 63_lag_70_median_traCA, 63_lag_70_median_traIFC, 71_lag_naoPSLjfm, 66_lag_traIT, 69_lag_wnorPRjfm, 67_lag_nhSICjfm, 63_lag_70_median_satlSSTjfm, 72_lag_amo2, 63_lag_67_median_traMC, 63_lag_66_median_arcTSjfm, 63_lag_69_median_eurPSLjfm, 63_lag_70_median_gyreSSTjfm, 70_lag_tripol1, 63_lag_66_median_traCA, 63_lag_72_median_cetTSjfm, 71_lag_amo2, 63_lag_70_median_pdoSSTjfm, 63_lag_67_median_stratZ50ndj03, 67_lag_nppc3SSTjfm, 63_lag_66_median_samPSLann, 66_lag_nppc3SSTjfm, 67_lag_nppc2SSTjfm, 63_lag_70_median_alpi_1235_63"
LinearRegression,59,30,ensoSSTjfm,slow,925.5,2005.5,0.6,74,64,64,12.895454648750114,-0.09996062316251171,1235,"['64_lag_68_median_traBS', '64_lag_71_median_traEC', '64_lag_69_median_shSICmar', '64_lag_satlSSTjfm', '64_lag_73_median_stratZ50ndj03', '64_lag_67_median_stratZ50ndj01', '64_lag_69_median_atlSICsep', '71_lag_eapPSLjfm', '64_lag_71_median_traFS', '64_lag_67_median_traEC', '64_lag_69_median_satlSSTjfm', '64_lag_70_median_eurPSLjfm', '64_lag_71_median_alpi', '64_lag_71_median_pdoSSTjfm', '68_lag_tripol3', '64_lag_72_median_stratZ50ndj03', '66_lag_neurTSjfm', '64_lag_72_median_atlSICjfm', '64_lag_69_median_traBS', '64_lag_68_median_traIT', '64_lag_67_median_mhfIP30', '64_lag_69_median_stratZ50ndj01', '64_lag_69_median_ismPRjja', '71_lag_samPSLann', '73_lag_labSSTjfm', '64_lag_71_median_mhfATL45', '64_lag_71_median_naoPSLjfm', '64_lag_67_median_traMC', '68_lag_arcTSjfm', '64_lag_73_median_naoPSLjfm']","[0.23402715631516058, 0.03254596370837923, 0.00889758248431123, 0.06241752955688187, 0.17489648564294194, 0.07425269705903068, 0.015557326326045166, 0.052863632725666805, 0.15534500041956648, 0.0029629768374583084, 0.001026746778631428, 0.0391919232895046, 0.01310063127971928, 0.0419255104998453, 0.04725811107253322, 0.4022725096082764, 0.013685732623387374, 0.22030126015022666, 0.21744475006251224, 0.0351254871740472, 0.10990477852553615, 0.08087950742697489, 0.09313252857510429, 0.055254059238495995, 0.027703943506765992, 0.06027390304619636, 0.0889657708390493, 0.027935848004696166, 0.15059379985035018, 0.18843053459117426]","64_lag_68_median_traBS, 64_lag_71_median_traEC, 64_lag_69_median_shSICmar, 64_lag_satlSSTjfm, 64_lag_73_median_stratZ50ndj03, 64_lag_67_median_stratZ50ndj01, 64_lag_69_median_atlSICsep, 71_lag_eapPSLjfm, 64_lag_71_median_traFS, 64_lag_67_median_traEC, 64_lag_69_median_satlSSTjfm, 64_lag_70_median_eurPSLjfm, 64_lag_71_median_alpi, 64_lag_71_median_pdoSSTjfm, 68_lag_tripol3, 64_lag_72_median_stratZ50ndj03, 66_lag_neurTSjfm, 64_lag_72_median_atlSICjfm, 64_lag_69_median_traBS, 64_lag_68_median_traIT, 64_lag_67_median_mhfIP30, 64_lag_69_median_stratZ50ndj01, 64_lag_69_median_ismPRjja, 71_lag_samPSLann, 73_lag_labSSTjfm, 64_lag_71_median_mhfATL45, 64_lag_71_median_naoPSLjfm, 64_lag_67_median_traMC, 68_lag_arcTSjfm, 64_lag_73_median_naoPSLjfm_1235_64"
LinearRegression,60,30,ensoSSTjfm,slow,926.5,2005.5,0.6,75,65,65,12.956525173659172,-0.16735461983791497,1235,"['65_lag_69_median_atlSICjfm', '65_lag_72_median_wnorPRjfm', '65_lag_73_median_traDS', '68_lag_AMOCann', '65_lag_73_median_naoPSLjfm', '65_lag_71_median_eurPSLjfm', '65_lag_72_median_traFB', '65_lag_73_median_seurTSjfm', '65_lag_74_median_ginwSSTjfm', '65_lag_glomaSSTjfm', '65_lag_69_median_stratZ50ndj01', '65_lag_74_median_naoPSLjfm', '65_lag_68_median_naoPSLjfm', '67_lag_amo1', '65_lag_68_median_eurPSLjfm', '65_lag_72_median_traBO', '65_lag_72_median_ginwSSTjfm', '71_lag_amo2', '72_lag_amo2', '65_lag_68_median_amo1', '68_lag_atlSICsep', '68_lag_atlSICjfm', '65_lag_amo1', '69_lag_labSSTjfm', '68_lag_nhSICjfm', '73_lag_labSSTjfm', '65_lag_68_median_traBS', '65_lag_69_median_traMC', '65_lag_69_median_atlSICsep', '65_lag_70_median_ensoSSTjfm']","[0.09981322173599776, 0.07453168006919238, 0.23269709166001612, 0.1007773365642312, 0.3624957825542644, 0.0921615472665902, 0.10166641856892604, 0.04697211995959053, 0.26313947161689677, 0.06685588303609628, 0.03370554000482309, 0.28731919444640414, 0.007466835469899736, 0.005627263291360765, 0.09047321738234497, 0.1110901919947119, 0.03668408002634333, 0.19253454415179402, 0.14171562074475227, 0.007971827881940974, 0.018225743738993, 0.08417823204588953, 0.0824213860450994, 0.05385309555923884, 0.002454551725831332, 0.015284313819959797, 0.04113975538187041, 0.025678747013334866, 0.12971636936439218, 0.0650095973050425]","65_lag_69_median_atlSICjfm, 65_lag_72_median_wnorPRjfm, 65_lag_73_median_traDS, 68_lag_AMOCann, 65_lag_73_median_naoPSLjfm, 65_lag_71_median_eurPSLjfm, 65_lag_72_median_traFB, 65_lag_73_median_seurTSjfm, 65_lag_74_median_ginwSSTjfm, 65_lag_glomaSSTjfm, 65_lag_69_median_stratZ50ndj01, 65_lag_74_median_naoPSLjfm, 65_lag_68_median_naoPSLjfm, 67_lag_amo1, 65_lag_68_median_eurPSLjfm, 65_lag_72_median_traBO, 65_lag_72_median_ginwSSTjfm, 71_lag_amo2, 72_lag_amo2, 65_lag_68_median_amo1, 68_lag_atlSICsep, 68_lag_atlSICjfm, 65_lag_amo1, 69_lag_labSSTjfm, 68_lag_nhSICjfm, 73_lag_labSSTjfm, 65_lag_68_median_traBS, 65_lag_69_median_traMC, 65_lag_69_median_atlSICsep, 65_lag_70_median_ensoSSTjfm_1235_65"
LinearRegression,61,30,ensoSSTjfm,slow,927.5,2005.5,0.6,76,66,66,12.485566883295135,-0.030720288754685944,1235,"['69_lag_amoSSTmjjaso', '66_lag_amo1', '66_lag_73_median_neurTSjfm', '66_lag_75_median_arcTSjfm', '66_lag_75_median_mhfATL45', '66_lag_71_median_shSICmar', '66_lag_71_median_amo3', '75_lag_amo1', '66_lag_74_median_traWP', '66_lag_seurTSjfm', '66_lag_73_median_traFS', '72_lag_nppc2SSTjfm', '66_lag_73_median_labSSTjfm', '66_lag_71_median_traDS', '74_lag_glomaSSTjfm', '73_lag_labSSTjfm', '66_lag_73_median_traBO', '66_lag_75_median_samPSLann', '66_lag_71_median_nppc2SSTjfm', '66_lag_71_median_amoSSTmjjaso', '66_lag_71_median_traTLS', '66_lag_74_median_yrvPRjja', '66_lag_70_median_traBS', '66_lag_73_median_cetTSjfm', '66_lag_73_median_stratZ50ndj03', '66_lag_71_median_tripol1', '66_lag_69_median_pdoSSTjfm', '66_lag_71_median_mhfATL60', '66_lag_69_median_traDS', '66_lag_69_median_traEC']","[0.16121961950190083, 0.126960781406043, 0.07867877459386971, 0.07139202389892771, 0.051199892952983925, 0.010308436531217494, 0.013575032296475486, 0.07328271803859958, 0.05354001508689927, 0.04546764718315274, 0.06241335062896151, 0.08911788051468755, 0.0183562378275678, 0.010249401633966013, 0.008994046858645638, 0.006310942077395718, 0.035476591035800385, 0.23817851094027567, 0.11578050077671016, 0.3459611672936359, 0.005729776352375194, 0.1784652371743087, 0.14049043922667645, 0.2326517396646373, 0.21964047087992253, 0.10944087634834969, 0.09137199641950891, 0.053880913559301864, 0.004675598605352769, 0.03439129629206029]","69_lag_amoSSTmjjaso, 66_lag_amo1, 66_lag_73_median_neurTSjfm, 66_lag_75_median_arcTSjfm, 66_lag_75_median_mhfATL45, 66_lag_71_median_shSICmar, 66_lag_71_median_amo3, 75_lag_amo1, 66_lag_74_median_traWP, 66_lag_seurTSjfm, 66_lag_73_median_traFS, 72_lag_nppc2SSTjfm, 66_lag_73_median_labSSTjfm, 66_lag_71_median_traDS, 74_lag_glomaSSTjfm, 73_lag_labSSTjfm, 66_lag_73_median_traBO, 66_lag_75_median_samPSLann, 66_lag_71_median_nppc2SSTjfm, 66_lag_71_median_amoSSTmjjaso, 66_lag_71_median_traTLS, 66_lag_74_median_yrvPRjja, 66_lag_70_median_traBS, 66_lag_73_median_cetTSjfm, 66_lag_73_median_stratZ50ndj03, 66_lag_71_median_tripol1, 66_lag_69_median_pdoSSTjfm, 66_lag_71_median_mhfATL60, 66_lag_69_median_traDS, 66_lag_69_median_traEC_1235_66"
LinearRegression,62,30,ensoSSTjfm,slow,928.5,2005.5,0.6,77,67,67,12.625760151535143,-0.09797026409142243,1235,"['76_lag_ginwSSTjfm', '74_lag_shTSjfm', '67_lag_76_median_ginwSSTjfm', '67_lag_76_median_cetTSjfm', '67_lag_76_median_mhfIP30', '67_lag_73_median_cetTSjfm', '74_lag_pdoSSTjfm', '67_lag_73_median_mhfATL45', '75_lag_nhSICjfm', '67_lag_70_median_tripol3', '67_lag_73_median_stratZ50ndj03', '71_lag_traDP', '67_lag_74_median_nchinaPRjja', '67_lag_76_median_mhfATL60', '67_lag_72_median_traTLS', '67_lag_74_median_ismPRjja', '67_lag_73_median_traEC', '67_lag_73_median_scpPSLjfm', '75_lag_mhfATL60', '67_lag_gyreSSTjfm', '67_lag_70_median_naoPSLjfm', '67_lag_70_median_tripol1', '67_lag_72_median_mhfATL45', '67_lag_70_median_nppc2SSTjfm', '67_lag_72_median_naoPSLjfm', '73_lag_labSSTjfm', '67_lag_72_median_neurTSjfm', '67_lag_70_median_traEC', '67_lag_70_median_traDS', '67_lag_76_median_arcTSjfm']","[0.005226796854933789, 0.1157433264493706, 0.1638592315828054, 0.2721047709450272, 0.007779398300697095, 0.2666363657666159, 0.07078620773305554, 0.23330744578235954, 0.09437128396803861, 0.049349801279098444, 0.05322844509455494, 0.019784946191200605, 0.0070926451701803245, 0.06660802035471601, 0.04159421947287345, 0.24449061030198707, 0.018120851555995816, 0.13493659971768293, 0.02564443008810515, 0.0595240202820919, 0.06229547257597056, 0.02320702928732513, 0.18678605863907216, 0.013094597541474923, 0.10516792428459451, 0.022634838467807478, 0.028766474448229315, 0.015707614078574947, 0.07102083052438973, 0.11304459004699255]","76_lag_ginwSSTjfm, 74_lag_shTSjfm, 67_lag_76_median_ginwSSTjfm, 67_lag_76_median_cetTSjfm, 67_lag_76_median_mhfIP30, 67_lag_73_median_cetTSjfm, 74_lag_pdoSSTjfm, 67_lag_73_median_mhfATL45, 75_lag_nhSICjfm, 67_lag_70_median_tripol3, 67_lag_73_median_stratZ50ndj03, 71_lag_traDP, 67_lag_74_median_nchinaPRjja, 67_lag_76_median_mhfATL60, 67_lag_72_median_traTLS, 67_lag_74_median_ismPRjja, 67_lag_73_median_traEC, 67_lag_73_median_scpPSLjfm, 75_lag_mhfATL60, 67_lag_gyreSSTjfm, 67_lag_70_median_naoPSLjfm, 67_lag_70_median_tripol1, 67_lag_72_median_mhfATL45, 67_lag_70_median_nppc2SSTjfm, 67_lag_72_median_naoPSLjfm, 73_lag_labSSTjfm, 67_lag_72_median_neurTSjfm, 67_lag_70_median_traEC, 67_lag_70_median_traDS, 67_lag_76_median_arcTSjfm_1235_67"
LinearRegression,63,30,ensoSSTjfm,slow,929.5,2005.5,0.6,78,68,68,12.842090930885826,-0.04997291110352544,1235,"['68_lag_72_median_traFSC', '68_lag_72_median_ismPRjja', '68_lag_75_median_traIT', '68_lag_75_median_mhfATL60', '68_lag_77_median_samPSLann', '71_lag_amo2', '68_lag_nhSICsep', '68_lag_71_median_amoSSTmjjaso', '68_lag_71_median_nchinaPRjja', '68_lag_arcTSjfm', '72_lag_shTSjfm', '68_lag_77_median_tripol2', '68_lag_77_median_nppc2SSTjfm', '68_lag_73_median_atlSICsep', '73_lag_labSSTjfm', '72_lag_samPSLann', '71_lag_nhSICjfm', '68_lag_73_median_mhfIP30', '68_lag_77_median_cetTSjfm', '74_lag_AMOCann', '68_lag_73_median_stratZ50ndj03', '68_lag_74_median_nchinaPRjja', '68_lag_73_median_mhfATL45', '68_lag_75_median_ormenSSTjfm', '68_lag_75_median_tripol1', '68_lag_73_median_ismPRjja', '71_lag_shTSjfm', '73_lag_nhTSjfm', '68_lag_75_median_stratZ50ndj02', '68_lag_77_median_amo3']","[0.13920276984158317, 0.030161309459375257, 0.09928143970510075, 0.11536513253788841, 0.005691235737893796, 0.17359694379953022, 0.06705725969587766, 0.06722680007580895, 0.10068646573255999, 0.13865397682153477, 0.0016896916503637003, 0.27548694854096306, 0.01813558492276513, 0.1147140642948784, 0.0031559536647416987, 0.13706614728946262, 0.11613282285725893, 0.1104505380366294, 0.18122314876975992, 0.06648520560599995, 0.05376103597500281, 0.07770358510557253, 0.034066036129861976, 0.031632152125635825, 0.06595521251134782, 0.19673948335151795, 0.04029945280209185, 0.17096050636115936, 0.10840590029671232, 0.05760780245893717]","68_lag_72_median_traFSC, 68_lag_72_median_ismPRjja, 68_lag_75_median_traIT, 68_lag_75_median_mhfATL60, 68_lag_77_median_samPSLann, 71_lag_amo2, 68_lag_nhSICsep, 68_lag_71_median_amoSSTmjjaso, 68_lag_71_median_nchinaPRjja, 68_lag_arcTSjfm, 72_lag_shTSjfm, 68_lag_77_median_tripol2, 68_lag_77_median_nppc2SSTjfm, 68_lag_73_median_atlSICsep, 73_lag_labSSTjfm, 72_lag_samPSLann, 71_lag_nhSICjfm, 68_lag_73_median_mhfIP30, 68_lag_77_median_cetTSjfm, 74_lag_AMOCann, 68_lag_73_median_stratZ50ndj03, 68_lag_74_median_nchinaPRjja, 68_lag_73_median_mhfATL45, 68_lag_75_median_ormenSSTjfm, 68_lag_75_median_tripol1, 68_lag_73_median_ismPRjja, 71_lag_shTSjfm, 73_lag_nhTSjfm, 68_lag_75_median_stratZ50ndj02, 68_lag_77_median_amo3_1235_68"
LinearRegression,64,30,ensoSSTjfm,slow,930.5,2005.5,0.6,79,69,69,12.53732973942596,-0.034560288260291464,1235,"['78_lag_tripol2', '69_lag_73_median_stratZ50ndj03', '75_lag_ormenSSTjfm', '69_lag_73_median_ensoSSTjfm', '69_lag_76_median_traDS', '69_lag_77_median_traMC', '69_lag_76_median_traEC', '72_lag_traWP', '74_lag_AMOCann', '75_lag_amo1', '69_lag_73_median_eurPSLjfm', '74_lag_tripol3', '69_lag_74_median_AMOCann', '72_lag_shTSjfm', '77_lag_nppc3SSTjfm', '72_lag_samPSLann', '69_lag_74_median_mhfIP30', '69_lag_77_median_amo3', '69_lag_75_median_ginwSSTjfm', '69_lag_74_median_shSICmar', '72_lag_amo1', '69_lag_78_median_nchinaPRjja', '77_lag_amo2', '69_lag_73_median_traMC', '69_lag_74_median_tripol1', '69_lag_75_median_tripol1', '69_lag_75_median_wnorPRjfm', '76_lag_amo1', '69_lag_76_median_stratZ50ndj02', '69_lag_72_median_seurTSjfm']","[0.04937228278483234, 0.04509204860629143, 0.034521586028451644, 0.12734206263004375, 0.027521866679854585, 0.05073525344928925, 0.055594110668407394, 0.1112147111905581, 0.10369578256348164, 0.017672093137050888, 0.018484410076167523, 0.10370952486823361, 0.15072155644483579, 0.09577720824100647, 0.035769410656442076, 0.12728545537922337, 0.1257719179842557, 0.00938717840569908, 0.07848772190686278, 0.04655237350850697, 0.12445881550674173, 0.05015985228739908, 0.11567395313791196, 0.018717069881005324, 0.0165088684588001, 0.010987803848921021, 0.11237622004067958, 0.06603362212798695, 0.08663824719913127, 0.044157746275667376]","78_lag_tripol2, 69_lag_73_median_stratZ50ndj03, 75_lag_ormenSSTjfm, 69_lag_73_median_ensoSSTjfm, 69_lag_76_median_traDS, 69_lag_77_median_traMC, 69_lag_76_median_traEC, 72_lag_traWP, 74_lag_AMOCann, 75_lag_amo1, 69_lag_73_median_eurPSLjfm, 74_lag_tripol3, 69_lag_74_median_AMOCann, 72_lag_shTSjfm, 77_lag_nppc3SSTjfm, 72_lag_samPSLann, 69_lag_74_median_mhfIP30, 69_lag_77_median_amo3, 69_lag_75_median_ginwSSTjfm, 69_lag_74_median_shSICmar, 72_lag_amo1, 69_lag_78_median_nchinaPRjja, 77_lag_amo2, 69_lag_73_median_traMC, 69_lag_74_median_tripol1, 69_lag_75_median_tripol1, 69_lag_75_median_wnorPRjfm, 76_lag_amo1, 69_lag_76_median_stratZ50ndj02, 69_lag_72_median_seurTSjfm_1235_69"
LinearRegression,65,30,ensoSSTjfm,slow,931.5,2005.5,0.6,80,70,70,12.674615132671065,-0.11121000691802488,1235,"['70_lag_75_median_traIT', '70_lag_77_median_nppc2SSTjfm', '74_lag_amo3', '70_lag_73_median_nhTSjfm', '70_lag_73_median_traMC', '76_lag_amo2', '70_lag_79_median_mhfATL30', '70_lag_75_median_shSICsep', '70_lag_74_median_traFS', '70_lag_74_median_alpi', '79_lag_AMOCann', '70_lag_74_median_gyreSSTjfm', '70_lag_79_median_traMC', '70_lag_79_median_traEC', '76_lag_amo1', '70_lag_74_median_samPSLann', '70_lag_75_median_traFB', '70_lag_73_median_shSICmar', '70_lag_73_median_ginwSSTjfm', '73_lag_amo1', '70_lag_75_median_nchinaPRjja', '79_lag_naoPSLjfm', '70_lag_75_median_mhfATL30', '70_lag_77_median_traWP', '72_lag_shTSjfm', '70_lag_76_median_nchinaPRjja', '70_lag_77_median_stratZ50ndj03', '70_lag_77_median_stratZ50ndj01', '70_lag_74_median_pdoSSTjfm', '70_lag_75_median_wnorPRjfm']","[0.0012742324763519036, 0.03847298049440938, 0.015156259582504395, 0.28444033713227884, 0.005062456080063779, 0.03617217130767079, 0.2340423082597258, 0.05586951571551379, 0.011992719878059306, 0.05713862461229614, 0.007301510122816796, 0.048251451172248036, 0.05436121355858375, 0.0677945164482869, 0.060450372254288696, 0.05545002450191995, 0.041982907636553955, 0.027272884543874, 0.09574840931108597, 0.048038996472716936, 0.10892879164742983, 0.0773269666313877, 0.18919927185397756, 0.09424863130374296, 0.16580245282603953, 0.11622362542897402, 0.08311024280772061, 0.0020589811129788724, 0.02101105303758959, 0.07305693446508013]","70_lag_75_median_traIT, 70_lag_77_median_nppc2SSTjfm, 74_lag_amo3, 70_lag_73_median_nhTSjfm, 70_lag_73_median_traMC, 76_lag_amo2, 70_lag_79_median_mhfATL30, 70_lag_75_median_shSICsep, 70_lag_74_median_traFS, 70_lag_74_median_alpi, 79_lag_AMOCann, 70_lag_74_median_gyreSSTjfm, 70_lag_79_median_traMC, 70_lag_79_median_traEC, 76_lag_amo1, 70_lag_74_median_samPSLann, 70_lag_75_median_traFB, 70_lag_73_median_shSICmar, 70_lag_73_median_ginwSSTjfm, 73_lag_amo1, 70_lag_75_median_nchinaPRjja, 79_lag_naoPSLjfm, 70_lag_75_median_mhfATL30, 70_lag_77_median_traWP, 72_lag_shTSjfm, 70_lag_76_median_nchinaPRjja, 70_lag_77_median_stratZ50ndj03, 70_lag_77_median_stratZ50ndj01, 70_lag_74_median_pdoSSTjfm, 70_lag_75_median_wnorPRjfm_1235_70"
LinearRegression,66,30,ensoSSTjfm,slow,932.5,2005.5,0.6,81,71,71,12.584582022492024,-0.03696245394849638,1235,"['71_lag_ensoSSTjfm', '79_lag_traMC', '71_lag_76_median_ismPRjja', '79_lag_ismPRjja', '71_lag_76_median_ginwSSTjfm', '71_lag_79_median_stratZ50ndj02', '71_lag_77_median_eurPSLjfm', '71_lag_76_median_naoPSLjfm', '71_lag_74_median_gyreSSTjfm', '78_lag_eapPSLjfm', '71_lag_74_median_mhfATL60', '78_lag_traFB', '74_lag_cetTSjfm', '71_lag_79_median_alpi', '73_lag_amo2', '71_lag_amo3', '71_lag_78_median_nhSICsep', '71_lag_75_median_mhfATL60', '71_lag_75_median_stratZ50ndj01', '71_lag_74_median_cetTSjfm', '71_lag_74_median_scpPSLjfm', '71_lag_77_median_tripol1', '71_lag_78_median_ismPRjja', '79_lag_AMOCann', '75_lag_samPSLann', '71_lag_76_median_mhfIP30', '71_lag_80_median_traMC', '71_lag_80_median_shSICmar', '71_lag_77_median_traWP', '71_lag_77_median_wnorPRjfm']","[0.08748426598572827, 0.06999253516402788, 0.17496903880624826, 0.06680848894267064, 0.02924848723782546, 0.009398460616877017, 0.190018345784309, 0.038186239093440884, 0.01913174677470047, 0.0022528529810331506, 0.19737600506584146, 0.03910882978780594, 0.056566492717245634, 0.09168779440437504, 0.0034406671903822856, 0.0176901306682652, 0.001123341898846592, 0.18468899342529968, 0.1666861743946176, 0.07294960715052645, 0.001139313583528282, 0.14776071976705712, 0.05133808123128725, 0.03146361871495592, 0.062135244423571726, 0.055879727034797426, 0.06934626509198542, 0.014513144581423377, 0.040114314275113284, 0.010789424312053479]","71_lag_ensoSSTjfm, 79_lag_traMC, 71_lag_76_median_ismPRjja, 79_lag_ismPRjja, 71_lag_76_median_ginwSSTjfm, 71_lag_79_median_stratZ50ndj02, 71_lag_77_median_eurPSLjfm, 71_lag_76_median_naoPSLjfm, 71_lag_74_median_gyreSSTjfm, 78_lag_eapPSLjfm, 71_lag_74_median_mhfATL60, 78_lag_traFB, 74_lag_cetTSjfm, 71_lag_79_median_alpi, 73_lag_amo2, 71_lag_amo3, 71_lag_78_median_nhSICsep, 71_lag_75_median_mhfATL60, 71_lag_75_median_stratZ50ndj01, 71_lag_74_median_cetTSjfm, 71_lag_74_median_scpPSLjfm, 71_lag_77_median_tripol1, 71_lag_78_median_ismPRjja, 79_lag_AMOCann, 75_lag_samPSLann, 71_lag_76_median_mhfIP30, 71_lag_80_median_traMC, 71_lag_80_median_shSICmar, 71_lag_77_median_traWP, 71_lag_77_median_wnorPRjfm_1235_71"
LinearRegression,67,30,ensoSSTjfm,slow,933.5,2005.5,0.6,82,72,72,12.770660032305512,-0.049876539654462225,1235,"['75_lag_mhfATL60', '72_lag_80_median_traMC', '72_lag_76_median_shSICmar', '72_lag_81_median_stratZ50ndj02', '76_lag_mhfATL45', '81_lag_atlSICjfm', '72_lag_atlSICjfm', '72_lag_77_median_traBO', '72_lag_seurTSjfm', '72_lag_79_median_mhfATL45', '72_lag_75_median_atlSICsep', '76_lag_shTSjfm', '72_lag_78_median_mhfIP30', '72_lag_75_median_traIT', '72_lag_76_median_amo1', '72_lag_eapPSLjfm', '72_lag_78_median_traBS', '81_lag_glomaSSTjfm', '72_lag_79_median_yrvPRjja', '72_lag_81_median_naoPSLjfm', '72_lag_ensoSSTjfm', '81_lag_naoPSLjfm', '78_lag_AMOCann', '72_lag_76_median_stratZ50ndj03', '72_lag_79_median_labSSTjfm', '72_lag_77_median_mhfATL30', '72_lag_79_median_ismPRjja', '72_lag_76_median_traWP', '72_lag_78_median_nchinaPRjja', '72_lag_77_median_eurPSLjfm']","[0.0013294809824857755, 0.023867692070005345, 0.014835557725840517, 0.05123179408572405, 0.10009476823648496, 0.07409637986378183, 0.010680627941779144, 0.04873083250514177, 0.09942352185856973, 0.008421320421222431, 0.058845392455098774, 0.056308631245819564, 0.0012088007145535005, 0.0643282877996362, 0.18390946194023444, 0.0877168241896401, 0.07920951101028308, 0.029354174472121138, 0.03343770000682461, 0.2510790666891514, 0.02542845428587083, 0.06099316563585006, 0.03860201329945063, 0.05752232527256471, 0.12871464824100015, 0.019622654299958853, 0.09764096109157755, 0.21194325581392245, 0.15062871429423277, 0.3017295852728801]","75_lag_mhfATL60, 72_lag_80_median_traMC, 72_lag_76_median_shSICmar, 72_lag_81_median_stratZ50ndj02, 76_lag_mhfATL45, 81_lag_atlSICjfm, 72_lag_atlSICjfm, 72_lag_77_median_traBO, 72_lag_seurTSjfm, 72_lag_79_median_mhfATL45, 72_lag_75_median_atlSICsep, 76_lag_shTSjfm, 72_lag_78_median_mhfIP30, 72_lag_75_median_traIT, 72_lag_76_median_amo1, 72_lag_eapPSLjfm, 72_lag_78_median_traBS, 81_lag_glomaSSTjfm, 72_lag_79_median_yrvPRjja, 72_lag_81_median_naoPSLjfm, 72_lag_ensoSSTjfm, 81_lag_naoPSLjfm, 78_lag_AMOCann, 72_lag_76_median_stratZ50ndj03, 72_lag_79_median_labSSTjfm, 72_lag_77_median_mhfATL30, 72_lag_79_median_ismPRjja, 72_lag_76_median_traWP, 72_lag_78_median_nchinaPRjja, 72_lag_77_median_eurPSLjfm_1235_72"
LinearRegression,68,30,ensoSSTjfm,slow,934.5,2005.5,0.6,83,73,73,12.50473227008715,-0.009039466731413487,1235,"['73_lag_78_median_nchinaPRjja', '82_lag_tripol1', '73_lag_78_median_amoSSTmjjaso', '73_lag_82_median_traIFC', '73_lag_77_median_nchinaPRjja', '81_lag_naoPSLjfm', '76_lag_amo1', '76_lag_wnorPRjfm', '73_lag_76_median_eurPSLjfm', '73_lag_79_median_ensoSSTjfm', '73_lag_82_median_traEU', '73_lag_81_median_traIFC', '82_lag_nppc2SSTjfm', '73_lag_76_median_mhfATL30', '82_lag_shTSjfm', '81_lag_atlSICjfm', '77_lag_amo2', '80_lag_cetTSjfm', '73_lag_80_median_cetTSjfm', '75_lag_shTSjfm', '73_lag_82_median_stratZ50ndj02', '73_lag_80_median_traBS', '73_lag_76_median_tripol3', '73_lag_78_median_nhSICsep', '76_lag_shTSjfm', '73_lag_80_median_samPSLann', '73_lag_78_median_samPSLann', '73_lag_78_median_yrvPRjja', '73_lag_78_median_nhTSjfm', '81_lag_wnorPRjfm']","[0.059325514726605, 0.02749565870121426, 0.053335495296387626, 0.04038208439313504, 0.17745431733758163, 0.11435748354526204, 0.11166369422024773, 0.012262966664888198, 0.15430292198004547, 0.05548388275692292, 0.009002300729964661, 0.12956338891812963, 0.002852327390283598, 0.09089118665019336, 0.018405144813069676, 0.07033233082939092, 0.121580438837968, 0.009371917596961554, 0.06496370042695078, 0.10410259175822842, 0.08056361374763696, 0.002153306122061004, 0.1848088282458335, 0.0007541634820308644, 0.15595065846220257, 0.01451935252752209, 0.010863483784372173, 0.051391349262417105, 0.04837961872363207, 0.08137893573919312]","73_lag_78_median_nchinaPRjja, 82_lag_tripol1, 73_lag_78_median_amoSSTmjjaso, 73_lag_82_median_traIFC, 73_lag_77_median_nchinaPRjja, 81_lag_naoPSLjfm, 76_lag_amo1, 76_lag_wnorPRjfm, 73_lag_76_median_eurPSLjfm, 73_lag_79_median_ensoSSTjfm, 73_lag_82_median_traEU, 73_lag_81_median_traIFC, 82_lag_nppc2SSTjfm, 73_lag_76_median_mhfATL30, 82_lag_shTSjfm, 81_lag_atlSICjfm, 77_lag_amo2, 80_lag_cetTSjfm, 73_lag_80_median_cetTSjfm, 75_lag_shTSjfm, 73_lag_82_median_stratZ50ndj02, 73_lag_80_median_traBS, 73_lag_76_median_tripol3, 73_lag_78_median_nhSICsep, 76_lag_shTSjfm, 73_lag_80_median_samPSLann, 73_lag_78_median_samPSLann, 73_lag_78_median_yrvPRjja, 73_lag_78_median_nhTSjfm, 81_lag_wnorPRjfm_1235_73"
LinearRegression,69,30,ensoSSTjfm,slow,935.5,2005.5,0.6,84,74,74,12.548945238508926,-0.011146134720628005,1235,"['74_lag_83_median_traDS', '74_lag_81_median_eurPSLjfm', '77_lag_mhfATL45', '74_lag_79_median_satlSSTjfm', '81_lag_naoPSLjfm', '74_lag_78_median_stratZ50ndj01', '74_lag_78_median_cetTSjfm', '74_lag_83_median_amo1', '74_lag_81_median_mhfATL60', '74_lag_80_median_AMOCann', '79_lag_satlSSTjfm', '74_lag_77_median_shSICsep', '74_lag_78_median_eurPSLjfm', '74_lag_77_median_nhSICjfm', '74_lag_81_median_yrvPRjja', '81_lag_amo1', '74_lag_gyreSSTjfm', '74_lag_81_median_samPSLann', '74_lag_81_median_AMOCann', '79_lag_labSSTjfm', '81_lag_ormenSSTjfm', '74_lag_77_median_ismPRjja', '74_lag_79_median_mhfIP30', '74_lag_79_median_traCA', '74_lag_83_median_traIT', '82_lag_labSSTjfm', '74_lag_79_median_nhSICsep', '74_lag_82_median_stratZ50ndj02', '82_lag_satlSSTjfm', '83_lag_traDP']","[0.24505932619636164, 0.07922204819047587, 0.052164831270599, 0.039271376907445525, 0.051622448314610714, 0.0020673443177594143, 0.005507325058685961, 0.17367977409918958, 0.16767211061779522, 0.06858776502177624, 0.027960536044049033, 0.055291043627947484, 0.11728140294346875, 0.0566839465652535, 0.046764665114495244, 0.08765204671452613, 0.06670291103959003, 0.018692219034627717, 0.030122185397769365, 0.007623255275986215, 0.02808480482077238, 0.18489895668044679, 0.0451748935648442, 0.009685727473725293, 0.0158535485357171, 0.06265548499031151, 0.04870288689727844, 0.16551467995711797, 0.025180621875469388, 0.06453517429857765]","74_lag_83_median_traDS, 74_lag_81_median_eurPSLjfm, 77_lag_mhfATL45, 74_lag_79_median_satlSSTjfm, 81_lag_naoPSLjfm, 74_lag_78_median_stratZ50ndj01, 74_lag_78_median_cetTSjfm, 74_lag_83_median_amo1, 74_lag_81_median_mhfATL60, 74_lag_80_median_AMOCann, 79_lag_satlSSTjfm, 74_lag_77_median_shSICsep, 74_lag_78_median_eurPSLjfm, 74_lag_77_median_nhSICjfm, 74_lag_81_median_yrvPRjja, 81_lag_amo1, 74_lag_gyreSSTjfm, 74_lag_81_median_samPSLann, 74_lag_81_median_AMOCann, 79_lag_labSSTjfm, 81_lag_ormenSSTjfm, 74_lag_77_median_ismPRjja, 74_lag_79_median_mhfIP30, 74_lag_79_median_traCA, 74_lag_83_median_traIT, 82_lag_labSSTjfm, 74_lag_79_median_nhSICsep, 74_lag_82_median_stratZ50ndj02, 82_lag_satlSSTjfm, 83_lag_traDP_1235_74"
LinearRegression,70,30,ensoSSTjfm,slow,936.5,2005.5,0.6,85,75,75,12.431474672247282,0.008115332836756292,1235,"['80_lag_traIT', '75_lag_78_median_mhfATL30', '84_lag_shSICsep', '75_lag_80_median_neurTSjfm', '75_lag_84_median_mhfATL30', '81_lag_nhTSjfm', '75_lag_82_median_amo1', '75_lag_83_median_atlSICsep', '75_lag_81_median_amo1', '81_lag_glomaSSTjfm', '75_lag_84_median_labSSTjfm', '83_lag_seurTSjfm', '75_lag_79_median_ismPRjja', '77_lag_amo1', '79_lag_labSSTjfm', '75_lag_81_median_mhfIP30', '75_lag_82_median_traWP', '79_lag_gyreSSTjfm', '75_lag_82_median_stratZ50ndj02', '80_lag_amo3', '75_lag_82_median_traEC', '75_lag_82_median_ismPRjja', '75_lag_84_median_amo3', '84_lag_traDP', '75_lag_82_median_traCA', '75_lag_84_median_atlSICjfm', '75_lag_78_median_eurPSLjfm', '75_lag_84_median_shSICmar', '75_lag_82_median_traDS', '75_lag_82_median_mhfIP30']","[0.043675093341349794, 0.10059719141273024, 0.07607721976772401, 0.0618849379528979, 0.03419307180825618, 0.05392658127825671, 0.17119731729689516, 0.10129053095485528, 0.08402062455474954, 0.08215879665188508, 0.03824257326668554, 0.08153299919018912, 0.018433997210301152, 0.06088980109131699, 0.0251771714555142, 0.07296663809392478, 0.14106852673261075, 0.011185339498540715, 0.17604913343902348, 0.014033851893651798, 0.07033313787956856, 0.019849912364277203, 0.0547305312593675, 0.01346731711094526, 0.0267177862619925, 0.08030512226081124, 0.04816051709284683, 0.0006011769633667145, 0.13311199359590045, 0.14857435194260785]","80_lag_traIT, 75_lag_78_median_mhfATL30, 84_lag_shSICsep, 75_lag_80_median_neurTSjfm, 75_lag_84_median_mhfATL30, 81_lag_nhTSjfm, 75_lag_82_median_amo1, 75_lag_83_median_atlSICsep, 75_lag_81_median_amo1, 81_lag_glomaSSTjfm, 75_lag_84_median_labSSTjfm, 83_lag_seurTSjfm, 75_lag_79_median_ismPRjja, 77_lag_amo1, 79_lag_labSSTjfm, 75_lag_81_median_mhfIP30, 75_lag_82_median_traWP, 79_lag_gyreSSTjfm, 75_lag_82_median_stratZ50ndj02, 80_lag_amo3, 75_lag_82_median_traEC, 75_lag_82_median_ismPRjja, 75_lag_84_median_amo3, 84_lag_traDP, 75_lag_82_median_traCA, 75_lag_84_median_atlSICjfm, 75_lag_78_median_eurPSLjfm, 75_lag_84_median_shSICmar, 75_lag_82_median_traDS, 75_lag_82_median_mhfIP30_1235_75"
LinearRegression,71,30,ensoSSTjfm,slow,937.5,2005.5,0.6,86,76,76,12.383401820388839,-0.0031054390078523227,1235,"['76_lag_81_median_wnorPRjfm', '76_lag_85_median_stratZ50ndj04', '76_lag_81_median_traEU', '82_lag_ormenSSTjfm', '76_lag_85_median_samPSLann', '82_lag_wnorPRjfm', '76_lag_84_median_traTLS', '78_lag_amo1', '76_lag_81_median_mhfATL45', '85_lag_amoSSTmjjaso', '76_lag_79_median_traWP', '76_lag_83_median_traDS', '76_lag_80_median_alpi', '84_lag_traFSC', '76_lag_81_median_traTLS', '76_lag_85_median_pdoSSTjfm', '76_lag_80_median_tripol3', '81_lag_ormenSSTjfm', '84_lag_labSSTjfm', '76_lag_83_median_traEC', '85_lag_glomaSSTjfm', '76_lag_82_median_traWP', '76_lag_81_median_mhfIP30', '83_lag_ensoSSTjfm', '76_lag_85_median_eurPSLjfm', '76_lag_79_median_ormenSSTjfm', '76_lag_83_median_seurTSjfm', '76_lag_79_median_shTSjfm', '76_lag_83_median_traCA', '76_lag_83_median_mhfATL45']","[0.05072048348762889, 0.0012037216311558477, 0.09735707981173021, 0.11133782711717649, 0.02089381113788234, 0.016659421787727426, 0.03860670978496559, 0.023067400083696933, 0.18670047385611682, 0.04139420601465621, 0.03887885378445276, 0.011497198690293812, 0.006626610784741342, 0.008310115937683328, 0.028999423537789316, 0.023415006771376014, 0.09073921064655983, 0.07017123548028084, 0.01948819867950577, 0.04019664897250444, 0.21773014621937495, 0.23123356695005878, 0.014696902974152184, 0.024898811983247105, 0.03809682379786771, 0.015893035531594962, 0.08171074713498071, 0.04693901299725905, 0.004602763187531285, 0.26937373182018703]","76_lag_81_median_wnorPRjfm, 76_lag_85_median_stratZ50ndj04, 76_lag_81_median_traEU, 82_lag_ormenSSTjfm, 76_lag_85_median_samPSLann, 82_lag_wnorPRjfm, 76_lag_84_median_traTLS, 78_lag_amo1, 76_lag_81_median_mhfATL45, 85_lag_amoSSTmjjaso, 76_lag_79_median_traWP, 76_lag_83_median_traDS, 76_lag_80_median_alpi, 84_lag_traFSC, 76_lag_81_median_traTLS, 76_lag_85_median_pdoSSTjfm, 76_lag_80_median_tripol3, 81_lag_ormenSSTjfm, 84_lag_labSSTjfm, 76_lag_83_median_traEC, 85_lag_glomaSSTjfm, 76_lag_82_median_traWP, 76_lag_81_median_mhfIP30, 83_lag_ensoSSTjfm, 76_lag_85_median_eurPSLjfm, 76_lag_79_median_ormenSSTjfm, 76_lag_83_median_seurTSjfm, 76_lag_79_median_shTSjfm, 76_lag_83_median_traCA, 76_lag_83_median_mhfATL45_1235_76"
LinearRegression,72,30,ensoSSTjfm,slow,938.5,2005.5,0.6,87,77,77,12.600839883167533,-0.024938270761024606,1235,"['77_lag_82_median_traEU', '77_lag_86_median_scpPSLjfm', '77_lag_83_median_traDS', '77_lag_83_median_traCA', '81_lag_nhTSjfm', '77_lag_85_median_traCA', '86_lag_eapPSLjfm', '77_lag_82_median_mhfATL45', '77_lag_80_median_amo1', '85_lag_amoSSTmjjaso', '82_lag_labSSTjfm', '77_lag_83_median_traMC', '86_lag_AMOCann', '77_lag_81_median_mhfATL30', '77_lag_80_median_traFS', '77_lag_86_median_traFB', '77_lag_84_median_naoPSLjfm', '77_lag_82_median_nchinaPRjja', '77_lag_80_median_atlSICjfm', '77_lag_81_median_nchinaPRjja', '77_lag_84_median_eurPSLjfm', '86_lag_amo3', '82_lag_traIT', '77_lag_80_median_AMOCann', '86_lag_nhTSjfm', '77_lag_82_median_traCA', '77_lag_85_median_mhfIP30', '77_lag_80_median_ormenSSTjfm', '81_lag_ormenSSTjfm', '86_lag_amoSSTmjjaso']","[0.025877580718632925, 0.036021311245211796, 0.05851568406608867, 0.3269243511535975, 0.020268176675051534, 0.19066352402501874, 0.11953869379565063, 0.03162004906911379, 0.09506753676364055, 0.014884813973263175, 0.10971193916919192, 0.014312038789843733, 0.07530247062421108, 0.0014130237788542177, 0.05067157944390061, 0.02823337579723753, 0.10624210234411881, 0.028156362400700477, 0.09203287123884296, 0.04650689224328403, 0.011194561492817116, 0.03482718302614224, 0.05093435407225515, 0.04102646540662325, 0.12843970998183443, 0.20986054526240003, 3.7607907001373144e-05, 0.15120276815369557, 0.0546191122255393, 0.16290242124718904]","77_lag_82_median_traEU, 77_lag_86_median_scpPSLjfm, 77_lag_83_median_traDS, 77_lag_83_median_traCA, 81_lag_nhTSjfm, 77_lag_85_median_traCA, 86_lag_eapPSLjfm, 77_lag_82_median_mhfATL45, 77_lag_80_median_amo1, 85_lag_amoSSTmjjaso, 82_lag_labSSTjfm, 77_lag_83_median_traMC, 86_lag_AMOCann, 77_lag_81_median_mhfATL30, 77_lag_80_median_traFS, 77_lag_86_median_traFB, 77_lag_84_median_naoPSLjfm, 77_lag_82_median_nchinaPRjja, 77_lag_80_median_atlSICjfm, 77_lag_81_median_nchinaPRjja, 77_lag_84_median_eurPSLjfm, 86_lag_amo3, 82_lag_traIT, 77_lag_80_median_AMOCann, 86_lag_nhTSjfm, 77_lag_82_median_traCA, 77_lag_85_median_mhfIP30, 77_lag_80_median_ormenSSTjfm, 81_lag_ormenSSTjfm, 86_lag_amoSSTmjjaso_1235_77"
LinearRegression,73,30,ensoSSTjfm,slow,939.5,2005.5,0.6,88,78,78,12.506911133426131,-0.015119976508845053,1235,"['86_lag_amo1', '78_lag_82_median_ginwSSTjfm', '78_lag_84_median_samPSLann', '78_lag_81_median_atlSICsep', '81_lag_nhTSjfm', '78_lag_81_median_mhfATL30', '78_lag_82_median_ensoSSTjfm', '78_lag_87_median_arcTSjfm', '81_lag_pdoSSTjfm', '82_lag_traIT', '78_lag_81_median_gyreSSTjfm', '78_lag_83_median_samPSLann', '81_lag_mhfIP30', '78_lag_83_median_traDS', '78_lag_85_median_traCA', '78_lag_82_median_traIFC', '78_lag_85_median_mhfIP30', '78_lag_85_median_traTLS', '78_lag_85_median_traEC', '78_lag_83_median_tripol2', '78_lag_83_median_arcTSjfm', '78_lag_81_median_traCA', '78_lag_87_median_samPSLann', '81_lag_labSSTjfm', '78_lag_85_median_arcTSjfm', '83_lag_tripol1', '81_lag_ormenSSTjfm', '86_lag_amoSSTmjjaso', '78_lag_85_median_mhfATL60', '78_lag_83_median_mhfIP30']","[0.03755439787323415, 0.08755588122185123, 0.107910683825054, 0.03766316024673068, 0.011342052262582896, 0.09355406927069386, 0.18528122819983278, 0.16635284860768906, 0.007279354701343164, 0.028732343933437206, 0.09688147430534585, 0.05947557347545561, 0.08728848743181253, 0.04805989559752221, 0.06292045410661148, 0.11738033289159547, 0.09560247032205037, 0.10760175518553294, 0.16320320494813892, 0.1287376688773193, 0.04904025404739162, 0.12382273449662812, 0.15929767491884417, 0.018045354084272075, 0.1873624643024537, 0.002618153496743499, 0.05653098496477768, 0.10182176252809376, 0.1890086160328206, 0.028345464542576776]","86_lag_amo1, 78_lag_82_median_ginwSSTjfm, 78_lag_84_median_samPSLann, 78_lag_81_median_atlSICsep, 81_lag_nhTSjfm, 78_lag_81_median_mhfATL30, 78_lag_82_median_ensoSSTjfm, 78_lag_87_median_arcTSjfm, 81_lag_pdoSSTjfm, 82_lag_traIT, 78_lag_81_median_gyreSSTjfm, 78_lag_83_median_samPSLann, 81_lag_mhfIP30, 78_lag_83_median_traDS, 78_lag_85_median_traCA, 78_lag_82_median_traIFC, 78_lag_85_median_mhfIP30, 78_lag_85_median_traTLS, 78_lag_85_median_traEC, 78_lag_83_median_tripol2, 78_lag_83_median_arcTSjfm, 78_lag_81_median_traCA, 78_lag_87_median_samPSLann, 81_lag_labSSTjfm, 78_lag_85_median_arcTSjfm, 83_lag_tripol1, 81_lag_ormenSSTjfm, 86_lag_amoSSTmjjaso, 78_lag_85_median_mhfATL60, 78_lag_83_median_mhfIP30_1235_78"
LinearRegression,74,30,ensoSSTjfm,slow,940.5,2005.5,0.6,89,79,79,12.81393815678906,-0.038276448180662025,1235,"['81_lag_mhfIP30', '82_lag_labSSTjfm', '79_lag_86_median_nhSICjfm', '79_lag_83_median_scpPSLjfm', '79_lag_84_median_amoSSTmjjaso', '83_lag_traIT', '84_lag_gyreSSTjfm', '79_lag_83_median_stratZ50ndj03', '79_lag_atlSICjfm', '79_lag_84_median_AMOCann', '79_lag_84_median_nhTSjfm', '83_lag_tripol1', '82_lag_traIT', '79_lag_84_median_satlSSTjfm', '79_lag_82_median_traMC', '79_lag_82_median_atlSICjfm', '79_lag_83_median_ginwSSTjfm', '87_lag_AMOCann', '86_lag_AMOCann', '79_lag_84_median_samPSLann', '82_lag_wnorPRjfm', '79_lag_glomaSSTjfm', '79_lag_84_median_traMC', '81_lag_ormenSSTjfm', '86_lag_amo2', '79_lag_84_median_traFSC', '79_lag_83_median_traIT', '82_lag_nhTSjfm', '79_lag_AMOCann', '79_lag_88_median_traEU']","[0.05217522133436261, 0.01860044885710111, 0.03266743751725982, 0.23151035406949763, 0.22200868319576703, 0.0007878793475757255, 0.026834967065325198, 0.09554869183749201, 0.048408196002516404, 0.04463775583838183, 0.28404662300373473, 0.010778493321504441, 0.057276297524341054, 0.02840562850756488, 0.12801946389872743, 0.16865808211200772, 0.030448132490713386, 0.05779854868799701, 0.046508846785894606, 0.09203139735202318, 0.012731587743774146, 0.009390313322660904, 0.08247522415622453, 0.07378396606134303, 0.1262685023922825, 0.1129343953485178, 0.24634051851157307, 0.05039897980225803, 0.02921578176191204, 0.03306831427221792]","81_lag_mhfIP30, 82_lag_labSSTjfm, 79_lag_86_median_nhSICjfm, 79_lag_83_median_scpPSLjfm, 79_lag_84_median_amoSSTmjjaso, 83_lag_traIT, 84_lag_gyreSSTjfm, 79_lag_83_median_stratZ50ndj03, 79_lag_atlSICjfm, 79_lag_84_median_AMOCann, 79_lag_84_median_nhTSjfm, 83_lag_tripol1, 82_lag_traIT, 79_lag_84_median_satlSSTjfm, 79_lag_82_median_traMC, 79_lag_82_median_atlSICjfm, 79_lag_83_median_ginwSSTjfm, 87_lag_AMOCann, 86_lag_AMOCann, 79_lag_84_median_samPSLann, 82_lag_wnorPRjfm, 79_lag_glomaSSTjfm, 79_lag_84_median_traMC, 81_lag_ormenSSTjfm, 86_lag_amo2, 79_lag_84_median_traFSC, 79_lag_83_median_traIT, 82_lag_nhTSjfm, 79_lag_AMOCann, 79_lag_88_median_traEU_1235_79"
LinearRegression,75,30,ensoSSTjfm,slow,941.5,2005.5,0.6,90,80,80,12.522005715666815,0.06612023474801161,1235,"['87_lag_traDP', '80_lag_83_median_traMC', '80_lag_87_median_traEU', '84_lag_atlSICjfm', '80_lag_87_median_cetTSjfm', '80_lag_84_median_traEU', '80_lag_89_median_stratZ50ndj03', '83_lag_samPSLann', '80_lag_84_median_traIFC', '80_lag_83_median_traEC', '86_lag_AMOCann', '82_lag_nppc3SSTjfm', '80_lag_87_median_traDS', '83_lag_nppc2SSTjfm', '80_lag_86_median_nchinaPRjja', '80_lag_84_median_traEC', '89_lag_traDP', '82_lag_tripol1', '89_lag_seurTSjfm', '80_lag_86_median_traWP', '80_lag_87_median_traEC', '87_lag_nhSICjfm', '80_lag_85_median_traIFC', '86_lag_seurTSjfm', '89_lag_mhfATL45', '86_lag_amo2', '80_lag_83_median_stratZ50ndj03', '88_lag_amoSSTmjjaso', '86_lag_amo1', '80_lag_85_median_arcTSjfm']","[0.024832361565017343, 0.003075614400476341, 0.09822339964443531, 0.014801722968921727, 0.03351792807235093, 0.09927802962787396, 0.08784368227847601, 0.04972872221910566, 0.05109573241766449, 0.08309431377280325, 0.09715643725805967, 0.0741361990585646, 0.03111954905999667, 0.031171911142677894, 0.02436672012978923, 0.05989111724212284, 0.008077908231953763, 0.040602967579031105, 0.018497692724707856, 0.2143166325093274, 0.1140352809045548, 0.06144827630241533, 0.0404413631612144, 0.10615076852564206, 0.006952609329054586, 0.070144889751957, 0.06124569940707977, 0.11086407172672814, 0.11886761840620381, 0.06130327189648408]","87_lag_traDP, 80_lag_83_median_traMC, 80_lag_87_median_traEU, 84_lag_atlSICjfm, 80_lag_87_median_cetTSjfm, 80_lag_84_median_traEU, 80_lag_89_median_stratZ50ndj03, 83_lag_samPSLann, 80_lag_84_median_traIFC, 80_lag_83_median_traEC, 86_lag_AMOCann, 82_lag_nppc3SSTjfm, 80_lag_87_median_traDS, 83_lag_nppc2SSTjfm, 80_lag_86_median_nchinaPRjja, 80_lag_84_median_traEC, 89_lag_traDP, 82_lag_tripol1, 89_lag_seurTSjfm, 80_lag_86_median_traWP, 80_lag_87_median_traEC, 87_lag_nhSICjfm, 80_lag_85_median_traIFC, 86_lag_seurTSjfm, 89_lag_mhfATL45, 86_lag_amo2, 80_lag_83_median_stratZ50ndj03, 88_lag_amoSSTmjjaso, 86_lag_amo1, 80_lag_85_median_arcTSjfm_1235_80"
LinearRegression,76,30,ensoSSTjfm,slow,942.5,2005.5,0.6,91,81,81,12.389568202226288,0.0753918414406398,1235,"['86_lag_amo1', '81_lag_84_median_traFS', '83_lag_tripol1', '87_lag_nhSICjfm', '83_lag_amoSSTmjjaso', '86_lag_mhfATL45', '81_lag_85_median_stratZ50ndj02', '83_lag_amo3', '84_lag_mhfIP30', '87_lag_eurPSLjfm', '81_lag_86_median_eapPSLjfm', '81_lag_88_median_traBS', '87_lag_amo2', '81_lag_ormenSSTjfm', '89_lag_mhfATL45', '85_lag_amo3', '81_lag_glomaSSTjfm', '81_lag_86_median_seurTSjfm', '81_lag_86_median_traCA', '86_lag_amo2', '81_lag_85_median_eapPSLjfm', '90_lag_shTSjfm', '81_lag_86_median_shSICmar', '87_lag_glomaSSTjfm', '81_lag_88_median_eurPSLjfm', '81_lag_90_median_pdoSSTjfm', '81_lag_85_median_atlSICsep', '81_lag_86_median_traBS', '81_lag_86_median_mhfIP30', '81_lag_86_median_amo1']","[0.0792747509443315, 0.051227235416585123, 0.07034922721855717, 0.08827352833315695, 0.1321397012039052, 0.01605774234132483, 0.13454056948661802, 0.07393048043047214, 0.12135827800336, 0.12601763357206155, 0.05327249749233542, 0.03907582559819561, 0.04445340294007594, 0.0532390813101977, 0.02325813417370302, 0.07582779338685308, 0.019257942758378176, 0.11622991356923318, 0.05861974709677215, 0.16189981762010686, 0.08276911705907644, 0.11894516443363984, 0.033938652262143196, 0.025661300336284533, 0.06393323670876812, 0.0145572335041478, 0.15791228378072236, 0.039714004025792976, 0.05098620939962491, 0.1670814760330086]","86_lag_amo1, 81_lag_84_median_traFS, 83_lag_tripol1, 87_lag_nhSICjfm, 83_lag_amoSSTmjjaso, 86_lag_mhfATL45, 81_lag_85_median_stratZ50ndj02, 83_lag_amo3, 84_lag_mhfIP30, 87_lag_eurPSLjfm, 81_lag_86_median_eapPSLjfm, 81_lag_88_median_traBS, 87_lag_amo2, 81_lag_ormenSSTjfm, 89_lag_mhfATL45, 85_lag_amo3, 81_lag_glomaSSTjfm, 81_lag_86_median_seurTSjfm, 81_lag_86_median_traCA, 86_lag_amo2, 81_lag_85_median_eapPSLjfm, 90_lag_shTSjfm, 81_lag_86_median_shSICmar, 87_lag_glomaSSTjfm, 81_lag_88_median_eurPSLjfm, 81_lag_90_median_pdoSSTjfm, 81_lag_85_median_atlSICsep, 81_lag_86_median_traBS, 81_lag_86_median_mhfIP30, 81_lag_86_median_amo1_1235_81"
LinearRegression,77,30,ensoSSTjfm,slow,943.5,2005.5,0.6,92,82,82,12.456640153962402,0.07046831681761376,1235,"['82_lag_88_median_mhfATL30', '82_lag_91_median_tripol2', '82_lag_89_median_yrvPRjja', '82_lag_86_median_ormenSSTjfm', '82_lag_89_median_cetTSjfm', '87_lag_glomaSSTjfm', '82_lag_87_median_tripol2', '82_lag_85_median_eurPSLjfm', '82_lag_86_median_atlSICsep', '82_lag_91_median_wnorPRjfm', '82_lag_ormenSSTjfm', '82_lag_87_median_pdoSSTjfm', '82_lag_89_median_traDS', '82_lag_amo3', '82_lag_85_median_AMOCann', '82_lag_87_median_labSSTjfm', '85_lag_traIT', '84_lag_nhSICsep', '82_lag_85_median_nhTSjfm', '82_lag_87_median_cetTSjfm', '89_lag_cetTSjfm', '89_lag_nhSICjfm', '82_lag_gyreSSTjfm', '91_lag_nppc3SSTjfm', '82_lag_91_median_yrvPRjja', '82_lag_85_median_yrvPRjja', '82_lag_91_median_scpPSLjfm', '82_lag_89_median_neurTSjfm', '82_lag_87_median_traDS', '82_lag_85_median_mhfATL45']","[0.05903435464053262, 0.06409211650963459, 0.26780602738433956, 0.023698062170524316, 0.1482546213544209, 0.005437313345877214, 0.23060249160314047, 0.05014663687109649, 0.08819003559262453, 0.04546982634020815, 0.08399387019203072, 0.038972072735673824, 0.1876632843381325, 0.007887698519185516, 0.0869691186442373, 0.03407651964713625, 0.012203344664520438, 0.058130154274816784, 0.1058028653477498, 0.18215883306747346, 0.00010974862017508122, 0.1357912902341402, 0.06777246106863492, 0.027702871447613527, 0.14952776693991598, 0.07756189322042613, 0.06112789881142659, 0.12242163712605264, 0.19193288869932898, 0.04431794503905551]","82_lag_88_median_mhfATL30, 82_lag_91_median_tripol2, 82_lag_89_median_yrvPRjja, 82_lag_86_median_ormenSSTjfm, 82_lag_89_median_cetTSjfm, 87_lag_glomaSSTjfm, 82_lag_87_median_tripol2, 82_lag_85_median_eurPSLjfm, 82_lag_86_median_atlSICsep, 82_lag_91_median_wnorPRjfm, 82_lag_ormenSSTjfm, 82_lag_87_median_pdoSSTjfm, 82_lag_89_median_traDS, 82_lag_amo3, 82_lag_85_median_AMOCann, 82_lag_87_median_labSSTjfm, 85_lag_traIT, 84_lag_nhSICsep, 82_lag_85_median_nhTSjfm, 82_lag_87_median_cetTSjfm, 89_lag_cetTSjfm, 89_lag_nhSICjfm, 82_lag_gyreSSTjfm, 91_lag_nppc3SSTjfm, 82_lag_91_median_yrvPRjja, 82_lag_85_median_yrvPRjja, 82_lag_91_median_scpPSLjfm, 82_lag_89_median_neurTSjfm, 82_lag_87_median_traDS, 82_lag_85_median_mhfATL45_1235_82"
LinearRegression,78,30,ensoSSTjfm,slow,944.5,2005.5,0.6,93,83,83,12.664635898422748,0.034113771742160647,1235,"['83_lag_88_median_pdoSSTjfm', '86_lag_amo2', '83_lag_88_median_traCA', '91_lag_traDP', '83_lag_88_median_atlSICsep', '83_lag_87_median_traEC', '83_lag_92_median_traFSC', '83_lag_90_median_stratZ50ndj01', '85_lag_nhSICsep', '85_lag_amo3', '92_lag_nppc3SSTjfm', '83_lag_wnorPRjfm', '83_lag_87_median_ginwSSTjfm', '87_lag_shTSjfm', '83_lag_86_median_eurPSLjfm', '87_lag_naoPSLjfm', '83_lag_87_median_mhfIP30', '83_lag_gyreSSTjfm', '83_lag_88_median_samPSLann', '83_lag_87_median_traIFC', '86_lag_amo3', '83_lag_87_median_ismPRjja', '83_lag_86_median_traIFC', '83_lag_88_median_traIFC', '92_lag_tripol2', '87_lag_labSSTjfm', '83_lag_92_median_gyreSSTjfm', '83_lag_92_median_samPSLann', '83_lag_amo3', '83_lag_92_median_pdoSSTjfm']","[0.16498877643556378, 0.16035479202776046, 0.05741097460334401, 0.04526430891627528, 0.043211196199557836, 0.07179052014309674, 0.15791095899331395, 0.010949805623102802, 0.02284013729221205, 0.0892093154095051, 0.07277573347380006, 0.022607647300132115, 0.06820340886063657, 0.16515842087519167, 0.024747268067939518, 0.0691309212373982, 0.06598466984781379, 0.2517693889216924, 0.07379899119908329, 0.09573844891034691, 0.03401424541215446, 0.0006309404509305602, 0.030243675761396506, 0.008839677099871626, 0.02682800566282904, 0.059852377258509414, 0.13293945957806272, 0.2587258451280454, 0.19544585917237517, 0.11062391356018554]","83_lag_88_median_pdoSSTjfm, 86_lag_amo2, 83_lag_88_median_traCA, 91_lag_traDP, 83_lag_88_median_atlSICsep, 83_lag_87_median_traEC, 83_lag_92_median_traFSC, 83_lag_90_median_stratZ50ndj01, 85_lag_nhSICsep, 85_lag_amo3, 92_lag_nppc3SSTjfm, 83_lag_wnorPRjfm, 83_lag_87_median_ginwSSTjfm, 87_lag_shTSjfm, 83_lag_86_median_eurPSLjfm, 87_lag_naoPSLjfm, 83_lag_87_median_mhfIP30, 83_lag_gyreSSTjfm, 83_lag_88_median_samPSLann, 83_lag_87_median_traIFC, 86_lag_amo3, 83_lag_87_median_ismPRjja, 83_lag_86_median_traIFC, 83_lag_88_median_traIFC, 92_lag_tripol2, 87_lag_labSSTjfm, 83_lag_92_median_gyreSSTjfm, 83_lag_92_median_samPSLann, 83_lag_amo3, 83_lag_92_median_pdoSSTjfm_1235_83"
LinearRegression,79,30,ensoSSTjfm,slow,945.5,2005.5,0.6,94,84,84,12.640632454842311,-0.03259943197015835,1235,"['84_lag_90_median_stratZ50ndj01', '90_lag_samPSLann', '84_lag_88_median_pdoSSTjfm', '84_lag_89_median_glTSjfm', '84_lag_93_median_stratZ50ndj04', '91_lag_shSICmar', '84_lag_93_median_alpi', '84_lag_88_median_cetTSjfm', '84_lag_87_median_arcTSjfm', '84_lag_88_median_traWP', '87_lag_amoSSTmjjaso', '84_lag_87_median_traEC', '87_lag_amo3', '84_lag_89_median_nhSICjfm', '84_lag_87_median_traDS', '90_lag_mhfATL30', '89_lag_mhfATL60', '87_lag_shTSjfm', '93_lag_tripol2', '88_lag_naoPSLjfm', '84_lag_89_median_traFB', '84_lag_90_median_mhfIP30', '84_lag_93_median_eapPSLjfm', '91_lag_AMOCann', '86_lag_amo3', '84_lag_89_median_eapPSLjfm', '84_lag_93_median_ormenSSTjfm', '84_lag_91_median_mhfATL30', '84_lag_89_median_traIFC', '84_lag_91_median_eapPSLjfm']","[0.11240357332390595, 0.005822997718860384, 0.005240429742851622, 0.3086488086684259, 0.23504819324852974, 0.04509141832875127, 0.10654893296655531, 0.001246692908687071, 0.008871123953933018, 0.1696912718926167, 0.009941058756342616, 0.10985972568570626, 0.023508536143559387, 0.031756658001791706, 0.03159519748102385, 0.06116592210805781, 0.030590817966724557, 0.14370870404358946, 0.03380839989575165, 0.025665135912813393, 0.07492596674719802, 0.23905157775772126, 0.3249156564997071, 0.018543552786471504, 0.03242978849480738, 0.08801275522760073, 0.014753572614220853, 0.08457589785494474, 0.10090378969568, 0.32812531947696794]","84_lag_90_median_stratZ50ndj01, 90_lag_samPSLann, 84_lag_88_median_pdoSSTjfm, 84_lag_89_median_glTSjfm, 84_lag_93_median_stratZ50ndj04, 91_lag_shSICmar, 84_lag_93_median_alpi, 84_lag_88_median_cetTSjfm, 84_lag_87_median_arcTSjfm, 84_lag_88_median_traWP, 87_lag_amoSSTmjjaso, 84_lag_87_median_traEC, 87_lag_amo3, 84_lag_89_median_nhSICjfm, 84_lag_87_median_traDS, 90_lag_mhfATL30, 89_lag_mhfATL60, 87_lag_shTSjfm, 93_lag_tripol2, 88_lag_naoPSLjfm, 84_lag_89_median_traFB, 84_lag_90_median_mhfIP30, 84_lag_93_median_eapPSLjfm, 91_lag_AMOCann, 86_lag_amo3, 84_lag_89_median_eapPSLjfm, 84_lag_93_median_ormenSSTjfm, 84_lag_91_median_mhfATL30, 84_lag_89_median_traIFC, 84_lag_91_median_eapPSLjfm_1235_84"
LinearRegression,80,30,ensoSSTjfm,slow,946.5,2005.5,0.6,95,85,85,12.445547537931688,0.08985177708577098,1235,"['94_lag_amo1', '85_lag_88_median_traCA', '85_lag_90_median_nhSICjfm', '85_lag_93_median_traBS', '85_lag_94_median_pdoSSTjfm', '85_lag_94_median_scpPSLjfm', '85_lag_92_median_neurTSjfm', '85_lag_88_median_cetTSjfm', '93_lag_shSICsep', '88_lag_traCA', '94_lag_cetTSjfm', '85_lag_90_median_stratZ50ndj01', '85_lag_amo3', '92_lag_naoPSLjfm', '85_lag_89_median_traFS', '92_lag_AMOCann', '85_lag_93_median_traBO', '85_lag_88_median_mhfATL45', '85_lag_92_median_traMC', '85_lag_90_median_atlSICsep', '94_lag_traDP', '85_lag_88_median_arcTSjfm', '85_lag_89_median_traTLS', '85_lag_88_median_traWP', '85_lag_92_median_mhfATL45', '85_lag_amoSSTmjjaso', '85_lag_89_median_mhfATL30', '85_lag_92_median_samPSLann', '94_lag_shSICsep', '85_lag_89_median_stratZ50ndj03']","[0.08413568347476144, 0.08866472165381831, 0.03740140471032149, 0.26586776970588455, 0.010097991653809113, 0.2146530019718643, 0.14642064397502752, 0.013512656924749289, 0.12302549609379562, 0.05964561259486995, 0.00012686327258499595, 0.10162474146654689, 0.09326720398856857, 0.060772278712039225, 0.013290408753500974, 0.017817337044585692, 0.07677294357889314, 0.11238556138538833, 0.011840905750393906, 0.04550849523985549, 0.03713639570088178, 0.16607741499327658, 0.02552327744894939, 0.19603859675669813, 0.10470464177011396, 0.06062450827479822, 0.009108944767543124, 0.12392555190050528, 0.16157681159563325, 0.027494242531101824]","94_lag_amo1, 85_lag_88_median_traCA, 85_lag_90_median_nhSICjfm, 85_lag_93_median_traBS, 85_lag_94_median_pdoSSTjfm, 85_lag_94_median_scpPSLjfm, 85_lag_92_median_neurTSjfm, 85_lag_88_median_cetTSjfm, 93_lag_shSICsep, 88_lag_traCA, 94_lag_cetTSjfm, 85_lag_90_median_stratZ50ndj01, 85_lag_amo3, 92_lag_naoPSLjfm, 85_lag_89_median_traFS, 92_lag_AMOCann, 85_lag_93_median_traBO, 85_lag_88_median_mhfATL45, 85_lag_92_median_traMC, 85_lag_90_median_atlSICsep, 94_lag_traDP, 85_lag_88_median_arcTSjfm, 85_lag_89_median_traTLS, 85_lag_88_median_traWP, 85_lag_92_median_mhfATL45, 85_lag_amoSSTmjjaso, 85_lag_89_median_mhfATL30, 85_lag_92_median_samPSLann, 94_lag_shSICsep, 85_lag_89_median_stratZ50ndj03_1235_85"
LinearRegression,81,30,ensoSSTjfm,slow,947.5,2005.5,0.6,96,86,86,12.321096719230212,0.1003625284555965,1235,"['86_lag_93_median_atlSICjfm', '86_lag_89_median_stratZ50ndj03', '86_lag_90_median_amoSSTmjjaso', '86_lag_89_median_cetTSjfm', '86_lag_93_median_traDP', '86_lag_95_median_traDS', '86_lag_93_median_alpi', '91_lag_atlSICjfm', '86_lag_89_median_mhfATL30', '86_lag_89_median_traFS', '86_lag_90_median_traIFC', '88_lag_mhfATL30', '86_lag_89_median_arcTSjfm', '86_lag_90_median_traTLS', '86_lag_90_median_traFS', '86_lag_89_median_traMC', '94_lag_cetTSjfm', '92_lag_AMOCann', '86_lag_95_median_naoPSLjfm', '86_lag_89_median_seurTSjfm', '86_lag_89_median_traEC', '86_lag_89_median_eurPSLjfm', '86_lag_90_median_ensoSSTjfm', '86_lag_92_median_wnorPRjfm', '91_lag_mhfATL60', '86_lag_amo3', '95_lag_cetTSjfm', '86_lag_93_median_traBS', '86_lag_89_median_mhfATL60', '86_lag_93_median_eapPSLjfm']","[0.03036821176883973, 0.016502967893243688, 0.03234488451539186, 0.13606357091593857, 0.031561121589373374, 0.008023584956990168, 0.04704375537869553, 0.05729473204461954, 0.003844893586386543, 0.10033679721644864, 0.026946680097412336, 0.005279630872740044, 0.07902865693927674, 0.04796288639012567, 0.10400707249662963, 0.004552765900043495, 0.023117356890151226, 0.009902689621687145, 0.034581023189536965, 0.08221642290661446, 0.10832835483420976, 0.12207664960586202, 0.06606170069661765, 0.193897517381866, 0.03352252806902443, 0.08088516506995719, 0.04895143114374049, 0.17574300038937193, 0.08643561675993135, 0.10363463285397811]","86_lag_93_median_atlSICjfm, 86_lag_89_median_stratZ50ndj03, 86_lag_90_median_amoSSTmjjaso, 86_lag_89_median_cetTSjfm, 86_lag_93_median_traDP, 86_lag_95_median_traDS, 86_lag_93_median_alpi, 91_lag_atlSICjfm, 86_lag_89_median_mhfATL30, 86_lag_89_median_traFS, 86_lag_90_median_traIFC, 88_lag_mhfATL30, 86_lag_89_median_arcTSjfm, 86_lag_90_median_traTLS, 86_lag_90_median_traFS, 86_lag_89_median_traMC, 94_lag_cetTSjfm, 92_lag_AMOCann, 86_lag_95_median_naoPSLjfm, 86_lag_89_median_seurTSjfm, 86_lag_89_median_traEC, 86_lag_89_median_eurPSLjfm, 86_lag_90_median_ensoSSTjfm, 86_lag_92_median_wnorPRjfm, 91_lag_mhfATL60, 86_lag_amo3, 95_lag_cetTSjfm, 86_lag_93_median_traBS, 86_lag_89_median_mhfATL60, 86_lag_93_median_eapPSLjfm_1235_86"
LinearRegression,82,30,ensoSSTjfm,slow,948.5,2005.5,0.6,97,87,87,12.540403568443521,-0.06837441379981009,1235,"['87_lag_90_median_nhSICsep', '87_lag_90_median_mhfIP30', '87_lag_90_median_shSICmar', '87_lag_93_median_nppc3SSTjfm', '87_lag_96_median_traBO', '87_lag_92_median_mhfATL60', '90_lag_traIFC', '87_lag_92_median_ormenSSTjfm', '87_lag_92_median_traEU', '87_lag_91_median_nhTSjfm', '87_lag_95_median_traEU', '87_lag_94_median_mhfATL45', '93_lag_mhfATL60', '95_lag_cetTSjfm', '95_lag_mhfATL45', '87_lag_92_median_yrvPRjja', '87_lag_94_median_traFSC', '87_lag_93_median_traCA', '87_lag_93_median_wnorPRjfm', '87_lag_96_median_scpPSLjfm', '87_lag_90_median_traFS', '94_lag_AMOCann', '96_lag_wnorPRjfm', '87_lag_92_median_traCA', '87_lag_96_median_ormenSSTjfm', '87_lag_96_median_arcTSjfm', '94_lag_gyreSSTjfm', '87_lag_91_median_ismPRjja', '87_lag_94_median_stratZ50ndj01', '87_lag_91_median_traIFC']","[0.03766758574668835, 0.01302179245554477, 0.04079420619154145, 0.08808436990981826, 0.048039726788686635, 0.14824309420798956, 0.11854021716100614, 0.04827187170392187, 0.061705047503380885, 0.138281643166322, 0.07708174429977149, 0.07754250522701465, 0.07730363302262322, 0.05126687470692569, 0.07930919484000139, 0.02818495453805469, 0.025818386187596205, 0.3143747495352396, 0.13099522235057026, 0.014878661468370134, 0.0760086892835237, 0.009879011350507361, 0.015015660841114463, 0.3631259169503254, 0.12612405105376862, 0.0009904490908655183, 0.032853853443162315, 0.1658929131253263, 0.016467080711162013, 0.03367717022100396]","87_lag_90_median_nhSICsep, 87_lag_90_median_mhfIP30, 87_lag_90_median_shSICmar, 87_lag_93_median_nppc3SSTjfm, 87_lag_96_median_traBO, 87_lag_92_median_mhfATL60, 90_lag_traIFC, 87_lag_92_median_ormenSSTjfm, 87_lag_92_median_traEU, 87_lag_91_median_nhTSjfm, 87_lag_95_median_traEU, 87_lag_94_median_mhfATL45, 93_lag_mhfATL60, 95_lag_cetTSjfm, 95_lag_mhfATL45, 87_lag_92_median_yrvPRjja, 87_lag_94_median_traFSC, 87_lag_93_median_traCA, 87_lag_93_median_wnorPRjfm, 87_lag_96_median_scpPSLjfm, 87_lag_90_median_traFS, 94_lag_AMOCann, 96_lag_wnorPRjfm, 87_lag_92_median_traCA, 87_lag_96_median_ormenSSTjfm, 87_lag_96_median_arcTSjfm, 94_lag_gyreSSTjfm, 87_lag_91_median_ismPRjja, 87_lag_94_median_stratZ50ndj01, 87_lag_91_median_traIFC_1235_87"
LinearRegression,83,30,ensoSSTjfm,slow,949.5,2005.5,0.6,98,88,88,12.47657788814723,-0.018036923490245885,1235,"['88_lag_93_median_mhfATL30', '88_lag_95_median_cetTSjfm', '88_lag_95_median_mhfATL45', '95_lag_cetTSjfm', '88_lag_95_median_ginwSSTjfm', '88_lag_95_median_traEU', '88_lag_93_median_wnorPRjfm', '88_lag_95_median_traFS', '97_lag_glomaSSTjfm', '92_lag_amo1', '88_lag_96_median_gyreSSTjfm', '88_lag_93_median_nppc2SSTjfm', '88_lag_91_median_tripol3', '93_lag_amoSSTmjjaso', '93_lag_wnorPRjfm', '96_lag_tripol1', '88_lag_91_median_traCA', '88_lag_97_median_traEU', '96_lag_wnorPRjfm', '88_lag_93_median_nhTSjfm', '88_lag_95_median_mhfIP30', '88_lag_91_median_traIT', '88_lag_92_median_traMC', '88_lag_94_median_stratZ50ndj01', '94_lag_gyreSSTjfm', '88_lag_amo2', '88_lag_93_median_yrvPRjja', '88_lag_92_median_alpi', '88_lag_93_median_nchinaPRjja', '88_lag_93_median_traIT']","[0.0638153534343743, 0.10324067576886158, 0.05608541407167701, 0.07230988827273668, 0.03235734737755883, 0.003987914283731967, 0.0631241162348716, 0.03667573245737459, 0.20552849233346646, 0.15687602991951397, 0.020313013117814492, 0.009813344236939449, 0.004985401474511014, 0.10013785825055631, 0.0723199617068469, 0.02292110712650466, 0.016835460100351193, 0.030213377138916395, 0.02579107549408163, 0.13051312335015852, 0.05804783502502446, 0.021132590614872427, 0.012589376065130692, 0.03970169380454931, 0.018685589850098862, 0.15153785003788284, 0.04475401053200623, 0.04099885994253767, 0.09564352010970509, 0.0586583093074122]","88_lag_93_median_mhfATL30, 88_lag_95_median_cetTSjfm, 88_lag_95_median_mhfATL45, 95_lag_cetTSjfm, 88_lag_95_median_ginwSSTjfm, 88_lag_95_median_traEU, 88_lag_93_median_wnorPRjfm, 88_lag_95_median_traFS, 97_lag_glomaSSTjfm, 92_lag_amo1, 88_lag_96_median_gyreSSTjfm, 88_lag_93_median_nppc2SSTjfm, 88_lag_91_median_tripol3, 93_lag_amoSSTmjjaso, 93_lag_wnorPRjfm, 96_lag_tripol1, 88_lag_91_median_traCA, 88_lag_97_median_traEU, 96_lag_wnorPRjfm, 88_lag_93_median_nhTSjfm, 88_lag_95_median_mhfIP30, 88_lag_91_median_traIT, 88_lag_92_median_traMC, 88_lag_94_median_stratZ50ndj01, 94_lag_gyreSSTjfm, 88_lag_amo2, 88_lag_93_median_yrvPRjja, 88_lag_92_median_alpi, 88_lag_93_median_nchinaPRjja, 88_lag_93_median_traIT_1235_88"
LinearRegression,84,30,ensoSSTjfm,slow,950.5,2005.5,0.6,99,89,89,12.490491020192174,0.002294218737285214,1235,"['89_lag_96_median_labSSTjfm', '96_lag_AMOCann', '89_lag_93_median_cetTSjfm', '92_lag_mhfATL45', '89_lag_92_median_wnorPRjfm', '89_lag_96_median_mhfATL30', '89_lag_92_median_scpPSLjfm', '89_lag_98_median_gyreSSTjfm', '89_lag_amo3', '89_lag_traTLS', '94_lag_mhfATL30', '89_lag_97_median_atlSICjfm', '89_lag_seurTSjfm', '89_lag_94_median_traMC', '89_lag_94_median_traWP', '89_lag_97_median_traFB', '97_lag_labSSTjfm', '92_lag_amo3', '89_lag_94_median_nchinaPRjja', '94_lag_samPSLann', '89_lag_eapPSLjfm', '89_lag_98_median_traFB', '89_lag_97_median_traIFC', '91_lag_nppc2SSTjfm', '89_lag_94_median_mhfIP30', '89_lag_96_median_traWP', '89_lag_94_median_stratZ50ndj01', '94_lag_gyreSSTjfm', '89_lag_96_median_tripol1', '89_lag_92_median_traMC']","[0.0034320335472904926, 0.04537421367809538, 0.12034247340360764, 0.041642889395749276, 0.08979738287840852, 0.11662615039891637, 0.034572101532106714, 0.026646212487925435, 0.03152343115450189, 0.058539080761825193, 0.03980440623551486, 0.05006264141437143, 0.07753598553103273, 0.06490110725707893, 0.11604871153330118, 0.1753994279222017, 0.01162492034646338, 0.037706583947133325, 0.006549373880884209, 0.007438150646325668, 0.08551332133031897, 0.08303187830376019, 0.1392803285923514, 0.007029515773916624, 0.06749211373572128, 0.24572899521219746, 0.020501269286528786, 0.019320664651754995, 0.08680974295260348, 0.01364733464145161]","89_lag_96_median_labSSTjfm, 96_lag_AMOCann, 89_lag_93_median_cetTSjfm, 92_lag_mhfATL45, 89_lag_92_median_wnorPRjfm, 89_lag_96_median_mhfATL30, 89_lag_92_median_scpPSLjfm, 89_lag_98_median_gyreSSTjfm, 89_lag_amo3, 89_lag_traTLS, 94_lag_mhfATL30, 89_lag_97_median_atlSICjfm, 89_lag_seurTSjfm, 89_lag_94_median_traMC, 89_lag_94_median_traWP, 89_lag_97_median_traFB, 97_lag_labSSTjfm, 92_lag_amo3, 89_lag_94_median_nchinaPRjja, 94_lag_samPSLann, 89_lag_eapPSLjfm, 89_lag_98_median_traFB, 89_lag_97_median_traIFC, 91_lag_nppc2SSTjfm, 89_lag_94_median_mhfIP30, 89_lag_96_median_traWP, 89_lag_94_median_stratZ50ndj01, 94_lag_gyreSSTjfm, 89_lag_96_median_tripol1, 89_lag_92_median_traMC_1235_89"
LinearRegression,85,30,ensoSSTjfm,slow,951.5,2005.5,0.6,100,90,90,12.564690903585353,-0.03964696892808623,1235,"['90_lag_cetTSjfm', '92_lag_mhfATL60', '95_lag_labSSTjfm', '90_lag_96_median_traFS', '90_lag_99_median_gyreSSTjfm', '94_lag_pdoSSTjfm', '93_lag_mhfATL45', '90_lag_94_median_neurTSjfm', '96_lag_amo1', '90_lag_93_median_gyreSSTjfm', '90_lag_93_median_traEC', '92_lag_traDP', '90_lag_mhfATL30', '90_lag_94_median_stratZ50ndj01', '90_lag_97_median_nppc3SSTjfm', '90_lag_97_median_ginwSSTjfm', '90_lag_97_median_traDS', '99_lag_AMOCann', '90_lag_99_median_traIFC', '90_lag_94_median_samPSLann', '90_lag_99_median_eapPSLjfm', '99_lag_traDP', '90_lag_93_median_mhfATL30', '90_lag_95_median_traCA', '90_lag_AMOCann', '90_lag_93_median_traMC', '90_lag_95_median_stratZ50ndj02', '90_lag_93_median_mhfATL60', '90_lag_97_median_traFS', '94_lag_gyreSSTjfm']","[0.05710377824993358, 0.12155247670957584, 0.006720821564373997, 0.19160652737585196, 0.04441741408783364, 0.05674043423741815, 0.006147808615397375, 0.11650926139575297, 0.15806509833586327, 0.037212375978547624, 0.0002426873328202102, 0.06670366365200464, 0.09539713994377096, 0.06942468817039636, 0.166203069379826, 0.06993099575988951, 0.16609668175400652, 0.023170894793120587, 0.15365449374411105, 0.06079757069290227, 0.15651642839891383, 0.038162341140487235, 0.05248363705094093, 0.07661730997520169, 0.0910288178696503, 0.0367568065647578, 0.019928599017511373, 0.1711324611421851, 0.25727861451788275, 0.013979997865082363]","90_lag_cetTSjfm, 92_lag_mhfATL60, 95_lag_labSSTjfm, 90_lag_96_median_traFS, 90_lag_99_median_gyreSSTjfm, 94_lag_pdoSSTjfm, 93_lag_mhfATL45, 90_lag_94_median_neurTSjfm, 96_lag_amo1, 90_lag_93_median_gyreSSTjfm, 90_lag_93_median_traEC, 92_lag_traDP, 90_lag_mhfATL30, 90_lag_94_median_stratZ50ndj01, 90_lag_97_median_nppc3SSTjfm, 90_lag_97_median_ginwSSTjfm, 90_lag_97_median_traDS, 99_lag_AMOCann, 90_lag_99_median_traIFC, 90_lag_94_median_samPSLann, 90_lag_99_median_eapPSLjfm, 99_lag_traDP, 90_lag_93_median_mhfATL30, 90_lag_95_median_traCA, 90_lag_AMOCann, 90_lag_93_median_traMC, 90_lag_95_median_stratZ50ndj02, 90_lag_93_median_mhfATL60, 90_lag_97_median_traFS, 94_lag_gyreSSTjfm_1235_90"
