model,num_irrelevant,max_allowed_features,target_feature,dataset,year_start,year_end,splitsize,max_lag,init_lag,max_forecast,mae_score,corr_score,n_total_features,selected_feature_list,feature_importances,selected_features
LRforcedPSO,0,6,traBO,picntrl,1514.5,2050.5,0.8,15,5,5,15.206076722986927,-0.050046701437217615,1216,"['7_lag_nhSICsep', '5_lag_10_median_shTSjfm', '5_lag_stratZ50ndj03', '11_lag_amo2', '5_lag_14_median_stratZ50ndj01', '14_lag_atlSICsep']","[2.3229726611275834, 1.8820149451444186, 1.8544218714817444, 2.472535991856835, 2.0259038602206885, 1.8544057637333253]","7_lag_nhSICsep, 5_lag_10_median_shTSjfm, 5_lag_stratZ50ndj03, 11_lag_amo2, 5_lag_14_median_stratZ50ndj01, 14_lag_atlSICsep_1216_5"
LRforcedPSO,1,6,traBO,picntrl,1515.5,2050.5,0.8,16,6,6,16.064643176601678,-0.020025452981017985,1216,"['6_lag_12_median_shTSjfm', '6_lag_amo2', '8_lag_glomaSSTjfm', '6_lag_11_median_tripol1', '6_lag_15_median_traBO', '6_lag_7_median_traFS']","[3.4821167507498565, 2.0150461113454536, 1.0689050588939253, 5.496396541276642, 2.6288082125710606, 0.7313752418212882]","6_lag_12_median_shTSjfm, 6_lag_amo2, 8_lag_glomaSSTjfm, 6_lag_11_median_tripol1, 6_lag_15_median_traBO, 6_lag_7_median_traFS_1216_6"
LRforcedPSO,2,6,traBO,picntrl,1516.5,2050.5,0.8,17,7,7,14.66547582686718,-0.026173765888906558,1216,"['11_lag_traDP', '15_lag_traIT', '11_lag_shSICsep', '14_lag_ismPRjja', '15_lag_glTSjfm', '7_lag_seurTSjfm']","[0.9146481808675411, 1.7548940211381208, 2.4722008276858665, 1.058060656815421, 4.315008102701064, 4.389712297111215]","11_lag_traDP, 15_lag_traIT, 11_lag_shSICsep, 14_lag_ismPRjja, 15_lag_glTSjfm, 7_lag_seurTSjfm_1216_7"
LRforcedPSO,3,6,traBO,picntrl,1517.5,2050.5,0.8,18,8,8,14.077734997606866,0.059997730183597706,1216,"['10_lag_ginwSSTjfm', '17_lag_atlSICjfm', '8_lag_17_median_mhfATL45', '16_lag_amoSSTmjjaso', '12_lag_mhfIP30', '8_lag_ensoSSTjfm']","[1.8854831131384742, 1.9483653538463268, 2.5138701936014947, 1.8860740648574894, 2.360223362191888, 1.885440372671725]","10_lag_ginwSSTjfm, 17_lag_atlSICjfm, 8_lag_17_median_mhfATL45, 16_lag_amoSSTmjjaso, 12_lag_mhfIP30, 8_lag_ensoSSTjfm_1216_8"
LRforcedPSO,4,6,traBO,picntrl,1518.5,2050.5,0.8,19,9,9,13.974435779959569,0.14820854066263403,1216,"['9_lag_18_median_stratZ50ndj02', '9_lag_16_median_traBO', '10_lag_traFSC', '9_lag_16_median_traFS', '9_lag_13_median_traEC', '9_lag_18_median_scpPSLjfm']","[0.682819266358667, 3.0520563664863687, 0.561100599526899, 2.688564091677046, 1.5864921328250325, 1.3197723712550058]","9_lag_18_median_stratZ50ndj02, 9_lag_16_median_traBO, 10_lag_traFSC, 9_lag_16_median_traFS, 9_lag_13_median_traEC, 9_lag_18_median_scpPSLjfm_1216_9"
LRforcedPSO,5,6,traBO,picntrl,1519.5,2050.5,0.8,20,10,10,14.787695503108676,0.08785257557664367,1216,"['10_lag_18_median_neurTSjfm', '19_lag_traFSC', '11_lag_samPSLann', '10_lag_18_median_shSICmar', '10_lag_yrvPRjja', '18_lag_amo2']","[3.0133773373472668, 2.84076984707613, 3.1157209327209157, 3.256402056192985, 3.329439515486861, 3.659880560912718]","10_lag_18_median_neurTSjfm, 19_lag_traFSC, 11_lag_samPSLann, 10_lag_18_median_shSICmar, 10_lag_yrvPRjja, 18_lag_amo2_1216_10"
LRforcedPSO,6,6,traBO,picntrl,1520.5,2050.5,0.8,21,11,11,15.010039850529175,-0.10503572756891986,1216,"['11_lag_14_median_satlSSTjfm', '11_lag_15_median_traBS', '11_lag_nppc3SSTjfm', '12_lag_amoSSTmjjaso', '11_lag_18_median_alpi', '19_lag_naoPSLjfm']","[0.04703532190791826, 0.7622226946747581, 3.2035965499440024, 1.7288467256538365, 3.2932666512925106, 2.039514183375446]","11_lag_14_median_satlSSTjfm, 11_lag_15_median_traBS, 11_lag_nppc3SSTjfm, 12_lag_amoSSTmjjaso, 11_lag_18_median_alpi, 19_lag_naoPSLjfm_1216_11"
LRforcedPSO,7,6,traBO,picntrl,1521.5,2050.5,0.8,22,12,12,15.82634250829151,-0.07801285912169147,1216,"['16_lag_mhfATL30', '12_lag_19_median_nhSICsep', '14_lag_neurTSjfm', '21_lag_labSSTjfm', '19_lag_traBS', '21_lag_seurTSjfm']","[1.611683047384707, 4.106760741133375, 0.08561916761854249, 9.722368537196877, 0.8637498927836447, 2.2004852183180557]","16_lag_mhfATL30, 12_lag_19_median_nhSICsep, 14_lag_neurTSjfm, 21_lag_labSSTjfm, 19_lag_traBS, 21_lag_seurTSjfm_1216_12"
LRforcedPSO,8,6,traBO,picntrl,1522.5,2050.5,0.8,23,13,13,14.430439747135487,0.12389879903141082,1216,"['22_lag_traDS', '13_lag_20_median_tripol2', '13_lag_17_median_atlSICjfm', '13_lag_21_median_shSICmar', '13_lag_15_median_mhfATL30', '13_lag_16_median_AMOCann']","[3.230092775104319, 2.8663753032980184, 3.2704656550987545, 3.0222905115841483, 2.547870285377239, 3.3448677390242993]","22_lag_traDS, 13_lag_20_median_tripol2, 13_lag_17_median_atlSICjfm, 13_lag_21_median_shSICmar, 13_lag_15_median_mhfATL30, 13_lag_16_median_AMOCann_1216_13"
LRforcedPSO,9,6,traBO,picntrl,1523.5,2050.5,0.8,24,14,14,14.573474432558042,-0.07988321110722398,1216,"['14_lag_23_median_stratZ50ndj01', '18_lag_ismPRjja', '14_lag_21_median_mhfATL45', '14_lag_19_median_ginwSSTjfm', '14_lag_17_median_traDS', '14_lag_23_median_shSICsep']","[2.062242152056604, 1.5467031644108047, 2.062235138236381, 1.5466900587541785, 1.546699482126933, 1.5604604482865803]","14_lag_23_median_stratZ50ndj01, 18_lag_ismPRjja, 14_lag_21_median_mhfATL45, 14_lag_19_median_ginwSSTjfm, 14_lag_17_median_traDS, 14_lag_23_median_shSICsep_1216_14"
LRforcedPSO,10,6,traBO,picntrl,1524.5,2050.5,0.8,25,15,15,13.940253785349304,0.1249012571178599,1216,"['15_lag_eapPSLjfm', '21_lag_cetTSjfm', '15_lag_18_median_ismPRjja', '15_lag_21_median_atlSICsep', '21_lag_atlSICjfm', '22_lag_traFSC']","[2.094406351492907, 2.2796154144480725, 2.0948818454215, 2.6348146451409926, 2.7276594421724374, 2.0869862650266464]","15_lag_eapPSLjfm, 21_lag_cetTSjfm, 15_lag_18_median_ismPRjja, 15_lag_21_median_atlSICsep, 21_lag_atlSICjfm, 22_lag_traFSC_1216_15"
LRforcedPSO,11,6,traBO,picntrl,1525.5,2050.5,0.8,26,16,16,16.984702418040346,-0.05961682762391391,1216,"['19_lag_nhTSjfm', '20_lag_mhfATL60', '20_lag_mhfATL45', '21_lag_traTLS', '16_lag_19_median_stratZ50ndj01', '16_lag_21_median_stratZ50ndj03']","[1.4388447077628523, 1.2507292672090387, 0.6718639863502602, 8.2008331234713, 4.929376259561577, 5.698519119794172]","19_lag_nhTSjfm, 20_lag_mhfATL60, 20_lag_mhfATL45, 21_lag_traTLS, 16_lag_19_median_stratZ50ndj01, 16_lag_21_median_stratZ50ndj03_1216_16"
LRforcedPSO,12,6,traBO,picntrl,1526.5,2050.5,0.8,27,17,17,14.545942283813634,0.03547170204476845,1216,"['23_lag_nppc2SSTjfm', '17_lag_18_median_AMOCann', '21_lag_traDS', '17_lag_24_median_amo2', '17_lag_23_median_nchinaPRjja', '17_lag_22_median_traMC']","[2.473823566323188, 0.5074652095609586, 3.8441008420153153, 1.453440877685118, 2.4328594696923673, 5.918455906979969]","23_lag_nppc2SSTjfm, 17_lag_18_median_AMOCann, 21_lag_traDS, 17_lag_24_median_amo2, 17_lag_23_median_nchinaPRjja, 17_lag_22_median_traMC_1216_17"
LRforcedPSO,13,6,traBO,picntrl,1527.5,2050.5,0.8,28,18,18,14.192125848161725,-0.0333651675986574,1216,"['18_lag_amo1', '18_lag_23_median_traIFC', '20_lag_tripol2', '18_lag_25_median_gyreSSTjfm', '18_lag_21_median_eapPSLjfm', '18_lag_27_median_stratZ50ndj01']","[1.8787359735449853, 1.7826569229692775, 1.9731746629190174, 2.3768572799741414, 1.8621646840571062, 1.7826446515433545]","18_lag_amo1, 18_lag_23_median_traIFC, 20_lag_tripol2, 18_lag_25_median_gyreSSTjfm, 18_lag_21_median_eapPSLjfm, 18_lag_27_median_stratZ50ndj01_1216_18"
LRforcedPSO,14,6,traBO,picntrl,1528.5,2050.5,0.8,29,19,19,13.562150925030746,0.3076123650475244,1216,"['19_lag_25_median_amoSSTmjjaso', '19_lag_27_median_naoPSLjfm', '19_lag_24_median_naoPSLjfm', '23_lag_traWP', '19_lag_20_median_nhSICjfm', '19_lag_28_median_traEU']","[0.2351976146169399, 1.805039795401255, 5.582503729823298, 0.18218063865962542, 1.318215224255857, 5.193362061105944]","19_lag_25_median_amoSSTmjjaso, 19_lag_27_median_naoPSLjfm, 19_lag_24_median_naoPSLjfm, 23_lag_traWP, 19_lag_20_median_nhSICjfm, 19_lag_28_median_traEU_1216_19"
LRforcedPSO,15,6,traBO,picntrl,1529.5,2050.5,0.8,30,20,20,14.738023843727495,-0.010510146983746341,1216,"['20_lag_23_median_shSICmar', '20_lag_29_median_stratZ50ndj03', '27_lag_stratZ50ndj04', '22_lag_stratZ50ndj01', '20_lag_27_median_glTSjfm', '26_lag_eapPSLjfm']","[4.946224308662619, 4.02384578605165, 0.3648247072768651, 0.6172853962303044, 0.2462148429652622, 1.5061111309467528]","20_lag_23_median_shSICmar, 20_lag_29_median_stratZ50ndj03, 27_lag_stratZ50ndj04, 22_lag_stratZ50ndj01, 20_lag_27_median_glTSjfm, 26_lag_eapPSLjfm_1216_20"
LRforcedPSO,16,6,traBO,picntrl,1530.5,2050.5,0.8,31,21,21,15.439115963848291,-0.07406376112240633,1216,"['21_lag_24_median_traDS', '21_lag_23_median_stratZ50ndj02', '26_lag_traMC', '24_lag_ginwSSTjfm', '21_lag_22_median_eurPSLjfm', '21_lag_26_median_shSICsep']","[0.14131849552331843, 1.1877732371328698, 0.9918041072714967, 5.579805365084017, 0.22669140564985568, 1.8639486482932242]","21_lag_24_median_traDS, 21_lag_23_median_stratZ50ndj02, 26_lag_traMC, 24_lag_ginwSSTjfm, 21_lag_22_median_eurPSLjfm, 21_lag_26_median_shSICsep_1216_21"
LRforcedPSO,17,6,traBO,picntrl,1531.5,2050.5,0.8,32,22,22,14.115914050772723,0.15419873260647768,1216,"['22_lag_30_median_yrvPRjja', '22_lag_25_median_traCA', '22_lag_28_median_arcTSjfm', '22_lag_26_median_traFB', '30_lag_ismPRjja', '22_lag_27_median_yrvPRjja']","[0.49967618639627176, 6.083273923947164, 1.4884151731063113, 4.872334553724144, 0.6392275469775566, 0.4818311386383378]","22_lag_30_median_yrvPRjja, 22_lag_25_median_traCA, 22_lag_28_median_arcTSjfm, 22_lag_26_median_traFB, 30_lag_ismPRjja, 22_lag_27_median_yrvPRjja_1216_22"
LRforcedPSO,18,6,traBO,picntrl,1532.5,2050.5,0.8,33,23,23,14.143733798667249,0.15818344597648015,1216,"['23_lag_28_median_traTLS', '26_lag_shSICsep', '28_lag_eurPSLjfm', '27_lag_yrvPRjja', '23_lag_26_median_amo3', '30_lag_gyreSSTjfm']","[1.1804773287586983, 0.5168650798624981, 1.0886521328235244, 1.560604219851264, 5.9133527581088625, 1.4629191857193327]","23_lag_28_median_traTLS, 26_lag_shSICsep, 28_lag_eurPSLjfm, 27_lag_yrvPRjja, 23_lag_26_median_amo3, 30_lag_gyreSSTjfm_1216_23"
LRforcedPSO,19,6,traBO,picntrl,1533.5,2050.5,0.8,34,24,24,14.290741302272307,0.07638514352582308,1216,"['24_lag_33_median_traWP', '30_lag_ginwSSTjfm', '29_lag_ensoSSTjfm', '32_lag_ismPRjja', '24_lag_30_median_cetTSjfm', '26_lag_traWP']","[2.1569185508998863, 2.0969361006862415, 2.1237344375209775, 2.096199473522219, 2.7949320266161877, 2.538953642852069]","24_lag_33_median_traWP, 30_lag_ginwSSTjfm, 29_lag_ensoSSTjfm, 32_lag_ismPRjja, 24_lag_30_median_cetTSjfm, 26_lag_traWP_1216_24"
LRforcedPSO,20,6,traBO,picntrl,1534.5,2050.5,0.8,35,25,25,14.309714594300212,0.025864314033862242,1216,"['26_lag_scpPSLjfm', '25_lag_mhfATL45', '25_lag_26_median_naoPSLjfm', '25_lag_26_median_ginwSSTjfm', '34_lag_traMC', '26_lag_glTSjfm']","[1.3013595093323627, 3.6966867018466782, 0.6250076599283396, 2.2315027510084278, 1.127583075427399, 4.724582891949263]","26_lag_scpPSLjfm, 25_lag_mhfATL45, 25_lag_26_median_naoPSLjfm, 25_lag_26_median_ginwSSTjfm, 34_lag_traMC, 26_lag_glTSjfm_1216_25"
LRforcedPSO,21,6,traBO,picntrl,1535.5,2050.5,0.8,36,26,26,14.890111520589484,0.04302153163889842,1216,"['27_lag_nppc2SSTjfm', '26_lag_34_median_tripol2', '27_lag_amo1', '26_lag_31_median_traFSC', '31_lag_traDP', '26_lag_33_median_amo1']","[1.7570244260578578, 2.23670076408971, 1.7570310147071713, 1.7570094499401416, 2.3389624645228015, 2.34267926649799]","27_lag_nppc2SSTjfm, 26_lag_34_median_tripol2, 27_lag_amo1, 26_lag_31_median_traFSC, 31_lag_traDP, 26_lag_33_median_amo1_1216_26"
LRforcedPSO,22,6,traBO,picntrl,1536.5,2050.5,0.8,37,27,27,16.40135841886916,-0.08380370904414133,1216,"['27_lag_34_median_nhTSjfm', '34_lag_amo1', '27_lag_mhfATL30', '27_lag_35_median_traEU', '27_lag_35_median_amoSSTmjjaso', '27_lag_34_median_nhSICsep']","[0.431903706569285, 2.8873450983226263, 6.486344009328082, 3.7759252739417697, 0.7408256200801837, 2.770094417493379]","27_lag_34_median_nhTSjfm, 34_lag_amo1, 27_lag_mhfATL30, 27_lag_35_median_traEU, 27_lag_35_median_amoSSTmjjaso, 27_lag_34_median_nhSICsep_1216_27"
LRforcedPSO,23,6,traBO,picntrl,1537.5,2050.5,0.8,38,28,28,13.86964009057264,0.1608443625873852,1216,"['32_lag_yrvPRjja', '31_lag_traFB', '28_lag_35_median_traBS', '28_lag_30_median_traTLS', '28_lag_31_median_alpi', '28_lag_29_median_labSSTjfm']","[0.9498235808133018, 3.0566330705322775, 2.3279827879915826, 2.869287460903747, 3.6960213802014046, 2.394557784079721]","32_lag_yrvPRjja, 31_lag_traFB, 28_lag_35_median_traBS, 28_lag_30_median_traTLS, 28_lag_31_median_alpi, 28_lag_29_median_labSSTjfm_1216_28"
LRforcedPSO,24,6,traBO,picntrl,1538.5,2050.5,0.8,39,29,29,14.10939098207926,0.17516660166938944,1216,"['29_lag_35_median_shTSjfm', '29_lag_30_median_amo2', '34_lag_tripol3', '29_lag_34_median_seurTSjfm', '36_lag_traDP', '29_lag_38_median_traFSC']","[1.7642558854400485, 1.771229289203601, 1.830818989638823, 2.2077125911069855, 2.35185657244236, 1.7791665509641346]","29_lag_35_median_shTSjfm, 29_lag_30_median_amo2, 34_lag_tripol3, 29_lag_34_median_seurTSjfm, 36_lag_traDP, 29_lag_38_median_traFSC_1216_29"
LRforcedPSO,25,6,traBO,picntrl,1539.5,2050.5,0.8,40,30,30,14.866039432800552,0.057154876031787025,1216,"['30_lag_36_median_traBO', '34_lag_pdoSSTjfm', '31_lag_traMC', '30_lag_36_median_traEU', '34_lag_traFSC', '38_lag_eapPSLjfm']","[2.5879224507115506, 0.08963171864301067, 1.8078254064794663, 2.9894893764641584, 1.3603523070862202, 1.1224771828865983]","30_lag_36_median_traBO, 34_lag_pdoSSTjfm, 31_lag_traMC, 30_lag_36_median_traEU, 34_lag_traFSC, 38_lag_eapPSLjfm_1216_30"
LRforcedPSO,26,6,traBO,picntrl,1540.5,2050.5,0.8,41,31,31,15.685439021864395,0.025676027029902345,1216,"['31_lag_37_median_nppc3SSTjfm', '38_lag_ginwSSTjfm', '31_lag_38_median_seurTSjfm', '38_lag_pdoSSTjfm', '31_lag_34_median_ismPRjja', '31_lag_33_median_nhSICjfm']","[3.81891167972476, 1.5480292593247817, 5.434592513714016, 4.7056744359461895, 1.9661398109828099, 1.3697491548689413]","31_lag_37_median_nppc3SSTjfm, 38_lag_ginwSSTjfm, 31_lag_38_median_seurTSjfm, 38_lag_pdoSSTjfm, 31_lag_34_median_ismPRjja, 31_lag_33_median_nhSICjfm_1216_31"
LRforcedPSO,27,6,traBO,picntrl,1541.5,2050.5,0.8,42,32,32,14.825987149641847,0.01665831342233044,1216,"['32_lag_37_median_nppc2SSTjfm', '32_lag_39_median_eapPSLjfm', '36_lag_nhSICjfm', '38_lag_naoPSLjfm', '32_lag_35_median_traFB', '40_lag_amo2']","[1.6563232572832618, 1.6553043623272141, 2.2070693412801754, 2.1822038382957984, 1.6553031565839564, 1.6553608953337886]","32_lag_37_median_nppc2SSTjfm, 32_lag_39_median_eapPSLjfm, 36_lag_nhSICjfm, 38_lag_naoPSLjfm, 32_lag_35_median_traFB, 40_lag_amo2_1216_32"
LRforcedPSO,28,6,traBO,picntrl,1542.5,2050.5,0.8,43,33,33,16.971580234981584,-0.18171648084701225,1216,"['41_lag_tripol3', '33_lag_traEC', '33_lag_35_median_tripol3', '42_lag_traMC', '34_lag_labSSTjfm', '33_lag_38_median_eurPSLjfm']","[6.46979886950734, 1.9859548785252752, 0.026000451013013404, 0.5851800767840203, 3.626111805883559, 5.93370099526036]","41_lag_tripol3, 33_lag_traEC, 33_lag_35_median_tripol3, 42_lag_traMC, 34_lag_labSSTjfm, 33_lag_38_median_eurPSLjfm_1216_33"
LRforcedPSO,29,6,traBO,picntrl,1543.5,2050.5,0.8,44,34,34,14.963383556495224,0.07379423937076204,1216,"['34_lag_42_median_shSICsep', '34_lag_36_median_traDS', '39_lag_arcTSjfm', '39_lag_traBS', '34_lag_43_median_amo1', '37_lag_traFSC']","[7.038132114739691, 2.115786612910762, 3.077971415524427, 0.7901001224082513, 2.183318809498907, 2.350994756545017]","34_lag_42_median_shSICsep, 34_lag_36_median_traDS, 39_lag_arcTSjfm, 39_lag_traBS, 34_lag_43_median_amo1, 37_lag_traFSC_1216_34"
LRforcedPSO,30,6,traBO,picntrl,1544.5,2050.5,0.8,45,35,35,14.903491550409907,-0.08302244888989013,1216,"['38_lag_stratZ50ndj03', '35_lag_41_median_ismPRjja', '35_lag_41_median_amo2', '35_lag_38_median_traEU', '44_lag_neurTSjfm', '35_lag_41_median_mhfATL60']","[1.094618869822284, 0.07139564556233147, 0.9111025308956044, 1.0690660165162598, 2.995609619805391, 3.1174661222780964]","38_lag_stratZ50ndj03, 35_lag_41_median_ismPRjja, 35_lag_41_median_amo2, 35_lag_38_median_traEU, 44_lag_neurTSjfm, 35_lag_41_median_mhfATL60_1216_35"
LRforcedPSO,31,6,traBO,picntrl,1545.5,2050.5,0.8,46,36,36,15.170822300627702,0.03451243319167767,1216,"['39_lag_scpPSLjfm', '44_lag_traIFC', '36_lag_39_median_cetTSjfm', '39_lag_glTSjfm', '36_lag_45_median_labSSTjfm', '36_lag_39_median_glomaSSTjfm']","[3.2239581262814436, 5.3303241250939255, 1.5298943581913598, 1.4764605897055638, 0.46413579585458997, 3.0888507508520764]","39_lag_scpPSLjfm, 44_lag_traIFC, 36_lag_39_median_cetTSjfm, 39_lag_glTSjfm, 36_lag_45_median_labSSTjfm, 36_lag_39_median_glomaSSTjfm_1216_36"
LRforcedPSO,32,6,traBO,picntrl,1546.5,2050.5,0.8,47,37,37,15.029689962209558,0.08954741065017581,1216,"['39_lag_stratZ50ndj01', '38_lag_traBS', '37_lag_mhfATL45', '43_lag_traMC', '38_lag_samPSLann', '38_lag_shSICmar']","[1.0257336791239844, 3.928692520004578, 4.784093351017045, 0.40055626044083326, 1.2949021076224447, 1.938794985515333]","39_lag_stratZ50ndj01, 38_lag_traBS, 37_lag_mhfATL45, 43_lag_traMC, 38_lag_samPSLann, 38_lag_shSICmar_1216_37"
LRforcedPSO,33,6,traBO,picntrl,1547.5,2050.5,0.8,48,38,38,15.574952973844054,-0.07071066963260637,1216,"['39_lag_satlSSTjfm', '38_lag_46_median_eapPSLjfm', '38_lag_40_median_stratZ50ndj02', '41_lag_traFS', '38_lag_45_median_satlSSTjfm', '38_lag_42_median_traBS']","[2.2868453989233384, 1.2727216617228017, 2.258241718602669, 4.927792587262001, 0.07299439851385081, 0.39845548855446467]","39_lag_satlSSTjfm, 38_lag_46_median_eapPSLjfm, 38_lag_40_median_stratZ50ndj02, 41_lag_traFS, 38_lag_45_median_satlSSTjfm, 38_lag_42_median_traBS_1216_38"
LRforcedPSO,34,6,traBO,picntrl,1548.5,2050.5,0.8,49,39,39,15.745852694309589,-0.09420531506306881,1216,"['39_lag_45_median_traTLS', '39_lag_44_median_glTSjfm', '39_lag_44_median_ensoSSTjfm', '42_lag_amo3', '39_lag_42_median_shTSjfm', '42_lag_mhfATL45']","[2.7602561135711046, 3.4788821835718604, 1.3757491510984217, 5.479034085607905, 1.0588595098518852, 4.683353456408213]","39_lag_45_median_traTLS, 39_lag_44_median_glTSjfm, 39_lag_44_median_ensoSSTjfm, 42_lag_amo3, 39_lag_42_median_shTSjfm, 42_lag_mhfATL45_1216_39"
LRforcedPSO,35,6,traBO,picntrl,1549.5,2050.5,0.8,50,40,40,15.822863462857613,-0.011913232827148757,1216,"['43_lag_mhfATL45', '49_lag_wnorPRjfm', '40_lag_41_median_atlSICsep', '40_lag_42_median_neurTSjfm', '40_lag_scpPSLjfm', '48_lag_eurPSLjfm']","[1.604704315886563, 0.8994388170181118, 0.2448407437181892, 4.573189903358394, 5.322033012118775, 3.4070327425607907]","43_lag_mhfATL45, 49_lag_wnorPRjfm, 40_lag_41_median_atlSICsep, 40_lag_42_median_neurTSjfm, 40_lag_scpPSLjfm, 48_lag_eurPSLjfm_1216_40"
LRforcedPSO,36,6,traBO,picntrl,1550.5,2050.5,0.8,51,41,41,15.750881062609773,-0.01176880814593592,1216,"['49_lag_ginwSSTjfm', '43_lag_traFSC', '45_lag_mhfATL30', '41_lag_49_median_neurTSjfm', '42_lag_traEU', '41_lag_48_median_traWP']","[2.065106973446973, 2.6914364913342865, 1.7470740398164626, 0.3245207524760474, 4.15225499378619, 0.2208597744451506]","49_lag_ginwSSTjfm, 43_lag_traFSC, 45_lag_mhfATL30, 41_lag_49_median_neurTSjfm, 42_lag_traEU, 41_lag_48_median_traWP_1216_41"
LRforcedPSO,37,6,traBO,picntrl,1551.5,2050.5,0.8,52,42,42,15.077917478404586,-0.06335859013118354,1216,"['51_lag_seurTSjfm', '42_lag_48_median_shTSjfm', '42_lag_48_median_tripol3', '47_lag_traDP', '49_lag_traBO', '47_lag_mhfATL45']","[1.3678588892085541, 1.3678599218308836, 1.3679457675281592, 1.4232970486994483, 1.8237797691094222, 1.3680533336027618]","51_lag_seurTSjfm, 42_lag_48_median_shTSjfm, 42_lag_48_median_tripol3, 47_lag_traDP, 49_lag_traBO, 47_lag_mhfATL45_1216_42"
LRforcedPSO,38,6,traBO,picntrl,1552.5,2050.5,0.8,53,43,43,16.318974504146325,-0.0695772119703267,1216,"['43_lag_49_median_amo1', '52_lag_traEU', '43_lag_46_median_amo3', '43_lag_mhfATL30', '43_lag_stratZ50ndj03', '44_lag_nppc3SSTjfm']","[4.26661397181363, 0.26131979311952236, 5.066207042132005, 1.5041594346444658, 5.021402623304299, 3.1189853402398384]","43_lag_49_median_amo1, 52_lag_traEU, 43_lag_46_median_amo3, 43_lag_mhfATL30, 43_lag_stratZ50ndj03, 44_lag_nppc3SSTjfm_1216_43"
LRforcedPSO,39,6,traBO,picntrl,1553.5,2050.5,0.8,54,44,44,15.168957548591761,-0.05218168328111801,1216,"['49_lag_AMOCann', '50_lag_traFSC', '51_lag_satlSSTjfm', '44_lag_50_median_traTLS', '49_lag_nppc3SSTjfm', '47_lag_traFS']","[2.041487600700485, 1.5590892895350181, 1.6338325318968123, 1.8255355185379152, 1.536185526471457, 2.0482187338524764]","49_lag_AMOCann, 50_lag_traFSC, 51_lag_satlSSTjfm, 44_lag_50_median_traTLS, 49_lag_nppc3SSTjfm, 47_lag_traFS_1216_44"
LRforcedPSO,40,6,traBO,picntrl,1554.5,2050.5,0.8,55,45,45,16.149329958512975,-0.3064234839394073,1216,"['45_lag_nchinaPRjja', '49_lag_seurTSjfm', '45_lag_53_median_scpPSLjfm', '47_lag_labSSTjfm', '45_lag_54_median_traFS', '45_lag_47_median_scpPSLjfm']","[0.0727098134780384, 4.047455072233374, 3.3750429554953287, 0.2570406934418923, 2.570843727431953, 0.8760488788525915]","45_lag_nchinaPRjja, 49_lag_seurTSjfm, 45_lag_53_median_scpPSLjfm, 47_lag_labSSTjfm, 45_lag_54_median_traFS, 45_lag_47_median_scpPSLjfm_1216_45"
LRforcedPSO,41,6,traBO,picntrl,1555.5,2050.5,0.8,56,46,46,16.143239070689482,0.0030816909462731933,1216,"['46_lag_50_median_shSICmar', '50_lag_traBO', '47_lag_atlSICjfm', '49_lag_mhfIP30', '47_lag_stratZ50ndj02', '53_lag_satlSSTjfm']","[3.1717890361287218, 7.663175366937754, 1.215789083477226, 0.7513133583714584, 1.7775712257629799, 2.83212681283832]","46_lag_50_median_shSICmar, 50_lag_traBO, 47_lag_atlSICjfm, 49_lag_mhfIP30, 47_lag_stratZ50ndj02, 53_lag_satlSSTjfm_1216_46"
LRforcedPSO,42,6,traBO,picntrl,1556.5,2050.5,0.8,57,47,47,15.269014565267117,-0.018494763651406024,1216,"['52_lag_nhSICjfm', '47_lag_50_median_traTLS', '47_lag_50_median_eapPSLjfm', '47_lag_49_median_traDP', '49_lag_traCA', '52_lag_mhfATL60']","[1.9179296425058403, 1.9113782118831757, 2.529978147664571, 2.5413315435562134, 2.4536077181684517, 2.298909927557477]","52_lag_nhSICjfm, 47_lag_50_median_traTLS, 47_lag_50_median_eapPSLjfm, 47_lag_49_median_traDP, 49_lag_traCA, 52_lag_mhfATL60_1216_47"
LRforcedPSO,43,6,traBO,picntrl,1557.5,2050.5,0.8,58,48,48,14.084018347418272,0.17046549592516283,1216,"['48_lag_51_median_yrvPRjja', '53_lag_stratZ50ndj01', '48_lag_54_median_mhfATL45', '52_lag_shSICmar', '48_lag_53_median_pdoSSTjfm', '57_lag_ismPRjja']","[2.027142596911928, 1.541854733972158, 2.030589687546982, 1.6044324338867786, 1.9409144238731373, 1.5324745988683146]","48_lag_51_median_yrvPRjja, 53_lag_stratZ50ndj01, 48_lag_54_median_mhfATL45, 52_lag_shSICmar, 48_lag_53_median_pdoSSTjfm, 57_lag_ismPRjja_1216_48"
LRforcedPSO,44,6,traBO,picntrl,1558.5,2050.5,0.8,59,49,49,14.561392215722405,-0.03165593443480533,1216,"['55_lag_traEC', '50_lag_traMC', '57_lag_shTSjfm', '49_lag_55_median_gyreSSTjfm', '49_lag_54_median_seurTSjfm', '56_lag_atlSICsep']","[2.3200661011067787, 3.470975481471486, 1.2737327281976434, 2.7612344264890094, 0.8398871564555996, 1.9420524401876271]","55_lag_traEC, 50_lag_traMC, 57_lag_shTSjfm, 49_lag_55_median_gyreSSTjfm, 49_lag_54_median_seurTSjfm, 56_lag_atlSICsep_1216_49"
LRforcedPSO,45,6,traBO,picntrl,1559.5,2050.5,0.8,60,50,50,15.270405201582895,-0.23604794932353304,1216,"['50_lag_59_median_tripol1', '50_lag_56_median_satlSSTjfm', '58_lag_alpi', '50_lag_53_median_yrvPRjja', '54_lag_traFSC', '50_lag_58_median_mhfATL45']","[1.3107598031046237, 1.6789427034980011, 1.3111787799545367, 1.3112639813038969, 1.7476777577315814, 1.7476797361861136]","50_lag_59_median_tripol1, 50_lag_56_median_satlSSTjfm, 58_lag_alpi, 50_lag_53_median_yrvPRjja, 54_lag_traFSC, 50_lag_58_median_mhfATL45_1216_50"
LRforcedPSO,46,6,traBO,picntrl,1560.5,2050.5,0.8,61,51,51,15.304598451062608,-0.07837733660647266,1216,"['51_lag_56_median_samPSLann', '52_lag_traCA', '51_lag_53_median_traEU', '51_lag_58_median_alpi', '51_lag_60_median_AMOCann', '57_lag_ormenSSTjfm']","[2.8841228528099356, 2.245015198857537, 2.6508910865815576, 2.856957605875325, 2.838005459945851, 2.172158087690407]","51_lag_56_median_samPSLann, 52_lag_traCA, 51_lag_53_median_traEU, 51_lag_58_median_alpi, 51_lag_60_median_AMOCann, 57_lag_ormenSSTjfm_1216_51"
LRforcedPSO,47,6,traBO,picntrl,1561.5,2050.5,0.8,62,52,52,15.533805586680325,-0.14506502272325172,1216,"['52_lag_53_median_traFS', '56_lag_cetTSjfm', '57_lag_mhfATL45', '52_lag_56_median_traMC', '52_lag_56_median_stratZ50ndj02', '52_lag_54_median_traWP']","[3.5395769324433104, 2.0200197908622854, 3.2083106353148345, 0.5274064499735651, 2.453137041243809, 2.2432172322197053]","52_lag_53_median_traFS, 56_lag_cetTSjfm, 57_lag_mhfATL45, 52_lag_56_median_traMC, 52_lag_56_median_stratZ50ndj02, 52_lag_54_median_traWP_1216_52"
LRforcedPSO,48,6,traBO,picntrl,1562.5,2050.5,0.8,63,53,53,17.55173068747255,-0.11968542112006754,1216,"['55_lag_yrvPRjja', '56_lag_traTLS', '53_lag_62_median_atlSICsep', '53_lag_55_median_glomaSSTjfm', '53_lag_amo1', '53_lag_60_median_eapPSLjfm']","[4.345925081866309, 1.3386732566618953, 2.3578573898824047, 0.29533412816146054, 3.23194893819106, 5.945539575551994]","55_lag_yrvPRjja, 56_lag_traTLS, 53_lag_62_median_atlSICsep, 53_lag_55_median_glomaSSTjfm, 53_lag_amo1, 53_lag_60_median_eapPSLjfm_1216_53"
LRforcedPSO,49,6,traBO,picntrl,1563.5,2050.5,0.8,64,54,54,14.623460124821468,0.017015020980528397,1216,"['54_lag_traFS', '54_lag_60_median_glomaSSTjfm', '54_lag_58_median_neurTSjfm', '55_lag_traFS', '54_lag_58_median_shSICsep', '54_lag_58_median_traIFC']","[1.473690587819351, 1.120083124013126, 1.4934437088145711, 1.4786040035525907, 1.1918353065197462, 1.321695295151899]","54_lag_traFS, 54_lag_60_median_glomaSSTjfm, 54_lag_58_median_neurTSjfm, 55_lag_traFS, 54_lag_58_median_shSICsep, 54_lag_58_median_traIFC_1216_54"
LRforcedPSO,50,6,traBO,picntrl,1564.5,2050.5,0.8,65,55,55,15.018777341319401,-0.028459562211832212,1216,"['55_lag_61_median_traEU', '58_lag_atlSICjfm', '55_lag_57_median_traFB', '55_lag_56_median_nhTSjfm', '55_lag_glomaSSTjfm', '55_lag_61_median_amo1']","[2.034073245574878, 2.3392063866847885, 2.2857232790604027, 2.116127182528185, 1.790038598707996, 1.7544604377276063]","55_lag_61_median_traEU, 58_lag_atlSICjfm, 55_lag_57_median_traFB, 55_lag_56_median_nhTSjfm, 55_lag_glomaSSTjfm, 55_lag_61_median_amo1_1216_55"
LRforcedPSO,51,6,traBO,picntrl,1565.5,2050.5,0.8,66,56,56,14.944837347351209,0.00308719022712952,1216,"['56_lag_57_median_pdoSSTjfm', '56_lag_60_median_satlSSTjfm', '56_lag_60_median_traEC', '56_lag_shSICmar', '56_lag_65_median_samPSLann', '63_lag_glomaSSTjfm']","[3.0321467227403076, 0.4421049572605611, 1.7768698946666266, 1.4191204915674849, 0.5930857388172512, 0.24577084585965459]","56_lag_57_median_pdoSSTjfm, 56_lag_60_median_satlSSTjfm, 56_lag_60_median_traEC, 56_lag_shSICmar, 56_lag_65_median_samPSLann, 63_lag_glomaSSTjfm_1216_56"
LRforcedPSO,52,6,traBO,picntrl,1566.5,2050.5,0.8,67,57,57,15.12416771774622,-0.03338156987220241,1216,"['57_lag_61_median_AMOCann', '64_lag_traIFC', '57_lag_65_median_shTSjfm', '59_lag_labSSTjfm', '62_lag_tripol2', '64_lag_eurPSLjfm']","[1.9601199180987754, 1.5614100438019447, 1.6508076885406449, 1.5605629304380293, 1.9152286074744, 1.5097663806562038]","57_lag_61_median_AMOCann, 64_lag_traIFC, 57_lag_65_median_shTSjfm, 59_lag_labSSTjfm, 62_lag_tripol2, 64_lag_eurPSLjfm_1216_57"
LRforcedPSO,53,6,traBO,picntrl,1567.5,2050.5,0.8,68,58,58,15.223993598252765,-0.01745003114947007,1216,"['64_lag_nhSICjfm', '63_lag_nhTSjfm', '60_lag_traFB', '66_lag_ismPRjja', '58_lag_67_median_traIFC', '63_lag_traEC']","[1.8148535717629066, 2.280530442374178, 3.0312372774031227, 3.5911667298541197, 3.152977916265785, 1.6779018932189498]","64_lag_nhSICjfm, 63_lag_nhTSjfm, 60_lag_traFB, 66_lag_ismPRjja, 58_lag_67_median_traIFC, 63_lag_traEC_1216_58"
LRforcedPSO,54,6,traBO,picntrl,1568.5,2050.5,0.8,69,59,59,14.44033368647643,0.13554532998145227,1216,"['59_lag_61_median_eurPSLjfm', '61_lag_shSICmar', '59_lag_67_median_nppc2SSTjfm', '59_lag_66_median_shSICmar', '67_lag_naoPSLjfm', '59_lag_65_median_traMC']","[1.5457717165505525, 1.9703490455687263, 0.3429906512901919, 4.027010504539918, 3.7409329927156563, 4.988310228383446]","59_lag_61_median_eurPSLjfm, 61_lag_shSICmar, 59_lag_67_median_nppc2SSTjfm, 59_lag_66_median_shSICmar, 67_lag_naoPSLjfm, 59_lag_65_median_traMC_1216_59"
LRforcedPSO,55,6,traBO,picntrl,1569.5,2050.5,0.8,70,60,60,16.106871768156125,-0.001229609255360269,1216,"['67_lag_stratZ50ndj03', '60_lag_63_median_arcTSjfm', '62_lag_nchinaPRjja', '60_lag_62_median_satlSSTjfm', '68_lag_atlSICjfm', '62_lag_traMC']","[0.542429705887864, 3.7255638473736745, 0.8332592487343842, 5.415362639624647, 4.596557084855423, 2.6452015335763646]","67_lag_stratZ50ndj03, 60_lag_63_median_arcTSjfm, 62_lag_nchinaPRjja, 60_lag_62_median_satlSSTjfm, 68_lag_atlSICjfm, 62_lag_traMC_1216_60"
LRforcedPSO,56,6,traBO,picntrl,1570.5,2050.5,0.8,71,61,61,13.986246077431696,0.18495873969038973,1216,"['70_lag_eurPSLjfm', '61_lag_65_median_nhSICsep', '70_lag_traWP', '61_lag_70_median_traFS', '61_lag_68_median_gyreSSTjfm', '61_lag_65_median_eurPSLjfm']","[0.3221749438518806, 1.974600297467397, 1.0508418335200496, 3.696659611091551, 5.2583401894441195, 0.9286171870660969]","70_lag_eurPSLjfm, 61_lag_65_median_nhSICsep, 70_lag_traWP, 61_lag_70_median_traFS, 61_lag_68_median_gyreSSTjfm, 61_lag_65_median_eurPSLjfm_1216_61"
LRforcedPSO,57,6,traBO,picntrl,1571.5,2050.5,0.8,72,62,62,14.618728155273653,-0.1902001848523845,1216,"['65_lag_traMC', '64_lag_tripol2', '62_lag_64_median_traEU', '64_lag_traIT', '67_lag_arcTSjfm', '66_lag_tripol1']","[1.0922806596770966, 1.0929263367293114, 1.1930316494499813, 1.0922814518262447, 1.4563731717693198, 1.4477407631262615]","65_lag_traMC, 64_lag_tripol2, 62_lag_64_median_traEU, 64_lag_traIT, 67_lag_arcTSjfm, 66_lag_tripol1_1216_62"
LRforcedPSO,58,6,traBO,picntrl,1572.5,2050.5,0.8,73,63,63,14.820758270062889,0.029847181940585346,1216,"['63_lag_69_median_nppc3SSTjfm', '63_lag_66_median_mhfATL45', '63_lag_72_median_nppc2SSTjfm', '71_lag_eapPSLjfm', '63_lag_69_median_traEU', '63_lag_64_median_tripol1']","[2.466416407845567, 2.76873146341694, 2.0767075920997007, 2.156097823939775, 2.08036544486272, 2.0869854597090503]","63_lag_69_median_nppc3SSTjfm, 63_lag_66_median_mhfATL45, 63_lag_72_median_nppc2SSTjfm, 71_lag_eapPSLjfm, 63_lag_69_median_traEU, 63_lag_64_median_tripol1_1216_63"
LRforcedPSO,59,6,traBO,picntrl,1573.5,2050.5,0.8,74,64,64,15.219245717874756,-0.10732976722044757,1216,"['64_lag_71_median_samPSLann', '64_lag_70_median_tripol3', '64_lag_73_median_amo3', '64_lag_67_median_traBO', '64_lag_72_median_neurTSjfm', '64_lag_68_median_atlSICsep']","[4.216782108247884, 0.15581209912313376, 4.358547996991755, 1.5449160386373713, 0.9196897828922523, 1.0012236568215105]","64_lag_71_median_samPSLann, 64_lag_70_median_tripol3, 64_lag_73_median_amo3, 64_lag_67_median_traBO, 64_lag_72_median_neurTSjfm, 64_lag_68_median_atlSICsep_1216_64"
LRforcedPSO,60,6,traBO,picntrl,1574.5,2050.5,0.8,75,65,65,16.46108913487703,-0.09055478505076037,1216,"['68_lag_traEU', '65_lag_70_median_tripol1', '72_lag_naoPSLjfm', '65_lag_66_median_ormenSSTjfm', '67_lag_traEU', '65_lag_68_median_stratZ50ndj01']","[1.5893482472923814, 3.574095319651313, 0.03055415455990307, 5.346196929546765, 2.5616836355271166, 0.6830935245242369]","68_lag_traEU, 65_lag_70_median_tripol1, 72_lag_naoPSLjfm, 65_lag_66_median_ormenSSTjfm, 67_lag_traEU, 65_lag_68_median_stratZ50ndj01_1216_65"
LRforcedPSO,61,6,traBO,picntrl,1575.5,2050.5,0.8,76,66,66,14.865913581577766,-0.08147800370569805,1216,"['66_lag_70_median_atlSICjfm', '70_lag_tripol2', '71_lag_cetTSjfm', '66_lag_68_median_amo1', '75_lag_nppc2SSTjfm', '70_lag_mhfIP30']","[2.0192660474850186, 2.850622920475786, 0.49563534942262066, 2.2241001189459597, 2.9612341763740613, 0.18835224227077774]","66_lag_70_median_atlSICjfm, 70_lag_tripol2, 71_lag_cetTSjfm, 66_lag_68_median_amo1, 75_lag_nppc2SSTjfm, 70_lag_mhfIP30_1216_66"
LRforcedPSO,62,6,traBO,picntrl,1576.5,2050.5,0.8,77,67,67,16.08216467614345,-0.11676767162871746,1216,"['67_lag_68_median_ginwSSTjfm', '75_lag_shSICmar', '67_lag_69_median_amo1', '67_lag_76_median_traCA', '75_lag_naoPSLjfm', '67_lag_71_median_traFS']","[2.3474153677545946, 4.518086491046985, 0.16517649375357557, 1.2987778357503004, 5.637612001702747, 0.43419207049549513]","67_lag_68_median_ginwSSTjfm, 75_lag_shSICmar, 67_lag_69_median_amo1, 67_lag_76_median_traCA, 75_lag_naoPSLjfm, 67_lag_71_median_traFS_1216_67"
LRforcedPSO,63,6,traBO,picntrl,1577.5,2050.5,0.8,78,68,68,14.579101717430355,0.10504569069113259,1216,"['68_lag_73_median_pdoSSTjfm', '74_lag_nppc2SSTjfm', '69_lag_traIT', '68_lag_75_median_nppc2SSTjfm', '68_lag_73_median_traFB', '77_lag_glTSjfm']","[2.0426896043220566, 2.4269696456658307, 4.019321244558775, 5.7820173555696215, 1.8410796071279343, 4.537714057927154]","68_lag_73_median_pdoSSTjfm, 74_lag_nppc2SSTjfm, 69_lag_traIT, 68_lag_75_median_nppc2SSTjfm, 68_lag_73_median_traFB, 77_lag_glTSjfm_1216_68"
LRforcedPSO,64,6,traBO,picntrl,1578.5,2050.5,0.8,79,69,69,16.16870258716645,0.02907016420636297,1216,"['69_lag_76_median_cetTSjfm', '74_lag_traDP', '76_lag_tripol1', '69_lag_72_median_traFB', '69_lag_74_median_atlSICjfm', '69_lag_77_median_stratZ50ndj01']","[0.7440279472177878, 6.119278649910365, 5.863698365852903, 2.472334126623325, 3.552963492147896, 0.8379638095256929]","69_lag_76_median_cetTSjfm, 74_lag_traDP, 76_lag_tripol1, 69_lag_72_median_traFB, 69_lag_74_median_atlSICjfm, 69_lag_77_median_stratZ50ndj01_1216_69"
LRforcedPSO,65,6,traBO,picntrl,1579.5,2050.5,0.8,80,70,70,15.08567822037948,0.21537823635440353,1216,"['70_lag_78_median_mhfATL30', '70_lag_78_median_stratZ50ndj02', '70_lag_72_median_alpi', '70_lag_74_median_amoSSTmjjaso', '70_lag_74_median_glomaSSTjfm', '75_lag_nppc2SSTjfm']","[3.197178054950493, 3.9670614826353283, 0.059373371510513806, 1.2749053883742256, 3.8997407818052254, 1.3251696510353224]","70_lag_78_median_mhfATL30, 70_lag_78_median_stratZ50ndj02, 70_lag_72_median_alpi, 70_lag_74_median_amoSSTmjjaso, 70_lag_74_median_glomaSSTjfm, 75_lag_nppc2SSTjfm_1216_70"
LRforcedPSO,66,6,traBO,picntrl,1580.5,2050.5,0.8,81,71,71,16.452309925223545,-0.11467234790465129,1216,"['80_lag_traBO', '78_lag_neurTSjfm', '71_lag_77_median_stratZ50ndj03', '79_lag_nhSICsep', '71_lag_77_median_nppc3SSTjfm', '71_lag_78_median_seurTSjfm']","[0.9262318588435932, 7.622354487697458, 0.47284664858464787, 0.4702986900390904, 1.9902405923333237, 0.7111765444225053]","80_lag_traBO, 78_lag_neurTSjfm, 71_lag_77_median_stratZ50ndj03, 79_lag_nhSICsep, 71_lag_77_median_nppc3SSTjfm, 71_lag_78_median_seurTSjfm_1216_71"
LRforcedPSO,67,6,traBO,picntrl,1581.5,2050.5,0.8,82,72,72,14.926803486683657,0.04183771922968765,1216,"['78_lag_mhfIP30', '72_lag_80_median_amo3', '72_lag_80_median_samPSLann', '75_lag_traWP', '74_lag_ensoSSTjfm', '72_lag_76_median_amoSSTmjjaso']","[2.4914061604121525, 0.2904344807742376, 3.108523496400344, 0.7247318291516951, 3.1984046107328368, 1.9868622865727144]","78_lag_mhfIP30, 72_lag_80_median_amo3, 72_lag_80_median_samPSLann, 75_lag_traWP, 74_lag_ensoSSTjfm, 72_lag_76_median_amoSSTmjjaso_1216_72"
LRforcedPSO,68,6,traBO,picntrl,1582.5,2050.5,0.8,83,73,73,14.945532877207501,-0.062053870040462235,1216,"['73_lag_76_median_shSICmar', '79_lag_traWP', '77_lag_traFB', '78_lag_ensoSSTjfm', '77_lag_neurTSjfm', '73_lag_81_median_glomaSSTjfm']","[1.8447874364209234, 1.3835917591450932, 1.8363405529876677, 1.3835905773161803, 1.3838747956680857, 1.3835931276185307]","73_lag_76_median_shSICmar, 79_lag_traWP, 77_lag_traFB, 78_lag_ensoSSTjfm, 77_lag_neurTSjfm, 73_lag_81_median_glomaSSTjfm_1216_73"
LRforcedPSO,69,6,traBO,picntrl,1583.5,2050.5,0.8,84,74,74,15.813000671431983,-0.06406165840745116,1216,"['74_lag_81_median_seurTSjfm', '77_lag_nchinaPRjja', '74_lag_79_median_samPSLann', '74_lag_77_median_atlSICsep', '75_lag_ismPRjja', '80_lag_mhfATL45']","[2.7958330996944696, 1.0736837262049619, 0.2522447377464925, 2.0889889440873493, 5.329867324608076, 3.517874894747548]","74_lag_81_median_seurTSjfm, 77_lag_nchinaPRjja, 74_lag_79_median_samPSLann, 74_lag_77_median_atlSICsep, 75_lag_ismPRjja, 80_lag_mhfATL45_1216_74"
LRforcedPSO,70,6,traBO,picntrl,1584.5,2050.5,0.8,85,75,75,15.256244380681578,-0.06908910050563148,1216,"['80_lag_cetTSjfm', '75_lag_traWP', '84_lag_ormenSSTjfm', '75_lag_76_median_ensoSSTjfm', '83_lag_traCA', '78_lag_traDP']","[2.9853797089403216, 0.4689230091008554, 2.267844728215243, 1.221688032358042, 1.301107737977464, 1.7648839559068659]","80_lag_cetTSjfm, 75_lag_traWP, 84_lag_ormenSSTjfm, 75_lag_76_median_ensoSSTjfm, 83_lag_traCA, 78_lag_traDP_1216_75"
LRforcedPSO,71,6,traBO,picntrl,1585.5,2050.5,0.8,86,76,76,14.495463000269082,0.07322868967914399,1216,"['78_lag_eurPSLjfm', '76_lag_81_median_shSICmar', '76_lag_84_median_nhSICjfm', '76_lag_79_median_gyreSSTjfm', '83_lag_amo1', '82_lag_cetTSjfm']","[1.0256167549436384, 0.9443538806955492, 1.1029610654121176, 1.0284710106665265, 1.0196093937921256, 0.9504314066458112]","78_lag_eurPSLjfm, 76_lag_81_median_shSICmar, 76_lag_84_median_nhSICjfm, 76_lag_79_median_gyreSSTjfm, 83_lag_amo1, 82_lag_cetTSjfm_1216_76"
LRforcedPSO,72,6,traBO,picntrl,1586.5,2050.5,0.8,87,77,77,14.974392677853393,-0.09215901992624678,1216,"['77_lag_85_median_AMOCann', '77_lag_80_median_shSICmar', '77_lag_86_median_stratZ50ndj04', '77_lag_shSICmar', '77_lag_glTSjfm', '77_lag_81_median_yrvPRjja']","[2.0157596237732722, 1.5932409029799262, 1.634016943920947, 1.586620200401632, 2.055901248744219, 2.0932499023680737]","77_lag_85_median_AMOCann, 77_lag_80_median_shSICmar, 77_lag_86_median_stratZ50ndj04, 77_lag_shSICmar, 77_lag_glTSjfm, 77_lag_81_median_yrvPRjja_1216_77"
LRforcedPSO,73,6,traBO,picntrl,1587.5,2050.5,0.8,88,78,78,13.723322774445522,0.3014026111645926,1216,"['78_lag_glomaSSTjfm', '78_lag_87_median_cetTSjfm', '78_lag_84_median_traBS', '78_lag_84_median_stratZ50ndj03', '83_lag_traBS', '78_lag_84_median_samPSLann']","[1.8413608144319902, 0.6939697628767618, 5.2678366356730795, 1.137778868592589, 0.6097876071300732, 2.096743106071891]","78_lag_glomaSSTjfm, 78_lag_87_median_cetTSjfm, 78_lag_84_median_traBS, 78_lag_84_median_stratZ50ndj03, 83_lag_traBS, 78_lag_84_median_samPSLann_1216_78"
LRforcedPSO,74,6,traBO,picntrl,1588.5,2050.5,0.8,89,79,79,15.570795983178662,-0.06766433678318282,1216,"['79_lag_81_median_amo3', '79_lag_85_median_yrvPRjja', '79_lag_80_median_gyreSSTjfm', '79_lag_stratZ50ndj01', '79_lag_85_median_arcTSjfm', '79_lag_85_median_mhfIP30']","[2.2619290308875346, 1.7839394756812155, 1.4409142890627695, 1.0858247040869493, 5.8134877303931365, 5.574126369045615]","79_lag_81_median_amo3, 79_lag_85_median_yrvPRjja, 79_lag_80_median_gyreSSTjfm, 79_lag_stratZ50ndj01, 79_lag_85_median_arcTSjfm, 79_lag_85_median_mhfIP30_1216_79"
LRforcedPSO,75,6,traBO,picntrl,1589.5,2050.5,0.8,90,80,80,15.953309017260764,-0.10891612915193516,1216,"['83_lag_tripol2', '89_lag_tripol3', '80_lag_85_median_tripol3', '88_lag_atlSICjfm', '80_lag_89_median_labSSTjfm', '88_lag_traFB']","[3.795396993390142, 1.130349163990985, 4.3079118442218896, 1.2229305515493554, 2.656248076659482, 1.9195955966152578]","83_lag_tripol2, 89_lag_tripol3, 80_lag_85_median_tripol3, 88_lag_atlSICjfm, 80_lag_89_median_labSSTjfm, 88_lag_traFB_1216_80"
LRforcedPSO,76,6,traBO,picntrl,1590.5,2050.5,0.8,91,81,81,14.991593012906367,-0.14130718010831858,1216,"['81_lag_85_median_yrvPRjja', '81_lag_83_median_eapPSLjfm', '81_lag_90_median_amo3', '87_lag_ensoSSTjfm', '88_lag_scpPSLjfm', '89_lag_ensoSSTjfm']","[0.3688484144755506, 0.3736343414237595, 1.71596753751885, 4.13641838972318, 0.43550490606268255, 1.17174673545356]","81_lag_85_median_yrvPRjja, 81_lag_83_median_eapPSLjfm, 81_lag_90_median_amo3, 87_lag_ensoSSTjfm, 88_lag_scpPSLjfm, 89_lag_ensoSSTjfm_1216_81"
LRforcedPSO,77,6,traBO,picntrl,1591.5,2050.5,0.8,92,82,82,16.34329266332544,0.0408489308673972,1216,"['85_lag_glomaSSTjfm', '90_lag_nppc3SSTjfm', '82_lag_86_median_arcTSjfm', '82_lag_85_median_satlSSTjfm', '87_lag_samPSLann', '88_lag_traWP']","[3.991854404520236, 6.102984938833922, 4.695109592568784, 1.8954787285232086, 2.2063740704413837, 1.2953315446795859]","85_lag_glomaSSTjfm, 90_lag_nppc3SSTjfm, 82_lag_86_median_arcTSjfm, 82_lag_85_median_satlSSTjfm, 87_lag_samPSLann, 88_lag_traWP_1216_82"
LRforcedPSO,78,6,traBO,picntrl,1592.5,2050.5,0.8,93,83,83,13.892053201762291,0.09416564238589706,1216,"['83_lag_87_median_mhfATL30', '83_lag_88_median_mhfATL45', '90_lag_shSICsep', '92_lag_amo2', '83_lag_90_median_stratZ50ndj04', '88_lag_stratZ50ndj03']","[4.496666531376386, 0.8469727230656137, 0.24112339701758678, 3.099336698839071, 4.418701800482578, 2.078574380531057]","83_lag_87_median_mhfATL30, 83_lag_88_median_mhfATL45, 90_lag_shSICsep, 92_lag_amo2, 83_lag_90_median_stratZ50ndj04, 88_lag_stratZ50ndj03_1216_83"
LRforcedPSO,79,6,traBO,picntrl,1593.5,2050.5,0.8,94,84,84,14.195815564597112,0.00124794375016048,1216,"['84_lag_90_median_mhfATL60', '90_lag_eapPSLjfm', '87_lag_amo3', '87_lag_glTSjfm', '85_lag_traFS', '85_lag_mhfATL45']","[3.186751588596115, 0.2680750100196718, 1.9775923030069507, 1.534399233513053, 1.4614518142682247, 0.3044581558548103]","84_lag_90_median_mhfATL60, 90_lag_eapPSLjfm, 87_lag_amo3, 87_lag_glTSjfm, 85_lag_traFS, 85_lag_mhfATL45_1216_84"
LRforcedPSO,80,6,traBO,picntrl,1594.5,2050.5,0.8,95,85,85,15.175461167243872,-0.27363235213988496,1216,"['85_lag_91_median_amo3', '85_lag_92_median_stratZ50ndj02', '86_lag_traBO', '85_lag_88_median_nppc3SSTjfm', '85_lag_90_median_eurPSLjfm', '85_lag_88_median_ismPRjja']","[2.1974956454886403, 2.2783503613565337, 0.7782275212801686, 1.1336589787166922, 0.28225612994129, 1.308822722727248]","85_lag_91_median_amo3, 85_lag_92_median_stratZ50ndj02, 86_lag_traBO, 85_lag_88_median_nppc3SSTjfm, 85_lag_90_median_eurPSLjfm, 85_lag_88_median_ismPRjja_1216_85"
LRforcedPSO,81,6,traBO,picntrl,1595.5,2050.5,0.8,96,86,86,15.083117063327734,-0.0805954701559416,1216,"['86_lag_88_median_traIT', '86_lag_90_median_stratZ50ndj03', '91_lag_glTSjfm', '86_lag_95_median_atlSICsep', '86_lag_90_median_nppc2SSTjfm', '92_lag_ginwSSTjfm']","[2.5752772129537975, 2.5796815611634774, 2.30381700608065, 2.8020995505792663, 2.46144681899945, 2.1840716333184584]","86_lag_88_median_traIT, 86_lag_90_median_stratZ50ndj03, 91_lag_glTSjfm, 86_lag_95_median_atlSICsep, 86_lag_90_median_nppc2SSTjfm, 92_lag_ginwSSTjfm_1216_86"
LRforcedPSO,82,6,traBO,picntrl,1596.5,2050.5,0.8,97,87,87,14.452536039524942,-0.0006715952768007903,1216,"['93_lag_nhSICsep', '87_lag_89_median_nppc3SSTjfm', '95_lag_nppc3SSTjfm', '87_lag_90_median_mhfATL30', '87_lag_91_median_traEC', '87_lag_92_median_shSICsep']","[1.876706731851209, 1.8071967449825947, 1.8069572211033744, 2.4092762572474924, 1.8192696503479442, 1.9262340420162822]","93_lag_nhSICsep, 87_lag_89_median_nppc3SSTjfm, 95_lag_nppc3SSTjfm, 87_lag_90_median_mhfATL30, 87_lag_91_median_traEC, 87_lag_92_median_shSICsep_1216_87"
LRforcedPSO,83,6,traBO,picntrl,1597.5,2050.5,0.8,98,88,88,15.181127536484752,-0.15334641769132726,1216,"['92_lag_eapPSLjfm', '88_lag_91_median_eapPSLjfm', '90_lag_shSICsep', '88_lag_97_median_nchinaPRjja', '97_lag_ginwSSTjfm', '88_lag_91_median_glomaSSTjfm']","[0.6785026078488503, 1.5361118701173808, 2.1529573453349897, 1.512300008294634, 3.4510790155108655, 2.117028332553428]","92_lag_eapPSLjfm, 88_lag_91_median_eapPSLjfm, 90_lag_shSICsep, 88_lag_97_median_nchinaPRjja, 97_lag_ginwSSTjfm, 88_lag_91_median_glomaSSTjfm_1216_88"
LRforcedPSO,84,6,traBO,picntrl,1598.5,2050.5,0.8,99,89,89,14.829697230358907,0.11762276871091473,1216,"['98_lag_amo1', '96_lag_amo2', '89_lag_97_median_traEU', '89_lag_naoPSLjfm', '89_lag_ensoSSTjfm', '89_lag_95_median_amo1']","[1.1999676787458853, 4.560167527966854, 0.6101344375951108, 1.9266162575236923, 0.7467776214666895, 4.1731963382829385]","98_lag_amo1, 96_lag_amo2, 89_lag_97_median_traEU, 89_lag_naoPSLjfm, 89_lag_ensoSSTjfm, 89_lag_95_median_amo1_1216_89"
LRforcedPSO,85,6,traBO,picntrl,1599.5,2050.5,0.8,100,90,90,15.220907391103712,-0.06111170434745332,1216,"['92_lag_atlSICjfm', '98_lag_shTSjfm', '90_lag_99_median_stratZ50ndj01', '93_lag_satlSSTjfm', '95_lag_traEC', '93_lag_traDP']","[4.559435495982491, 3.8927086527699757, 2.3106865314636416, 0.5748855483193953, 3.8994404385666943, 1.9846837893672138]","92_lag_atlSICjfm, 98_lag_shTSjfm, 90_lag_99_median_stratZ50ndj01, 93_lag_satlSSTjfm, 95_lag_traEC, 93_lag_traDP_1216_90"
